#!ascii label  , from subject ICBM2009cNolinAsym vox2ras=TkReg
1161
59049  -41.035  -9.757  34.110 0.0000000000
149866  -22.274  -13.921  37.901 0.0000000000
56834  -30.832  -12.016  34.042 0.0000000000
81199  -48.432  9.445  9.321 0.0000000000
83499  -53.559  11.386  2.894 0.0000000000
56680  -14.484  -12.598  44.374 0.0000000000
149796  -45.449  8.043  13.442 0.0000000000
63746  -42.405  -6.318  31.157 0.0000000000
56838  -36.325  -12.343  34.119 0.0000000000
56749  -17.392  -12.529  40.387 0.0000000000
149924  -17.740  -15.634  44.867 0.0000000000
58011  -35.980  -10.843  29.351 0.0000000000
144105  -37.377  -7.875  27.821 0.0000000000
57945  -26.139  -10.876  35.356 0.0000000000
138143  -31.794  -9.201  31.013 0.0000000000
68873  -41.368  -1.355  16.435 0.0000000000
73260  -45.006  2.439  14.294 0.0000000000
75583  -48.650  4.816  11.420 0.0000000000
48964  -10.120  -19.089  48.715 0.0000000000
48892  -7.325  -20.191  52.947 0.0000000000
64812  -35.787  -5.261  26.197 0.0000000000
67731  -35.351  -3.327  23.762 0.0000000000
143474  -38.141  -3.693  19.617 0.0000000000
51211  -13.858  -17.887  46.363 0.0000000000
54476  -22.366  -14.476  41.100 0.0000000000
55614  -25.394  -13.491  40.275 0.0000000000
57968  -38.553  -11.421  33.859 0.0000000000
58988  -20.532  -10.147  38.325 0.0000000000
55623  -20.083  -14.007  38.841 0.0000000000
54463  -19.871  -14.758  41.839 0.0000000000
60141  -36.033  -9.191  31.571 0.0000000000
60177  -33.959  -10.231  30.450 0.0000000000
72101  -40.337  1.578  15.731 0.0000000000
71014  -42.828  0.510  15.274 0.0000000000
75545  -41.840  4.337  14.725 0.0000000000
77732  -45.770  6.308  11.535 0.0000000000
77757  -48.015  7.127  9.828 0.0000000000
77749  -51.142  6.246  10.245 0.0000000000
78867  -49.933  8.240  8.038 0.0000000000
80033  -51.289  8.598  6.544 0.0000000000
64778  -35.534  -5.665  30.734 0.0000000000
63768  -36.816  -6.388  27.163 0.0000000000
66717  -33.659  -4.408  29.051 0.0000000000
149514  -33.255  -1.442  24.717 0.0000000000
69873  -33.908  -0.536  22.697 0.0000000000
67776  -36.117  -2.818  21.468 0.0000000000
69897  -35.840  0.013  20.079 0.0000000000
69921  -37.554  -0.376  18.489 0.0000000000
59026  -28.304  -10.349  35.185 0.0000000000
53364  -11.911  -15.719  46.132 0.0000000000
53381  -13.487  -15.681  44.251 0.0000000000
46849  -7.492  -22.131  54.343 0.0000000000
46828  -5.888  -22.531  56.020 0.0000000000
77700  -43.139  7.252  15.078 0.0000000000
65764  -41.338  -4.639  29.682 0.0000000000
134517  -33.147  -12.612  34.296 0.0000000000
158749  -15.938  -12.344  41.933 0.0000000000
53393  -15.539  -15.707  43.097 0.0000000000
54461  -17.689  -15.151  42.164 0.0000000000
83511  -55.080  12.036  1.436 0.0000000000
59069  -38.757  -10.780  31.213 0.0000000000
60194  -39.271  -9.694  29.591 0.0000000000
60192  -37.362  -9.876  28.366 0.0000000000
59011  -22.135  -11.041  36.578 0.0000000000
56810  -24.461  -12.735  36.397 0.0000000000
60085  -24.039  -9.225  34.893 0.0000000000
61278  -26.162  -8.147  33.343 0.0000000000
60134  -28.323  -9.314  32.167 0.0000000000
61298  -30.508  -7.829  31.961 0.0000000000
57989  -30.715  -11.130  31.232 0.0000000000
56877  -33.338  -12.173  31.741 0.0000000000
56865  -36.856  -11.882  31.888 0.0000000000
66850  -42.521  -3.330  18.429 0.0000000000
76659  -43.927  5.321  13.024 0.0000000000
74447  -46.753  3.795  12.855 0.0000000000
80042  -53.090  8.465  5.399 0.0000000000
47864  -8.889  -20.227  50.600 0.0000000000
46851  -9.476  -21.535  53.666 0.0000000000
61366  -39.895  -8.093  28.848 0.0000000000
64807  -39.140  -5.699  27.456 0.0000000000
140116  -38.777  -4.085  26.959 0.0000000000
67679  -32.788  -2.885  27.509 0.0000000000
66740  -34.602  -4.139  25.025 0.0000000000
67694  -38.542  -3.660  25.817 0.0000000000
67751  -38.757  -3.073  24.484 0.0000000000
65803  -39.833  -4.380  22.106 0.0000000000
65828  -41.065  -4.593  20.641 0.0000000000
67818  -39.927  -2.846  17.895 0.0000000000
70994  -39.087  0.557  17.379 0.0000000000
57890  -27.069  -12.228  39.090 0.0000000000
52231  -10.735  -16.211  47.963 0.0000000000
50055  -11.624  -18.415  47.274 0.0000000000
52257  -16.079  -16.676  45.282 0.0000000000
45855  -4.854  -23.089  55.175 0.0000000000
54493  -22.124  -14.381  39.309 0.0000000000
55612  -23.834  -14.105  40.761 0.0000000000
134624  -23.406  -14.117  38.942 0.0000000000
59048  -40.030  -10.497  33.828 0.0000000000
56793  -21.189  -12.622  37.450 0.0000000000
56780  -19.703  -12.028  38.195 0.0000000000
55633  -20.619  -13.571  38.275 0.0000000000
54492  -21.339  -14.459  39.536 0.0000000000
74382  -40.510  3.977  16.825 0.0000000000
149167  -41.177  3.487  15.220 0.0000000000
76640  -41.316  5.419  16.048 0.0000000000
81193  -47.800  8.968  10.623 0.0000000000
78844  -47.233  7.570  10.398 0.0000000000
80010  -48.103  8.233  9.499 0.0000000000
78857  -48.937  7.875  8.863 0.0000000000
81204  -48.760  9.090  8.588 0.0000000000
81213  -49.650  9.567  7.379 0.0000000000
65762  -34.778  -5.239  30.145 0.0000000000
70901  -34.217  0.906  23.614 0.0000000000
69886  -34.755  -0.508  21.186 0.0000000000
72033  -35.860  1.523  21.046 0.0000000000
70952  -36.459  0.902  20.063 0.0000000000
57956  -29.434  -10.855  34.247 0.0000000000
57930  -30.023  -11.074  36.377 0.0000000000
140079  -30.566  -11.571  35.724 0.0000000000
54434  -13.003  -14.517  45.011 0.0000000000
55565  -13.513  -13.955  44.468 0.0000000000
82384  -53.784  10.298  3.242 0.0000000000
46838  -6.436  -22.205  55.571 0.0000000000
62554  -43.232  -6.687  32.568 0.0000000000
64781  -42.153  -5.419  30.661 0.0000000000
134983  -34.921  -12.538  34.043 0.0000000000
56828  -36.153  -12.372  35.681 0.0000000000
57874  -18.194  -11.004  39.871 0.0000000000
57873  -17.471  -11.371  40.523 0.0000000000
57846  -16.498  -11.086  42.200 0.0000000000
55610  -16.869  -13.101  40.898 0.0000000000
55601  -16.465  -13.712  41.370 0.0000000000
54481  -17.792  -14.180  40.753 0.0000000000
54452  -21.178  -14.532  42.857 0.0000000000
54451  -20.315  -14.618  43.460 0.0000000000
58005  -37.095  -11.346  30.204 0.0000000000
59088  -38.186  -10.451  29.356 0.0000000000
60191  -36.646  -9.863  28.697 0.0000000000
146058  -22.532  -8.651  37.770 0.0000000000
60069  -22.919  -9.595  36.196 0.0000000000
61239  -23.783  -7.960  36.438 0.0000000000
156070  -25.670  -7.014  34.296 0.0000000000
137926  -26.838  -6.573  33.699 0.0000000000
61295  -27.413  -7.935  32.467 0.0000000000
62548  -27.944  -7.335  32.279 0.0000000000
60120  -32.560  -9.009  33.044 0.0000000000
61299  -31.010  -8.669  31.252 0.0000000000
60156  -30.303  -9.582  30.916 0.0000000000
57990  -31.595  -11.059  30.857 0.0000000000
56875  -32.012  -11.729  31.359 0.0000000000
59068  -32.373  -10.640  30.541 0.0000000000
59078  -35.179  -10.572  29.658 0.0000000000
58002  -34.630  -11.264  30.127 0.0000000000
58004  -36.338  -11.292  29.814 0.0000000000
57995  -37.397  -11.553  31.206 0.0000000000
67828  -42.197  -2.805  17.698 0.0000000000
67820  -43.905  -2.641  18.229 0.0000000000
67835  -43.038  -1.893  16.918 0.0000000000
72117  -43.705  1.898  14.780 0.0000000000
71016  -44.612  0.572  15.396 0.0000000000
78799  -44.454  7.961  14.557 0.0000000000
77718  -43.015  6.262  13.867 0.0000000000
77719  -44.007  6.830  12.896 0.0000000000
76680  -47.857  5.325  11.124 0.0000000000
75581  -46.534  4.928  11.865 0.0000000000
75570  -47.757  4.283  12.102 0.0000000000
74430  -48.244  3.248  13.098 0.0000000000
80034  -52.237  8.480  5.953 0.0000000000
81232  -52.044  9.725  4.971 0.0000000000
81233  -52.486  9.949  4.490 0.0000000000
51172  -9.509  -18.148  49.191 0.0000000000
143570  -9.070  -17.877  50.695 0.0000000000
47881  -9.705  -20.134  49.829 0.0000000000
47839  -10.556  -20.958  52.665 0.0000000000
47817  -9.530  -20.926  55.324 0.0000000000
60206  -38.769  -9.399  28.630 0.0000000000
60207  -39.558  -8.917  29.140 0.0000000000
155097  -38.567  -7.822  27.717 0.0000000000
64805  -35.428  -5.762  27.096 0.0000000000
63770  -38.478  -6.486  27.185 0.0000000000
64814  -37.591  -5.309  26.601 0.0000000000
65779  -38.955  -4.635  27.287 0.0000000000
65786  -37.476  -4.616  26.233 0.0000000000
157533  -33.154  -0.588  28.062 0.0000000000
67745  -33.829  -2.367  23.649 0.0000000000
66753  -33.367  -3.137  25.169 0.0000000000
66755  -34.967  -3.753  24.441 0.0000000000
66741  -36.664  -3.998  25.066 0.0000000000
67713  -37.155  -3.642  24.774 0.0000000000
67734  -38.916  -3.014  25.207 0.0000000000
67749  -37.146  -3.241  23.616 0.0000000000
66828  -36.986  -3.213  20.248 0.0000000000
66784  -38.202  -3.810  22.351 0.0000000000
65812  -38.807  -4.319  20.811 0.0000000000
65814  -40.488  -4.631  21.348 0.0000000000
65839  -39.342  -4.177  19.679 0.0000000000
148971  -40.503  -4.075  19.222 0.0000000000
66847  -39.282  -3.379  18.567 0.0000000000
70970  -38.231  1.293  19.139 0.0000000000
68862  -38.559  -0.762  17.693 0.0000000000
70985  -38.874  1.020  18.163 0.0000000000
57944  -25.204  -11.359  35.317 0.0000000000
56795  -25.876  -12.659  37.780 0.0000000000
57914  -26.635  -11.551  36.926 0.0000000000
51217  -12.488  -17.290  45.809 0.0000000000
51209  -11.893  -17.422  46.247 0.0000000000
138697  -13.577  -18.232  46.994 0.0000000000
53383  -16.848  -16.015  43.940 0.0000000000
52264  -15.617  -16.595  44.430 0.0000000000
53374  -16.804  -16.249  45.392 0.0000000000
55591  -22.869  -14.203  42.891 0.0000000000
55593  -24.287  -13.921  42.460 0.0000000000
55594  -25.211  -13.727  42.715 0.0000000000
56734  -26.266  -13.165  41.836 0.0000000000
57967  -37.811  -11.811  33.872 0.0000000000
57948  -37.900  -11.833  35.437 0.0000000000
58975  -19.688  -10.004  39.214 0.0000000000
57888  -19.294  -11.187  38.681 0.0000000000
55621  -18.590  -13.489  39.683 0.0000000000
54483  -19.089  -14.426  40.377 0.0000000000
135397  -19.713  -14.351  39.692 0.0000000000
54475  -21.610  -14.574  41.258 0.0000000000
60179  -35.413  -9.784  29.643 0.0000000000
60180  -36.044  -9.460  29.199 0.0000000000
60138  -33.394  -9.254  31.991 0.0000000000
59076  -33.146  -10.350  30.451 0.0000000000
60161  -35.238  -9.484  30.644 0.0000000000
69953  -40.748  -0.014  15.811 0.0000000000
69955  -42.354  -0.172  15.597 0.0000000000
72102  -41.406  1.571  15.134 0.0000000000
73257  -42.434  2.532  14.617 0.0000000000
74412  -43.551  3.348  14.086 0.0000000000
78831  -45.555  7.103  11.778 0.0000000000
78832  -46.195  7.503  11.480 0.0000000000
77746  -46.871  6.895  10.712 0.0000000000
160095  -48.134  5.922  10.563 0.0000000000
76693  -49.579  5.638  10.588 0.0000000000
151681  -49.231  6.640  9.674 0.0000000000
77767  -49.890  7.303  8.911 0.0000000000
78860  -51.047  7.465  8.384 0.0000000000
155677  -50.409  8.383  7.500 0.0000000000
81214  -50.201  9.373  6.811 0.0000000000
48954  -12.072  -19.567  49.330 0.0000000000
48938  -11.228  -20.201  50.260 0.0000000000
48924  -12.534  -19.703  51.635 0.0000000000
63751  -36.136  -6.734  28.833 0.0000000000
62594  -37.131  -6.985  27.566 0.0000000000
64788  -35.419  -6.128  29.319 0.0000000000
64787  -34.623  -5.579  28.940 0.0000000000
65776  -33.974  -5.056  27.460 0.0000000000
70868  -33.360  0.339  26.931 0.0000000000
70886  -33.554  0.297  24.912 0.0000000000
69862  -33.656  -0.558  23.486 0.0000000000
67746  -34.282  -2.228  22.860 0.0000000000
67761  -36.006  -2.930  22.374 0.0000000000
67775  -35.076  -1.772  21.298 0.0000000000
68832  -35.413  -1.454  20.602 0.0000000000
67805  -36.672  -2.491  19.726 0.0000000000
67806  -37.207  -2.253  19.017 0.0000000000
69909  -36.866  -0.482  19.021 0.0000000000
144937  -26.818  -10.345  35.031 0.0000000000
59002  -27.357  -11.059  36.905 0.0000000000
59015  -28.336  -10.573  36.165 0.0000000000
53372  -12.430  -15.979  45.314 0.0000000000
52254  -13.509  -16.959  45.080 0.0000000000
46859  -7.282  -22.020  53.597 0.0000000000
48891  -6.829  -20.612  53.504 0.0000000000
46858  -6.768  -22.059  54.229 0.0000000000
47823  -5.578  -21.388  54.616 0.0000000000
47815  -5.209  -21.024  54.617 0.0000000000
66712  -41.199  -3.419  29.181 0.0000000000
56836  -32.442  -12.518  34.874 0.0000000000
56826  -31.841  -12.334  35.376 0.0000000000
57831  -15.662  -11.537  43.357 0.0000000000
141264  -15.264  -12.353  43.012 0.0000000000
55579  -14.520  -13.751  43.098 0.0000000000
54460  -15.499  -14.398  42.255 0.0000000000
53402  -16.058  -15.183  42.390 0.0000000000
53396  -18.131  -15.379  43.577 0.0000000000
153470  -18.576  -14.977  41.791 0.0000000000
54449  -18.826  -14.992  43.379 0.0000000000
54442  -18.799  -14.973  44.159 0.0000000000
83505  -54.525  11.740  1.955 0.0000000000
138446  -39.346  -10.599  31.989 0.0000000000
60163  -40.027  -9.678  31.269 0.0000000000
59082  -39.143  -10.181  30.317 0.0000000000
138188  -38.643  -10.027  29.124 0.0000000000
61349  -36.928  -8.288  28.365 0.0000000000
61348  -36.530  -9.007  28.746 0.0000000000
62586  -36.712  -7.491  29.369 0.0000000000
63752  -36.501  -6.948  29.567 0.0000000000
64779  -36.314  -6.112  30.943 0.0000000000
56794  -21.939  -12.558  36.975 0.0000000000
55652  -23.219  -13.259  36.938 0.0000000000
57927  -23.212  -12.108  36.082 0.0000000000
59024  -24.107  -10.826  35.066 0.0000000000
59037  -24.754  -10.326  34.522 0.0000000000
62500  -24.423  -7.572  35.723 0.0000000000
61266  -24.826  -8.528  34.251 0.0000000000
60101  -25.946  -9.497  33.832 0.0000000000
60102  -26.811  -9.578  33.814 0.0000000000
60119  -27.967  -9.684  33.104 0.0000000000
57965  -29.614  -11.044  33.336 0.0000000000
144423  -29.591  -6.456  33.748 0.0000000000
61297  -29.228  -8.215  31.403 0.0000000000
159945  -29.510  -10.609  31.880 0.0000000000
56845  -30.887  -12.027  33.134 0.0000000000
137830  -32.148  -12.402  33.028 0.0000000000
144827  -33.512  -12.553  33.350 0.0000000000
56848  -35.189  -12.475  33.209 0.0000000000
57993  -33.949  -11.568  30.601 0.0000000000
56879  -35.028  -12.194  31.504 0.0000000000
152543  -36.373  -12.187  32.596 0.0000000000
144975  -38.104  -11.591  33.101 0.0000000000
57979  -38.453  -11.303  32.475 0.0000000000
59000  -21.484  -10.615  37.281 0.0000000000
69945  -43.751  -0.834  16.187 0.0000000000
153238  -42.134  5.942  14.838 0.0000000000
155192  -43.075  4.982  13.769 0.0000000000
74426  -44.206  4.044  13.565 0.0000000000
76676  -44.857  5.802  12.237 0.0000000000
75561  -45.303  4.439  12.778 0.0000000000
137962  -45.853  3.286  13.535 0.0000000000
73273  -47.855  2.742  13.854 0.0000000000
80049  -53.558  8.814  4.710 0.0000000000
82377  -53.024  10.295  3.877 0.0000000000
83498  -53.025  12.062  3.397 0.0000000000
50006  -8.403  -18.993  51.150 0.0000000000
48908  -8.147  -19.747  51.597 0.0000000000
47851  -9.811  -20.768  50.983 0.0000000000
46875  -8.715  -21.104  51.598 0.0000000000
155834  -8.601  -21.715  52.703 0.0000000000
46850  -8.363  -21.934  54.222 0.0000000000
60182  -40.381  -9.067  30.880 0.0000000000
143935  -41.021  -7.944  30.376 0.0000000000
62588  -40.924  -7.119  29.486 0.0000000000
62602  -38.210  -7.306  27.413 0.0000000000
62596  -39.538  -7.059  27.941 0.0000000000
63753  -40.819  -6.457  29.093 0.0000000000
64790  -40.973  -5.346  29.213 0.0000000000
65771  -39.711  -4.316  27.916 0.0000000000
150552  -40.037  -3.620  27.862 0.0000000000
67672  -32.969  -2.879  28.482 0.0000000000
65775  -33.387  -4.435  27.163 0.0000000000
67692  -32.855  -2.086  26.365 0.0000000000
66738  -33.151  -3.444  25.951 0.0000000000
148159  -34.949  -4.943  25.951 0.0000000000
66731  -36.218  -4.408  25.315 0.0000000000
66733  -38.715  -3.834  26.282 0.0000000000
66783  -37.306  -3.401  22.687 0.0000000000
133065  -38.778  -3.620  23.142 0.0000000000
65842  -42.073  -4.160  19.704 0.0000000000
66849  -41.663  -3.327  18.237 0.0000000000
143203  -40.849  -1.917  16.949 0.0000000000
147968  -38.679  -1.683  17.804 0.0000000000
68863  -39.288  -1.151  17.245 0.0000000000
69941  -40.187  -0.347  16.289 0.0000000000
147209  -39.776  1.168  16.278 0.0000000000
73239  -39.914  2.741  16.792 0.0000000000
145759  -24.393  -13.566  37.822 0.0000000000
56770  -25.774  -13.217  39.656 0.0000000000
57904  -27.899  -11.760  38.230 0.0000000000
150922  -10.332  -17.759  47.980 0.0000000000
52238  -11.045  -16.580  47.140 0.0000000000
51199  -10.931  -17.601  47.202 0.0000000000
50040  -11.286  -18.909  48.007 0.0000000000
50031  -12.675  -19.215  49.010 0.0000000000
53391  -13.915  -15.179  43.649 0.0000000000
52263  -14.707  -16.619  44.361 0.0000000000
51220  -14.892  -17.310  45.635 0.0000000000
45843  -5.839  -22.725  57.333 0.0000000000
156630  -5.130  -23.066  55.832 0.0000000000
46835  -4.399  -21.766  54.407 0.0000000000
141090  -41.041  -9.488  33.335 0.0000000000
54501  -22.583  -14.213  38.718 0.0000000000
55635  -23.141  -13.956  38.095 0.0000000000
60126  -40.501  -10.042  33.537 0.0000000000
55642  -21.705  -13.340  37.522 0.0000000000
55641  -21.066  -13.245  37.831 0.0000000000
55634  -21.396  -13.832  38.139 0.0000000000
54500  -21.769  -14.208  38.700 0.0000000000
75526  -40.929  4.626  17.359 0.0000000000
75532  -40.867  4.698  16.435 0.0000000000
76634  -41.272  5.413  17.004 0.0000000000
81194  -48.276  9.657  10.148 0.0000000000
81198  -48.049  8.884  9.760 0.0000000000
149561  -48.345  8.779  9.179 0.0000000000
158209  -35.149  1.496  21.881 0.0000000000
57957  -30.075  -11.490  34.090 0.0000000000
57946  -29.926  -11.226  34.943 0.0000000000
154680  -30.519  -11.694  34.760 0.0000000000
55566  -13.939  -13.175  44.880 0.0000000000
139620  -14.120  -13.415  43.968 0.0000000000
81245  -54.552  9.946  2.816 0.0000000000
82388  -54.180  10.914  2.567 0.0000000000
64771  -42.741  -5.406  31.372 0.0000000000
63745  -41.769  -6.315  30.250 0.0000000000
56837  -35.611  -12.464  33.889 0.0000000000
153370  -35.606  -12.463  34.780 0.0000000000
138800  -36.414  -12.328  34.922 0.0000000000
56750  -17.959  -12.061  39.821 0.0000000000
56732  -16.776  -12.130  40.984 0.0000000000
55611  -17.559  -13.481  40.490 0.0000000000
59079  -36.784  -10.969  29.409 0.0000000000
146097  -36.462  -10.495  29.007 0.0000000000
61228  -23.166  -8.196  37.324 0.0000000000
146339  -27.667  -5.943  34.626 0.0000000000
159434  -27.008  -6.189  34.276 0.0000000000
63696  -27.517  -6.281  33.822 0.0000000000
63725  -27.793  -6.844  32.752 0.0000000000
63712  -28.033  -6.458  33.277 0.0000000000
60137  -32.625  -9.083  31.805 0.0000000000
60136  -31.914  -8.707  32.122 0.0000000000
60157  -31.086  -9.566  30.726 0.0000000000
59067  -31.667  -10.070  30.572 0.0000000000
58003  -35.582  -11.301  29.892 0.0000000000
67833  -41.661  -1.880  16.837 0.0000000000
67834  -42.266  -2.164  17.091 0.0000000000
68874  -42.310  -1.510  16.489 0.0000000000
72118  -44.578  1.887  14.734 0.0000000000
73261  -45.877  2.325  14.281 0.0000000000
78817  -44.863  8.029  14.000 0.0000000000
78816  -43.986  7.470  13.780 0.0000000000
78823  -44.613  7.515  13.017 0.0000000000
148064  -48.008  4.682  11.634 0.0000000000
74460  -48.482  4.265  11.995 0.0000000000
82375  -51.873  10.420  4.763 0.0000000000
152724  -9.649  -18.828  49.011 0.0000000000
50030  -9.238  -18.852  49.586 0.0000000000
48952  -9.720  -19.513  49.316 0.0000000000
61363  -37.622  -8.637  27.895 0.0000000000
61364  -38.483  -8.590  27.993 0.0000000000
61379  -37.994  -7.974  27.687 0.0000000000
63767  -36.337  -5.784  26.751 0.0000000000
64813  -36.808  -5.218  26.318 0.0000000000
154576  -34.505  -2.812  23.373 0.0000000000
67730  -34.268  -3.179  23.991 0.0000000000
67712  -36.083  -3.750  24.501 0.0000000000
67732  -36.583  -3.444  24.102 0.0000000000
67748  -36.122  -3.190  23.266 0.0000000000
144397  -37.594  -3.583  20.071 0.0000000000
66813  -38.133  -3.950  20.429 0.0000000000
65826  -39.439  -4.411  20.316 0.0000000000
65825  -38.759  -4.155  19.998 0.0000000000
147663  -38.886  -3.819  19.253 0.0000000000
66846  -38.271  -3.146  18.807 0.0000000000
57928  -25.814  -11.634  36.110 0.0000000000
57929  -26.640  -11.081  36.257 0.0000000000
51218  -13.215  -17.477  45.678 0.0000000000
51210  -12.815  -17.955  46.348 0.0000000000
51201  -13.876  -18.436  47.833 0.0000000000
51202  -14.383  -17.968  47.262 0.0000000000
53384  -17.590  -15.719  44.161 0.0000000000
140383  -17.167  -15.971  44.751 0.0000000000
48893  -7.816  -19.368  52.481 0.0000000000
49978  -7.516  -18.997  53.330 0.0000000000
62553  -42.595  -7.359  32.224 0.0000000000
54466  -22.553  -14.383  42.029 0.0000000000
55582  -23.636  -14.015  43.109 0.0000000000
55592  -23.437  -14.130  42.252 0.0000000000
55613  -24.544  -13.860  40.208 0.0000000000
55604  -24.474  -13.888  41.027 0.0000000000
146024  -25.016  -13.690  40.871 0.0000000000
55606  -25.616  -13.511  41.982 0.0000000000
56733  -25.711  -13.392  41.143 0.0000000000
57959  -38.267  -11.644  34.658 0.0000000000
58977  -20.946  -9.337  39.093 0.0000000000
55632  -19.818  -13.135  38.418 0.0000000000
56769  -19.088  -12.435  38.716 0.0000000000
56768  -18.505  -12.735  39.352 0.0000000000
55622  -19.197  -13.557  39.136 0.0000000000
54490  -18.962  -14.028  39.791 0.0000000000
152939  -21.887  -14.550  40.745 0.0000000000
54485  -21.407  -14.586  40.465 0.0000000000
158541  -22.075  -14.504  41.624 0.0000000000
54465  -21.733  -14.531  42.075 0.0000000000
60162  -35.978  -9.139  30.306 0.0000000000
60140  -35.726  -9.323  32.509 0.0000000000
71012  -40.975  0.671  15.505 0.0000000000
73256  -41.632  2.553  14.910 0.0000000000
74410  -42.052  3.294  14.623 0.0000000000
154025  -42.772  3.083  14.350 0.0000000000
74411  -42.640  3.828  14.218 0.0000000000
79980  -46.047  7.835  12.128 0.0000000000
79993  -46.732  8.124  11.606 0.0000000000
78849  -47.787  7.618  9.869 0.0000000000
146867  -47.507  6.980  10.230 0.0000000000
76691  -47.350  6.186  10.680 0.0000000000
77747  -48.018  6.537  10.148 0.0000000000
77748  -48.834  6.175  10.193 0.0000000000
77758  -48.571  6.891  9.699 0.0000000000
78858  -49.537  7.787  8.616 0.0000000000
78859  -50.269  7.633  8.455 0.0000000000
78868  -50.691  7.904  7.866 0.0000000000
149624  -49.537  10.370  7.510 0.0000000000
64789  -36.123  -6.403  30.009 0.0000000000
65761  -34.129  -4.781  29.571 0.0000000000
64804  -34.606  -5.570  27.779 0.0000000000
70915  -33.965  0.179  23.155 0.0000000000
70900  -33.743  0.226  23.992 0.0000000000
68809  -33.734  -1.154  23.070 0.0000000000
68810  -34.075  -1.390  22.412 0.0000000000
67759  -34.694  -2.030  22.074 0.0000000000
68821  -34.563  -1.248  21.588 0.0000000000
69887  -35.167  0.199  20.807 0.0000000000
68831  -34.956  -1.134  20.998 0.0000000000
68843  -35.792  -1.009  19.957 0.0000000000
68844  -35.975  -1.922  20.117 0.0000000000
68845  -36.511  -1.462  19.361 0.0000000000
157710  -36.287  -0.549  19.548 0.0000000000
150885  -37.081  1.013  19.690 0.0000000000
59040  -27.365  -10.029  34.583 0.0000000000
59025  -27.600  -10.435  35.617 0.0000000000
57931  -30.593  -11.435  36.760 0.0000000000
57916  -29.884  -10.981  37.147 0.0000000000
53373  -12.911  -15.386  44.809 0.0000000000
54433  -12.476  -15.087  45.539 0.0000000000
52261  -13.077  -16.220  44.808 0.0000000000
46848  -6.162  -22.134  54.698 0.0000000000
46837  -5.559  -22.286  54.899 0.0000000000
65747  -42.384  -4.559  31.061 0.0000000000
157365  -41.677  -3.685  30.256 0.0000000000
66713  -41.367  -3.831  29.803 0.0000000000
133736  -33.132  -12.580  35.217 0.0000000000
133735  -33.821  -12.582  35.039 0.0000000000
57860  -16.294  -11.879  41.681 0.0000000000
152352  -16.162  -11.101  42.906 0.0000000000
56714  -15.877  -11.865  42.458 0.0000000000
56713  -15.525  -12.815  42.218 0.0000000000
55590  -15.167  -13.677  42.444 0.0000000000
55600  -15.786  -13.642  41.867 0.0000000000
53407  -16.888  -14.929  41.903 0.0000000000
54470  -16.218  -14.393  41.816 0.0000000000
53403  -17.011  -15.455  42.571 0.0000000000
53404  -17.711  -15.454  42.829 0.0000000000
54473  -19.311  -14.761  41.177 0.0000000000
54472  -18.440  -14.570  40.917 0.0000000000
158405  -19.267  -14.895  41.851 0.0000000000
139927  -19.380  -14.879  42.670 0.0000000000
54450  -19.479  -14.781  43.771 0.0000000000
59070  -39.432  -10.213  31.148 0.0000000000
152828  -38.980  -10.469  30.736 0.0000000000
60205  -37.896  -9.391  28.140 0.0000000000
60204  -37.127  -9.255  28.217 0.0000000000
61331  -36.378  -8.642  29.855 0.0000000000
61317  -37.098  -8.138  30.619 0.0000000000
63743  -36.975  -6.941  30.370 0.0000000000
154196  -36.624  -6.593  30.452 0.0000000000
57912  -21.807  -11.664  36.796 0.0000000000
57926  -22.452  -11.974  36.452 0.0000000000
60084  -23.522  -9.452  35.425 0.0000000000
59023  -23.318  -10.482  35.533 0.0000000000
59036  -24.004  -9.984  34.871 0.0000000000
62532  -25.792  -7.586  33.744 0.0000000000
62517  -25.156  -7.737  34.263 0.0000000000
61267  -25.465  -8.299  33.817 0.0000000000
60100  -25.247  -9.042  33.914 0.0000000000
60116  -25.810  -8.770  33.621 0.0000000000
60117  -26.413  -8.945  33.385 0.0000000000
60133  -27.591  -8.842  32.537 0.0000000000
142381  -28.836  -10.357  33.505 0.0000000000
59055  -28.638  -10.004  32.590 0.0000000000
61280  -30.888  -7.610  33.460 0.0000000000
61268  -31.474  -7.877  34.627 0.0000000000
62519  -30.229  -6.857  33.664 0.0000000000
62535  -30.234  -7.212  32.709 0.0000000000
62534  -29.470  -6.789  32.811 0.0000000000
157004  -29.909  -7.902  31.458 0.0000000000
158088  -30.271  -10.479  31.051 0.0000000000
59065  -29.708  -10.175  31.309 0.0000000000
57975  -30.008  -10.970  31.594 0.0000000000
151578  -29.822  -11.152  32.437 0.0000000000
57976  -30.580  -11.644  32.239 0.0000000000
56859  -31.402  -12.125  32.616 0.0000000000
56876  -32.665  -11.994  31.549 0.0000000000
56861  -32.896  -12.400  32.504 0.0000000000
56862  -33.810  -12.409  32.428 0.0000000000
146257  -34.366  -12.518  33.262 0.0000000000
56863  -34.674  -12.408  32.360 0.0000000000
59077  -33.765  -10.940  30.268 0.0000000000
57994  -35.338  -11.827  30.676 0.0000000000
142992  -34.586  -11.855  30.784 0.0000000000
56880  -35.933  -12.107  31.604 0.0000000000
56864  -35.538  -12.339  32.418 0.0000000000
56850  -37.242  -11.947  33.005 0.0000000000
57996  -38.210  -11.287  31.629 0.0000000000
150571  -38.781  -10.994  32.008 0.0000000000
59057  -39.086  -10.928  32.710 0.0000000000
59001  -22.030  -10.008  37.235 0.0000000000
58990  -21.587  -9.504  38.094 0.0000000000
159828  -43.762  -3.561  19.659 0.0000000000
67830  -44.316  -2.220  17.884 0.0000000000
67821  -44.652  -2.394  18.406 0.0000000000
69944  -42.788  -0.830  16.040 0.0000000000
69956  -43.272  -0.183  15.660 0.0000000000
77692  -43.105  7.305  16.083 0.0000000000
76641  -41.862  6.088  15.707 0.0000000000
77699  -42.483  6.698  15.398 0.0000000000
76658  -43.341  5.615  13.442 0.0000000000
75558  -42.648  5.599  14.108 0.0000000000
75559  -43.678  4.801  13.394 0.0000000000
75547  -43.280  4.277  13.851 0.0000000000
77731  -45.120  6.356  11.995 0.0000000000
76677  -45.411  5.705  11.948 0.0000000000
75569  -47.012  4.318  12.246 0.0000000000
75568  -45.747  5.037  12.150 0.0000000000
138567  -46.204  4.377  12.468 0.0000000000
74446  -45.953  3.797  13.063 0.0000000000
74428  -46.518  3.267  13.423 0.0000000000
73272  -47.024  2.746  13.873 0.0000000000
74429  -47.314  3.245  13.296 0.0000000000
73274  -48.736  2.720  13.891 0.0000000000
76694  -50.375  5.868  10.408 0.0000000000
78881  -51.845  8.029  6.928 0.0000000000
82376  -52.325  10.764  4.224 0.0000000000
82382  -52.661  11.245  3.766 0.0000000000
82383  -53.147  10.993  3.349 0.0000000000
50019  -8.802  -18.765  50.431 0.0000000000
50007  -8.744  -18.100  51.336 0.0000000000
47849  -8.514  -20.418  51.168 0.0000000000
47852  -10.741  -20.624  51.072 0.0000000000
47866  -10.206  -20.469  50.291 0.0000000000
46862  -9.993  -21.297  53.170 0.0000000000
46870  -9.762  -21.322  52.352 0.0000000000
46861  -9.250  -21.644  52.888 0.0000000000
46869  -9.007  -21.534  52.151 0.0000000000
46860  -8.636  -21.875  53.435 0.0000000000
148928  -9.031  -21.652  54.150 0.0000000000
47816  -8.755  -21.202  55.624 0.0000000000
60181  -39.708  -9.657  30.525 0.0000000000
60164  -40.596  -9.374  31.823 0.0000000000
61350  -40.139  -8.493  29.535 0.0000000000
62577  -40.645  -7.833  29.624 0.0000000000
62587  -40.439  -7.312  28.934 0.0000000000
63760  -36.456  -6.696  27.833 0.0000000000
62601  -37.632  -7.396  27.523 0.0000000000
63769  -37.636  -6.688  27.105 0.0000000000
63771  -39.174  -6.587  27.571 0.0000000000
63761  -39.706  -6.242  27.966 0.0000000000
63762  -40.163  -6.750  28.430 0.0000000000
64799  -40.348  -5.834  28.503 0.0000000000
64798  -39.760  -5.310  28.024 0.0000000000
65778  -38.201  -4.623  26.712 0.0000000000
66724  -39.380  -3.866  27.404 0.0000000000
68755  -32.845  -2.074  28.071 0.0000000000
143972  -33.104  -2.118  28.848 0.0000000000
66723  -32.994  -3.727  27.874 0.0000000000
66729  -32.960  -3.663  26.859 0.0000000000
69849  -33.240  -0.559  25.310 0.0000000000
69841  -33.100  -0.520  26.306 0.0000000000
68786  -33.017  -1.563  25.720 0.0000000000
66754  -33.993  -3.553  24.694 0.0000000000
66739  -33.747  -3.906  25.413 0.0000000000
65789  -34.287  -4.533  25.675 0.0000000000
66730  -35.240  -4.578  25.328 0.0000000000
159293  -35.779  -4.784  25.624 0.0000000000
66742  -37.643  -3.848  25.353 0.0000000000
66732  -37.998  -4.005  25.856 0.0000000000
67695  -39.252  -3.470  26.415 0.0000000000
150837  -38.292  -3.198  24.740 0.0000000000
67762  -36.628  -3.188  22.833 0.0000000000
66797  -36.687  -3.211  22.048 0.0000000000
145507  -39.073  -3.991  22.436 0.0000000000
66785  -39.593  -3.874  22.970 0.0000000000
65805  -41.769  -4.528  22.275 0.0000000000
65816  -42.329  -4.525  21.601 0.0000000000
65829  -42.037  -4.460  20.645 0.0000000000
65830  -42.945  -4.327  21.023 0.0000000000
158901  -41.451  -4.406  20.044 0.0000000000
140519  -40.213  -3.569  18.570 0.0000000000
66831  -41.076  -3.734  18.704 0.0000000000
66848  -40.841  -3.191  18.086 0.0000000000
66859  -40.778  -2.596  17.524 0.0000000000
67826  -40.179  -2.232  17.320 0.0000000000
68853  -37.297  -1.344  18.668 0.0000000000
67816  -37.962  -2.163  18.419 0.0000000000
68854  -37.992  -1.143  18.131 0.0000000000
69931  -38.960  -0.322  17.373 0.0000000000
69940  -39.461  -0.336  16.865 0.0000000000
68871  -39.872  -0.965  16.721 0.0000000000
71002  -39.630  0.461  16.571 0.0000000000
72084  -39.612  2.170  17.369 0.0000000000
55653  -23.885  -13.213  36.793 0.0000000000
55644  -23.715  -13.607  37.468 0.0000000000
55645  -24.456  -13.256  37.169 0.0000000000
56783  -26.536  -12.443  38.536 0.0000000000
56782  -25.666  -13.066  38.754 0.0000000000
56771  -26.494  -12.744  39.487 0.0000000000
56752  -26.782  -12.719  40.265 0.0000000000
57875  -27.278  -12.368  39.805 0.0000000000
59003  -28.030  -10.992  37.303 0.0000000000
57915  -27.840  -11.391  37.583 0.0000000000
58991  -28.401  -11.463  38.020 0.0000000000
139084  -32.453  -12.380  36.646 0.0000000000
51186  -9.859  -17.494  48.758 0.0000000000
52230  -10.270  -16.823  48.358 0.0000000000
53358  -11.745  -15.172  47.043 0.0000000000
53357  -11.238  -15.668  47.539 0.0000000000
53363  -11.442  -15.929  46.819 0.0000000000
50067  -12.091  -18.098  46.705 0.0000000000
51200  -11.540  -17.769  46.780 0.0000000000
50054  -10.846  -18.322  47.627 0.0000000000
50041  -12.248  -18.980  48.050 0.0000000000
48966  -11.742  -19.360  48.680 0.0000000000
152371  -14.427  -14.696  43.096 0.0000000000
53392  -14.658  -15.499  43.276 0.0000000000
52256  -15.256  -16.981  45.097 0.0000000000
52247  -15.669  -17.024  46.095 0.0000000000
82394  -55.057  11.032  1.701 0.0000000000
44853  -5.008  -23.469  56.159 0.0000000000
137483  -4.754  -22.447  54.697 0.0000000000
54486  -22.142  -14.510  40.154 0.0000000000
54467  -23.215  -14.257  41.376 0.0000000000
54487  -23.018  -14.342  40.471 0.0000000000
55624  -23.665  -14.169  39.857 0.0000000000
55625  -24.246  -13.901  39.210 0.0000000000
57969  -39.315  -10.929  33.689 0.0000000000
57902  -20.829  -10.862  37.589 0.0000000000
57901  -20.194  -11.310  37.897 0.0000000000
56781  -20.456  -12.600  37.872 0.0000000000
54491  -20.514  -14.379  39.379 0.0000000000
54499  -20.943  -14.172  38.769 0.0000000000
157546  -36.285  -9.219  32.355 0.0000000000
148575  -40.302  3.293  16.401 0.0000000000
73248  -40.804  2.499  15.399 0.0000000000
74389  -40.664  3.896  15.988 0.0000000000
75538  -41.172  4.552  15.559 0.0000000000
80004  -47.178  8.210  10.784 0.0000000000
80005  -47.621  8.247  10.084 0.0000000000
78850  -48.414  7.620  9.384 0.0000000000
80011  -48.602  8.326  8.958 0.0000000000
80016  -49.204  8.428  8.394 0.0000000000
157588  -49.577  8.653  7.965 0.0000000000
80023  -49.345  9.056  7.946 0.0000000000
81205  -49.173  9.763  8.041 0.0000000000
66711  -34.210  -4.296  30.580 0.0000000000
150377  -33.860  -3.490  30.709 0.0000000000
70916  -34.212  0.235  22.355 0.0000000000
69874  -34.247  -0.524  21.897 0.0000000000
70933  -34.630  0.280  21.560 0.0000000000
70934  -35.191  1.069  21.316 0.0000000000
70951  -35.761  0.898  20.576 0.0000000000
72034  -36.479  1.557  20.641 0.0000000000
59041  -28.778  -10.419  34.472 0.0000000000
151253  -28.927  -10.605  35.792 0.0000000000
144271  -29.668  -10.945  35.752 0.0000000000
153035  -31.172  -11.714  37.168 0.0000000000
54440  -13.342  -14.833  44.219 0.0000000000
81239  -54.420  9.387  3.489 0.0000000000
139282  -55.010  9.271  3.114 0.0000000000
46839  -7.314  -21.971  55.294 0.0000000000
136371  -6.812  -22.159  54.777 0.0000000000
46830  -7.135  -21.689  56.278 0.0000000000
46829  -6.414  -21.933  56.759 0.0000000000
64791  -41.605  -5.387  29.927 0.0000000000
134984  -34.070  -12.589  34.160 0.0000000000
152215  -34.319  -12.563  35.614 0.0000000000
133734  -34.646  -12.555  34.922 0.0000000000
134098  -36.686  -12.354  37.086 0.0000000000
58960  -18.686  -10.128  40.091 0.0000000000
58959  -18.109  -10.293  40.600 0.0000000000
58945  -17.522  -10.506  41.154 0.0000000000
57861  -16.926  -11.180  41.390 0.0000000000
56731  -16.167  -12.798  41.492 0.0000000000
137688  -16.821  -14.368  41.419 0.0000000000
54471  -17.606  -14.658  41.370 0.0000000000
133759  -20.839  -14.663  41.802 0.0000000000
54464  -20.318  -14.687  42.533 0.0000000000
54445  -21.161  -14.376  43.815 0.0000000000
58006  -37.971  -11.160  30.688 0.0000000000
59081  -38.515  -10.623  30.255 0.0000000000
59080  -37.657  -10.905  29.765 0.0000000000
59087  -37.287  -10.471  28.903 0.0000000000
60057  -22.450  -9.446  37.089 0.0000000000
59012  -22.571  -10.352  36.391 0.0000000000
151552  -22.846  -8.940  36.921 0.0000000000
61238  -23.301  -8.764  36.251 0.0000000000
61253  -23.954  -8.518  35.436 0.0000000000
63682  -25.802  -6.470  35.084 0.0000000000
63683  -26.783  -5.959  35.076 0.0000000000
63710  -26.240  -6.972  33.704 0.0000000000
148632  -26.331  -7.467  33.365 0.0000000000
61279  -26.878  -8.436  32.920 0.0000000000
62547  -27.325  -7.234  32.756 0.0000000000
61296  -28.209  -8.280  31.880 0.0000000000
60104  -31.956  -8.674  33.403 0.0000000000
61281  -31.366  -8.186  32.619 0.0000000000
61315  -30.051  -8.510  31.144 0.0000000000
59066  -30.901  -10.327  30.770 0.0000000000
57977  -31.356  -11.737  31.675 0.0000000000
57991  -32.476  -11.388  30.907 0.0000000000
57992  -33.278  -11.700  30.966 0.0000000000
155863  -34.411  -10.609  30.036 0.0000000000
142191  -36.370  -11.710  30.693 0.0000000000
66851  -43.408  -3.219  18.714 0.0000000000
67819  -43.096  -2.787  17.979 0.0000000000
67829  -43.668  -2.207  17.492 0.0000000000
138001  -43.918  -1.507  16.800 0.0000000000
72104  -43.289  1.215  15.047 0.0000000000
71015  -43.726  0.516  15.335 0.0000000000
72105  -44.164  1.231  15.071 0.0000000000
78785  -43.853  7.643  14.766 0.0000000000
77708  -43.286  7.010  14.185 0.0000000000
78815  -43.480  6.544  13.413 0.0000000000
76666  -43.870  5.996  12.886 0.0000000000
76679  -46.908  5.487  11.274 0.0000000000
76678  -46.116  5.602  11.600 0.0000000000
74448  -47.540  3.769  12.660 0.0000000000
74449  -48.184  3.834  12.457 0.0000000000
144198  -48.893  3.684  12.500 0.0000000000
158220  -51.356  9.180  5.935 0.0000000000
80041  -51.917  9.259  5.421 0.0000000000
80048  -52.617  9.127  5.005 0.0000000000
51160  -9.251  -18.008  49.989 0.0000000000
48936  -9.100  -19.725  50.035 0.0000000000
47825  -9.715  -21.224  54.489 0.0000000000
60195  -39.950  -9.066  29.963 0.0000000000
61365  -39.218  -8.622  28.456 0.0000000000
61380  -39.233  -7.876  28.062 0.0000000000
63759  -36.033  -6.182  27.463 0.0000000000
63776  -37.177  -5.916  26.728 0.0000000000
63777  -37.845  -6.030  26.801 0.0000000000
64806  -38.339  -5.478  26.964 0.0000000000
152877  -32.908  -1.289  27.661 0.0000000000
68793  -33.434  -2.103  24.285 0.0000000000
139202  -33.212  -2.302  24.985 0.0000000000
67729  -33.611  -2.791  24.439 0.0000000000
146556  -35.641  -4.137  24.914 0.0000000000
67714  -38.206  -3.420  25.172 0.0000000000
67733  -37.575  -3.364  24.469 0.0000000000
67750  -38.021  -3.185  24.139 0.0000000000
66811  -36.769  -3.292  21.130 0.0000000000
66798  -37.392  -3.633  21.727 0.0000000000
66812  -37.462  -3.686  20.807 0.0000000000
66799  -38.137  -4.001  21.308 0.0000000000
65802  -38.937  -4.225  21.689 0.0000000000
65804  -40.857  -4.525  22.182 0.0000000000
65813  -39.594  -4.542  21.142 0.0000000000
65827  -40.215  -4.562  20.516 0.0000000000
145571  -40.755  -4.419  19.912 0.0000000000
66830  -39.691  -3.945  19.143 0.0000000000
70984  -38.007  0.459  18.483 0.0000000000
69922  -38.111  -0.327  18.104 0.0000000000
69923  -38.544  0.249  17.926 0.0000000000
56824  -24.854  -12.020  35.820 0.0000000000
134258  -25.201  -12.803  37.029 0.0000000000
56811  -25.264  -12.329  36.410 0.0000000000
57913  -25.895  -12.157  36.980 0.0000000000
56796  -26.610  -12.029  37.711 0.0000000000
52246  -12.068  -16.647  45.781 0.0000000000
52245  -11.529  -16.587  46.395 0.0000000000
50056  -12.797  -18.553  47.297 0.0000000000
50042  -13.254  -18.833  48.386 0.0000000000
53394  -16.458  -15.798  43.128 0.0000000000
52271  -16.007  -16.209  43.759 0.0000000000
52265  -16.443  -16.348  44.579 0.0000000000
62579  -41.891  -6.979  30.793 0.0000000000
55581  -22.393  -14.188  43.523 0.0000000000
55570  -23.683  -13.954  44.081 0.0000000000
55583  -24.447  -13.884  43.376 0.0000000000
55603  -24.026  -13.992  41.602 0.0000000000
138268  -37.084  -12.123  33.944 0.0000000000
56839  -36.889  -12.211  34.611 0.0000000000
158041  -19.751  -11.260  38.271 0.0000000000
58974  -18.903  -10.552  39.429 0.0000000000
57887  -18.571  -11.670  39.229 0.0000000000
55620  -18.013  -13.057  39.948 0.0000000000
54482  -18.326  -13.950  40.241 0.0000000000
133913  -19.771  -14.619  40.487 0.0000000000
54484  -20.543  -14.604  40.200 0.0000000000
54453  -22.086  -14.369  42.809 0.0000000000
60190  -35.947  -10.193  29.228 0.0000000000
61316  -36.804  -8.626  31.132 0.0000000000
151949  -33.142  -9.188  32.772 0.0000000000
60158  -32.554  -9.695  30.832 0.0000000000
158478  -32.993  -9.364  31.379 0.0000000000
60159  -33.486  -9.614  31.045 0.0000000000
60160  -34.396  -9.635  30.913 0.0000000000
60178  -34.696  -10.027  30.073 0.0000000000
69942  -41.012  -0.680  16.039 0.0000000000
69943  -41.876  -0.813  15.982 0.0000000000
69954  -41.461  -0.107  15.633 0.0000000000
71013  -41.895  0.588  15.278 0.0000000000
72103  -42.403  1.272  15.013 0.0000000000
72115  -42.130  1.951  14.831 0.0000000000
72116  -42.872  1.898  14.802 0.0000000000
73258  -43.238  2.529  14.476 0.0000000000
73259  -44.103  2.535  14.360 0.0000000000
78824  -45.362  7.653  12.567 0.0000000000
77745  -46.220  6.919  11.207 0.0000000000
78843  -46.660  7.546  10.949 0.0000000000
76690  -46.498  6.227  11.112 0.0000000000
76692  -48.742  5.468  10.834 0.0000000000
75584  -49.463  5.017  11.216 0.0000000000
76704  -49.727  6.224  10.027 0.0000000000
76705  -50.414  6.329  9.914 0.0000000000
78851  -49.185  7.255  9.190 0.0000000000
77759  -49.969  6.751  9.416 0.0000000000
77760  -50.860  6.712  9.540 0.0000000000
78880  -51.034  8.201  7.225 0.0000000000
80025  -50.555  8.739  6.951 0.0000000000
80024  -49.905  8.861  7.475 0.0000000000
156553  -50.772  9.126  6.425 0.0000000000
81221  -50.643  9.837  6.115 0.0000000000
48953  -11.236  -19.771  49.299 0.0000000000
48937  -10.404  -20.041  49.603 0.0000000000
48923  -11.678  -20.225  51.319 0.0000000000
62595  -36.786  -7.311  28.279 0.0000000000
158226  -37.252  -7.413  27.738 0.0000000000
64797  -35.839  -6.422  28.237 0.0000000000
64796  -35.256  -6.065  28.093 0.0000000000
64811  -34.744  -5.350  26.746 0.0000000000
70877  -33.474  0.432  25.933 0.0000000000
70887  -34.064  1.023  24.518 0.0000000000
69854  -33.414  -0.578  24.345 0.0000000000
68801  -33.515  -1.448  23.776 0.0000000000
68802  -33.845  -1.739  23.133 0.0000000000
67747  -35.133  -2.780  22.755 0.0000000000
67760  -35.409  -2.459  21.794 0.0000000000
67790  -35.669  -2.212  20.938 0.0000000000
67791  -36.316  -2.698  20.572 0.0000000000
66829  -37.453  -3.078  19.423 0.0000000000
66845  -37.692  -2.700  18.880 0.0000000000
70968  -36.628  0.244  19.544 0.0000000000
70969  -37.384  0.602  19.060 0.0000000000
59013  -27.110  -10.669  35.964 0.0000000000
59014  -27.801  -10.717  36.528 0.0000000000
158671  -28.533  -11.051  37.589 0.0000000000
59016  -29.187  -10.764  36.551 0.0000000000
152312  -29.080  -10.905  37.427 0.0000000000
54426  -12.813  -14.225  45.892 0.0000000000
52253  -12.723  -16.786  45.330 0.0000000000
51219  -14.132  -17.506  45.633 0.0000000000
54428  -18.598  -14.950  45.930 0.0000000000
47831  -7.237  -21.319  53.140 0.0000000000
47830  -6.688  -21.477  53.743 0.0000000000
47824  -6.199  -21.462  54.310 0.0000000000
48880  -5.766  -20.600  54.501 0.0000000000
48873  -5.216  -20.136  54.802 0.0000000000
77693  -43.897  7.701  16.703 0.0000000000
78786  -44.512  8.087  15.309 0.0000000000
78800  -45.111  8.281  14.883 0.0000000000
159009  -45.796  8.416  14.393 0.0000000000
56835  -31.653  -12.346  34.482 0.0000000000
56813  -32.641  -12.482  35.864 0.0000000000
56829  -37.042  -12.165  35.408 0.0000000000
57817  -15.579  -11.298  44.267 0.0000000000
56697  -15.088  -12.072  43.881 0.0000000000
154857  -14.711  -12.863  43.507 0.0000000000
54459  -14.903  -14.325  42.664 0.0000000000
53401  -15.111  -15.021  42.689 0.0000000000
53395  -17.312  -15.728  43.338 0.0000000000
53385  -18.203  -15.331  44.522 0.0000000000
54462  -18.387  -15.170  42.713 0.0000000000
83504  -53.975  11.851  2.438 0.0000000000
60142  -40.524  -9.775  32.688 0.0000000000
59071  -40.010  -10.065  31.959 0.0000000000
59089  -38.783  -10.235  29.711 0.0000000000
62576  -37.089  -7.525  30.447 0.0000000000
61332  -36.658  -8.124  29.481 0.0000000000
55643  -22.466  -13.309  37.185 0.0000000000
149280  -22.959  -13.667  37.480 0.0000000000
56808  -22.780  -12.705  36.602 0.0000000000
56809  -23.565  -12.759  36.354 0.0000000000
57941  -22.883  -11.306  36.036 0.0000000000
57942  -23.638  -11.450  35.584 0.0000000000
56823  -23.978  -12.175  35.807 0.0000000000
57943  -24.399  -11.499  35.378 0.0000000000
157988  -24.730  -10.994  34.964 0.0000000000
57955  -25.312  -10.803  34.820 0.0000000000
62487  -24.330  -7.212  36.716 0.0000000000
62501  -25.062  -7.201  35.007 0.0000000000
62516  -24.542  -8.001  34.846 0.0000000000
61254  -24.347  -8.724  34.724 0.0000000000
60099  -24.595  -9.380  34.409 0.0000000000
138824  -25.204  -9.726  34.095 0.0000000000
59038  -25.827  -10.276  34.432 0.0000000000
59039  -26.564  -9.949  34.308 0.0000000000
60103  -27.439  -9.726  33.772 0.0000000000
60118  -27.153  -9.213  33.225 0.0000000000
59047  -28.089  -10.090  34.135 0.0000000000
63713  -28.852  -6.379  33.455 0.0000000000
63726  -28.471  -6.757  32.662 0.0000000000
62549  -28.817  -7.326  31.961 0.0000000000
60154  -28.793  -9.016  31.568 0.0000000000
60155  -29.471  -9.250  31.239 0.0000000000
60135  -29.026  -9.894  31.785 0.0000000000
59056  -29.209  -10.565  32.559 0.0000000000
57966  -30.274  -11.635  33.211 0.0000000000
56846  -31.515  -12.294  33.552 0.0000000000
136927  -32.276  -12.504  33.953 0.0000000000
56847  -32.792  -12.542  33.430 0.0000000000
56860  -32.067  -12.141  32.105 0.0000000000
58001  -33.068  -11.083  30.538 0.0000000000
56878  -34.082  -12.138  31.422 0.0000000000
56849  -35.958  -12.385  33.272 0.0000000000
157005  -36.613  -12.227  33.390 0.0000000000
57978  -37.732  -11.624  32.219 0.0000000000
57980  -38.713  -11.249  33.170 0.0000000000
132941  -39.854  -10.432  32.909 0.0000000000
58989  -21.118  -9.860  38.196 0.0000000000
57911  -21.284  -11.750  37.169 0.0000000000
66852  -44.265  -2.940  18.943 0.0000000000
68875  -43.168  -1.354  16.446 0.0000000000
156828  -44.312  -1.062  16.499 0.0000000000
69957  -44.169  -0.110  15.768 0.0000000000
76635  -41.758  6.120  16.652 0.0000000000
76647  -41.662  5.279  15.194 0.0000000000
76648  -42.098  5.181  14.543 0.0000000000
77707  -42.698  6.508  14.521 0.0000000000
75546  -42.563  4.699  14.160 0.0000000000
74413  -44.580  3.181  13.945 0.0000000000
78830  -44.851  6.999  12.321 0.0000000000
77723  -44.462  6.326  12.442 0.0000000000
76667  -44.403  5.544  12.615 0.0000000000
75567  -45.006  5.202  12.410 0.0000000000
75560  -44.449  4.781  12.967 0.0000000000
156230  -44.758  4.235  13.171 0.0000000000
74427  -45.142  3.690  13.411 0.0000000000
73270  -45.450  2.966  13.906 0.0000000000
81235  -54.335  8.790  4.197 0.0000000000
152567  -53.079  9.524  4.373 0.0000000000
81234  -53.699  9.492  3.946 0.0000000000
49992  -8.290  -18.624  52.001 0.0000000000
48907  -7.775  -20.255  52.220 0.0000000000
47865  -9.384  -20.412  50.375 0.0000000000
138401  -10.241  -20.955  51.769 0.0000000000
46876  -9.395  -21.141  51.596 0.0000000000
47850  -9.056  -20.764  50.978 0.0000000000
47838  -8.156  -20.704  51.837 0.0000000000
47837  -7.702  -21.060  52.466 0.0000000000
46867  -7.895  -21.851  52.939 0.0000000000
133772  -7.906  -22.086  53.666 0.0000000000
46841  -8.942  -21.512  54.810 0.0000000000
46840  -8.143  -21.779  55.020 0.0000000000
61334  -40.961  -8.403  30.922 0.0000000000
62578  -41.339  -7.248  30.153 0.0000000000
62603  -38.893  -7.235  27.569 0.0000000000
62597  -39.876  -7.441  28.409 0.0000000000
63754  -41.257  -6.648  29.705 0.0000000000
144494  -41.337  -6.050  29.600 0.0000000000
156287  -39.371  -4.974  27.674 0.0000000000
142840  -40.347  -4.772  28.566 0.0000000000
65763  -40.878  -4.221  29.201 0.0000000000
140478  -40.451  -3.820  28.519 0.0000000000
66700  -33.613  -2.979  30.337 0.0000000000
68724  -33.354  -1.689  29.487 0.0000000000
67666  -33.309  -2.755  29.498 0.0000000000
66716  -33.270  -3.697  28.874 0.0000000000
65769  -33.460  -4.471  28.185 0.0000000000
65784  -34.090  -4.839  26.490 0.0000000000
68773  -32.912  -1.340  26.731 0.0000000000
67678  -32.788  -2.078  27.145 0.0000000000
67711  -33.014  -2.581  25.768 0.0000000000
67693  -32.848  -2.807  26.579 0.0000000000
65783  -33.530  -4.219  26.215 0.0000000000
65785  -36.676  -4.632  25.777 0.0000000000
146626  -37.511  -4.245  25.921 0.0000000000
137535  -37.130  -4.180  25.520 0.0000000000
65777  -38.308  -4.157  26.380 0.0000000000
67680  -39.208  -3.767  26.885 0.0000000000
157827  -39.788  -3.590  27.402 0.0000000000
66718  -40.372  -3.402  27.712 0.0000000000
67715  -39.096  -3.227  25.833 0.0000000000
66768  -37.974  -3.355  23.331 0.0000000000
66814  -42.879  -4.048  20.142 0.0000000000
66833  -42.776  -3.737  19.234 0.0000000000
65841  -41.301  -4.149  19.394 0.0000000000
66832  -41.912  -3.795  18.917 0.0000000000
66860  -41.401  -2.885  17.747 0.0000000000
67827  -41.522  -2.398  17.283 0.0000000000
67817  -38.892  -2.592  18.094 0.0000000000
67825  -39.458  -2.063  17.485 0.0000000000
68864  -39.997  -1.624  16.970 0.0000000000
68872  -40.535  -1.173  16.529 0.0000000000
71003  -40.234  0.564  15.968 0.0000000000
72093  -39.386  1.312  16.972 0.0000000000
72094  -39.729  1.946  16.462 0.0000000000
148628  -40.194  3.373  17.068 0.0000000000
55636  -23.950  -13.863  38.309 0.0000000000
55626  -25.068  -13.529  39.446 0.0000000000
55646  -25.065  -13.193  37.828 0.0000000000
56751  -26.146  -13.115  40.307 0.0000000000
136596  -27.315  -11.599  37.620 0.0000000000
57903  -27.247  -11.978  38.390 0.0000000000
58979  -28.477  -11.862  38.819 0.0000000000
57892  -28.517  -12.015  39.678 0.0000000000
57876  -27.965  -12.139  40.181 0.0000000000
57862  -28.017  -12.126  41.213 0.0000000000
57947  -31.349  -12.037  35.756 0.0000000000
56797  -31.887  -12.091  37.093 0.0000000000
51173  -9.585  -17.284  49.595 0.0000000000
51185  -9.929  -18.363  48.567 0.0000000000
51208  -11.329  -17.212  46.691 0.0000000000
52237  -10.564  -16.976  47.662 0.0000000000
50039  -10.500  -18.652  48.181 0.0000000000
48965  -10.849  -19.317  48.571 0.0000000000
54441  -13.902  -14.297  43.690 0.0000000000
52270  -15.102  -16.190  43.723 0.0000000000
53382  -14.227  -15.971  43.888 0.0000000000
52262  -13.828  -16.460  44.474 0.0000000000
52255  -14.370  -17.038  44.988 0.0000000000
51212  -14.883  -17.579  46.502 0.0000000000
53375  -17.517  -15.779  45.557 0.0000000000
155522  -17.037  -16.037  46.053 0.0000000000
52239  -15.604  -17.182  46.976 0.0000000000
82389  -54.822  10.496  2.195 0.0000000000
45851  -5.959  -22.424  56.875 0.0000000000
143994  -5.497  -22.919  56.417 0.0000000000
44850  -5.477  -23.368  57.056 0.0000000000
45850  -5.258  -22.761  55.347 0.0000000000
46836  -4.859  -21.924  54.623 0.0000000000
44855  -4.307  -23.215  54.677 0.0000000000
45858  -3.912  -22.646  54.178 0.0000000000
45854  -4.433  -22.507  54.481 0.0000000000
46868  -8.307  -21.418  52.223 0.0000000000
48922  -8.568  -19.687  50.759 0.0000000000
48939  -11.915  -19.780  49.873 0.0000000000
54435  -18.771  -14.934  45.049 0.0000000000
54474  -20.200  -14.723  41.059 0.0000000000
54494  -22.826  -14.331  39.564 0.0000000000
55595  -25.932  -13.408  42.507 0.0000000000
55602  -17.139  -13.952  40.980 0.0000000000
55605  -24.919  -13.760  41.688 0.0000000000
55637  -24.741  -13.562  38.548 0.0000000000
56812  -31.904  -12.246  36.201 0.0000000000
56825  -31.119  -12.054  35.027 0.0000000000
57889  -19.939  -10.506  38.508 0.0000000000
57891  -27.821  -12.051  39.151 0.0000000000
57910  -20.763  -11.873  37.533 0.0000000000
57932  -31.265  -11.862  36.445 0.0000000000
58980  -28.904  -11.842  39.353 0.0000000000
59027  -29.206  -10.661  35.094 0.0000000000
60193  -38.049  -10.047  28.613 0.0000000000
61294  -26.795  -7.685  32.972 0.0000000000
61333  -40.532  -8.475  30.205 0.0000000000
62533  -26.766  -7.058  33.205 0.0000000000
62550  -29.742  -7.406  31.905 0.0000000000
62565  -42.232  -7.193  31.465 0.0000000000
63695  -26.356  -6.480  34.319 0.0000000000
63698  -29.192  -6.121  34.306 0.0000000000
63711  -27.345  -6.697  33.183 0.0000000000
65755  -41.799  -4.434  30.310 0.0000000000
65770  -34.018  -5.054  28.520 0.0000000000
65815  -41.427  -4.617  21.453 0.0000000000
65840  -39.987  -4.328  19.776 0.0000000000
66710  -33.674  -3.801  29.860 0.0000000000
73247  -40.167  2.570  16.039 0.0000000000
74398  -40.575  3.162  15.789 0.0000000000
75582  -47.328  4.814  11.665 0.0000000000
77768  -50.566  7.171  8.966 0.0000000000
133031  -36.786  -12.265  36.349 0.0000000000
133749  -23.060  -14.075  43.582 0.0000000000
133758  -20.918  -14.641  40.952 0.0000000000
133873  -28.449  -10.782  36.969 0.0000000000
143176  -42.857  -2.400  17.408 0.0000000000
144047  -35.269  -0.645  20.554 0.0000000000
150609  -15.026  -13.095  42.843 0.0000000000
151749  -10.425  -19.585  49.048 0.0000000000
155946  -44.408  6.935  12.582 0.0000000000
159594  -33.503  -11.332  30.538 0.0000000000
