#!ascii label  , from subject ICBM2009cNolinAsym vox2ras=TkReg
1594
96459  -44.807  24.257  0.044 0.0000000000
92751  -56.236  20.653  -14.522 0.0000000000
102175  -51.642  31.781  3.618 0.0000000000
93697  -53.540  21.427  -5.642 0.0000000000
145220  -53.898  20.162  4.570 0.0000000000
99087  -49.551  27.285  -10.386 0.0000000000
103959  -56.196  33.144  -10.066 0.0000000000
104662  -47.559  34.941  -5.630 0.0000000000
93530  -44.692  21.988  11.277 0.0000000000
93666  -48.824  21.583  -3.338 0.0000000000
95591  -50.086  23.295  -9.043 0.0000000000
98216  -47.338  26.017  -4.578 0.0000000000
103823  -56.588  33.708  4.979 0.0000000000
102224  -56.447  31.236  -3.171 0.0000000000
103842  -55.793  33.896  -1.672 0.0000000000
103923  -51.133  33.153  -7.259 0.0000000000
105997  -51.037  36.860  -1.621 0.0000000000
94754  -52.336  22.324  -16.291 0.0000000000
98182  -42.499  26.821  4.540 0.0000000000
159489  -46.495  29.789  0.587 0.0000000000
95524  -59.647  23.282  -2.521 0.0000000000
143219  -54.633  20.277  -0.725 0.0000000000
91527  -47.913  19.084  1.362 0.0000000000
90373  -47.151  18.904  7.085 0.0000000000
95663  -53.603  24.230  -15.315 0.0000000000
99126  -51.693  27.241  -17.238 0.0000000000
100586  -51.495  29.963  -3.790 0.0000000000
157271  -54.146  30.442  -10.441 0.0000000000
102312  -52.333  31.542  -18.133 0.0000000000
133645  -49.308  32.370  -13.988 0.0000000000
103073  -45.542  32.535  -10.594 0.0000000000
94604  -46.946  22.914  -1.500 0.0000000000
95535  -47.594  23.546  -3.701 0.0000000000
97343  -46.729  25.280  -1.857 0.0000000000
105959  -56.681  36.229  3.425 0.0000000000
104624  -57.331  34.340  1.407 0.0000000000
105320  -54.996  35.488  0.730 0.0000000000
104627  -52.711  34.879  -1.202 0.0000000000
92758  -54.117  21.046  -15.062 0.0000000000
99000  -41.434  27.384  6.631 0.0000000000
99008  -44.529  27.618  6.123 0.0000000000
150628  -54.683  20.358  2.028 0.0000000000
91540  -51.201  19.202  0.332 0.0000000000
90416  -51.214  18.762  2.977 0.0000000000
137779  -46.382  20.889  8.743 0.0000000000
92572  -41.067  19.994  5.132 0.0000000000
94559  -39.496  22.744  4.355 0.0000000000
93591  -37.733  21.862  5.870 0.0000000000
94675  -55.032  22.386  -8.188 0.0000000000
97390  -49.232  25.218  -10.006 0.0000000000
95623  -51.361  23.407  -11.853 0.0000000000
96550  -50.656  25.045  -13.342 0.0000000000
96565  -51.971  25.408  -16.281 0.0000000000
99102  -50.552  27.261  -13.702 0.0000000000
102178  -49.274  31.260  2.326 0.0000000000
101372  -48.885  30.346  -1.268 0.0000000000
102201  -51.680  31.541  -0.357 0.0000000000
102249  -57.831  32.014  -6.844 0.0000000000
137201  -55.821  30.945  -6.990 0.0000000000
101454  -56.605  31.523  -10.687 0.0000000000
101493  -55.206  31.255  -14.206 0.0000000000
143711  -54.552  32.463  -14.411 0.0000000000
103150  -50.469  32.499  -16.198 0.0000000000
103097  -52.868  32.558  -12.123 0.0000000000
103886  -48.826  33.968  -5.475 0.0000000000
103060  -48.581  32.328  -8.932 0.0000000000
154672  -46.496  32.860  -7.861 0.0000000000
103954  -44.087  33.285  -9.717 0.0000000000
104684  -45.739  34.973  -6.901 0.0000000000
93683  -51.571  21.044  -4.546 0.0000000000
93708  -51.844  21.814  -6.799 0.0000000000
133342  -49.570  22.564  -6.008 0.0000000000
96500  -48.025  24.466  -6.576 0.0000000000
99071  -48.619  27.461  -7.450 0.0000000000
134849  -54.626  32.600  4.876 0.0000000000
102193  -54.125  31.957  0.331 0.0000000000
103001  -57.336  32.486  0.845 0.0000000000
103846  -58.223  33.059  -2.279 0.0000000000
103893  -55.869  33.481  -5.856 0.0000000000
103943  -53.339  33.052  -8.365 0.0000000000
149146  -53.366  33.476  -4.436 0.0000000000
104646  -50.671  34.456  -3.235 0.0000000000
106003  -49.417  36.334  -3.113 0.0000000000
94752  -50.155  23.012  -16.632 0.0000000000
98187  -43.050  26.194  1.479 0.0000000000
99024  -44.849  27.246  -0.324 0.0000000000
99017  -44.323  28.243  2.664 0.0000000000
100558  -46.580  29.422  3.976 0.0000000000
101337  -48.810  29.975  5.753 0.0000000000
102136  -48.196  31.633  8.048 0.0000000000
102150  -51.933  31.439  7.462 0.0000000000
93687  -56.538  21.967  -4.456 0.0000000000
93657  -56.798  21.338  -2.040 0.0000000000
92654  -54.104  20.676  -3.553 0.0000000000
91566  -51.659  19.890  -2.099 0.0000000000
92619  -48.204  20.208  -0.662 0.0000000000
154202  -53.299  20.562  7.604 0.0000000000
94516  -48.728  22.623  10.295 0.0000000000
92541  -49.902  20.491  8.694 0.0000000000
91496  -50.924  18.823  5.833 0.0000000000
90404  -48.188  18.301  4.086 0.0000000000
94581  -43.621  22.484  1.460 0.0000000000
95668  -57.906  23.262  -14.913 0.0000000000
133446  -52.871  22.362  -9.776 0.0000000000
94742  -55.198  23.386  -13.797 0.0000000000
94764  -56.485  23.769  -16.263 0.0000000000
95699  -54.509  24.236  -17.156 0.0000000000
97450  -52.457  25.392  -18.094 0.0000000000
97456  -50.857  25.927  -18.773 0.0000000000
99817  -47.232  28.303  -2.534 0.0000000000
99827  -49.382  28.653  -3.767 0.0000000000
99859  -50.174  28.934  -7.345 0.0000000000
158050  -54.065  30.741  -3.189 0.0000000000
100625  -52.562  30.083  -7.229 0.0000000000
139751  -51.803  29.553  -10.044 0.0000000000
100684  -52.386  29.477  -14.420 0.0000000000
99929  -52.756  29.508  -17.888 0.0000000000
99927  -49.553  28.142  -18.744 0.0000000000
133655  -50.532  32.298  -10.652 0.0000000000
133653  -47.204  32.313  -12.360 0.0000000000
103983  -43.605  32.770  -13.594 0.0000000000
103975  -42.131  33.385  -12.160 0.0000000000
103952  -41.786  33.892  -10.389 0.0000000000
95509  -45.803  23.602  -0.500 0.0000000000
96466  -46.943  24.320  -1.945 0.0000000000
97341  -46.203  25.175  -1.178 0.0000000000
105316  -56.241  35.673  1.874 0.0000000000
105990  -54.136  36.617  0.538 0.0000000000
135701  -55.562  20.995  -14.991 0.0000000000
92588  -54.196  20.222  3.334 0.0000000000
91513  -52.766  19.442  2.838 0.0000000000
91504  -52.879  19.534  3.701 0.0000000000
91480  -40.532  19.655  6.604 0.0000000000
133871  -39.866  20.468  5.539 0.0000000000
94647  -54.879  21.920  -6.213 0.0000000000
151500  -54.547  21.996  -6.896 0.0000000000
154387  -49.170  25.914  -10.162 0.0000000000
97403  -49.841  25.310  -11.631 0.0000000000
156365  -49.859  26.623  -11.861 0.0000000000
98272  -50.371  26.476  -13.447 0.0000000000
99093  -50.153  27.481  -11.860 0.0000000000
102179  -50.249  31.550  2.565 0.0000000000
102183  -50.371  31.728  1.442 0.0000000000
102991  -51.663  32.113  2.023 0.0000000000
147992  -57.183  32.944  -8.609 0.0000000000
102262  -57.415  31.928  -8.718 0.0000000000
103083  -56.834  32.329  -10.735 0.0000000000
103117  -56.184  32.291  -12.562 0.0000000000
103099  -55.820  32.648  -12.101 0.0000000000
103114  -53.642  32.618  -13.272 0.0000000000
103080  -54.364  32.820  -10.975 0.0000000000
104663  -48.249  34.662  -5.163 0.0000000000
135475  -47.777  33.661  -6.418 0.0000000000
104670  -47.284  34.312  -6.195 0.0000000000
134367  -45.557  34.008  -7.309 0.0000000000
143272  -46.901  35.121  -6.184 0.0000000000
93681  -49.931  21.380  -4.166 0.0000000000
94635  -50.457  21.733  -5.278 0.0000000000
94633  -48.836  22.379  -4.510 0.0000000000
97353  -47.230  25.168  -4.229 0.0000000000
95558  -47.887  23.893  -5.345 0.0000000000
97365  -47.507  25.459  -5.788 0.0000000000
97378  -47.857  25.894  -6.994 0.0000000000
98224  -47.791  26.703  -5.709 0.0000000000
151359  -55.801  33.018  4.806 0.0000000000
102986  -55.785  32.594  2.654 0.0000000000
103834  -56.823  33.124  3.432 0.0000000000
104636  -56.632  34.120  -0.939 0.0000000000
104631  -57.964  33.400  -0.693 0.0000000000
103853  -57.449  33.519  -2.460 0.0000000000
140979  -57.527  33.353  -4.091 0.0000000000
103861  -55.687  33.461  -4.153 0.0000000000
103892  -54.786  33.500  -5.515 0.0000000000
103860  -54.867  33.520  -3.500 0.0000000000
105323  -52.160  36.086  -0.901 0.0000000000
104640  -51.795  34.549  -2.274 0.0000000000
105331  -50.669  35.566  -2.231 0.0000000000
105335  -49.543  35.467  -3.287 0.0000000000
138456  -49.910  36.776  -2.532 0.0000000000
94760  -50.976  22.851  -16.738 0.0000000000
97329  -42.026  26.104  2.999 0.0000000000
99019  -43.151  27.077  2.225 0.0000000000
156238  -43.285  27.447  3.213 0.0000000000
99790  -45.647  28.238  6.778 0.0000000000
135585  -45.741  28.273  5.152 0.0000000000
100547  -47.018  28.812  5.984 0.0000000000
101345  -48.225  29.939  4.893 0.0000000000
100538  -47.682  29.312  6.945 0.0000000000
103781  -47.518  33.026  7.300 0.0000000000
102137  -50.210  31.134  8.260 0.0000000000
102929  -50.871  32.566  8.350 0.0000000000
102141  -53.404  32.516  7.770 0.0000000000
104534  -52.251  33.559  7.790 0.0000000000
94638  -57.827  22.699  -4.556 0.0000000000
141878  -57.913  22.403  -3.529 0.0000000000
93641  -57.168  21.466  -0.091 0.0000000000
92631  -55.370  20.625  -1.168 0.0000000000
93656  -55.872  21.055  -2.620 0.0000000000
92630  -54.505  20.371  -1.643 0.0000000000
92638  -52.411  20.147  -2.616 0.0000000000
91556  -52.653  19.666  -1.037 0.0000000000
91529  -50.025  18.895  1.036 0.0000000000
91546  -50.083  19.456  -0.636 0.0000000000
91537  -48.647  19.573  0.027 0.0000000000
94514  -47.261  22.498  10.468 0.0000000000
92539  -48.120  20.946  8.755 0.0000000000
91472  -48.432  19.539  7.830 0.0000000000
91474  -50.251  19.337  7.487 0.0000000000
90385  -49.279  18.597  6.312 0.0000000000
90394  -49.491  18.387  4.835 0.0000000000
90392  -47.890  18.372  5.536 0.0000000000
94572  -42.545  23.253  2.029 0.0000000000
94566  -41.707  22.555  2.832 0.0000000000
95641  -58.742  23.318  -13.464 0.0000000000
133126  -50.871  22.439  -7.969 0.0000000000
94685  -52.439  22.308  -9.085 0.0000000000
94697  -51.495  22.589  -9.365 0.0000000000
95636  -52.287  23.338  -13.041 0.0000000000
94730  -52.728  22.920  -12.457 0.0000000000
95650  -53.654  23.634  -14.339 0.0000000000
136260  -55.814  23.922  -14.760 0.0000000000
95665  -55.417  24.347  -15.692 0.0000000000
96569  -55.329  24.236  -16.799 0.0000000000
95675  -54.502  24.549  -16.187 0.0000000000
98283  -51.442  26.697  -16.480 0.0000000000
97441  -52.753  25.168  -17.652 0.0000000000
98294  -52.173  26.371  -18.003 0.0000000000
97457  -51.745  25.847  -18.461 0.0000000000
98300  -51.853  26.508  -18.310 0.0000000000
155041  -45.653  28.798  -0.267 0.0000000000
99028  -45.980  27.704  -1.532 0.0000000000
100571  -46.431  29.359  -0.567 0.0000000000
101380  -50.118  30.191  -2.211 0.0000000000
100579  -49.642  29.543  -2.663 0.0000000000
99838  -50.134  29.015  -4.048 0.0000000000
99844  -49.556  28.542  -5.642 0.0000000000
100605  -50.975  29.519  -5.125 0.0000000000
102204  -55.326  31.679  -0.630 0.0000000000
102211  -54.186  31.424  -1.147 0.0000000000
101386  -55.543  31.071  -2.924 0.0000000000
101443  -55.508  30.739  -8.777 0.0000000000
101422  -54.119  30.554  -6.509 0.0000000000
101441  -53.742  30.353  -8.318 0.0000000000
135336  -52.277  29.869  -9.120 0.0000000000
142367  -52.523  29.870  -10.576 0.0000000000
100662  -52.086  29.552  -11.892 0.0000000000
142378  -53.207  30.135  -13.017 0.0000000000
102307  -54.077  31.641  -16.703 0.0000000000
100694  -53.857  30.593  -16.381 0.0000000000
101525  -52.596  30.307  -18.524 0.0000000000
99934  -51.118  28.759  -19.351 0.0000000000
101522  -50.412  29.947  -19.254 0.0000000000
144267  -48.938  28.968  -18.121 0.0000000000
144999  -49.960  31.411  -18.357 0.0000000000
134970  -49.680  32.508  -14.901 0.0000000000
103149  -48.766  32.382  -16.430 0.0000000000
103925  -52.634  33.124  -7.672 0.0000000000
103063  -52.516  32.599  -9.797 0.0000000000
136404  -50.865  32.498  -9.098 0.0000000000
136417  -47.358  32.163  -9.843 0.0000000000
103075  -48.066  32.066  -10.574 0.0000000000
103091  -46.635  32.333  -11.634 0.0000000000
103107  -45.199  32.795  -12.992 0.0000000000
103089  -44.508  32.969  -12.347 0.0000000000
103982  -42.895  32.869  -13.325 0.0000000000
103968  -43.740  33.333  -11.709 0.0000000000
150794  -44.047  33.901  -8.319 0.0000000000
103953  -43.252  33.722  -9.694 0.0000000000
104697  -42.442  34.004  -9.591 0.0000000000
104696  -41.572  34.160  -9.518 0.0000000000
93653  -47.810  21.868  -2.307 0.0000000000
94621  -47.864  22.820  -3.372 0.0000000000
95523  -47.433  23.442  -2.946 0.0000000000
96468  -47.158  24.180  -2.631 0.0000000000
98201  -46.914  26.016  -2.721 0.0000000000
104619  -57.436  33.922  2.782 0.0000000000
105317  -56.781  35.068  2.180 0.0000000000
105321  -56.509  34.976  1.388 0.0000000000
153182  -55.080  34.707  -0.128 0.0000000000
154784  -54.150  34.195  -1.406 0.0000000000
105325  -54.047  35.266  -0.026 0.0000000000
105994  -52.786  36.448  -0.378 0.0000000000
93789  -53.322  22.390  -16.440 0.0000000000
98173  -42.087  26.882  6.194 0.0000000000
98179  -43.095  27.060  5.410 0.0000000000
139460  -43.215  27.470  6.769 0.0000000000
92614  -54.542  20.199  1.076 0.0000000000
156761  -52.587  19.507  0.004 0.0000000000
91533  -53.267  19.648  1.432 0.0000000000
90426  -51.217  18.838  2.130 0.0000000000
90425  -50.356  18.644  2.470 0.0000000000
93565  -45.928  21.516  9.419 0.0000000000
91468  -44.542  19.366  7.804 0.0000000000
92579  -41.539  20.314  4.363 0.0000000000
93605  -40.904  21.825  3.693 0.0000000000
93600  -40.489  21.466  4.231 0.0000000000
94553  -39.006  22.207  4.823 0.0000000000
95601  -49.483  23.977  -9.337 0.0000000000
95614  -50.541  23.478  -10.434 0.0000000000
96538  -50.086  24.187  -10.898 0.0000000000
96547  -50.728  24.425  -12.653 0.0000000000
96551  -51.257  24.386  -13.554 0.0000000000
96559  -52.716  24.451  -15.423 0.0000000000
96557  -51.149  25.016  -14.474 0.0000000000
98282  -50.959  26.512  -15.386 0.0000000000
99119  -51.058  27.204  -15.675 0.0000000000
101359  -47.367  30.392  1.557 0.0000000000
101367  -47.716  30.332  -0.217 0.0000000000
101365  -49.134  31.083  0.169 0.0000000000
101370  -50.288  31.052  -0.897 0.0000000000
101375  -51.544  30.858  -1.792 0.0000000000
102233  -57.469  31.457  -4.420 0.0000000000
101403  -55.838  31.019  -4.674 0.0000000000
101416  -56.832  31.338  -6.606 0.0000000000
101444  -56.458  31.159  -8.887 0.0000000000
101452  -55.582  30.765  -10.616 0.0000000000
101476  -54.965  30.758  -12.753 0.0000000000
137479  -56.092  31.542  -12.576 0.0000000000
102295  -55.318  31.913  -14.588 0.0000000000
103153  -54.120  32.249  -15.989 0.0000000000
103160  -51.627  32.320  -17.074 0.0000000000
141819  -52.740  32.558  -15.444 0.0000000000
134969  -51.685  32.528  -14.568 0.0000000000
103112  -51.381  32.418  -13.032 0.0000000000
158632  -50.092  33.286  -6.621 0.0000000000
103037  -49.899  32.799  -7.726 0.0000000000
103036  -48.902  32.759  -7.622 0.0000000000
103045  -47.623  32.556  -8.111 0.0000000000
103043  -46.120  32.660  -8.510 0.0000000000
103056  -44.802  32.837  -10.142 0.0000000000
103939  -45.272  32.935  -8.586 0.0000000000
103919  -45.018  33.513  -8.008 0.0000000000
157551  -44.363  34.795  -7.490 0.0000000000
146651  -52.658  21.305  -5.459 0.0000000000
93709  -52.878  21.585  -6.374 0.0000000000
93696  -51.789  21.520  -5.887 0.0000000000
94657  -50.262  22.365  -6.608 0.0000000000
94671  -50.155  22.659  -7.408 0.0000000000
95549  -48.417  23.103  -5.044 0.0000000000
95560  -48.944  23.159  -6.307 0.0000000000
96521  -48.940  23.983  -8.096 0.0000000000
96520  -48.574  24.787  -8.179 0.0000000000
98249  -48.696  26.508  -8.944 0.0000000000
148773  -48.966  27.231  -9.041 0.0000000000
144197  -53.038  32.113  4.800 0.0000000000
102993  -53.404  32.405  2.028 0.0000000000
102985  -54.083  32.522  2.949 0.0000000000
103000  -55.858  32.223  0.996 0.0000000000
155213  -56.766  31.638  -1.086 0.0000000000
102997  -57.634  32.993  1.482 0.0000000000
103005  -57.929  32.509  -0.310 0.0000000000
102221  -57.865  31.721  -2.819 0.0000000000
103019  -58.396  32.545  -4.342 0.0000000000
134810  -57.414  33.154  -6.291 0.0000000000
103928  -56.228  33.428  -7.762 0.0000000000
103944  -54.979  33.299  -8.760 0.0000000000
103910  -54.625  33.446  -7.017 0.0000000000
103909  -53.660  33.393  -6.707 0.0000000000
103890  -52.231  33.422  -5.361 0.0000000000
103849  -53.242  33.790  -2.791 0.0000000000
103874  -52.323  33.549  -4.471 0.0000000000
103889  -51.349  33.432  -5.514 0.0000000000
103871  -50.207  33.845  -4.733 0.0000000000
153660  -49.081  35.021  -4.039 0.0000000000
106011  -48.458  36.385  -4.276 0.0000000000
97336  -43.760  25.243  0.603 0.0000000000
97339  -45.013  25.756  -0.468 0.0000000000
98191  -44.049  26.595  0.431 0.0000000000
99810  -44.479  28.086  0.980 0.0000000000
100565  -45.488  29.243  1.582 0.0000000000
146695  -44.226  27.745  4.534 0.0000000000
99805  -45.066  28.759  3.141 0.0000000000
100562  -46.403  29.739  2.826 0.0000000000
133078  -47.929  30.458  3.145 0.0000000000
101350  -48.704  30.557  3.887 0.0000000000
101352  -50.428  31.013  4.664 0.0000000000
138097  -47.292  29.863  7.567 0.0000000000
100524  -48.936  30.274  7.570 0.0000000000
101339  -50.711  30.652  6.602 0.0000000000
102163  -51.928  31.366  5.907 0.0000000000
102164  -53.397  32.124  6.480 0.0000000000
102959  -54.517  33.001  7.097 0.0000000000
103807  -55.412  33.729  6.712 0.0000000000
94649  -56.708  22.622  -5.951 0.0000000000
93699  -55.263  21.787  -5.470 0.0000000000
149885  -58.540  22.368  -0.853 0.0000000000
94625  -58.352  22.382  -2.431 0.0000000000
93672  -56.510  21.472  -3.098 0.0000000000
93671  -55.695  21.256  -3.554 0.0000000000
93669  -54.026  20.986  -4.452 0.0000000000
92662  -52.193  20.753  -4.119 0.0000000000
92650  -50.892  20.486  -3.242 0.0000000000
136201  -50.084  20.617  -2.961 0.0000000000
91547  -51.457  19.464  -0.827 0.0000000000
91553  -50.015  19.782  -1.426 0.0000000000
92634  -48.834  20.768  -2.198 0.0000000000
93646  -47.506  21.649  -1.583 0.0000000000
94518  -50.380  22.695  10.406 0.0000000000
93567  -47.745  21.651  9.219 0.0000000000
93569  -49.439  21.428  9.274 0.0000000000
155969  -51.179  21.148  9.229 0.0000000000
92557  -51.564  20.036  7.966 0.0000000000
91476  -52.141  19.713  6.945 0.0000000000
91497  -52.566  19.506  5.329 0.0000000000
90396  -51.139  18.771  4.910 0.0000000000
137020  -49.712  18.398  4.013 0.0000000000
90423  -48.519  18.506  2.731 0.0000000000
95501  -44.418  23.287  0.592 0.0000000000
95492  -43.368  23.915  1.187 0.0000000000
96452  -42.420  24.714  1.927 0.0000000000
97328  -41.502  25.763  3.608 0.0000000000
97321  -40.894  26.141  5.097 0.0000000000
148694  -59.162  21.779  -13.481 0.0000000000
157506  -58.463  22.228  -14.478 0.0000000000
93776  -57.337  22.097  -15.275 0.0000000000
94674  -53.387  21.987  -7.898 0.0000000000
133662  -54.143  22.332  -9.519 0.0000000000
94708  -51.988  22.687  -10.692 0.0000000000
137923  -54.150  22.641  -12.130 0.0000000000
94720  -55.073  22.669  -11.995 0.0000000000
95652  -56.057  23.608  -13.941 0.0000000000
95679  -57.266  23.491  -15.427 0.0000000000
93785  -56.704  22.470  -15.831 0.0000000000
94755  -56.141  22.862  -16.405 0.0000000000
94762  -54.761  23.301  -16.984 0.0000000000
95686  -53.330  23.706  -17.465 0.0000000000
96574  -53.174  24.933  -17.199 0.0000000000
95698  -53.652  24.305  -17.521 0.0000000000
95685  -52.312  23.455  -17.444 0.0000000000
95696  -51.633  23.909  -17.810 0.0000000000
96582  -50.386  24.673  -18.219 0.0000000000
97447  -49.578  25.710  -18.271 0.0000000000
98198  -45.782  26.713  -1.303 0.0000000000
153506  -46.647  26.731  -2.395 0.0000000000
99039  -47.248  27.032  -3.454 0.0000000000
152794  -47.568  29.496  -1.583 0.0000000000
99820  -48.386  28.701  -2.903 0.0000000000
99050  -48.116  27.448  -4.570 0.0000000000
99065  -48.840  27.935  -6.163 0.0000000000
99858  -49.483  28.441  -7.183 0.0000000000
99874  -49.868  28.451  -8.841 0.0000000000
102192  -53.161  31.982  0.378 0.0000000000
101376  -52.475  30.954  -1.869 0.0000000000
100587  -52.356  30.226  -3.986 0.0000000000
101414  -54.917  30.787  -5.215 0.0000000000
101400  -53.118  30.405  -5.113 0.0000000000
143218  -52.033  30.026  -5.047 0.0000000000
100624  -51.673  29.740  -7.062 0.0000000000
100632  -51.077  29.370  -8.359 0.0000000000
99882  -50.374  28.474  -10.456 0.0000000000
99896  -50.746  28.290  -12.271 0.0000000000
99915  -51.704  28.317  -16.102 0.0000000000
100677  -53.881  30.365  -13.765 0.0000000000
100693  -53.081  29.734  -16.393 0.0000000000
99921  -51.963  28.182  -17.311 0.0000000000
99139  -51.367  28.071  -19.160 0.0000000000
99137  -50.038  27.310  -19.034 0.0000000000
155209  -49.680  32.115  -17.436 0.0000000000
103079  -52.986  32.594  -10.814 0.0000000000
103095  -51.176  32.398  -11.393 0.0000000000
133651  -49.669  32.272  -12.271 0.0000000000
103077  -49.864  32.202  -10.008 0.0000000000
103093  -49.121  32.127  -11.575 0.0000000000
103109  -47.758  32.344  -13.109 0.0000000000
134857  -45.821  32.703  -13.679 0.0000000000
103134  -44.287  32.151  -14.907 0.0000000000
102289  -43.211  31.739  -14.094 0.0000000000
134791  -43.435  33.501  -10.653 0.0000000000
103966  -41.954  33.645  -11.294 0.0000000000
106706  -48.268  37.793  -5.092 0.0000000000
106026  -47.184  36.806  -6.010 0.0000000000
153222  -46.168  36.644  -6.763 0.0000000000
105367  -45.269  35.666  -7.065 0.0000000000
106032  -43.886  35.961  -7.261 0.0000000000
96461  -45.351  24.294  -0.349 0.0000000000
96462  -45.997  24.399  -0.824 0.0000000000
140694  -54.700  20.649  4.560 0.0000000000
92581  -55.293  20.868  3.848 0.0000000000
92580  -54.432  20.412  3.892 0.0000000000
91505  -53.684  19.958  3.854 0.0000000000
140892  -53.091  19.693  4.538 0.0000000000
93698  -54.397  21.586  -5.619 0.0000000000
93710  -53.983  21.715  -6.311 0.0000000000
98254  -49.415  26.403  -10.630 0.0000000000
98259  -49.637  26.103  -11.404 0.0000000000
99092  -49.715  26.956  -11.191 0.0000000000
99088  -49.974  27.801  -10.920 0.0000000000
135266  -50.908  31.548  3.363 0.0000000000
156062  -50.938  31.905  1.982 0.0000000000
103946  -56.820  33.016  -9.462 0.0000000000
103065  -57.133  32.533  -9.956 0.0000000000
103960  -56.723  32.781  -10.419 0.0000000000
103082  -56.545  32.572  -11.162 0.0000000000
103978  -56.061  32.796  -11.386 0.0000000000
103081  -55.367  32.872  -11.484 0.0000000000
103970  -55.506  33.041  -10.660 0.0000000000
104671  -48.014  34.130  -5.792 0.0000000000
93667  -49.611  21.176  -3.554 0.0000000000
94623  -49.224  21.759  -4.028 0.0000000000
97360  -47.379  25.310  -5.101 0.0000000000
98223  -47.491  26.053  -5.388 0.0000000000
98231  -47.624  26.020  -6.169 0.0000000000
98217  -47.683  26.734  -4.933 0.0000000000
103822  -56.081  33.362  5.322 0.0000000000
102975  -56.423  33.251  4.396 0.0000000000
103831  -56.879  33.485  4.077 0.0000000000
103843  -56.940  33.779  -1.727 0.0000000000
103852  -56.367  33.614  -2.672 0.0000000000
153301  -55.694  33.539  -3.308 0.0000000000
103851  -55.268  33.661  -2.639 0.0000000000
105998  -51.618  36.498  -1.238 0.0000000000
105328  -51.100  36.039  -1.677 0.0000000000
106001  -50.479  36.375  -2.081 0.0000000000
106687  -50.487  37.230  -2.080 0.0000000000
93782  -52.889  21.751  -15.651 0.0000000000
93781  -51.948  21.836  -15.538 0.0000000000
94753  -51.406  22.365  -16.183 0.0000000000
157189  -51.846  22.820  -16.860 0.0000000000
98184  -42.027  26.431  3.828 0.0000000000
155580  -42.602  26.898  3.330 0.0000000000
99770  -45.689  28.689  7.242 0.0000000000
99796  -45.809  28.102  6.067 0.0000000000
99797  -46.474  28.548  6.520 0.0000000000
99791  -47.165  28.929  6.631 0.0000000000
99771  -47.036  28.981  7.040 0.0000000000
102943  -50.368  32.897  8.124 0.0000000000
102944  -51.194  32.997  8.114 0.0000000000
95537  -59.496  23.412  -3.485 0.0000000000
94639  -58.675  23.019  -4.001 0.0000000000
94626  -58.881  22.870  -3.019 0.0000000000
160033  -53.986  20.092  -1.214 0.0000000000
137882  -53.576  20.138  -1.971 0.0000000000
92629  -53.308  19.869  -1.162 0.0000000000
149651  -49.326  18.893  1.187 0.0000000000
91538  -49.399  19.147  0.533 0.0000000000
91528  -48.651  19.129  0.894 0.0000000000
134933  -47.891  19.553  0.603 0.0000000000
93532  -46.069  22.282  10.874 0.0000000000
91471  -47.423  19.462  7.687 0.0000000000
90374  -47.960  18.890  7.145 0.0000000000
90375  -48.877  18.880  7.096 0.0000000000
90384  -48.395  18.566  6.375 0.0000000000
90383  -47.486  18.569  6.428 0.0000000000
93607  -42.437  21.216  2.897 0.0000000000
93613  -42.145  21.963  2.719 0.0000000000
95639  -57.204  23.413  -12.331 0.0000000000
94683  -50.787  22.735  -8.799 0.0000000000
94684  -51.625  22.338  -8.510 0.0000000000
95662  -52.711  23.922  -14.515 0.0000000000
95649  -52.728  23.509  -13.769 0.0000000000
95664  -54.428  24.171  -15.233 0.0000000000
98287  -51.945  26.537  -17.520 0.0000000000
149312  -51.911  27.171  -18.028 0.0000000000
139195  -46.155  29.481  0.249 0.0000000000
100569  -46.868  29.954  0.096 0.0000000000
100581  -51.292  30.082  -3.059 0.0000000000
100580  -50.462  29.797  -2.873 0.0000000000
100585  -50.692  29.591  -3.570 0.0000000000
100596  -50.862  29.505  -4.321 0.0000000000
102219  -56.500  31.480  -1.779 0.0000000000
102218  -55.475  31.242  -2.078 0.0000000000
159984  -56.224  31.307  -2.469 0.0000000000
101451  -54.687  30.543  -10.154 0.0000000000
101442  -54.418  30.477  -9.178 0.0000000000
100644  -53.776  30.346  -9.895 0.0000000000
100635  -53.264  30.220  -9.091 0.0000000000
100654  -53.481  30.251  -10.668 0.0000000000
100653  -52.757  29.952  -11.293 0.0000000000
139175  -53.781  30.341  -11.578 0.0000000000
102314  -53.589  31.388  -17.409 0.0000000000
101519  -53.608  30.793  -17.540 0.0000000000
102318  -52.524  30.965  -18.428 0.0000000000
101524  -52.057  30.585  -18.870 0.0000000000
102317  -51.769  31.167  -18.637 0.0000000000
101516  -50.200  30.809  -18.858 0.0000000000
101517  -50.838  31.442  -18.513 0.0000000000
134971  -48.771  32.484  -14.721 0.0000000000
103139  -48.775  32.513  -15.539 0.0000000000
103138  -47.957  32.556  -15.191 0.0000000000
133646  -48.153  32.413  -14.082 0.0000000000
103941  -51.717  33.016  -7.803 0.0000000000
103049  -51.435  32.720  -8.582 0.0000000000
103038  -50.836  32.932  -7.834 0.0000000000
103074  -46.402  32.287  -10.115 0.0000000000
137015  -46.230  32.354  -10.956 0.0000000000
103090  -45.562  32.601  -11.757 0.0000000000
103072  -44.707  32.880  -11.207 0.0000000000
104692  -43.157  34.079  -8.687 0.0000000000
94610  -47.592  22.661  -2.626 0.0000000000
95518  -47.171  23.377  -2.131 0.0000000000
155352  -46.994  24.937  -2.429 0.0000000000
97345  -47.144  24.941  -3.235 0.0000000000
105304  -56.975  35.309  3.018 0.0000000000
105315  -55.586  36.061  1.460 0.0000000000
152647  -55.839  35.435  1.237 0.0000000000
104623  -55.892  34.921  0.671 0.0000000000
105319  -54.243  35.911  0.500 0.0000000000
106670  -54.287  37.467  0.495 0.0000000000
105989  -53.450  36.963  0.101 0.0000000000
106681  -52.829  37.213  -0.304 0.0000000000
92750  -54.639  20.607  -14.721 0.0000000000
93783  -53.968  21.768  -15.816 0.0000000000
98172  -41.482  26.893  6.376 0.0000000000
99001  -42.270  27.321  6.626 0.0000000000
92597  -55.198  20.618  2.183 0.0000000000
92603  -54.175  20.071  1.703 0.0000000000
92613  -53.864  19.884  0.860 0.0000000000
91503  -52.052  19.078  3.405 0.0000000000
91512  -51.973  19.059  2.512 0.0000000000
91495  -42.779  19.118  5.319 0.0000000000
91500  -41.992  19.546  5.017 0.0000000000
91501  -42.356  20.007  4.052 0.0000000000
92578  -40.790  20.684  4.597 0.0000000000
93593  -39.262  21.253  5.257 0.0000000000
93592  -38.400  21.828  5.452 0.0000000000
139869  -49.390  24.551  -9.848 0.0000000000
95613  -49.798  24.028  -10.153 0.0000000000
96537  -49.597  24.698  -10.487 0.0000000000
97404  -50.224  25.135  -12.436 0.0000000000
96542  -50.271  24.477  -11.754 0.0000000000
156244  -50.336  26.981  -13.125 0.0000000000
98277  -50.621  26.477  -14.367 0.0000000000
99111  -50.807  27.231  -14.759 0.0000000000
101360  -48.661  31.038  1.911 0.0000000000
153241  -48.124  30.745  1.299 0.0000000000
102188  -48.930  31.169  1.131 0.0000000000
102190  -50.562  31.655  0.537 0.0000000000
102199  -49.975  31.312  -0.080 0.0000000000
102200  -50.818  31.452  -0.281 0.0000000000
101374  -50.641  30.730  -1.664 0.0000000000
102208  -51.172  31.184  -1.049 0.0000000000
102242  -58.082  31.980  -5.781 0.0000000000
102241  -57.575  31.589  -5.367 0.0000000000
140453  -57.536  31.687  -6.284 0.0000000000
102269  -57.177  31.845  -9.587 0.0000000000
101445  -57.038  31.581  -8.901 0.0000000000
149541  -56.735  31.412  -9.770 0.0000000000
157742  -56.156  30.946  -9.503 0.0000000000
101461  -56.213  31.172  -11.064 0.0000000000
151910  -56.070  31.289  -11.825 0.0000000000
101462  -56.458  31.637  -11.444 0.0000000000
103130  -55.989  32.218  -13.232 0.0000000000
102290  -56.022  31.941  -13.342 0.0000000000
103141  -55.134  32.239  -14.574 0.0000000000
103154  -54.765  32.026  -15.470 0.0000000000
151070  -54.419  32.330  -15.191 0.0000000000
159804  -53.693  32.450  -15.579 0.0000000000
103140  -53.686  32.534  -14.894 0.0000000000
158964  -53.210  32.590  -12.710 0.0000000000
133642  -52.930  32.590  -13.718 0.0000000000
103113  -52.548  32.533  -12.963 0.0000000000
133644  -51.033  32.409  -13.898 0.0000000000
103905  -49.684  33.472  -6.000 0.0000000000
103922  -49.431  33.155  -6.887 0.0000000000
103920  -47.464  33.247  -7.036 0.0000000000
103035  -47.973  32.782  -7.563 0.0000000000
103034  -47.159  32.837  -7.637 0.0000000000
103044  -46.955  32.548  -8.335 0.0000000000
103940  -45.797  33.159  -7.847 0.0000000000
104682  -44.589  34.142  -7.733 0.0000000000
104683  -45.007  34.820  -7.271 0.0000000000
151607  -51.948  21.263  -5.162 0.0000000000
93695  -51.229  21.419  -5.201 0.0000000000
139238  -49.863  22.138  -5.443 0.0000000000
94646  -50.357  22.066  -5.907 0.0000000000
94656  -49.519  22.899  -6.823 0.0000000000
95536  -48.127  22.963  -4.149 0.0000000000
95548  -47.741  23.700  -4.512 0.0000000000
96490  -48.060  24.060  -6.008 0.0000000000
95569  -48.448  23.763  -6.514 0.0000000000
95570  -48.921  23.420  -6.942 0.0000000000
96511  -48.540  24.080  -7.348 0.0000000000
98238  -48.233  26.695  -7.465 0.0000000000
97379  -48.214  25.721  -7.838 0.0000000000
98243  -48.429  26.357  -8.254 0.0000000000
99077  -48.677  27.183  -8.240 0.0000000000
102972  -53.906  32.408  4.846 0.0000000000
102979  -53.475  32.400  3.893 0.0000000000
102980  -54.406  32.557  4.043 0.0000000000
102995  -56.303  32.493  1.848 0.0000000000
102994  -55.333  32.428  1.822 0.0000000000
143193  -56.645  32.196  0.674 0.0000000000
102195  -56.082  31.940  0.156 0.0000000000
102196  -56.983  32.062  0.143 0.0000000000
104621  -57.606  33.667  1.702 0.0000000000
102989  -57.451  33.384  2.329 0.0000000000
149662  -57.810  33.758  0.923 0.0000000000
103845  -58.138  33.123  -1.554 0.0000000000
103840  -58.144  33.016  -0.039 0.0000000000
103008  -58.256  32.648  -1.853 0.0000000000
150640  -58.103  32.295  -1.573 0.0000000000
102216  -58.148  32.139  -2.299 0.0000000000
102222  -58.278  32.015  -3.203 0.0000000000
103012  -58.409  32.534  -3.569 0.0000000000
103878  -57.251  33.391  -4.895 0.0000000000
103895  -57.779  33.099  -5.535 0.0000000000
103894  -56.963  33.409  -5.709 0.0000000000
135301  -56.691  33.382  -7.264 0.0000000000
103911  -55.808  33.485  -6.908 0.0000000000
133640  -55.407  33.459  -7.586 0.0000000000
103875  -53.800  33.475  -5.279 0.0000000000
134967  -54.149  33.475  -6.129 0.0000000000
103891  -53.085  33.386  -5.952 0.0000000000
151641  -52.958  33.423  -5.105 0.0000000000
104635  -53.435  34.455  -1.313 0.0000000000
104642  -53.717  33.986  -2.011 0.0000000000
104641  -52.712  34.296  -1.979 0.0000000000
104647  -51.430  34.240  -2.986 0.0000000000
103848  -52.284  34.012  -2.859 0.0000000000
103856  -51.160  34.026  -3.607 0.0000000000
141080  -51.642  33.541  -4.882 0.0000000000
103873  -51.400  33.731  -4.234 0.0000000000
103872  -50.531  34.051  -4.055 0.0000000000
106002  -48.927  35.909  -3.723 0.0000000000
105343  -48.566  35.606  -4.317 0.0000000000
141861  -50.549  22.505  -16.094 0.0000000000
95683  -49.793  23.645  -17.168 0.0000000000
97335  -43.238  25.356  1.087 0.0000000000
98190  -43.611  25.993  0.776 0.0000000000
99016  -43.681  27.699  2.657 0.0000000000
146331  -43.922  27.705  1.707 0.0000000000
99807  -44.495  28.333  1.719 0.0000000000
146498  -44.953  28.707  1.225 0.0000000000
99808  -44.947  28.802  2.126 0.0000000000
99007  -43.614  27.348  6.184 0.0000000000
99010  -43.915  27.428  5.356 0.0000000000
160080  -44.590  27.680  5.327 0.0000000000
100552  -46.067  28.840  4.499 0.0000000000
99803  -45.362  28.558  4.167 0.0000000000
100557  -45.809  29.150  3.529 0.0000000000
101354  -47.232  30.257  2.502 0.0000000000
100563  -47.210  29.990  3.487 0.0000000000
134850  -49.143  30.400  4.912 0.0000000000
101351  -49.653  30.839  4.237 0.0000000000
139418  -49.864  30.663  5.018 0.0000000000
102941  -48.045  32.525  7.820 0.0000000000
102135  -46.881  31.197  7.633 0.0000000000
135098  -47.601  30.771  7.776 0.0000000000
100523  -48.278  30.018  7.589 0.0000000000
101308  -48.668  30.507  7.839 0.0000000000
153488  -51.384  31.264  7.863 0.0000000000
101323  -50.333  30.557  7.329 0.0000000000
101324  -51.141  30.930  7.359 0.0000000000
102162  -51.218  30.933  6.015 0.0000000000
101340  -51.613  31.125  6.725 0.0000000000
102172  -52.780  31.820  5.775 0.0000000000
137169  -52.597  31.655  6.822 0.0000000000
102945  -53.223  32.960  8.039 0.0000000000
102958  -53.906  32.683  7.380 0.0000000000
102946  -53.967  33.115  7.606 0.0000000000
102960  -55.087  33.326  6.756 0.0000000000
103788  -54.252  33.695  7.487 0.0000000000
136699  -58.431  23.602  -5.944 0.0000000000
94637  -56.996  22.437  -5.010 0.0000000000
94636  -56.139  22.113  -5.277 0.0000000000
93686  -55.640  21.581  -4.525 0.0000000000
93649  -57.135  21.431  -1.055 0.0000000000
93650  -57.902  21.946  -0.509 0.0000000000
93658  -57.881  21.942  -1.593 0.0000000000
93673  -57.418  21.861  -2.738 0.0000000000
93655  -55.012  20.820  -3.101 0.0000000000
93670  -54.866  21.095  -4.025 0.0000000000
92653  -53.108  20.712  -4.046 0.0000000000
92637  -51.596  20.263  -2.980 0.0000000000
92636  -50.843  20.169  -2.568 0.0000000000
91541  -52.084  19.352  0.342 0.0000000000
91548  -52.204  19.482  -0.491 0.0000000000
140986  -51.566  19.348  -0.203 0.0000000000
91545  -49.161  19.803  -0.902 0.0000000000
137511  -49.342  20.236  -1.772 0.0000000000
92626  -48.550  20.483  -1.452 0.0000000000
93647  -48.137  21.160  -1.901 0.0000000000
92625  -47.781  20.895  -1.170 0.0000000000
92559  -54.086  20.727  6.896 0.0000000000
94502  -48.451  22.841  10.893 0.0000000000
94517  -49.517  22.656  10.327 0.0000000000
93566  -46.869  21.636  9.293 0.0000000000
92554  -48.475  20.274  8.424 0.0000000000
92540  -48.937  20.808  8.775 0.0000000000
93570  -50.376  21.259  9.296 0.0000000000
92542  -50.932  20.544  8.711 0.0000000000
92543  -51.920  20.748  8.718 0.0000000000
91487  -50.630  19.004  6.699 0.0000000000
91475  -51.137  19.461  7.295 0.0000000000
91488  -51.474  19.224  6.394 0.0000000000
158639  -52.173  19.433  6.058 0.0000000000
150519  -51.750  19.117  5.501 0.0000000000
90393  -48.542  18.320  4.805 0.0000000000
90405  -48.985  18.318  4.093 0.0000000000
90414  -49.356  18.413  3.308 0.0000000000
90412  -47.898  18.405  3.383 0.0000000000
93622  -44.206  21.713  1.443 0.0000000000
93623  -44.976  21.334  1.135 0.0000000000
94582  -44.274  22.544  0.963 0.0000000000
95493  -43.786  23.211  1.048 0.0000000000
95500  -43.974  23.919  0.711 0.0000000000
94580  -43.167  23.212  1.546 0.0000000000
95486  -41.920  23.299  2.496 0.0000000000
95487  -42.157  24.009  2.180 0.0000000000
94560  -40.287  22.448  3.901 0.0000000000
94565  -41.053  22.530  3.332 0.0000000000
95475  -39.879  23.491  3.975 0.0000000000
97324  -40.323  25.339  4.497 0.0000000000
97325  -41.033  25.769  4.312 0.0000000000
98176  -40.793  26.501  5.915 0.0000000000
93759  -59.428  21.664  -12.898 0.0000000000
93768  -59.400  22.405  -13.199 0.0000000000
95655  -58.447  23.187  -14.216 0.0000000000
93767  -58.929  22.298  -13.928 0.0000000000
93778  -58.480  22.794  -14.449 0.0000000000
92753  -57.938  21.751  -14.642 0.0000000000
93777  -57.935  22.659  -15.097 0.0000000000
94659  -52.664  21.864  -7.331 0.0000000000
133663  -53.348  22.275  -9.234 0.0000000000
95615  -51.333  23.156  -11.014 0.0000000000
94718  -52.197  22.840  -11.556 0.0000000000
94731  -53.686  22.818  -12.700 0.0000000000
94719  -53.283  22.598  -11.807 0.0000000000
94732  -54.665  22.864  -12.891 0.0000000000
94733  -55.652  23.153  -13.031 0.0000000000
95666  -56.300  24.116  -15.601 0.0000000000
95678  -56.834  23.839  -15.730 0.0000000000
94757  -56.989  23.477  -15.838 0.0000000000
93786  -57.249  22.939  -15.684 0.0000000000
94756  -56.706  23.274  -16.177 0.0000000000
155299  -56.249  23.546  -16.543 0.0000000000
95688  -55.176  23.938  -17.102 0.0000000000
95687  -54.288  23.868  -17.333 0.0000000000
94761  -53.821  23.145  -17.092 0.0000000000
153389  -51.918  24.873  -15.460 0.0000000000
96566  -52.851  24.915  -16.471 0.0000000000
159288  -52.512  25.614  -17.926 0.0000000000
96585  -52.965  24.780  -17.750 0.0000000000
95697  -52.764  24.215  -17.759 0.0000000000
96584  -52.249  24.710  -18.131 0.0000000000
96588  -51.082  25.243  -18.560 0.0000000000
97448  -50.229  25.366  -18.496 0.0000000000
97455  -50.158  25.994  -18.700 0.0000000000
98193  -44.601  26.491  -0.169 0.0000000000
98194  -45.213  26.583  -0.710 0.0000000000
142152  -46.604  28.423  -1.855 0.0000000000
99029  -46.581  27.559  -2.235 0.0000000000
99031  -46.958  27.307  -2.856 0.0000000000
101368  -48.562  30.622  -0.459 0.0000000000
100573  -48.022  30.119  -1.054 0.0000000000
100576  -48.393  29.743  -1.809 0.0000000000
99821  -49.171  28.918  -3.081 0.0000000000
99041  -48.617  28.366  -3.491 0.0000000000
99040  -48.008  27.690  -3.841 0.0000000000
99051  -48.766  28.084  -4.205 0.0000000000
99058  -48.739  27.871  -5.169 0.0000000000
99851  -49.945  28.821  -6.503 0.0000000000
99850  -49.328  28.355  -6.494 0.0000000000
99866  -49.670  28.453  -7.992 0.0000000000
99867  -50.361  28.952  -8.193 0.0000000000
102186  -53.760  32.231  1.140 0.0000000000
102185  -52.820  32.241  1.229 0.0000000000
101384  -53.757  30.823  -2.626 0.0000000000
101377  -53.449  31.031  -1.908 0.0000000000
101383  -52.818  30.697  -2.594 0.0000000000
101390  -53.187  30.536  -3.382 0.0000000000
101415  -56.047  31.075  -5.785 0.0000000000
136041  -54.911  30.746  -6.198 0.0000000000
101421  -53.296  30.348  -6.588 0.0000000000
101413  -53.888  30.546  -5.728 0.0000000000
101412  -52.980  30.335  -5.832 0.0000000000
100616  -52.340  30.060  -6.307 0.0000000000
159476  -51.992  29.927  -5.834 0.0000000000
100642  -51.388  29.428  -9.131 0.0000000000
99876  -50.842  29.043  -9.850 0.0000000000
99883  -51.071  29.030  -10.732 0.0000000000
99889  -50.551  28.383  -11.322 0.0000000000
99890  -51.270  28.982  -11.656 0.0000000000
100675  -52.265  29.534  -13.425 0.0000000000
99897  -51.535  29.016  -12.730 0.0000000000
99909  -51.875  28.858  -15.270 0.0000000000
101484  -54.982  30.857  -13.582 0.0000000000
156844  -54.237  30.515  -13.102 0.0000000000
141377  -54.376  30.637  -14.488 0.0000000000
100700  -53.207  29.939  -17.246 0.0000000000
99922  -52.608  29.161  -17.285 0.0000000000
99916  -52.262  28.968  -16.324 0.0000000000
99928  -52.346  28.839  -18.176 0.0000000000
99133  -51.930  28.066  -18.517 0.0000000000
100710  -50.603  29.139  -19.324 0.0000000000
99933  -50.462  28.261  -19.283 0.0000000000
98293  -49.744  26.501  -18.632 0.0000000000
99926  -49.014  27.940  -18.162 0.0000000000
148891  -51.244  32.468  -16.449 0.0000000000
103159  -50.548  32.287  -17.109 0.0000000000
103158  -49.623  32.360  -16.746 0.0000000000
103157  -48.051  32.204  -16.791 0.0000000000
142698  -47.903  31.783  -17.147 0.0000000000
103957  -54.135  33.066  -9.172 0.0000000000
103064  -53.610  32.759  -9.973 0.0000000000
151114  -51.679  32.465  -10.466 0.0000000000
133650  -50.718  32.356  -12.246 0.0000000000
103094  -50.132  32.243  -11.479 0.0000000000
103047  -49.355  32.480  -8.507 0.0000000000
103061  -50.084  32.382  -9.213 0.0000000000
133657  -49.197  32.248  -9.411 0.0000000000
103092  -47.598  32.151  -11.448 0.0000000000
154172  -48.377  32.075  -11.312 0.0000000000
133652  -48.276  32.187  -12.129 0.0000000000
103108  -46.776  32.493  -13.317 0.0000000000
103106  -44.271  32.893  -13.421 0.0000000000
103123  -44.070  32.537  -14.253 0.0000000000
103133  -43.744  32.129  -14.422 0.0000000000
103121  -42.754  32.261  -13.688 0.0000000000
103976  -42.888  33.376  -12.478 0.0000000000
103105  -42.147  32.441  -13.197 0.0000000000
103088  -41.724  32.838  -12.556 0.0000000000
138699  -44.150  33.176  -10.689 0.0000000000
133181  -42.619  33.776  -10.536 0.0000000000
103965  -41.158  33.479  -11.039 0.0000000000
106714  -47.361  37.823  -6.263 0.0000000000
140250  -46.627  36.105  -6.378 0.0000000000
106713  -46.679  37.158  -6.551 0.0000000000
106034  -45.527  36.562  -6.978 0.0000000000
105366  -44.555  35.446  -7.281 0.0000000000
94596  -46.430  22.863  -0.813 0.0000000000
95517  -46.739  23.625  -1.455 0.0000000000
95510  -46.331  23.794  -0.978 0.0000000000
96465  -46.540  24.441  -1.362 0.0000000000
105303  -56.523  35.971  2.620 0.0000000000
105977  -56.220  36.567  2.100 0.0000000000
105991  -54.829  36.342  0.982 0.0000000000
139679  -54.773  37.046  0.953 0.0000000000
107383  -54.794  38.392  0.320 0.0000000000
92759  -54.870  21.408  -15.475 0.0000000000
99786  -41.306  28.071  6.741 0.0000000000
140485  -42.033  27.743  6.816 0.0000000000
92589  -54.895  20.587  3.252 0.0000000000
92596  -54.435  20.279  2.581 0.0000000000
91522  -53.486  19.755  2.284 0.0000000000
91514  -53.585  19.840  3.103 0.0000000000
91493  -40.497  19.955  5.790 0.0000000000
92571  -40.456  20.397  5.179 0.0000000000
94648  -55.780  22.249  -6.171 0.0000000000
160234  -55.269  22.203  -6.732 0.0000000000
94661  -55.167  22.311  -7.374 0.0000000000
147327  -54.308  22.086  -7.662 0.0000000000
97397  -49.496  25.489  -10.791 0.0000000000
97410  -49.922  25.918  -12.175 0.0000000000
97411  -50.276  25.800  -12.991 0.0000000000
98265  -50.150  26.675  -12.606 0.0000000000
139957  -50.431  27.486  -12.796 0.0000000000
102182  -49.594  31.456  1.666 0.0000000000
102184  -51.263  31.978  1.150 0.0000000000
153724  -51.280  31.748  0.292 0.0000000000
103039  -57.680  32.468  -7.442 0.0000000000
102256  -57.648  31.972  -7.805 0.0000000000
103052  -57.502  32.409  -8.459 0.0000000000
144820  -57.122  32.091  -10.207 0.0000000000
102274  -56.770  31.925  -10.987 0.0000000000
102280  -56.539  31.922  -11.688 0.0000000000
103101  -56.589  32.172  -11.476 0.0000000000
103116  -55.594  32.531  -12.880 0.0000000000
103128  -54.456  32.589  -13.758 0.0000000000
103115  -54.682  32.660  -13.096 0.0000000000
133648  -53.813  32.656  -12.507 0.0000000000
133654  -53.618  32.659  -11.670 0.0000000000
103904  -48.660  33.538  -6.212 0.0000000000
103903  -47.071  33.770  -6.650 0.0000000000
103902  -46.542  33.425  -7.228 0.0000000000
104669  -46.475  34.378  -6.694 0.0000000000
157170  -46.332  35.273  -6.582 0.0000000000
93682  -50.642  21.326  -4.572 0.0000000000
94634  -49.723  21.855  -4.768 0.0000000000
94645  -49.204  22.476  -5.251 0.0000000000
96484  -47.335  24.305  -3.964 0.0000000000
143905  -47.481  24.501  -4.822 0.0000000000
96499  -47.643  24.683  -5.750 0.0000000000
97371  -47.696  25.240  -6.456 0.0000000000
97372  -48.045  25.003  -7.276 0.0000000000
98232  -47.953  26.699  -6.526 0.0000000000
102974  -55.138  32.812  5.320 0.0000000000
136924  -55.103  32.615  3.370 0.0000000000
102982  -56.059  32.831  3.684 0.0000000000
102987  -56.654  32.779  2.643 0.0000000000
102996  -57.097  32.692  1.747 0.0000000000
104630  -57.373  34.090  -0.197 0.0000000000
104625  -57.939  33.576  0.247 0.0000000000
103844  -57.718  33.492  -1.575 0.0000000000
148680  -57.973  33.329  -2.078 0.0000000000
103863  -57.797  33.335  -3.254 0.0000000000
103862  -57.055  33.498  -3.371 0.0000000000
142454  -56.709  33.466  -4.183 0.0000000000
103877  -56.327  33.475  -4.979 0.0000000000
103876  -55.428  33.488  -5.008 0.0000000000
148359  -54.526  33.471  -4.506 0.0000000000
103859  -53.831  33.541  -3.604 0.0000000000
105329  -52.136  35.404  -1.268 0.0000000000
104634  -52.118  34.842  -1.673 0.0000000000
105332  -51.457  35.265  -1.825 0.0000000000
132857  -51.002  34.834  -2.531 0.0000000000
104639  -50.243  35.122  -2.869 0.0000000000
106000  -49.979  35.906  -2.623 0.0000000000
98186  -42.539  26.244  2.295 0.0000000000
99014  -43.895  27.819  3.538 0.0000000000
99003  -44.859  27.927  6.764 0.0000000000
99011  -45.182  27.848  5.670 0.0000000000
99004  -45.225  27.903  6.331 0.0000000000
99800  -46.359  28.474  5.673 0.0000000000
100553  -46.722  29.023  5.039 0.0000000000
100559  -47.353  29.650  4.471 0.0000000000
100554  -47.515  29.356  5.440 0.0000000000
100555  -48.118  29.605  5.824 0.0000000000
100549  -48.376  29.675  6.601 0.0000000000
159137  -48.660  32.211  8.194 0.0000000000
101302  -49.020  31.015  8.192 0.0000000000
102124  -49.635  31.563  8.407 0.0000000000
102125  -50.545  31.885  8.431 0.0000000000
102139  -51.961  31.806  8.092 0.0000000000
102151  -52.745  31.948  7.662 0.0000000000
102127  -52.066  32.436  8.248 0.0000000000
102931  -52.464  32.878  8.243 0.0000000000
95561  -58.524  23.271  -4.973 0.0000000000
154615  -57.240  22.267  -4.257 0.0000000000
93648  -56.337  21.001  -0.739 0.0000000000
157180  -56.570  21.157  -1.384 0.0000000000
140003  -56.027  20.937  -1.692 0.0000000000
92641  -55.179  20.688  -2.145 0.0000000000
92640  -54.276  20.482  -2.575 0.0000000000
92639  -53.257  20.364  -2.948 0.0000000000
92628  -52.662  19.883  -1.808 0.0000000000
91555  -52.002  19.611  -1.303 0.0000000000
91530  -50.815  19.011  0.957 0.0000000000
91539  -50.267  19.148  0.231 0.0000000000
150870  -49.498  19.390  -0.157 0.0000000000
92612  -47.844  19.989  -0.026 0.0000000000
91460  -45.928  20.030  8.266 0.0000000000
92538  -47.280  20.961  8.709 0.0000000000
92552  -46.857  20.128  8.226 0.0000000000
92555  -49.165  19.978  8.312 0.0000000000
149991  -49.870  19.753  8.097 0.0000000000
91473  -49.395  19.357  7.652 0.0000000000
91486  -49.772  18.882  6.939 0.0000000000
90386  -50.101  18.669  6.134 0.0000000000
90395  -50.287  18.575  5.295 0.0000000000
159474  -49.611  18.498  5.635 0.0000000000
156076  -48.873  18.403  5.591 0.0000000000
133993  -47.805  18.313  4.694 0.0000000000
92594  -44.307  20.415  2.278 0.0000000000
93616  -43.840  21.019  2.069 0.0000000000
93615  -43.400  21.776  1.931 0.0000000000
94573  -42.953  22.512  1.931 0.0000000000
94571  -42.334  22.569  2.390 0.0000000000
95481  -41.279  23.341  2.975 0.0000000000
94735  -59.270  22.987  -13.110 0.0000000000
95640  -58.153  23.544  -13.395 0.0000000000
95653  -57.554  23.664  -14.065 0.0000000000
94672  -51.737  22.078  -7.657 0.0000000000
94673  -52.496  22.082  -8.175 0.0000000000
133090  -52.170  22.474  -9.974 0.0000000000
95624  -51.957  23.213  -12.327 0.0000000000
95637  -53.187  23.149  -13.319 0.0000000000
94741  -54.196  23.193  -13.605 0.0000000000
95651  -54.798  23.776  -14.573 0.0000000000
95677  -56.065  24.211  -16.333 0.0000000000
95689  -55.914  23.935  -16.719 0.0000000000
95676  -55.311  24.483  -16.513 0.0000000000
96568  -54.625  24.473  -16.868 0.0000000000
97432  -51.374  25.923  -15.932 0.0000000000
97434  -52.583  25.411  -17.174 0.0000000000
97433  -51.927  25.970  -16.943 0.0000000000
97440  -52.355  25.835  -17.746 0.0000000000
96589  -51.840  25.176  -18.386 0.0000000000
97449  -52.311  25.943  -18.127 0.0000000000
98299  -51.280  26.592  -18.794 0.0000000000
99813  -45.126  28.012  -0.333 0.0000000000
99027  -45.404  27.418  -0.870 0.0000000000
99816  -46.146  28.635  -1.110 0.0000000000
100575  -46.807  29.164  -1.368 0.0000000000
101373  -49.756  30.556  -1.479 0.0000000000
100577  -49.263  29.962  -1.998 0.0000000000
100584  -49.934  29.217  -3.328 0.0000000000
99837  -49.479  28.521  -4.595 0.0000000000
99845  -50.235  29.034  -4.893 0.0000000000
139504  -50.423  29.150  -5.755 0.0000000000
100614  -50.809  29.361  -6.602 0.0000000000
102194  -55.094  31.951  0.250 0.0000000000
147146  -54.454  31.738  -0.341 0.0000000000
102212  -55.064  31.382  -1.431 0.0000000000
101378  -54.424  31.095  -1.981 0.0000000000
101385  -54.663  30.941  -2.699 0.0000000000
101433  -55.153  30.723  -7.795 0.0000000000
101423  -54.676  30.659  -7.025 0.0000000000
135166  -54.591  30.539  -8.335 0.0000000000
101432  -54.224  30.496  -7.662 0.0000000000
101431  -53.389  30.309  -7.501 0.0000000000
100634  -52.705  30.093  -8.196 0.0000000000
100643  -52.819  30.062  -9.892 0.0000000000
100652  -51.883  29.499  -11.026 0.0000000000
139174  -52.988  30.073  -12.114 0.0000000000
101511  -54.452  31.228  -16.002 0.0000000000
101502  -54.607  31.069  -15.217 0.0000000000
101510  -54.096  31.108  -16.841 0.0000000000
100701  -53.595  30.549  -17.224 0.0000000000
100706  -53.161  30.166  -17.937 0.0000000000
99935  -51.822  28.924  -18.985 0.0000000000
100712  -51.974  29.891  -19.061 0.0000000000
100711  -51.222  29.527  -19.378 0.0000000000
100704  -49.795  29.250  -18.924 0.0000000000
147697  -49.729  30.225  -18.828 0.0000000000
100703  -49.089  30.049  -18.389 0.0000000000
149772  -50.387  32.538  -15.442 0.0000000000
142831  -49.609  32.507  -15.876 0.0000000000
103148  -47.916  32.430  -16.121 0.0000000000
103956  -53.037  32.795  -9.109 0.0000000000
103942  -52.396  32.877  -8.417 0.0000000000
103062  -51.578  32.545  -9.458 0.0000000000
103078  -50.768  32.394  -9.811 0.0000000000
134021  -48.309  32.170  -9.635 0.0000000000
134020  -47.041  32.169  -10.749 0.0000000000
134858  -46.195  32.534  -12.613 0.0000000000
103977  -43.630  33.152  -12.878 0.0000000000
103937  -43.794  33.656  -8.989 0.0000000000
103951  -40.920  33.835  -10.235 0.0000000000
94611  -48.129  22.074  -3.030 0.0000000000
94622  -48.492  22.268  -3.742 0.0000000000
96474  -47.299  24.075  -3.282 0.0000000000
98208  -47.130  25.993  -3.706 0.0000000000
103824  -57.084  33.904  4.237 0.0000000000
104618  -57.247  34.610  3.359 0.0000000000
104620  -57.285  34.452  2.416 0.0000000000
134048  -56.914  34.531  0.637 0.0000000000
104629  -56.272  34.464  -0.109 0.0000000000
133262  -55.738  34.283  -0.783 0.0000000000
104643  -54.669  33.892  -1.922 0.0000000000
136973  -54.911  34.239  -1.097 0.0000000000
133909  -54.127  34.604  -0.735 0.0000000000
104628  -53.375  34.993  -0.654 0.0000000000
105995  -53.501  36.003  0.025 0.0000000000
105324  -52.824  35.577  -0.634 0.0000000000
105993  -52.200  36.889  -0.722 0.0000000000
106685  -51.693  37.354  -1.170 0.0000000000
98178  -42.286  26.775  5.529 0.0000000000
99006  -42.777  27.086  6.213 0.0000000000
99787  -42.797  27.834  6.988 0.0000000000
99002  -44.074  27.684  6.764 0.0000000000
139184  -55.238  20.494  0.925 0.0000000000
92621  -54.486  20.151  0.250 0.0000000000
142372  -53.864  19.947  -0.516 0.0000000000
92620  -53.661  19.816  0.149 0.0000000000
91542  -52.997  19.577  0.518 0.0000000000
91532  -52.405  19.366  1.180 0.0000000000
91521  -52.623  19.397  2.001 0.0000000000
91520  -51.849  19.107  1.724 0.0000000000
91531  -51.597  19.163  1.013 0.0000000000
90434  -50.574  18.812  1.636 0.0000000000
90433  -49.759  18.732  1.757 0.0000000000
90432  -48.793  18.754  1.763 0.0000000000
93546  -45.424  21.950  10.340 0.0000000000
93545  -44.417  21.551  10.239 0.0000000000
92523  -44.998  21.245  9.511 0.0000000000
92537  -45.481  20.729  8.840 0.0000000000
91458  -44.245  19.868  8.380 0.0000000000
91459  -45.041  19.952  8.346 0.0000000000
91469  -45.376  19.327  7.690 0.0000000000
92586  -41.947  20.768  3.591 0.0000000000
93606  -41.612  21.692  3.258 0.0000000000
93601  -41.186  21.097  3.916 0.0000000000
93599  -39.745  21.828  4.526 0.0000000000
93594  -40.088  20.995  4.867 0.0000000000
95602  -50.706  23.055  -9.601 0.0000000000
152032  -50.086  23.535  -9.729 0.0000000000
95622  -50.680  23.732  -11.359 0.0000000000
96541  -49.817  24.815  -11.128 0.0000000000
95634  -50.823  23.904  -12.092 0.0000000000
95635  -51.430  23.750  -12.742 0.0000000000
95648  -51.991  23.829  -13.679 0.0000000000
96558  -51.880  24.357  -14.518 0.0000000000
156588  -51.426  25.379  -15.414 0.0000000000
97418  -50.608  25.720  -13.933 0.0000000000
97426  -50.945  25.782  -14.940 0.0000000000
99120  -51.448  27.611  -16.363 0.0000000000
101362  -46.817  30.070  0.950 0.0000000000
101363  -47.515  30.410  0.665 0.0000000000
101364  -48.317  30.750  0.415 0.0000000000
102189  -49.741  31.454  0.799 0.0000000000
101381  -51.001  30.361  -2.372 0.0000000000
102225  -57.328  31.425  -3.443 0.0000000000
101394  -56.635  31.209  -4.075 0.0000000000
101404  -56.822  31.264  -5.025 0.0000000000
158032  -57.022  31.391  -5.819 0.0000000000
102255  -57.252  31.664  -8.078 0.0000000000
101424  -56.776  31.322  -7.534 0.0000000000
101434  -56.128  31.014  -8.039 0.0000000000
137803  -55.463  30.715  -9.752 0.0000000000
101459  -54.734  30.571  -11.061 0.0000000000
101469  -54.812  30.609  -11.983 0.0000000000
158427  -55.480  30.830  -11.722 0.0000000000
138955  -55.642  31.005  -12.348 0.0000000000
101485  -55.628  31.418  -13.549 0.0000000000
102286  -56.263  31.940  -12.774 0.0000000000
101478  -56.025  31.680  -13.190 0.0000000000
101494  -55.264  31.554  -14.622 0.0000000000
101503  -54.887  31.609  -15.331 0.0000000000
103163  -54.303  31.959  -16.261 0.0000000000
103161  -52.657  32.272  -17.000 0.0000000000
103170  -52.057  32.014  -17.668 0.0000000000
146255  -52.164  32.489  -16.302 0.0000000000
103151  -51.446  32.552  -15.520 0.0000000000
103127  -53.700  32.589  -14.103 0.0000000000
158466  -52.148  32.573  -15.009 0.0000000000
151472  -50.738  32.495  -14.734 0.0000000000
160105  -50.186  32.398  -14.130 0.0000000000
103111  -50.170  32.324  -13.209 0.0000000000
103906  -50.868  33.298  -6.407 0.0000000000
150137  -50.379  33.153  -7.139 0.0000000000
103046  -48.355  32.500  -8.254 0.0000000000
103921  -48.362  33.145  -6.922 0.0000000000
103059  -47.692  32.337  -8.885 0.0000000000
103058  -46.684  32.360  -9.174 0.0000000000
103057  -45.631  32.551  -9.460 0.0000000000
103955  -44.819  32.912  -9.283 0.0000000000
103938  -44.485  33.363  -8.682 0.0000000000
134425  -43.731  34.545  -7.859 0.0000000000
159949  -50.962  21.694  -5.739 0.0000000000
93707  -51.025  21.905  -6.358 0.0000000000
94658  -50.976  22.183  -7.135 0.0000000000
95581  -50.084  22.964  -8.243 0.0000000000
142307  -48.892  22.936  -5.694 0.0000000000
95559  -48.425  23.482  -5.822 0.0000000000
95580  -49.341  23.338  -7.639 0.0000000000
95590  -49.476  23.618  -8.514 0.0000000000
144683  -49.056  24.237  -8.679 0.0000000000
96530  -48.958  24.870  -9.203 0.0000000000
97384  -48.564  25.662  -8.679 0.0000000000
97389  -48.865  25.800  -9.500 0.0000000000
98250  -49.108  26.708  -9.767 0.0000000000
138777  -49.473  27.746  -9.520 0.0000000000
102176  -52.527  32.113  3.809 0.0000000000
102181  -52.081  32.117  2.857 0.0000000000
102984  -52.989  32.391  2.930 0.0000000000
147792  -54.366  32.426  1.910 0.0000000000
155396  -54.932  32.541  2.531 0.0000000000
102205  -56.452  31.759  -0.525 0.0000000000
103835  -57.217  33.537  3.272 0.0000000000
102988  -57.240  33.045  2.481 0.0000000000
103838  -57.956  33.254  0.784 0.0000000000
103002  -57.876  32.770  0.485 0.0000000000
103004  -57.572  32.354  0.133 0.0000000000
102206  -57.380  31.945  -0.548 0.0000000000
102214  -57.324  31.716  -1.426 0.0000000000
102220  -57.135  31.497  -2.407 0.0000000000
102226  -57.985  31.687  -3.797 0.0000000000
102234  -58.036  31.807  -4.759 0.0000000000
103879  -57.848  33.178  -4.723 0.0000000000
103024  -58.120  32.560  -5.542 0.0000000000
103029  -57.868  32.627  -6.401 0.0000000000
103913  -57.355  33.064  -7.133 0.0000000000
103929  -56.994  33.199  -7.894 0.0000000000
103945  -55.965  33.315  -9.153 0.0000000000
103958  -55.256  33.192  -9.655 0.0000000000
134025  -55.654  33.404  -8.297 0.0000000000
103927  -54.737  33.395  -7.931 0.0000000000
139002  -54.163  33.236  -8.352 0.0000000000
134966  -55.034  33.500  -6.287 0.0000000000
103926  -53.694  33.296  -7.559 0.0000000000
103908  -52.821  33.294  -6.860 0.0000000000
103907  -52.036  33.325  -6.198 0.0000000000
103850  -54.254  33.695  -2.750 0.0000000000
103858  -52.807  33.641  -3.626 0.0000000000
103888  -50.421  33.553  -5.419 0.0000000000
103887  -49.598  33.880  -5.103 0.0000000000
104645  -49.897  34.681  -3.586 0.0000000000
104655  -49.670  34.275  -4.349 0.0000000000
104664  -48.948  34.436  -4.763 0.0000000000
135657  -48.523  35.070  -4.631 0.0000000000
105348  -47.958  35.722  -4.974 0.0000000000
96458  -44.239  24.637  0.338 0.0000000000
97338  -44.838  24.927  -0.216 0.0000000000
97337  -44.268  25.656  0.140 0.0000000000
157135  -44.404  27.109  0.151 0.0000000000
98188  -43.545  26.873  1.154 0.0000000000
99021  -44.110  27.388  0.742 0.0000000000
99022  -44.615  27.748  0.237 0.0000000000
99811  -45.015  28.447  0.393 0.0000000000
147495  -45.515  29.111  0.683 0.0000000000
100568  -46.138  29.650  1.098 0.0000000000
99013  -43.335  27.363  4.294 0.0000000000
99802  -44.618  28.219  3.822 0.0000000000
99799  -44.962  28.028  4.801 0.0000000000
100561  -45.587  29.268  2.518 0.0000000000
100566  -46.021  29.626  1.954 0.0000000000
101358  -46.641  29.996  1.805 0.0000000000
152278  -47.987  30.650  2.197 0.0000000000
101355  -48.661  30.875  2.788 0.0000000000
101349  -47.869  30.160  3.983 0.0000000000
101356  -49.466  31.089  3.257 0.0000000000
102174  -50.296  31.258  3.718 0.0000000000
133597  -51.087  31.399  4.215 0.0000000000
100522  -47.634  29.576  7.387 0.0000000000
100539  -48.264  29.776  7.245 0.0000000000
101338  -49.308  30.122  6.530 0.0000000000
101309  -49.390  30.781  8.098 0.0000000000
101322  -49.527  30.290  7.231 0.0000000000
155258  -50.022  30.414  6.262 0.0000000000
101347  -50.453  30.712  5.630 0.0000000000
102170  -51.190  31.192  5.203 0.0000000000
102171  -52.034  31.667  4.762 0.0000000000
153375  -53.557  32.217  5.675 0.0000000000
102152  -53.388  32.246  7.232 0.0000000000
102965  -54.090  32.544  6.723 0.0000000000
102973  -54.338  32.529  5.750 0.0000000000
102966  -54.977  32.940  6.287 0.0000000000
103818  -55.650  33.431  6.155 0.0000000000
104575  -56.371  34.050  5.783 0.0000000000
145671  -54.816  34.334  7.121 0.0000000000
94650  -57.648  22.960  -5.483 0.0000000000
150950  -56.288  22.556  -6.482 0.0000000000
94624  -56.979  21.909  -3.673 0.0000000000
157260  -56.274  21.611  -3.879 0.0000000000
93685  -54.699  21.379  -4.882 0.0000000000
152496  -54.000  21.280  -5.119 0.0000000000
134407  -53.305  21.114  -4.916 0.0000000000
93684  -52.469  21.012  -4.721 0.0000000000
92652  -52.337  20.468  -3.426 0.0000000000
92651  -51.449  20.679  -3.773 0.0000000000
93668  -50.513  20.911  -3.804 0.0000000000
92635  -49.188  20.973  -2.881 0.0000000000
91549  -53.047  19.668  -0.365 0.0000000000
91554  -51.329  19.641  -1.440 0.0000000000
137499  -50.884  19.339  -0.370 0.0000000000
134724  -50.750  19.546  -1.102 0.0000000000
92627  -50.774  19.833  -1.818 0.0000000000
134127  -50.086  20.174  -2.172 0.0000000000
153286  -49.494  20.543  -2.409 0.0000000000
93654  -48.474  21.399  -2.619 0.0000000000
94597  -46.990  22.210  -1.237 0.0000000000
95502  -45.078  23.536  0.090 0.0000000000
92573  -54.143  20.400  5.290 0.0000000000
94505  -50.810  23.268  11.011 0.0000000000
94519  -51.339  22.745  10.477 0.0000000000
93553  -51.967  22.032  9.925 0.0000000000
93547  -46.511  22.201  10.130 0.0000000000
93548  -47.423  22.206  9.829 0.0000000000
93549  -48.241  22.202  9.745 0.0000000000
93568  -48.577  21.586  9.232 0.0000000000
93550  -49.052  22.164  9.756 0.0000000000
93551  -49.925  22.064  9.827 0.0000000000
93552  -50.967  21.905  9.838 0.0000000000
93571  -51.710  21.418  9.412 0.0000000000
93572  -52.501  21.399  9.210 0.0000000000
92544  -52.938  20.834  8.409 0.0000000000
144968  -52.509  20.294  7.777 0.0000000000
92556  -50.623  19.863  8.101 0.0000000000
92558  -53.104  20.177  6.907 0.0000000000
91489  -52.854  19.788  6.110 0.0000000000
91490  -53.376  19.933  5.317 0.0000000000
136961  -52.119  19.170  4.473 0.0000000000
90407  -51.227  18.756  3.932 0.0000000000
90406  -50.373  18.539  4.404 0.0000000000
90415  -50.315  18.540  3.431 0.0000000000
157312  -49.877  18.513  2.919 0.0000000000
90424  -49.448  18.565  2.484 0.0000000000
90431  -47.977  18.758  2.072 0.0000000000
136787  -47.032  18.358  5.801 0.0000000000
134024  -47.101  18.314  4.997 0.0000000000
90403  -47.306  18.356  4.052 0.0000000000
90411  -46.554  18.553  3.546 0.0000000000
143861  -47.215  18.504  3.274 0.0000000000
90422  -47.576  18.616  2.674 0.0000000000
94588  -44.940  22.651  0.486 0.0000000000
148011  -44.515  23.924  0.363 0.0000000000
96457  -43.575  24.608  0.852 0.0000000000
96453  -42.983  24.656  1.373 0.0000000000
95491  -42.747  23.948  1.669 0.0000000000
97334  -42.681  25.447  1.698 0.0000000000
97327  -40.879  25.100  3.712 0.0000000000
98181  -41.666  26.357  4.678 0.0000000000
98177  -41.544  26.592  5.708 0.0000000000
98171  -40.627  26.948  6.448 0.0000000000
98175  -39.994  26.360  6.026 0.0000000000
144386  -40.759  27.503  6.641 0.0000000000
92733  -58.884  21.149  -13.207 0.0000000000
150510  -58.934  22.871  -13.767 0.0000000000
135368  -58.132  20.703  -13.408 0.0000000000
92742  -57.697  20.905  -14.042 0.0000000000
92752  -57.126  21.189  -14.641 0.0000000000
94660  -53.633  21.846  -7.077 0.0000000000
94686  -54.048  22.198  -8.584 0.0000000000
135309  -53.144  22.141  -8.587 0.0000000000
95603  -51.352  22.866  -10.187 0.0000000000
94709  -52.995  22.408  -10.690 0.0000000000
133991  -54.082  22.453  -11.320 0.0000000000
95638  -56.743  23.532  -13.370 0.0000000000
95667  -57.494  23.665  -14.972 0.0000000000
142284  -56.792  23.803  -14.747 0.0000000000
93787  -57.450  23.203  -15.453 0.0000000000
93775  -56.505  21.520  -15.216 0.0000000000
92760  -55.855  21.904  -15.796 0.0000000000
93784  -55.101  22.424  -16.382 0.0000000000
94763  -55.644  23.422  -16.801 0.0000000000
93790  -54.203  22.579  -16.616 0.0000000000
152108  -52.820  22.944  -17.012 0.0000000000
95674  -53.560  24.627  -16.108 0.0000000000
96567  -53.828  24.693  -16.815 0.0000000000
96575  -53.615  24.548  -17.261 0.0000000000
151116  -51.464  23.250  -17.260 0.0000000000
95684  -50.722  23.396  -17.278 0.0000000000
96583  -51.305  24.597  -18.252 0.0000000000
95695  -50.579  24.033  -17.800 0.0000000000
95694  -49.864  24.256  -17.714 0.0000000000
97340  -45.547  25.069  -0.660 0.0000000000
98195  -45.701  25.871  -0.978 0.0000000000
147416  -46.257  25.971  -1.559 0.0000000000
156943  -46.296  26.783  -1.895 0.0000000000
98199  -46.634  26.131  -2.063 0.0000000000
98209  -47.517  26.845  -4.166 0.0000000000
100572  -47.202  29.795  -0.809 0.0000000000
151976  -47.190  28.928  -1.984 0.0000000000
133107  -48.800  29.321  -2.480 0.0000000000
99818  -47.891  29.058  -2.356 0.0000000000
156407  -47.846  28.532  -2.766 0.0000000000
99032  -47.773  28.028  -3.159 0.0000000000
153604  -48.084  27.244  -5.254 0.0000000000
99057  -48.268  27.331  -5.932 0.0000000000
99064  -48.424  27.384  -6.760 0.0000000000
99072  -48.902  27.969  -6.977 0.0000000000
99078  -49.035  27.946  -7.756 0.0000000000
99083  -49.242  27.859  -8.582 0.0000000000
158646  -49.836  27.999  -10.210 0.0000000000
102992  -52.487  32.310  2.066 0.0000000000
102191  -52.116  31.948  0.504 0.0000000000
102202  -52.613  31.628  -0.383 0.0000000000
102203  -53.591  31.676  -0.408 0.0000000000
102210  -53.062  31.332  -1.164 0.0000000000
102209  -52.090  31.262  -1.127 0.0000000000
101382  -51.887  30.549  -2.504 0.0000000000
101389  -52.172  30.340  -3.220 0.0000000000
101393  -55.687  31.011  -3.744 0.0000000000
101402  -54.861  30.794  -4.259 0.0000000000
101391  -53.995  30.648  -3.861 0.0000000000
101401  -53.978  30.601  -4.726 0.0000000000
140231  -53.176  30.413  -4.278 0.0000000000
100597  -51.677  29.920  -4.618 0.0000000000
100606  -51.673  29.823  -5.428 0.0000000000
100615  -51.596  29.736  -6.169 0.0000000000
100623  -50.910  29.370  -7.569 0.0000000000
142371  -52.045  29.859  -7.740 0.0000000000
143217  -51.500  29.617  -7.826 0.0000000000
99875  -50.580  28.990  -9.014 0.0000000000
99881  -50.127  28.479  -9.659 0.0000000000
99903  -50.882  28.150  -13.282 0.0000000000
99112  -51.224  28.001  -15.220 0.0000000000
100668  -54.003  30.408  -12.411 0.0000000000
136935  -53.331  30.077  -14.567 0.0000000000
100686  -53.704  30.283  -15.440 0.0000000000
100685  -52.737  29.567  -15.415 0.0000000000
142851  -51.529  27.308  -18.676 0.0000000000
99138  -50.921  27.316  -19.202 0.0000000000
98298  -50.506  26.588  -18.966 0.0000000000
103169  -51.122  31.997  -17.774 0.0000000000
102306  -49.396  31.709  -17.899 0.0000000000
143275  -48.806  32.067  -17.259 0.0000000000
102305  -48.633  31.423  -17.716 0.0000000000
103969  -54.588  32.977  -10.078 0.0000000000
156871  -52.914  32.566  -11.492 0.0000000000
103096  -52.231  32.483  -11.400 0.0000000000
133649  -51.813  32.445  -12.179 0.0000000000
103110  -48.900  32.301  -12.983 0.0000000000
103048  -50.422  32.611  -8.483 0.0000000000
103076  -48.976  32.083  -10.210 0.0000000000
156511  -48.827  32.030  -10.886 0.0000000000
133656  -49.581  32.104  -10.794 0.0000000000
155365  -48.988  32.222  -12.224 0.0000000000
133647  -47.254  32.481  -13.906 0.0000000000
103125  -46.431  32.625  -14.309 0.0000000000
137367  -45.501  32.633  -14.693 0.0000000000
103135  -44.757  32.478  -14.898 0.0000000000
102293  -43.938  31.719  -14.706 0.0000000000
102284  -41.834  31.723  -13.017 0.0000000000
103967  -42.787  33.601  -11.511 0.0000000000
152464  -51.986  38.395  -1.281 0.0000000000
106690  -49.468  37.222  -3.085 0.0000000000
158351  -49.164  37.598  -3.633 0.0000000000
106698  -48.632  37.460  -4.282 0.0000000000
106018  -48.020  36.880  -4.905 0.0000000000
157014  -47.591  36.518  -5.451 0.0000000000
107432  -48.016  38.191  -5.763 0.0000000000
106017  -47.724  37.339  -5.598 0.0000000000
105356  -47.273  35.859  -5.764 0.0000000000
105368  -45.960  35.874  -6.805 0.0000000000
160148  -43.969  35.178  -7.463 0.0000000000
90413  -48.590  18.360  3.518 0.0000000000
90435  -51.220  18.960  1.492 0.0000000000
92553  -47.756  20.203  8.295 0.0000000000
92604  -54.928  20.424  1.605 0.0000000000
95654  -58.111  23.513  -14.260 0.0000000000
99815  -45.618  28.147  -0.862 0.0000000000
100548  -47.628  29.260  6.308 0.0000000000
100550  -48.864  29.974  7.092 0.0000000000
100598  -52.443  30.206  -4.734 0.0000000000
100607  -52.358  30.130  -5.461 0.0000000000
100633  -51.819  29.720  -8.394 0.0000000000
100667  -52.360  29.694  -12.615 0.0000000000
100676  -52.969  29.964  -13.823 0.0000000000
100705  -52.495  29.556  -18.513 0.0000000000
101301  -48.432  30.897  7.992 0.0000000000
101307  -48.003  30.197  7.723 0.0000000000
101310  -50.696  30.899  7.903 0.0000000000
101346  -49.606  30.366  5.686 0.0000000000
101369  -49.420  30.857  -0.684 0.0000000000
101392  -54.792  30.837  -3.430 0.0000000000
101435  -56.794  31.357  -8.289 0.0000000000
101453  -56.239  31.017  -10.266 0.0000000000
101460  -55.719  30.879  -11.286 0.0000000000
101477  -55.690  31.230  -13.026 0.0000000000
101486  -55.707  31.740  -13.866 0.0000000000
101518  -53.154  30.818  -18.028 0.0000000000
101523  -51.219  30.536  -19.124 0.0000000000
102123  -48.889  31.590  8.284 0.0000000000
102126  -51.380  32.172  8.330 0.0000000000
102138  -51.048  31.497  8.203 0.0000000000
102140  -52.706  32.415  8.074 0.0000000000
102180  -51.247  31.826  2.726 0.0000000000
102207  -57.884  32.150  -1.072 0.0000000000
102213  -55.940  31.530  -1.260 0.0000000000
102215  -57.810  31.889  -1.890 0.0000000000
102227  -58.381  32.018  -4.117 0.0000000000
102235  -58.316  32.242  -4.945 0.0000000000
102279  -56.361  31.765  -12.121 0.0000000000
102308  -54.467  31.622  -16.108 0.0000000000
102313  -52.981  31.337  -17.983 0.0000000000
102927  -49.276  32.284  8.350 0.0000000000
102930  -51.683  32.748  8.306 0.0000000000
102981  -55.233  32.728  4.361 0.0000000000
102999  -54.749  32.194  1.065 0.0000000000
103007  -58.198  32.728  -0.968 0.0000000000
103010  -58.324  32.561  -2.685 0.0000000000
103050  -52.196  32.677  -9.057 0.0000000000
103051  -57.283  32.638  -9.206 0.0000000000
103066  -57.353  32.211  -9.388 0.0000000000
103098  -54.795  32.774  -12.134 0.0000000000
103100  -56.335  32.400  -11.856 0.0000000000
103118  -56.430  32.058  -12.138 0.0000000000
103122  -43.353  32.391  -13.919 0.0000000000
103129  -55.290  32.416  -13.740 0.0000000000
103142  -55.677  32.086  -13.858 0.0000000000
103152  -53.225  32.412  -16.229 0.0000000000
103162  -53.680  32.054  -16.830 0.0000000000
103168  -50.217  31.905  -17.911 0.0000000000
103171  -52.957  31.843  -17.585 0.0000000000
103784  -50.729  33.213  7.841 0.0000000000
103785  -52.006  33.169  8.127 0.0000000000
103786  -52.827  33.324  8.061 0.0000000000
103806  -54.710  33.498  7.171 0.0000000000
103808  -55.944  33.818  6.231 0.0000000000
103854  -58.000  33.313  -2.602 0.0000000000
103857  -51.889  33.839  -3.626 0.0000000000
103864  -58.222  33.048  -3.052 0.0000000000
103880  -58.129  33.042  -4.010 0.0000000000
103896  -58.212  32.854  -4.900 0.0000000000
103912  -56.739  33.412  -6.545 0.0000000000
103924  -51.867  33.191  -7.039 0.0000000000
103930  -57.427  32.845  -7.926 0.0000000000
103971  -56.304  32.924  -10.788 0.0000000000
103981  -42.309  33.057  -12.822 0.0000000000
104554  -55.030  34.026  7.136 0.0000000000
104604  -57.123  34.550  4.244 0.0000000000
104605  -57.322  34.076  3.600 0.0000000000
104637  -57.395  33.809  -1.022 0.0000000000
106689  -48.967  36.812  -3.656 0.0000000000
133643  -52.042  32.517  -13.772 0.0000000000
134968  -52.712  32.590  -14.502 0.0000000000
135492  -56.721  32.394  1.222 0.0000000000
136566  -46.199  18.323  5.446 0.0000000000
136782  -56.549  33.275  -8.550 0.0000000000
138091  -51.602  31.672  -18.177 0.0000000000
138539  -58.545  21.510  -13.925 0.0000000000
139510  -51.088  29.527  -5.809 0.0000000000
140497  -49.851  30.594  7.809 0.0000000000
140921  -50.915  33.655  -4.802 0.0000000000
141427  -53.919  30.473  -7.049 0.0000000000
142208  -51.495  33.280  7.907 0.0000000000
144369  -57.389  31.689  -7.199 0.0000000000
145088  -56.170  33.675  5.745 0.0000000000
147810  -56.941  31.786  -10.300 0.0000000000
151602  -52.058  32.179  1.382 0.0000000000
152754  -56.305  33.505  -3.542 0.0000000000
152900  -46.234  28.607  5.100 0.0000000000
153656  -49.981  30.374  6.811 0.0000000000
154262  -57.593  34.066  0.599 0.0000000000
155040  -52.976  20.125  -2.345 0.0000000000
155915  -51.665  35.837  -1.368 0.0000000000
156494  -44.522  33.696  -8.146 0.0000000000
156959  -53.408  35.439  -0.308 0.0000000000
158142  -49.102  31.271  1.755 0.0000000000
158476  -51.041  20.965  -4.192 0.0000000000
159966  -53.857  32.349  6.214 0.0000000000
160021  -55.573  33.119  5.624 0.0000000000
