#!ascii label  , from subject ICBM2009cNolinAsym vox2ras=TkReg
1279
53309  -10.975  -14.921  52.893 0.0000000000
60109  -37.206  -9.215  33.971 0.0000000000
68713  -34.471  -2.341  32.307 0.0000000000
63609  -30.207  -5.142  41.296 0.0000000000
76634  -41.272  5.413  17.004 0.0000000000
71993  -36.220  2.297  22.211 0.0000000000
62445  -39.485  -6.727  41.175 0.0000000000
60045  -34.478  -7.874  37.470 0.0000000000
78744  -48.195  8.727  19.394 0.0000000000
79955  -51.418  10.244  14.155 0.0000000000
84492  -52.909  12.922  12.742 0.0000000000
73041  -37.748  4.004  32.149 0.0000000000
70861  -33.741  1.103  27.551 0.0000000000
137620  -39.898  5.154  27.939 0.0000000000
71946  -42.907  3.768  24.599 0.0000000000
58950  -21.772  -8.326  41.419 0.0000000000
53263  -7.414  -15.291  57.453 0.0000000000
145716  -37.338  -5.393  33.652 0.0000000000
70757  -37.531  -0.151  37.415 0.0000000000
61229  -23.380  -7.461  38.071 0.0000000000
63697  -28.317  -6.106  34.076 0.0000000000
83485  -50.838  11.362  5.865 0.0000000000
87457  -54.704  15.980  8.895 0.0000000000
70972  -39.837  1.919  19.769 0.0000000000
74349  -46.151  4.925  21.896 0.0000000000
54405  -12.639  -13.521  48.778 0.0000000000
48872  -4.599  -20.191  54.773 0.0000000000
134010  -50.048  9.515  16.976 0.0000000000
74224  -39.088  4.677  30.295 0.0000000000
58961  -19.454  -9.628  39.996 0.0000000000
53277  -9.788  -14.990  55.772 0.0000000000
156884  -37.368  -8.214  31.271 0.0000000000
62536  -39.054  -7.200  33.658 0.0000000000
63634  -26.925  -5.144  39.760 0.0000000000
141873  -26.132  -5.956  35.928 0.0000000000
134710  -29.774  -5.093  37.400 0.0000000000
60073  -35.043  -8.927  36.481 0.0000000000
61257  -32.591  -8.835  35.289 0.0000000000
60121  -33.941  -9.308  33.047 0.0000000000
64662  -28.437  -5.087  43.091 0.0000000000
62431  -25.185  -5.640  41.963 0.0000000000
79994  -47.422  8.718  11.417 0.0000000000
149624  -49.537  10.370  7.510 0.0000000000
86509  -53.755  14.760  11.132 0.0000000000
71943  -34.447  1.801  25.083 0.0000000000
72013  -37.994  2.056  20.598 0.0000000000
70922  -44.623  2.774  23.079 0.0000000000
57818  -16.191  -10.609  44.677 0.0000000000
57768  -15.227  -10.977  47.122 0.0000000000
57752  -14.264  -11.460  49.133 0.0000000000
55542  -13.217  -13.439  46.272 0.0000000000
48881  -6.323  -20.305  54.122 0.0000000000
61232  -38.349  -8.509  37.282 0.0000000000
63664  -38.845  -6.384  37.331 0.0000000000
64702  -40.965  -5.331  39.482 0.0000000000
62410  -33.170  -6.110  43.035 0.0000000000
62455  -32.582  -5.971  38.793 0.0000000000
61183  -35.243  -6.806  40.669 0.0000000000
60036  -36.895  -7.916  39.354 0.0000000000
77674  -45.070  7.287  18.925 0.0000000000
78776  -47.048  9.007  16.521 0.0000000000
79953  -48.070  9.364  14.436 0.0000000000
81184  -50.124  10.884  12.401 0.0000000000
83452  -50.513  12.009  11.186 0.0000000000
82316  -52.303  11.001  13.354 0.0000000000
70794  -35.111  0.578  32.847 0.0000000000
69790  -33.902  -0.403  30.643 0.0000000000
71907  -35.397  2.558  29.957 0.0000000000
73080  -36.712  3.845  28.217 0.0000000000
133280  -37.876  4.064  25.675 0.0000000000
73155  -39.143  3.516  23.512 0.0000000000
74287  -41.539  5.319  26.007 0.0000000000
58913  -20.951  -8.471  43.240 0.0000000000
145996  -17.276  -10.163  42.022 0.0000000000
86529  -55.348  15.011  3.788 0.0000000000
53250  -5.396  -14.993  57.683 0.0000000000
64780  -37.002  -6.450  31.213 0.0000000000
159483  -35.549  -4.084  32.711 0.0000000000
65722  -38.402  -4.582  36.141 0.0000000000
67623  -37.306  -2.910  35.561 0.0000000000
68696  -35.713  -1.243  34.576 0.0000000000
154535  -36.766  2.547  34.927 0.0000000000
61240  -31.990  -6.695  36.258 0.0000000000
62407  -24.384  -6.681  43.755 0.0000000000
60032  -22.404  -7.857  40.208 0.0000000000
84518  -50.970  12.895  8.651 0.0000000000
85495  -52.302  13.796  6.708 0.0000000000
86525  -53.761  14.753  5.496 0.0000000000
87462  -56.371  16.719  6.934 0.0000000000
145782  -9.895  -16.478  50.080 0.0000000000
51134  -8.913  -17.258  52.749 0.0000000000
73223  -40.708  3.108  18.564 0.0000000000
133518  -41.252  2.222  21.774 0.0000000000
72056  -43.079  2.788  20.824 0.0000000000
75518  -44.030  5.143  20.083 0.0000000000
77650  -46.755  7.302  20.876 0.0000000000
54398  -11.545  -14.523  50.732 0.0000000000
51085  -7.506  -17.247  55.251 0.0000000000
51070  -5.590  -17.384  56.140 0.0000000000
51068  -4.011  -17.335  55.764 0.0000000000
53300  -10.191  -15.225  54.137 0.0000000000
60124  -36.509  -9.260  33.090 0.0000000000
60125  -37.595  -8.772  32.998 0.0000000000
61270  -38.011  -8.824  33.918 0.0000000000
64693  -28.406  -5.119  40.510 0.0000000000
152993  -28.626  -4.936  38.906 0.0000000000
142524  -30.213  -5.001  39.682 0.0000000000
60089  -35.978  -9.409  35.127 0.0000000000
60087  -34.615  -9.270  34.852 0.0000000000
60123  -35.573  -9.382  33.471 0.0000000000
60140  -35.726  -9.323  32.509 0.0000000000
137829  -30.981  -5.350  42.721 0.0000000000
64651  -30.375  -5.468  44.368 0.0000000000
64674  -29.650  -5.206  42.207 0.0000000000
64682  -27.433  -5.181  41.141 0.0000000000
82350  -49.290  10.587  8.358 0.0000000000
65754  -34.837  -4.585  31.369 0.0000000000
150377  -33.860  -3.490  30.709 0.0000000000
147019  -35.459  2.389  24.029 0.0000000000
70917  -34.689  1.075  22.183 0.0000000000
71994  -37.144  2.507  21.856 0.0000000000
57817  -15.579  -11.298  44.267 0.0000000000
155756  -16.121  -10.443  46.303 0.0000000000
56666  -14.904  -11.721  45.737 0.0000000000
56652  -14.116  -12.110  47.091 0.0000000000
55554  -13.778  -12.931  45.785 0.0000000000
61209  -38.812  -7.418  39.452 0.0000000000
62467  -39.435  -6.565  38.990 0.0000000000
63625  -40.746  -6.104  40.421 0.0000000000
62396  -34.367  -7.496  44.311 0.0000000000
61153  -34.499  -6.778  42.452 0.0000000000
61155  -35.733  -7.463  42.933 0.0000000000
62424  -38.878  -6.776  42.399 0.0000000000
60009  -37.228  -7.335  40.889 0.0000000000
61197  -38.462  -7.573  40.479 0.0000000000
60049  -37.094  -8.668  38.257 0.0000000000
77676  -46.590  8.096  19.046 0.0000000000
78761  -45.610  8.265  17.342 0.0000000000
78750  -47.548  8.749  18.313 0.0000000000
78806  -50.879  9.894  15.076 0.0000000000
78804  -49.426  9.571  15.248 0.0000000000
141885  -50.012  9.993  14.486 0.0000000000
79984  -49.249  10.205  13.035 0.0000000000
79986  -50.919  10.455  13.326 0.0000000000
81185  -51.124  10.676  12.925 0.0000000000
81166  -51.834  10.304  13.221 0.0000000000
71873  -36.023  2.374  32.845 0.0000000000
71888  -35.260  1.989  31.290 0.0000000000
73054  -36.514  3.319  30.978 0.0000000000
160277  -38.847  4.565  29.280 0.0000000000
73074  -38.054  4.293  29.203 0.0000000000
73081  -38.002  4.394  28.374 0.0000000000
73089  -37.006  4.060  27.303 0.0000000000
74284  -38.674  4.711  26.816 0.0000000000
74300  -39.238  4.722  25.779 0.0000000000
143548  -40.708  5.460  26.964 0.0000000000
139671  -22.481  -7.944  43.779 0.0000000000
58916  -22.253  -8.158  43.997 0.0000000000
143321  -21.692  -8.298  42.560 0.0000000000
147242  -18.168  -9.658  41.446 0.0000000000
87472  -56.497  15.855  4.479 0.0000000000
86531  -56.908  15.669  3.772 0.0000000000
53251  -6.278  -14.954  57.993 0.0000000000
153110  -38.067  -7.023  32.021 0.0000000000
63744  -37.459  -7.002  31.205 0.0000000000
64770  -37.169  -6.062  32.105 0.0000000000
64769  -36.494  -5.803  31.689 0.0000000000
65734  -36.819  -5.051  33.255 0.0000000000
65698  -39.923  -4.543  38.500 0.0000000000
146832  -38.800  -5.712  36.726 0.0000000000
66645  -39.468  -3.587  37.865 0.0000000000
69734  -38.136  -0.491  37.927 0.0000000000
68678  -38.277  -1.852  37.430 0.0000000000
69748  -37.172  -1.149  36.682 0.0000000000
159079  -36.437  -1.633  35.475 0.0000000000
70768  -36.585  -0.133  36.107 0.0000000000
70767  -36.144  0.278  35.326 0.0000000000
71839  -37.031  1.209  36.643 0.0000000000
63683  -26.783  -5.959  35.076 0.0000000000
61206  -33.435  -6.698  38.395 0.0000000000
62466  -32.341  -6.166  37.645 0.0000000000
61230  -32.791  -7.135  36.608 0.0000000000
139567  -31.515  -8.231  33.770 0.0000000000
62408  -25.178  -6.431  44.131 0.0000000000
62453  -23.972  -6.203  40.023 0.0000000000
160317  -23.174  -7.033  40.980 0.0000000000
61216  -23.031  -7.346  39.036 0.0000000000
60042  -22.025  -9.064  37.985 0.0000000000
83453  -51.075  12.159  11.810 0.0000000000
156190  -50.563  12.398  10.215 0.0000000000
84511  -51.426  13.172  10.176 0.0000000000
87454  -54.495  15.699  9.878 0.0000000000
85488  -52.816  14.467  8.603 0.0000000000
149642  -53.161  14.694  7.772 0.0000000000
85496  -53.054  14.371  6.238 0.0000000000
86523  -54.412  15.473  6.580 0.0000000000
86524  -55.070  15.760  5.852 0.0000000000
87461  -55.524  16.437  7.512 0.0000000000
137563  -33.931  0.663  29.390 0.0000000000
69818  -33.154  -1.241  28.628 0.0000000000
72084  -39.612  2.170  17.369 0.0000000000
72054  -40.135  2.101  19.312 0.0000000000
73141  -41.444  4.079  24.307 0.0000000000
71980  -40.584  3.136  22.876 0.0000000000
71982  -42.327  3.076  23.477 0.0000000000
73180  -45.557  3.726  22.293 0.0000000000
72037  -43.720  2.728  21.661 0.0000000000
72058  -44.282  3.525  21.269 0.0000000000
74360  -43.536  3.775  20.414 0.0000000000
74362  -44.755  4.683  20.952 0.0000000000
76607  -44.989  5.996  20.341 0.0000000000
75490  -45.898  5.442  21.442 0.0000000000
55506  -13.256  -12.760  49.015 0.0000000000
56620  -13.213  -12.619  50.043 0.0000000000
141560  -12.831  -13.133  51.650 0.0000000000
54399  -12.189  -13.947  50.380 0.0000000000
53343  -11.047  -15.259  49.352 0.0000000000
53344  -11.601  -14.704  48.898 0.0000000000
49979  -8.080  -18.442  52.923 0.0000000000
51103  -8.317  -17.348  54.070 0.0000000000
49978  -7.516  -18.997  53.330 0.0000000000
48873  -5.216  -20.136  54.802 0.0000000000
155859  -5.812  -18.454  55.349 0.0000000000
49939  -5.381  -18.086  55.704 0.0000000000
51069  -4.830  -17.563  56.019 0.0000000000
49945  -4.165  -18.795  55.199 0.0000000000
62398  -37.703  -7.540  44.566 0.0000000000
134093  -49.702  9.428  18.861 0.0000000000
154150  -48.943  9.302  17.974 0.0000000000
78753  -50.585  9.564  18.110 0.0000000000
74212  -38.035  4.243  31.236 0.0000000000
136835  -21.061  -8.956  40.024 0.0000000000
137259  -20.732  -8.867  40.724 0.0000000000
54334  -10.023  -14.137  57.085 0.0000000000
53265  -8.874  -14.989  56.988 0.0000000000
61316  -36.804  -8.626  31.132 0.0000000000
156369  -38.118  -7.731  32.080 0.0000000000
63714  -38.637  -6.493  33.321 0.0000000000
71815  -38.479  2.161  38.231 0.0000000000
150043  -24.624  -5.965  38.545 0.0000000000
62475  -24.815  -6.499  37.145 0.0000000000
63660  -26.216  -5.360  37.480 0.0000000000
63661  -27.397  -5.093  37.242 0.0000000000
63675  -28.657  -5.292  35.935 0.0000000000
60060  -34.881  -8.580  37.141 0.0000000000
60058  -33.758  -8.111  36.654 0.0000000000
60071  -33.907  -8.835  36.168 0.0000000000
139397  -33.272  -9.273  33.832 0.0000000000
60139  -34.181  -9.370  31.917 0.0000000000
63570  -27.973  -5.293  44.460 0.0000000000
136200  -26.506  -5.666  43.922 0.0000000000
63595  -26.738  -5.286  42.451 0.0000000000
63621  -25.641  -5.517  40.979 0.0000000000
79981  -46.698  8.354  12.556 0.0000000000
82362  -50.362  10.740  6.256 0.0000000000
85468  -54.529  13.978  13.489 0.0000000000
85480  -53.309  14.192  11.540 0.0000000000
71929  -34.168  1.828  26.083 0.0000000000
70969  -37.384  0.602  19.060 0.0000000000
138628  -38.812  1.787  19.863 0.0000000000
71949  -44.726  3.907  25.225 0.0000000000
70888  -43.472  2.987  23.717 0.0000000000
70892  -45.865  3.328  24.185 0.0000000000
58892  -17.572  -9.431  44.540 0.0000000000
58857  -16.825  -9.927  46.068 0.0000000000
58818  -16.143  -9.666  48.946 0.0000000000
57761  -15.051  -10.899  47.986 0.0000000000
56645  -14.020  -12.065  47.917 0.0000000000
150082  -12.771  -13.684  47.522 0.0000000000
54417  -12.241  -14.301  47.468 0.0000000000
54425  -12.272  -14.716  46.455 0.0000000000
60091  -37.973  -9.101  35.928 0.0000000000
61259  -38.623  -8.585  35.426 0.0000000000
62478  -38.712  -7.224  37.504 0.0000000000
139358  -39.901  -5.630  38.629 0.0000000000
143335  -32.168  -5.162  41.897 0.0000000000
62442  -31.460  -5.102  40.050 0.0000000000
62433  -32.916  -5.622  40.327 0.0000000000
61181  -33.708  -6.239  39.799 0.0000000000
60018  -34.860  -7.395  38.722 0.0000000000
151573  -36.854  -6.951  42.447 0.0000000000
60007  -36.151  -7.673  39.785 0.0000000000
151112  -35.267  -8.090  38.104 0.0000000000
60047  -35.717  -8.711  37.948 0.0000000000
139079  -36.455  -9.212  37.169 0.0000000000
62394  -32.747  -6.356  43.975 0.0000000000
76627  -42.856  6.450  18.081 0.0000000000
77691  -42.402  6.715  16.374 0.0000000000
77682  -44.070  7.363  17.775 0.0000000000
78773  -44.589  8.137  16.178 0.0000000000
139866  -45.775  8.566  15.223 0.0000000000
78777  -48.653  9.322  16.888 0.0000000000
78802  -47.527  9.199  15.214 0.0000000000
79951  -46.629  8.721  14.228 0.0000000000
79982  -47.454  8.936  12.977 0.0000000000
81172  -48.618  9.940  12.109 0.0000000000
81195  -48.796  10.422  10.707 0.0000000000
82336  -49.259  10.944  10.325 0.0000000000
82324  -49.518  10.994  11.442 0.0000000000
83439  -50.826  11.668  12.156 0.0000000000
83442  -52.553  12.080  13.060 0.0000000000
156732  -52.940  11.433  14.214 0.0000000000
84481  -54.020  13.070  13.751 0.0000000000
69777  -34.421  -0.664  32.119 0.0000000000
149528  -33.850  -1.558  31.118 0.0000000000
70809  -34.545  0.334  31.724 0.0000000000
71898  -34.767  1.695  30.364 0.0000000000
71906  -34.902  2.110  29.491 0.0000000000
73065  -36.764  3.651  30.194 0.0000000000
152690  -35.650  2.953  29.036 0.0000000000
71919  -34.899  2.515  27.655 0.0000000000
71931  -35.537  3.139  27.176 0.0000000000
73122  -36.171  3.241  25.223 0.0000000000
73136  -36.631  3.179  24.447 0.0000000000
73153  -37.534  3.120  23.341 0.0000000000
73138  -38.561  3.700  24.250 0.0000000000
73125  -40.887  4.651  24.774 0.0000000000
73127  -42.627  4.310  24.962 0.0000000000
74289  -43.448  4.884  26.150 0.0000000000
154445  -43.780  4.486  25.758 0.0000000000
136795  -20.018  -8.631  44.243 0.0000000000
154860  -19.941  -8.820  41.492 0.0000000000
143567  -19.236  -8.659  42.812 0.0000000000
58911  -18.409  -8.870  43.334 0.0000000000
152697  -16.941  -10.030  43.500 0.0000000000
66703  -35.386  -4.861  31.826 0.0000000000
67652  -34.810  -3.020  32.559 0.0000000000
62505  -39.300  -6.711  35.603 0.0000000000
63716  -38.538  -5.767  35.136 0.0000000000
65728  -37.838  -4.965  34.678 0.0000000000
67624  -37.895  -3.188  36.175 0.0000000000
66669  -37.148  -3.829  34.477 0.0000000000
147249  -36.467  -3.447  33.995 0.0000000000
68706  -35.481  -1.845  33.990 0.0000000000
68705  -35.035  -1.600  33.363 0.0000000000
69755  -35.356  0.091  33.754 0.0000000000
71862  -36.037  1.906  33.858 0.0000000000
73015  -37.321  3.408  34.351 0.0000000000
74148  -38.154  3.638  36.502 0.0000000000
74171  -37.968  3.939  34.766 0.0000000000
63637  -31.299  -5.365  38.696 0.0000000000
62476  -30.982  -5.441  37.248 0.0000000000
62502  -30.352  -6.126  35.176 0.0000000000
61241  -32.361  -7.638  36.041 0.0000000000
62503  -30.865  -6.966  34.693 0.0000000000
59975  -23.711  -7.591  44.509 0.0000000000
59995  -22.541  -7.657  42.659 0.0000000000
62419  -24.205  -6.377  42.970 0.0000000000
61179  -22.975  -7.236  41.447 0.0000000000
58964  -21.946  -8.373  40.788 0.0000000000
58978  -21.348  -9.094  39.033 0.0000000000
83458  -49.646  11.311  8.827 0.0000000000
83464  -50.119  11.838  8.484 0.0000000000
83474  -50.760  12.298  7.215 0.0000000000
85482  -51.874  13.620  9.569 0.0000000000
85486  -51.517  13.371  8.112 0.0000000000
84529  -51.491  12.776  6.263 0.0000000000
84535  -51.914  12.947  5.542 0.0000000000
84538  -52.492  13.333  4.939 0.0000000000
85504  -53.573  13.399  3.459 0.0000000000
86526  -54.606  15.063  4.786 0.0000000000
150869  -55.894  16.017  5.352 0.0000000000
53326  -10.463  -15.531  51.532 0.0000000000
52199  -9.943  -16.020  52.843 0.0000000000
51147  -9.474  -16.764  51.480 0.0000000000
67667  -33.571  -2.120  30.324 0.0000000000
75515  -41.270  4.442  18.134 0.0000000000
137708  -39.010  2.817  21.917 0.0000000000
71996  -39.698  2.397  21.336 0.0000000000
70956  -40.464  2.064  20.626 0.0000000000
144537  -42.587  2.475  22.429 0.0000000000
70938  -41.965  2.114  21.480 0.0000000000
70973  -40.835  2.134  20.256 0.0000000000
73206  -41.815  2.823  19.819 0.0000000000
74374  -42.375  4.245  19.364 0.0000000000
75517  -42.704  5.023  19.202 0.0000000000
76618  -44.474  6.551  19.359 0.0000000000
77664  -46.092  7.422  19.874 0.0000000000
77666  -47.401  8.142  20.189 0.0000000000
54367  -11.817  -13.731  53.805 0.0000000000
55479  -12.541  -13.263  52.558 0.0000000000
54382  -11.495  -14.381  52.443 0.0000000000
53334  -10.500  -15.594  50.690 0.0000000000
52221  -10.050  -16.625  49.222 0.0000000000
52177  -9.191  -16.313  54.127 0.0000000000
52160  -8.672  -16.099  55.364 0.0000000000
137722  -7.633  -16.264  56.211 0.0000000000
49949  -7.076  -18.054  54.903 0.0000000000
51084  -6.769  -17.554  55.513 0.0000000000
52134  -6.435  -16.126  57.014 0.0000000000
52133  -5.631  -16.231  57.025 0.0000000000
52132  -4.886  -16.098  56.882 0.0000000000
48871  -4.196  -20.184  54.611 0.0000000000
49960  -3.608  -18.642  54.681 0.0000000000
54366  -11.246  -14.216  54.193 0.0000000000
53301  -10.804  -14.779  53.745 0.0000000000
139266  -29.766  -5.139  40.830 0.0000000000
63623  -29.502  -5.072  40.223 0.0000000000
133420  -30.507  -5.019  40.354 0.0000000000
60090  -36.865  -9.370  34.901 0.0000000000
60108  -36.252  -9.387  34.173 0.0000000000
63596  -30.642  -5.139  41.967 0.0000000000
64684  -29.303  -5.176  41.457 0.0000000000
82343  -48.823  10.009  8.821 0.0000000000
67660  -34.505  -3.372  32.005 0.0000000000
66701  -34.177  -3.533  31.346 0.0000000000
67659  -34.133  -2.512  31.716 0.0000000000
158698  -35.694  2.420  23.586 0.0000000000
71976  -35.282  2.074  23.406 0.0000000000
71992  -35.309  1.884  22.493 0.0000000000
72010  -35.672  1.769  21.683 0.0000000000
72011  -36.445  2.016  21.364 0.0000000000
56681  -15.002  -11.891  44.806 0.0000000000
56665  -14.347  -12.389  45.291 0.0000000000
154544  -39.411  -6.923  40.472 0.0000000000
150049  -39.910  -6.846  40.072 0.0000000000
148689  -40.106  -6.560  40.688 0.0000000000
62397  -35.135  -7.708  44.784 0.0000000000
61140  -35.013  -7.690  43.607 0.0000000000
61141  -35.756  -7.871  43.887 0.0000000000
62435  -39.666  -6.537  41.876 0.0000000000
157237  -38.575  -7.131  41.316 0.0000000000
61198  -38.828  -7.116  40.889 0.0000000000
153926  -38.469  -7.728  39.781 0.0000000000
62382  -35.649  -7.559  45.647 0.0000000000
78743  -47.448  8.438  19.231 0.0000000000
77685  -46.854  8.531  18.083 0.0000000000
78805  -50.215  9.733  15.162 0.0000000000
139600  -50.757  10.164  14.360 0.0000000000
79972  -50.550  10.374  13.765 0.0000000000
79973  -51.467  10.078  13.717 0.0000000000
81174  -51.515  10.448  13.102 0.0000000000
79974  -51.836  10.091  13.932 0.0000000000
73040  -36.816  3.290  32.467 0.0000000000
73039  -36.212  2.936  31.863 0.0000000000
136392  -37.124  3.669  31.518 0.0000000000
74256  -39.462  4.783  28.912 0.0000000000
74255  -38.720  4.584  28.674 0.0000000000
155550  -39.193  4.790  28.209 0.0000000000
74271  -38.638  4.652  27.869 0.0000000000
74272  -39.260  4.971  27.413 0.0000000000
74273  -39.901  5.276  26.982 0.0000000000
58932  -21.829  -8.191  42.244 0.0000000000
141480  -21.994  -8.132  43.171 0.0000000000
58949  -21.623  -8.394  41.574 0.0000000000
87473  -57.290  16.064  4.287 0.0000000000
53253  -7.801  -14.781  57.922 0.0000000000
53252  -7.053  -14.939  58.081 0.0000000000
63727  -37.921  -6.304  32.622 0.0000000000
63737  -37.592  -6.550  31.807 0.0000000000
64760  -37.312  -5.663  32.943 0.0000000000
65746  -36.609  -5.410  32.446 0.0000000000
142347  -39.662  -4.061  38.249 0.0000000000
66639  -39.653  -3.342  38.408 0.0000000000
70743  -38.106  0.237  37.986 0.0000000000
69741  -37.593  -0.796  37.340 0.0000000000
69740  -37.024  -0.494  36.785 0.0000000000
70756  -36.954  0.237  36.785 0.0000000000
70742  -37.533  0.647  37.369 0.0000000000
61228  -23.166  -8.196  37.324 0.0000000000
139343  -23.745  -7.574  37.255 0.0000000000
61219  -34.051  -7.418  37.899 0.0000000000
61218  -33.515  -7.063  37.658 0.0000000000
61231  -33.422  -7.441  36.968 0.0000000000
62463  -23.791  -6.710  38.604 0.0000000000
62452  -23.432  -6.778  39.595 0.0000000000
61215  -22.744  -7.979  38.428 0.0000000000
82369  -51.275  10.928  5.184 0.0000000000
84491  -52.157  12.461  12.452 0.0000000000
84504  -51.639  12.816  11.414 0.0000000000
86517  -54.000  15.346  9.158 0.0000000000
86516  -53.553  15.024  8.446 0.0000000000
149732  -54.292  15.594  8.245 0.0000000000
86520  -53.923  15.251  7.557 0.0000000000
87460  -54.727  15.867  7.395 0.0000000000
152619  -54.906  16.141  8.088 0.0000000000
70847  -33.806  0.918  28.487 0.0000000000
70846  -33.469  -0.142  28.819 0.0000000000
70860  -33.395  0.201  27.868 0.0000000000
70971  -39.000  1.662  19.378 0.0000000000
134750  -38.566  1.106  18.612 0.0000000000
70986  -39.218  1.598  18.897 0.0000000000
71945  -42.220  3.945  24.455 0.0000000000
71963  -41.870  3.493  23.858 0.0000000000
155823  -42.455  3.490  24.073 0.0000000000
73196  -45.851  4.298  22.065 0.0000000000
72039  -44.968  3.459  21.985 0.0000000000
73195  -45.279  4.029  21.758 0.0000000000
73209  -44.506  4.053  21.089 0.0000000000
74348  -45.528  4.719  21.549 0.0000000000
75504  -45.435  5.240  21.211 0.0000000000
54400  -12.689  -13.344  49.704 0.0000000000
54404  -12.167  -14.058  49.343 0.0000000000
54411  -12.145  -14.191  48.430 0.0000000000
49947  -5.306  -18.935  55.238 0.0000000000
140905  -4.701  -19.338  55.159 0.0000000000
49946  -4.792  -18.438  55.484 0.0000000000
151052  -4.267  -19.589  54.979 0.0000000000
74199  -39.549  4.947  31.771 0.0000000000
58976  -20.429  -9.586  39.156 0.0000000000
54346  -10.203  -14.321  56.187 0.0000000000
54345  -9.512  -14.672  56.562 0.0000000000
53276  -9.001  -15.419  56.111 0.0000000000
60141  -36.033  -9.191  31.571 0.0000000000
135399  -38.524  -8.116  33.469 0.0000000000
61283  -38.163  -8.116  32.603 0.0000000000
143179  -38.509  -7.343  32.786 0.0000000000
63647  -26.282  -5.194  39.122 0.0000000000
148517  -25.671  -5.422  38.402 0.0000000000
63649  -28.362  -4.949  37.998 0.0000000000
63662  -28.589  -5.056  36.875 0.0000000000
141528  -34.415  -8.638  36.608 0.0000000000
157255  -34.491  -8.873  36.134 0.0000000000
134977  -34.727  -9.374  33.797 0.0000000000
134978  -34.061  -9.349  34.075 0.0000000000
151949  -33.142  -9.188  32.772 0.0000000000
138291  -35.074  -9.408  31.733 0.0000000000
64650  -29.520  -5.236  44.118 0.0000000000
64633  -30.353  -5.491  45.181 0.0000000000
64632  -29.620  -5.348  44.979 0.0000000000
64631  -28.774  -5.254  44.721 0.0000000000
64649  -28.600  -5.115  43.903 0.0000000000
64648  -27.482  -5.212  43.738 0.0000000000
64661  -27.522  -5.109  42.777 0.0000000000
64692  -27.334  -5.182  40.398 0.0000000000
64681  -26.638  -5.305  40.928 0.0000000000
63633  -25.809  -5.402  40.028 0.0000000000
63646  -24.938  -5.641  39.419 0.0000000000
156971  -33.830  1.118  26.032 0.0000000000
72035  -37.192  1.584  20.247 0.0000000000
70953  -37.902  1.555  19.805 0.0000000000
70954  -38.628  1.990  20.345 0.0000000000
134084  -45.549  4.046  25.544 0.0000000000
70880  -45.124  3.519  24.763 0.0000000000
73168  -46.473  3.790  23.317 0.0000000000
58876  -16.853  -9.974  45.077 0.0000000000
58877  -17.671  -9.419  45.408 0.0000000000
57784  -15.791  -10.582  46.806 0.0000000000
140219  -16.339  -10.150  46.853 0.0000000000
57769  -15.780  -10.325  47.547 0.0000000000
58817  -15.509  -10.229  48.557 0.0000000000
55543  -13.690  -12.767  46.685 0.0000000000
55532  -13.588  -12.633  47.537 0.0000000000
55520  -13.095  -13.172  48.059 0.0000000000
55531  -13.189  -13.270  47.163 0.0000000000
54418  -12.764  -13.948  46.805 0.0000000000
60076  -37.922  -9.058  36.919 0.0000000000
61243  -38.645  -8.542  36.471 0.0000000000
61233  -38.807  -8.029  37.285 0.0000000000
63651  -40.454  -5.664  39.093 0.0000000000
62468  -39.709  -6.086  38.785 0.0000000000
157047  -40.734  -5.275  39.065 0.0000000000
62421  -32.614  -5.523  42.471 0.0000000000
132976  -32.804  -5.383  41.469 0.0000000000
62422  -33.288  -5.690  42.121 0.0000000000
61167  -35.244  -6.820  41.773 0.0000000000
61166  -34.566  -6.432  41.477 0.0000000000
61182  -34.482  -6.525  40.277 0.0000000000
61195  -34.372  -6.846  39.212 0.0000000000
61196  -35.084  -7.087  39.558 0.0000000000
152622  -37.590  -7.462  43.632 0.0000000000
61143  -37.047  -7.671  43.876 0.0000000000
60022  -37.074  -7.744  40.159 0.0000000000
60008  -36.622  -7.450  40.488 0.0000000000
60021  -36.500  -7.775  39.605 0.0000000000
149925  -35.863  -7.688  39.250 0.0000000000
60020  -36.100  -7.819  39.043 0.0000000000
60034  -35.804  -8.281  38.375 0.0000000000
60035  -36.378  -8.036  38.831 0.0000000000
60063  -37.852  -8.767  37.786 0.0000000000
60062  -37.204  -9.134  37.440 0.0000000000
60075  -37.122  -9.292  36.471 0.0000000000
62395  -33.740  -7.162  43.930 0.0000000000
155525  -33.301  -6.691  43.679 0.0000000000
62409  -32.279  -5.867  43.381 0.0000000000
76617  -43.759  6.640  18.655 0.0000000000
157306  -43.469  6.936  17.970 0.0000000000
78762  -46.528  8.636  17.392 0.0000000000
78774  -45.404  8.403  16.496 0.0000000000
78787  -45.253  8.401  15.685 0.0000000000
150574  -46.158  8.750  15.936 0.0000000000
78765  -49.258  9.397  17.286 0.0000000000
78778  -49.612  9.450  16.461 0.0000000000
78803  -48.490  9.397  15.266 0.0000000000
79952  -47.197  9.084  14.606 0.0000000000
79969  -47.321  9.029  13.912 0.0000000000
153715  -48.009  9.333  13.615 0.0000000000
81173  -49.712  10.597  12.582 0.0000000000
81183  -49.120  10.544  11.722 0.0000000000
81182  -48.332  9.856  11.081 0.0000000000
82314  -51.672  10.656  12.980 0.0000000000
82326  -51.050  11.061  12.756 0.0000000000
82315  -51.856  11.063  13.095 0.0000000000
83440  -51.370  11.521  12.609 0.0000000000
155963  -52.241  11.219  13.150 0.0000000000
83430  -53.434  12.165  13.979 0.0000000000
69766  -34.734  -0.063  32.493 0.0000000000
70810  -34.929  0.993  31.958 0.0000000000
71899  -35.172  2.116  30.653 0.0000000000
71887  -34.768  1.306  31.160 0.0000000000
74223  -38.301  4.379  30.466 0.0000000000
73055  -37.405  3.968  30.684 0.0000000000
73066  -37.706  4.142  29.956 0.0000000000
152692  -37.274  4.049  28.738 0.0000000000
73079  -36.488  3.598  28.945 0.0000000000
143359  -36.105  3.424  28.421 0.0000000000
71920  -35.560  3.016  28.113 0.0000000000
73088  -36.168  3.571  27.682 0.0000000000
73106  -37.038  3.974  26.216 0.0000000000
160219  -36.411  3.580  25.876 0.0000000000
73123  -37.081  3.668  25.201 0.0000000000
73137  -37.575  3.441  24.179 0.0000000000
137603  -37.989  3.810  24.894 0.0000000000
74301  -40.190  5.007  25.484 0.0000000000
73124  -39.854  4.559  24.909 0.0000000000
74302  -41.235  5.024  25.317 0.0000000000
73126  -41.840  4.502  24.803 0.0000000000
73108  -42.225  4.835  25.335 0.0000000000
74275  -43.818  5.101  26.854 0.0000000000
73091  -44.276  4.844  26.444 0.0000000000
71934  -45.085  4.440  25.939 0.0000000000
58896  -21.533  -8.439  43.907 0.0000000000
159609  -21.248  -8.628  44.582 0.0000000000
58895  -20.759  -8.542  44.046 0.0000000000
58947  -20.150  -9.020  40.758 0.0000000000
58929  -19.129  -8.861  41.862 0.0000000000
58928  -18.220  -9.174  42.382 0.0000000000
156888  -19.230  -8.601  43.406 0.0000000000
139733  -17.541  -9.449  43.763 0.0000000000
58910  -17.469  -9.638  42.973 0.0000000000
152033  -4.741  -14.740  57.392 0.0000000000
62576  -37.089  -7.525  30.447 0.0000000000
154196  -36.624  -6.593  30.452 0.0000000000
65745  -35.918  -5.157  32.082 0.0000000000
66691  -35.439  -4.431  32.345 0.0000000000
66702  -34.928  -4.053  32.187 0.0000000000
67653  -35.208  -3.656  32.691 0.0000000000
62504  -39.398  -7.370  35.924 0.0000000000
61260  -39.243  -7.846  35.067 0.0000000000
64729  -38.840  -4.958  36.802 0.0000000000
63700  -38.781  -6.107  35.835 0.0000000000
64739  -38.531  -5.427  36.010 0.0000000000
64749  -38.250  -5.137  35.291 0.0000000000
68689  -37.503  -2.082  36.489 0.0000000000
148371  -38.411  -2.695  36.995 0.0000000000
66661  -37.645  -3.742  35.306 0.0000000000
157278  -37.221  -3.376  35.037 0.0000000000
67634  -36.683  -2.918  34.807 0.0000000000
69757  -36.188  -1.115  35.373 0.0000000000
68697  -36.123  -1.937  34.854 0.0000000000
69768  -35.306  -0.940  33.853 0.0000000000
151242  -35.008  -1.037  33.338 0.0000000000
69756  -35.759  -0.400  34.723 0.0000000000
71850  -36.236  1.537  34.975 0.0000000000
70778  -35.787  0.732  34.360 0.0000000000
73027  -36.625  2.710  34.135 0.0000000000
72954  -38.869  2.991  38.530 0.0000000000
72987  -37.922  2.379  37.384 0.0000000000
72988  -38.405  3.293  37.643 0.0000000000
63672  -25.657  -5.915  36.820 0.0000000000
62487  -24.330  -7.212  36.716 0.0000000000
62488  -25.151  -6.671  36.058 0.0000000000
62443  -32.283  -5.496  39.687 0.0000000000
62454  -31.787  -5.454  39.160 0.0000000000
62477  -31.821  -6.014  37.071 0.0000000000
62465  -31.597  -5.607  37.886 0.0000000000
140745  -31.232  -5.863  36.383 0.0000000000
62489  -30.458  -5.682  35.871 0.0000000000
62490  -31.174  -6.433  35.593 0.0000000000
60070  -33.282  -8.568  36.125 0.0000000000
140634  -32.625  -8.278  35.927 0.0000000000
61256  -32.017  -8.198  35.428 0.0000000000
61151  -23.880  -7.224  44.042 0.0000000000
61150  -23.179  -7.371  43.345 0.0000000000
63594  -25.873  -5.543  42.636 0.0000000000
62420  -24.934  -5.872  42.844 0.0000000000
62430  -24.216  -6.079  42.133 0.0000000000
61192  -22.850  -7.397  40.670 0.0000000000
60017  -22.440  -7.835  40.939 0.0000000000
60016  -22.022  -8.241  40.486 0.0000000000
60015  -21.628  -8.609  39.945 0.0000000000
60031  -22.056  -8.291  39.668 0.0000000000
82345  -49.692  11.432  9.798 0.0000000000
83459  -50.174  11.959  10.131 0.0000000000
84510  -50.922  12.839  9.698 0.0000000000
83465  -50.466  12.334  9.223 0.0000000000
84517  -50.601  12.383  8.135 0.0000000000
84524  -51.107  12.842  7.680 0.0000000000
85479  -52.127  13.588  10.473 0.0000000000
86508  -52.996  14.301  10.557 0.0000000000
144620  -52.534  14.268  7.942 0.0000000000
85487  -52.074  13.876  8.625 0.0000000000
85491  -52.103  13.833  7.597 0.0000000000
84530  -51.639  13.262  7.074 0.0000000000
137786  -51.936  13.311  6.286 0.0000000000
85498  -53.045  14.119  5.274 0.0000000000
85501  -53.246  13.797  4.417 0.0000000000
85502  -54.163  14.404  4.033 0.0000000000
85499  -53.736  14.470  4.794 0.0000000000
87464  -55.485  16.162  6.489 0.0000000000
86527  -55.150  15.567  5.243 0.0000000000
87465  -56.564  16.498  5.992 0.0000000000
52213  -9.994  -16.223  50.960 0.0000000000
52207  -9.974  -16.109  51.945 0.0000000000
51161  -9.426  -17.110  50.553 0.0000000000
68725  -33.628  -1.124  30.155 0.0000000000
73222  -40.035  2.420  18.432 0.0000000000
73231  -40.124  2.920  17.656 0.0000000000
73232  -40.659  3.778  17.784 0.0000000000
71978  -37.957  2.940  22.484 0.0000000000
140386  -38.796  3.169  22.797 0.0000000000
71997  -40.985  2.572  22.277 0.0000000000
144635  -40.077  2.735  22.093 0.0000000000
70918  -40.519  2.328  21.606 0.0000000000
70935  -40.209  2.160  21.055 0.0000000000
70936  -40.787  2.130  21.260 0.0000000000
159318  -44.126  2.729  23.177 0.0000000000
70904  -43.421  2.682  22.987 0.0000000000
70921  -43.763  2.624  22.596 0.0000000000
134684  -43.269  2.645  21.287 0.0000000000
70959  -43.065  2.431  21.644 0.0000000000
72036  -42.660  2.403  21.043 0.0000000000
70957  -41.493  2.059  20.950 0.0000000000
72055  -41.832  2.221  20.692 0.0000000000
138577  -41.283  2.374  20.020 0.0000000000
144858  -42.272  2.565  20.457 0.0000000000
74375  -43.556  4.464  20.076 0.0000000000
73225  -42.957  3.896  19.897 0.0000000000
154832  -43.022  4.545  19.678 0.0000000000
139108  -43.401  5.150  19.645 0.0000000000
139013  -43.881  5.869  19.499 0.0000000000
75519  -44.442  5.839  19.995 0.0000000000
76594  -46.110  6.933  20.561 0.0000000000
76608  -45.546  6.753  20.183 0.0000000000
77665  -46.691  7.767  19.992 0.0000000000
54391  -12.003  -14.132  51.171 0.0000000000
54383  -12.156  -13.884  51.943 0.0000000000
54390  -11.521  -14.465  51.578 0.0000000000
53327  -11.042  -15.056  51.146 0.0000000000
52222  -10.569  -15.997  48.846 0.0000000000
52214  -10.427  -15.828  49.829 0.0000000000
52187  -9.340  -16.484  53.235 0.0000000000
52188  -9.787  -15.842  53.695 0.0000000000
51104  -8.672  -16.770  54.278 0.0000000000
51086  -8.250  -16.885  54.865 0.0000000000
52144  -8.245  -15.941  56.133 0.0000000000
52159  -7.913  -16.538  55.632 0.0000000000
48882  -6.958  -19.570  53.788 0.0000000000
49961  -6.614  -18.965  54.485 0.0000000000
49940  -6.073  -17.850  55.715 0.0000000000
51071  -6.387  -17.196  56.109 0.0000000000
137352  -6.621  -16.622  56.448 0.0000000000
52143  -5.968  -16.723  56.547 0.0000000000
52141  -4.368  -16.608  56.288 0.0000000000
53274  -4.282  -15.681  56.635 0.0000000000
47822  -3.769  -20.140  54.273 0.0000000000
48879  -3.897  -19.455  54.735 0.0000000000
53293  -10.005  -15.119  54.963 0.0000000000
61282  -36.837  -8.949  32.183 0.0000000000
63648  -27.546  -5.006  38.941 0.0000000000
64701  -28.162  -5.049  39.693 0.0000000000
63635  -29.375  -4.973  39.421 0.0000000000
136252  -29.581  -4.981  38.484 0.0000000000
141543  -35.671  -9.242  36.016 0.0000000000
60072  -34.854  -9.061  35.746 0.0000000000
60088  -35.253  -9.231  35.398 0.0000000000
60107  -35.384  -9.379  34.486 0.0000000000
60122  -34.864  -9.345  32.758 0.0000000000
62393  -31.938  -6.085  44.330 0.0000000000
63583  -31.269  -5.663  43.668 0.0000000000
64664  -30.309  -5.401  43.455 0.0000000000
158470  -29.023  -5.158  42.678 0.0000000000
64673  -28.556  -5.129  42.218 0.0000000000
64683  -28.388  -5.133  41.354 0.0000000000
81193  -47.800  8.968  10.623 0.0000000000
71959  -35.142  2.385  24.760 0.0000000000
71958  -34.749  1.718  24.081 0.0000000000
71975  -34.704  1.441  23.100 0.0000000000
72034  -36.479  1.557  20.641 0.0000000000
72012  -37.233  2.112  20.967 0.0000000000
57801  -16.166  -10.528  45.593 0.0000000000
57800  -15.545  -11.175  45.219 0.0000000000
57783  -15.513  -11.023  46.211 0.0000000000
56659  -14.734  -11.568  46.642 0.0000000000
56658  -14.234  -12.226  46.207 0.0000000000
55553  -13.315  -13.672  45.361 0.0000000000
61220  -38.339  -8.067  38.030 0.0000000000
153343  -38.568  -7.555  37.917 0.0000000000
61222  -39.116  -6.989  39.191 0.0000000000
62457  -40.124  -6.255  39.341 0.0000000000
64695  -41.043  -5.621  40.092 0.0000000000
147611  -33.813  -6.715  43.084 0.0000000000
62423  -33.917  -6.130  42.287 0.0000000000
62411  -34.358  -7.311  43.281 0.0000000000
61154  -35.091  -7.262  42.666 0.0000000000
61168  -35.817  -6.998  42.059 0.0000000000
61171  -38.079  -7.000  42.223 0.0000000000
61185  -38.195  -7.266  41.472 0.0000000000
60023  -37.850  -7.652  40.759 0.0000000000
148185  -37.521  -7.906  39.824 0.0000000000
136772  -36.757  -8.232  38.695 0.0000000000
60037  -37.953  -8.036  39.406 0.0000000000
61208  -38.365  -7.870  38.990 0.0000000000
77675  -45.680  7.418  19.382 0.0000000000
77683  -44.992  7.667  18.002 0.0000000000
77684  -45.893  8.027  18.325 0.0000000000
78763  -47.598  9.029  17.347 0.0000000000
150686  -50.345  9.549  16.365 0.0000000000
78791  -50.293  9.585  15.822 0.0000000000
79954  -49.107  9.736  14.519 0.0000000000
79970  -48.760  9.810  13.738 0.0000000000
79971  -49.698  10.205  13.795 0.0000000000
79985  -50.255  10.519  13.189 0.0000000000
137576  -50.771  10.683  12.934 0.0000000000
142147  -51.890  10.524  13.061 0.0000000000
81175  -52.097  10.561  13.342 0.0000000000
71872  -35.446  1.847  32.212 0.0000000000
73053  -35.799  2.632  31.340 0.0000000000
73064  -35.834  2.851  30.557 0.0000000000
74239  -38.578  4.462  29.810 0.0000000000
151855  -37.362  4.195  28.057 0.0000000000
73090  -37.915  4.425  27.523 0.0000000000
73107  -37.826  4.299  26.595 0.0000000000
74299  -38.486  4.403  26.005 0.0000000000
74285  -39.557  5.091  26.418 0.0000000000
74286  -40.486  5.305  26.133 0.0000000000
59973  -22.821  -8.060  44.635 0.0000000000
58915  -21.795  -8.287  43.488 0.0000000000
141783  -21.202  -8.452  42.480 0.0000000000
58946  -19.051  -9.357  40.830 0.0000000000
150679  -56.195  15.486  3.963 0.0000000000
85506  -55.657  14.707  2.883 0.0000000000
135764  -56.369  15.289  3.317 0.0000000000
86535  -56.624  15.113  2.594 0.0000000000
62563  -37.627  -7.707  31.365 0.0000000000
66692  -36.061  -4.575  32.756 0.0000000000
64720  -39.032  -5.813  37.449 0.0000000000
63686  -38.827  -6.371  36.568 0.0000000000
153897  -39.243  -5.169  37.454 0.0000000000
65713  -39.305  -4.372  37.530 0.0000000000
65712  -38.801  -4.293  36.909 0.0000000000
68665  -38.846  -1.604  38.132 0.0000000000
69742  -38.213  -1.146  37.767 0.0000000000
68677  -37.705  -1.380  37.192 0.0000000000
68688  -36.747  -1.462  35.998 0.0000000000
68698  -36.763  -2.149  35.571 0.0000000000
69747  -36.641  -0.793  36.113 0.0000000000
69746  -36.264  -0.459  35.550 0.0000000000
70755  -36.577  0.768  35.959 0.0000000000
71838  -36.748  1.919  35.766 0.0000000000
74149  -38.899  4.305  36.843 0.0000000000
143320  -26.975  -5.538  35.906 0.0000000000
62444  -33.077  -6.093  39.264 0.0000000000
61205  -32.862  -6.398  38.048 0.0000000000
160287  -32.429  -6.534  36.991 0.0000000000
60105  -32.503  -9.040  34.170 0.0000000000
61269  -31.937  -8.589  34.509 0.0000000000
151599  -23.920  -6.206  40.744 0.0000000000
62441  -24.462  -5.895  41.292 0.0000000000
61204  -23.353  -6.816  40.488 0.0000000000
61203  -22.875  -7.369  39.930 0.0000000000
61202  -22.496  -7.877  39.378 0.0000000000
60043  -22.228  -8.411  38.739 0.0000000000
146058  -22.532  -8.651  37.770 0.0000000000
84503  -50.966  12.612  10.768 0.0000000000
86512  -53.262  14.723  9.397 0.0000000000
85492  -52.752  14.308  7.195 0.0000000000
86519  -53.495  14.859  6.924 0.0000000000
86522  -53.810  14.982  6.187 0.0000000000
135655  -54.459  15.309  5.684 0.0000000000
51173  -9.585  -17.284  49.595 0.0000000000
69804  -33.719  -0.224  29.781 0.0000000000
69803  -33.454  -0.869  29.381 0.0000000000
72073  -39.298  1.637  18.083 0.0000000000
71961  -40.084  3.646  23.549 0.0000000000
71962  -41.044  3.587  23.665 0.0000000000
71981  -41.580  2.984  23.031 0.0000000000
70919  -41.785  2.466  22.348 0.0000000000
70923  -44.931  2.904  22.783 0.0000000000
70941  -44.293  2.758  22.466 0.0000000000
72016  -44.648  3.010  22.245 0.0000000000
72038  -44.333  3.152  21.692 0.0000000000
72057  -43.760  3.074  21.193 0.0000000000
139810  -43.479  3.252  20.714 0.0000000000
73208  -43.997  3.655  20.874 0.0000000000
74361  -44.174  4.402  20.580 0.0000000000
75503  -44.590  5.208  20.502 0.0000000000
139774  -45.083  5.303  20.876 0.0000000000
75505  -45.589  5.979  20.882 0.0000000000
140362  -46.268  6.315  21.267 0.0000000000
56635  -13.776  -12.072  49.534 0.0000000000
55497  -12.781  -13.227  50.660 0.0000000000
53335  -11.032  -15.133  50.267 0.0000000000
53336  -11.577  -14.570  49.831 0.0000000000
53351  -11.117  -15.427  48.426 0.0000000000
51133  -8.452  -17.936  52.618 0.0000000000
51119  -8.853  -16.990  53.635 0.0000000000
51118  -8.401  -17.652  53.288 0.0000000000
49963  -7.919  -18.118  53.743 0.0000000000
51102  -7.725  -17.664  54.517 0.0000000000
48880  -5.766  -20.600  54.501 0.0000000000
48874  -5.898  -19.353  54.831 0.0000000000
51083  -4.326  -18.021  55.558 0.0000000000
151512  -36.847  -7.716  44.782 0.0000000000
62413  -39.486  -6.516  43.274 0.0000000000
78752  -48.949  9.253  18.666 0.0000000000
78751  -48.262  8.989  18.520 0.0000000000
134356  -49.733  9.427  17.848 0.0000000000
78766  -50.459  9.547  17.334 0.0000000000
79944  -51.504  10.086  15.073 0.0000000000
79956  -51.820  10.322  14.225 0.0000000000
79975  -51.909  9.955  14.025 0.0000000000
74198  -38.409  4.373  32.776 0.0000000000
155444  -38.657  4.530  31.868 0.0000000000
74213  -38.870  4.662  31.034 0.0000000000
74240  -39.311  4.690  29.667 0.0000000000
74257  -40.305  5.088  28.787 0.0000000000
157545  -21.609  -8.505  40.996 0.0000000000
135819  -21.455  -8.615  40.834 0.0000000000
58962  -20.341  -9.254  39.964 0.0000000000
53264  -8.141  -15.159  57.265 0.0000000000
62551  -37.558  -8.306  31.937 0.0000000000
157165  -38.376  -6.753  32.652 0.0000000000
63728  -37.869  -5.868  33.684 0.0000000000
71831  -38.121  1.224  37.948 0.0000000000
62474  -24.083  -6.981  37.634 0.0000000000
62464  -24.483  -6.387  37.918 0.0000000000
63659  -25.212  -5.870  37.706 0.0000000000
133960  -26.905  -5.058  38.185 0.0000000000
63673  -26.647  -5.435  36.630 0.0000000000
63674  -27.669  -5.208  36.350 0.0000000000
63684  -27.742  -5.522  35.487 0.0000000000
63685  -28.681  -5.757  35.015 0.0000000000
60059  -34.404  -8.296  36.948 0.0000000000
60044  -34.003  -7.720  37.255 0.0000000000
157445  -33.975  -8.501  36.499 0.0000000000
60086  -33.401  -9.060  35.505 0.0000000000
150444  -34.188  -9.100  35.559 0.0000000000
60106  -33.770  -9.258  34.769 0.0000000000
143304  -33.068  -9.189  34.741 0.0000000000
63569  -27.061  -5.745  44.648 0.0000000000
63582  -26.568  -5.393  43.190 0.0000000000
64672  -27.497  -5.170  41.944 0.0000000000
63608  -26.402  -5.371  41.724 0.0000000000
63620  -24.728  -5.776  40.439 0.0000000000
151368  -24.068  -6.227  39.264 0.0000000000
79967  -46.045  8.149  12.978 0.0000000000
83480  -50.471  11.607  6.662 0.0000000000
85467  -53.759  13.382  13.083 0.0000000000
136218  -52.598  13.457  11.661 0.0000000000
85472  -53.436  13.802  12.312 0.0000000000
86500  -53.908  14.522  11.990 0.0000000000
87455  -55.205  16.385  9.591 0.0000000000
71918  -34.211  1.912  27.135 0.0000000000
70868  -33.360  0.339  26.931 0.0000000000
70869  -33.764  1.140  26.617 0.0000000000
71948  -44.001  3.704  24.941 0.0000000000
71965  -43.460  3.421  24.413 0.0000000000
70889  -44.045  3.189  24.263 0.0000000000
70890  -44.651  3.095  24.189 0.0000000000
70907  -45.250  2.984  23.660 0.0000000000
71998  -45.502  3.151  23.118 0.0000000000
72018  -45.844  3.506  22.898 0.0000000000
73181  -46.169  3.977  22.653 0.0000000000
74337  -46.437  4.546  22.444 0.0000000000
74350  -46.646  5.124  22.308 0.0000000000
132890  -17.004  -9.658  46.937 0.0000000000
142296  -14.867  -10.925  48.829 0.0000000000
56653  -14.530  -11.460  47.510 0.0000000000
56646  -14.365  -11.427  48.342 0.0000000000
55507  -13.882  -12.082  48.710 0.0000000000
55521  -13.525  -12.509  48.255 0.0000000000
54412  -12.574  -13.752  48.059 0.0000000000
61258  -37.843  -9.092  34.858 0.0000000000
145820  -39.167  -8.121  35.880 0.0000000000
62491  -38.967  -7.041  36.827 0.0000000000
62479  -38.997  -6.530  38.313 0.0000000000
152983  -38.775  -6.623  37.622 0.0000000000
64714  -40.019  -5.186  38.510 0.0000000000
64685  -41.117  -5.383  40.856 0.0000000000
63610  -31.078  -4.988  41.050 0.0000000000
62432  -32.046  -5.083  40.869 0.0000000000
61165  -33.699  -5.897  41.120 0.0000000000
61194  -33.735  -6.651  38.946 0.0000000000
61207  -34.192  -7.170  38.478 0.0000000000
60033  -34.715  -7.713  38.042 0.0000000000
61142  -36.422  -7.852  44.117 0.0000000000
61156  -36.463  -7.486  43.206 0.0000000000
61169  -36.342  -6.998  42.309 0.0000000000
61170  -37.539  -7.079  41.901 0.0000000000
59997  -36.875  -6.980  41.509 0.0000000000
60006  -35.686  -7.409  39.965 0.0000000000
60019  -35.454  -7.562  39.024 0.0000000000
158989  -35.211  -7.745  38.456 0.0000000000
148364  -34.881  -8.211  37.524 0.0000000000
60046  -35.336  -8.513  37.743 0.0000000000
135352  -35.415  -8.829  37.376 0.0000000000
60048  -36.284  -8.653  38.265 0.0000000000
157187  -36.573  -9.058  37.838 0.0000000000
60074  -35.780  -9.118  36.888 0.0000000000
153289  -36.279  -9.292  36.484 0.0000000000
152431  -37.281  -9.312  35.568 0.0000000000
63560  -32.534  -6.406  44.921 0.0000000000
63584  -31.818  -5.406  42.685 0.0000000000
76626  -41.942  5.976  17.608 0.0000000000
76635  -41.758  6.120  16.652 0.0000000000
154688  -42.380  6.550  17.216 0.0000000000
77681  -43.145  7.096  17.215 0.0000000000
77694  -44.753  7.975  17.099 0.0000000000
77701  -43.834  7.767  15.692 0.0000000000
78764  -48.399  9.203  17.705 0.0000000000
78789  -48.853  9.344  16.036 0.0000000000
78788  -47.845  9.235  15.914 0.0000000000
152689  -47.024  9.062  15.756 0.0000000000
78801  -46.568  8.883  15.082 0.0000000000
156900  -46.149  8.345  13.723 0.0000000000
79968  -46.727  8.560  13.435 0.0000000000
139098  -47.211  8.646  12.130 0.0000000000
79983  -48.333  9.588  12.928 0.0000000000
79995  -47.849  9.149  12.153 0.0000000000
158969  -47.950  9.335  11.436 0.0000000000
81194  -48.276  9.657  10.148 0.0000000000
82335  -48.723  10.233  9.721 0.0000000000
83451  -49.914  11.494  11.049 0.0000000000
82325  -50.299  11.121  12.243 0.0000000000
82337  -50.457  11.492  11.963 0.0000000000
84490  -51.579  12.106  12.354 0.0000000000
81167  -51.970  10.350  13.510 0.0000000000
153148  -52.259  10.747  13.638 0.0000000000
82306  -52.685  11.264  13.594 0.0000000000
83429  -52.893  11.738  13.662 0.0000000000
84480  -53.233  12.451  13.452 0.0000000000
150789  -34.507  -1.543  32.459 0.0000000000
68719  -34.234  -1.539  31.925 0.0000000000
69791  -34.129  -0.611  31.441 0.0000000000
70825  -34.292  0.521  30.911 0.0000000000
70834  -34.023  0.389  30.155 0.0000000000
70835  -34.330  1.224  29.921 0.0000000000
70848  -34.353  1.563  29.020 0.0000000000
71915  -34.307  1.786  28.104 0.0000000000
73073  -37.063  3.894  29.461 0.0000000000
73072  -36.183  3.299  29.683 0.0000000000
71916  -34.953  2.366  28.588 0.0000000000
71930  -34.848  2.592  26.647 0.0000000000
71944  -34.907  2.520  25.632 0.0000000000
73105  -36.268  3.637  26.730 0.0000000000
73104  -35.640  3.147  26.073 0.0000000000
73121  -35.535  2.856  25.238 0.0000000000
71960  -35.840  2.821  24.575 0.0000000000
71977  -36.182  2.746  23.770 0.0000000000
138400  -36.960  3.066  23.736 0.0000000000
73152  -36.847  2.791  22.906 0.0000000000
73139  -39.510  3.987  24.282 0.0000000000
134040  -38.807  4.173  25.130 0.0000000000
73140  -40.504  4.159  24.235 0.0000000000
135653  -40.920  5.451  27.915 0.0000000000
145096  -41.790  5.504  26.891 0.0000000000
158063  -43.402  5.320  27.261 0.0000000000
74288  -42.567  5.115  26.028 0.0000000000
73109  -43.034  4.608  25.520 0.0000000000
73128  -43.241  4.179  25.212 0.0000000000
71933  -44.264  4.245  25.568 0.0000000000
58948  -21.360  -8.568  41.309 0.0000000000
58930  -20.838  -8.649  41.596 0.0000000000
141784  -20.250  -8.576  42.436 0.0000000000
58912  -19.995  -8.545  43.460 0.0000000000
58894  -19.136  -8.658  44.014 0.0000000000
58893  -18.195  -8.951  44.072 0.0000000000
58891  -16.864  -10.020  44.206 0.0000000000
58909  -16.712  -10.420  42.870 0.0000000000
57832  -16.259  -10.692  43.682 0.0000000000
87478  -57.617  15.893  3.613 0.0000000000
132935  -57.196  15.550  3.124 0.0000000000
152668  -35.852  -5.503  31.472 0.0000000000
156459  -35.421  -5.194  31.411 0.0000000000
141617  -38.607  -8.429  34.460 0.0000000000
154411  -39.097  -7.755  34.191 0.0000000000
62520  -39.436  -7.035  34.605 0.0000000000
63699  -39.067  -6.275  34.893 0.0000000000
159076  -39.110  -6.507  34.085 0.0000000000
63715  -38.540  -6.030  34.278 0.0000000000
64748  -38.034  -5.595  34.573 0.0000000000
64761  -37.611  -5.381  34.172 0.0000000000
66654  -38.537  -3.670  36.688 0.0000000000
66662  -38.067  -3.959  35.934 0.0000000000
66671  -37.988  -4.473  35.339 0.0000000000
66670  -37.630  -4.363  34.754 0.0000000000
65735  -37.282  -4.775  34.087 0.0000000000
66681  -36.613  -4.212  33.605 0.0000000000
66680  -35.803  -3.617  33.250 0.0000000000
67644  -35.917  -2.729  34.016 0.0000000000
67643  -35.237  -2.637  33.228 0.0000000000
68714  -34.754  -2.039  32.831 0.0000000000
69778  -34.740  -1.075  32.872 0.0000000000
69767  -35.013  -0.442  33.216 0.0000000000
71861  -35.532  1.240  33.343 0.0000000000
139245  -36.531  2.824  33.313 0.0000000000
73028  -37.371  3.609  33.261 0.0000000000
71830  -37.550  1.540  37.192 0.0000000000
149774  -37.382  2.475  36.408 0.0000000000
156857  -37.774  3.555  35.673 0.0000000000
146354  -37.231  3.042  35.325 0.0000000000
74185  -38.199  4.191  33.769 0.0000000000
63624  -30.987  -5.134  39.471 0.0000000000
63636  -30.408  -5.101  38.994 0.0000000000
63650  -30.660  -5.222  38.145 0.0000000000
63663  -29.587  -5.255  36.365 0.0000000000
63676  -29.584  -5.586  35.536 0.0000000000
151695  -29.607  -5.943  34.937 0.0000000000
61255  -31.676  -7.348  35.473 0.0000000000
61268  -31.474  -7.877  34.627 0.0000000000
62518  -30.029  -6.372  34.467 0.0000000000
142636  -23.513  -7.835  44.921 0.0000000000
59985  -22.896  -7.645  43.529 0.0000000000
59984  -22.213  -7.945  42.903 0.0000000000
59994  -22.074  -8.046  41.985 0.0000000000
63568  -26.026  -6.173  44.389 0.0000000000
149055  -24.844  -6.221  43.505 0.0000000000
61193  -23.586  -6.543  41.337 0.0000000000
61180  -23.520  -6.676  42.247 0.0000000000
61164  -23.634  -6.893  43.169 0.0000000000
61163  -22.987  -7.244  42.427 0.0000000000
60005  -22.451  -7.733  41.728 0.0000000000
58963  -21.479  -8.663  40.450 0.0000000000
136336  -21.293  -8.903  39.780 0.0000000000
60030  -21.768  -8.769  38.946 0.0000000000
82344  -49.184  10.785  9.269 0.0000000000
83472  -49.709  11.205  7.914 0.0000000000
156777  -50.040  11.795  9.278 0.0000000000
83473  -50.236  11.780  7.550 0.0000000000
83481  -51.013  12.168  6.377 0.0000000000
84519  -51.412  13.336  9.126 0.0000000000
85483  -52.484  14.120  9.525 0.0000000000
140150  -51.198  12.701  6.926 0.0000000000
83486  -51.420  12.021  5.439 0.0000000000
83487  -52.086  12.324  4.637 0.0000000000
85497  -52.423  13.663  5.835 0.0000000000
158367  -52.524  12.004  3.993 0.0000000000
86530  -55.640  15.535  4.581 0.0000000000
87468  -56.897  16.316  5.066 0.0000000000
53317  -10.427  -15.448  52.418 0.0000000000
53308  -10.352  -15.354  53.287 0.0000000000
52198  -9.422  -16.623  52.356 0.0000000000
138022  -9.062  -17.313  51.879 0.0000000000
51146  -9.139  -17.410  51.188 0.0000000000
50007  -8.744  -18.100  51.336 0.0000000000
49993  -8.671  -17.821  52.117 0.0000000000
67658  -33.816  -2.700  31.014 0.0000000000
66700  -33.613  -2.979  30.337 0.0000000000
69833  -33.068  -0.512  27.267 0.0000000000
75527  -41.568  5.159  17.906 0.0000000000
71995  -38.049  2.491  21.429 0.0000000000
71979  -39.617  3.171  22.777 0.0000000000
72014  -38.826  2.327  20.992 0.0000000000
152644  -39.475  2.085  20.578 0.0000000000
70955  -39.529  1.895  20.037 0.0000000000
70903  -42.834  2.829  23.195 0.0000000000
70902  -42.238  2.721  22.862 0.0000000000
70939  -43.225  2.436  22.117 0.0000000000
134764  -42.612  2.285  21.921 0.0000000000
70937  -41.352  2.090  21.322 0.0000000000
72074  -40.855  2.639  19.299 0.0000000000
138509  -41.405  3.127  19.235 0.0000000000
73207  -42.801  3.163  20.244 0.0000000000
73224  -42.142  3.484  19.601 0.0000000000
74373  -41.445  3.856  18.834 0.0000000000
75516  -41.934  4.727  18.699 0.0000000000
76615  -42.339  5.568  18.473 0.0000000000
76616  -43.164  5.808  18.975 0.0000000000
150992  -44.735  6.264  19.886 0.0000000000
76619  -45.066  6.708  19.712 0.0000000000
75491  -46.504  5.670  21.873 0.0000000000
54374  -11.377  -14.293  53.323 0.0000000000
54375  -12.014  -13.858  52.932 0.0000000000
53318  -11.014  -14.981  52.013 0.0000000000
154092  -10.204  -16.021  50.394 0.0000000000
53352  -11.646  -14.873  47.966 0.0000000000
53357  -11.238  -15.668  47.539 0.0000000000
53299  -9.579  -15.641  54.490 0.0000000000
135861  -9.151  -16.026  54.814 0.0000000000
53292  -9.330  -15.512  55.235 0.0000000000
52136  -7.725  -15.738  56.784 0.0000000000
49962  -7.282  -18.527  54.155 0.0000000000
49948  -6.382  -18.334  55.154 0.0000000000
51072  -7.173  -16.848  55.991 0.0000000000
52135  -7.133  -16.259  56.626 0.0000000000
154752  -7.082  -15.793  57.126 0.0000000000
53262  -6.720  -15.420  57.514 0.0000000000
135889  -5.977  -15.564  57.426 0.0000000000
156729  -5.341  -15.653  57.262 0.0000000000
52142  -5.205  -16.784  56.542 0.0000000000
53261  -4.776  -15.360  57.186 0.0000000000
47814  -4.492  -20.993  54.471 0.0000000000
51082  -3.795  -17.951  55.180 0.0000000000
53275  -8.384  -15.427  56.625 0.0000000000
55490  -12.379  -13.655  51.166 0.0000000000
58914  -21.535  -8.368  43.125 0.0000000000
58931  -21.437  -8.452  41.897 0.0000000000
59986  -23.361  -7.544  43.989 0.0000000000
59996  -36.389  -6.951  41.276 0.0000000000
60004  -22.047  -8.167  41.191 0.0000000000
60050  -37.803  -8.290  38.582 0.0000000000
60061  -35.990  -9.034  37.663 0.0000000000
61184  -35.875  -6.938  41.028 0.0000000000
61186  -38.495  -6.891  41.940 0.0000000000
61210  -39.334  -7.018  39.831 0.0000000000
61217  -32.973  -6.754  37.326 0.0000000000
61221  -38.629  -7.471  38.667 0.0000000000
61234  -38.776  -6.987  38.457 0.0000000000
61242  -33.072  -7.891  36.362 0.0000000000
61244  -39.099  -7.763  36.617 0.0000000000
62434  -39.040  -6.801  41.679 0.0000000000
62446  -40.348  -6.505  39.936 0.0000000000
62456  -39.781  -6.725  39.562 0.0000000000
62480  -39.224  -6.107  38.166 0.0000000000
62492  -39.048  -6.824  36.401 0.0000000000
63571  -31.115  -5.697  44.796 0.0000000000
63597  -31.477  -5.052  41.878 0.0000000000
63622  -26.463  -5.315  40.412 0.0000000000
63638  -40.762  -6.014  39.663 0.0000000000
63665  -39.436  -5.748  38.084 0.0000000000
64663  -29.406  -5.196  43.175 0.0000000000
64675  -30.221  -5.307  42.698 0.0000000000
64694  -29.097  -5.145  40.866 0.0000000000
64703  -41.048  -4.673  39.738 0.0000000000
64721  -39.595  -5.222  38.044 0.0000000000
65703  -39.616  -4.683  38.001 0.0000000000
66655  -39.059  -3.813  37.308 0.0000000000
70878  -33.915  1.081  25.434 0.0000000000
70879  -44.516  3.436  24.670 0.0000000000
70891  -45.281  3.181  24.205 0.0000000000
70905  -44.089  2.868  23.646 0.0000000000
70906  -44.692  2.875  23.648 0.0000000000
70920  -43.047  2.458  22.350 0.0000000000
70940  -43.701  2.579  22.083 0.0000000000
70958  -42.290  2.194  21.302 0.0000000000
71932  -43.708  4.096  25.315 0.0000000000
71947  -43.442  3.824  24.941 0.0000000000
71964  -42.913  3.230  23.901 0.0000000000
72015  -44.155  2.769  22.018 0.0000000000
72017  -45.241  3.247  22.544 0.0000000000
73154  -38.267  3.318  23.422 0.0000000000
73194  -44.735  3.748  21.507 0.0000000000
73210  -44.988  4.346  21.346 0.0000000000
74274  -42.901  5.369  26.886 0.0000000000
74363  -45.152  4.849  21.203 0.0000000000
77673  -44.457  7.145  18.574 0.0000000000
78775  -46.141  8.654  16.730 0.0000000000
78790  -49.701  9.493  15.789 0.0000000000
81168  -52.445  11.055  14.058 0.0000000000
83441  -51.898  11.538  12.910 0.0000000000
133187  -32.119  -5.781  38.385 0.0000000000
134376  -8.776  -16.402  54.696 0.0000000000
134904  -38.424  -7.424  41.008 0.0000000000
134909  -41.947  2.208  21.870 0.0000000000
137689  -48.025  9.244  16.544 0.0000000000
140417  -36.535  -9.365  35.757 0.0000000000
143205  -25.659  -5.864  43.559 0.0000000000
143570  -9.070  -17.877  50.695 0.0000000000
143762  -35.907  2.424  23.068 0.0000000000
145145  -38.878  -7.314  40.172 0.0000000000
147660  -39.337  -6.580  42.462 0.0000000000
148365  -37.322  -8.118  38.999 0.0000000000
150467  -39.051  -6.797  42.986 0.0000000000
151721  -50.977  10.267  13.860 0.0000000000
152734  -35.654  -7.867  38.666 0.0000000000
153371  -51.927  10.286  15.038 0.0000000000
154030  -40.000  -6.455  41.405 0.0000000000
154137  -36.173  -7.347  40.477 0.0000000000
155181  -34.324  0.773  22.871 0.0000000000
155708  -45.212  2.941  23.262 0.0000000000
157089  -39.519  -7.222  35.257 0.0000000000
157725  -35.179  -9.096  35.900 0.0000000000
157828  -34.321  -0.097  31.581 0.0000000000
158694  -51.770  10.150  15.459 0.0000000000
159270  -42.749  2.377  22.203 0.0000000000
159379  -28.876  -5.075  39.953 0.0000000000
159835  -38.088  -7.872  40.085 0.0000000000
160262  -30.442  -5.393  36.637 0.0000000000
