#!ascii label  , from subject ICBM2009cNolinAsym vox2ras=TkReg
1319
106653  -56.008  38.104  1.732 0.0000000000
117979  -47.361  53.822  -15.569 0.0000000000
113064  -47.521  46.514  -6.380 0.0000000000
109772  -56.373  41.988  -12.176 0.0000000000
116069  -52.424  50.132  -18.456 0.0000000000
112448  -51.180  45.717  -13.987 0.0000000000
108993  -53.164  40.330  -19.260 0.0000000000
110512  -49.730  42.519  -12.993 0.0000000000
103805  -50.294  33.484  7.414 0.0000000000
106638  -52.549  37.496  2.840 0.0000000000
120957  -40.348  58.832  -14.239 0.0000000000
134831  -48.096  60.291  -15.114 0.0000000000
119747  -52.728  56.726  -20.265 0.0000000000
112321  -53.385  44.745  -1.026 0.0000000000
116692  -48.077  52.648  -9.720 0.0000000000
114464  -54.449  48.989  -7.867 0.0000000000
149890  -56.315  41.807  -4.559 0.0000000000
109680  -51.665  41.440  -6.617 0.0000000000
108183  -46.018  39.879  -7.644 0.0000000000
106682  -53.486  37.916  -0.085 0.0000000000
113852  -54.415  47.910  -20.940 0.0000000000
111824  -53.048  44.419  -19.782 0.0000000000
111204  -51.748  42.736  -21.546 0.0000000000
108989  -48.407  39.979  -19.537 0.0000000000
105268  -51.777  35.211  4.862 0.0000000000
105954  -49.328  36.363  2.046 0.0000000000
121549  -36.159  59.185  -14.959 0.0000000000
136739  -51.049  58.936  -17.593 0.0000000000
111702  -50.132  43.850  -1.152 0.0000000000
112389  -50.559  45.470  -3.496 0.0000000000
118539  -43.815  54.241  -14.084 0.0000000000
116710  -47.383  51.706  -12.892 0.0000000000
111782  -55.194  44.473  -13.408 0.0000000000
113781  -54.059  47.680  -11.219 0.0000000000
112422  -55.488  45.840  -10.294 0.0000000000
158500  -55.754  45.131  -5.967 0.0000000000
153143  -56.593  42.354  -8.462 0.0000000000
109682  -54.457  41.487  -5.897 0.0000000000
109730  -54.610  41.912  -10.000 0.0000000000
110469  -47.912  42.326  -10.121 0.0000000000
117983  -49.968  53.264  -16.604 0.0000000000
115276  -48.563  49.293  -15.039 0.0000000000
113144  -50.744  46.450  -17.299 0.0000000000
111186  -53.194  43.485  -17.264 0.0000000000
108961  -55.046  40.600  -16.053 0.0000000000
109768  -53.431  41.617  -13.116 0.0000000000
109814  -50.791  41.095  -16.167 0.0000000000
109811  -46.901  41.042  -16.022 0.0000000000
104536  -53.891  33.861  7.601 0.0000000000
105936  -54.520  36.235  5.062 0.0000000000
107363  -55.041  38.938  2.944 0.0000000000
119700  -36.452  56.866  -12.861 0.0000000000
119707  -40.063  56.866  -13.480 0.0000000000
119713  -44.291  57.231  -13.973 0.0000000000
119717  -48.428  57.658  -14.240 0.0000000000
119098  -51.773  55.881  -15.469 0.0000000000
118562  -53.369  53.953  -17.861 0.0000000000
116818  -53.934  51.122  -21.628 0.0000000000
118017  -52.953  53.763  -21.798 0.0000000000
108843  -50.197  40.390  0.016 0.0000000000
108846  -52.974  41.629  0.981 0.0000000000
110394  -55.003  42.407  0.939 0.0000000000
115213  -48.238  50.640  -8.125 0.0000000000
114491  -49.828  49.167  -11.578 0.0000000000
116669  -52.107  52.426  -8.533 0.0000000000
113746  -51.246  48.418  -7.340 0.0000000000
155715  -53.827  46.674  -3.742 0.0000000000
111722  -55.280  44.451  -2.386 0.0000000000
108863  -55.771  40.873  -0.391 0.0000000000
133366  -53.969  40.489  -2.130 0.0000000000
108885  -51.689  40.496  -4.286 0.0000000000
158133  -48.975  39.135  -5.500 0.0000000000
153134  -51.123  42.489  -10.202 0.0000000000
141411  -48.876  40.883  -7.420 0.0000000000
106724  -46.718  38.059  -6.769 0.0000000000
106654  -56.286  37.549  2.301 0.0000000000
105976  -55.611  37.052  1.506 0.0000000000
106671  -55.265  37.778  1.010 0.0000000000
113878  -53.675  46.919  -22.586 0.0000000000
112496  -53.482  45.299  -22.178 0.0000000000
112494  -51.842  44.953  -21.903 0.0000000000
111198  -49.955  43.150  -20.398 0.0000000000
113047  -49.237  46.086  -5.314 0.0000000000
118545  -46.006  54.406  -15.053 0.0000000000
111166  -56.271  43.020  -13.628 0.0000000000
112442  -55.279  45.063  -12.207 0.0000000000
111771  -55.981  44.176  -11.761 0.0000000000
111761  -56.011  43.920  -10.011 0.0000000000
110475  -56.327  42.437  -9.954 0.0000000000
109732  -56.163  41.780  -9.128 0.0000000000
109745  -55.465  41.809  -10.514 0.0000000000
116053  -51.384  51.095  -17.751 0.0000000000
158626  -50.059  49.594  -17.178 0.0000000000
114549  -51.309  48.985  -18.116 0.0000000000
152671  -53.391  42.295  -20.556 0.0000000000
111817  -52.550  44.267  -18.743 0.0000000000
110573  -53.713  41.694  -19.206 0.0000000000
110557  -55.216  41.832  -16.560 0.0000000000
139660  -53.852  40.279  -17.681 0.0000000000
108959  -53.395  40.400  -16.541 0.0000000000
108970  -51.969  40.230  -17.781 0.0000000000
108966  -47.144  40.293  -17.592 0.0000000000
105943  -51.853  36.198  3.458 0.0000000000
105269  -53.103  35.419  5.394 0.0000000000
148781  -53.283  36.633  3.955 0.0000000000
106631  -54.931  37.674  4.104 0.0000000000
107361  -53.338  38.231  2.851 0.0000000000
150149  -38.986  58.416  -14.387 0.0000000000
149898  -38.563  57.980  -14.123 0.0000000000
160113  -40.201  58.175  -13.601 0.0000000000
119711  -42.837  57.114  -13.727 0.0000000000
155104  -42.177  58.755  -13.023 0.0000000000
121573  -46.485  60.164  -14.311 0.0000000000
120963  -46.357  59.390  -13.478 0.0000000000
120965  -48.399  59.165  -13.597 0.0000000000
119090  -50.486  56.841  -14.459 0.0000000000
120967  -50.509  58.752  -13.921 0.0000000000
120348  -51.866  57.851  -18.990 0.0000000000
120338  -52.483  56.874  -17.316 0.0000000000
119113  -53.371  54.891  -19.160 0.0000000000
117396  -54.158  52.081  -19.520 0.0000000000
118574  -53.451  54.387  -20.514 0.0000000000
117444  -53.493  52.510  -21.639 0.0000000000
119124  -53.042  55.310  -21.602 0.0000000000
110416  -45.966  42.628  -1.138 0.0000000000
133044  -45.851  40.421  -1.253 0.0000000000
133627  -47.487  40.658  -1.103 0.0000000000
133175  -48.302  39.219  -0.459 0.0000000000
108859  -48.887  41.396  -0.805 0.0000000000
111717  -51.952  44.451  -1.237 0.0000000000
110404  -51.848  42.845  0.013 0.0000000000
110405  -53.055  43.189  0.386 0.0000000000
109618  -53.772  41.759  1.305 0.0000000000
111077  -53.973  43.644  0.295 0.0000000000
115969  -46.716  51.656  -8.729 0.0000000000
135582  -46.854  51.115  -8.432 0.0000000000
116667  -48.367  52.044  -8.289 0.0000000000
143499  -49.806  46.762  -13.957 0.0000000000
114514  -49.202  48.243  -12.921 0.0000000000
113791  -50.546  47.332  -12.253 0.0000000000
114483  -54.421  49.023  -9.891 0.0000000000
115230  -52.953  49.758  -9.926 0.0000000000
115203  -53.710  50.378  -8.089 0.0000000000
115200  -51.636  50.729  -7.405 0.0000000000
113748  -52.928  49.132  -6.981 0.0000000000
113714  -52.748  47.446  -5.968 0.0000000000
113732  -53.933  47.968  -6.452 0.0000000000
111739  -56.497  43.402  -5.684 0.0000000000
111733  -55.652  44.875  -4.150 0.0000000000
111108  -56.194  42.729  -3.018 0.0000000000
110423  -55.890  42.489  -1.119 0.0000000000
108879  -55.709  41.636  -2.519 0.0000000000
108871  -55.170  40.684  -1.415 0.0000000000
154903  -55.513  41.486  -3.445 0.0000000000
109681  -53.587  41.539  -6.245 0.0000000000
108900  -53.218  41.304  -4.902 0.0000000000
146434  -51.612  40.853  -5.242 0.0000000000
108137  -49.918  39.193  -4.178 0.0000000000
108910  -50.193  40.642  -6.234 0.0000000000
110528  -51.418  42.086  -13.495 0.0000000000
110500  -52.050  42.365  -11.692 0.0000000000
134884  -50.298  42.576  -11.478 0.0000000000
109710  -46.933  41.465  -8.787 0.0000000000
109711  -48.318  41.639  -8.558 0.0000000000
108922  -47.427  40.172  -7.440 0.0000000000
108162  -48.068  39.883  -7.023 0.0000000000
135141  -46.732  38.867  -7.009 0.0000000000
106723  -45.981  37.501  -6.981 0.0000000000
105284  -56.950  35.437  4.035 0.0000000000
106680  -52.479  37.753  -0.655 0.0000000000
114558  -53.626  49.122  -19.370 0.0000000000
113835  -52.678  47.945  -19.183 0.0000000000
154269  -54.063  46.061  -20.960 0.0000000000
146511  -53.375  43.542  -21.518 0.0000000000
109855  -51.787  40.873  -20.951 0.0000000000
159873  -50.315  39.905  -19.443 0.0000000000
109849  -50.134  40.585  -20.486 0.0000000000
104550  -50.897  33.903  6.943 0.0000000000
104587  -49.511  34.611  4.454 0.0000000000
105955  -50.934  36.813  2.362 0.0000000000
121565  -38.321  58.865  -15.706 0.0000000000
121588  -49.852  60.122  -15.923 0.0000000000
121038  -51.372  58.523  -20.453 0.0000000000
120382  -52.464  57.822  -22.104 0.0000000000
150920  -48.835  43.297  -1.098 0.0000000000
112354  -50.588  44.806  -2.212 0.0000000000
112374  -52.097  45.282  -2.339 0.0000000000
116702  -47.578  52.269  -11.296 0.0000000000
112460  -53.664  44.716  -13.863 0.0000000000
113110  -52.148  46.477  -12.296 0.0000000000
112440  -54.521  45.547  -12.497 0.0000000000
113782  -55.032  46.787  -11.116 0.0000000000
113754  -55.263  47.570  -9.431 0.0000000000
113073  -54.900  47.282  -7.085 0.0000000000
150014  -55.386  45.605  -8.618 0.0000000000
111744  -56.304  43.775  -7.402 0.0000000000
110443  -56.600  42.193  -6.259 0.0000000000
109669  -55.948  41.573  -5.553 0.0000000000
109701  -56.264  41.746  -7.579 0.0000000000
141817  -54.971  41.583  -7.915 0.0000000000
109715  -53.062  41.884  -7.745 0.0000000000
151628  -48.445  42.585  -11.623 0.0000000000
113725  -46.264  47.468  -7.359 0.0000000000
141221  -48.805  53.905  -16.185 0.0000000000
146991  -47.953  50.818  -14.865 0.0000000000
146851  -49.102  49.965  -16.264 0.0000000000
113819  -49.583  47.683  -16.186 0.0000000000
112467  -50.823  45.585  -15.759 0.0000000000
112484  -51.979  45.699  -18.885 0.0000000000
155374  -52.022  44.551  -17.143 0.0000000000
111797  -52.652  44.222  -15.665 0.0000000000
134136  -54.314  43.408  -15.767 0.0000000000
111173  -55.906  42.807  -14.875 0.0000000000
136014  -55.745  41.087  -14.335 0.0000000000
109770  -55.300  41.369  -12.475 0.0000000000
109800  -53.994  40.938  -14.696 0.0000000000
109798  -51.981  41.268  -15.147 0.0000000000
110540  -49.966  42.057  -14.489 0.0000000000
108968  -49.640  40.262  -18.048 0.0000000000
150070  -48.563  41.205  -16.234 0.0000000000
104572  -52.586  34.449  6.733 0.0000000000
105259  -54.172  34.960  6.533 0.0000000000
156770  -55.962  34.827  6.232 0.0000000000
105938  -56.096  36.313  4.931 0.0000000000
106632  -55.991  37.687  3.979 0.0000000000
107364  -55.869  38.735  2.793 0.0000000000
119077  -38.116  55.460  -12.770 0.0000000000
119705  -38.387  56.806  -13.449 0.0000000000
118535  -40.742  54.948  -13.333 0.0000000000
118541  -42.883  55.328  -14.018 0.0000000000
119087  -44.146  56.054  -14.427 0.0000000000
119089  -46.315  56.092  -15.069 0.0000000000
157297  -42.229  59.695  -13.637 0.0000000000
120309  -44.738  58.810  -13.424 0.0000000000
147389  -46.416  57.765  -14.063 0.0000000000
119094  -48.156  56.060  -15.393 0.0000000000
118552  -49.317  55.055  -15.865 0.0000000000
160245  -50.829  54.506  -16.228 0.0000000000
117381  -52.458  53.177  -17.361 0.0000000000
120322  -51.905  57.848  -15.262 0.0000000000
118559  -52.644  54.806  -16.706 0.0000000000
117385  -53.243  52.733  -18.076 0.0000000000
116072  -54.099  51.235  -19.032 0.0000000000
115342  -54.343  49.330  -21.461 0.0000000000
139360  -52.824  49.781  -22.433 0.0000000000
116816  -52.794  51.335  -22.125 0.0000000000
119123  -52.814  56.116  -22.189 0.0000000000
106669  -49.665  37.949  0.827 0.0000000000
107369  -51.101  38.983  0.913 0.0000000000
144084  -50.257  42.663  -0.569 0.0000000000
148213  -51.360  40.546  0.551 0.0000000000
138302  -52.457  39.000  1.700 0.0000000000
151694  -53.780  39.483  2.372 0.0000000000
108100  -54.991  40.378  2.255 0.0000000000
108101  -55.906  40.258  1.873 0.0000000000
114457  -48.324  48.722  -8.014 0.0000000000
116011  -48.095  50.772  -13.293 0.0000000000
115236  -49.124  50.758  -12.116 0.0000000000
115985  -50.262  52.324  -10.822 0.0000000000
158545  -51.553  48.554  -10.952 0.0000000000
115228  -51.131  50.650  -10.507 0.0000000000
116695  -50.740  52.873  -9.924 0.0000000000
115958  -50.569  51.711  -7.658 0.0000000000
115214  -49.730  49.981  -7.854 0.0000000000
158951  -49.296  47.250  -7.131 0.0000000000
135568  -51.142  46.443  -5.128 0.0000000000
113031  -51.948  46.281  -4.157 0.0000000000
113012  -53.581  45.822  -2.448 0.0000000000
113053  -55.046  46.676  -5.459 0.0000000000
112377  -54.549  45.742  -2.913 0.0000000000
111719  -54.289  44.810  -1.336 0.0000000000
111079  -55.037  43.385  0.057 0.0000000000
109629  -55.694  41.935  0.408 0.0000000000
154171  -56.170  39.774  0.515 0.0000000000
107399  -54.842  39.160  -0.284 0.0000000000
108125  -53.820  39.295  -0.898 0.0000000000
108130  -52.036  39.273  -1.894 0.0000000000
132979  -54.496  41.282  -3.743 0.0000000000
108881  -52.386  40.486  -3.442 0.0000000000
108134  -51.390  39.287  -2.521 0.0000000000
141203  -49.661  38.088  -3.239 0.0000000000
106699  -49.291  38.357  -4.033 0.0000000000
110502  -53.645  42.007  -11.425 0.0000000000
155628  -52.823  42.326  -10.155 0.0000000000
146173  -51.297  42.118  -8.246 0.0000000000
110470  -48.837  42.348  -9.920 0.0000000000
109729  -50.087  42.216  -8.931 0.0000000000
109695  -50.152  41.541  -7.561 0.0000000000
108909  -49.347  40.219  -6.375 0.0000000000
157989  -47.823  38.564  -6.274 0.0000000000
107384  -55.846  38.656  1.103 0.0000000000
144991  -52.089  46.174  -22.418 0.0000000000
112503  -52.329  45.515  -22.388 0.0000000000
113046  -48.486  45.934  -5.193 0.0000000000
113065  -48.476  46.309  -5.954 0.0000000000
118546  -46.728  54.202  -15.345 0.0000000000
117978  -46.255  53.548  -14.793 0.0000000000
117370  -47.146  52.757  -14.848 0.0000000000
110530  -56.412  42.703  -13.078 0.0000000000
111776  -56.029  44.001  -12.381 0.0000000000
110517  -56.441  42.731  -11.897 0.0000000000
110489  -56.361  42.624  -10.975 0.0000000000
109759  -56.305  42.153  -11.412 0.0000000000
109746  -55.983  41.892  -10.913 0.0000000000
109758  -56.131  41.823  -11.640 0.0000000000
159923  -51.791  51.936  -17.615 0.0000000000
115294  -51.531  50.013  -18.014 0.0000000000
115306  -52.115  49.414  -18.498 0.0000000000
109851  -53.045  40.695  -20.044 0.0000000000
159999  -53.492  41.987  -19.951 0.0000000000
109845  -53.585  40.867  -19.263 0.0000000000
109836  -54.168  41.087  -18.338 0.0000000000
108983  -53.186  40.195  -18.470 0.0000000000
108971  -53.083  40.189  -17.582 0.0000000000
140876  -52.373  40.099  -18.523 0.0000000000
104533  -51.263  33.541  7.571 0.0000000000
105956  -51.774  36.800  2.856 0.0000000000
105944  -52.582  36.108  4.010 0.0000000000
105957  -52.595  36.778  3.416 0.0000000000
106630  -53.573  37.466  3.573 0.0000000000
120956  -39.668  58.616  -14.355 0.0000000000
120942  -40.303  58.572  -13.863 0.0000000000
149278  -41.408  58.824  -13.166 0.0000000000
120959  -41.809  59.307  -13.309 0.0000000000
120993  -46.765  59.606  -16.111 0.0000000000
121585  -45.994  59.974  -15.246 0.0000000000
121586  -47.078  60.174  -15.157 0.0000000000
121560  -47.852  59.745  -13.803 0.0000000000
149178  -48.425  60.121  -14.271 0.0000000000
120966  -49.507  59.083  -13.736 0.0000000000
121576  -50.020  60.065  -14.751 0.0000000000
120360  -52.304  57.320  -19.650 0.0000000000
119744  -52.808  56.417  -19.171 0.0000000000
119112  -53.095  55.765  -19.737 0.0000000000
118570  -53.559  54.187  -19.607 0.0000000000
119116  -53.275  55.044  -20.151 0.0000000000
156690  -53.278  54.618  -21.150 0.0000000000
119748  -53.073  56.020  -20.738 0.0000000000
111085  -45.765  43.919  -0.995 0.0000000000
110417  -46.885  43.193  -1.101 0.0000000000
109638  -46.762  42.107  -1.254 0.0000000000
109639  -47.629  42.440  -1.184 0.0000000000
108858  -48.095  41.497  -1.052 0.0000000000
112320  -52.791  44.566  -0.969 0.0000000000
111091  -52.786  43.999  -0.352 0.0000000000
111705  -53.128  44.408  -0.645 0.0000000000
111076  -53.264  43.651  0.130 0.0000000000
111706  -53.719  44.509  -0.657 0.0000000000
116691  -47.256  52.333  -10.253 0.0000000000
132885  -47.316  52.259  -9.093 0.0000000000
116666  -47.569  51.899  -8.535 0.0000000000
116680  -48.113  52.468  -8.804 0.0000000000
113127  -50.362  46.160  -14.429 0.0000000000
113798  -50.080  46.961  -13.050 0.0000000000
113120  -50.606  46.285  -13.509 0.0000000000
114472  -54.708  48.924  -8.851 0.0000000000
115223  -54.396  49.414  -9.175 0.0000000000
115215  -54.221  49.651  -8.371 0.0000000000
115202  -53.197  50.493  -7.532 0.0000000000
114463  -53.977  49.190  -7.277 0.0000000000
114446  -53.567  48.722  -6.863 0.0000000000
113749  -54.223  48.525  -7.089 0.0000000000
146920  -56.537  42.303  -4.650 0.0000000000
111112  -56.392  42.926  -3.881 0.0000000000
110436  -56.384  42.020  -3.695 0.0000000000
110434  -56.191  42.066  -2.711 0.0000000000
109656  -56.136  41.873  -3.000 0.0000000000
150001  -55.713  41.575  -3.178 0.0000000000
141169  -56.059  41.657  -3.886 0.0000000000
139505  -52.650  41.539  -6.437 0.0000000000
151964  -52.882  41.453  -5.885 0.0000000000
108912  -52.074  41.304  -5.905 0.0000000000
108898  -50.619  40.443  -5.497 0.0000000000
108911  -51.121  41.019  -6.026 0.0000000000
110527  -50.418  42.251  -13.640 0.0000000000
110513  -50.656  42.465  -12.615 0.0000000000
135810  -49.776  42.603  -12.200 0.0000000000
156823  -46.665  40.935  -8.307 0.0000000000
108934  -47.548  41.018  -8.133 0.0000000000
108933  -46.723  40.388  -7.810 0.0000000000
108173  -46.722  39.636  -7.353 0.0000000000
133337  -46.084  39.086  -7.287 0.0000000000
108172  -45.392  39.338  -7.515 0.0000000000
105989  -53.450  36.963  0.101 0.0000000000
114572  -54.135  48.538  -19.997 0.0000000000
113843  -53.957  47.601  -20.269 0.0000000000
113160  -54.273  46.845  -21.043 0.0000000000
111213  -52.701  43.644  -22.078 0.0000000000
111828  -53.416  44.282  -21.876 0.0000000000
110594  -52.487  42.807  -21.729 0.0000000000
110595  -52.850  42.424  -21.485 0.0000000000
110585  -51.922  41.835  -21.363 0.0000000000
109006  -50.988  40.480  -20.530 0.0000000000
148606  -50.578  41.755  -20.895 0.0000000000
137074  -48.664  41.875  -20.017 0.0000000000
104603  -48.647  34.703  3.930 0.0000000000
105942  -51.047  36.114  3.055 0.0000000000
105975  -50.147  36.849  1.912 0.0000000000
121564  -37.490  59.291  -16.141 0.0000000000
121029  -51.016  58.641  -19.743 0.0000000000
135793  -51.421  58.720  -21.317 0.0000000000
121044  -50.115  58.822  -21.601 0.0000000000
112388  -49.486  45.327  -3.640 0.0000000000
112372  -50.048  45.021  -2.813 0.0000000000
112373  -51.093  45.180  -2.658 0.0000000000
112355  -51.447  44.897  -2.080 0.0000000000
118538  -42.989  54.454  -13.812 0.0000000000
116711  -48.008  52.009  -11.952 0.0000000000
111781  -54.576  44.607  -13.652 0.0000000000
112451  -54.165  45.164  -13.162 0.0000000000
112452  -54.861  45.031  -12.967 0.0000000000
112433  -55.270  45.491  -11.599 0.0000000000
113103  -55.000  46.095  -11.507 0.0000000000
138590  -55.201  46.242  -11.134 0.0000000000
113759  -55.304  47.198  -10.311 0.0000000000
113084  -55.416  46.683  -9.948 0.0000000000
113077  -55.221  46.630  -8.976 0.0000000000
112414  -55.411  45.975  -9.545 0.0000000000
111137  -56.430  42.851  -9.295 0.0000000000
111753  -56.177  43.685  -8.894 0.0000000000
111131  -56.610  42.860  -8.284 0.0000000000
111121  -56.677  42.974  -7.363 0.0000000000
110452  -56.690  42.359  -7.729 0.0000000000
109685  -56.556  42.006  -7.072 0.0000000000
109702  -56.573  42.002  -8.153 0.0000000000
109731  -55.557  41.751  -9.539 0.0000000000
109717  -55.716  41.618  -8.636 0.0000000000
134079  -54.746  41.788  -8.975 0.0000000000
136091  -53.975  41.668  -7.547 0.0000000000
109716  -53.850  41.851  -8.362 0.0000000000
142282  -49.194  53.206  -16.373 0.0000000000
117375  -48.680  52.369  -16.163 0.0000000000
116032  -49.381  50.818  -16.632 0.0000000000
114548  -50.564  48.466  -17.591 0.0000000000
114540  -49.484  48.543  -16.425 0.0000000000
113820  -50.111  47.112  -16.706 0.0000000000
113138  -49.856  46.880  -15.815 0.0000000000
113139  -50.412  46.288  -16.278 0.0000000000
113158  -52.541  46.228  -19.427 0.0000000000
113151  -51.839  46.618  -18.800 0.0000000000
112489  -52.726  45.374  -19.592 0.0000000000
111192  -53.150  43.384  -18.472 0.0000000000
111812  -52.471  44.114  -17.725 0.0000000000
111806  -52.568  44.064  -16.707 0.0000000000
111805  -51.963  44.575  -16.356 0.0000000000
111172  -53.378  43.641  -16.207 0.0000000000
111798  -53.689  43.917  -15.265 0.0000000000
111179  -54.065  43.053  -16.741 0.0000000000
109830  -55.211  40.976  -16.672 0.0000000000
110548  -55.628  42.335  -15.730 0.0000000000
109818  -55.593  41.108  -15.670 0.0000000000
109802  -56.156  41.571  -14.346 0.0000000000
108955  -55.411  40.820  -15.154 0.0000000000
109801  -55.009  40.853  -14.467 0.0000000000
108954  -54.637  40.665  -15.397 0.0000000000
109815  -51.747  40.929  -16.038 0.0000000000
109816  -52.711  40.788  -15.830 0.0000000000
159855  -51.203  41.364  -15.431 0.0000000000
109781  -51.084  41.791  -14.535 0.0000000000
108990  -49.527  39.905  -19.537 0.0000000000
108981  -50.024  39.920  -18.896 0.0000000000
108980  -48.990  39.915  -18.915 0.0000000000
109826  -47.492  40.792  -16.630 0.0000000000
108967  -48.110  40.533  -17.275 0.0000000000
104589  -51.291  34.754  5.394 0.0000000000
104571  -51.594  34.403  6.391 0.0000000000
105257  -52.304  34.973  5.692 0.0000000000
105270  -53.938  35.561  5.658 0.0000000000
105260  -54.940  35.566  5.889 0.0000000000
105251  -54.905  34.820  6.701 0.0000000000
105930  -55.689  35.760  5.573 0.0000000000
105271  -56.226  35.385  5.577 0.0000000000
105937  -55.356  36.340  5.106 0.0000000000
106639  -54.382  38.349  3.387 0.0000000000
107358  -55.522  38.316  3.461 0.0000000000
119697  -35.688  56.667  -12.032 0.0000000000
119073  -35.837  55.922  -11.466 0.0000000000
119698  -36.493  56.052  -12.214 0.0000000000
119075  -37.289  55.466  -12.336 0.0000000000
159727  -37.621  55.796  -12.774 0.0000000000
120952  -35.545  59.178  -14.342 0.0000000000
120939  -36.555  58.176  -13.973 0.0000000000
120304  -39.758  57.592  -13.589 0.0000000000
147016  -37.999  57.433  -13.735 0.0000000000
119706  -39.233  56.821  -13.500 0.0000000000
119081  -39.539  56.006  -13.370 0.0000000000
119082  -40.423  55.936  -13.483 0.0000000000
119083  -41.439  55.773  -13.650 0.0000000000
120312  -43.622  57.726  -13.592 0.0000000000
119712  -43.627  56.818  -14.008 0.0000000000
119088  -45.025  55.602  -14.761 0.0000000000
119714  -45.091  56.772  -14.398 0.0000000000
120960  -43.414  59.301  -13.423 0.0000000000
120961  -44.340  59.355  -13.513 0.0000000000
120315  -47.926  58.558  -13.709 0.0000000000
120314  -46.877  58.674  -13.593 0.0000000000
119716  -47.388  57.778  -14.133 0.0000000000
119722  -46.842  56.921  -14.708 0.0000000000
119723  -47.802  56.907  -14.834 0.0000000000
119095  -49.110  56.001  -15.344 0.0000000000
119724  -48.802  56.809  -14.868 0.0000000000
119091  -51.419  56.707  -14.686 0.0000000000
119097  -51.012  55.999  -15.190 0.0000000000
118554  -51.457  55.135  -15.953 0.0000000000
118557  -51.530  54.227  -16.522 0.0000000000
118558  -52.169  54.556  -16.534 0.0000000000
121009  -50.692  59.374  -17.017 0.0000000000
120995  -51.120  59.344  -15.619 0.0000000000
120996  -51.601  58.581  -15.980 0.0000000000
119103  -53.037  55.393  -17.333 0.0000000000
119736  -52.799  56.084  -16.901 0.0000000000
118561  -53.055  54.722  -17.287 0.0000000000
117989  -53.054  53.207  -17.693 0.0000000000
148278  -53.303  53.081  -17.985 0.0000000000
116773  -53.766  52.000  -18.696 0.0000000000
117388  -53.868  52.343  -18.850 0.0000000000
140153  -54.163  52.101  -20.398 0.0000000000
116798  -54.335  51.313  -20.530 0.0000000000
159135  -54.315  50.052  -21.364 0.0000000000
114611  -54.016  48.996  -22.119 0.0000000000
115349  -53.497  49.553  -22.313 0.0000000000
116104  -53.750  50.437  -21.961 0.0000000000
156527  -53.198  52.957  -21.786 0.0000000000
117443  -53.176  52.211  -21.956 0.0000000000
146282  -52.742  53.177  -21.958 0.0000000000
117442  -52.246  52.397  -21.921 0.0000000000
118016  -52.378  54.145  -22.027 0.0000000000
119753  -52.736  57.001  -22.230 0.0000000000
107394  -47.527  38.654  -0.411 0.0000000000
107396  -49.729  39.530  0.063 0.0000000000
107381  -49.508  38.631  0.348 0.0000000000
107382  -50.221  38.811  0.595 0.0000000000
107368  -50.556  38.149  1.170 0.0000000000
108107  -50.725  39.821  0.424 0.0000000000
159117  -49.607  43.534  -1.075 0.0000000000
140838  -49.576  42.949  -0.836 0.0000000000
140794  -50.443  43.241  -0.731 0.0000000000
109626  -52.241  42.086  0.516 0.0000000000
108845  -51.471  41.350  0.392 0.0000000000
108109  -52.209  40.883  0.856 0.0000000000
108108  -51.617  39.864  0.846 0.0000000000
108098  -52.435  39.886  1.311 0.0000000000
138901  -53.189  39.700  1.884 0.0000000000
108835  -53.275  40.765  1.513 0.0000000000
110393  -54.658  42.287  1.088 0.0000000000
108836  -54.320  41.104  1.892 0.0000000000
108837  -55.236  41.204  1.867 0.0000000000
108838  -55.805  41.174  1.379 0.0000000000
115212  -47.272  50.448  -8.304 0.0000000000
142094  -47.405  48.549  -7.981 0.0000000000
147453  -48.232  50.027  -14.961 0.0000000000
135386  -47.742  50.961  -14.062 0.0000000000
115268  -48.276  49.549  -14.241 0.0000000000
114505  -49.421  48.605  -12.264 0.0000000000
115249  -49.162  49.582  -12.109 0.0000000000
115237  -49.689  50.315  -11.499 0.0000000000
115996  -49.637  51.599  -11.473 0.0000000000
113100  -52.960  46.853  -11.840 0.0000000000
113779  -52.182  47.235  -11.679 0.0000000000
114494  -53.309  48.255  -10.859 0.0000000000
115978  -53.130  51.219  -9.209 0.0000000000
115229  -52.010  50.155  -10.111 0.0000000000
115987  -51.845  51.355  -9.990 0.0000000000
115986  -51.063  51.900  -10.423 0.0000000000
116696  -51.626  52.382  -9.596 0.0000000000
133193  -50.267  52.358  -8.122 0.0000000000
116653  -51.243  52.327  -7.890 0.0000000000
114460  -51.447  49.524  -7.455 0.0000000000
139969  -50.695  50.249  -7.633 0.0000000000
114459  -50.388  48.979  -7.729 0.0000000000
150112  -49.730  47.977  -7.564 0.0000000000
113745  -50.493  47.970  -7.397 0.0000000000
113067  -50.568  46.782  -6.162 0.0000000000
113729  -50.989  47.500  -6.849 0.0000000000
113050  -53.293  47.034  -4.834 0.0000000000
113049  -52.290  46.763  -5.044 0.0000000000
113032  -52.913  46.610  -3.984 0.0000000000
113019  -53.342  46.268  -3.110 0.0000000000
113020  -53.903  46.191  -2.907 0.0000000000
112405  -55.449  45.652  -6.654 0.0000000000
113071  -55.137  46.561  -6.370 0.0000000000
112403  -55.378  45.938  -5.459 0.0000000000
111726  -55.469  44.657  -3.280 0.0000000000
112391  -55.083  45.461  -3.456 0.0000000000
112378  -54.853  45.187  -2.706 0.0000000000
112358  -54.387  45.377  -2.282 0.0000000000
111720  -54.819  44.598  -1.605 0.0000000000
111708  -54.658  44.333  -0.909 0.0000000000
111096  -55.241  43.914  -1.155 0.0000000000
108864  -55.790  41.380  -0.962 0.0000000000
109644  -55.955  41.976  -0.663 0.0000000000
109643  -55.859  41.525  -0.180 0.0000000000
108847  -55.940  41.131  0.521 0.0000000000
108127  -56.023  40.301  0.152 0.0000000000
108126  -55.680  39.715  -0.157 0.0000000000
108862  -55.585  40.382  -0.647 0.0000000000
133336  -54.818  40.988  -2.246 0.0000000000
108870  -54.604  40.434  -1.610 0.0000000000
108132  -53.945  39.946  -1.465 0.0000000000
150516  -53.383  39.580  -1.390 0.0000000000
108135  -53.024  39.905  -1.894 0.0000000000
109668  -55.173  41.460  -5.358 0.0000000000
109659  -55.619  41.492  -4.728 0.0000000000
152420  -52.812  40.962  -4.221 0.0000000000
108876  -52.157  39.927  -2.608 0.0000000000
108139  -51.264  39.775  -3.326 0.0000000000
108133  -50.509  38.717  -2.845 0.0000000000
108138  -50.436  39.271  -3.607 0.0000000000
107422  -49.280  38.990  -4.856 0.0000000000
107411  -48.772  38.259  -4.692 0.0000000000
107421  -48.611  38.569  -5.317 0.0000000000
109769  -54.453  41.399  -12.830 0.0000000000
109756  -54.542  41.648  -11.932 0.0000000000
110516  -53.599  41.834  -12.272 0.0000000000
110486  -51.271  42.519  -11.016 0.0000000000
158290  -51.973  42.474  -11.020 0.0000000000
142932  -51.942  42.465  -10.348 0.0000000000
110461  -51.801  42.286  -8.778 0.0000000000
110472  -51.449  42.424  -9.550 0.0000000000
110483  -48.597  42.495  -10.822 0.0000000000
108935  -48.526  41.195  -7.933 0.0000000000
151025  -49.099  42.094  -8.967 0.0000000000
109694  -49.294  41.346  -7.737 0.0000000000
108924  -49.597  40.922  -6.983 0.0000000000
108908  -48.775  40.377  -6.951 0.0000000000
107431  -47.323  38.650  -6.654 0.0000000000
136298  -47.939  39.196  -6.578 0.0000000000
106714  -47.361  37.823  -6.263 0.0000000000
105958  -56.537  36.964  2.880 0.0000000000
105977  -56.220  36.567  2.100 0.0000000000
105315  -55.586  36.061  1.460 0.0000000000
113864  -54.204  47.026  -21.848 0.0000000000
113169  -54.107  46.025  -21.719 0.0000000000
112504  -52.914  45.302  -22.504 0.0000000000
111833  -52.393  44.162  -22.132 0.0000000000
111826  -51.541  43.820  -21.487 0.0000000000
111203  -50.790  42.748  -20.967 0.0000000000
111822  -50.486  43.926  -20.658 0.0000000000
113029  -48.933  45.666  -4.508 0.0000000000
133221  -49.981  45.804  -4.492 0.0000000000
117976  -44.802  53.949  -14.370 0.0000000000
117974  -45.900  53.005  -14.127 0.0000000000
117367  -46.880  52.178  -13.762 0.0000000000
111158  -55.886  43.789  -13.400 0.0000000000
112453  -55.269  44.792  -12.779 0.0000000000
111775  -55.676  44.368  -12.711 0.0000000000
111770  -55.604  44.711  -12.030 0.0000000000
111765  -55.622  44.905  -11.391 0.0000000000
111760  -55.678  44.942  -10.608 0.0000000000
111766  -55.980  44.115  -11.000 0.0000000000
111143  -56.311  43.195  -10.475 0.0000000000
110463  -56.498  42.190  -9.002 0.0000000000
159252  -56.426  41.944  -8.807 0.0000000000
109733  -56.337  42.019  -9.539 0.0000000000
137330  -56.031  41.892  -10.012 0.0000000000
117379  -50.606  52.743  -16.983 0.0000000000
116042  -50.292  50.976  -17.240 0.0000000000
149597  -50.585  50.197  -17.478 0.0000000000
115293  -50.645  49.361  -17.587 0.0000000000
113833  -51.180  48.027  -18.185 0.0000000000
111205  -53.380  43.330  -20.561 0.0000000000
111199  -53.140  43.658  -19.423 0.0000000000
111193  -53.456  42.676  -19.604 0.0000000000
150227  -53.696  42.473  -18.683 0.0000000000
111187  -53.821  42.739  -17.767 0.0000000000
110556  -54.568  42.240  -17.168 0.0000000000
110565  -54.203  41.874  -18.145 0.0000000000
109837  -54.538  40.692  -17.574 0.0000000000
108973  -54.507  40.395  -17.007 0.0000000000
108960  -54.259  40.447  -16.302 0.0000000000
108972  -53.894  40.247  -17.047 0.0000000000
108958  -52.404  40.473  -16.789 0.0000000000
109829  -51.346  40.590  -16.980 0.0000000000
108979  -47.967  39.903  -18.851 0.0000000000
104535  -53.194  33.677  7.758 0.0000000000
105282  -51.747  35.611  4.063 0.0000000000
105283  -52.496  35.555  4.758 0.0000000000
105935  -53.458  36.037  4.702 0.0000000000
105946  -54.973  36.912  4.630 0.0000000000
105945  -54.152  36.864  4.333 0.0000000000
120297  -35.478  57.432  -12.548 0.0000000000
120954  -37.027  58.607  -14.731 0.0000000000
120940  -37.558  58.017  -14.117 0.0000000000
120941  -39.530  58.150  -13.956 0.0000000000
120305  -40.530  57.741  -13.451 0.0000000000
119709  -41.865  56.974  -13.594 0.0000000000
120306  -41.405  58.022  -13.252 0.0000000000
144038  -42.226  57.893  -13.281 0.0000000000
146692  -45.030  59.931  -14.825 0.0000000000
121558  -45.926  59.843  -13.799 0.0000000000
121559  -46.879  59.788  -13.809 0.0000000000
120964  -47.369  59.302  -13.520 0.0000000000
120316  -49.028  58.331  -13.788 0.0000000000
119718  -49.491  57.375  -14.259 0.0000000000
120317  -50.210  57.954  -13.907 0.0000000000
119719  -50.960  57.354  -14.181 0.0000000000
119720  -51.371  57.401  -14.352 0.0000000000
121022  -51.427  58.357  -18.288 0.0000000000
120337  -52.038  57.775  -17.790 0.0000000000
120349  -52.425  57.059  -18.494 0.0000000000
119740  -52.947  56.034  -17.983 0.0000000000
118566  -53.519  54.069  -18.656 0.0000000000
117992  -53.667  52.970  -18.683 0.0000000000
117996  -53.715  53.378  -19.150 0.0000000000
118001  -53.881  53.008  -19.733 0.0000000000
117426  -53.857  52.381  -21.188 0.0000000000
141866  -53.722  51.853  -21.664 0.0000000000
149158  -53.551  53.850  -20.913 0.0000000000
118581  -53.084  54.399  -21.532 0.0000000000
137862  -45.531  44.116  -1.138 0.0000000000
141387  -45.023  43.642  -0.926 0.0000000000
110415  -45.075  42.966  -1.006 0.0000000000
109637  -45.958  41.553  -1.307 0.0000000000
108124  -48.412  40.364  -0.755 0.0000000000
133537  -49.474  40.633  -0.425 0.0000000000
111703  -51.299  44.080  -0.959 0.0000000000
110420  -51.412  43.368  -0.463 0.0000000000
111090  -51.870  43.826  -0.612 0.0000000000
111075  -52.424  43.450  -0.070 0.0000000000
149986  -52.573  42.884  0.359 0.0000000000
109627  -53.230  42.487  0.733 0.0000000000
135959  -53.682  43.114  0.576 0.0000000000
110406  -54.379  42.909  0.712 0.0000000000
115970  -47.744  51.344  -8.277 0.0000000000
115971  -48.736  51.477  -8.025 0.0000000000
113812  -49.023  48.063  -14.867 0.0000000000
114513  -48.859  48.417  -13.517 0.0000000000
113797  -49.376  47.607  -13.516 0.0000000000
113790  -49.739  47.772  -12.613 0.0000000000
114506  -50.152  48.171  -11.826 0.0000000000
113768  -54.206  48.472  -10.559 0.0000000000
114482  -53.406  48.977  -10.353 0.0000000000
115231  -53.790  49.416  -9.935 0.0000000000
115979  -53.612  50.705  -9.022 0.0000000000
115973  -53.086  51.438  -8.232 0.0000000000
115959  -52.061  51.397  -7.437 0.0000000000
115201  -52.438  50.856  -7.402 0.0000000000
114461  -52.499  49.932  -7.249 0.0000000000
113747  -52.165  48.859  -7.144 0.0000000000
113730  -51.949  47.874  -6.788 0.0000000000
113731  -52.818  48.331  -6.727 0.0000000000
145402  -53.379  47.956  -6.395 0.0000000000
113051  -54.070  47.064  -4.804 0.0000000000
111738  -56.146  44.331  -5.841 0.0000000000
152292  -55.745  45.049  -5.085 0.0000000000
149679  -56.197  44.154  -4.905 0.0000000000
111734  -56.105  43.943  -4.005 0.0000000000
111102  -55.811  43.453  -2.348 0.0000000000
111097  -55.791  43.144  -1.604 0.0000000000
153118  -56.065  42.657  -2.307 0.0000000000
109649  -55.929  41.939  -1.342 0.0000000000
108873  -55.648  41.504  -1.776 0.0000000000
108872  -55.493  41.051  -1.310 0.0000000000
108878  -55.475  41.467  -2.243 0.0000000000
137589  -54.990  41.277  -3.005 0.0000000000
108884  -54.778  41.268  -3.176 0.0000000000
109667  -54.213  41.452  -5.107 0.0000000000
109666  -53.503  41.461  -5.564 0.0000000000
108886  -52.366  41.010  -4.808 0.0000000000
137871  -50.692  39.829  -4.186 0.0000000000
108143  -50.917  40.306  -4.823 0.0000000000
108154  -50.081  39.781  -4.942 0.0000000000
108897  -49.801  40.033  -5.728 0.0000000000
110529  -52.430  41.857  -13.326 0.0000000000
110515  -52.680  42.054  -12.478 0.0000000000
110514  -51.729  42.256  -12.589 0.0000000000
139287  -51.196  42.507  -11.886 0.0000000000
110485  -50.419  42.508  -10.454 0.0000000000
137258  -47.323  41.980  -9.433 0.0000000000
143451  -48.179  42.063  -9.281 0.0000000000
160110  -47.650  41.667  -8.820 0.0000000000
108923  -48.201  40.585  -7.491 0.0000000000
108174  -47.369  39.398  -7.008 0.0000000000
107444  -46.202  38.375  -7.071 0.0000000000
107443  -45.442  38.409  -7.253 0.0000000000
104590  -56.783  34.307  5.045 0.0000000000
115307  -52.954  49.621  -18.849 0.0000000000
156277  -52.508  49.102  -18.780 0.0000000000
114571  -53.470  48.234  -19.588 0.0000000000
113842  -53.276  47.377  -19.711 0.0000000000
113159  -53.412  45.857  -20.198 0.0000000000
112495  -53.842  45.159  -21.339 0.0000000000
111827  -53.523  44.232  -21.057 0.0000000000
111206  -53.271  42.752  -21.354 0.0000000000
109857  -52.933  41.173  -20.669 0.0000000000
109856  -52.458  40.704  -20.598 0.0000000000
109000  -51.730  40.065  -19.773 0.0000000000
108999  -50.989  40.134  -20.081 0.0000000000
109850  -50.331  40.252  -20.186 0.0000000000
108998  -49.397  40.192  -20.014 0.0000000000
111202  -49.780  42.022  -20.457 0.0000000000
110578  -49.131  40.847  -20.322 0.0000000000
104549  -49.767  33.809  6.596 0.0000000000
104570  -50.584  34.319  6.005 0.0000000000
104588  -50.401  34.637  4.951 0.0000000000
105280  -49.452  35.142  3.555 0.0000000000
105266  -50.284  35.037  4.005 0.0000000000
105267  -51.084  35.096  4.460 0.0000000000
149391  -51.399  35.844  3.536 0.0000000000
121563  -36.058  59.850  -15.560 0.0000000000
121550  -37.789  58.780  -15.342 0.0000000000
121551  -38.861  58.707  -14.979 0.0000000000
121552  -39.839  58.805  -14.862 0.0000000000
121587  -48.795  60.084  -16.022 0.0000000000
121021  -50.969  58.685  -18.643 0.0000000000
121030  -51.346  58.359  -19.420 0.0000000000
120359  -51.796  58.052  -20.097 0.0000000000
120371  -52.300  57.653  -20.688 0.0000000000
119751  -52.753  57.106  -21.359 0.0000000000
120370  -51.847  58.323  -21.039 0.0000000000
121046  -51.954  58.487  -21.917 0.0000000000
112353  -49.547  44.645  -2.247 0.0000000000
111716  -50.693  44.235  -1.342 0.0000000000
133554  -51.168  44.575  -1.676 0.0000000000
139954  -52.161  44.856  -1.729 0.0000000000
112338  -52.891  44.846  -1.355 0.0000000000
116703  -48.347  52.458  -10.964 0.0000000000
112459  -52.657  44.875  -14.115 0.0000000000
113121  -51.597  45.979  -13.113 0.0000000000
112450  -53.205  45.284  -13.382 0.0000000000
113111  -53.322  46.317  -12.239 0.0000000000
113101  -53.907  46.922  -11.692 0.0000000000
112441  -54.979  45.326  -12.347 0.0000000000
113102  -54.648  46.648  -11.524 0.0000000000
144418  -54.714  47.496  -10.991 0.0000000000
113769  -54.896  48.213  -10.352 0.0000000000
113758  -55.272  47.985  -10.057 0.0000000000
113753  -54.927  48.272  -8.573 0.0000000000
113750  -54.692  48.101  -7.575 0.0000000000
113076  -55.031  47.408  -8.247 0.0000000000
113074  -55.174  46.358  -7.670 0.0000000000
112407  -55.494  45.321  -7.612 0.0000000000
111752  -55.659  44.917  -9.504 0.0000000000
111743  -55.851  44.449  -8.150 0.0000000000
111740  -55.932  44.601  -6.885 0.0000000000
111741  -56.431  43.609  -6.601 0.0000000000
111114  -56.611  42.552  -5.544 0.0000000000
110438  -56.503  41.978  -5.368 0.0000000000
109660  -56.220  41.720  -5.128 0.0000000000
109670  -56.357  41.867  -6.000 0.0000000000
109684  -56.136  41.671  -6.617 0.0000000000
109683  -55.419  41.496  -6.246 0.0000000000
109718  -56.259  41.763  -8.368 0.0000000000
109700  -55.651  41.524  -7.189 0.0000000000
109699  -54.543  41.541  -6.842 0.0000000000
109698  -53.368  41.655  -6.969 0.0000000000
109697  -52.333  41.730  -7.179 0.0000000000
110498  -48.908  42.611  -12.412 0.0000000000
110497  -47.833  42.591  -12.268 0.0000000000
133298  -47.597  42.479  -11.143 0.0000000000
109743  -46.973  42.238  -10.242 0.0000000000
109728  -46.347  41.795  -9.497 0.0000000000
109709  -46.121  41.227  -8.689 0.0000000000
141959  -46.011  40.598  -8.120 0.0000000000
118551  -48.242  54.454  -15.938 0.0000000000
117980  -47.906  53.232  -15.696 0.0000000000
117374  -48.078  52.354  -15.512 0.0000000000
116031  -48.570  50.625  -15.780 0.0000000000
159502  -48.665  49.795  -15.588 0.0000000000
153067  -49.536  49.374  -16.636 0.0000000000
115277  -48.998  49.115  -15.854 0.0000000000
114531  -49.171  48.243  -15.663 0.0000000000
113813  -49.403  47.477  -15.332 0.0000000000
113133  -50.308  46.186  -15.353 0.0000000000
112457  -50.906  45.595  -14.875 0.0000000000
114556  -52.045  48.560  -18.690 0.0000000000
113834  -51.856  47.558  -18.749 0.0000000000
113145  -51.362  46.058  -18.136 0.0000000000
111823  -52.332  44.963  -19.013 0.0000000000
148160  -51.806  45.006  -18.032 0.0000000000
112479  -51.244  45.649  -17.408 0.0000000000
112473  -50.963  45.655  -16.637 0.0000000000
111796  -51.877  44.679  -15.662 0.0000000000
111787  -52.206  44.678  -14.953 0.0000000000
111788  -53.157  44.391  -14.681 0.0000000000
111789  -54.142  44.230  -14.432 0.0000000000
111164  -55.042  44.015  -14.271 0.0000000000
111180  -54.899  42.712  -16.219 0.0000000000
149457  -55.190  43.260  -15.199 0.0000000000
154212  -55.579  43.483  -14.432 0.0000000000
111165  -55.989  43.296  -14.096 0.0000000000
109803  -56.376  42.102  -13.664 0.0000000000
109785  -56.054  41.496  -13.562 0.0000000000
109771  -56.006  41.527  -12.555 0.0000000000
141469  -55.398  41.143  -13.436 0.0000000000
109784  -54.280  41.174  -13.762 0.0000000000
109783  -53.203  41.368  -14.003 0.0000000000
109817  -53.692  40.664  -15.611 0.0000000000
109799  -52.962  41.105  -14.914 0.0000000000
109782  -52.179  41.609  -14.237 0.0000000000
160154  -49.605  42.346  -13.756 0.0000000000
136892  -50.907  39.923  -19.009 0.0000000000
108969  -50.829  40.194  -18.074 0.0000000000
109828  -50.262  40.672  -17.081 0.0000000000
148353  -48.586  40.205  -18.071 0.0000000000
109827  -49.159  40.670  -17.119 0.0000000000
109813  -49.756  41.218  -16.201 0.0000000000
104551  -51.914  33.994  7.245 0.0000000000
134375  -53.562  34.014  7.515 0.0000000000
105258  -53.282  34.979  6.216 0.0000000000
104573  -53.482  34.418  7.028 0.0000000000
104553  -54.219  34.329  7.233 0.0000000000
104555  -55.828  34.234  6.429 0.0000000000
104574  -56.395  34.650  5.756 0.0000000000
105272  -56.802  35.041  4.990 0.0000000000
105939  -56.577  35.738  4.800 0.0000000000
105948  -56.524  36.361  4.229 0.0000000000
106626  -55.656  37.084  4.529 0.0000000000
105947  -56.234  37.036  4.338 0.0000000000
106641  -56.408  37.108  3.680 0.0000000000
106640  -56.237  37.896  3.102 0.0000000000
142309  -56.083  38.292  2.425 0.0000000000
107371  -55.886  39.050  1.963 0.0000000000
120303  -36.997  57.471  -13.587 0.0000000000
119704  -37.487  56.801  -13.286 0.0000000000
119078  -38.693  56.079  -13.249 0.0000000000
137409  -39.004  55.273  -13.024 0.0000000000
118532  -40.219  54.293  -12.843 0.0000000000
118536  -41.548  54.637  -13.424 0.0000000000
118537  -42.240  55.047  -13.765 0.0000000000
119084  -42.412  56.029  -13.880 0.0000000000
119086  -43.236  56.062  -14.128 0.0000000000
118543  -44.385  54.784  -14.519 0.0000000000
118544  -45.243  54.606  -14.781 0.0000000000
118548  -45.778  55.327  -15.068 0.0000000000
118549  -46.570  55.183  -15.355 0.0000000000
121554  -41.569  59.489  -14.037 0.0000000000
121545  -42.606  59.340  -13.255 0.0000000000
120308  -43.746  58.740  -13.327 0.0000000000
145327  -44.275  58.131  -13.564 0.0000000000
120962  -45.338  59.430  -13.497 0.0000000000
149229  -45.765  58.641  -13.568 0.0000000000
120313  -45.642  57.607  -14.065 0.0000000000
119715  -45.986  56.868  -14.555 0.0000000000
119093  -47.188  56.059  -15.286 0.0000000000
118550  -47.518  55.036  -15.655 0.0000000000
150210  -48.482  55.342  -15.717 0.0000000000
117982  -49.892  54.139  -16.271 0.0000000000
119096  -50.071  56.009  -15.246 0.0000000000
118553  -50.467  55.174  -15.774 0.0000000000
117984  -50.734  53.719  -16.597 0.0000000000
147662  -51.565  53.400  -16.957 0.0000000000
117380  -51.671  52.596  -17.338 0.0000000000
116759  -52.342  51.681  -17.970 0.0000000000
121577  -50.546  59.870  -15.419 0.0000000000
120979  -51.461  58.656  -14.915 0.0000000000
119726  -51.855  57.190  -14.791 0.0000000000
120328  -52.457  56.730  -16.420 0.0000000000
119731  -52.475  56.189  -16.093 0.0000000000
119099  -52.340  55.653  -16.003 0.0000000000
117986  -52.731  53.908  -17.188 0.0000000000
117384  -52.926  52.774  -17.805 0.0000000000
116055  -52.914  51.432  -18.329 0.0000000000
115308  -53.704  50.034  -19.133 0.0000000000
115323  -54.173  49.490  -19.686 0.0000000000
114573  -54.443  48.968  -20.428 0.0000000000
143324  -54.307  51.366  -19.667 0.0000000000
115324  -54.439  49.931  -20.108 0.0000000000
114589  -54.433  48.648  -21.193 0.0000000000
113879  -54.054  47.700  -22.178 0.0000000000
113877  -53.041  47.440  -22.756 0.0000000000
116817  -53.454  51.227  -21.958 0.0000000000
119118  -52.996  56.153  -21.580 0.0000000000
148407  -52.793  55.328  -21.938 0.0000000000
105973  -48.961  36.847  1.416 0.0000000000
107380  -48.240  38.383  0.012 0.0000000000
106668  -48.904  37.435  0.890 0.0000000000
105974  -49.580  36.944  1.582 0.0000000000
106650  -50.022  37.443  1.412 0.0000000000
106636  -50.805  37.502  1.764 0.0000000000
106651  -51.544  38.341  1.589 0.0000000000
109640  -48.675  42.488  -1.013 0.0000000000
109641  -49.693  41.951  -0.620 0.0000000000
108860  -50.278  41.231  -0.186 0.0000000000
110419  -50.998  42.780  -0.360 0.0000000000
108861  -50.891  41.531  0.048 0.0000000000
152509  -51.827  39.188  1.245 0.0000000000
106652  -52.434  38.242  2.252 0.0000000000
107370  -53.206  38.907  2.281 0.0000000000
107362  -54.037  38.952  2.795 0.0000000000
108099  -53.998  40.217  2.179 0.0000000000
108093  -54.573  39.597  2.519 0.0000000000
108094  -55.457  39.497  2.377 0.0000000000
113742  -46.521  48.341  -7.878 0.0000000000
143007  -47.080  47.635  -7.536 0.0000000000
113743  -47.924  47.744  -7.606 0.0000000000
117371  -47.560  52.329  -14.993 0.0000000000
116716  -47.654  51.419  -13.543 0.0000000000
115260  -48.473  49.218  -13.491 0.0000000000
115248  -48.579  50.009  -12.791 0.0000000000
137986  -48.162  51.595  -12.697 0.0000000000
115995  -48.880  51.949  -12.002 0.0000000000
116704  -49.385  52.514  -11.040 0.0000000000
113792  -51.385  47.028  -12.043 0.0000000000
113778  -51.204  47.795  -11.504 0.0000000000
114492  -50.676  48.781  -11.185 0.0000000000
114481  -52.404  48.974  -10.495 0.0000000000
114480  -51.321  49.464  -10.653 0.0000000000
115238  -50.413  49.879  -10.992 0.0000000000
115227  -50.359  51.148  -10.981 0.0000000000
117337  -49.254  52.938  -9.447 0.0000000000
116682  -49.907  52.907  -8.966 0.0000000000
115972  -49.672  51.625  -7.826 0.0000000000
137998  -49.194  50.799  -7.909 0.0000000000
156988  -50.868  51.112  -7.540 0.0000000000
115199  -50.103  50.967  -7.677 0.0000000000
114471  -48.755  49.806  -8.073 0.0000000000
114458  -49.295  48.871  -7.951 0.0000000000
113744  -48.821  47.857  -7.622 0.0000000000
113727  -48.428  46.956  -6.932 0.0000000000
113066  -49.457  46.627  -6.301 0.0000000000
113048  -50.142  46.280  -5.382 0.0000000000
158555  -50.545  46.117  -4.807 0.0000000000
113068  -51.617  47.060  -6.047 0.0000000000
113030  -50.987  45.941  -4.227 0.0000000000
113018  -51.744  45.727  -3.248 0.0000000000
112375  -52.797  45.789  -2.683 0.0000000000
112339  -53.572  45.096  -1.514 0.0000000000
113733  -54.443  47.752  -6.687 0.0000000000
113069  -54.253  47.361  -5.782 0.0000000000
113033  -54.472  46.631  -4.096 0.0000000000
140673  -55.304  45.730  -4.340 0.0000000000
112390  -54.795  46.125  -3.682 0.0000000000
113021  -54.294  46.227  -3.215 0.0000000000
112376  -54.097  45.740  -2.463 0.0000000000
112357  -53.750  45.481  -1.971 0.0000000000
111718  -53.890  44.854  -1.168 0.0000000000
111707  -54.170  44.502  -0.750 0.0000000000
111078  -54.459  43.635  0.173 0.0000000000
110407  -54.861  42.991  0.524 0.0000000000
111094  -55.561  43.233  -0.906 0.0000000000
110408  -55.428  42.633  0.270 0.0000000000
109621  -55.561  41.856  0.962 0.0000000000
108111  -56.176  40.377  1.011 0.0000000000
134824  -56.170  39.566  1.211 0.0000000000
108110  -55.733  39.141  0.408 0.0000000000
107383  -54.794  38.392  0.320 0.0000000000
139857  -54.867  39.931  -0.913 0.0000000000
107398  -53.972  38.670  -0.337 0.0000000000
107397  -53.041  38.581  -0.702 0.0000000000
152464  -51.986  38.395  -1.281 0.0000000000
108889  -55.826  41.536  -4.094 0.0000000000
108888  -55.174  41.428  -4.160 0.0000000000
108883  -54.177  40.989  -2.907 0.0000000000
108887  -53.857  41.298  -4.341 0.0000000000
108882  -53.471  40.978  -3.552 0.0000000000
108877  -53.167  40.511  -2.737 0.0000000000
107401  -51.224  38.588  -2.038 0.0000000000
139981  -50.617  38.002  -2.201 0.0000000000
106686  -50.044  37.685  -2.608 0.0000000000
107404  -49.943  38.730  -3.571 0.0000000000
109757  -55.551  41.620  -11.581 0.0000000000
109744  -54.584  41.853  -10.999 0.0000000000
110488  -53.633  42.106  -10.508 0.0000000000
110501  -52.919  42.163  -11.788 0.0000000000
110474  -53.542  42.115  -9.438 0.0000000000
110462  -52.776  42.149  -8.613 0.0000000000
109714  -52.069  42.067  -7.970 0.0000000000
109696  -51.228  41.751  -7.489 0.0000000000
110499  -49.261  42.593  -11.524 0.0000000000
110471  -49.750  42.389  -9.747 0.0000000000
133299  -50.613  42.414  -9.624 0.0000000000
109713  -50.546  41.996  -8.210 0.0000000000
109679  -50.647  41.242  -6.796 0.0000000000
108152  -49.115  39.591  -5.924 0.0000000000
108163  -48.617  39.705  -6.479 0.0000000000
134790  -48.436  38.997  -5.983 0.0000000000
103787  -53.574  33.449  7.790 0.0000000000
104552  -52.862  33.987  7.440 0.0000000000
105252  -55.374  34.551  6.679 0.0000000000
105261  -55.599  35.184  6.213 0.0000000000
105281  -50.968  35.513  3.683 0.0000000000
106637  -51.657  37.527  2.265 0.0000000000
106649  -49.425  37.315  1.225 0.0000000000
106684  -51.124  37.736  -1.694 0.0000000000
107395  -48.976  38.881  -0.066 0.0000000000
108131  -52.833  39.204  -1.304 0.0000000000
108153  -49.448  39.513  -5.391 0.0000000000
108844  -50.802  40.812  0.232 0.0000000000
108899  -52.599  41.272  -5.378 0.0000000000
108982  -51.579  40.046  -18.565 0.0000000000
108984  -53.857  40.490  -18.312 0.0000000000
108991  -51.687  39.989  -19.171 0.0000000000
108992  -52.464  40.117  -19.230 0.0000000000
109001  -52.465  40.278  -19.926 0.0000000000
109007  -51.749  40.312  -20.376 0.0000000000
109619  -54.573  41.824  1.472 0.0000000000
109620  -55.179  41.844  1.357 0.0000000000
109625  -51.358  42.136  0.025 0.0000000000
109628  -54.076  42.427  0.986 0.0000000000
109630  -55.783  42.152  -0.072 0.0000000000
109642  -50.588  42.075  -0.295 0.0000000000
109654  -56.048  42.104  -2.046 0.0000000000
109658  -54.854  41.411  -4.553 0.0000000000
109712  -49.680  41.829  -8.272 0.0000000000
109747  -56.204  42.129  -10.559 0.0000000000
109786  -56.392  41.918  -12.934 0.0000000000
110395  -55.335  42.390  0.686 0.0000000000
110421  -55.606  42.807  -0.369 0.0000000000
110429  -55.977  42.238  -1.900 0.0000000000
110460  -50.944  42.298  -8.874 0.0000000000
110473  -52.374  42.346  -9.478 0.0000000000
110487  -52.694  42.316  -10.998 0.0000000000
110541  -56.251  42.417  -14.331 0.0000000000
110549  -56.082  41.768  -15.183 0.0000000000
110558  -55.674  41.545  -16.003 0.0000000000
110566  -54.711  41.383  -17.411 0.0000000000
110579  -53.321  41.454  -20.163 0.0000000000
110583  -50.096  41.170  -20.693 0.0000000000
110584  -50.960  41.143  -20.956 0.0000000000
110586  -52.530  41.535  -21.128 0.0000000000
110587  -53.110  41.881  -21.021 0.0000000000
111088  -48.467  43.670  -1.248 0.0000000000
111089  -50.790  43.703  -0.848 0.0000000000
111092  -54.548  44.014  -0.319 0.0000000000
111093  -55.122  43.699  -0.525 0.0000000000
111101  -55.407  43.980  -1.771 0.0000000000
111116  -56.653  42.779  -6.429 0.0000000000
111148  -56.288  43.410  -11.405 0.0000000000
111153  -56.270  43.550  -12.039 0.0000000000
111159  -56.156  43.576  -12.987 0.0000000000
111212  -52.233  43.413  -21.928 0.0000000000
111214  -53.100  43.364  -21.956 0.0000000000
111686  -53.517  44.121  -0.216 0.0000000000
111687  -54.064  44.159  -0.196 0.0000000000
111704  -52.343  44.233  -0.787 0.0000000000
111727  -55.912  43.706  -3.141 0.0000000000
111790  -55.579  43.931  -13.782 0.0000000000
111799  -54.507  43.766  -14.973 0.0000000000
111811  -51.525  45.070  -16.939 0.0000000000
111834  -52.992  44.389  -22.285 0.0000000000
112337  -50.081  44.427  -1.751 0.0000000000
112340  -54.393  45.060  -1.822 0.0000000000
112356  -53.061  45.324  -1.943 0.0000000000
112359  -54.689  45.015  -2.134 0.0000000000
112402  -54.994  46.431  -4.604 0.0000000000
112428  -55.435  45.705  -11.012 0.0000000000
112438  -52.700  45.827  -12.863 0.0000000000
112439  -53.749  45.721  -12.698 0.0000000000
112449  -52.154  45.426  -13.624 0.0000000000
112458  -51.708  45.167  -14.451 0.0000000000
112468  -51.410  45.055  -15.289 0.0000000000
112474  -51.353  45.038  -16.101 0.0000000000
112490  -53.390  44.978  -20.365 0.0000000000
112509  -52.634  46.021  -22.623 0.0000000000
113052  -54.620  46.893  -5.083 0.0000000000
113070  -54.758  47.132  -6.049 0.0000000000
113093  -55.338  46.459  -10.642 0.0000000000
113109  -51.003  46.589  -12.661 0.0000000000
113112  -54.222  46.171  -12.082 0.0000000000
113113  -54.754  45.869  -11.919 0.0000000000
113114  -55.047  45.570  -11.884 0.0000000000
113132  -49.763  46.753  -14.896 0.0000000000
113150  -51.154  47.031  -18.175 0.0000000000
113176  -53.809  46.200  -22.266 0.0000000000
113185  -52.888  46.686  -22.775 0.0000000000
113186  -53.278  46.005  -22.615 0.0000000000
113715  -53.655  47.482  -5.679 0.0000000000
113728  -50.086  47.263  -6.967 0.0000000000
113780  -53.151  47.478  -11.404 0.0000000000
113804  -48.998  48.006  -14.145 0.0000000000
113805  -49.349  47.409  -14.458 0.0000000000
113826  -49.965  48.016  -16.962 0.0000000000
113827  -50.548  47.507  -17.521 0.0000000000
113841  -52.514  47.081  -19.289 0.0000000000
113853  -54.291  47.931  -21.627 0.0000000000
114462  -53.403  49.601  -7.196 0.0000000000
114476  -54.851  48.659  -9.673 0.0000000000
114493  -52.294  47.999  -11.110 0.0000000000
114504  -48.852  48.962  -12.786 0.0000000000
114522  -48.635  48.705  -14.354 0.0000000000
114530  -48.832  48.667  -15.173 0.0000000000
114547  -49.989  48.891  -17.092 0.0000000000
114557  -52.902  48.774  -19.077 0.0000000000
114601  -54.218  48.464  -21.845 0.0000000000
115204  -53.856  49.755  -7.692 0.0000000000
115221  -53.357  50.312  -9.463 0.0000000000
115222  -53.917  49.836  -9.359 0.0000000000
115285  -49.769  50.147  -16.949 0.0000000000
115335  -54.472  49.365  -20.795 0.0000000000
115350  -54.077  49.813  -21.853 0.0000000000
115960  -53.527  50.883  -8.451 0.0000000000
115977  -52.469  51.813  -9.375 0.0000000000
115980  -53.951  50.195  -8.738 0.0000000000
115988  -52.652  50.823  -9.670 0.0000000000
116001  -48.606  51.076  -12.597 0.0000000000
116021  -47.975  50.306  -14.140 0.0000000000
116054  -52.307  50.866  -18.226 0.0000000000
116070  -53.158  50.662  -18.631 0.0000000000
116071  -53.814  50.798  -18.914 0.0000000000
116081  -54.147  50.377  -19.378 0.0000000000
116088  -54.420  50.652  -20.273 0.0000000000
116096  -54.378  50.599  -20.984 0.0000000000
116103  -53.170  50.451  -22.245 0.0000000000
116105  -54.148  50.513  -21.540 0.0000000000
116654  -52.080  52.010  -7.690 0.0000000000
116668  -49.298  52.210  -8.220 0.0000000000
116670  -52.644  51.943  -8.078 0.0000000000
116681  -48.909  52.651  -8.723 0.0000000000
116683  -51.030  52.837  -8.780 0.0000000000
116684  -52.849  51.775  -8.677 0.0000000000
116685  -53.309  51.282  -8.727 0.0000000000
116693  -48.951  52.841  -10.147 0.0000000000
116694  -49.799  52.876  -10.115 0.0000000000
116725  -47.693  51.617  -14.639 0.0000000000
116736  -48.260  51.562  -15.566 0.0000000000
116737  -48.963  51.582  -16.379 0.0000000000
116747  -49.925  51.741  -16.926 0.0000000000
116748  -50.942  51.853  -17.343 0.0000000000
116760  -52.968  52.131  -18.121 0.0000000000
116761  -53.424  52.276  -18.394 0.0000000000
116772  -53.516  51.560  -18.592 0.0000000000
116774  -54.093  51.803  -19.062 0.0000000000
116809  -54.227  51.043  -21.208 0.0000000000
117336  -48.649  52.818  -9.325 0.0000000000
117378  -49.524  52.485  -16.631 0.0000000000
117383  -52.434  52.414  -17.704 0.0000000000
117387  -53.505  52.664  -18.379 0.0000000000
117409  -54.033  52.554  -19.850 0.0000000000
117427  -54.103  51.644  -21.153 0.0000000000
117977  -45.548  53.741  -14.558 0.0000000000
117985  -52.167  53.863  -16.889 0.0000000000
117987  -53.037  54.152  -17.322 0.0000000000
117990  -53.188  53.554  -17.680 0.0000000000
117993  -53.907  52.690  -19.234 0.0000000000
118000  -53.866  52.953  -20.522 0.0000000000
118006  -53.452  53.234  -21.393 0.0000000000
118529  -37.830  54.879  -12.255 0.0000000000
118542  -43.546  55.133  -14.277 0.0000000000
118555  -52.118  55.238  -16.100 0.0000000000
119079  -39.874  55.130  -13.185 0.0000000000
119100  -52.755  55.440  -16.679 0.0000000000
119104  -53.307  54.908  -18.094 0.0000000000
119108  -53.166  55.586  -18.815 0.0000000000
119119  -53.198  55.242  -21.002 0.0000000000
119701  -37.186  56.152  -12.817 0.0000000000
119702  -37.919  56.178  -13.072 0.0000000000
119708  -40.936  56.920  -13.496 0.0000000000
119725  -49.654  56.618  -14.792 0.0000000000
119727  -52.051  56.420  -15.344 0.0000000000
119730  -52.215  56.989  -15.627 0.0000000000
120307  -42.917  58.284  -13.273 0.0000000000
120318  -51.000  57.960  -14.048 0.0000000000
120319  -51.524  57.918  -14.463 0.0000000000
120327  -52.100  57.640  -16.464 0.0000000000
120943  -40.811  58.472  -13.427 0.0000000000
120944  -42.976  58.972  -13.091 0.0000000000
120953  -36.159  58.700  -14.383 0.0000000000
120955  -38.153  58.406  -14.620 0.0000000000
120958  -40.993  59.044  -13.710 0.0000000000
120968  -51.107  58.529  -14.252 0.0000000000
120977  -50.094  59.530  -14.032 0.0000000000
120978  -50.788  59.352  -14.570 0.0000000000
121010  -51.584  58.487  -17.137 0.0000000000
121045  -50.930  58.949  -21.494 0.0000000000
121555  -42.951  59.707  -13.755 0.0000000000
121561  -49.347  59.944  -14.097 0.0000000000
121574  -47.449  60.150  -14.316 0.0000000000
121575  -49.102  60.310  -15.002 0.0000000000
133048  -48.922  38.124  0.402 0.0000000000
133222  -50.228  40.036  -19.851 0.0000000000
135087  -53.560  47.796  -22.542 0.0000000000
135671  -52.586  46.159  -3.394 0.0000000000
136443  -51.145  59.180  -16.633 0.0000000000
136461  -50.969  39.970  -19.601 0.0000000000
136508  -56.357  43.207  -12.526 0.0000000000
137721  -52.569  44.852  -22.332 0.0000000000
138179  -44.968  57.910  -13.781 0.0000000000
138586  -48.973  41.641  -8.284 0.0000000000
138855  -54.445  49.987  -20.833 0.0000000000
140615  -53.419  53.241  -18.123 0.0000000000
142826  -53.737  53.605  -20.076 0.0000000000
143337  -48.229  49.947  -13.550 0.0000000000
144650  -55.893  41.559  -7.938 0.0000000000
144696  -45.283  41.096  -1.270 0.0000000000
145177  -56.685  42.393  -7.001 0.0000000000
145501  -56.508  43.180  -4.776 0.0000000000
145684  -45.916  43.491  -0.997 0.0000000000
146060  -53.529  53.456  -18.426 0.0000000000
146069  -36.839  59.215  -15.547 0.0000000000
146123  -45.626  56.131  -14.850 0.0000000000
146135  -51.360  58.867  -22.103 0.0000000000
146602  -56.007  41.568  -4.803 0.0000000000
147143  -53.735  46.724  -20.340 0.0000000000
148753  -56.460  42.463  -12.547 0.0000000000
148783  -51.211  41.982  -21.249 0.0000000000
149324  -52.288  57.963  -21.461 0.0000000000
149948  -54.063  45.239  -1.777 0.0000000000
150101  -38.931  57.491  -13.730 0.0000000000
150214  -56.408  43.487  -8.018 0.0000000000
150586  -48.992  39.694  -0.364 0.0000000000
150911  -53.908  48.280  -22.273 0.0000000000
152175  -48.485  53.022  -16.050 0.0000000000
152321  -54.850  40.982  -1.996 0.0000000000
152632  -56.098  41.628  -4.509 0.0000000000
153120  -47.722  40.124  -18.117 0.0000000000
153393  -55.203  46.827  -10.798 0.0000000000
154055  -52.703  51.374  -7.708 0.0000000000
154441  -55.855  41.206  -14.933 0.0000000000
154517  -46.799  53.388  -15.040 0.0000000000
154980  -51.401  51.600  -7.544 0.0000000000
155596  -55.540  44.311  -13.193 0.0000000000
155621  -55.064  48.321  -9.380 0.0000000000
156133  -55.116  47.422  -10.623 0.0000000000
156220  -54.307  51.726  -20.004 0.0000000000
156231  -54.223  40.393  -17.625 0.0000000000
156746  -47.222  51.515  -8.473 0.0000000000
156879  -54.330  50.712  -19.638 0.0000000000
157196  -47.352  41.556  -1.226 0.0000000000
157369  -44.308  54.088  -14.243 0.0000000000
158316  -54.418  47.193  -11.371 0.0000000000
158471  -56.169  42.009  -11.142 0.0000000000
158506  -54.402  43.322  0.446 0.0000000000
158637  -54.456  34.053  7.416 0.0000000000
159067  -50.628  59.704  -16.272 0.0000000000
159181  -48.707  59.649  -13.810 0.0000000000
159417  -53.264  50.961  -7.974 0.0000000000
159925  -52.477  42.140  -21.468 0.0000000000
160342  -53.106  46.655  -19.763 0.0000000000
