#!ascii label  , from subject ICBM2009cNolinAsym vox2ras=TkReg
2197
62510  -51.906  -7.576  35.790 0.0000000000
47879  -39.956  -20.061  49.825 0.0000000000
66819  -52.971  -2.680  20.947 0.0000000000
61414  -45.071  -8.637  24.321 0.0000000000
134325  -55.149  -8.767  27.820 0.0000000000
53397  -49.401  -15.302  42.616 0.0000000000
51315  -36.299  -17.202  34.523 0.0000000000
54575  -40.471  -15.115  27.329 0.0000000000
48912  -29.701  -19.684  52.514 0.0000000000
73200  -62.406  3.607  19.713 0.0000000000
134280  -28.139  -19.213  36.128 0.0000000000
61335  -47.344  -8.516  30.477 0.0000000000
61395  -50.356  -7.675  25.925 0.0000000000
62541  -52.849  -6.708  32.749 0.0000000000
133922  -52.494  -11.456  39.520 0.0000000000
53438  -46.170  -16.156  35.202 0.0000000000
56866  -46.352  -12.029  32.651 0.0000000000
59102  -42.855  -10.928  26.343 0.0000000000
74407  -63.443  3.812  15.494 0.0000000000
48929  -34.413  -18.905  51.386 0.0000000000
50096  -29.657  -19.137  43.829 0.0000000000
47960  -34.748  -19.677  42.937 0.0000000000
63798  -55.616  -6.644  23.609 0.0000000000
50074  -44.699  -18.034  45.992 0.0000000000
49073  -38.190  -18.611  42.006 0.0000000000
50188  -43.912  -18.164  38.248 0.0000000000
52385  -39.048  -17.496  31.038 0.0000000000
51111  -25.613  -17.357  54.293 0.0000000000
66714  -60.020  -3.862  28.875 0.0000000000
152277  -59.326  -2.028  23.873 0.0000000000
75453  -59.401  4.274  24.551 0.0000000000
70978  -56.853  1.182  19.640 0.0000000000
155813  -57.767  1.809  14.705 0.0000000000
133768  -24.945  -18.770  45.174 0.0000000000
48054  -32.135  -20.480  35.785 0.0000000000
137014  -49.236  -8.352  33.075 0.0000000000
62567  -49.689  -6.932  31.027 0.0000000000
64752  -50.656  -5.645  34.308 0.0000000000
59020  -53.488  -10.302  37.066 0.0000000000
55666  -49.686  -12.369  35.443 0.0000000000
59051  -50.179  -10.780  34.072 0.0000000000
59084  -46.560  -10.471  31.179 0.0000000000
65858  -50.654  -4.354  17.835 0.0000000000
68868  -52.429  -1.633  17.965 0.0000000000
158503  -37.486  -19.773  50.791 0.0000000000
47916  -34.774  -19.792  47.656 0.0000000000
134816  -37.120  -20.952  47.007 0.0000000000
61445  -46.157  -7.966  21.994 0.0000000000
61398  -52.762  -8.379  27.058 0.0000000000
61434  -51.550  -8.756  23.698 0.0000000000
60248  -54.092  -8.742  24.324 0.0000000000
61450  -54.458  -7.723  22.645 0.0000000000
158864  -55.730  -7.743  25.383 0.0000000000
51221  -46.270  -16.829  44.144 0.0000000000
134756  -44.864  -18.489  42.523 0.0000000000
49096  -47.598  -18.746  40.517 0.0000000000
142308  -42.966  -15.844  31.949 0.0000000000
51344  -42.336  -17.270  33.026 0.0000000000
52423  -40.386  -16.693  28.613 0.0000000000
60234  -43.786  -9.779  25.451 0.0000000000
138772  -60.311  -3.151  25.525 0.0000000000
72005  -59.805  3.003  22.402 0.0000000000
136425  -60.591  2.420  19.804 0.0000000000
71009  -57.515  1.089  16.691 0.0000000000
72099  -60.492  2.432  17.199 0.0000000000
74463  -61.810  3.501  11.936 0.0000000000
50000  -27.287  -18.995  52.861 0.0000000000
50035  -25.199  -18.421  49.599 0.0000000000
146492  -27.068  -19.567  49.107 0.0000000000
50147  -29.171  -18.510  40.021 0.0000000000
153341  -26.360  -18.351  40.506 0.0000000000
50223  -25.713  -18.666  36.870 0.0000000000
51252  -37.604  -17.759  38.073 0.0000000000
154072  -35.202  -19.756  38.734 0.0000000000
50239  -34.630  -18.819  35.496 0.0000000000
155303  -46.204  -8.616  27.145 0.0000000000
134015  -47.849  -7.527  24.712 0.0000000000
61382  -48.639  -7.530  27.809 0.0000000000
133822  -51.646  -7.836  28.791 0.0000000000
60168  -54.024  -7.835  30.649 0.0000000000
54478  -50.906  -13.654  41.350 0.0000000000
51259  -48.869  -17.100  38.884 0.0000000000
53425  -49.360  -14.839  37.523 0.0000000000
55663  -46.596  -13.713  34.675 0.0000000000
55694  -43.443  -13.233  30.961 0.0000000000
56902  -41.687  -12.720  27.467 0.0000000000
58012  -44.447  -11.221  29.457 0.0000000000
59096  -45.274  -10.053  28.579 0.0000000000
74386  -63.534  3.277  17.546 0.0000000000
78771  -63.607  7.729  17.085 0.0000000000
47846  -32.342  -19.879  52.030 0.0000000000
48985  -29.649  -19.736  47.418 0.0000000000
48988  -32.278  -19.610  47.444 0.0000000000
136130  -31.972  -19.072  43.922 0.0000000000
149722  -30.729  -19.346  39.649 0.0000000000
61447  -49.194  -7.967  22.574 0.0000000000
63803  -53.699  -6.801  21.481 0.0000000000
65808  -53.948  -4.240  22.448 0.0000000000
48976  -42.417  -19.319  48.183 0.0000000000
133815  -39.971  -21.147  45.744 0.0000000000
47965  -42.305  -20.128  43.790 0.0000000000
50153  -41.281  -18.027  40.812 0.0000000000
51287  -39.488  -17.135  36.831 0.0000000000
50231  -45.137  -18.324  36.533 0.0000000000
51316  -41.369  -17.581  33.831 0.0000000000
146428  -38.185  -16.899  33.094 0.0000000000
65702  -51.967  -3.884  37.692 0.0000000000
138629  -41.520  -16.980  50.349 0.0000000000
54423  -45.698  -14.757  46.751 0.0000000000
55562  -46.831  -13.680  44.572 0.0000000000
65707  -52.796  -3.762  35.902 0.0000000000
63691  -55.652  -6.000  34.680 0.0000000000
61307  -56.930  -7.302  31.988 0.0000000000
66685  -58.357  -4.105  31.465 0.0000000000
61375  -58.351  -6.842  28.660 0.0000000000
63781  -58.157  -5.801  25.743 0.0000000000
148311  -58.002  -3.982  23.745 0.0000000000
67767  -56.046  -2.284  22.649 0.0000000000
71972  -59.466  1.764  24.628 0.0000000000
69878  -57.324  0.327  22.387 0.0000000000
69901  -55.140  -0.232  20.225 0.0000000000
69936  -55.306  -0.130  17.444 0.0000000000
73268  -60.268  3.230  14.749 0.0000000000
51168  -24.021  -17.387  50.709 0.0000000000
50100  -22.769  -18.981  42.971 0.0000000000
151110  -26.819  -19.121  44.512 0.0000000000
50126  -24.439  -18.634  41.247 0.0000000000
47976  -36.202  -19.612  42.737 0.0000000000
46979  -32.781  -20.485  38.781 0.0000000000
49151  -30.097  -20.376  36.342 0.0000000000
48077  -28.501  -21.010  31.649 0.0000000000
61262  -51.106  -8.003  34.744 0.0000000000
62524  -50.186  -6.791  34.085 0.0000000000
63689  -51.042  -6.069  35.730 0.0000000000
61249  -53.099  -8.432  36.578 0.0000000000
59046  -52.248  -10.217  35.067 0.0000000000
60094  -51.743  -8.819  34.844 0.0000000000
60129  -49.526  -9.364  33.370 0.0000000000
66818  -51.989  -3.965  20.976 0.0000000000
67809  -51.499  -2.982  19.098 0.0000000000
67831  -50.913  -2.915  17.364 0.0000000000
67810  -52.218  -2.332  19.428 0.0000000000
156324  -38.562  -20.039  50.297 0.0000000000
47909  -37.367  -20.675  49.163 0.0000000000
46885  -38.953  -20.955  48.652 0.0000000000
133191  -44.815  -8.407  22.359 0.0000000000
61444  -45.526  -8.192  22.582 0.0000000000
60229  -53.954  -8.694  26.848 0.0000000000
60237  -53.315  -8.700  25.570 0.0000000000
142551  -54.431  -8.692  26.204 0.0000000000
135108  -54.996  -8.334  25.013 0.0000000000
60231  -55.507  -8.320  26.442 0.0000000000
52266  -47.925  -16.264  42.960 0.0000000000
49064  -47.481  -17.710  41.849 0.0000000000
50122  -48.454  -17.450  41.357 0.0000000000
53487  -41.650  -15.430  29.369 0.0000000000
52406  -41.727  -16.204  30.232 0.0000000000
53485  -40.716  -16.120  28.236 0.0000000000
53495  -38.887  -16.057  26.782 0.0000000000
60245  -44.714  -9.058  25.019 0.0000000000
60258  -42.678  -9.523  23.380 0.0000000000
60274  -44.028  -8.851  23.285 0.0000000000
73186  -61.294  3.215  21.209 0.0000000000
72064  -61.530  2.637  19.405 0.0000000000
72079  -60.478  2.270  18.277 0.0000000000
136634  -61.706  2.585  18.717 0.0000000000
133293  -28.726  -19.492  52.439 0.0000000000
48943  -27.643  -19.556  50.546 0.0000000000
48944  -28.435  -19.783  50.255 0.0000000000
50183  -28.446  -18.614  38.225 0.0000000000
151682  -27.001  -18.283  38.112 0.0000000000
49150  -27.235  -18.837  36.082 0.0000000000
48048  -25.335  -20.499  34.984 0.0000000000
48058  -26.623  -20.413  34.095 0.0000000000
51284  -36.805  -17.709  36.555 0.0000000000
50208  -36.212  -18.371  37.069 0.0000000000
153741  -35.123  -17.832  34.650 0.0000000000
60209  -46.465  -8.718  28.505 0.0000000000
141481  -47.450  -7.914  28.134 0.0000000000
61352  -47.534  -8.021  29.559 0.0000000000
62557  -51.015  -6.463  31.771 0.0000000000
61337  -50.612  -7.367  29.793 0.0000000000
61320  -52.224  -7.556  30.639 0.0000000000
60197  -53.169  -8.175  29.459 0.0000000000
61322  -53.707  -7.659  31.276 0.0000000000
55615  -51.545  -13.023  40.303 0.0000000000
54495  -50.759  -14.182  39.496 0.0000000000
54508  -51.227  -13.361  38.505 0.0000000000
56852  -48.611  -11.958  34.203 0.0000000000
55664  -48.222  -13.076  35.092 0.0000000000
55680  -46.356  -12.542  33.352 0.0000000000
55679  -44.901  -13.563  33.125 0.0000000000
56881  -44.715  -12.414  31.589 0.0000000000
56895  -43.890  -11.862  29.952 0.0000000000
138309  -45.771  -11.416  31.329 0.0000000000
60183  -47.185  -9.482  31.115 0.0000000000
59091  -45.849  -10.229  29.967 0.0000000000
152935  -46.070  -9.382  29.080 0.0000000000
60218  -45.476  -9.537  27.869 0.0000000000
48928  -33.711  -19.293  51.577 0.0000000000
47887  -32.128  -20.109  49.693 0.0000000000
47889  -33.348  -19.911  49.729 0.0000000000
154926  -35.180  -19.761  44.658 0.0000000000
49020  -33.538  -19.145  45.281 0.0000000000
49054  -33.608  -19.476  42.847 0.0000000000
49070  -31.808  -19.329  41.301 0.0000000000
49088  -32.429  -19.793  40.721 0.0000000000
134976  -49.401  -7.483  25.841 0.0000000000
133720  -48.323  -7.551  23.937 0.0000000000
61418  -49.765  -7.807  24.355 0.0000000000
60262  -52.075  -9.214  23.089 0.0000000000
61449  -50.599  -8.636  22.503 0.0000000000
60289  -50.989  -9.067  21.257 0.0000000000
62628  -55.187  -6.944  22.993 0.0000000000
62635  -54.459  -7.609  21.873 0.0000000000
63796  -54.830  -6.662  22.714 0.0000000000
63795  -54.070  -6.281  22.335 0.0000000000
64833  -55.191  -5.905  23.202 0.0000000000
48991  -43.597  -18.787  46.962 0.0000000000
47938  -42.683  -20.062  45.841 0.0000000000
47940  -44.121  -19.575  45.189 0.0000000000
136579  -44.564  -18.392  40.856 0.0000000000
138335  -43.050  -18.851  41.962 0.0000000000
50169  -42.619  -17.796  39.752 0.0000000000
51256  -41.215  -17.449  38.523 0.0000000000
51271  -41.410  -17.405  37.539 0.0000000000
51292  -47.721  -17.013  36.644 0.0000000000
50214  -47.518  -18.244  37.469 0.0000000000
51307  -45.934  -17.535  35.614 0.0000000000
51357  -40.626  -17.239  31.631 0.0000000000
51327  -41.896  -17.575  33.496 0.0000000000
52356  -40.377  -17.403  32.685 0.0000000000
52343  -39.409  -17.036  33.777 0.0000000000
56908  -41.696  -12.205  26.767 0.0000000000
55550  -46.182  -13.968  46.308 0.0000000000
58904  -50.536  -10.664  43.118 0.0000000000
154634  -51.920  -3.220  36.861 0.0000000000
66650  -55.626  -3.418  36.138 0.0000000000
64736  -56.285  -4.897  34.554 0.0000000000
62528  -56.295  -6.782  33.473 0.0000000000
63707  -57.070  -5.705  33.413 0.0000000000
65748  -59.054  -4.547  30.496 0.0000000000
62571  -58.725  -6.102  30.371 0.0000000000
63755  -59.358  -5.655  28.869 0.0000000000
62610  -58.625  -6.152  27.102 0.0000000000
64815  -59.536  -5.242  27.122 0.0000000000
67742  -60.182  -2.305  24.509 0.0000000000
66764  -59.378  -3.610  24.553 0.0000000000
142843  -58.480  -3.242  23.776 0.0000000000
66795  -57.394  -2.907  23.320 0.0000000000
67769  -57.708  -2.194  23.273 0.0000000000
73133  -59.282  3.009  24.832 0.0000000000
72042  -58.694  2.279  20.950 0.0000000000
72003  -58.444  2.030  22.876 0.0000000000
70944  -56.914  0.891  21.506 0.0000000000
69891  -56.262  0.032  21.508 0.0000000000
69915  -55.735  0.405  19.598 0.0000000000
69913  -54.736  -0.272  18.859 0.0000000000
158418  -56.160  0.482  18.342 0.0000000000
71022  -57.272  1.065  15.844 0.0000000000
71021  -56.495  0.749  15.464 0.0000000000
71027  -56.357  1.061  14.524 0.0000000000
160099  -63.595  3.588  16.219 0.0000000000
73254  -62.328  3.118  16.088 0.0000000000
74405  -61.943  3.520  15.287 0.0000000000
48982  -25.559  -18.961  47.330 0.0000000000
50047  -24.263  -18.142  48.383 0.0000000000
50072  -24.308  -18.491  46.665 0.0000000000
135307  -23.171  -18.548  45.193 0.0000000000
50091  -23.679  -18.683  44.283 0.0000000000
49016  -29.731  -19.450  45.773 0.0000000000
48998  -28.106  -19.477  46.082 0.0000000000
133211  -27.987  -19.110  43.855 0.0000000000
50128  -25.737  -18.506  41.166 0.0000000000
46985  -23.931  -21.565  36.451 0.0000000000
47963  -39.473  -20.261  43.831 0.0000000000
46936  -38.167  -20.166  44.156 0.0000000000
154020  -37.513  -19.392  43.091 0.0000000000
49142  -33.691  -20.198  36.747 0.0000000000
48024  -34.261  -20.430  38.784 0.0000000000
48035  -32.498  -20.531  37.508 0.0000000000
48034  -31.620  -20.539  37.338 0.0000000000
48052  -30.578  -20.532  35.277 0.0000000000
47023  -27.931  -21.502  32.075 0.0000000000
153226  -48.119  -8.204  31.603 0.0000000000
61336  -48.100  -7.745  30.725 0.0000000000
62539  -49.407  -7.340  32.700 0.0000000000
63730  -50.146  -6.268  32.965 0.0000000000
64754  -51.712  -5.330  33.770 0.0000000000
152959  -53.055  -11.394  38.325 0.0000000000
55656  -51.569  -12.551  37.479 0.0000000000
56831  -51.995  -11.835  36.373 0.0000000000
57961  -50.627  -11.533  34.998 0.0000000000
57970  -48.767  -11.422  33.782 0.0000000000
158480  -46.770  -11.260  32.127 0.0000000000
59059  -48.811  -10.846  33.338 0.0000000000
60144  -48.802  -9.445  32.869 0.0000000000
136762  -52.136  -1.515  15.787 0.0000000000
47861  -36.103  -19.265  50.847 0.0000000000
150349  -34.907  -19.412  49.654 0.0000000000
137602  -36.158  -20.170  49.518 0.0000000000
47927  -35.933  -20.331  46.519 0.0000000000
46924  -36.239  -19.983  44.787 0.0000000000
61397  -52.022  -8.157  26.695 0.0000000000
61408  -51.084  -8.049  25.347 0.0000000000
149939  -52.575  -8.581  25.391 0.0000000000
60246  -52.434  -9.031  23.929 0.0000000000
60263  -52.920  -9.282  23.249 0.0000000000
60292  -53.780  -8.799  21.888 0.0000000000
60265  -54.354  -8.377  23.536 0.0000000000
61435  -55.028  -7.564  23.924 0.0000000000
62622  -55.626  -6.671  24.208 0.0000000000
50076  -45.529  -17.275  45.168 0.0000000000
49022  -45.050  -18.660  44.798 0.0000000000
136187  -45.949  -17.763  43.326 0.0000000000
143496  -46.240  -18.656  41.070 0.0000000000
49125  -45.191  -18.804  39.011 0.0000000000
53449  -44.439  -16.187  33.757 0.0000000000
51329  -43.922  -17.285  33.853 0.0000000000
52371  -42.543  -16.639  32.170 0.0000000000
51370  -41.203  -16.936  31.129 0.0000000000
159409  -39.526  -17.421  29.802 0.0000000000
52402  -37.871  -17.065  29.054 0.0000000000
135161  -38.227  -16.606  27.811 0.0000000000
59107  -43.340  -10.333  25.908 0.0000000000
59120  -42.118  -10.017  23.870 0.0000000000
141729  -59.967  -2.861  28.925 0.0000000000
66725  -60.436  -3.738  27.594 0.0000000000
68752  -60.473  -2.065  27.494 0.0000000000
157388  -60.881  -1.873  25.837 0.0000000000
69860  -60.736  -0.825  24.610 0.0000000000
75460  -60.668  4.620  23.021 0.0000000000
74313  -59.813  3.698  23.687 0.0000000000
133106  -60.975  3.487  21.983 0.0000000000
141691  -59.715  2.550  21.026 0.0000000000
72062  -58.858  2.124  19.835 0.0000000000
70991  -57.273  1.095  18.113 0.0000000000
72087  -58.855  1.835  18.004 0.0000000000
133268  -58.715  1.839  17.298 0.0000000000
72112  -58.907  2.144  15.825 0.0000000000
74423  -64.122  3.850  14.202 0.0000000000
74421  -62.595  3.902  14.500 0.0000000000
74457  -63.437  3.262  12.882 0.0000000000
49985  -26.569  -18.220  53.687 0.0000000000
49998  -25.740  -18.167  52.198 0.0000000000
50013  -26.366  -18.775  51.698 0.0000000000
137468  -26.326  -19.228  49.130 0.0000000000
150445  -26.456  -19.340  47.417 0.0000000000
50131  -29.311  -18.612  41.633 0.0000000000
50117  -28.107  -18.715  42.451 0.0000000000
50145  -27.360  -18.253  40.321 0.0000000000
154889  -26.361  -18.273  38.706 0.0000000000
49138  -24.892  -18.996  36.797 0.0000000000
151611  -24.218  -20.750  36.139 0.0000000000
48040  -24.837  -20.109  35.652 0.0000000000
50150  -38.656  -17.900  40.248 0.0000000000
49090  -36.800  -18.813  41.035 0.0000000000
140622  -36.206  -18.628  38.078 0.0000000000
49144  -35.037  -19.511  37.204 0.0000000000
49161  -33.316  -19.709  35.404 0.0000000000
61403  -45.634  -8.704  25.860 0.0000000000
133515  -45.851  -8.261  24.465 0.0000000000
61392  -46.671  -8.160  26.587 0.0000000000
135172  -48.295  -7.510  26.296 0.0000000000
61383  -49.894  -7.477  27.499 0.0000000000
62589  -48.798  -7.374  29.796 0.0000000000
146392  -50.630  -7.584  28.585 0.0000000000
61384  -51.156  -7.720  27.260 0.0000000000
61371  -52.324  -8.082  28.342 0.0000000000
60220  -53.373  -8.446  28.197 0.0000000000
60199  -54.466  -8.479  29.083 0.0000000000
53399  -50.309  -14.801  41.935 0.0000000000
51242  -49.386  -16.839  40.791 0.0000000000
52283  -50.089  -15.472  40.156 0.0000000000
52291  -48.934  -16.085  38.163 0.0000000000
53429  -47.623  -15.605  36.128 0.0000000000
55654  -50.141  -13.193  36.662 0.0000000000
54518  -48.423  -14.210  36.141 0.0000000000
146889  -45.912  -15.455  34.892 0.0000000000
54540  -44.458  -14.755  33.352 0.0000000000
54553  -42.485  -14.925  30.718 0.0000000000
55699  -42.031  -14.018  29.487 0.0000000000
54585  -40.878  -13.829  27.292 0.0000000000
56893  -42.458  -12.998  29.182 0.0000000000
56904  -42.755  -11.946  28.047 0.0000000000
58021  -43.328  -11.280  27.665 0.0000000000
58008  -45.824  -10.978  30.873 0.0000000000
134393  -44.860  -10.647  29.026 0.0000000000
152837  -44.086  -10.366  27.153 0.0000000000
59104  -44.703  -9.859  27.017 0.0000000000
60227  -45.256  -9.246  26.591 0.0000000000
73229  -62.904  3.512  18.717 0.0000000000
76624  -63.585  5.489  18.212 0.0000000000
76631  -63.864  5.141  17.583 0.0000000000
76645  -64.097  5.389  16.027 0.0000000000
76652  -64.230  5.592  15.035 0.0000000000
76653  -64.592  5.599  14.067 0.0000000000
137079  -30.820  -20.016  51.905 0.0000000000
47870  -29.780  -20.002  50.538 0.0000000000
47886  -30.882  -20.040  49.541 0.0000000000
48972  -31.003  -19.825  48.093 0.0000000000
49017  -30.714  -19.411  45.823 0.0000000000
48975  -33.846  -19.529  47.869 0.0000000000
49019  -32.547  -19.128  45.625 0.0000000000
50108  -30.256  -18.986  43.182 0.0000000000
50132  -30.279  -18.775  41.542 0.0000000000
50148  -29.989  -18.836  39.927 0.0000000000
50184  -29.067  -19.163  37.821 0.0000000000
133566  -47.172  -7.671  23.062 0.0000000000
61446  -47.704  -7.695  22.456 0.0000000000
61432  -49.962  -8.253  22.975 0.0000000000
65819  -53.068  -4.566  21.963 0.0000000000
148459  -53.644  -3.526  21.986 0.0000000000
48959  -41.439  -19.477  49.356 0.0000000000
46899  -40.141  -21.016  47.457 0.0000000000
155440  -41.292  -20.502  47.154 0.0000000000
46929  -41.355  -20.802  45.097 0.0000000000
47980  -41.007  -19.827  43.103 0.0000000000
47983  -43.566  -19.404  43.256 0.0000000000
134604  -42.133  -18.947  41.982 0.0000000000
50135  -39.887  -18.345  41.364 0.0000000000
134459  -39.500  -17.710  39.584 0.0000000000
138799  -39.041  -17.271  37.397 0.0000000000
52312  -37.655  -17.122  35.350 0.0000000000
50173  -48.509  -18.092  39.497 0.0000000000
50191  -46.756  -19.018  38.333 0.0000000000
50210  -44.426  -18.313  37.425 0.0000000000
50252  -43.680  -17.875  34.735 0.0000000000
50242  -43.559  -18.044  35.275 0.0000000000
51289  -42.591  -17.927  36.011 0.0000000000
51305  -40.944  -17.297  35.880 0.0000000000
52330  -38.929  -16.943  34.531 0.0000000000
55725  -39.929  -13.573  25.914 0.0000000000
63668  -52.797  -6.624  37.644 0.0000000000
64716  -51.924  -5.207  37.302 0.0000000000
51113  -27.216  -17.961  54.788 0.0000000000
48887  -30.600  -19.090  53.888 0.0000000000
48889  -31.987  -18.888  54.006 0.0000000000
48904  -33.178  -18.940  53.139 0.0000000000
50003  -37.062  -18.081  52.050 0.0000000000
50014  -37.931  -18.508  51.695 0.0000000000
146056  -39.667  -18.375  51.155 0.0000000000
50027  -40.888  -18.383  50.443 0.0000000000
50036  -42.103  -18.369  49.565 0.0000000000
51182  -43.104  -17.621  48.814 0.0000000000
50051  -44.113  -17.495  47.221 0.0000000000
147851  -44.783  -15.785  47.658 0.0000000000
52241  -45.213  -16.296  46.481 0.0000000000
53368  -45.874  -16.053  45.631 0.0000000000
54437  -46.689  -14.915  44.185 0.0000000000
54446  -47.759  -14.874  43.486 0.0000000000
159578  -49.632  -13.252  43.155 0.0000000000
55587  -50.300  -13.150  42.542 0.0000000000
56726  -51.363  -12.029  41.491 0.0000000000
61225  -53.671  -8.370  38.596 0.0000000000
65705  -51.417  -4.336  36.332 0.0000000000
65717  -51.890  -4.128  35.468 0.0000000000
153587  -52.905  -5.177  34.667 0.0000000000
149164  -54.594  -2.211  37.168 0.0000000000
149138  -54.529  -5.041  35.421 0.0000000000
62526  -54.131  -6.976  33.993 0.0000000000
61288  -54.921  -7.494  32.877 0.0000000000
60170  -55.506  -7.782  31.279 0.0000000000
60201  -56.289  -8.043  29.719 0.0000000000
151530  -57.884  -5.629  31.994 0.0000000000
61342  -57.769  -7.378  30.286 0.0000000000
60215  -56.663  -7.857  27.934 0.0000000000
61399  -56.706  -7.445  26.715 0.0000000000
62613  -56.934  -6.668  25.687 0.0000000000
63786  -57.032  -5.765  24.723 0.0000000000
137498  -59.822  -4.234  25.869 0.0000000000
64822  -58.292  -4.916  24.785 0.0000000000
64827  -56.451  -5.683  23.817 0.0000000000
66778  -56.230  -4.417  23.354 0.0000000000
66792  -54.662  -3.409  22.501 0.0000000000
66805  -54.168  -2.654  21.836 0.0000000000
70897  -60.381  0.245  25.335 0.0000000000
69859  -60.105  -0.177  24.365 0.0000000000
73148  -59.290  2.714  24.080 0.0000000000
70909  -58.570  1.064  23.330 0.0000000000
144753  -58.259  -1.011  23.245 0.0000000000
69877  -56.762  -0.602  22.366 0.0000000000
68824  -55.304  -1.362  21.646 0.0000000000
68835  -54.043  -1.483  20.705 0.0000000000
68860  -54.039  -0.781  19.219 0.0000000000
69934  -53.829  -0.785  17.703 0.0000000000
69959  -53.657  -0.740  15.900 0.0000000000
69937  -56.061  0.224  17.317 0.0000000000
136965  -55.004  -0.207  16.102 0.0000000000
69967  -53.632  -0.520  13.984 0.0000000000
73236  -61.954  2.594  17.408 0.0000000000
73242  -60.513  2.595  16.621 0.0000000000
73266  -58.898  2.427  14.937 0.0000000000
74437  -60.648  3.757  13.335 0.0000000000
73276  -59.035  2.869  13.778 0.0000000000
72127  -58.048  2.390  13.437 0.0000000000
50023  -24.620  -17.904  50.132 0.0000000000
148519  -28.485  -19.819  48.969 0.0000000000
136524  -27.552  -19.564  46.808 0.0000000000
50094  -26.288  -19.065  45.002 0.0000000000
50116  -26.969  -18.858  42.891 0.0000000000
135048  -25.797  -18.864  43.268 0.0000000000
135049  -25.035  -18.762  43.114 0.0000000000
50112  -23.504  -18.869  42.416 0.0000000000
133771  -38.275  -21.157  46.178 0.0000000000
46925  -36.813  -20.082  44.674 0.0000000000
46942  -35.293  -19.785  42.501 0.0000000000
48001  -35.604  -19.801  40.943 0.0000000000
134592  -34.732  -20.325  41.116 0.0000000000
46956  -33.796  -20.456  40.581 0.0000000000
48006  -31.858  -20.230  39.068 0.0000000000
49141  -30.081  -20.137  37.237 0.0000000000
143132  -28.851  -19.636  36.158 0.0000000000
50248  -32.724  -18.892  33.741 0.0000000000
144251  -31.362  -19.703  33.647 0.0000000000
48071  -30.046  -20.299  33.734 0.0000000000
48061  -29.595  -20.376  34.167 0.0000000000
154351  -28.244  -20.205  34.014 0.0000000000
48059  -27.480  -20.221  34.017 0.0000000000
62509  -51.174  -7.189  35.360 0.0000000000
62525  -50.598  -7.233  34.679 0.0000000000
62495  -52.429  -7.601  36.344 0.0000000000
145095  -52.355  -8.825  35.407 0.0000000000
61263  -51.789  -8.089  35.333 0.0000000000
148643  -52.284  -3.256  20.639 0.0000000000
66837  -51.884  -3.073  19.899 0.0000000000
67794  -52.589  -2.488  20.201 0.0000000000
48947  -39.551  -19.572  50.377 0.0000000000
47893  -38.782  -20.550  49.388 0.0000000000
47894  -39.534  -20.497  49.235 0.0000000000
61443  -44.517  -8.585  22.903 0.0000000000
61428  -45.561  -8.265  23.514 0.0000000000
60222  -54.659  -8.766  27.153 0.0000000000
60230  -55.329  -8.642  27.052 0.0000000000
147890  -55.027  -8.593  26.334 0.0000000000
52272  -48.866  -16.046  42.561 0.0000000000
51228  -48.305  -16.574  42.538 0.0000000000
51233  -48.808  -16.527  42.228 0.0000000000
53486  -41.386  -15.380  28.820 0.0000000000
155441  -41.143  -15.861  28.667 0.0000000000
60260  -44.243  -9.023  24.237 0.0000000000
61442  -43.989  -8.669  22.338 0.0000000000
74353  -62.245  3.722  20.323 0.0000000000
73198  -62.050  3.002  19.981 0.0000000000
72047  -62.049  3.005  19.541 0.0000000000
72065  -62.039  2.834  19.213 0.0000000000
72081  -62.423  2.875  18.771 0.0000000000
151797  -29.388  -19.794  51.927 0.0000000000
48927  -28.314  -19.667  51.030 0.0000000000
47869  -29.015  -19.925  50.780 0.0000000000
50225  -27.860  -18.775  36.890 0.0000000000
50206  -27.716  -18.499  37.728 0.0000000000
49156  -26.630  -19.218  35.273 0.0000000000
49165  -27.081  -19.689  34.588 0.0000000000
156399  -36.279  -17.399  35.110 0.0000000000
51303  -36.330  -17.620  35.656 0.0000000000
140636  -35.746  -17.609  35.030 0.0000000000
61351  -46.887  -8.758  29.887 0.0000000000
61367  -47.057  -8.290  29.042 0.0000000000
62558  -52.522  -7.006  31.859 0.0000000000
62569  -51.926  -7.118  31.212 0.0000000000
61321  -52.905  -7.518  31.194 0.0000000000
62559  -53.573  -7.405  32.367 0.0000000000
155591  -51.884  -12.373  39.488 0.0000000000
55627  -51.681  -12.846  39.363 0.0000000000
55638  -51.755  -12.690  38.696 0.0000000000
56851  -47.823  -12.028  33.730 0.0000000000
55671  -47.137  -12.595  33.927 0.0000000000
56867  -47.077  -12.032  33.220 0.0000000000
152953  -45.613  -12.634  32.819 0.0000000000
56882  -45.551  -12.054  31.968 0.0000000000
56889  -45.072  -11.760  31.099 0.0000000000
56883  -46.307  -11.554  32.031 0.0000000000
156935  -46.896  -9.267  30.516 0.0000000000
152525  -46.543  -9.506  30.157 0.0000000000
138101  -46.485  -9.082  29.408 0.0000000000
47874  -33.524  -19.698  50.490 0.0000000000
47859  -34.058  -19.274  50.823 0.0000000000
47946  -34.940  -19.611  43.861 0.0000000000
156396  -34.471  -19.434  44.038 0.0000000000
47959  -34.276  -19.477  43.392 0.0000000000
155232  -33.647  -19.773  42.189 0.0000000000
47973  -33.377  -19.971  41.662 0.0000000000
153931  -49.356  -7.542  25.022 0.0000000000
61407  -50.151  -7.764  25.123 0.0000000000
60276  -51.815  -9.227  22.311 0.0000000000
60275  -51.152  -8.974  22.029 0.0000000000
62636  -54.769  -7.178  22.589 0.0000000000
63797  -55.386  -6.722  23.002 0.0000000000
48992  -44.178  -18.453  46.459 0.0000000000
49006  -43.964  -18.979  46.346 0.0000000000
49007  -44.535  -18.728  45.861 0.0000000000
50171  -44.499  -18.388  39.139 0.0000000000
50156  -44.171  -18.223  40.164 0.0000000000
50187  -42.917  -17.813  38.713 0.0000000000
51257  -42.174  -17.627  38.115 0.0000000000
50209  -43.081  -17.943  37.684 0.0000000000
52316  -46.484  -16.788  35.563 0.0000000000
51308  -46.910  -17.316  36.115 0.0000000000
52334  -45.611  -16.925  34.995 0.0000000000
51356  -39.851  -17.427  31.288 0.0000000000
51342  -40.883  -17.319  32.403 0.0000000000
52370  -39.296  -17.416  31.790 0.0000000000
52355  -39.557  -17.308  32.487 0.0000000000
52369  -38.457  -17.229  31.649 0.0000000000
56909  -42.488  -11.566  26.825 0.0000000000
155586  -42.041  -11.404  25.982 0.0000000000
64737  -56.669  -4.981  34.117 0.0000000000
67664  -59.593  -3.230  29.652 0.0000000000
67656  -59.140  -3.287  30.331 0.0000000000
65756  -59.690  -4.423  29.279 0.0000000000
64783  -59.419  -4.964  29.671 0.0000000000
64792  -59.627  -4.914  29.081 0.0000000000
63764  -59.569  -5.322  28.242 0.0000000000
139152  -59.925  -4.761  27.799 0.0000000000
68806  -59.913  -1.869  24.102 0.0000000000
67757  -59.561  -2.426  24.145 0.0000000000
67756  -58.852  -2.462  23.794 0.0000000000
67755  -58.140  -2.708  23.538 0.0000000000
68805  -58.741  -1.706  23.570 0.0000000000
157382  -59.008  5.002  24.874 0.0000000000
159869  -59.030  4.336  25.121 0.0000000000
74306  -59.184  3.481  25.025 0.0000000000
74307  -59.607  3.917  24.167 0.0000000000
156339  -58.005  1.946  20.356 0.0000000000
70945  -57.657  1.717  21.227 0.0000000000
70963  -57.227  1.435  20.452 0.0000000000
70962  -56.469  0.810  20.614 0.0000000000
159782  -56.203  0.757  19.850 0.0000000000
69928  -55.769  0.377  18.760 0.0000000000
70977  -56.448  0.808  18.827 0.0000000000
139316  -57.613  1.482  15.286 0.0000000000
71028  -56.983  1.167  15.158 0.0000000000
72122  -57.153  1.517  14.574 0.0000000000
72125  -56.708  1.561  13.659 0.0000000000
75542  -63.887  4.085  15.866 0.0000000000
74394  -63.082  3.273  16.131 0.0000000000
51141  -25.185  -17.618  52.742 0.0000000000
50073  -25.197  -18.791  46.545 0.0000000000
136023  -24.886  -18.635  47.193 0.0000000000
50083  -24.687  -18.692  45.847 0.0000000000
133769  -24.174  -18.657  45.146 0.0000000000
50092  -24.679  -18.764  44.481 0.0000000000
49032  -29.517  -19.286  44.678 0.0000000000
49015  -28.747  -19.381  45.343 0.0000000000
49031  -28.872  -19.191  43.984 0.0000000000
48031  -23.209  -20.621  37.284 0.0000000000
49055  -38.645  -18.963  42.580 0.0000000000
47978  -38.504  -19.447  43.167 0.0000000000
47993  -37.729  -19.032  42.623 0.0000000000
48055  -33.035  -20.253  36.081 0.0000000000
48045  -32.946  -20.449  36.938 0.0000000000
48044  -32.259  -20.591  36.662 0.0000000000
48043  -31.442  -20.626  36.358 0.0000000000
48053  -31.309  -20.570  35.516 0.0000000000
61301  -48.671  -8.074  32.256 0.0000000000
63702  -50.449  -6.099  34.374 0.0000000000
62540  -49.944  -6.712  33.202 0.0000000000
63719  -50.397  -5.986  33.598 0.0000000000
63731  -50.642  -6.054  32.686 0.0000000000
64753  -50.927  -5.317  33.947 0.0000000000
59008  -53.436  -10.868  37.999 0.0000000000
56819  -52.703  -11.613  36.885 0.0000000000
57951  -53.077  -10.944  36.445 0.0000000000
59045  -51.515  -10.630  34.610 0.0000000000
57962  -51.344  -11.303  35.027 0.0000000000
56854  -50.069  -11.351  34.479 0.0000000000
56853  -49.355  -11.641  34.374 0.0000000000
57971  -49.451  -11.117  33.941 0.0000000000
57982  -48.102  -11.162  33.031 0.0000000000
61273  -49.992  -8.660  33.666 0.0000000000
60167  -48.108  -9.131  32.113 0.0000000000
66853  -50.913  -3.882  18.693 0.0000000000
67832  -51.571  -2.237  17.630 0.0000000000
68878  -52.063  -1.633  16.839 0.0000000000
47862  -36.960  -19.692  50.872 0.0000000000
47876  -36.525  -19.958  50.282 0.0000000000
46896  -37.664  -21.089  47.719 0.0000000000
46889  -36.916  -20.855  47.890 0.0000000000
46905  -36.628  -20.593  46.290 0.0000000000
46913  -36.181  -20.219  45.628 0.0000000000
46914  -36.783  -20.382  45.411 0.0000000000
61409  -51.947  -8.282  25.767 0.0000000000
61410  -52.683  -8.488  26.178 0.0000000000
142017  -53.563  -8.815  24.789 0.0000000000
61421  -52.870  -8.811  24.731 0.0000000000
60247  -53.285  -9.011  24.059 0.0000000000
60264  -53.734  -8.959  23.384 0.0000000000
60251  -55.446  -7.971  25.118 0.0000000000
60250  -55.083  -8.024  24.460 0.0000000000
61422  -55.374  -7.674  24.539 0.0000000000
61452  -55.167  -7.113  23.987 0.0000000000
61436  -55.457  -7.182  24.314 0.0000000000
50087  -45.903  -17.186  44.489 0.0000000000
49038  -45.750  -17.721  44.105 0.0000000000
138620  -45.956  -17.400  44.074 0.0000000000
49083  -47.474  -18.022  41.517 0.0000000000
137485  -46.898  -18.183  41.684 0.0000000000
49095  -46.813  -18.855  40.797 0.0000000000
49094  -46.134  -18.946  40.375 0.0000000000
146160  -46.189  -19.149  39.607 0.0000000000
53458  -43.365  -16.093  32.579 0.0000000000
53459  -43.771  -16.437  33.237 0.0000000000
53462  -42.765  -16.308  32.048 0.0000000000
52405  -41.234  -16.448  29.741 0.0000000000
52387  -41.411  -16.599  30.469 0.0000000000
52404  -40.676  -16.817  29.402 0.0000000000
51368  -40.228  -17.232  29.946 0.0000000000
134161  -39.913  -17.177  29.193 0.0000000000
52422  -39.505  -16.965  28.419 0.0000000000
59113  -43.068  -10.016  25.107 0.0000000000
68736  -59.898  -2.209  28.660 0.0000000000
67674  -60.327  -2.563  28.104 0.0000000000
69839  -60.525  -0.879  26.628 0.0000000000
68782  -60.746  -1.382  26.490 0.0000000000
69846  -60.798  -0.760  26.071 0.0000000000
68799  -61.034  -1.420  25.027 0.0000000000
69852  -60.923  -0.586  25.363 0.0000000000
75467  -61.504  4.688  22.130 0.0000000000
77625  -61.155  5.598  22.626 0.0000000000
76567  -61.075  5.021  22.738 0.0000000000
74323  -60.548  3.961  22.908 0.0000000000
73164  -61.093  3.838  22.201 0.0000000000
72025  -61.050  2.852  20.920 0.0000000000
72044  -60.555  2.568  20.572 0.0000000000
72043  -59.789  2.374  20.233 0.0000000000
72063  -59.798  2.238  19.362 0.0000000000
72077  -58.879  1.950  18.882 0.0000000000
72078  -59.738  2.123  18.490 0.0000000000
72089  -60.466  2.314  17.673 0.0000000000
72088  -59.620  2.114  17.676 0.0000000000
134339  -59.774  2.247  17.235 0.0000000000
133401  -59.041  2.096  16.779 0.0000000000
158413  -59.896  2.359  16.864 0.0000000000
152538  -63.809  3.544  13.879 0.0000000000
134727  -26.725  -18.590  53.005 0.0000000000
156095  -26.348  -18.500  52.461 0.0000000000
49999  -26.877  -18.954  52.355 0.0000000000
152733  -26.788  -19.384  50.008 0.0000000000
48968  -26.768  -19.465  48.340 0.0000000000
134672  -28.816  -18.412  40.896 0.0000000000
50130  -28.460  -18.535  41.713 0.0000000000
50146  -28.280  -18.278  40.152 0.0000000000
50181  -27.130  -18.168  38.868 0.0000000000
50205  -26.093  -18.419  37.787 0.0000000000
50204  -25.167  -18.675  37.550 0.0000000000
49148  -25.211  -19.206  36.117 0.0000000000
45960  -26.052  -22.018  34.460 0.0000000000
46995  -25.442  -21.356  34.874 0.0000000000
141417  -37.981  -17.848  39.595 0.0000000000
50167  -37.142  -18.131  39.730 0.0000000000
50185  -36.916  -18.135  38.374 0.0000000000
50240  -35.335  -18.518  35.909 0.0000000000
50226  -35.544  -18.781  36.667 0.0000000000
49152  -34.861  -19.182  36.284 0.0000000000
49162  -33.992  -19.593  35.941 0.0000000000
50238  -33.836  -19.107  35.059 0.0000000000
61391  -45.941  -8.674  26.559 0.0000000000
61404  -46.362  -8.207  25.816 0.0000000000
61368  -48.047  -7.711  28.700 0.0000000000
61393  -47.943  -7.615  27.221 0.0000000000
61394  -49.194  -7.465  26.823 0.0000000000
62566  -48.732  -7.418  31.324 0.0000000000
62581  -49.358  -7.140  30.329 0.0000000000
61355  -51.676  -7.797  29.470 0.0000000000
148039  -50.720  -7.569  29.180 0.0000000000
141089  -50.556  -7.558  27.975 0.0000000000
61370  -51.497  -7.781  28.099 0.0000000000
61340  -53.516  -8.058  29.985 0.0000000000
60210  -53.280  -8.321  28.890 0.0000000000
60198  -53.756  -8.295  29.342 0.0000000000
134550  -54.169  -8.138  29.880 0.0000000000
54468  -50.536  -14.114  41.826 0.0000000000
52280  -50.130  -15.570  40.959 0.0000000000
53411  -50.426  -14.903  40.519 0.0000000000
53421  -50.209  -14.554  38.590 0.0000000000
53416  -49.760  -15.312  38.924 0.0000000000
157690  -48.973  -15.372  37.540 0.0000000000
152703  -48.456  -15.875  37.009 0.0000000000
53424  -48.807  -15.241  37.127 0.0000000000
55661  -50.724  -12.447  36.351 0.0000000000
55655  -50.892  -12.837  37.089 0.0000000000
151865  -50.085  -12.594  36.021 0.0000000000
139524  -47.383  -13.094  34.605 0.0000000000
54525  -48.111  -13.808  35.670 0.0000000000
54524  -47.287  -13.942  35.298 0.0000000000
150774  -46.406  -14.569  35.022 0.0000000000
54523  -45.694  -14.584  34.470 0.0000000000
54531  -44.834  -15.336  33.931 0.0000000000
55669  -45.206  -14.074  33.826 0.0000000000
55687  -43.921  -13.333  31.681 0.0000000000
141168  -43.443  -14.457  31.901 0.0000000000
55693  -42.784  -13.758  30.581 0.0000000000
55692  -42.300  -14.250  30.103 0.0000000000
55704  -41.840  -13.626  28.693 0.0000000000
55700  -42.590  -13.331  29.893 0.0000000000
56899  -42.958  -12.084  28.835 0.0000000000
139413  -43.734  -11.628  29.119 0.0000000000
140959  -43.541  -11.440  28.355 0.0000000000
57998  -46.932  -10.844  31.877 0.0000000000
57997  -46.332  -11.033  31.454 0.0000000000
59083  -46.064  -10.593  30.704 0.0000000000
59097  -45.738  -9.891  29.211 0.0000000000
59090  -45.391  -10.382  29.464 0.0000000000
59095  -44.660  -10.444  28.254 0.0000000000
156417  -44.508  -10.276  27.621 0.0000000000
59100  -44.971  -9.955  27.779 0.0000000000
136349  -46.021  -8.927  27.804 0.0000000000
60219  -45.660  -9.118  27.225 0.0000000000
137106  -63.620  7.028  17.670 0.0000000000
77697  -63.830  6.910  16.991 0.0000000000
76638  -63.982  5.988  16.762 0.0000000000
152102  -64.025  6.818  16.331 0.0000000000
77705  -64.148  7.188  15.665 0.0000000000
140039  -64.377  6.619  14.706 0.0000000000
47845  -31.595  -19.997  52.044 0.0000000000
47856  -31.361  -20.106  51.280 0.0000000000
47871  -31.224  -20.099  50.436 0.0000000000
47904  -32.297  -19.992  48.661 0.0000000000
47903  -31.474  -20.010  48.798 0.0000000000
48987  -31.467  -19.682  47.346 0.0000000000
49002  -31.106  -19.531  46.570 0.0000000000
148942  -35.135  -19.931  48.266 0.0000000000
47906  -34.443  -19.649  48.486 0.0000000000
48990  -34.388  -19.614  47.098 0.0000000000
49034  -32.847  -19.076  44.133 0.0000000000
152520  -32.021  -19.080  44.875 0.0000000000
151320  -31.165  -19.176  44.471 0.0000000000
50109  -31.130  -19.073  43.601 0.0000000000
50119  -30.504  -18.878  42.355 0.0000000000
50120  -31.160  -18.980  42.725 0.0000000000
49087  -31.500  -19.465  40.378 0.0000000000
49069  -30.550  -18.944  40.559 0.0000000000
156862  -30.153  -19.095  39.409 0.0000000000
49119  -29.720  -19.307  38.403 0.0000000000
147080  -30.290  -19.416  38.928 0.0000000000
61416  -46.723  -7.853  24.818 0.0000000000
61429  -46.485  -7.892  23.778 0.0000000000
134265  -47.436  -7.623  23.902 0.0000000000
61430  -48.227  -7.655  23.084 0.0000000000
61419  -50.775  -8.210  24.317 0.0000000000
61433  -50.729  -8.478  23.332 0.0000000000
61465  -50.482  -8.772  21.730 0.0000000000
60293  -54.243  -8.260  22.217 0.0000000000
62647  -54.113  -7.525  21.149 0.0000000000
64831  -53.868  -5.196  22.521 0.0000000000
64838  -53.211  -5.793  21.903 0.0000000000
47897  -41.794  -19.722  48.642 0.0000000000
47911  -41.384  -20.193  48.218 0.0000000000
47912  -42.043  -19.850  47.889 0.0000000000
47951  -42.897  -20.178  45.159 0.0000000000
159310  -41.874  -20.636  45.375 0.0000000000
47950  -41.805  -20.483  44.426 0.0000000000
47964  -41.375  -20.229  43.731 0.0000000000
157639  -44.829  -18.706  43.162 0.0000000000
47968  -44.484  -19.152  43.752 0.0000000000
47984  -44.271  -19.057  43.235 0.0000000000
49077  -42.691  -18.377  41.365 0.0000000000
50137  -41.730  -18.448  41.406 0.0000000000
49076  -41.190  -18.908  42.007 0.0000000000
50152  -40.495  -18.072  40.886 0.0000000000
50151  -39.766  -17.938  40.474 0.0000000000
145309  -40.737  -17.863  40.217 0.0000000000
51270  -40.483  -17.329  37.966 0.0000000000
136290  -39.768  -17.386  38.273 0.0000000000
51286  -38.531  -17.227  36.781 0.0000000000
52296  -38.448  -17.080  35.859 0.0000000000
51250  -49.101  -17.026  39.857 0.0000000000
50140  -49.037  -17.248  40.515 0.0000000000
50194  -48.741  -17.653  39.129 0.0000000000
50232  -46.057  -18.442  36.933 0.0000000000
50213  -46.839  -18.649  37.596 0.0000000000
50212  -45.394  -18.577  37.308 0.0000000000
50190  -45.472  -18.841  38.170 0.0000000000
50211  -44.739  -18.359  36.906 0.0000000000
51345  -42.928  -17.130  33.176 0.0000000000
51319  -44.247  -17.571  34.462 0.0000000000
133915  -42.846  -17.439  33.651 0.0000000000
51317  -42.178  -17.764  34.213 0.0000000000
50251  -42.982  -17.876  34.636 0.0000000000
51306  -42.392  -17.882  35.058 0.0000000000
138047  -43.469  -18.100  35.889 0.0000000000
149943  -41.787  -17.677  35.661 0.0000000000
140313  -41.420  -17.556  34.854 0.0000000000
133839  -38.539  -16.908  33.826 0.0000000000
134950  -38.067  -16.955  34.547 0.0000000000
141188  -37.314  -16.818  33.027 0.0000000000
55708  -41.383  -13.603  27.847 0.0000000000
145567  -41.185  -13.081  27.102 0.0000000000
51093  -26.674  -17.322  55.267 0.0000000000
49973  -31.745  -18.368  54.436 0.0000000000
50002  -36.061  -17.971  51.892 0.0000000000
51169  -41.225  -17.753  50.418 0.0000000000
50028  -41.513  -18.403  50.086 0.0000000000
51170  -41.901  -17.723  50.039 0.0000000000
51194  -43.527  -17.558  48.213 0.0000000000
52228  -43.943  -16.346  48.406 0.0000000000
54422  -45.363  -14.434  47.578 0.0000000000
53355  -44.927  -15.034  47.963 0.0000000000
53360  -45.236  -15.522  47.133 0.0000000000
52235  -44.834  -16.305  47.144 0.0000000000
52242  -45.520  -16.426  45.844 0.0000000000
53361  -45.630  -15.765  46.318 0.0000000000
55551  -46.671  -13.377  45.628 0.0000000000
55561  -46.324  -14.442  45.252 0.0000000000
55574  -47.438  -13.924  43.749 0.0000000000
55576  -49.267  -13.128  43.378 0.0000000000
55577  -49.591  -12.580  43.400 0.0000000000
56708  -49.908  -12.825  43.039 0.0000000000
56695  -49.896  -12.024  43.412 0.0000000000
56710  -50.954  -11.682  42.046 0.0000000000
57842  -51.156  -10.851  41.957 0.0000000000
57854  -51.551  -11.239  41.439 0.0000000000
62471  -53.373  -7.385  38.254 0.0000000000
65701  -51.634  -4.463  37.100 0.0000000000
64723  -51.408  -5.264  36.536 0.0000000000
66647  -52.460  -3.129  36.582 0.0000000000
65706  -51.742  -3.662  36.227 0.0000000000
65723  -51.998  -4.597  34.779 0.0000000000
65718  -52.711  -4.444  35.257 0.0000000000
64725  -55.587  -4.658  35.408 0.0000000000
65708  -55.294  -4.117  35.966 0.0000000000
64734  -55.400  -5.294  35.189 0.0000000000
63704  -54.561  -6.521  34.555 0.0000000000
153053  -54.880  -7.103  34.155 0.0000000000
62543  -54.724  -7.390  33.484 0.0000000000
62527  -55.358  -7.145  33.809 0.0000000000
61291  -56.777  -7.118  32.613 0.0000000000
145068  -55.897  -7.458  32.480 0.0000000000
60147  -56.577  -7.561  31.635 0.0000000000
60186  -56.082  -7.927  30.551 0.0000000000
60172  -56.730  -7.786  30.954 0.0000000000
66684  -58.280  -3.350  31.499 0.0000000000
65730  -57.692  -4.625  32.483 0.0000000000
64757  -57.917  -5.096  32.056 0.0000000000
62590  -58.733  -6.458  29.447 0.0000000000
62570  -58.312  -6.519  30.769 0.0000000000
61358  -57.870  -7.342  29.645 0.0000000000
141636  -57.373  -7.591  29.242 0.0000000000
61373  -57.377  -7.472  28.332 0.0000000000
154138  -56.510  -7.785  27.247 0.0000000000
61388  -57.651  -7.150  27.732 0.0000000000
62615  -58.420  -6.003  26.439 0.0000000000
62609  -57.948  -6.505  26.781 0.0000000000
62620  -57.385  -6.099  25.382 0.0000000000
62619  -56.605  -6.385  25.013 0.0000000000
63787  -57.835  -5.512  25.071 0.0000000000
66749  -60.343  -3.538  26.148 0.0000000000
65787  -60.195  -4.124  26.702 0.0000000000
66748  -60.116  -3.615  25.605 0.0000000000
65800  -58.703  -3.843  24.128 0.0000000000
65792  -58.857  -4.288  24.583 0.0000000000
64829  -58.069  -4.698  24.186 0.0000000000
64828  -57.104  -5.395  24.060 0.0000000000
65799  -57.479  -4.624  23.773 0.0000000000
65798  -56.776  -4.927  23.656 0.0000000000
66779  -57.094  -3.902  23.459 0.0000000000
67768  -56.895  -2.244  22.995 0.0000000000
66794  -56.427  -3.108  23.095 0.0000000000
134753  -55.568  -2.955  22.727 0.0000000000
67766  -55.139  -2.276  22.183 0.0000000000
71956  -59.406  1.795  25.436 0.0000000000
147833  -59.775  1.155  25.243 0.0000000000
136160  -60.621  -0.080  24.852 0.0000000000
70896  -60.068  0.655  24.771 0.0000000000
73162  -59.746  3.352  23.567 0.0000000000
73161  -59.468  2.982  23.319 0.0000000000
70926  -57.931  1.171  22.647 0.0000000000
69879  -58.165  0.027  23.051 0.0000000000
150926  -58.852  0.150  23.513 0.0000000000
138876  -57.615  -0.749  22.868 0.0000000000
69890  -55.522  -0.500  21.186 0.0000000000
68836  -54.788  -0.977  20.934 0.0000000000
69900  -54.378  -0.826  20.115 0.0000000000
68850  -53.662  -1.337  19.930 0.0000000000
148511  -54.996  -0.196  18.130 0.0000000000
69927  -54.249  -0.575  18.314 0.0000000000
69935  -54.533  -0.479  17.549 0.0000000000
69948  -53.898  -0.743  16.855 0.0000000000
157360  -54.356  -0.522  16.251 0.0000000000
70999  -57.346  1.029  17.413 0.0000000000
70990  -56.569  0.599  17.861 0.0000000000
70998  -56.766  0.607  17.060 0.0000000000
71020  -55.712  0.479  14.955 0.0000000000
71007  -55.851  0.219  15.930 0.0000000000
69961  -55.027  0.026  15.293 0.0000000000
69960  -54.328  -0.387  15.549 0.0000000000
74379  -63.234  3.247  18.261 0.0000000000
73237  -62.561  2.618  17.875 0.0000000000
73238  -63.157  2.841  17.708 0.0000000000
74404  -60.937  3.336  15.208 0.0000000000
73253  -61.353  2.953  16.156 0.0000000000
146532  -60.511  2.809  15.959 0.0000000000
73252  -59.426  2.531  15.460 0.0000000000
73267  -59.591  2.885  14.759 0.0000000000
74439  -62.578  3.953  13.574 0.0000000000
74438  -61.591  4.047  13.443 0.0000000000
73287  -59.436  3.187  12.489 0.0000000000
50024  -25.389  -18.352  50.437 0.0000000000
50011  -24.818  -17.793  51.007 0.0000000000
154090  -23.731  -18.251  47.145 0.0000000000
50070  -22.594  -18.309  46.428 0.0000000000
156101  -22.952  -18.751  43.736 0.0000000000
50090  -22.669  -18.696  44.419 0.0000000000
141321  -22.048  -19.325  42.972 0.0000000000
49051  -22.365  -19.333  42.265 0.0000000000
48957  -29.343  -19.873  49.117 0.0000000000
48970  -28.895  -19.789  48.119 0.0000000000
49014  -27.831  -19.311  45.293 0.0000000000
50086  -27.038  -19.231  45.192 0.0000000000
50085  -26.515  -19.172  45.844 0.0000000000
50129  -27.103  -18.426  41.186 0.0000000000
154745  -27.454  -18.730  42.463 0.0000000000
156906  -26.415  -18.498  41.368 0.0000000000
148061  -25.071  -18.522  41.016 0.0000000000
141745  -25.994  -18.586  41.934 0.0000000000
50127  -25.139  -18.613  41.774 0.0000000000
153663  -24.865  -18.707  42.463 0.0000000000
137257  -24.295  -18.745  42.840 0.0000000000
50113  -24.319  -18.720  42.044 0.0000000000
45938  -25.323  -22.194  36.070 0.0000000000
45937  -24.608  -21.798  36.193 0.0000000000
154487  -40.265  -21.097  46.554 0.0000000000
46898  -39.527  -21.209  46.986 0.0000000000
46907  -39.228  -21.210  46.160 0.0000000000
46935  -37.296  -19.813  43.925 0.0000000000
46926  -37.569  -20.274  44.556 0.0000000000
133556  -36.683  -19.806  44.052 0.0000000000
134681  -36.126  -19.787  44.049 0.0000000000
46951  -35.651  -19.744  42.375 0.0000000000
49104  -35.793  -19.171  39.834 0.0000000000
49089  -35.969  -19.291  40.675 0.0000000000
49103  -35.258  -19.734  39.473 0.0000000000
46980  -33.533  -20.564  38.576 0.0000000000
46968  -34.394  -20.377  39.957 0.0000000000
46967  -33.880  -20.470  39.947 0.0000000000
46948  -34.265  -20.418  41.146 0.0000000000
46955  -33.244  -20.358  39.866 0.0000000000
47998  -32.887  -20.210  39.991 0.0000000000
155536  -32.180  -20.383  38.704 0.0000000000
48033  -30.786  -20.505  36.812 0.0000000000
48021  -30.879  -20.348  37.557 0.0000000000
49139  -29.423  -19.916  36.621 0.0000000000
49159  -29.461  -20.122  35.692 0.0000000000
49176  -31.259  -19.141  32.805 0.0000000000
49168  -32.100  -19.637  34.091 0.0000000000
48078  -29.100  -20.385  32.238 0.0000000000
48079  -29.728  -20.164  32.981 0.0000000000
48062  -30.347  -20.423  34.536 0.0000000000
48070  -29.232  -20.386  33.273 0.0000000000
45985  -27.809  -22.281  31.807 0.0000000000
48060  -28.730  -20.387  33.657 0.0000000000
47010  -27.550  -21.229  32.906 0.0000000000
48068  -27.080  -20.842  33.533 0.0000000000
61274  -50.346  -7.836  34.162 0.0000000000
61286  -49.773  -7.563  33.475 0.0000000000
62508  -50.591  -6.483  34.890 0.0000000000
63688  -50.714  -5.704  34.930 0.0000000000
60081  -53.248  -9.444  36.411 0.0000000000
59032  -53.152  -10.211  36.204 0.0000000000
60095  -52.760  -9.659  35.630 0.0000000000
160097  -52.229  -9.439  35.057 0.0000000000
60130  -51.134  -10.002  34.202 0.0000000000
60112  -50.336  -9.869  33.818 0.0000000000
60113  -50.959  -8.982  34.218 0.0000000000
65832  -51.741  -4.843  20.632 0.0000000000
65831  -51.623  -3.899  20.278 0.0000000000
66836  -51.347  -3.694  19.543 0.0000000000
66862  -50.714  -3.577  17.737 0.0000000000
67822  -51.181  -2.935  18.213 0.0000000000
67823  -51.874  -2.225  18.575 0.0000000000
68849  -52.665  -1.680  18.913 0.0000000000
48945  -38.068  -19.816  50.647 0.0000000000
47877  -37.406  -20.133  50.303 0.0000000000
134340  -38.239  -20.352  49.952 0.0000000000
46884  -38.097  -20.802  49.128 0.0000000000
60228  -53.380  -8.522  27.392 0.0000000000
136537  -53.348  -8.590  26.526 0.0000000000
137839  -53.858  -8.708  26.086 0.0000000000
60238  -54.122  -8.721  25.336 0.0000000000
149380  -54.566  -8.553  24.914 0.0000000000
60239  -54.760  -8.544  25.574 0.0000000000
60240  -55.243  -8.300  25.717 0.0000000000
60241  -55.717  -7.936  25.870 0.0000000000
51222  -46.924  -16.690  43.376 0.0000000000
51226  -46.480  -17.093  43.539 0.0000000000
51227  -47.473  -16.760  42.905 0.0000000000
50121  -47.938  -17.667  41.584 0.0000000000
50138  -48.067  -17.911  41.145 0.0000000000
53470  -42.116  -15.739  30.423 0.0000000000
137225  -42.122  -16.216  30.891 0.0000000000
53478  -41.788  -15.728  29.810 0.0000000000
53477  -41.461  -15.944  29.340 0.0000000000
52424  -41.011  -16.331  28.953 0.0000000000
52439  -40.004  -16.406  27.866 0.0000000000
53496  -39.629  -16.018  27.143 0.0000000000
155173  -44.164  -9.383  25.002 0.0000000000
60244  -43.591  -9.521  24.648 0.0000000000
60259  -43.441  -9.272  23.784 0.0000000000
74325  -61.525  4.244  21.877 0.0000000000
138431  -61.432  3.545  21.440 0.0000000000
73187  -61.544  3.231  20.791 0.0000000000
72026  -61.526  2.994  20.496 0.0000000000
160102  -60.820  2.353  19.351 0.0000000000
136790  -60.524  2.331  19.047 0.0000000000
134005  -61.115  2.432  18.866 0.0000000000
133455  -61.161  2.408  18.182 0.0000000000
72090  -61.196  2.474  17.597 0.0000000000
48898  -27.953  -19.162  53.052 0.0000000000
154360  -27.684  -19.244  52.221 0.0000000000
133270  -28.252  -19.508  51.715 0.0000000000
48956  -27.816  -19.712  49.566 0.0000000000
133573  -28.618  -18.390  39.156 0.0000000000
50182  -27.776  -18.288  38.580 0.0000000000
50224  -26.844  -18.478  37.052 0.0000000000
49149  -26.192  -18.840  36.070 0.0000000000
49155  -25.635  -19.545  35.372 0.0000000000
48049  -26.112  -19.947  34.675 0.0000000000
46997  -25.844  -20.897  34.354 0.0000000000
51267  -37.632  -17.533  37.167 0.0000000000
51266  -36.894  -17.995  37.558 0.0000000000
51302  -35.713  -17.996  35.616 0.0000000000
50250  -34.453  -18.334  34.661 0.0000000000
61381  -46.842  -8.182  27.460 0.0000000000
142035  -50.060  -6.653  31.546 0.0000000000
62582  -50.398  -7.092  30.383 0.0000000000
62568  -50.927  -6.994  30.899 0.0000000000
61338  -51.454  -7.526  30.165 0.0000000000
61339  -52.593  -7.977  29.923 0.0000000000
133887  -53.225  -7.804  30.605 0.0000000000
54488  -51.173  -13.592  40.749 0.0000000000
53412  -50.859  -14.100  40.431 0.0000000000
54496  -50.954  -13.965  39.819 0.0000000000
54502  -50.762  -14.046  38.928 0.0000000000
54507  -50.654  -13.835  38.184 0.0000000000
56841  -49.221  -12.144  34.814 0.0000000000
55665  -49.020  -12.748  35.273 0.0000000000
56840  -48.670  -12.456  34.715 0.0000000000
55670  -46.162  -13.303  34.070 0.0000000000
158274  -45.636  -13.154  33.465 0.0000000000
55688  -44.755  -12.937  32.343 0.0000000000
56887  -43.298  -12.753  30.325 0.0000000000
56888  -44.158  -12.332  30.855 0.0000000000
56896  -44.672  -11.465  30.302 0.0000000000
59072  -47.094  -10.253  31.536 0.0000000000
59092  -46.311  -10.103  30.442 0.0000000000
60196  -46.145  -9.735  29.709 0.0000000000
60208  -45.796  -9.430  28.516 0.0000000000
47847  -33.044  -19.651  51.836 0.0000000000
47872  -32.038  -20.132  50.785 0.0000000000
47873  -32.847  -20.049  50.539 0.0000000000
47888  -32.881  -20.012  49.053 0.0000000000
48974  -33.005  -19.750  48.366 0.0000000000
47936  -34.961  -19.793  45.599 0.0000000000
49005  -34.468  -19.600  46.417 0.0000000000
47935  -34.495  -19.488  44.780 0.0000000000
49035  -33.797  -19.221  44.274 0.0000000000
49043  -32.812  -19.211  43.305 0.0000000000
49052  -31.953  -19.241  42.164 0.0000000000
49053  -32.894  -19.504  42.387 0.0000000000
49071  -32.642  -19.676  41.533 0.0000000000
49102  -31.501  -19.831  39.545 0.0000000000
61406  -48.517  -7.463  25.357 0.0000000000
61417  -48.853  -7.540  24.479 0.0000000000
61431  -49.229  -7.800  23.573 0.0000000000
60261  -51.324  -8.905  22.825 0.0000000000
61467  -54.386  -7.886  21.935 0.0000000000
61468  -54.564  -7.305  22.518 0.0000000000
63804  -54.425  -7.180  21.977 0.0000000000
64832  -54.648  -5.684  22.868 0.0000000000
48977  -43.079  -18.924  47.702 0.0000000000
47913  -42.618  -19.447  47.464 0.0000000000
47922  -43.446  -19.281  46.533 0.0000000000
47939  -43.432  -19.829  45.550 0.0000000000
47952  -43.422  -19.986  44.477 0.0000000000
49079  -44.913  -18.379  41.561 0.0000000000
49078  -43.945  -18.587  41.850 0.0000000000
49092  -43.666  -18.276  41.211 0.0000000000
50155  -43.224  -17.969  40.484 0.0000000000
50168  -41.637  -17.804  40.004 0.0000000000
51248  -41.003  -17.624  39.423 0.0000000000
51249  -41.946  -17.607  39.103 0.0000000000
153792  -40.526  -17.183  36.928 0.0000000000
51273  -48.113  -17.490  37.444 0.0000000000
50215  -48.098  -18.116  38.014 0.0000000000
51291  -47.320  -17.791  36.771 0.0000000000
51290  -46.474  -17.982  36.364 0.0000000000
50245  -45.568  -18.084  36.104 0.0000000000
51358  -41.325  -17.105  32.069 0.0000000000
158072  -42.249  -17.449  33.402 0.0000000000
51343  -41.664  -17.342  32.858 0.0000000000
51326  -41.158  -17.507  33.060 0.0000000000
52332  -40.705  -17.323  34.359 0.0000000000
153083  -39.758  -17.211  33.105 0.0000000000
52354  -38.722  -17.138  32.408 0.0000000000
153206  -41.929  -16.619  50.169 0.0000000000
53340  -42.273  -15.563  50.145 0.0000000000
141650  -45.928  -13.669  47.264 0.0000000000
152970  -46.305  -13.396  46.857 0.0000000000
57828  -50.269  -11.305  43.313 0.0000000000
66637  -52.272  -3.257  38.432 0.0000000000
66643  -52.061  -3.178  37.481 0.0000000000
67598  -52.405  -2.435  38.024 0.0000000000
67606  -52.392  -2.733  37.212 0.0000000000
67607  -53.115  -2.618  36.990 0.0000000000
65709  -56.000  -3.706  35.482 0.0000000000
64735  -55.883  -5.292  34.821 0.0000000000
62512  -56.112  -6.499  33.938 0.0000000000
63692  -56.491  -5.823  33.963 0.0000000000
63706  -56.797  -6.075  33.555 0.0000000000
62530  -57.172  -6.288  32.995 0.0000000000
151748  -58.886  -2.719  30.564 0.0000000000
67655  -58.726  -3.178  30.860 0.0000000000
66695  -58.797  -3.871  30.810 0.0000000000
64772  -58.790  -5.165  30.845 0.0000000000
64773  -59.158  -5.060  30.230 0.0000000000
63747  -59.087  -5.719  29.931 0.0000000000
62598  -58.703  -6.501  28.789 0.0000000000
62605  -58.569  -6.544  28.111 0.0000000000
62606  -59.046  -6.006  27.946 0.0000000000
62611  -59.105  -5.801  27.411 0.0000000000
63778  -59.035  -5.639  26.787 0.0000000000
66766  -60.293  -2.850  25.028 0.0000000000
66765  -59.965  -3.463  25.067 0.0000000000
66781  -59.813  -2.949  24.537 0.0000000000
66780  -59.174  -3.081  24.116 0.0000000000
149009  -57.867  -3.362  23.528 0.0000000000
136907  -59.032  3.126  25.587 0.0000000000
73119  -59.158  2.618  25.565 0.0000000000
71973  -59.376  2.097  25.038 0.0000000000
72023  -59.053  2.594  21.994 0.0000000000
72004  -59.060  2.639  22.943 0.0000000000
72022  -58.091  1.963  22.002 0.0000000000
153335  -57.484  1.288  22.004 0.0000000000
156463  -56.770  0.151  21.994 0.0000000000
69902  -55.841  0.252  20.546 0.0000000000
156466  -54.691  -0.386  19.562 0.0000000000
69914  -55.210  0.053  19.283 0.0000000000
157177  -55.298  0.058  18.600 0.0000000000
137083  -55.775  0.168  18.060 0.0000000000
71008  -56.706  0.636  16.300 0.0000000000
71026  -55.514  0.714  14.050 0.0000000000
74395  -63.840  3.765  16.864 0.0000000000
73244  -62.694  2.793  16.985 0.0000000000
73296  -61.499  2.934  11.389 0.0000000000
74462  -61.075  3.521  11.880 0.0000000000
51154  -24.207  -17.293  51.590 0.0000000000
138419  -25.665  -18.842  49.132 0.0000000000
50048  -25.083  -18.514  48.765 0.0000000000
50062  -24.976  -18.657  47.920 0.0000000000
50061  -24.313  -18.352  47.511 0.0000000000
50082  -23.816  -18.517  45.888 0.0000000000
152659  -23.083  -18.414  45.942 0.0000000000
50101  -23.606  -18.762  43.320 0.0000000000
49000  -29.570  -19.629  46.690 0.0000000000
48984  -28.901  -19.721  47.124 0.0000000000
48999  -28.893  -19.556  46.296 0.0000000000
49030  -28.299  -19.256  44.610 0.0000000000
50095  -27.506  -19.183  44.537 0.0000000000
50163  -25.698  -18.337  39.489 0.0000000000
50143  -24.615  -18.547  40.477 0.0000000000
50142  -23.842  -18.769  40.655 0.0000000000
49116  -22.857  -19.717  38.801 0.0000000000
48030  -22.686  -20.761  37.854 0.0000000000
46984  -23.354  -21.481  36.869 0.0000000000
45927  -24.384  -22.307  36.689 0.0000000000
47948  -39.870  -20.607  44.262 0.0000000000
155020  -38.551  -20.710  44.721 0.0000000000
47962  -38.739  -19.994  43.746 0.0000000000
47961  -37.855  -19.718  43.625 0.0000000000
47992  -36.689  -19.322  42.428 0.0000000000
49122  -34.748  -20.075  38.172 0.0000000000
48025  -34.758  -20.130  39.099 0.0000000000
48037  -34.050  -20.471  38.104 0.0000000000
48036  -33.380  -20.505  37.652 0.0000000000
46986  -32.849  -20.548  38.150 0.0000000000
48023  -32.212  -20.473  38.142 0.0000000000
48042  -30.702  -20.596  36.011 0.0000000000
48041  -30.158  -20.480  35.678 0.0000000000
47036  -28.392  -21.800  31.201 0.0000000000
48069  -28.357  -20.798  32.714 0.0000000000
61319  -47.625  -8.820  31.359 0.0000000000
62555  -49.260  -7.029  31.887 0.0000000000
62556  -49.914  -6.507  32.386 0.0000000000
63732  -51.690  -6.186  32.506 0.0000000000
63721  -52.197  -5.878  33.198 0.0000000000
138686  -52.681  -11.625  38.892 0.0000000000
55639  -52.316  -12.076  38.542 0.0000000000
56804  -52.581  -11.887  37.564 0.0000000000
56818  -52.123  -12.071  37.157 0.0000000000
56830  -51.276  -11.941  36.002 0.0000000000
57963  -52.077  -11.032  35.249 0.0000000000
56843  -51.108  -11.653  35.441 0.0000000000
56842  -49.901  -11.801  34.970 0.0000000000
56869  -48.204  -11.646  33.597 0.0000000000
56868  -47.604  -11.620  33.133 0.0000000000
56884  -46.922  -11.603  32.632 0.0000000000
57981  -47.323  -11.220  32.530 0.0000000000
59073  -47.544  -10.651  32.267 0.0000000000
59050  -49.429  -10.327  33.484 0.0000000000
59058  -48.256  -10.272  32.633 0.0000000000
60166  -47.613  -9.835  31.845 0.0000000000
48930  -35.344  -18.640  51.209 0.0000000000
150712  -34.744  -19.139  50.231 0.0000000000
141566  -35.617  -19.550  50.101 0.0000000000
47891  -35.488  -19.869  49.407 0.0000000000
47907  -35.757  -20.208  48.661 0.0000000000
47908  -36.689  -20.584  48.788 0.0000000000
133924  -36.273  -20.544  48.024 0.0000000000
47917  -35.625  -20.230  47.565 0.0000000000
135881  -35.599  -20.077  45.866 0.0000000000
47937  -35.668  -19.962  45.067 0.0000000000
156081  -35.213  -19.685  43.359 0.0000000000
61396  -51.189  -7.878  26.274 0.0000000000
61420  -51.912  -8.547  24.732 0.0000000000
60277  -52.555  -9.363  22.445 0.0000000000
60291  -52.951  -9.257  21.627 0.0000000000
144969  -53.398  -9.166  22.530 0.0000000000
60278  -54.012  -8.614  22.715 0.0000000000
60279  -54.374  -8.139  22.863 0.0000000000
60249  -54.676  -8.353  24.354 0.0000000000
60266  -54.781  -8.033  23.906 0.0000000000
60280  -54.628  -7.811  23.332 0.0000000000
61451  -54.803  -7.157  23.194 0.0000000000
62629  -55.519  -6.851  23.419 0.0000000000
144511  -55.869  -6.430  23.695 0.0000000000
50075  -45.138  -17.597  45.573 0.0000000000
155114  -44.945  -18.562  45.306 0.0000000000
49023  -45.376  -18.089  44.872 0.0000000000
49037  -45.487  -18.181  44.136 0.0000000000
49061  -45.372  -18.286  42.635 0.0000000000
49047  -46.767  -17.568  42.519 0.0000000000
49062  -46.169  -18.069  42.087 0.0000000000
49080  -45.732  -18.304  41.731 0.0000000000
141924  -45.354  -18.706  40.528 0.0000000000
49106  -44.912  -18.708  39.886 0.0000000000
53450  -44.814  -16.453  34.173 0.0000000000
52333  -45.067  -16.826  34.488 0.0000000000
52345  -44.195  -16.796  33.722 0.0000000000
52358  -43.532  -16.991  33.379 0.0000000000
51360  -42.469  -16.939  32.593 0.0000000000
52389  -42.308  -16.420  31.557 0.0000000000
51359  -42.120  -16.767  31.927 0.0000000000
51371  -41.675  -16.870  31.747 0.0000000000
51369  -40.429  -17.220  30.763 0.0000000000
152421  -39.660  -17.446  30.498 0.0000000000
133484  -38.887  -17.483  30.220 0.0000000000
52403  -38.885  -17.369  29.246 0.0000000000
52421  -38.538  -16.978  28.372 0.0000000000
52437  -37.570  -16.344  27.630 0.0000000000
52438  -39.032  -16.520  27.619 0.0000000000
138546  -41.864  -10.922  25.123 0.0000000000
59106  -42.592  -10.646  25.529 0.0000000000
59112  -42.357  -10.321  24.699 0.0000000000
59119  -41.367  -10.303  23.507 0.0000000000
60243  -42.855  -9.735  24.264 0.0000000000
68722  -59.512  -2.457  29.508 0.0000000000
139359  -60.251  -3.285  28.514 0.0000000000
66719  -60.309  -3.795  28.238 0.0000000000
66720  -60.487  -3.187  27.846 0.0000000000
66726  -60.579  -3.148  27.191 0.0000000000
67690  -60.661  -2.540  26.786 0.0000000000
68770  -60.465  -1.466  27.164 0.0000000000
68771  -60.661  -1.973  26.956 0.0000000000
67708  -60.773  -2.290  25.834 0.0000000000
151814  -60.903  -1.932  25.448 0.0000000000
68798  -60.551  -1.640  24.481 0.0000000000
69868  -60.133  -1.100  24.104 0.0000000000
75459  -60.042  4.540  23.705 0.0000000000
74314  -60.288  4.196  23.330 0.0000000000
73163  -60.438  3.686  22.815 0.0000000000
73172  -60.244  3.382  22.675 0.0000000000
72006  -60.708  3.160  21.757 0.0000000000
72024  -60.215  2.819  21.428 0.0000000000
70979  -57.852  1.689  19.446 0.0000000000
147935  -57.275  1.269  18.840 0.0000000000
70992  -58.024  1.552  18.436 0.0000000000
71000  -58.026  1.439  17.680 0.0000000000
71010  -57.983  1.367  17.168 0.0000000000
72098  -58.277  1.574  16.806 0.0000000000
72111  -58.136  1.585  16.101 0.0000000000
133025  -58.273  1.906  15.221 0.0000000000
75551  -63.826  4.262  14.960 0.0000000000
74422  -63.385  3.946  14.557 0.0000000000
135705  -63.300  3.698  13.771 0.0000000000
74456  -62.450  3.630  12.546 0.0000000000
49984  -25.971  -18.081  53.076 0.0000000000
50025  -26.121  -18.890  50.735 0.0000000000
136347  -26.905  -19.267  51.031 0.0000000000
48942  -25.881  -18.921  49.855 0.0000000000
154362  -25.810  -19.066  48.300 0.0000000000
48996  -26.026  -19.113  46.577 0.0000000000
50107  -29.316  -18.971  43.163 0.0000000000
50106  -28.479  -18.939  43.163 0.0000000000
133841  -27.950  -18.366  41.024 0.0000000000
50165  -27.673  -18.170  39.436 0.0000000000
50164  -26.767  -18.202  39.557 0.0000000000
142689  -25.451  -18.464  38.439 0.0000000000
49147  -24.474  -19.692  36.417 0.0000000000
46991  -24.910  -21.278  35.521 0.0000000000
45947  -25.586  -22.029  35.356 0.0000000000
50134  -38.814  -18.235  41.224 0.0000000000
49091  -37.742  -18.420  41.303 0.0000000000
50149  -37.537  -18.182  40.489 0.0000000000
49105  -36.539  -18.638  40.227 0.0000000000
49124  -35.744  -19.218  38.893 0.0000000000
50207  -35.711  -18.935  37.398 0.0000000000
49123  -35.454  -19.364  38.062 0.0000000000
142330  -34.397  -19.761  36.682 0.0000000000
137667  -32.700  -20.072  35.345 0.0000000000
61415  -45.362  -8.672  25.117 0.0000000000
152385  -45.973  -8.328  25.221 0.0000000000
61405  -47.374  -7.695  25.767 0.0000000000
154778  -47.410  -7.773  26.682 0.0000000000
143566  -50.304  -7.562  26.685 0.0000000000
62580  -47.947  -7.753  29.962 0.0000000000
61353  -48.504  -7.593  29.240 0.0000000000
61354  -49.814  -7.335  29.585 0.0000000000
133109  -49.634  -7.472  29.103 0.0000000000
61369  -49.405  -7.490  28.414 0.0000000000
61385  -52.160  -8.074  27.574 0.0000000000
61386  -52.835  -8.315  27.873 0.0000000000
61356  -52.558  -8.114  29.074 0.0000000000
61372  -52.889  -8.285  28.505 0.0000000000
60221  -53.962  -8.646  27.741 0.0000000000
60212  -54.523  -8.714  28.168 0.0000000000
133725  -54.979  -8.697  28.524 0.0000000000
53398  -49.898  -15.073  42.306 0.0000000000
52273  -49.483  -15.936  42.181 0.0000000000
52277  -49.968  -15.801  41.482 0.0000000000
52282  -49.698  -16.292  40.609 0.0000000000
51260  -49.110  -16.771  39.366 0.0000000000
52286  -49.808  -15.623  39.549 0.0000000000
52289  -49.410  -16.092  39.168 0.0000000000
52288  -49.034  -16.463  38.706 0.0000000000
52299  -48.339  -16.548  37.178 0.0000000000
52318  -47.997  -16.182  36.601 0.0000000000
53428  -46.883  -16.084  35.683 0.0000000000
55648  -51.567  -12.784  38.100 0.0000000000
54515  -50.456  -13.574  37.439 0.0000000000
54514  -49.811  -14.018  37.149 0.0000000000
55660  -49.444  -13.122  36.009 0.0000000000
54519  -48.995  -13.915  36.353 0.0000000000
54512  -48.658  -14.703  36.610 0.0000000000
143060  -48.153  -14.928  36.343 0.0000000000
53439  -46.805  -15.209  35.521 0.0000000000
54522  -45.244  -15.732  34.360 0.0000000000
54530  -44.179  -15.763  33.389 0.0000000000
54547  -43.397  -15.276  32.268 0.0000000000
55678  -44.034  -14.230  32.580 0.0000000000
54546  -42.934  -15.162  31.578 0.0000000000
54567  -41.672  -14.742  29.101 0.0000000000
54566  -41.337  -14.593  28.395 0.0000000000
54576  -40.893  -14.519  27.699 0.0000000000
55709  -42.015  -12.738  28.045 0.0000000000
56894  -43.136  -12.381  29.558 0.0000000000
56898  -42.376  -12.650  28.569 0.0000000000
56903  -42.260  -12.113  27.426 0.0000000000
138510  -42.817  -11.604  27.394 0.0000000000
58020  -43.125  -11.138  27.036 0.0000000000
58007  -45.344  -11.167  30.607 0.0000000000
58013  -45.025  -10.850  29.856 0.0000000000
58014  -45.571  -10.672  30.250 0.0000000000
58017  -44.245  -11.020  28.663 0.0000000000
155773  -44.016  -10.792  27.864 0.0000000000
139931  -43.620  -10.822  27.291 0.0000000000
59103  -43.532  -10.594  26.682 0.0000000000
59108  -44.095  -9.996  26.314 0.0000000000
135885  -45.210  -9.565  27.304 0.0000000000
60226  -44.703  -9.557  26.278 0.0000000000
60235  -44.422  -9.490  25.648 0.0000000000
60236  -45.016  -9.134  25.763 0.0000000000
73215  -62.608  3.561  19.179 0.0000000000
75509  -62.940  4.352  19.163 0.0000000000
75524  -63.267  4.289  18.561 0.0000000000
75530  -63.664  4.313  17.996 0.0000000000
75535  -63.972  4.390  17.277 0.0000000000
138870  -64.024  4.555  16.380 0.0000000000
78783  -63.906  7.507  16.374 0.0000000000
148868  -64.175  6.298  15.765 0.0000000000
75543  -64.042  4.777  15.423 0.0000000000
75552  -64.313  4.685  14.374 0.0000000000
74424  -64.764  3.838  13.763 0.0000000000
75553  -64.891  4.687  13.569 0.0000000000
154952  -30.391  -19.793  52.420 0.0000000000
47854  -29.585  -19.972  51.295 0.0000000000
47855  -30.472  -20.077  51.084 0.0000000000
152155  -30.468  -20.042  50.272 0.0000000000
47901  -30.189  -19.904  49.092 0.0000000000
47902  -30.718  -19.915  48.762 0.0000000000
48971  -30.041  -19.807  48.275 0.0000000000
158990  -29.994  -19.680  46.988 0.0000000000
49033  -30.434  -19.300  45.021 0.0000000000
47890  -34.228  -19.555  49.296 0.0000000000
47905  -33.602  -19.698  48.826 0.0000000000
155670  -33.012  -19.516  47.616 0.0000000000
48989  -33.686  -19.388  46.886 0.0000000000
143951  -32.842  -19.358  46.972 0.0000000000
49003  -32.121  -19.377  46.586 0.0000000000
49018  -31.602  -19.284  45.795 0.0000000000
153829  -31.177  -19.263  45.205 0.0000000000
146941  -29.753  -18.803  42.392 0.0000000000
133170  -29.681  -18.630  40.772 0.0000000000
50133  -31.140  -18.959  41.878 0.0000000000
133157  -29.100  -18.846  38.559 0.0000000000
157380  -28.357  -18.845  37.521 0.0000000000
151664  -28.718  -19.307  36.926 0.0000000000
51314  -35.479  -17.395  34.256 0.0000000000
136463  -46.300  -7.926  22.871 0.0000000000
134014  -46.978  -7.747  22.251 0.0000000000
61462  -47.702  -7.804  21.729 0.0000000000
144356  -50.103  -8.109  23.704 0.0000000000
64837  -52.396  -5.337  21.340 0.0000000000
65818  -52.307  -4.442  21.327 0.0000000000
66804  -52.753  -3.578  21.404 0.0000000000
148373  -53.430  -2.901  21.500 0.0000000000
48958  -40.729  -19.808  49.635 0.0000000000
47895  -40.379  -20.340  49.120 0.0000000000
47910  -40.766  -20.447  48.497 0.0000000000
46900  -40.813  -20.842  47.134 0.0000000000
46918  -40.803  -21.015  45.782 0.0000000000
46909  -42.031  -20.342  46.181 0.0000000000
46919  -41.628  -20.701  45.778 0.0000000000
46928  -40.226  -21.010  44.982 0.0000000000
159405  -40.196  -19.765  43.039 0.0000000000
49056  -39.567  -19.286  42.697 0.0000000000
47941  -44.620  -19.173  44.718 0.0000000000
47953  -44.153  -19.579  44.472 0.0000000000
47966  -43.127  -19.913  43.841 0.0000000000
49060  -43.308  -19.158  42.597 0.0000000000
49059  -42.485  -19.367  42.573 0.0000000000
47981  -41.939  -19.818  43.140 0.0000000000
49058  -41.576  -19.404  42.559 0.0000000000
49075  -40.223  -18.842  42.019 0.0000000000
49074  -39.226  -18.673  42.022 0.0000000000
51253  -38.373  -17.643  38.655 0.0000000000
51255  -40.219  -17.492  38.909 0.0000000000
51254  -39.295  -17.537  38.812 0.0000000000
51268  -38.378  -17.452  37.695 0.0000000000
51285  -37.666  -17.297  36.272 0.0000000000
52311  -36.785  -17.257  35.182 0.0000000000
51241  -49.016  -17.146  41.052 0.0000000000
50139  -48.602  -17.653  40.783 0.0000000000
156107  -47.641  -18.917  39.744 0.0000000000
50192  -47.601  -18.673  38.310 0.0000000000
49128  -47.270  -19.066  39.065 0.0000000000
49127  -46.500  -19.185  39.049 0.0000000000
49126  -45.839  -19.095  38.990 0.0000000000
50189  -44.763  -18.542  38.236 0.0000000000
152414  -43.792  -18.124  37.279 0.0000000000
144243  -44.914  -17.263  34.649 0.0000000000
154200  -44.773  -17.611  34.924 0.0000000000
50244  -44.764  -18.078  35.813 0.0000000000
50259  -43.109  -17.682  34.207 0.0000000000
50230  -44.444  -18.163  36.176 0.0000000000
50229  -44.052  -18.166  36.544 0.0000000000
50228  -43.261  -18.045  36.716 0.0000000000
51272  -42.374  -17.730  37.102 0.0000000000
51288  -41.615  -17.488  36.528 0.0000000000
52298  -39.954  -17.074  36.074 0.0000000000
52331  -39.850  -17.073  34.467 0.0000000000
52314  -39.298  -16.992  35.360 0.0000000000
52313  -38.470  -17.009  35.139 0.0000000000
52329  -37.201  -17.041  34.541 0.0000000000
52328  -35.922  -17.003  33.658 0.0000000000
58031  -41.163  -11.194  24.761 0.0000000000
62483  -52.379  -6.892  36.863 0.0000000000
63679  -51.644  -6.207  36.487 0.0000000000
63667  -52.078  -5.978  37.133 0.0000000000
64717  -52.173  -4.757  37.856 0.0000000000
65696  -52.422  -4.251  38.510 0.0000000000
51112  -26.427  -17.749  54.425 0.0000000000
49969  -27.035  -18.263  54.180 0.0000000000
49986  -27.344  -18.684  53.562 0.0000000000
49954  -27.998  -18.141  54.979 0.0000000000
49987  -28.171  -18.938  53.787 0.0000000000
158898  -28.629  -19.242  53.294 0.0000000000
48900  -29.356  -19.390  53.224 0.0000000000
48886  -29.816  -19.103  53.909 0.0000000000
49972  -30.307  -18.554  54.523 0.0000000000
48901  -30.326  -19.467  53.163 0.0000000000
48914  -31.913  -19.622  52.688 0.0000000000
48903  -32.318  -19.196  53.290 0.0000000000
151622  -32.636  -18.769  53.735 0.0000000000
48915  -32.723  -19.436  52.558 0.0000000000
48916  -33.468  -19.201  52.307 0.0000000000
48917  -34.078  -19.005  52.016 0.0000000000
156022  -34.613  -18.526  51.831 0.0000000000
50001  -35.066  -17.956  51.879 0.0000000000
151461  -36.110  -18.828  51.356 0.0000000000
48919  -36.487  -18.572  51.666 0.0000000000
48920  -37.151  -18.782  51.686 0.0000000000
48932  -37.539  -19.320  51.237 0.0000000000
48933  -38.421  -19.192  51.174 0.0000000000
48934  -39.251  -19.084  50.976 0.0000000000
48935  -39.952  -18.980  50.731 0.0000000000
50016  -40.323  -18.347  50.834 0.0000000000
48948  -40.294  -19.421  50.196 0.0000000000
48949  -41.072  -19.114  50.085 0.0000000000
48950  -41.689  -18.916  49.674 0.0000000000
48960  -42.199  -19.063  49.055 0.0000000000
51181  -42.479  -17.656  49.428 0.0000000000
50037  -42.706  -18.333  48.959 0.0000000000
48961  -42.740  -18.788  48.411 0.0000000000
48978  -43.515  -18.390  47.514 0.0000000000
50063  -43.899  -18.146  47.086 0.0000000000
50064  -44.348  -17.799  46.591 0.0000000000
52234  -44.411  -16.364  47.767 0.0000000000
51196  -44.438  -16.888  47.251 0.0000000000
50065  -44.813  -17.326  46.122 0.0000000000
151542  -45.239  -17.154  45.631 0.0000000000
51213  -45.510  -16.865  45.466 0.0000000000
52250  -46.129  -16.562  44.629 0.0000000000
54431  -45.989  -15.135  45.923 0.0000000000
53377  -46.165  -15.554  45.083 0.0000000000
53378  -46.439  -15.988  44.405 0.0000000000
53386  -47.070  -15.640  43.725 0.0000000000
53387  -47.920  -15.641  43.251 0.0000000000
54447  -48.768  -14.809  43.157 0.0000000000
56675  -47.561  -13.038  44.188 0.0000000000
56692  -47.976  -13.370  43.726 0.0000000000
148205  -49.396  -13.983  43.134 0.0000000000
54454  -49.353  -14.711  42.908 0.0000000000
54455  -49.710  -14.522  42.697 0.0000000000
54456  -50.190  -14.135  42.334 0.0000000000
55596  -50.659  -13.427  41.951 0.0000000000
56709  -50.423  -12.138  42.773 0.0000000000
56725  -50.795  -12.563  42.052 0.0000000000
55597  -51.176  -12.843  41.469 0.0000000000
56744  -51.638  -12.202  40.942 0.0000000000
56745  -52.033  -11.529  40.426 0.0000000000
57884  -52.430  -11.094  39.995 0.0000000000
58940  -52.210  -10.197  40.860 0.0000000000
58956  -52.393  -10.464  40.554 0.0000000000
57899  -52.775  -11.029  39.344 0.0000000000
58985  -52.996  -10.490  39.175 0.0000000000
58998  -53.373  -10.368  38.666 0.0000000000
60053  -53.773  -9.107  38.225 0.0000000000
61236  -53.460  -8.211  37.613 0.0000000000
62496  -52.967  -7.664  36.923 0.0000000000
64732  -51.074  -4.983  35.580 0.0000000000
66642  -51.719  -3.742  36.914 0.0000000000
148401  -51.348  -4.247  35.731 0.0000000000
65716  -51.308  -4.556  35.079 0.0000000000
64742  -51.432  -4.952  34.408 0.0000000000
64755  -52.592  -5.617  33.925 0.0000000000
63722  -53.198  -6.433  33.556 0.0000000000
153244  -53.750  -2.188  37.300 0.0000000000
66648  -53.540  -3.246  36.490 0.0000000000
66644  -55.094  -2.813  36.771 0.0000000000
66649  -54.727  -3.427  36.472 0.0000000000
141697  -54.283  -4.121  36.015 0.0000000000
64733  -53.539  -4.962  35.226 0.0000000000
63703  -53.581  -6.097  34.306 0.0000000000
62542  -53.834  -7.228  33.196 0.0000000000
61303  -54.055  -7.613  31.977 0.0000000000
61323  -54.342  -7.671  31.460 0.0000000000
155711  -55.757  -7.301  32.918 0.0000000000
60145  -55.417  -7.603  32.036 0.0000000000
60169  -54.727  -7.789  30.976 0.0000000000
60185  -55.198  -7.921  30.463 0.0000000000
136793  -55.586  -8.122  29.773 0.0000000000
154409  -55.876  -8.347  29.076 0.0000000000
65724  -57.179  -4.122  33.781 0.0000000000
63708  -57.413  -5.749  32.800 0.0000000000
152706  -57.594  -6.734  31.789 0.0000000000
63733  -58.421  -5.670  31.224 0.0000000000
62560  -58.014  -6.447  31.366 0.0000000000
61325  -57.613  -7.310  30.900 0.0000000000
60187  -56.819  -7.870  30.253 0.0000000000
154345  -56.384  -8.113  29.104 0.0000000000
60214  -56.155  -8.297  28.344 0.0000000000
60224  -56.123  -8.174  27.470 0.0000000000
152995  -56.030  -7.948  26.706 0.0000000000
158465  -56.177  -7.633  26.171 0.0000000000
61400  -57.456  -7.019  27.109 0.0000000000
61413  -57.203  -6.877  26.390 0.0000000000
61424  -56.289  -7.033  25.304 0.0000000000
62618  -55.948  -6.771  24.661 0.0000000000
62623  -56.202  -6.039  24.280 0.0000000000
63791  -56.188  -5.953  23.957 0.0000000000
65780  -60.247  -4.227  27.364 0.0000000000
64818  -59.829  -4.568  26.537 0.0000000000
151634  -59.284  -4.784  25.813 0.0000000000
65793  -59.490  -4.012  24.982 0.0000000000
64823  -59.004  -4.553  25.141 0.0000000000
63788  -58.575  -5.176  25.434 0.0000000000
63793  -57.525  -5.336  24.495 0.0000000000
63792  -56.787  -5.648  24.256 0.0000000000
63790  -56.069  -6.040  23.675 0.0000000000
64826  -55.962  -5.341  23.505 0.0000000000
65810  -55.237  -5.257  23.159 0.0000000000
65809  -54.741  -4.591  22.898 0.0000000000
160209  -56.337  -3.808  23.246 0.0000000000
66793  -55.618  -3.828  23.052 0.0000000000
67781  -53.715  -2.209  21.185 0.0000000000
150601  -59.434  -1.407  23.779 0.0000000000
73149  -59.349  2.877  24.437 0.0000000000
71988  -58.975  2.047  23.735 0.0000000000
70910  -59.331  0.747  24.070 0.0000000000
69866  -58.804  -0.772  23.483 0.0000000000
68816  -57.996  -1.604  23.253 0.0000000000
68815  -57.241  -1.508  22.917 0.0000000000
68814  -56.444  -1.544  22.542 0.0000000000
68825  -55.979  -0.923  21.960 0.0000000000
68813  -55.780  -1.673  22.215 0.0000000000
67782  -54.513  -1.790  21.451 0.0000000000
67795  -53.292  -1.957  20.478 0.0000000000
67811  -52.937  -1.809  19.723 0.0000000000
139094  -53.334  -1.324  19.246 0.0000000000
68859  -53.372  -1.104  18.398 0.0000000000
68869  -53.078  -1.130  17.363 0.0000000000
68879  -52.918  -1.077  16.361 0.0000000000
69951  -56.217  0.293  16.677 0.0000000000
69950  -55.561  -0.029  16.726 0.0000000000
69949  -54.797  -0.381  16.829 0.0000000000
69964  -53.588  -0.644  14.989 0.0000000000
72080  -62.314  2.730  18.550 0.0000000000
72091  -61.866  2.521  18.052 0.0000000000
143997  -61.937  2.786  16.755 0.0000000000
73243  -61.231  2.636  17.009 0.0000000000
72113  -59.741  2.475  16.190 0.0000000000
72123  -58.238  2.245  14.372 0.0000000000
74420  -61.726  3.881  14.415 0.0000000000
74419  -60.832  3.681  14.230 0.0000000000
74454  -60.425  3.579  12.457 0.0000000000
74436  -59.879  3.413  13.236 0.0000000000
73277  -60.020  3.334  14.032 0.0000000000
136953  -57.510  1.973  13.998 0.0000000000
51155  -24.976  -17.745  51.890 0.0000000000
50034  -24.477  -18.029  49.277 0.0000000000
50080  -21.727  -18.767  45.377 0.0000000000
146697  -22.353  -18.660  45.042 0.0000000000
49029  -21.876  -18.909  44.592 0.0000000000
47884  -29.191  -19.918  50.011 0.0000000000
48969  -27.760  -19.721  48.457 0.0000000000
135023  -28.310  -19.635  46.758 0.0000000000
48983  -28.109  -19.718  47.477 0.0000000000
150364  -27.268  -19.604  47.603 0.0000000000
48997  -26.804  -19.376  46.628 0.0000000000
50084  -25.604  -18.930  45.673 0.0000000000
50105  -27.683  -18.897  43.098 0.0000000000
50104  -27.086  -19.058  43.754 0.0000000000
50115  -26.270  -18.784  42.669 0.0000000000
157585  -26.466  -18.936  43.328 0.0000000000
133767  -26.182  -18.999  44.067 0.0000000000
50103  -25.278  -18.850  43.887 0.0000000000
50102  -24.436  -18.759  43.662 0.0000000000
158106  -22.899  -19.036  42.372 0.0000000000
49068  -22.980  -19.074  41.827 0.0000000000
49067  -22.456  -19.459  41.442 0.0000000000
154343  -39.228  -21.183  47.761 0.0000000000
46897  -38.760  -21.271  46.946 0.0000000000
133969  -37.921  -21.173  46.918 0.0000000000
46916  -38.522  -21.062  45.458 0.0000000000
150504  -37.893  -20.964  45.557 0.0000000000
46906  -37.398  -20.917  46.057 0.0000000000
46934  -35.521  -19.710  43.325 0.0000000000
46941  -34.998  -19.780  42.642 0.0000000000
49072  -37.135  -18.870  41.858 0.0000000000
48002  -36.237  -19.340  41.440 0.0000000000
47991  -35.781  -19.718  41.771 0.0000000000
48008  -34.845  -20.109  39.926 0.0000000000
157220  -35.130  -20.040  40.559 0.0000000000
46950  -35.186  -19.972  41.721 0.0000000000
46949  -34.708  -20.057  41.782 0.0000000000
47975  -34.492  -19.910  42.144 0.0000000000
47988  -33.103  -20.083  40.999 0.0000000000
47997  -32.291  -20.008  39.878 0.0000000000
49121  -31.063  -19.898  38.903 0.0000000000
48022  -31.490  -20.308  38.246 0.0000000000
49120  -30.458  -19.929  38.147 0.0000000000
133195  -29.735  -19.660  37.786 0.0000000000
49140  -29.389  -19.660  37.292 0.0000000000
51312  -34.019  -18.053  33.887 0.0000000000
50249  -33.566  -18.690  34.279 0.0000000000
49169  -32.903  -19.468  34.684 0.0000000000
49160  -31.981  -20.179  34.901 0.0000000000
49175  -30.506  -19.844  33.149 0.0000000000
49167  -30.810  -20.183  34.048 0.0000000000
48063  -31.087  -20.420  34.764 0.0000000000
48051  -29.894  -20.417  35.011 0.0000000000
48050  -29.011  -20.134  34.628 0.0000000000
49166  -28.024  -19.779  34.608 0.0000000000
49157  -27.625  -19.305  35.316 0.0000000000
47008  -26.411  -21.261  33.804 0.0000000000
45973  -26.524  -22.014  33.636 0.0000000000
46890  -37.479  -20.912  48.523 0.0000000000
46891  -38.218  -21.088  48.308 0.0000000000
46892  -40.010  -20.805  48.384 0.0000000000
46893  -40.882  -20.623  47.777 0.0000000000
46901  -41.790  -20.256  46.800 0.0000000000
46908  -41.280  -20.725  46.521 0.0000000000
46915  -37.972  -20.778  45.047 0.0000000000
46917  -39.310  -21.070  45.257 0.0000000000
46920  -42.241  -20.407  45.583 0.0000000000
46927  -39.391  -20.816  44.658 0.0000000000
46930  -42.169  -20.522  45.035 0.0000000000
46937  -39.023  -20.453  44.223 0.0000000000
46943  -35.945  -19.710  43.231 0.0000000000
46944  -36.557  -19.643  43.475 0.0000000000
46957  -34.329  -20.466  40.582 0.0000000000
46958  -34.769  -20.279  40.556 0.0000000000
46981  -34.024  -20.521  39.306 0.0000000000
46990  -23.666  -20.898  36.672 0.0000000000
47843  -28.881  -19.745  51.526 0.0000000000
47844  -30.051  -19.960  51.865 0.0000000000
47857  -32.624  -20.014  51.308 0.0000000000
47858  -33.314  -19.696  51.133 0.0000000000
47860  -35.046  -18.904  50.684 0.0000000000
47875  -34.099  -19.440  50.058 0.0000000000
47878  -39.081  -20.196  50.021 0.0000000000
47885  -29.976  -19.953  49.762 0.0000000000
47892  -36.950  -20.405  49.649 0.0000000000
47896  -41.148  -20.115  48.993 0.0000000000
47918  -36.410  -20.627  47.209 0.0000000000
47919  -41.590  -20.220  47.466 0.0000000000
47920  -42.227  -19.878  47.159 0.0000000000
47921  -42.846  -19.539  46.822 0.0000000000
47926  -35.107  -19.955  46.663 0.0000000000
47928  -42.437  -19.943  46.469 0.0000000000
47929  -43.160  -19.675  46.197 0.0000000000
47930  -43.949  -19.382  45.899 0.0000000000
47931  -44.573  -19.081  45.340 0.0000000000
47947  -35.607  -19.755  44.131 0.0000000000
47949  -40.829  -20.603  44.355 0.0000000000
47954  -44.689  -19.075  44.139 0.0000000000
47967  -43.863  -19.593  43.862 0.0000000000
47974  -33.958  -20.043  41.832 0.0000000000
47977  -36.970  -19.544  43.264 0.0000000000
47979  -39.466  -19.852  43.348 0.0000000000
47982  -42.800  -19.674  43.196 0.0000000000
47989  -33.714  -20.304  41.205 0.0000000000
47990  -34.221  -20.208  41.591 0.0000000000
47999  -33.277  -20.271  40.527 0.0000000000
48000  -35.193  -20.102  41.070 0.0000000000
48007  -32.597  -20.325  39.348 0.0000000000
48009  -35.376  -19.738  40.276 0.0000000000
48888  -31.193  -18.755  54.222 0.0000000000
48918  -35.643  -18.373  51.530 0.0000000000
48925  -27.069  -19.175  51.747 0.0000000000
48926  -27.645  -19.393  51.377 0.0000000000
48931  -36.729  -19.154  51.358 0.0000000000
48946  -38.818  -19.653  50.581 0.0000000000
48973  -31.828  -19.843  48.064 0.0000000000
48986  -30.501  -19.717  47.314 0.0000000000
49001  -30.266  -19.570  46.532 0.0000000000
49004  -33.140  -19.189  46.227 0.0000000000
49008  -45.068  -18.138  45.480 0.0000000000
49013  -27.308  -19.347  45.980 0.0000000000
49021  -34.100  -19.353  45.874 0.0000000000
49024  -45.634  -17.558  44.707 0.0000000000
49036  -45.116  -18.684  44.137 0.0000000000
49042  -31.982  -19.153  43.038 0.0000000000
49044  -33.517  -19.257  43.565 0.0000000000
49045  -45.102  -18.606  43.441 0.0000000000
49046  -46.124  -17.845  42.647 0.0000000000
49057  -40.630  -19.355  42.573 0.0000000000
49063  -46.857  -17.882  42.050 0.0000000000
49081  -46.566  -18.443  41.443 0.0000000000
49082  -47.240  -18.506  41.215 0.0000000000
49086  -23.022  -19.141  40.941 0.0000000000
49093  -45.728  -18.591  41.016 0.0000000000
49101  -29.593  -18.865  39.190 0.0000000000
49107  -45.608  -19.003  39.727 0.0000000000
49108  -46.888  -19.109  39.898 0.0000000000
49109  -48.160  -18.467  39.976 0.0000000000
49143  -34.251  -20.174  37.389 0.0000000000
49158  -28.543  -19.663  35.408 0.0000000000
49177  -31.936  -19.207  33.448 0.0000000000
49970  -27.710  -18.449  54.295 0.0000000000
50012  -25.585  -18.268  51.321 0.0000000000
50026  -40.493  -18.848  50.454 0.0000000000
50049  -43.216  -18.224  48.153 0.0000000000
50050  -43.728  -17.844  47.681 0.0000000000
50093  -25.507  -18.881  44.716 0.0000000000
50097  -30.348  -19.171  44.138 0.0000000000
50098  -46.298  -17.410  43.354 0.0000000000
50099  -47.104  -17.246  42.720 0.0000000000
50110  -47.558  -17.400  42.228 0.0000000000
50111  -48.166  -17.319  41.881 0.0000000000
50114  -25.521  -18.717  42.539 0.0000000000
50118  -28.903  -18.746  42.424 0.0000000000
50136  -40.804  -18.437  41.432 0.0000000000
50154  -42.221  -17.970  40.691 0.0000000000
50157  -48.157  -18.206  40.605 0.0000000000
50158  -48.668  -17.788  40.166 0.0000000000
50159  -49.040  -17.234  40.107 0.0000000000
50166  -36.493  -18.505  39.174 0.0000000000
50170  -43.617  -17.983  39.415 0.0000000000
50172  -48.004  -18.682  39.212 0.0000000000
50174  -48.851  -17.497  39.705 0.0000000000
50175  -48.937  -17.229  39.526 0.0000000000
50186  -37.414  -17.949  38.944 0.0000000000
50193  -48.327  -18.199  38.738 0.0000000000
50227  -35.994  -18.157  36.241 0.0000000000
50233  -46.872  -18.293  36.980 0.0000000000
50241  -43.069  -18.047  35.309 0.0000000000
50243  -44.107  -18.074  35.476 0.0000000000
50253  -44.419  -17.884  35.116 0.0000000000
50254  -45.104  -17.806  35.429 0.0000000000
51094  -27.530  -17.550  55.379 0.0000000000
51127  -25.362  -17.498  53.555 0.0000000000
51195  -44.027  -17.117  47.921 0.0000000000
51204  -44.812  -16.790  46.601 0.0000000000
51205  -45.150  -16.782  45.975 0.0000000000
51214  -45.828  -16.913  44.924 0.0000000000
51232  -48.065  -17.011  42.322 0.0000000000
51234  -49.187  -16.533  41.838 0.0000000000
51237  -48.826  -16.975  41.589 0.0000000000
51238  -49.372  -16.651  41.356 0.0000000000
51244  -49.305  -16.883  40.331 0.0000000000
51246  -38.775  -17.710  39.374 0.0000000000
51247  -40.248  -17.728  39.718 0.0000000000
51258  -48.539  -17.592  38.359 0.0000000000
51269  -39.735  -17.257  37.585 0.0000000000
51274  -48.721  -16.776  38.021 0.0000000000
51301  -35.169  -18.170  35.227 0.0000000000
51304  -37.025  -17.337  35.827 0.0000000000
51318  -43.511  -17.549  34.082 0.0000000000
51320  -45.272  -17.458  35.079 0.0000000000
51328  -42.552  -17.618  33.933 0.0000000000
51341  -40.113  -17.428  32.015 0.0000000000
51346  -43.340  -17.289  33.631 0.0000000000
52218  -42.311  -16.352  49.942 0.0000000000
52249  -45.778  -16.576  45.281 0.0000000000
52258  -46.838  -16.292  43.704 0.0000000000
52276  -49.674  -16.168  41.666 0.0000000000
52279  -49.734  -16.280  41.192 0.0000000000
52285  -49.520  -16.371  39.897 0.0000000000
52292  -49.285  -15.764  38.512 0.0000000000
52297  -39.135  -17.050  36.192 0.0000000000
52300  -48.751  -15.904  37.562 0.0000000000
52315  -40.367  -17.150  35.172 0.0000000000
52317  -47.295  -16.519  36.098 0.0000000000
52342  -37.674  -16.889  33.812 0.0000000000
52344  -40.410  -17.317  33.565 0.0000000000
52346  -44.540  -17.083  34.175 0.0000000000
52357  -43.055  -16.700  32.729 0.0000000000
52386  -40.915  -16.892  30.205 0.0000000000
52388  -41.831  -16.589  31.111 0.0000000000
53369  -46.031  -16.260  45.050 0.0000000000
53388  -48.812  -15.492  42.889 0.0000000000
53405  -49.999  -15.558  41.877 0.0000000000
53408  -50.516  -14.737  41.005 0.0000000000
53409  -50.810  -14.113  41.022 0.0000000000
53414  -50.574  -14.590  39.983 0.0000000000
53417  -50.278  -14.818  39.403 0.0000000000
53419  -49.114  -15.493  37.913 0.0000000000
53420  -49.616  -15.031  38.211 0.0000000000
53430  -48.303  -15.453  36.656 0.0000000000
53437  -45.464  -16.295  34.650 0.0000000000
53471  -42.525  -15.883  31.281 0.0000000000
54477  -50.557  -14.444  41.465 0.0000000000
54503  -51.250  -13.523  39.252 0.0000000000
54506  -50.047  -14.314  37.831 0.0000000000
54513  -49.202  -14.408  36.897 0.0000000000
54517  -47.732  -14.610  35.906 0.0000000000
54520  -49.524  -13.734  36.611 0.0000000000
54539  -43.828  -15.420  32.907 0.0000000000
54560  -41.980  -15.053  29.831 0.0000000000
55575  -48.522  -13.862  43.426 0.0000000000
55586  -49.812  -13.728  42.866 0.0000000000
55607  -51.432  -12.976  40.903 0.0000000000
55616  -51.851  -12.309  39.890 0.0000000000
55628  -52.107  -12.210  39.061 0.0000000000
55647  -51.077  -13.157  37.803 0.0000000000
55659  -48.740  -13.454  35.740 0.0000000000
55672  -48.031  -12.489  34.354 0.0000000000
55686  -43.107  -14.154  31.270 0.0000000000
55716  -40.542  -13.498  26.608 0.0000000000
56763  -51.759  -12.261  40.404 0.0000000000
56764  -52.155  -11.689  39.937 0.0000000000
56790  -52.695  -11.830  38.159 0.0000000000
56803  -52.147  -12.258  37.958 0.0000000000
56817  -51.461  -12.270  36.728 0.0000000000
57841  -50.705  -11.205  42.645 0.0000000000
57868  -51.861  -11.458  40.900 0.0000000000
57900  -53.121  -10.976  38.749 0.0000000000
57922  -53.030  -11.527  37.686 0.0000000000
57937  -53.241  -11.111  37.199 0.0000000000
57949  -51.733  -11.536  35.647 0.0000000000
57950  -52.424  -11.325  36.010 0.0000000000
57972  -50.803  -11.083  34.523 0.0000000000
59031  -52.698  -10.609  35.711 0.0000000000
59052  -50.842  -10.537  34.202 0.0000000000
60080  -52.857  -8.883  35.930 0.0000000000
60114  -51.708  -9.701  34.594 0.0000000000
60146  -56.011  -7.619  31.881 0.0000000000
60171  -56.198  -7.765  31.289 0.0000000000
60184  -54.546  -7.922  30.351 0.0000000000
60200  -55.207  -8.459  29.108 0.0000000000
60202  -56.854  -7.890  29.551 0.0000000000
60211  -53.886  -8.520  28.601 0.0000000000
60213  -55.520  -8.605  28.413 0.0000000000
60223  -55.679  -8.556  27.668 0.0000000000
61248  -52.436  -8.207  35.873 0.0000000000
61275  -55.827  -7.086  33.369 0.0000000000
61276  -56.649  -6.898  33.059 0.0000000000
61287  -54.358  -7.539  32.718 0.0000000000
61289  -55.337  -7.339  33.196 0.0000000000
61290  -56.261  -7.160  32.911 0.0000000000
61292  -57.213  -6.977  32.262 0.0000000000
61302  -53.426  -7.548  31.720 0.0000000000
61304  -54.763  -7.602  32.217 0.0000000000
61305  -55.361  -7.467  32.634 0.0000000000
61306  -56.419  -7.385  32.296 0.0000000000
61308  -57.399  -7.140  31.579 0.0000000000
61309  -57.855  -6.872  31.151 0.0000000000
61324  -57.117  -7.506  31.280 0.0000000000
61326  -58.090  -6.982  30.536 0.0000000000
61341  -57.273  -7.637  30.611 0.0000000000
61343  -58.272  -7.000  29.923 0.0000000000
61357  -57.364  -7.672  29.976 0.0000000000
61359  -58.335  -6.914  29.255 0.0000000000
61374  -57.927  -7.219  28.908 0.0000000000
61387  -57.068  -7.483  27.497 0.0000000000
61389  -58.061  -7.013  28.210 0.0000000000
61411  -56.026  -7.527  25.601 0.0000000000
61412  -56.542  -7.226  25.970 0.0000000000
61423  -55.763  -7.451  24.968 0.0000000000
61427  -44.739  -8.620  23.547 0.0000000000
62494  -51.702  -6.912  36.110 0.0000000000
62511  -55.833  -6.798  33.901 0.0000000000
62513  -56.436  -6.322  33.743 0.0000000000
62529  -56.748  -6.563  33.298 0.0000000000
62544  -57.026  -6.788  32.836 0.0000000000
62545  -58.031  -6.079  31.620 0.0000000000
62583  -58.546  -6.551  30.163 0.0000000000
62591  -58.949  -6.095  29.778 0.0000000000
62599  -59.070  -6.101  28.845 0.0000000000
62604  -58.183  -6.657  27.534 0.0000000000
62614  -57.700  -6.361  26.062 0.0000000000
63690  -55.019  -5.960  34.966 0.0000000000
63693  -56.753  -5.522  33.815 0.0000000000
63705  -55.376  -6.670  34.414 0.0000000000
63720  -51.214  -5.668  33.212 0.0000000000
63723  -57.593  -6.151  32.294 0.0000000000
63738  -58.436  -6.086  30.979 0.0000000000
63748  -59.350  -5.356  29.500 0.0000000000
63756  -59.499  -5.336  28.915 0.0000000000
63763  -59.265  -5.801  28.337 0.0000000000
63772  -59.398  -5.564  27.781 0.0000000000
63782  -58.839  -5.426  26.125 0.0000000000
63783  -59.401  -5.081  26.446 0.0000000000
64724  -55.148  -4.696  35.671 0.0000000000
64726  -55.916  -4.449  35.149 0.0000000000
64741  -50.923  -5.150  34.718 0.0000000000
64743  -54.052  -5.696  34.962 0.0000000000
64744  -56.946  -5.129  33.765 0.0000000000
64745  -57.253  -5.238  33.302 0.0000000000
64756  -57.580  -5.203  32.653 0.0000000000
64764  -58.341  -5.195  31.497 0.0000000000
64782  -58.850  -5.612  30.501 0.0000000000
64800  -59.794  -4.845  28.429 0.0000000000
64808  -59.687  -5.135  27.628 0.0000000000
64816  -59.938  -4.686  27.193 0.0000000000
64819  -60.108  -3.993  26.143 0.0000000000
64824  -59.525  -4.270  25.421 0.0000000000
65710  -56.260  -4.104  34.923 0.0000000000
65719  -53.562  -4.442  35.598 0.0000000000
65725  -57.373  -4.688  33.202 0.0000000000
65731  -58.137  -4.633  31.783 0.0000000000
65738  -58.625  -4.629  31.145 0.0000000000
65749  -59.417  -4.484  29.886 0.0000000000
65765  -59.963  -4.356  28.636 0.0000000000
65772  -60.200  -4.302  28.003 0.0000000000
66696  -59.339  -3.892  30.117 0.0000000000
66707  -59.687  -3.887  29.490 0.0000000000
66734  -60.452  -3.679  26.917 0.0000000000
66735  -60.583  -3.089  26.529 0.0000000000
66750  -60.565  -2.882  25.912 0.0000000000
66867  -50.658  -3.208  16.601 0.0000000000
67608  -54.151  -2.754  36.947 0.0000000000
67670  -59.925  -3.427  29.087 0.0000000000
67675  -60.554  -2.567  27.402 0.0000000000
67728  -60.613  -2.535  25.417 0.0000000000
67743  -60.692  -2.121  24.923 0.0000000000
68710  -58.603  -2.071  30.868 0.0000000000
68783  -60.797  -1.977  26.287 0.0000000000
68791  -60.957  -1.395  25.793 0.0000000000
69867  -59.462  -0.445  23.849 0.0000000000
72045  -61.243  2.651  20.101 0.0000000000
72046  -61.784  2.887  19.852 0.0000000000
73173  -61.533  3.881  21.634 0.0000000000
73188  -61.829  3.663  20.948 0.0000000000
73199  -62.184  3.360  19.917 0.0000000000
73214  -62.391  3.323  19.357 0.0000000000
73228  -62.717  3.246  18.821 0.0000000000
73245  -63.397  3.159  16.903 0.0000000000
74315  -60.889  4.223  22.647 0.0000000000
74341  -62.308  4.206  20.681 0.0000000000
74367  -62.910  3.876  18.930 0.0000000000
74380  -63.276  3.789  18.400 0.0000000000
74387  -63.663  3.742  17.772 0.0000000000
74406  -62.775  3.639  15.336 0.0000000000
74455  -61.340  3.843  12.550 0.0000000000
76557  -59.245  4.872  24.616 0.0000000000
76558  -59.820  4.918  23.971 0.0000000000
76578  -61.525  5.227  22.194 0.0000000000
77688  -63.763  6.181  17.610 0.0000000000
133225  -60.056  2.874  15.423 0.0000000000
133954  -54.829  -8.164  29.779 0.0000000000
133973  -62.820  2.888  18.418 0.0000000000
134924  -51.354  -13.428  39.901 0.0000000000
135231  -39.099  -17.417  38.070 0.0000000000
135540  -43.940  -18.124  35.834 0.0000000000
135923  -35.033  -19.704  48.958 0.0000000000
136730  -27.866  -20.621  33.439 0.0000000000
136824  -24.888  -18.460  39.817 0.0000000000
137608  -46.746  -9.894  30.846 0.0000000000
138095  -55.552  -4.677  23.187 0.0000000000
138600  -46.102  -18.834  37.767 0.0000000000
138718  -52.235  -11.896  39.452 0.0000000000
139019  -41.912  -17.061  32.400 0.0000000000
139127  -57.384  -6.576  32.383 0.0000000000
139401  -42.647  -20.267  44.479 0.0000000000
139624  -34.183  -19.734  42.492 0.0000000000
140659  -27.655  -18.551  41.818 0.0000000000
141062  -53.577  -9.255  37.315 0.0000000000
141393  -53.207  -10.028  39.099 0.0000000000
141519  -45.550  -18.172  43.407 0.0000000000
141661  -59.246  -5.701  29.376 0.0000000000
141868  -56.266  -5.512  34.348 0.0000000000
141944  -26.843  -18.635  42.048 0.0000000000
142137  -43.643  -19.894  44.978 0.0000000000
142182  -32.947  -19.058  44.852 0.0000000000
142230  -40.314  -20.218  43.640 0.0000000000
142562  -45.024  -8.400  22.984 0.0000000000
142629  -63.282  4.873  18.731 0.0000000000
143244  -46.119  -19.071  38.443 0.0000000000
144090  -50.277  -15.194  41.502 0.0000000000
145265  -47.749  -18.351  41.021 0.0000000000
145525  -57.118  -4.753  33.680 0.0000000000
145755  -45.378  -17.722  45.184 0.0000000000
146236  -42.185  -17.030  49.897 0.0000000000
146791  -44.107  -18.828  42.552 0.0000000000
147522  -33.404  -20.496  39.288 0.0000000000
147528  -55.724  -8.366  27.048 0.0000000000
149091  -63.572  4.778  18.213 0.0000000000
149365  -51.680  -12.814  39.791 0.0000000000
149368  -58.750  -6.220  27.633 0.0000000000
149668  -39.021  -17.038  33.118 0.0000000000
149703  -56.777  -7.866  28.774 0.0000000000
150588  -59.852  -3.890  25.372 0.0000000000
150678  -53.069  -7.333  37.441 0.0000000000
150897  -37.623  -20.499  49.651 0.0000000000
151192  -45.586  -18.146  42.783 0.0000000000
151208  -64.066  5.067  16.831 0.0000000000
151901  -44.961  -18.554  37.585 0.0000000000
151967  -31.995  -20.085  51.472 0.0000000000
152425  -32.863  -20.090  40.407 0.0000000000
152497  -44.477  -17.239  46.750 0.0000000000
152575  -31.483  -20.082  34.287 0.0000000000
152875  -61.964  3.408  20.413 0.0000000000
153045  -55.846  -6.442  34.267 0.0000000000
153356  -55.745  -4.067  35.610 0.0000000000
153571  -56.547  -4.469  34.445 0.0000000000
153592  -59.201  -5.172  30.173 0.0000000000
153627  -54.932  -7.687  31.601 0.0000000000
153633  -31.078  -18.997  41.121 0.0000000000
153872  -58.313  -2.160  23.514 0.0000000000
154016  -59.071  -6.174  29.055 0.0000000000
154077  -28.647  -19.847  49.586 0.0000000000
154178  -62.470  3.970  20.112 0.0000000000
154270  -43.104  -19.209  47.082 0.0000000000
154905  -58.966  -6.175  28.397 0.0000000000
155028  -52.095  -5.050  34.250 0.0000000000
155107  -37.409  -20.571  45.184 0.0000000000
155358  -52.483  -10.653  40.261 0.0000000000
155423  -56.513  -5.356  34.133 0.0000000000
155693  -34.438  -20.316  39.412 0.0000000000
155797  -50.497  -12.022  35.592 0.0000000000
156139  -38.411  -21.200  47.632 0.0000000000
156158  -56.126  -6.036  34.278 0.0000000000
156669  -59.610  -4.672  26.192 0.0000000000
157172  -32.474  -19.752  48.039 0.0000000000
157415  -57.715  -6.399  31.895 0.0000000000
157499  -27.007  -19.538  47.114 0.0000000000
158014  -49.186  -17.049  40.446 0.0000000000
158115  -59.255  2.123  17.237 0.0000000000
158237  -38.182  -18.130  40.857 0.0000000000
158361  -60.171  -3.283  25.310 0.0000000000
158383  -49.833  -7.512  26.322 0.0000000000
158452  -50.640  -3.408  17.185 0.0000000000
158454  -49.587  -14.232  42.928 0.0000000000
158622  -28.858  -19.296  44.652 0.0000000000
158638  -44.829  -15.986  34.064 0.0000000000
158641  -60.691  -2.558  26.259 0.0000000000
158824  -48.818  -10.306  33.078 0.0000000000
158853  -51.252  -13.549  40.353 0.0000000000
158859  -48.969  -17.253  39.812 0.0000000000
159207  -38.708  -21.165  48.098 0.0000000000
159536  -32.971  -20.424  39.316 0.0000000000
159809  -46.837  -13.118  34.313 0.0000000000
159853  -48.632  -16.877  41.978 0.0000000000
160077  -43.756  -16.015  33.049 0.0000000000
