#!ascii label  , from subject ICBM2009cNolinAsym vox2ras=TkReg
1004
52148  -22.084  -16.254  56.152 0.0000000000
67566  -47.696  -2.318  43.712 0.0000000000
73005  -52.155  2.683  35.436 0.0000000000
71923  -58.522  0.490  27.441 0.0000000000
137690  -44.856  -6.612  45.192 0.0000000000
73067  -56.265  2.173  31.121 0.0000000000
77667  -57.799  6.127  19.984 0.0000000000
81137  -62.089  9.376  17.532 0.0000000000
138040  -52.521  -4.178  41.677 0.0000000000
69718  -52.883  -0.594  39.007 0.0000000000
71787  -48.678  1.825  39.587 0.0000000000
56528  -23.387  -12.680  57.721 0.0000000000
54343  -28.079  -13.821  56.657 0.0000000000
55461  -32.814  -14.130  55.076 0.0000000000
54380  -36.922  -14.251  52.430 0.0000000000
55503  -42.296  -13.788  50.378 0.0000000000
57766  -46.254  -11.631  47.939 0.0000000000
61134  -49.918  -8.043  45.030 0.0000000000
66658  -56.699  -3.257  34.673 0.0000000000
82294  -63.338  9.927  15.289 0.0000000000
67569  -50.072  -2.329  43.584 0.0000000000
69689  -50.731  -0.615  42.317 0.0000000000
152122  -47.703  -0.204  41.459 0.0000000000
57697  -23.154  -12.113  54.970 0.0000000000
56531  -26.134  -12.914  57.105 0.0000000000
58811  -41.938  -10.428  49.101 0.0000000000
56642  -44.080  -12.702  49.324 0.0000000000
59909  -44.168  -9.818  48.902 0.0000000000
65661  -46.691  -4.242  44.494 0.0000000000
63552  -47.327  -6.416  46.509 0.0000000000
65655  -48.853  -4.760  45.300 0.0000000000
146953  -51.378  -6.542  43.349 0.0000000000
72961  -53.015  2.140  38.215 0.0000000000
149952  -55.385  -1.197  36.991 0.0000000000
71844  -55.582  1.689  35.711 0.0000000000
153153  -57.870  0.506  29.550 0.0000000000
69786  -58.404  -0.881  30.981 0.0000000000
69816  -59.723  -1.636  28.400 0.0000000000
70874  -60.364  -0.263  26.211 0.0000000000
78722  -61.353  6.977  21.151 0.0000000000
133412  -59.146  6.690  23.470 0.0000000000
61132  -43.302  -8.109  45.766 0.0000000000
69844  -55.818  -0.737  26.702 0.0000000000
78757  -60.644  7.909  18.616 0.0000000000
153805  -62.697  7.411  19.016 0.0000000000
77711  -64.289  7.669  14.915 0.0000000000
64711  -53.104  -6.007  38.831 0.0000000000
67585  -52.486  -2.237  40.603 0.0000000000
71775  -51.589  1.391  40.175 0.0000000000
53260  -23.276  -14.793  57.955 0.0000000000
51080  -29.386  -16.876  55.997 0.0000000000
55450  -30.816  -14.139  55.820 0.0000000000
51114  -31.942  -17.817  54.817 0.0000000000
52185  -34.129  -16.406  53.886 0.0000000000
154561  -36.424  -17.220  52.192 0.0000000000
51145  -39.080  -17.013  51.876 0.0000000000
54394  -39.995  -14.396  51.579 0.0000000000
153464  -43.880  -15.733  48.840 0.0000000000
61112  -45.833  -8.155  47.833 0.0000000000
58854  -48.202  -10.315  46.504 0.0000000000
57826  -49.417  -11.896  43.874 0.0000000000
58923  -51.352  -10.009  41.870 0.0000000000
143420  -52.911  -8.243  40.484 0.0000000000
70785  -57.436  0.393  33.616 0.0000000000
76553  -57.012  5.204  25.100 0.0000000000
74282  -58.940  2.790  26.501 0.0000000000
52139  -21.443  -16.181  57.735 0.0000000000
68608  -48.712  -2.112  44.006 0.0000000000
69680  -48.836  -0.876  43.155 0.0000000000
68621  -47.604  -1.469  42.657 0.0000000000
58831  -41.728  -10.113  48.473 0.0000000000
58832  -42.487  -9.926  48.846 0.0000000000
137281  -42.578  -9.074  47.769 0.0000000000
66602  -47.029  -3.451  44.127 0.0000000000
65654  -48.093  -4.553  45.417 0.0000000000
66604  -48.321  -3.268  44.656 0.0000000000
143726  -49.827  -3.673  44.245 0.0000000000
72977  -54.129  2.107  37.143 0.0000000000
74165  -53.973  2.802  35.960 0.0000000000
70854  -58.529  -0.060  28.402 0.0000000000
70844  -58.628  -0.467  29.314 0.0000000000
70856  -59.330  -0.580  27.967 0.0000000000
146909  -60.286  -0.962  27.109 0.0000000000
70865  -59.596  0.127  26.959 0.0000000000
77642  -62.173  5.908  20.901 0.0000000000
77632  -61.523  5.806  22.063 0.0000000000
156933  -62.009  4.099  21.157 0.0000000000
78769  -59.925  7.258  17.178 0.0000000000
138367  -61.084  8.556  18.132 0.0000000000
79914  -61.893  8.247  19.250 0.0000000000
79925  -62.419  8.521  18.298 0.0000000000
79927  -63.408  7.547  17.709 0.0000000000
79933  -62.980  8.725  17.313 0.0000000000
155912  -63.911  8.950  15.211 0.0000000000
65683  -53.041  -5.101  40.834 0.0000000000
135757  -52.792  -3.618  40.293 0.0000000000
66626  -52.684  -3.688  41.144 0.0000000000
71760  -49.917  1.358  41.230 0.0000000000
70703  -51.107  0.423  41.390 0.0000000000
72934  -49.903  2.123  40.001 0.0000000000
72946  -51.100  2.332  39.211 0.0000000000
72943  -48.651  2.046  38.638 0.0000000000
53269  -23.741  -15.159  57.374 0.0000000000
54329  -24.169  -13.642  57.978 0.0000000000
56532  -26.998  -13.061  56.909 0.0000000000
56558  -31.991  -13.071  55.137 0.0000000000
54361  -31.573  -14.563  55.557 0.0000000000
53289  -31.267  -15.360  55.691 0.0000000000
52173  -32.356  -16.184  55.216 0.0000000000
51115  -32.983  -16.877  54.717 0.0000000000
53298  -33.322  -15.287  54.756 0.0000000000
147566  -36.672  -15.859  52.448 0.0000000000
51143  -37.406  -17.185  52.200 0.0000000000
145868  -38.073  -15.641  52.277 0.0000000000
56631  -41.069  -12.652  50.662 0.0000000000
56617  -39.699  -12.847  51.242 0.0000000000
54395  -40.741  -14.106  51.260 0.0000000000
147096  -40.470  -15.919  51.226 0.0000000000
53332  -41.620  -15.215  50.670 0.0000000000
52226  -42.848  -16.832  49.323 0.0000000000
53341  -42.871  -15.082  49.825 0.0000000000
56649  -45.368  -12.721  48.464 0.0000000000
54410  -45.013  -14.161  48.329 0.0000000000
141650  -45.928  -13.669  47.264 0.0000000000
56656  -46.942  -12.351  46.968 0.0000000000
62356  -44.689  -7.583  47.391 0.0000000000
63537  -45.162  -6.964  46.962 0.0000000000
62375  -48.870  -7.680  46.010 0.0000000000
61123  -48.103  -8.232  46.615 0.0000000000
59959  -48.984  -9.133  45.969 0.0000000000
58886  -49.056  -10.679  45.342 0.0000000000
59969  -49.897  -9.650  44.614 0.0000000000
59978  -50.469  -9.274  43.925 0.0000000000
65671  -51.928  -5.043  42.837 0.0000000000
62427  -51.961  -7.164  42.214 0.0000000000
63614  -52.742  -6.532  41.325 0.0000000000
63640  -53.191  -7.317  40.246 0.0000000000
57674  -22.482  -12.022  56.581 0.0000000000
141331  -21.998  -12.473  57.941 0.0000000000
55426  -22.550  -13.507  58.480 0.0000000000
67598  -52.405  -2.435  38.024 0.0000000000
67599  -53.043  -2.040  37.624 0.0000000000
67610  -56.076  -2.197  36.047 0.0000000000
73044  -55.373  2.388  32.391 0.0000000000
73033  -55.820  2.421  33.659 0.0000000000
73046  -57.357  1.684  32.765 0.0000000000
67663  -59.279  -2.802  30.051 0.0000000000
67648  -58.448  -2.634  31.199 0.0000000000
76565  -59.692  5.321  24.008 0.0000000000
77621  -58.204  6.118  24.387 0.0000000000
76556  -58.905  5.082  25.049 0.0000000000
75443  -57.980  4.343  26.397 0.0000000000
75445  -58.943  3.771  25.641 0.0000000000
73119  -59.158  2.618  25.565 0.0000000000
81153  -61.655  10.179  16.018 0.0000000000
82284  -62.598  10.152  16.262 0.0000000000
156801  -61.917  11.020  15.285 0.0000000000
83424  -62.772  11.484  13.737 0.0000000000
66613  -51.115  -3.505  43.197 0.0000000000
67575  -51.812  -2.553  42.195 0.0000000000
68617  -50.533  -1.227  42.813 0.0000000000
70692  -48.966  0.269  42.204 0.0000000000
70711  -48.339  1.054  40.819 0.0000000000
57675  -23.413  -11.993  56.558 0.0000000000
56529  -24.296  -12.764  57.542 0.0000000000
56543  -27.415  -12.750  56.297 0.0000000000
56632  -41.912  -12.341  50.350 0.0000000000
55504  -43.033  -13.355  50.041 0.0000000000
57757  -43.158  -11.789  49.771 0.0000000000
57758  -44.501  -11.350  49.123 0.0000000000
58834  -45.478  -10.383  48.400 0.0000000000
64653  -45.697  -5.635  44.635 0.0000000000
63551  -46.629  -6.286  46.595 0.0000000000
64638  -46.911  -5.017  45.802 0.0000000000
64624  -48.591  -6.106  45.954 0.0000000000
62389  -49.942  -6.988  45.052 0.0000000000
62404  -50.419  -7.476  44.428 0.0000000000
64654  -50.530  -5.777  44.243 0.0000000000
66607  -50.942  -4.277  43.545 0.0000000000
57696  -21.814  -12.328  55.061 0.0000000000
70721  -53.102  0.627  38.931 0.0000000000
68645  -53.929  -0.664  38.075 0.0000000000
70729  -54.237  0.552  37.791 0.0000000000
70737  -55.407  0.434  36.483 0.0000000000
69739  -56.414  -0.934  35.471 0.0000000000
71902  -56.881  1.749  30.483 0.0000000000
144793  -57.995  1.006  31.674 0.0000000000
153671  -58.346  0.094  30.214 0.0000000000
138657  -58.942  -1.403  29.789 0.0000000000
78720  -59.826  7.317  20.953 0.0000000000
77639  -58.377  6.775  21.547 0.0000000000
78711  -60.638  7.068  22.345 0.0000000000
77617  -60.729  5.445  23.050 0.0000000000
66618  -46.585  -3.354  42.358 0.0000000000
65675  -46.357  -4.031  42.843 0.0000000000
73030  -52.944  2.442  33.950 0.0000000000
71908  -54.973  1.130  29.696 0.0000000000
70841  -56.404  0.563  29.156 0.0000000000
69827  -56.730  -0.654  28.000 0.0000000000
70862  -57.799  -0.230  27.418 0.0000000000
77669  -59.384  6.873  19.427 0.0000000000
78735  -60.953  7.668  20.322 0.0000000000
78737  -61.877  7.169  20.228 0.0000000000
77657  -62.889  5.754  19.597 0.0000000000
79941  -63.475  8.818  16.312 0.0000000000
78797  -64.013  7.981  15.734 0.0000000000
64710  -52.706  -5.140  38.623 0.0000000000
66634  -52.541  -3.004  39.428 0.0000000000
145519  -52.563  -1.198  39.456 0.0000000000
158206  -52.019  -1.306  41.343 0.0000000000
69701  -52.160  -0.072  40.390 0.0000000000
70720  -52.494  0.538  39.605 0.0000000000
71804  -52.608  1.852  38.909 0.0000000000
72974  -51.250  2.815  37.862 0.0000000000
68634  -46.809  -1.402  40.350 0.0000000000
70709  -47.086  0.073  39.830 0.0000000000
71818  -47.650  1.425  37.783 0.0000000000
52140  -22.089  -16.042  57.170 0.0000000000
53281  -23.358  -15.671  56.794 0.0000000000
48886  -29.816  -19.103  53.909 0.0000000000
57689  -27.379  -12.279  55.075 0.0000000000
56544  -28.234  -12.883  56.071 0.0000000000
55448  -29.253  -13.618  56.129 0.0000000000
140553  -30.750  -17.570  55.252 0.0000000000
156788  -34.443  -18.216  52.383 0.0000000000
48918  -35.643  -18.373  51.530 0.0000000000
56604  -37.386  -12.929  52.174 0.0000000000
56605  -38.805  -12.553  51.397 0.0000000000
54387  -38.377  -14.195  52.225 0.0000000000
53324  -39.303  -15.555  51.898 0.0000000000
52210  -40.319  -16.753  51.228 0.0000000000
54409  -44.080  -14.149  49.231 0.0000000000
61109  -43.563  -8.268  47.536 0.0000000000
61101  -45.170  -8.755  48.234 0.0000000000
59941  -46.522  -9.683  47.750 0.0000000000
62359  -47.028  -7.785  47.208 0.0000000000
59942  -47.248  -9.487  47.296 0.0000000000
57780  -47.630  -10.894  46.915 0.0000000000
56663  -47.802  -12.014  45.716 0.0000000000
56693  -48.475  -12.762  43.838 0.0000000000
57855  -52.088  -10.799  40.880 0.0000000000
61161  -51.279  -8.593  42.581 0.0000000000
60001  -52.262  -9.532  40.905 0.0000000000
58970  -52.648  -10.142  40.241 0.0000000000
60040  -53.270  -9.428  39.330 0.0000000000
54315  -21.770  -14.825  58.846 0.0000000000
73007  -55.005  2.543  35.059 0.0000000000
71846  -56.599  0.824  34.750 0.0000000000
69752  -57.171  -0.984  34.031 0.0000000000
70787  -57.904  -0.301  32.354 0.0000000000
68701  -57.764  -1.735  32.415 0.0000000000
66665  -57.303  -3.527  33.592 0.0000000000
71938  -56.258  0.783  26.231 0.0000000000
71940  -57.324  1.842  26.902 0.0000000000
77629  -57.493  6.347  22.819 0.0000000000
160318  -56.465  5.600  23.496 0.0000000000
75449  -56.170  3.963  25.768 0.0000000000
73118  -57.840  2.706  27.187 0.0000000000
73100  -59.026  2.021  26.951 0.0000000000
71926  -59.331  1.274  26.425 0.0000000000
52147  -21.100  -16.644  55.889 0.0000000000
67567  -48.147  -1.990  43.854 0.0000000000
68615  -48.471  -1.542  43.468 0.0000000000
68614  -47.885  -1.705  43.343 0.0000000000
58851  -41.271  -10.256  47.598 0.0000000000
59939  -41.970  -9.631  47.655 0.0000000000
59956  -41.676  -9.833  46.779 0.0000000000
67565  -47.185  -2.782  43.526 0.0000000000
66603  -47.652  -3.308  44.521 0.0000000000
67559  -48.087  -2.617  44.216 0.0000000000
160289  -48.659  -2.769  44.333 0.0000000000
74150  -52.011  2.868  36.303 0.0000000000
74152  -53.282  2.906  36.280 0.0000000000
73006  -52.801  2.775  35.288 0.0000000000
70863  -58.909  -0.007  27.784 0.0000000000
70855  -58.865  -0.405  28.436 0.0000000000
70864  -59.226  0.117  27.433 0.0000000000
75484  -62.495  4.615  20.501 0.0000000000
75483  -62.123  4.489  21.148 0.0000000000
79940  -60.942  8.956  16.772 0.0000000000
79931  -61.460  9.054  17.519 0.0000000000
79932  -61.795  8.956  18.230 0.0000000000
81131  -62.268  8.942  17.955 0.0000000000
81132  -62.619  8.840  17.620 0.0000000000
81138  -62.430  9.252  17.261 0.0000000000
65682  -52.690  -5.083  41.566 0.0000000000
65687  -52.887  -4.375  40.950 0.0000000000
145031  -48.834  1.565  40.377 0.0000000000
71772  -49.558  1.741  40.599 0.0000000000
71788  -49.256  1.984  40.023 0.0000000000
72944  -49.389  2.182  39.330 0.0000000000
56516  -22.997  -12.986  58.192 0.0000000000
56517  -23.664  -13.081  58.041 0.0000000000
55446  -27.767  -13.259  56.555 0.0000000000
55439  -27.347  -13.825  56.989 0.0000000000
55467  -32.853  -13.391  54.869 0.0000000000
55460  -32.185  -13.905  55.285 0.0000000000
53296  -32.016  -15.351  55.436 0.0000000000
53297  -32.752  -15.366  55.120 0.0000000000
52174  -33.172  -15.972  54.819 0.0000000000
54363  -33.097  -14.701  54.962 0.0000000000
54379  -36.224  -14.721  52.613 0.0000000000
53315  -36.825  -15.158  52.502 0.0000000000
53321  -37.354  -15.732  52.381 0.0000000000
53322  -37.723  -14.868  52.363 0.0000000000
55502  -41.701  -13.224  50.643 0.0000000000
55495  -41.001  -13.413  51.062 0.0000000000
54396  -41.520  -14.199  50.860 0.0000000000
143542  -42.252  -14.681  50.326 0.0000000000
142778  -42.931  -14.253  50.022 0.0000000000
57765  -45.783  -12.076  48.265 0.0000000000
56650  -46.040  -12.774  47.911 0.0000000000
136098  -46.465  -12.198  47.562 0.0000000000
56655  -46.388  -12.891  47.203 0.0000000000
63563  -45.062  -6.580  46.085 0.0000000000
62388  -49.316  -7.405  45.523 0.0000000000
61133  -49.219  -8.251  45.659 0.0000000000
145236  -49.565  -8.962  45.199 0.0000000000
59968  -49.343  -9.840  45.316 0.0000000000
148129  -50.072  -8.861  44.622 0.0000000000
65677  -52.237  -4.685  42.282 0.0000000000
64669  -52.246  -5.619  42.317 0.0000000000
64689  -53.000  -5.788  41.116 0.0000000000
57667  -22.970  -12.234  57.245 0.0000000000
57666  -22.174  -12.222  57.343 0.0000000000
56527  -22.636  -12.547  57.830 0.0000000000
68644  -52.820  -1.233  38.687 0.0000000000
68653  -52.760  -1.750  38.247 0.0000000000
68654  -53.301  -1.301  38.144 0.0000000000
67617  -56.513  -2.679  35.116 0.0000000000
66652  -56.330  -3.289  35.202 0.0000000000
148036  -56.609  -3.885  34.611 0.0000000000
148280  -56.899  -3.819  34.293 0.0000000000
73056  -55.381  2.209  31.587 0.0000000000
144165  -56.123  2.333  32.038 0.0000000000
73057  -56.774  2.200  31.774 0.0000000000
77653  -57.680  6.370  20.968 0.0000000000
76557  -59.245  4.872  24.616 0.0000000000
77607  -58.995  5.478  24.763 0.0000000000
76548  -58.856  4.636  25.296 0.0000000000
67574  -51.213  -2.708  42.873 0.0000000000
67570  -50.616  -2.103  43.139 0.0000000000
69686  -48.523  -0.383  42.563 0.0000000000
69687  -49.288  -0.305  42.707 0.0000000000
70691  -48.223  0.097  41.936 0.0000000000
70700  -48.643  0.705  41.566 0.0000000000
70699  -47.947  0.418  41.184 0.0000000000
57685  -23.620  -11.960  55.719 0.0000000000
57679  -27.024  -12.346  55.846 0.0000000000
135990  -41.263  -10.771  49.036 0.0000000000
152667  -41.713  -11.065  49.591 0.0000000000
57750  -41.938  -11.613  50.047 0.0000000000
155771  -42.462  -11.868  50.071 0.0000000000
151111  -42.519  -11.266  49.766 0.0000000000
59908  -43.365  -9.990  49.053 0.0000000000
58813  -44.146  -10.597  49.175 0.0000000000
58814  -44.981  -10.896  48.872 0.0000000000
58833  -44.791  -10.078  48.775 0.0000000000
65651  -46.200  -4.936  44.787 0.0000000000
159702  -46.414  -5.135  45.468 0.0000000000
65652  -46.785  -4.595  45.169 0.0000000000
64640  -48.340  -5.291  45.740 0.0000000000
64641  -49.090  -5.605  45.455 0.0000000000
63565  -49.259  -6.503  45.486 0.0000000000
63566  -49.893  -5.933  44.966 0.0000000000
65656  -49.514  -5.112  45.055 0.0000000000
67561  -49.828  -2.895  44.018 0.0000000000
144216  -50.268  -4.313  44.142 0.0000000000
66606  -50.428  -3.585  43.770 0.0000000000
157409  -22.441  -12.155  55.219 0.0000000000
57684  -22.846  -11.969  55.812 0.0000000000
71805  -53.244  1.358  38.473 0.0000000000
70728  -53.642  0.618  38.314 0.0000000000
71806  -53.899  1.164  38.007 0.0000000000
72994  -55.163  1.703  36.257 0.0000000000
71821  -55.067  1.142  36.705 0.0000000000
70747  -55.657  1.077  36.037 0.0000000000
154316  -55.866  0.339  36.035 0.0000000000
70760  -56.164  0.527  35.472 0.0000000000
71911  -57.425  1.147  29.979 0.0000000000
71903  -57.575  1.421  30.731 0.0000000000
71912  -58.005  0.730  30.166 0.0000000000
143332  -59.014  -0.851  28.946 0.0000000000
70832  -58.863  -1.061  29.904 0.0000000000
69815  -59.179  -1.341  29.046 0.0000000000
68735  -59.430  -1.842  29.207 0.0000000000
68751  -60.182  -1.868  27.883 0.0000000000
78721  -60.414  7.343  21.590 0.0000000000
155202  -59.676  7.274  21.635 0.0000000000
78712  -61.067  6.722  22.057 0.0000000000
76566  -60.444  5.074  23.407 0.0000000000
70840  -55.495  0.616  29.082 0.0000000000
69836  -55.300  -0.879  27.303 0.0000000000
69837  -56.312  -0.788  27.373 0.0000000000
69838  -57.099  -0.557  27.419 0.0000000000
69845  -56.706  -0.560  26.843 0.0000000000
78756  -60.000  7.290  18.120 0.0000000000
77678  -59.483  6.707  18.521 0.0000000000
78747  -60.081  7.314  19.056 0.0000000000
149880  -60.126  7.360  20.078 0.0000000000
78748  -60.816  7.819  19.508 0.0000000000
79908  -62.285  7.643  19.394 0.0000000000
79907  -61.893  7.818  19.669 0.0000000000
78738  -62.396  7.003  19.747 0.0000000000
77656  -62.555  6.250  20.109 0.0000000000
77670  -62.851  6.726  19.267 0.0000000000
76613  -63.244  5.633  18.848 0.0000000000
77671  -63.153  6.316  18.911 0.0000000000
137106  -63.620  7.028  17.670 0.0000000000
82293  -63.147  10.110  15.822 0.0000000000
81146  -63.242  9.274  16.257 0.0000000000
82286  -63.195  9.699  15.937 0.0000000000
78808  -64.106  8.415  15.094 0.0000000000
154767  -53.098  -6.520  38.328 0.0000000000
63653  -52.564  -5.736  37.946 0.0000000000
156355  -52.636  -2.789  40.182 0.0000000000
143225  -52.676  -3.893  39.308 0.0000000000
67589  -52.517  -2.120  39.640 0.0000000000
147530  -52.416  -1.476  40.309 0.0000000000
68622  -51.252  -1.110  42.176 0.0000000000
68623  -51.857  -1.682  41.805 0.0000000000
69694  -51.194  -0.386  41.817 0.0000000000
70712  -51.394  1.022  40.750 0.0000000000
70704  -51.679  0.391  40.819 0.0000000000
70713  -51.943  0.821  40.274 0.0000000000
71790  -52.118  1.447  39.603 0.0000000000
72958  -50.718  2.592  38.508 0.0000000000
72959  -51.549  2.565  38.515 0.0000000000
53268  -22.808  -15.471  57.480 0.0000000000
52149  -22.678  -15.907  56.748 0.0000000000
53270  -24.648  -15.047  57.316 0.0000000000
56530  -25.277  -12.814  57.285 0.0000000000
55437  -25.644  -13.455  57.466 0.0000000000
51095  -28.313  -17.608  55.498 0.0000000000
49955  -28.819  -18.175  55.075 0.0000000000
48899  -28.963  -19.052  53.895 0.0000000000
49956  -29.677  -18.114  55.123 0.0000000000
57690  -28.334  -12.380  54.772 0.0000000000
56553  -27.856  -12.553  55.636 0.0000000000
55449  -30.056  -13.865  56.015 0.0000000000
54352  -29.431  -14.414  56.258 0.0000000000
54353  -30.242  -14.636  56.092 0.0000000000
52172  -31.554  -16.608  55.396 0.0000000000
52156  -30.904  -16.109  55.772 0.0000000000
51098  -31.406  -17.377  55.196 0.0000000000
49958  -31.120  -18.114  54.856 0.0000000000
48888  -31.193  -18.755  54.222 0.0000000000
48902  -31.357  -19.284  53.442 0.0000000000
51116  -33.681  -17.096  54.108 0.0000000000
49988  -33.154  -18.361  53.769 0.0000000000
49976  -33.695  -17.831  53.666 0.0000000000
48905  -33.952  -18.692  52.606 0.0000000000
49989  -34.134  -18.050  53.013 0.0000000000
52196  -36.193  -16.379  52.407 0.0000000000
52195  -35.408  -16.274  52.658 0.0000000000
51131  -35.684  -16.844  52.350 0.0000000000
51142  -35.455  -17.387  52.131 0.0000000000
50002  -36.061  -17.971  51.892 0.0000000000
51144  -38.253  -17.051  52.103 0.0000000000
50004  -37.864  -17.756  52.067 0.0000000000
51156  -38.570  -17.761  51.822 0.0000000000
50015  -38.867  -18.445  51.403 0.0000000000
151494  -39.346  -17.709  51.507 0.0000000000
156958  -39.114  -13.088  51.691 0.0000000000
55488  -38.847  -13.570  52.033 0.0000000000
54388  -39.184  -14.281  52.031 0.0000000000
53323  -38.707  -15.082  52.162 0.0000000000
147560  -39.439  -14.937  51.873 0.0000000000
52211  -41.007  -16.456  50.855 0.0000000000
51158  -40.834  -17.231  50.827 0.0000000000
50017  -40.699  -17.862  50.775 0.0000000000
52227  -43.445  -16.225  49.038 0.0000000000
51183  -43.525  -16.984  48.637 0.0000000000
55516  -43.754  -13.362  49.526 0.0000000000
155054  -43.461  -13.952  49.676 0.0000000000
55517  -44.419  -13.388  49.139 0.0000000000
61108  -42.942  -8.574  47.223 0.0000000000
61122  -43.525  -7.997  46.697 0.0000000000
61111  -44.952  -8.015  47.994 0.0000000000
59927  -45.903  -9.867  48.128 0.0000000000
146606  -45.912  -9.079  48.057 0.0000000000
63540  -46.856  -6.930  47.001 0.0000000000
63541  -47.529  -7.184  46.734 0.0000000000
59958  -48.289  -8.883  46.513 0.0000000000
61114  -47.616  -8.614  47.063 0.0000000000
59943  -47.975  -9.490  46.891 0.0000000000
58853  -47.648  -10.113  47.040 0.0000000000
57797  -48.110  -11.241  46.222 0.0000000000
57814  -49.185  -11.275  44.589 0.0000000000
56677  -48.794  -11.934  44.328 0.0000000000
56694  -49.192  -12.400  43.714 0.0000000000
58922  -50.858  -10.414  42.538 0.0000000000
58939  -51.727  -10.503  41.345 0.0000000000
63577  -50.983  -7.045  43.975 0.0000000000
62405  -50.923  -7.856  43.876 0.0000000000
62416  -51.303  -7.443  43.319 0.0000000000
136242  -52.423  -8.081  41.077 0.0000000000
61175  -51.941  -7.942  41.694 0.0000000000
61189  -52.503  -8.905  40.778 0.0000000000
137809  -52.456  -10.003  40.639 0.0000000000
151378  -52.775  -9.048  40.345 0.0000000000
58971  -52.924  -10.056  39.584 0.0000000000
61200  -53.118  -8.849  39.866 0.0000000000
147759  -53.270  -6.447  39.750 0.0000000000
62460  -53.561  -7.774  39.120 0.0000000000
63654  -53.376  -6.902  38.990 0.0000000000
54327  -22.888  -14.255  58.321 0.0000000000
54316  -22.168  -14.205  58.757 0.0000000000
53259  -22.392  -15.019  58.312 0.0000000000
151227  -22.093  -15.719  57.895 0.0000000000
68655  -54.688  -0.943  37.459 0.0000000000
67600  -54.044  -1.526  37.587 0.0000000000
68656  -54.993  -1.688  37.204 0.0000000000
73031  -53.624  2.454  33.527 0.0000000000
133896  -53.872  2.685  34.214 0.0000000000
73035  -57.074  1.534  33.505 0.0000000000
73022  -56.180  2.115  34.226 0.0000000000
71858  -57.067  1.025  34.021 0.0000000000
69751  -56.990  -0.493  34.347 0.0000000000
70773  -57.333  -0.287  33.830 0.0000000000
70819  -58.034  0.253  31.852 0.0000000000
69772  -58.131  -0.562  31.588 0.0000000000
147187  -57.769  -3.134  32.222 0.0000000000
67636  -57.606  -2.506  32.788 0.0000000000
66674  -57.835  -3.912  32.173 0.0000000000
71939  -56.942  0.982  26.561 0.0000000000
73116  -56.355  2.031  26.375 0.0000000000
77630  -58.477  6.764  22.626 0.0000000000
77638  -57.607  6.452  21.898 0.0000000000
133525  -58.259  6.447  23.579 0.0000000000
76563  -57.552  5.701  24.665 0.0000000000
76562  -56.683  5.447  24.246 0.0000000000
75465  -55.816  5.062  23.755 0.0000000000
75458  -56.184  4.857  24.687 0.0000000000
75457  -55.843  4.196  25.102 0.0000000000
148082  -56.577  4.539  25.492 0.0000000000
74294  -58.497  3.806  26.594 0.0000000000
74293  -57.788  3.630  26.918 0.0000000000
74280  -58.363  3.233  27.098 0.0000000000
73099  -58.567  2.433  27.226 0.0000000000
73101  -59.144  1.999  26.578 0.0000000000
67568  -49.466  -2.161  43.845 0.0000000000
144837  -49.921  -1.691  43.385 0.0000000000
68616  -49.164  -1.542  43.516 0.0000000000
69679  -48.134  -1.006  43.005 0.0000000000
142140  -47.782  -0.693  42.159 0.0000000000
58812  -42.540  -10.570  49.325 0.0000000000
59922  -42.360  -9.572  48.266 0.0000000000
59923  -43.047  -9.231  48.458 0.0000000000
65653  -47.403  -4.503  45.368 0.0000000000
66596  -47.192  -3.904  44.880 0.0000000000
66597  -47.848  -3.846  45.064 0.0000000000
66598  -48.609  -3.941  45.045 0.0000000000
65662  -49.480  -4.287  44.736 0.0000000000
66605  -49.126  -3.325  44.503 0.0000000000
67560  -49.157  -2.620  44.189 0.0000000000
74140  -52.532  2.818  37.257 0.0000000000
72976  -53.278  2.430  37.429 0.0000000000
74141  -53.113  2.815  36.866 0.0000000000
72993  -54.522  2.271  36.342 0.0000000000
160238  -54.573  2.565  35.638 0.0000000000
70853  -57.974  -0.033  28.773 0.0000000000
70843  -58.214  0.041  29.295 0.0000000000
160087  -58.954  -0.642  28.690 0.0000000000
69829  -59.531  -1.120  28.194 0.0000000000
69830  -60.072  -1.294  27.666 0.0000000000
70857  -59.904  -0.725  27.417 0.0000000000
70866  -60.141  -0.420  26.753 0.0000000000
78723  -61.789  6.511  20.985 0.0000000000
78713  -61.463  6.366  21.722 0.0000000000
77633  -61.847  5.467  21.583 0.0000000000
76579  -61.844  4.869  21.652 0.0000000000
78770  -60.485  7.937  17.703 0.0000000000
79923  -61.472  8.329  18.929 0.0000000000
79915  -62.191  8.183  18.995 0.0000000000
79916  -62.579  7.995  18.640 0.0000000000
78758  -63.083  7.622  18.256 0.0000000000
79926  -62.829  8.362  17.923 0.0000000000
79934  -63.231  8.193  17.455 0.0000000000
151477  -63.385  8.466  16.864 0.0000000000
138435  -63.499  10.221  14.431 0.0000000000
81159  -63.771  9.516  14.753 0.0000000000
149156  -64.162  8.877  14.481 0.0000000000
77712  -64.583  7.352  13.982 0.0000000000
64698  -53.147  -5.660  40.322 0.0000000000
64705  -53.083  -5.428  39.453 0.0000000000
65688  -53.023  -4.659  40.058 0.0000000000
148869  -52.607  -2.998  40.922 0.0000000000
70702  -50.266  0.752  41.694 0.0000000000
71761  -50.731  1.206  41.074 0.0000000000
71774  -51.055  1.622  40.416 0.0000000000
71789  -51.431  1.898  39.783 0.0000000000
72935  -50.689  2.098  39.919 0.0000000000
72957  -49.706  2.374  38.389 0.0000000000
157448  -23.572  -14.183  58.086 0.0000000000
54328  -24.081  -14.490  57.732 0.0000000000
138789  -29.002  -15.663  56.347 0.0000000000
54354  -30.901  -14.814  55.870 0.0000000000
136281  -32.550  -17.541  54.642 0.0000000000
52184  -33.558  -16.401  54.378 0.0000000000
52203  -36.985  -16.477  52.346 0.0000000000
52204  -37.806  -16.379  52.256 0.0000000000
52205  -38.716  -16.146  52.097 0.0000000000
57748  -39.917  -11.819  50.111 0.0000000000
56630  -40.253  -12.364  50.634 0.0000000000
55494  -40.247  -13.537  51.324 0.0000000000
52217  -41.666  -16.124  50.408 0.0000000000
52219  -42.844  -15.911  49.571 0.0000000000
53348  -43.421  -15.437  49.288 0.0000000000
56643  -44.786  -12.693  49.021 0.0000000000
55518  -45.010  -13.415  48.721 0.0000000000
55529  -45.467  -13.523  48.062 0.0000000000
56661  -46.603  -13.067  46.523 0.0000000000
56662  -47.172  -12.550  46.127 0.0000000000
62386  -43.853  -7.606  45.981 0.0000000000
62355  -44.036  -7.780  47.273 0.0000000000
62373  -44.365  -7.325  46.613 0.0000000000
62357  -45.442  -7.505  47.467 0.0000000000
63553  -48.048  -6.659  46.318 0.0000000000
62374  -48.223  -7.549  46.380 0.0000000000
61124  -48.621  -8.287  46.195 0.0000000000
58873  -48.854  -10.068  45.988 0.0000000000
158360  -48.605  -10.774  45.928 0.0000000000
58887  -49.588  -10.523  44.639 0.0000000000
57827  -49.757  -11.242  43.948 0.0000000000
151687  -50.193  -10.381  43.846 0.0000000000
59979  -50.663  -9.938  43.190 0.0000000000
59989  -50.960  -9.744  42.547 0.0000000000
64668  -51.718  -5.724  43.059 0.0000000000
142728  -51.678  -7.089  42.854 0.0000000000
63589  -51.957  -6.443  42.680 0.0000000000
63602  -52.329  -6.479  41.959 0.0000000000
62438  -52.862  -7.321  40.951 0.0000000000
63627  -53.118  -6.518  40.655 0.0000000000
57673  -21.503  -12.204  56.631 0.0000000000
56526  -21.429  -12.398  57.606 0.0000000000
68657  -55.822  -1.410  36.397 0.0000000000
67609  -55.649  -2.616  36.418 0.0000000000
66651  -56.099  -3.006  35.852 0.0000000000
73043  -54.614  2.393  32.671 0.0000000000
150771  -55.175  2.602  33.834 0.0000000000
152756  -56.045  2.424  32.875 0.0000000000
73034  -56.647  2.103  33.408 0.0000000000
71867  -57.467  1.053  33.260 0.0000000000
69787  -58.709  -1.530  30.468 0.0000000000
69773  -58.337  -1.322  31.252 0.0000000000
135852  -59.679  6.382  23.729 0.0000000000
77622  -58.996  6.283  24.145 0.0000000000
77613  -58.837  5.840  24.746 0.0000000000
76564  -58.289  5.750  24.974 0.0000000000
76554  -57.899  5.380  25.380 0.0000000000
75450  -57.447  4.832  25.873 0.0000000000
75451  -58.121  5.010  25.824 0.0000000000
75444  -58.682  4.188  25.944 0.0000000000
74296  -58.896  3.286  25.942 0.0000000000
73102  -59.110  2.433  26.103 0.0000000000
81145  -61.724  9.655  16.807 0.0000000000
82278  -62.336  9.739  16.857 0.0000000000
82283  -62.210  10.216  16.447 0.0000000000
82292  -62.627  10.589  15.714 0.0000000000
83408  -62.794  10.779  15.133 0.0000000000
83414  -62.602  11.180  14.547 0.0000000000
83409  -63.143  10.537  14.846 0.0000000000
83416  -63.349  10.807  13.996 0.0000000000
147092  -52.139  -3.948  42.270 0.0000000000
66620  -52.293  -3.301  41.766 0.0000000000
66619  -51.728  -3.375  42.549 0.0000000000
144083  -51.251  -1.890  42.534 0.0000000000
69681  -49.641  -0.949  43.123 0.0000000000
69688  -50.084  -0.431  42.594 0.0000000000
70701  -49.437  0.854  41.768 0.0000000000
71759  -49.088  1.300  41.139 0.0000000000
71786  -48.134  1.292  39.966 0.0000000000
57668  -23.669  -12.326  57.231 0.0000000000
56540  -24.887  -12.388  57.021 0.0000000000
56542  -26.582  -12.599  56.498 0.0000000000
55485  -36.692  -13.391  52.405 0.0000000000
57749  -41.074  -11.824  50.153 0.0000000000
155071  -42.353  -13.030  50.349 0.0000000000
56633  -42.745  -12.483  50.114 0.0000000000
56641  -43.434  -12.626  49.740 0.0000000000
153511  -43.769  -12.106  49.476 0.0000000000
142997  -43.258  -10.917  49.443 0.0000000000
132851  -43.854  -11.439  49.375 0.0000000000
148808  -44.350  -12.019  49.185 0.0000000000
57759  -45.098  -11.857  48.813 0.0000000000
139109  -45.638  -11.251  48.358 0.0000000000
64636  -45.379  -6.091  45.286 0.0000000000
63564  -45.654  -5.987  45.932 0.0000000000
64621  -46.324  -5.658  46.070 0.0000000000
64622  -47.098  -5.669  46.219 0.0000000000
64639  -47.594  -5.084  45.864 0.0000000000
64623  -47.841  -5.824  46.170 0.0000000000
63554  -48.751  -6.966  46.003 0.0000000000
61147  -50.423  -8.344  44.252 0.0000000000
63576  -50.433  -6.593  44.432 0.0000000000
152883  -50.936  -6.343  43.974 0.0000000000
65663  -50.095  -5.066  44.534 0.0000000000
65664  -50.773  -5.011  43.960 0.0000000000
64655  -51.113  -5.728  43.645 0.0000000000
65670  -51.357  -5.002  43.316 0.0000000000
65676  -51.675  -4.253  42.887 0.0000000000
57683  -22.053  -12.053  55.831 0.0000000000
69719  -53.373  -0.083  38.587 0.0000000000
160106  -53.240  -0.758  38.485 0.0000000000
69720  -53.993  0.046  38.145 0.0000000000
69729  -54.488  -0.179  37.634 0.0000000000
69730  -55.101  -0.470  37.127 0.0000000000
71820  -54.381  1.278  37.350 0.0000000000
70736  -54.903  0.385  37.164 0.0000000000
69731  -55.586  -0.739  36.625 0.0000000000
69738  -56.032  -0.864  36.085 0.0000000000
68668  -56.252  -1.533  35.805 0.0000000000
68680  -56.634  -2.022  34.948 0.0000000000
73068  -57.180  2.033  31.221 0.0000000000
153486  -58.039  0.939  30.921 0.0000000000
70820  -58.245  -0.294  31.061 0.0000000000
70831  -58.415  -0.324  30.414 0.0000000000
70821  -58.550  -0.849  30.421 0.0000000000
136168  -59.189  -2.143  30.033 0.0000000000
77654  -58.447  6.657  20.616 0.0000000000
77640  -59.087  7.075  21.183 0.0000000000
78709  -59.149  7.111  22.048 0.0000000000
78701  -60.156  6.872  23.108 0.0000000000
78703  -61.161  6.176  22.437 0.0000000000
78702  -60.698  6.542  22.775 0.0000000000
77623  -60.203  6.232  23.355 0.0000000000
77616  -60.253  5.599  23.500 0.0000000000
159807  -60.082  5.243  23.716 0.0000000000
67573  -46.898  -2.680  42.761 0.0000000000
68620  -47.063  -1.990  42.304 0.0000000000
67579  -46.742  -2.641  41.891 0.0000000000
63575  -45.141  -6.305  44.397 0.0000000000
65668  -45.881  -5.142  44.002 0.0000000000
155529  -46.285  -4.594  44.090 0.0000000000
65669  -46.514  -4.031  43.719 0.0000000000
66611  -46.745  -3.372  43.244 0.0000000000
73017  -51.570  2.303  34.777 0.0000000000
73018  -52.457  2.532  34.703 0.0000000000
140073  -52.390  2.053  33.386 0.0000000000
71866  -53.053  2.151  33.115 0.0000000000
154663  -54.456  1.899  31.298 0.0000000000
71891  -55.345  1.907  30.792 0.0000000000
151643  -55.353  1.509  30.185 0.0000000000
71909  -55.807  1.204  29.663 0.0000000000
71910  -56.638  1.240  29.784 0.0000000000
70842  -57.266  0.545  29.314 0.0000000000
70851  -56.146  -0.158  28.560 0.0000000000
70852  -57.067  -0.135  28.604 0.0000000000
69828  -57.534  -0.425  28.003 0.0000000000
133071  -58.366  -0.233  27.987 0.0000000000
77668  -58.812  6.316  18.889 0.0000000000
138338  -58.642  6.499  19.742 0.0000000000
77655  -59.221  7.011  20.325 0.0000000000
134312  -60.503  7.457  20.837 0.0000000000
143064  -61.012  7.421  21.050 0.0000000000
79906  -61.491  8.001  19.757 0.0000000000
78736  -61.444  7.488  20.350 0.0000000000
78724  -62.175  6.603  20.418 0.0000000000
76588  -62.570  5.412  20.414 0.0000000000
75495  -62.708  4.446  19.814 0.0000000000
77679  -63.480  6.426  18.275 0.0000000000
81139  -62.788  9.165  17.012 0.0000000000
81140  -63.134  8.964  16.764 0.0000000000
143016  -63.718  8.227  16.367 0.0000000000
79950  -63.808  8.626  15.768 0.0000000000
152327  -52.832  -4.666  39.181 0.0000000000
65696  -52.422  -4.251  38.510 0.0000000000
66637  -52.272  -3.257  38.432 0.0000000000
147961  -52.438  -2.510  38.804 0.0000000000
67594  -52.568  -1.874  38.794 0.0000000000
67580  -52.262  -2.404  41.423 0.0000000000
142196  -52.244  -1.666  41.087 0.0000000000
69695  -51.681  -0.256  41.152 0.0000000000
68630  -52.123  -0.922  40.871 0.0000000000
68635  -52.374  -0.802  40.140 0.0000000000
69707  -52.560  -0.350  39.646 0.0000000000
69708  -52.905  0.041  39.195 0.0000000000
71791  -52.735  1.208  39.136 0.0000000000
72947  -51.894  2.160  39.136 0.0000000000
72960  -52.294  2.373  38.426 0.0000000000
72975  -52.623  2.550  37.854 0.0000000000
73004  -51.396  2.531  35.667 0.0000000000
68628  -47.289  -1.354  41.950 0.0000000000
69693  -47.224  -0.859  41.211 0.0000000000
69699  -47.014  -0.575  40.380 0.0000000000
69700  -47.412  -0.083  40.731 0.0000000000
70710  -47.713  0.611  40.336 0.0000000000
70719  -47.490  0.885  39.460 0.0000000000
132860  -47.987  1.551  39.107 0.0000000000
71803  -47.933  1.662  38.370 0.0000000000
71819  -48.270  1.874  37.777 0.0000000000
73016  -50.871  2.244  35.163 0.0000000000
132940  -23.044  -16.046  56.114 0.0000000000
55436  -24.911  -13.325  57.677 0.0000000000
54339  -25.029  -14.172  57.661 0.0000000000
55447  -28.502  -13.417  56.284 0.0000000000
54351  -28.672  -14.125  56.446 0.0000000000
52155  -29.539  -16.127  56.198 0.0000000000
53288  -30.557  -15.365  56.024 0.0000000000
51097  -30.045  -17.378  55.515 0.0000000000
49957  -30.383  -18.002  55.120 0.0000000000
49974  -32.475  -18.240  54.281 0.0000000000
53305  -33.843  -15.630  54.314 0.0000000000
51129  -34.272  -17.197  53.311 0.0000000000
49990  -34.650  -17.612  52.530 0.0000000000
50003  -37.062  -18.081  52.050 0.0000000000
50014  -37.931  -18.508  51.695 0.0000000000
56603  -36.622  -12.576  52.298 0.0000000000
55486  -37.345  -13.612  52.274 0.0000000000
132887  -38.713  -12.025  51.037 0.0000000000
133140  -38.078  -12.651  51.849 0.0000000000
55487  -38.076  -13.430  52.148 0.0000000000
54386  -37.701  -14.070  52.297 0.0000000000
53330  -39.940  -15.342  51.561 0.0000000000
52209  -39.647  -16.251  51.621 0.0000000000
145156  -39.724  -17.063  51.510 0.0000000000
51157  -40.156  -17.620  51.181 0.0000000000
54408  -43.456  -14.646  49.497 0.0000000000
53349  -44.013  -15.042  49.017 0.0000000000
154528  -44.667  -13.956  48.866 0.0000000000
54415  -44.535  -14.649  48.634 0.0000000000
53354  -44.362  -15.570  48.313 0.0000000000
59940  -42.321  -9.130  46.967 0.0000000000
61098  -43.138  -8.718  47.859 0.0000000000
61099  -43.696  -8.648  48.161 0.0000000000
61110  -44.210  -8.076  47.864 0.0000000000
61100  -44.424  -8.655  48.272 0.0000000000
59925  -44.624  -9.342  48.550 0.0000000000
59926  -45.301  -9.569  48.365 0.0000000000
58835  -46.304  -10.662  47.961 0.0000000000
63550  -45.842  -6.433  46.565 0.0000000000
62358  -46.240  -7.440  47.337 0.0000000000
159692  -46.442  -8.000  47.514 0.0000000000
62360  -47.718  -7.858  46.849 0.0000000000
61113  -46.651  -8.675  47.541 0.0000000000
58852  -47.073  -10.379  47.417 0.0000000000
57779  -46.940  -11.422  47.390 0.0000000000
57796  -47.495  -11.769  46.605 0.0000000000
138449  -47.256  -12.746  45.107 0.0000000000
57813  -48.528  -11.454  45.297 0.0000000000
56676  -48.015  -12.249  44.717 0.0000000000
61148  -50.811  -8.560  43.689 0.0000000000
61160  -50.937  -9.088  43.053 0.0000000000
59990  -51.254  -9.226  42.197 0.0000000000
62417  -51.547  -7.853  42.547 0.0000000000
151261  -51.607  -8.609  41.918 0.0000000000
143823  -51.890  -9.909  41.232 0.0000000000
60066  -53.693  -9.977  38.038 0.0000000000
62449  -53.325  -8.039  39.786 0.0000000000
61225  -53.671  -8.370  38.596 0.0000000000
53258  -21.515  -15.580  58.495 0.0000000000
73019  -53.273  2.743  34.804 0.0000000000
74177  -54.150  2.816  35.108 0.0000000000
73008  -55.157  2.193  35.711 0.0000000000
73021  -55.462  2.438  34.380 0.0000000000
73009  -55.761  2.072  35.060 0.0000000000
71845  -56.054  1.319  35.311 0.0000000000
70749  -56.611  -0.173  34.992 0.0000000000
69743  -56.760  -1.152  34.781 0.0000000000
68681  -56.997  -1.845  34.250 0.0000000000
71879  -57.688  1.496  32.082 0.0000000000
71880  -57.831  0.978  32.496 0.0000000000
71868  -57.727  0.543  33.061 0.0000000000
69761  -57.711  -0.893  32.844 0.0000000000
69760  -57.468  -0.738  33.515 0.0000000000
68692  -57.445  -1.608  33.428 0.0000000000
67626  -57.262  -2.691  33.733 0.0000000000
66659  -57.038  -3.350  34.150 0.0000000000
70870  -56.151  -0.150  26.318 0.0000000000
135532  -56.923  0.090  26.573 0.0000000000
70872  -57.652  0.503  26.971 0.0000000000
76577  -56.829  6.111  22.135 0.0000000000
149298  -56.244  5.724  22.286 0.0000000000
76572  -57.285  6.036  23.751 0.0000000000
76571  -56.678  5.930  22.887 0.0000000000
76570  -55.979  5.440  22.873 0.0000000000
74304  -55.661  3.475  25.430 0.0000000000
74305  -56.213  3.237  26.146 0.0000000000
74292  -56.951  4.053  26.364 0.0000000000
73117  -57.010  2.995  26.796 0.0000000000
147204  -58.156  1.576  27.211 0.0000000000
71924  -59.098  0.855  27.258 0.0000000000
71925  -59.232  1.087  26.865 0.0000000000
70873  -59.779  0.395  26.300 0.0000000000
71941  -59.410  1.512  25.942 0.0000000000
70882  -59.943  0.577  25.751 0.0000000000
70883  -60.558  -0.187  25.767 0.0000000000
49975  -33.127  -17.683  54.247 0.0000000000
51096  -29.137  -17.542  55.551 0.0000000000
51099  -32.172  -17.095  55.081 0.0000000000
52154  -28.799  -16.308  56.233 0.0000000000
52171  -30.817  -16.949  55.547 0.0000000000
54362  -32.409  -14.671  55.258 0.0000000000
56618  -40.477  -12.918  51.049 0.0000000000
57869  -52.269  -10.958  40.485 0.0000000000
58984  -52.711  -10.566  39.766 0.0000000000
59924  -43.890  -9.253  48.616 0.0000000000
60000  -51.759  -9.341  41.500 0.0000000000
60012  -52.587  -9.558  40.524 0.0000000000
60027  -52.876  -9.543  39.983 0.0000000000
60054  -53.563  -9.683  38.743 0.0000000000
61176  -52.094  -8.756  41.230 0.0000000000
61212  -53.513  -8.616  39.288 0.0000000000
61213  -53.682  -9.063  38.871 0.0000000000
62428  -52.363  -7.245  41.502 0.0000000000
63538  -45.775  -6.948  47.120 0.0000000000
63539  -46.288  -6.760  47.003 0.0000000000
64637  -45.920  -5.539  45.386 0.0000000000
64688  -52.613  -5.892  41.660 0.0000000000
65720  -56.868  -4.470  34.113 0.0000000000
66612  -50.544  -2.856  43.427 0.0000000000
66666  -57.515  -3.322  32.946 0.0000000000
67558  -47.508  -2.882  44.043 0.0000000000
67601  -55.258  -2.271  36.909 0.0000000000
67602  -55.567  -1.914  36.689 0.0000000000
67611  -56.390  -2.140  35.488 0.0000000000
67618  -56.848  -2.646  34.516 0.0000000000
67647  -57.932  -2.541  31.896 0.0000000000
68613  -47.350  -2.129  43.080 0.0000000000
68629  -51.693  -0.948  41.531 0.0000000000
68669  -56.483  -1.575  35.340 0.0000000000
68709  -58.154  -1.893  31.579 0.0000000000
68717  -59.042  -2.268  30.204 0.0000000000
69706  -46.790  -0.755  39.695 0.0000000000
70693  -49.765  0.248  42.230 0.0000000000
70694  -50.539  0.056  42.077 0.0000000000
70738  -55.729  -0.221  36.290 0.0000000000
70748  -56.164  -0.236  35.724 0.0000000000
70772  -57.018  0.209  34.257 0.0000000000
70786  -57.695  -0.114  33.169 0.0000000000
70802  -57.883  0.296  32.609 0.0000000000
70871  -57.301  -0.285  27.016 0.0000000000
71773  -50.328  1.770  40.593 0.0000000000
71856  -51.351  1.929  34.051 0.0000000000
71857  -56.340  1.522  34.627 0.0000000000
71892  -57.685  1.532  31.467 0.0000000000
71893  -58.157  0.311  31.059 0.0000000000
71901  -56.046  1.732  30.303 0.0000000000
72945  -50.251  2.348  39.248 0.0000000000
72962  -53.708  1.795  37.828 0.0000000000
72978  -54.710  1.731  36.799 0.0000000000
72992  -53.724  2.599  36.676 0.0000000000
73023  -56.688  1.612  34.046 0.0000000000
73045  -56.783  2.200  32.500 0.0000000000
73058  -57.357  1.968  31.989 0.0000000000
74129  -52.007  2.791  37.877 0.0000000000
74163  -52.720  2.927  35.914 0.0000000000
74164  -53.392  2.872  35.582 0.0000000000
74281  -58.738  3.047  26.839 0.0000000000
74295  -58.719  3.527  26.292 0.0000000000
74312  -55.269  3.737  24.750 0.0000000000
74332  -61.898  4.065  21.251 0.0000000000
74342  -62.535  4.148  20.095 0.0000000000
74354  -62.681  4.041  19.554 0.0000000000
75452  -59.033  3.738  25.324 0.0000000000
75474  -61.761  4.430  21.615 0.0000000000
76547  -58.703  4.758  25.614 0.0000000000
76555  -58.672  5.290  25.224 0.0000000000
76598  -57.038  5.946  20.512 0.0000000000
76599  -63.021  5.185  19.272 0.0000000000
77608  -59.198  5.384  24.517 0.0000000000
77614  -59.266  5.842  24.332 0.0000000000
77615  -59.668  5.815  23.908 0.0000000000
77624  -60.728  5.943  22.989 0.0000000000
77631  -59.448  7.006  22.882 0.0000000000
77641  -61.775  6.014  21.479 0.0000000000
77705  -64.148  7.188  15.665 0.0000000000
78710  -59.950  7.204  22.322 0.0000000000
78749  -63.211  6.934  18.590 0.0000000000
78759  -63.418  7.136  18.101 0.0000000000
79924  -62.074  8.602  18.673 0.0000000000
81154  -63.540  9.249  15.698 0.0000000000
82279  -62.609  9.594  16.738 0.0000000000
82285  -62.943  9.638  16.420 0.0000000000
82291  -62.263  10.680  15.888 0.0000000000
82299  -61.948  11.087  14.737 0.0000000000
82300  -62.456  10.935  15.305 0.0000000000
83415  -63.006  11.077  14.319 0.0000000000
136031  -51.165  -8.241  43.205 0.0000000000
136379  -33.629  -18.407  53.255 0.0000000000
140831  -55.277  2.522  33.174 0.0000000000
141516  -60.954  7.145  21.682 0.0000000000
141881  -55.350  -0.138  36.737 0.0000000000
141978  -53.391  -7.306  39.599 0.0000000000
142277  -62.254  5.092  21.090 0.0000000000
143799  -58.788  1.486  27.267 0.0000000000
144200  -39.532  -13.602  51.674 0.0000000000
144790  -58.599  -0.495  29.812 0.0000000000
147984  -31.627  -15.925  55.507 0.0000000000
148795  -57.452  -4.053  33.055 0.0000000000
149051  -58.518  4.385  26.093 0.0000000000
151316  -48.448  -9.571  46.360 0.0000000000
152554  -56.306  -2.657  35.535 0.0000000000
152676  -38.615  -13.013  51.879 0.0000000000
153187  -54.756  2.245  31.993 0.0000000000
154028  -62.789  5.109  19.872 0.0000000000
154335  -29.348  -18.617  54.500 0.0000000000
156290  -46.172  -12.178  47.950 0.0000000000
156665  -62.975  7.203  18.774 0.0000000000
158908  -63.179  8.604  17.090 0.0000000000
159133  -59.687  6.770  23.376 0.0000000000
160001  -47.420  1.278  37.328 0.0000000000
160175  -56.661  1.245  34.367 0.0000000000
