#!ascii label  , from subject ICBM2009cNolinAsym vox2ras=TkReg
1838
152401  -44.636  -3.885  21.777 0.0000000000
155375  -58.607  9.357  10.685 0.0000000000
74383  -51.721  3.168  17.173 0.0000000000
52189  -14.872  -16.757  53.304 0.0000000000
67668  -41.382  -3.143  28.870 0.0000000000
135353  -32.658  -10.659  49.355 0.0000000000
59956  -41.676  -9.833  46.779 0.0000000000
63652  -45.912  -6.657  38.724 0.0000000000
67616  -45.280  -2.945  35.884 0.0000000000
55569  -22.698  -14.031  44.303 0.0000000000
156688  -28.221  -12.457  51.600 0.0000000000
56699  -27.562  -12.497  43.577 0.0000000000
134986  -36.684  -13.017  40.661 0.0000000000
147035  -42.165  -10.931  40.021 0.0000000000
68732  -48.575  -1.425  29.488 0.0000000000
68788  -51.914  -1.638  25.421 0.0000000000
141284  -56.487  5.446  13.849 0.0000000000
69911  -48.246  -0.468  19.542 0.0000000000
78884  -55.908  7.267  6.135 0.0000000000
48877  -11.434  -19.786  55.504 0.0000000000
70811  -45.877  0.147  32.325 0.0000000000
67719  -42.503  -2.945  25.656 0.0000000000
134802  -31.752  -11.616  41.904 0.0000000000
57776  -37.078  -11.576  47.234 0.0000000000
74320  -53.879  3.470  22.957 0.0000000000
80083  -63.465  9.219  0.255 0.0000000000
61246  -43.666  -8.566  36.198 0.0000000000
63701  -44.211  -6.598  34.163 0.0000000000
55572  -25.515  -13.692  44.327 0.0000000000
57920  -39.395  -11.422  37.032 0.0000000000
59018  -41.414  -10.239  36.346 0.0000000000
61211  -44.697  -8.784  39.323 0.0000000000
136070  -47.167  -3.310  25.843 0.0000000000
68766  -50.803  -1.879  27.646 0.0000000000
147708  -48.380  -2.869  23.805 0.0000000000
78825  -57.518  7.370  12.383 0.0000000000
78795  -59.645  7.430  15.396 0.0000000000
139487  -60.240  10.567  9.793 0.0000000000
50008  -12.998  -19.293  50.924 0.0000000000
49966  -13.525  -18.332  54.210 0.0000000000
67646  -43.098  -2.690  32.754 0.0000000000
69749  -44.676  -0.720  34.629 0.0000000000
69779  -43.298  -1.294  30.945 0.0000000000
69821  -44.034  -1.218  29.271 0.0000000000
68774  -40.845  -2.683  27.017 0.0000000000
153071  -30.695  -11.007  50.832 0.0000000000
57706  -31.224  -11.840  54.318 0.0000000000
146917  -32.995  -11.397  53.373 0.0000000000
58775  -34.979  -11.116  52.117 0.0000000000
59004  -28.943  -11.166  38.129 0.0000000000
57918  -31.429  -11.788  37.844 0.0000000000
56707  -40.054  -12.706  43.679 0.0000000000
148367  -37.199  -12.936  44.630 0.0000000000
57794  -39.584  -11.613  46.669 0.0000000000
57748  -39.917  -11.819  50.111 0.0000000000
54419  -17.990  -14.984  47.763 0.0000000000
133074  -20.425  -13.490  50.932 0.0000000000
56566  -21.122  -12.554  54.835 0.0000000000
72085  -49.138  1.406  17.940 0.0000000000
72019  -50.694  0.947  21.345 0.0000000000
74351  -52.624  3.348  19.975 0.0000000000
81285  -64.676  9.520  -0.664 0.0000000000
53279  -14.605  -15.538  56.702 0.0000000000
66624  -46.380  -4.107  40.950 0.0000000000
67588  -46.528  -2.239  39.476 0.0000000000
65700  -46.020  -4.903  37.133 0.0000000000
64750  -43.981  -5.193  33.190 0.0000000000
55523  -22.758  -13.541  48.284 0.0000000000
56599  -25.938  -12.585  52.232 0.0000000000
55526  -25.692  -13.550  48.099 0.0000000000
56654  -28.161  -12.667  47.777 0.0000000000
57786  -29.528  -11.418  46.315 0.0000000000
56799  -33.905  -12.640  37.896 0.0000000000
134098  -36.686  -12.354  37.086 0.0000000000
57881  -39.781  -12.124  40.040 0.0000000000
58921  -42.283  -10.610  43.087 0.0000000000
61173  -43.836  -8.764  42.495 0.0000000000
63613  -45.643  -6.402  41.602 0.0000000000
136086  -20.033  -14.567  44.240 0.0000000000
70800  -50.053  0.690  32.639 0.0000000000
73042  -53.820  2.313  32.870 0.0000000000
70828  -52.362  0.361  30.488 0.0000000000
70849  -54.333  0.125  28.610 0.0000000000
74418  -53.963  3.850  14.876 0.0000000000
75522  -55.192  4.814  18.774 0.0000000000
76637  -57.816  5.419  16.625 0.0000000000
44835  -7.722  -22.986  60.156 0.0000000000
67792  -45.979  -2.455  19.995 0.0000000000
71005  -46.672  0.357  16.312 0.0000000000
74432  -50.210  3.204  13.340 0.0000000000
75574  -52.387  4.732  12.187 0.0000000000
77733  -53.727  6.852  11.413 0.0000000000
80006  -55.789  8.007  9.854 0.0000000000
159384  -56.872  8.175  8.862 0.0000000000
139236  -53.926  7.436  7.285 0.0000000000
52137  -12.505  -16.949  57.776 0.0000000000
51053  -10.197  -17.918  59.244 0.0000000000
47792  -8.419  -20.568  60.670 0.0000000000
72972  -49.589  2.343  37.401 0.0000000000
69727  -46.053  -0.439  37.609 0.0000000000
71840  -46.925  1.064  35.958 0.0000000000
71864  -48.941  1.208  34.028 0.0000000000
69796  -46.690  -0.532  30.702 0.0000000000
67684  -45.254  -2.477  27.303 0.0000000000
66759  -43.527  -3.794  24.603 0.0000000000
57690  -28.334  -12.380  54.772 0.0000000000
58934  -29.595  -11.443  42.048 0.0000000000
57821  -32.062  -11.291  44.954 0.0000000000
56737  -34.039  -12.638  41.087 0.0000000000
56685  -34.006  -12.343  43.899 0.0000000000
58844  -34.316  -11.054  47.710 0.0000000000
57741  -37.555  -11.687  51.294 0.0000000000
51175  -14.538  -18.091  49.885 0.0000000000
52225  -16.224  -16.542  48.921 0.0000000000
53320  -16.523  -15.475  52.246 0.0000000000
68812  -50.140  -0.830  22.751 0.0000000000
71969  -52.636  0.703  23.965 0.0000000000
73116  -56.355  2.031  26.375 0.0000000000
76576  -55.558  5.316  21.979 0.0000000000
80029  -59.153  8.566  7.716 0.0000000000
80037  -61.946  9.280  5.891 0.0000000000
82379  -63.781  10.633  4.374 0.0000000000
80067  -61.731  8.294  1.952 0.0000000000
83513  -64.840  10.762  1.946 0.0000000000
60111  -42.149  -9.010  34.458 0.0000000000
61271  -42.670  -8.436  34.162 0.0000000000
61284  -41.569  -8.938  33.171 0.0000000000
59029  -40.295  -10.670  35.641 0.0000000000
59044  -41.037  -9.980  34.852 0.0000000000
60078  -42.500  -9.519  36.263 0.0000000000
66762  -46.332  -3.688  24.280 0.0000000000
67724  -47.733  -3.305  25.067 0.0000000000
66777  -47.118  -3.410  23.706 0.0000000000
79998  -58.373  8.974  11.284 0.0000000000
155083  -59.370  8.330  13.310 0.0000000000
81176  -59.550  9.464  12.307 0.0000000000
82329  -60.322  10.862  11.473 0.0000000000
82339  -59.661  10.101  10.262 0.0000000000
149287  -13.903  -18.526  51.875 0.0000000000
140597  -13.286  -19.036  52.933 0.0000000000
140082  -13.979  -17.811  53.752 0.0000000000
66693  -42.025  -2.769  30.739 0.0000000000
68707  -42.886  -1.810  31.695 0.0000000000
68720  -42.241  -2.450  29.744 0.0000000000
68740  -42.412  -2.237  28.833 0.0000000000
68738  -41.379  -2.942  28.026 0.0000000000
56581  -23.776  -12.435  53.532 0.0000000000
58803  -31.096  -10.898  49.406 0.0000000000
157086  -31.638  -10.840  51.669 0.0000000000
58781  -32.954  -10.674  51.422 0.0000000000
57731  -34.426  -11.473  52.754 0.0000000000
141501  -34.285  -10.586  50.835 0.0000000000
57825  -40.967  -11.726  44.641 0.0000000000
157985  -39.714  -12.149  45.551 0.0000000000
58872  -40.998  -10.575  46.708 0.0000000000
58830  -40.869  -10.661  48.373 0.0000000000
55500  -21.632  -13.411  50.081 0.0000000000
56609  -21.572  -13.132  51.406 0.0000000000
139030  -21.924  -12.684  52.936 0.0000000000
160190  -52.241  2.946  36.845 0.0000000000
73234  -50.032  2.419  17.254 0.0000000000
73211  -50.939  2.389  19.023 0.0000000000
74376  -51.896  3.222  18.070 0.0000000000
136753  -46.272  -5.378  39.601 0.0000000000
148540  -46.365  -4.445  38.584 0.0000000000
64715  -45.952  -5.765  37.461 0.0000000000
63718  -44.420  -5.670  33.863 0.0000000000
63729  -43.013  -6.048  31.880 0.0000000000
65736  -42.925  -4.655  31.734 0.0000000000
55545  -22.548  -13.867  46.100 0.0000000000
55513  -24.251  -13.501  48.454 0.0000000000
55536  -24.172  -13.704  46.809 0.0000000000
55573  -26.357  -13.370  44.309 0.0000000000
55560  -27.016  -13.304  46.001 0.0000000000
56667  -27.556  -12.790  45.260 0.0000000000
141988  -28.806  -11.839  46.463 0.0000000000
57802  -28.594  -11.820  44.994 0.0000000000
56827  -35.128  -12.517  35.847 0.0000000000
58995  -40.614  -11.160  38.128 0.0000000000
57896  -39.810  -11.823  39.220 0.0000000000
57883  -41.031  -11.713  40.443 0.0000000000
145252  -41.370  -11.780  41.884 0.0000000000
58955  -42.520  -10.684  41.727 0.0000000000
59987  -42.831  -9.908  42.893 0.0000000000
60011  -43.386  -9.762  41.624 0.0000000000
62469  -45.243  -7.991  38.864 0.0000000000
62447  -45.115  -7.900  40.738 0.0000000000
63639  -45.901  -6.614  39.812 0.0000000000
64687  -45.983  -5.708  41.041 0.0000000000
55568  -21.232  -14.216  44.744 0.0000000000
69799  -49.395  -0.612  30.743 0.0000000000
70817  -51.298  0.496  31.594 0.0000000000
69800  -50.735  -0.566  30.239 0.0000000000
152030  -51.787  -1.785  26.768 0.0000000000
132957  -52.211  -0.795  28.544 0.0000000000
69834  -53.297  -1.123  27.260 0.0000000000
69826  -55.765  -0.684  27.995 0.0000000000
69842  -53.831  -0.861  26.000 0.0000000000
75550  -55.235  4.401  14.622 0.0000000000
75541  -56.162  4.671  15.839 0.0000000000
76643  -57.547  5.437  15.559 0.0000000000
79940  -60.942  8.956  16.772 0.0000000000
74452  -51.583  3.812  12.818 0.0000000000
75585  -50.808  4.723  11.675 0.0000000000
76696  -52.407  6.223  11.093 0.0000000000
77763  -53.038  7.228  9.921 0.0000000000
78846  -54.980  7.797  10.453 0.0000000000
140229  -54.318  7.676  9.197 0.0000000000
78864  -54.953  7.669  8.741 0.0000000000
47827  -11.253  -20.442  54.158 0.0000000000
48867  -9.820  -19.889  56.625 0.0000000000
53256  -14.045  -15.044  58.441 0.0000000000
52145  -13.296  -16.612  57.232 0.0000000000
53254  -12.617  -15.992  59.155 0.0000000000
51050  -10.766  -17.351  60.465 0.0000000000
49918  -9.717  -18.678  61.122 0.0000000000
49928  -8.920  -18.856  59.773 0.0000000000
146687  -9.967  -19.972  61.576 0.0000000000
149953  -9.240  -21.654  61.210 0.0000000000
67597  -45.994  -2.649  37.632 0.0000000000
67593  -46.344  -1.825  38.738 0.0000000000
139279  -45.711  -1.950  37.085 0.0000000000
70779  -44.755  -0.285  33.383 0.0000000000
70758  -45.721  0.224  35.281 0.0000000000
70781  -46.271  0.435  33.841 0.0000000000
71852  -47.505  1.041  34.511 0.0000000000
148010  -46.652  0.418  33.024 0.0000000000
70813  -47.719  0.188  32.073 0.0000000000
69781  -46.082  -0.131  31.440 0.0000000000
68777  -43.293  -2.254  27.257 0.0000000000
135183  -44.725  -1.919  28.049 0.0000000000
67700  -43.857  -2.699  26.581 0.0000000000
67721  -44.420  -3.176  25.890 0.0000000000
66758  -42.697  -3.536  24.839 0.0000000000
56613  -27.090  -12.822  51.235 0.0000000000
151960  -27.216  -12.286  53.414 0.0000000000
57715  -28.565  -12.212  53.006 0.0000000000
58982  -29.880  -11.369  39.376 0.0000000000
58966  -29.415  -11.762  40.496 0.0000000000
58953  -30.198  -11.332  41.634 0.0000000000
58918  -30.298  -11.032  43.414 0.0000000000
57849  -31.662  -11.444  42.996 0.0000000000
133747  -35.061  -12.777  39.077 0.0000000000
56785  -33.820  -12.598  38.755 0.0000000000
134987  -35.751  -13.019  40.705 0.0000000000
56672  -36.868  -12.552  45.440 0.0000000000
56687  -35.693  -12.714  44.507 0.0000000000
57807  -35.379  -12.009  45.853 0.0000000000
57789  -34.819  -11.709  46.480 0.0000000000
57775  -35.795  -11.350  47.536 0.0000000000
58825  -35.905  -10.801  49.013 0.0000000000
156345  -37.166  -10.982  49.266 0.0000000000
62387  -44.367  -7.104  45.605 0.0000000000
53353  -17.406  -15.516  48.159 0.0000000000
53339  -17.344  -15.250  50.026 0.0000000000
53337  -16.132  -16.256  50.490 0.0000000000
56539  -20.617  -12.491  56.142 0.0000000000
68847  -47.142  -1.482  19.706 0.0000000000
139483  -48.112  -1.689  21.429 0.0000000000
69898  -48.471  -0.685  20.338 0.0000000000
72002  -52.074  1.823  22.293 0.0000000000
72001  -51.595  1.064  22.505 0.0000000000
71987  -53.047  1.694  23.638 0.0000000000
71971  -54.203  1.620  24.897 0.0000000000
73147  -55.009  3.016  25.094 0.0000000000
76610  -56.303  5.338  19.345 0.0000000000
75494  -55.093  5.077  20.444 0.0000000000
148935  -56.472  5.762  20.907 0.0000000000
78875  -56.905  7.609  7.575 0.0000000000
80028  -58.215  8.439  8.064 0.0000000000
78886  -58.155  7.577  6.659 0.0000000000
78898  -60.204  7.708  5.305 0.0000000000
78899  -61.026  7.956  4.934 0.0000000000
155168  -62.801  9.633  4.762 0.0000000000
80052  -61.974  8.250  3.635 0.0000000000
80081  -61.189  8.529  0.271 0.0000000000
80074  -60.681  8.418  1.100 0.0000000000
148169  -63.072  9.025  0.893 0.0000000000
81257  -63.709  9.950  1.928 0.0000000000
82412  -64.346  10.365  0.933 0.0000000000
152366  -64.823  10.326  0.413 0.0000000000
81286  -65.562  8.981  -0.691 0.0000000000
61247  -44.623  -8.039  37.098 0.0000000000
138455  -44.973  -7.021  36.220 0.0000000000
143201  -43.894  -7.719  35.095 0.0000000000
62537  -42.913  -7.529  33.017 0.0000000000
55570  -23.683  -13.954  44.081 0.0000000000
136292  -38.695  -11.493  35.471 0.0000000000
59005  -40.689  -10.856  37.271 0.0000000000
58997  -42.279  -10.487  38.446 0.0000000000
149513  -43.516  -9.970  39.961 0.0000000000
60051  -42.886  -9.887  38.069 0.0000000000
61235  -44.429  -8.632  37.752 0.0000000000
68763  -47.577  -2.278  27.873 0.0000000000
68747  -49.572  -1.834  28.487 0.0000000000
67687  -48.859  -2.629  27.072 0.0000000000
67706  -49.965  -2.562  26.172 0.0000000000
68795  -50.634  -1.992  24.751 0.0000000000
77720  -56.819  6.559  12.757 0.0000000000
77702  -58.053  6.005  14.979 0.0000000000
78819  -58.426  6.998  13.698 0.0000000000
79948  -59.985  8.279  15.043 0.0000000000
83466  -61.728  11.565  8.755 0.0000000000
48894  -12.266  -19.890  53.212 0.0000000000
49964  -12.484  -19.304  54.918 0.0000000000
66663  -44.092  -2.843  34.144 0.0000000000
67625  -44.314  -2.015  34.674 0.0000000000
68690  -43.844  -1.822  33.785 0.0000000000
69769  -43.851  -0.938  32.308 0.0000000000
69780  -44.412  -0.630  31.916 0.0000000000
69795  -45.212  -0.499  31.047 0.0000000000
69805  -43.459  -1.263  29.757 0.0000000000
68741  -42.728  -1.884  28.662 0.0000000000
67698  -41.871  -2.460  26.499 0.0000000000
57738  -29.475  -11.704  51.282 0.0000000000
133514  -30.010  -11.590  52.954 0.0000000000
57728  -30.501  -11.270  52.229 0.0000000000
57707  -32.149  -11.807  54.152 0.0000000000
56588  -35.307  -12.685  52.890 0.0000000000
140031  -29.661  -11.039  37.997 0.0000000000
57894  -31.329  -11.692  39.363 0.0000000000
56722  -38.333  -13.221  42.412 0.0000000000
56720  -36.652  -13.240  42.259 0.0000000000
56705  -38.468  -13.235  43.764 0.0000000000
57810  -38.444  -12.485  45.656 0.0000000000
57777  -38.075  -11.650  47.211 0.0000000000
58828  -38.656  -11.281  48.729 0.0000000000
133939  -39.225  -11.224  48.236 0.0000000000
144668  -19.066  -14.598  46.650 0.0000000000
54420  -18.761  -14.611  47.543 0.0000000000
55493  -19.282  -13.778  51.110 0.0000000000
138354  -19.570  -13.390  53.149 0.0000000000
56593  -20.373  -12.988  53.129 0.0000000000
70988  -48.249  0.270  18.284 0.0000000000
69912  -49.021  0.025  19.940 0.0000000000
72059  -49.947  1.321  19.416 0.0000000000
72041  -51.327  1.998  20.630 0.0000000000
73185  -52.962  3.253  21.636 0.0000000000
78902  -55.324  7.744  5.021 0.0000000000
156819  -57.448  7.389  5.623 0.0000000000
78910  -56.518  7.822  4.335 0.0000000000
80094  -63.004  8.644  -0.601 0.0000000000
81284  -64.478  9.839  -0.134 0.0000000000
80104  -63.115  8.567  -1.576 0.0000000000
80114  -63.856  8.603  -2.532 0.0000000000
53303  -15.545  -15.680  54.399 0.0000000000
52178  -14.416  -16.763  54.869 0.0000000000
68627  -46.866  -1.885  41.314 0.0000000000
66630  -46.514  -3.297  40.547 0.0000000000
66636  -46.329  -3.377  38.378 0.0000000000
66657  -45.435  -3.776  35.861 0.0000000000
157960  -45.320  -5.956  35.864 0.0000000000
65714  -44.932  -4.782  34.784 0.0000000000
66664  -44.732  -3.810  34.612 0.0000000000
66683  -43.322  -3.683  32.667 0.0000000000
66706  -42.006  -3.566  30.796 0.0000000000
56624  -23.057  -13.133  50.600 0.0000000000
56612  -24.356  -12.802  51.762 0.0000000000
146391  -24.843  -13.110  50.370 0.0000000000
133955  -26.300  -12.982  50.793 0.0000000000
135279  -27.190  -13.139  49.722 0.0000000000
55547  -25.680  -13.661  46.676 0.0000000000
55528  -27.244  -13.286  47.998 0.0000000000
56640  -28.356  -12.551  49.513 0.0000000000
57762  -28.993  -11.983  48.656 0.0000000000
57764  -30.063  -11.372  48.229 0.0000000000
58840  -30.778  -11.064  47.613 0.0000000000
133741  -35.378  -12.633  37.767 0.0000000000
133745  -36.481  -12.706  39.094 0.0000000000
56802  -37.898  -12.059  37.613 0.0000000000
150392  -38.470  -12.239  39.134 0.0000000000
136154  -38.458  -12.771  40.753 0.0000000000
56743  -39.878  -12.631  41.764 0.0000000000
57840  -41.213  -11.841  43.771 0.0000000000
59976  -41.774  -10.365  44.860 0.0000000000
59957  -42.183  -9.343  45.974 0.0000000000
61145  -42.801  -8.980  44.644 0.0000000000
145403  -43.283  -8.642  44.158 0.0000000000
62415  -44.493  -7.399  43.514 0.0000000000
61199  -44.246  -8.970  40.970 0.0000000000
62426  -44.684  -7.580  42.626 0.0000000000
63588  -45.328  -6.264  43.456 0.0000000000
64667  -45.765  -5.504  43.105 0.0000000000
54430  -20.301  -14.208  45.983 0.0000000000
135596  -50.788  1.542  33.710 0.0000000000
133801  -52.396  1.647  32.666 0.0000000000
71876  -52.705  1.373  31.957 0.0000000000
71900  -53.749  1.319  30.736 0.0000000000
134120  -51.158  -0.828  29.463 0.0000000000
70837  -52.668  0.096  29.667 0.0000000000
142725  -52.767  3.427  15.827 0.0000000000
134912  -53.276  3.815  17.954 0.0000000000
75533  -54.709  4.140  16.765 0.0000000000
158916  -56.257  5.022  18.101 0.0000000000
76623  -58.130  5.810  18.398 0.0000000000
158726  -58.883  6.264  16.059 0.0000000000
77677  -58.930  6.157  18.027 0.0000000000
66815  -43.641  -3.935  20.639 0.0000000000
66802  -45.650  -3.271  21.183 0.0000000000
66834  -44.719  -3.082  19.690 0.0000000000
67808  -45.757  -2.229  19.253 0.0000000000
68867  -45.930  -1.335  17.867 0.0000000000
69933  -47.108  -0.401  17.774 0.0000000000
72096  -48.229  1.148  16.916 0.0000000000
72097  -48.835  1.708  16.817 0.0000000000
133407  -49.866  2.551  15.610 0.0000000000
73251  -51.347  3.097  15.547 0.0000000000
74416  -52.396  3.397  14.324 0.0000000000
75548  -53.894  4.032  14.055 0.0000000000
75576  -54.125  5.033  12.832 0.0000000000
76682  -51.274  5.297  11.289 0.0000000000
133066  -53.580  5.623  12.209 0.0000000000
76670  -55.256  5.904  12.601 0.0000000000
77736  -55.821  7.232  11.846 0.0000000000
79996  -56.762  8.211  10.681 0.0000000000
80008  -57.352  8.603  10.227 0.0000000000
81206  -57.845  8.878  9.488 0.0000000000
80013  -56.509  8.166  9.511 0.0000000000
80017  -55.834  7.680  8.601 0.0000000000
149582  -55.608  7.234  6.978 0.0000000000
78901  -54.648  7.811  5.367 0.0000000000
52161  -13.835  -17.009  55.547 0.0000000000
133327  -12.649  -17.901  56.563 0.0000000000
49937  -11.557  -18.449  57.190 0.0000000000
52123  -11.933  -16.461  59.651 0.0000000000
51058  -11.012  -17.495  58.894 0.0000000000
49936  -10.803  -18.621  57.582 0.0000000000
48858  -9.217  -19.143  58.256 0.0000000000
48853  -7.956  -19.916  59.213 0.0000000000
47795  -7.552  -20.694  59.401 0.0000000000
46813  -8.418  -21.556  60.752 0.0000000000
72991  -51.167  2.686  36.499 0.0000000000
70727  -46.953  0.399  38.922 0.0000000000
145483  -45.390  -0.380  35.928 0.0000000000
70735  -46.646  0.590  37.291 0.0000000000
136495  -48.246  1.625  36.230 0.0000000000
142952  -49.317  1.889  35.494 0.0000000000
71843  -50.056  1.989  35.109 0.0000000000
70783  -49.471  0.994  33.346 0.0000000000
69784  -49.005  -0.256  31.384 0.0000000000
69810  -48.117  -1.001  30.039 0.0000000000
69808  -46.209  -0.853  29.974 0.0000000000
68730  -46.681  -1.406  29.308 0.0000000000
68745  -47.162  -1.865  28.598 0.0000000000
67702  -45.761  -2.955  26.599 0.0000000000
66745  -44.947  -3.618  25.194 0.0000000000
66774  -44.576  -4.042  23.340 0.0000000000
67681  -39.908  -3.299  27.069 0.0000000000
67696  -39.746  -3.040  26.450 0.0000000000
67717  -40.369  -2.721  25.747 0.0000000000
67735  -40.673  -2.961  24.910 0.0000000000
66757  -41.134  -3.501  24.230 0.0000000000
149875  -42.325  -4.087  23.657 0.0000000000
65806  -42.607  -4.447  22.400 0.0000000000
65830  -42.945  -4.327  21.023 0.0000000000
57704  -29.835  -11.970  54.191 0.0000000000
56753  -27.330  -12.475  40.701 0.0000000000
57877  -28.607  -12.020  40.548 0.0000000000
139542  -28.486  -11.960  41.949 0.0000000000
58899  -29.730  -11.151  44.074 0.0000000000
58883  -30.617  -11.005  45.476 0.0000000000
137335  -32.029  -10.983  47.111 0.0000000000
56798  -32.685  -12.401  37.351 0.0000000000
57895  -32.358  -12.123  39.001 0.0000000000
56754  -32.699  -12.105  40.678 0.0000000000
157856  -35.131  -12.889  42.146 0.0000000000
56718  -34.553  -12.695  42.518 0.0000000000
57838  -33.182  -12.057  42.696 0.0000000000
137290  -32.949  -11.685  44.924 0.0000000000
57787  -33.168  -11.409  46.369 0.0000000000
58823  -33.373  -10.713  48.823 0.0000000000
58793  -34.868  -10.572  50.094 0.0000000000
142702  -36.386  -11.072  51.379 0.0000000000
51162  -14.150  -18.440  50.513 0.0000000000
51149  -14.795  -17.566  51.598 0.0000000000
52240  -16.266  -16.658  47.030 0.0000000000
143869  -15.230  -17.484  47.641 0.0000000000
52224  -15.598  -17.080  49.277 0.0000000000
52216  -15.571  -16.830  50.777 0.0000000000
52201  -15.391  -16.498  52.633 0.0000000000
53304  -16.250  -15.151  54.081 0.0000000000
56564  -19.592  -13.017  54.559 0.0000000000
67764  -47.668  -2.690  22.422 0.0000000000
68803  -49.316  -2.009  23.284 0.0000000000
138849  -50.686  -1.485  23.995 0.0000000000
70942  -50.166  0.243  21.561 0.0000000000
69864  -51.488  -0.370  23.643 0.0000000000
69858  -52.875  -0.599  24.977 0.0000000000
69851  -54.425  -0.374  25.770 0.0000000000
75520  -53.768  4.191  19.268 0.0000000000
75492  -53.649  4.160  20.827 0.0000000000
75472  -54.582  4.221  22.896 0.0000000000
81207  -58.504  9.183  9.242 0.0000000000
81209  -60.076  9.914  8.685 0.0000000000
81218  -61.183  10.047  7.459 0.0000000000
153066  -58.729  7.605  6.390 0.0000000000
80036  -60.480  8.459  6.700 0.0000000000
82363  -61.899  10.470  6.988 0.0000000000
82365  -63.339  11.262  6.161 0.0000000000
83488  -64.142  11.231  5.443 0.0000000000
78921  -61.226  8.090  2.514 0.0000000000
80060  -62.641  8.753  3.085 0.0000000000
83500  -64.488  10.713  3.048 0.0000000000
82429  -65.340  9.631  -0.178 0.0000000000
60110  -41.580  -9.525  34.663 0.0000000000
60127  -41.571  -9.242  33.911 0.0000000000
59043  -40.512  -10.239  34.342 0.0000000000
59049  -41.035  -9.757  34.110 0.0000000000
136792  -45.188  -3.903  22.862 0.0000000000
66776  -46.377  -3.625  23.280 0.0000000000
134920  -45.789  -3.758  22.837 0.0000000000
151353  -58.960  9.106  11.931 0.0000000000
149096  -59.119  9.657  11.324 0.0000000000
82318  -59.899  10.182  11.853 0.0000000000
82328  -59.687  10.265  10.973 0.0000000000
82340  -60.221  10.815  10.611 0.0000000000
82327  -59.074  9.714  10.537 0.0000000000
51135  -14.332  -17.947  52.304 0.0000000000
51120  -14.020  -18.023  53.034 0.0000000000
51121  -14.452  -17.477  53.155 0.0000000000
66704  -41.751  -2.884  29.553 0.0000000000
67661  -42.103  -2.555  30.278 0.0000000000
67669  -41.869  -2.843  29.187 0.0000000000
68726  -41.653  -2.964  28.623 0.0000000000
67673  -41.058  -3.199  28.183 0.0000000000
56597  -24.121  -12.610  52.620 0.0000000000
58804  -31.866  -10.720  49.726 0.0000000000
58791  -31.983  -10.702  50.507 0.0000000000
151734  -32.456  -10.635  50.068 0.0000000000
58792  -33.456  -10.581  50.780 0.0000000000
134982  -33.103  -10.582  50.088 0.0000000000
57812  -41.245  -11.022  45.141 0.0000000000
57811  -40.798  -11.040  45.918 0.0000000000
56596  -22.563  -12.749  52.328 0.0000000000
73235  -50.843  2.841  17.200 0.0000000000
154708  -51.252  3.001  17.835 0.0000000000
64704  -46.104  -6.059  39.244 0.0000000000
64709  -46.108  -5.934  38.342 0.0000000000
62482  -45.787  -6.671  37.815 0.0000000000
139682  -42.725  -6.739  31.844 0.0000000000
133754  -23.325  -13.766  46.596 0.0000000000
133753  -23.304  -13.863  45.622 0.0000000000
56698  -26.811  -12.964  43.500 0.0000000000
56682  -27.132  -12.885  44.360 0.0000000000
56683  -27.818  -12.379  44.339 0.0000000000
56684  -28.116  -12.179  44.923 0.0000000000
57833  -28.063  -12.059  43.687 0.0000000000
57908  -41.144  -11.084  38.687 0.0000000000
138828  -40.577  -11.470  38.944 0.0000000000
57898  -41.405  -11.244  39.559 0.0000000000
58968  -41.747  -11.273  40.547 0.0000000000
58969  -42.507  -10.762  40.783 0.0000000000
60010  -43.049  -10.233  41.269 0.0000000000
60024  -43.132  -10.259  40.566 0.0000000000
62470  -45.602  -7.318  38.397 0.0000000000
62459  -45.704  -7.251  39.304 0.0000000000
160347  -45.918  -6.646  39.268 0.0000000000
64697  -46.081  -5.878  40.123 0.0000000000
134337  -22.038  -14.083  44.807 0.0000000000
69811  -49.001  -1.006  30.089 0.0000000000
146456  -50.096  -0.493  30.711 0.0000000000
68733  -49.477  -1.401  29.390 0.0000000000
68780  -52.364  -1.600  26.239 0.0000000000
68768  -52.404  -1.444  27.194 0.0000000000
68769  -52.986  -1.287  26.670 0.0000000000
69835  -53.721  -1.076  26.626 0.0000000000
68781  -53.145  -1.204  26.100 0.0000000000
76649  -55.803  4.914  14.123 0.0000000000
76650  -56.000  4.699  14.962 0.0000000000
150689  -56.461  5.125  14.529 0.0000000000
153409  -60.847  8.548  17.391 0.0000000000
75571  -50.329  4.164  12.079 0.0000000000
78852  -54.021  7.602  9.989 0.0000000000
78862  -53.475  7.463  9.034 0.0000000000
78863  -54.180  7.546  8.597 0.0000000000
47818  -10.941  -20.308  55.080 0.0000000000
48875  -10.219  -20.330  55.787 0.0000000000
48868  -10.653  -19.719  56.415 0.0000000000
53255  -13.343  -15.571  58.803 0.0000000000
53245  -13.164  -15.480  59.792 0.0000000000
48846  -10.270  -19.254  61.632 0.0000000000
47787  -10.282  -20.756  61.682 0.0000000000
134085  -45.719  -2.771  36.763 0.0000000000
67605  -45.339  -2.035  36.262 0.0000000000
70795  -45.226  0.053  32.799 0.0000000000
70780  -45.412  0.132  33.615 0.0000000000
70796  -45.931  0.287  33.035 0.0000000000
158183  -46.303  0.279  32.640 0.0000000000
70812  -46.748  0.214  32.221 0.0000000000
67699  -42.876  -2.557  26.531 0.0000000000
67720  -43.499  -3.006  25.836 0.0000000000
56601  -27.723  -12.576  51.937 0.0000000000
57726  -28.010  -12.397  52.628 0.0000000000
133180  -28.495  -12.236  52.129 0.0000000000
57893  -30.470  -11.491  39.879 0.0000000000
57878  -30.357  -11.469  40.751 0.0000000000
57864  -31.040  -11.500  41.317 0.0000000000
58936  -30.936  -11.333  42.235 0.0000000000
56758  -36.157  -12.913  39.874 0.0000000000
56757  -35.175  -12.896  39.883 0.0000000000
150072  -36.952  -12.115  46.093 0.0000000000
57808  -36.249  -12.084  45.987 0.0000000000
57791  -36.630  -11.819  46.626 0.0000000000
57790  -35.744  -11.724  46.709 0.0000000000
150073  -36.355  -11.560  47.193 0.0000000000
58826  -36.769  -10.999  48.692 0.0000000000
58847  -37.437  -11.313  47.984 0.0000000000
55481  -18.339  -14.101  52.228 0.0000000000
69910  -47.554  -0.910  19.218 0.0000000000
68848  -47.785  -1.036  19.982 0.0000000000
73171  -53.154  2.944  22.506 0.0000000000
73158  -52.737  2.169  22.829 0.0000000000
73159  -53.443  2.573  23.319 0.0000000000
73145  -53.773  2.113  24.129 0.0000000000
73160  -54.078  3.005  23.867 0.0000000000
76611  -57.004  5.704  19.700 0.0000000000
76597  -56.369  5.571  20.216 0.0000000000
149690  -56.438  7.311  6.806 0.0000000000
78876  -57.763  7.784  7.437 0.0000000000
78885  -57.388  7.422  6.529 0.0000000000
78908  -61.200  7.926  4.052 0.0000000000
139622  -61.837  8.343  4.561 0.0000000000
80082  -62.371  8.609  0.389 0.0000000000
80077  -63.748  9.868  1.031 0.0000000000
82413  -64.706  10.493  0.850 0.0000000000
81269  -64.174  9.968  0.353 0.0000000000
141257  -44.205  -8.178  36.500 0.0000000000
62506  -44.060  -7.947  35.862 0.0000000000
61261  -43.469  -8.370  35.411 0.0000000000
160180  -42.032  -8.484  33.068 0.0000000000
61285  -42.535  -8.177  33.401 0.0000000000
137047  -42.302  -8.011  32.658 0.0000000000
57960  -39.055  -11.244  34.649 0.0000000000
59017  -40.807  -10.582  36.411 0.0000000000
58996  -41.442  -10.757  37.984 0.0000000000
59006  -41.420  -10.461  37.045 0.0000000000
59007  -42.137  -10.244  37.564 0.0000000000
61245  -42.964  -8.939  35.814 0.0000000000
60079  -43.240  -9.124  36.676 0.0000000000
145683  -43.958  -8.647  36.988 0.0000000000
67704  -47.536  -2.985  26.512 0.0000000000
149937  -47.981  -2.684  27.168 0.0000000000
67739  -48.507  -2.974  24.519 0.0000000000
67725  -48.682  -2.950  25.481 0.0000000000
67740  -49.328  -2.696  24.734 0.0000000000
67727  -50.512  -2.336  25.601 0.0000000000
67741  -50.021  -2.413  24.938 0.0000000000
78818  -57.672  6.708  13.223 0.0000000000
159286  -58.130  7.237  12.968 0.0000000000
79960  -60.195  9.007  14.333 0.0000000000
142116  -60.561  9.152  15.206 0.0000000000
81157  -61.053  9.973  15.303 0.0000000000
146683  -61.473  11.806  9.937 0.0000000000
83461  -61.935  11.938  9.341 0.0000000000
83460  -61.109  11.279  9.357 0.0000000000
49980  -13.161  -18.953  53.743 0.0000000000
48910  -12.744  -19.580  52.571 0.0000000000
48884  -12.549  -19.527  54.071 0.0000000000
49965  -12.963  -18.857  54.553 0.0000000000
67635  -43.614  -2.479  33.401 0.0000000000
136373  -43.328  -1.931  33.006 0.0000000000
68715  -42.845  -1.723  30.866 0.0000000000
68708  -43.321  -1.528  32.339 0.0000000000
68716  -43.298  -1.333  31.590 0.0000000000
136328  -43.876  -0.883  31.351 0.0000000000
69793  -43.660  -1.018  30.501 0.0000000000
69792  -43.095  -1.496  30.286 0.0000000000
68758  -42.145  -2.296  27.983 0.0000000000
68776  -42.359  -2.222  27.250 0.0000000000
68775  -41.539  -2.405  27.174 0.0000000000
137730  -29.966  -11.403  50.635 0.0000000000
151776  -30.214  -11.317  51.440 0.0000000000
57739  -30.947  -10.965  51.601 0.0000000000
58766  -32.728  -11.006  52.799 0.0000000000
58765  -32.005  -11.000  52.788 0.0000000000
157327  -32.611  -11.590  53.723 0.0000000000
57722  -34.979  -12.070  52.935 0.0000000000
57732  -35.208  -11.633  52.457 0.0000000000
57917  -30.552  -11.381  37.730 0.0000000000
57905  -30.949  -11.557  38.545 0.0000000000
56723  -38.848  -13.200  42.984 0.0000000000
56706  -39.336  -13.003  43.692 0.0000000000
56674  -39.285  -12.556  45.196 0.0000000000
137363  -39.177  -12.048  46.008 0.0000000000
149563  -38.254  -12.016  46.338 0.0000000000
57793  -38.849  -11.792  46.745 0.0000000000
58849  -39.743  -11.164  47.760 0.0000000000
135990  -41.263  -10.771  49.036 0.0000000000
54421  -19.633  -14.212  47.388 0.0000000000
55484  -20.010  -13.465  51.684 0.0000000000
158882  -20.022  -13.313  52.519 0.0000000000
56594  -20.678  -13.118  52.331 0.0000000000
56567  -22.373  -12.384  54.415 0.0000000000
70989  -48.913  0.786  18.481 0.0000000000
70975  -49.317  0.710  19.251 0.0000000000
72075  -49.559  1.347  18.650 0.0000000000
73212  -51.624  2.749  19.339 0.0000000000
72061  -51.217  2.249  19.839 0.0000000000
73197  -51.937  2.746  20.318 0.0000000000
73184  -52.301  2.723  21.260 0.0000000000
74339  -52.673  3.275  20.779 0.0000000000
80051  -55.670  7.992  4.391 0.0000000000
80102  -61.125  8.713  -0.690 0.0000000000
80103  -62.080  8.550  -1.281 0.0000000000
80112  -62.476  8.604  -2.063 0.0000000000
53295  -15.387  -15.425  55.385 0.0000000000
54312  -15.419  -14.340  59.768 0.0000000000
66625  -46.505  -3.360  41.462 0.0000000000
66629  -46.481  -4.034  39.992 0.0000000000
65695  -46.225  -5.104  38.003 0.0000000000
143214  -46.192  -4.247  37.725 0.0000000000
66641  -46.001  -3.471  37.328 0.0000000000
65704  -45.692  -4.510  36.245 0.0000000000
62507  -44.546  -7.264  35.565 0.0000000000
138676  -44.985  -6.539  35.717 0.0000000000
63687  -44.654  -6.592  35.002 0.0000000000
64740  -44.746  -5.309  34.375 0.0000000000
64751  -44.490  -4.669  33.942 0.0000000000
66673  -44.204  -3.755  33.845 0.0000000000
65729  -43.880  -4.207  33.232 0.0000000000
136391  -42.571  -3.825  31.533 0.0000000000
56625  -23.940  -13.138  50.399 0.0000000000
134683  -23.463  -13.439  48.864 0.0000000000
55525  -24.938  -13.590  47.929 0.0000000000
56637  -25.379  -13.293  49.631 0.0000000000
55515  -26.009  -13.420  48.902 0.0000000000
56638  -26.372  -13.252  49.842 0.0000000000
151225  -24.954  -13.779  45.259 0.0000000000
55558  -25.544  -13.691  45.856 0.0000000000
55540  -27.583  -13.043  47.265 0.0000000000
55539  -26.880  -13.425  47.366 0.0000000000
157748  -27.678  -13.025  47.871 0.0000000000
56639  -27.745  -12.958  49.239 0.0000000000
56648  -28.358  -12.569  48.682 0.0000000000
157130  -28.683  -12.302  49.102 0.0000000000
57770  -28.705  -12.202  48.056 0.0000000000
151175  -29.247  -11.641  47.018 0.0000000000
57771  -29.308  -11.736  47.832 0.0000000000
57772  -29.985  -11.311  47.142 0.0000000000
58820  -30.925  -10.997  48.512 0.0000000000
56815  -35.903  -12.463  36.759 0.0000000000
133739  -34.886  -12.601  36.867 0.0000000000
56800  -36.298  -12.487  37.688 0.0000000000
133743  -35.993  -12.649  38.447 0.0000000000
56786  -36.745  -12.520  38.370 0.0000000000
57934  -38.303  -11.708  36.223 0.0000000000
56816  -37.943  -11.915  36.817 0.0000000000
57919  -38.638  -11.687  37.098 0.0000000000
56789  -39.035  -11.875  38.638 0.0000000000
56777  -39.067  -12.176  39.557 0.0000000000
56760  -38.244  -12.558  39.905 0.0000000000
56761  -39.086  -12.496  40.384 0.0000000000
56742  -39.097  -12.769  41.238 0.0000000000
56762  -39.817  -12.374  40.859 0.0000000000
58937  -41.989  -11.144  42.399 0.0000000000
57853  -41.334  -11.851  42.838 0.0000000000
58920  -41.776  -11.229  43.353 0.0000000000
58902  -41.611  -11.070  44.254 0.0000000000
154094  -42.009  -10.672  43.714 0.0000000000
59977  -42.318  -9.727  44.508 0.0000000000
58903  -42.399  -10.097  43.692 0.0000000000
59999  -43.363  -9.498  42.280 0.0000000000
59988  -43.302  -9.226  42.968 0.0000000000
61159  -43.556  -8.660  43.428 0.0000000000
62414  -43.815  -7.934  44.090 0.0000000000
62425  -44.100  -8.058  43.071 0.0000000000
60039  -43.927  -9.542  39.229 0.0000000000
60026  -44.181  -9.304  40.117 0.0000000000
62437  -45.388  -7.178  41.188 0.0000000000
62436  -44.858  -7.854  41.701 0.0000000000
63612  -45.178  -7.033  42.112 0.0000000000
63600  -44.997  -6.885  43.000 0.0000000000
63601  -45.485  -6.290  42.549 0.0000000000
145735  -45.569  -5.770  43.918 0.0000000000
65681  -46.132  -4.865  41.450 0.0000000000
139645  -46.045  -4.773  42.443 0.0000000000
66617  -46.321  -4.079  41.911 0.0000000000
55567  -20.282  -14.375  45.017 0.0000000000
133756  -22.083  -13.704  47.610 0.0000000000
71874  -50.851  1.147  32.938 0.0000000000
71865  -51.625  1.658  33.301 0.0000000000
70801  -50.838  0.729  32.283 0.0000000000
70818  -52.004  0.561  31.124 0.0000000000
71889  -52.081  1.000  31.709 0.0000000000
154307  -52.770  1.030  31.097 0.0000000000
71890  -53.487  1.591  31.605 0.0000000000
68748  -50.435  -1.719  28.338 0.0000000000
69823  -50.812  -1.313  28.891 0.0000000000
68749  -51.193  -1.519  28.205 0.0000000000
69814  -53.796  -0.181  28.445 0.0000000000
69813  -52.932  -0.375  28.724 0.0000000000
70838  -53.624  0.345  29.218 0.0000000000
70830  -54.072  1.036  29.845 0.0000000000
70839  -54.579  0.621  29.125 0.0000000000
70850  -55.152  0.012  28.535 0.0000000000
74402  -53.331  3.597  15.375 0.0000000000
74393  -54.037  3.932  16.525 0.0000000000
144117  -54.730  4.104  16.021 0.0000000000
76636  -56.995  5.054  17.080 0.0000000000
75534  -56.288  4.741  16.699 0.0000000000
76622  -57.308  5.431  18.447 0.0000000000
76629  -57.615  5.367  17.645 0.0000000000
78794  -59.134  6.957  14.970 0.0000000000
77703  -58.733  6.374  15.347 0.0000000000
77704  -59.285  6.775  15.772 0.0000000000
77687  -59.487  6.623  17.629 0.0000000000
44841  -6.715  -23.044  59.174 0.0000000000
136498  -7.564  -23.888  59.718 0.0000000000
68855  -44.835  -1.982  17.951 0.0000000000
68857  -46.207  -1.497  18.435 0.0000000000
137522  -45.231  -1.580  17.622 0.0000000000
69932  -46.324  -0.746  17.354 0.0000000000
70995  -46.936  -0.045  17.023 0.0000000000
70996  -47.747  0.326  17.507 0.0000000000
71006  -47.439  0.650  16.653 0.0000000000
72109  -48.428  1.713  16.060 0.0000000000
72110  -49.402  2.202  16.409 0.0000000000
134031  -48.993  2.199  15.304 0.0000000000
73265  -50.243  2.779  14.900 0.0000000000
74414  -50.635  3.046  14.154 0.0000000000
74400  -51.837  3.159  14.990 0.0000000000
74415  -51.525  3.209  14.208 0.0000000000
74453  -52.481  4.121  12.858 0.0000000000
74435  -53.011  3.836  13.637 0.0000000000
157105  -53.114  4.241  13.090 0.0000000000
75562  -53.712  4.371  13.287 0.0000000000
75575  -53.199  4.735  12.621 0.0000000000
76697  -53.077  6.588  11.239 0.0000000000
76684  -52.919  5.917  11.671 0.0000000000
152483  -53.455  6.287  11.740 0.0000000000
76669  -54.457  5.763  12.452 0.0000000000
77724  -54.789  6.474  12.160 0.0000000000
77725  -55.528  6.606  12.248 0.0000000000
77735  -55.111  7.098  11.750 0.0000000000
132977  -55.442  7.617  11.190 0.0000000000
78847  -55.941  7.980  10.511 0.0000000000
80007  -56.580  8.255  10.025 0.0000000000
80014  -57.249  8.558  9.694 0.0000000000
78872  -54.445  7.401  7.926 0.0000000000
78873  -55.260  7.375  7.857 0.0000000000
47810  -9.324  -20.558  56.138 0.0000000000
52162  -14.371  -16.383  55.671 0.0000000000
138548  -13.852  -16.580  56.350 0.0000000000
51064  -12.795  -17.325  57.037 0.0000000000
51073  -12.106  -18.304  56.731 0.0000000000
51063  -12.105  -17.745  57.372 0.0000000000
52113  -12.507  -16.177  61.041 0.0000000000
51049  -10.012  -17.816  60.073 0.0000000000
51054  -10.623  -17.507  59.694 0.0000000000
49933  -10.514  -18.234  58.411 0.0000000000
49935  -9.972  -18.853  57.882 0.0000000000
49932  -9.721  -18.535  58.735 0.0000000000
48850  -8.682  -19.680  60.636 0.0000000000
147887  -8.524  -19.329  59.348 0.0000000000
47796  -8.012  -20.147  60.058 0.0000000000
47791  -7.815  -21.044  60.156 0.0000000000
45826  -10.375  -22.475  61.469 0.0000000000
72973  -50.427  2.618  37.714 0.0000000000
157628  -50.980  2.780  37.225 0.0000000000
72990  -50.279  2.488  36.768 0.0000000000
142127  -46.623  -2.378  40.318 0.0000000000
156809  -46.639  -1.902  39.926 0.0000000000
68643  -46.130  -1.078  38.179 0.0000000000
68638  -46.520  -0.952  38.944 0.0000000000
69717  -46.514  -0.236  38.367 0.0000000000
151588  -44.601  -1.335  35.065 0.0000000000
68679  -44.991  -1.274  35.821 0.0000000000
157440  -44.900  -0.752  35.309 0.0000000000
70759  -46.331  0.632  35.575 0.0000000000
70745  -45.876  0.273  35.945 0.0000000000
70746  -46.380  0.562  36.453 0.0000000000
71817  -47.099  1.075  37.660 0.0000000000
147386  -47.047  1.133  36.859 0.0000000000
71832  -47.850  1.519  37.037 0.0000000000
135607  -47.551  1.317  36.305 0.0000000000
71853  -48.345  1.301  34.692 0.0000000000
71842  -48.633  1.602  35.468 0.0000000000
71854  -49.211  1.576  34.822 0.0000000000
134347  -49.920  1.499  34.117 0.0000000000
70782  -48.626  0.794  33.331 0.0000000000
69782  -47.164  -0.124  31.401 0.0000000000
70814  -48.612  0.172  32.022 0.0000000000
69783  -48.117  -0.229  31.397 0.0000000000
69798  -48.550  -0.653  30.745 0.0000000000
69797  -47.637  -0.610  30.726 0.0000000000
69806  -44.231  -0.906  29.946 0.0000000000
69807  -45.184  -0.736  30.111 0.0000000000
69822  -44.751  -1.010  29.447 0.0000000000
148453  -45.409  -1.706  28.543 0.0000000000
68744  -46.215  -1.767  28.594 0.0000000000
68762  -46.674  -2.176  27.893 0.0000000000
67685  -46.204  -2.586  27.265 0.0000000000
66744  -44.035  -3.529  25.206 0.0000000000
66760  -44.543  -3.898  24.345 0.0000000000
66773  -43.735  -4.090  23.756 0.0000000000
67715  -39.096  -3.227  25.833 0.0000000000
152548  -39.668  -2.897  24.900 0.0000000000
143446  -40.089  -3.699  23.473 0.0000000000
66770  -40.800  -3.833  23.542 0.0000000000
66771  -41.612  -3.970  23.617 0.0000000000
65795  -41.262  -4.267  22.923 0.0000000000
65817  -43.123  -4.396  21.806 0.0000000000
135303  -25.357  -12.886  51.316 0.0000000000
56583  -25.625  -12.366  53.057 0.0000000000
57702  -27.559  -12.234  54.144 0.0000000000
57717  -30.652  -11.590  53.688 0.0000000000
156584  -29.947  -11.741  53.599 0.0000000000
57705  -30.522  -11.936  54.402 0.0000000000
58952  -29.460  -11.715  41.257 0.0000000000
58965  -29.018  -11.881  40.089 0.0000000000
58933  -29.098  -11.794  41.658 0.0000000000
57848  -28.938  -11.644  42.660 0.0000000000
57835  -29.060  -11.464  43.665 0.0000000000
58917  -29.623  -11.251  43.070 0.0000000000
58919  -31.011  -11.075  43.690 0.0000000000
58901  -31.079  -11.011  44.653 0.0000000000
58884  -31.385  -11.060  45.557 0.0000000000
58867  -31.564  -11.037  46.405 0.0000000000
58885  -32.022  -11.154  45.794 0.0000000000
152949  -33.360  -12.553  37.427 0.0000000000
56756  -34.276  -12.741  40.193 0.0000000000
151054  -33.172  -12.420  39.072 0.0000000000
56755  -33.483  -12.444  40.441 0.0000000000
56772  -32.925  -12.252  39.802 0.0000000000
141821  -37.059  -13.282  43.071 0.0000000000
56719  -35.800  -13.091  42.201 0.0000000000
142453  -36.126  -13.119  42.996 0.0000000000
56686  -34.818  -12.566  44.235 0.0000000000
56701  -34.661  -12.666  43.365 0.0000000000
56700  -33.899  -12.401  43.018 0.0000000000
141150  -33.282  -12.000  43.541 0.0000000000
57822  -33.407  -11.943  44.357 0.0000000000
57773  -34.351  -11.413  46.974 0.0000000000
57788  -33.987  -11.615  46.366 0.0000000000
141125  -33.651  -11.266  47.079 0.0000000000
58843  -33.312  -10.918  47.908 0.0000000000
147331  -33.975  -10.840  48.443 0.0000000000
58806  -34.193  -10.678  49.251 0.0000000000
136774  -35.107  -10.713  49.200 0.0000000000
58795  -36.852  -10.965  50.564 0.0000000000
58794  -35.867  -10.699  50.584 0.0000000000
58785  -37.058  -11.292  51.115 0.0000000000
140765  -39.174  -11.592  49.791 0.0000000000
58808  -38.483  -11.379  49.414 0.0000000000
61121  -42.818  -8.615  46.365 0.0000000000
51163  -14.691  -17.844  50.752 0.0000000000
53366  -17.549  -15.672  46.419 0.0000000000
53359  -17.493  -15.568  47.263 0.0000000000
144327  -16.783  -15.985  48.571 0.0000000000
140580  -16.839  -16.032  47.633 0.0000000000
52233  -16.296  -16.543  48.017 0.0000000000
144326  -15.806  -16.953  47.603 0.0000000000
52232  -15.729  -16.999  48.336 0.0000000000
51189  -15.254  -17.472  48.545 0.0000000000
53329  -16.329  -15.859  51.359 0.0000000000
140135  -15.852  -16.369  51.264 0.0000000000
52208  -15.361  -16.847  51.679 0.0000000000
53328  -15.868  -16.124  52.001 0.0000000000
53319  -15.889  -15.837  52.857 0.0000000000
53312  -16.437  -15.281  53.229 0.0000000000
55475  -20.044  -12.953  53.843 0.0000000000
154051  -19.375  -13.324  53.935 0.0000000000
56565  -20.361  -12.745  54.664 0.0000000000
73020  -54.718  2.693  34.368 0.0000000000
67777  -46.154  -2.760  20.787 0.0000000000
67763  -46.969  -2.895  22.021 0.0000000000
67778  -46.881  -2.539  21.214 0.0000000000
68822  -48.740  -1.503  21.958 0.0000000000
68811  -48.768  -2.000  22.639 0.0000000000
133067  -49.450  -1.332  22.541 0.0000000000
68804  -50.058  -1.436  23.316 0.0000000000
70961  -50.222  0.803  20.766 0.0000000000
70960  -49.608  0.170  20.725 0.0000000000
70908  -51.782  0.438  23.287 0.0000000000
69865  -52.091  -0.066  24.039 0.0000000000
69857  -52.347  -0.533  24.493 0.0000000000
70893  -52.649  -0.055  24.425 0.0000000000
69850  -53.637  -0.402  25.357 0.0000000000
70895  -54.085  0.500  25.176 0.0000000000
71955  -55.513  1.555  25.866 0.0000000000
71954  -54.802  1.102  25.479 0.0000000000
75528  -53.932  4.139  18.444 0.0000000000
75521  -54.443  4.532  18.993 0.0000000000
76586  -55.748  5.411  20.901 0.0000000000
75493  -54.343  4.671  20.472 0.0000000000
147171  -54.905  4.991  21.221 0.0000000000
75481  -54.172  4.457  21.404 0.0000000000
75482  -54.736  4.680  22.097 0.0000000000
80020  -57.924  8.766  8.905 0.0000000000
81216  -59.587  9.327  8.274 0.0000000000
82357  -60.807  10.382  8.237 0.0000000000
81217  -60.398  9.688  7.897 0.0000000000
78896  -58.230  7.445  5.804 0.0000000000
78897  -59.270  7.556  5.699 0.0000000000
80044  -60.813  8.102  5.866 0.0000000000
136428  -61.261  8.795  6.329 0.0000000000
81223  -61.578  9.635  6.677 0.0000000000
81224  -62.249  10.142  6.214 0.0000000000
82364  -62.630  10.904  6.553 0.0000000000
81236  -63.253  9.973  4.175 0.0000000000
82378  -63.185  10.346  4.972 0.0000000000
83496  -64.496  10.989  4.682 0.0000000000
145821  -64.509  10.843  3.808 0.0000000000
80075  -61.545  8.405  1.153 0.0000000000
78925  -60.840  8.197  1.873 0.0000000000
80059  -61.905  8.253  2.753 0.0000000000
80068  -62.519  8.648  2.186 0.0000000000
83506  -64.389  10.567  2.283 0.0000000000
147419  -63.945  10.217  2.196 0.0000000000
83507  -64.664  10.715  2.406 0.0000000000
83501  -64.691  10.812  3.159 0.0000000000
82391  -65.164  10.747  2.708 0.0000000000
82427  -64.776  10.048  0.015 0.0000000000
82436  -64.890  9.741  -0.438 0.0000000000
144456  -42.805  -8.730  34.960 0.0000000000
60128  -42.085  -8.719  33.699 0.0000000000
59042  -39.899  -10.728  34.678 0.0000000000
143392  -40.557  -10.367  35.034 0.0000000000
59030  -41.066  -10.230  35.639 0.0000000000
59019  -41.991  -9.990  36.722 0.0000000000
60077  -41.774  -9.850  35.935 0.0000000000
60093  -42.198  -9.361  35.333 0.0000000000
66747  -46.770  -3.521  25.122 0.0000000000
147648  -47.914  -3.165  25.859 0.0000000000
66763  -47.159  -3.460  24.467 0.0000000000
67738  -47.804  -3.207  24.137 0.0000000000
79987  -57.882  8.224  11.796 0.0000000000
79988  -58.607  8.493  12.177 0.0000000000
79989  -59.226  8.736  12.642 0.0000000000
82319  -60.562  10.716  12.399 0.0000000000
83443  -60.985  11.409  12.014 0.0000000000
83444  -61.615  12.005  11.619 0.0000000000
83454  -60.854  11.446  11.087 0.0000000000
50009  -13.731  -18.795  51.136 0.0000000000
49994  -13.324  -19.099  51.958 0.0000000000
49995  -13.782  -18.537  52.586 0.0000000000
49981  -13.666  -18.477  53.386 0.0000000000
66694  -42.316  -2.932  31.392 0.0000000000
67645  -42.659  -2.410  31.926 0.0000000000
67654  -42.397  -2.249  31.051 0.0000000000
67662  -42.419  -2.168  30.419 0.0000000000
68721  -42.639  -1.948  30.052 0.0000000000
68728  -42.482  -2.199  29.450 0.0000000000
68739  -41.922  -2.658  28.331 0.0000000000
68757  -41.457  -2.690  27.604 0.0000000000
56568  -23.162  -12.355  54.147 0.0000000000
58790  -31.253  -10.834  50.252 0.0000000000
136593  -31.440  -10.812  51.018 0.0000000000
139902  -32.175  -10.719  51.239 0.0000000000
58773  -33.255  -10.822  52.162 0.0000000000
57730  -33.555  -11.150  52.805 0.0000000000
58774  -34.125  -10.940  52.187 0.0000000000
58783  -34.638  -10.769  51.541 0.0000000000
57839  -40.536  -12.342  44.160 0.0000000000
56691  -39.765  -12.705  44.397 0.0000000000
57824  -40.203  -12.184  45.057 0.0000000000
57795  -40.092  -11.713  45.898 0.0000000000
58871  -40.311  -11.203  46.658 0.0000000000
58870  -39.859  -11.293  47.219 0.0000000000
58850  -40.440  -10.862  47.523 0.0000000000
58851  -41.271  -10.256  47.598 0.0000000000
56622  -21.218  -13.354  50.811 0.0000000000
56608  -20.905  -13.258  51.556 0.0000000000
56595  -21.557  -12.958  52.167 0.0000000000
56580  -22.696  -12.547  53.404 0.0000000000
72086  -49.813  1.937  18.010 0.0000000000
72076  -50.236  1.908  18.796 0.0000000000
73226  -50.634  2.515  18.092 0.0000000000
73227  -51.384  2.867  18.531 0.0000000000
74364  -52.048  3.132  18.846 0.0000000000
65686  -46.296  -4.962  40.369 0.0000000000
65691  -46.408  -4.684  39.425 0.0000000000
134116  -46.305  -5.277  38.859 0.0000000000
62538  -43.564  -7.065  33.491 0.0000000000
63717  -43.876  -6.178  33.263 0.0000000000
64763  -43.548  -5.707  32.498 0.0000000000
65737  -43.481  -4.690  32.439 0.0000000000
64762  -43.193  -5.318  31.958 0.0000000000
55535  -22.971  -13.653  47.452 0.0000000000
55524  -23.528  -13.562  47.999 0.0000000000
151638  -23.624  -13.658  47.295 0.0000000000
135299  -24.228  -13.608  47.620 0.0000000000
55537  -24.896  -13.666  47.132 0.0000000000
137807  -25.916  -13.625  45.134 0.0000000000
55559  -26.728  -13.312  45.160 0.0000000000
56668  -27.647  -12.893  46.301 0.0000000000
56660  -28.205  -12.470  46.816 0.0000000000
56669  -28.260  -12.185  45.758 0.0000000000
57803  -29.067  -11.524  45.507 0.0000000000
57921  -39.973  -11.284  37.508 0.0000000000
140242  -39.260  -11.608  37.756 0.0000000000
142854  -39.889  -11.555  38.360 0.0000000000
57897  -40.515  -11.770  39.771 0.0000000000
57882  -40.362  -12.016  40.477 0.0000000000
57866  -40.657  -12.101  41.259 0.0000000000
57867  -41.370  -11.655  41.103 0.0000000000
58954  -41.928  -11.225  41.409 0.0000000000
58938  -42.536  -10.504  42.433 0.0000000000
59998  -42.950  -10.098  42.035 0.0000000000
61187  -43.812  -9.213  41.662 0.0000000000
62458  -45.257  -8.012  39.807 0.0000000000
62448  -45.587  -7.274  40.258 0.0000000000
63626  -45.802  -6.526  40.675 0.0000000000
55555  -20.918  -14.148  45.538 0.0000000000
55556  -21.751  -14.028  45.634 0.0000000000
133755  -22.550  -13.768  46.909 0.0000000000
69785  -49.833  -0.173  31.294 0.0000000000
70816  -50.367  0.285  31.824 0.0000000000
70826  -50.627  -0.051  31.047 0.0000000000
70827  -51.494  0.045  30.650 0.0000000000
68778  -51.102  -1.998  26.921 0.0000000000
68750  -51.930  -1.229  28.009 0.0000000000
68767  -51.550  -1.672  27.460 0.0000000000
69825  -52.732  -0.975  27.942 0.0000000000
138851  -53.603  -0.713  27.912 0.0000000000
136932  -54.621  -0.531  27.984 0.0000000000
147111  -54.244  -0.963  27.263 0.0000000000
69836  -55.300  -0.879  27.303 0.0000000000
69843  -54.704  -0.832  26.527 0.0000000000
75539  -54.668  4.078  15.185 0.0000000000
75540  -55.410  4.332  15.507 0.0000000000
76642  -56.930  5.054  16.175 0.0000000000
78796  -60.010  7.944  15.875 0.0000000000
78781  -59.782  7.297  16.259 0.0000000000
78782  -60.363  8.057  16.725 0.0000000000
84532  -64.140  11.655  6.756 0.0000000000
71019  -47.107  0.989  15.967 0.0000000000
74433  -51.132  3.352  13.429 0.0000000000
74451  -50.714  3.664  12.703 0.0000000000
75572  -51.160  4.210  12.233 0.0000000000
75586  -51.620  4.764  11.866 0.0000000000
77751  -52.682  6.837  10.598 0.0000000000
77752  -53.408  7.177  10.708 0.0000000000
78845  -54.171  7.417  10.924 0.0000000000
78853  -54.962  7.858  9.590 0.0000000000
80012  -55.766  7.903  9.289 0.0000000000
47817  -9.530  -20.926  55.324 0.0000000000
53267  -14.345  -15.298  57.544 0.0000000000
53266  -13.643  -15.783  57.881 0.0000000000
52127  -12.903  -16.240  58.236 0.0000000000
51043  -11.604  -17.292  61.431 0.0000000000
49925  -10.089  -17.937  60.846 0.0000000000
49929  -9.529  -18.375  59.556 0.0000000000
49924  -9.413  -18.476  60.414 0.0000000000
48851  -9.109  -19.012  60.847 0.0000000000
47785  -8.920  -20.202  61.079 0.0000000000
46807  -8.953  -20.884  61.144 0.0000000000
142966  -9.605  -21.067  61.400 0.0000000000
46808  -10.061  -21.663  61.540 0.0000000000
151703  -46.211  -2.475  38.309 0.0000000000
146714  -45.981  -1.853  37.909 0.0000000000
68652  -45.818  -1.171  37.371 0.0000000000
70769  -44.934  -0.201  34.177 0.0000000000
69750  -45.132  -0.211  34.986 0.0000000000
70770  -45.588  0.192  34.451 0.0000000000
71851  -46.896  0.946  35.097 0.0000000000
154927  -46.825  0.753  34.366 0.0000000000
70771  -47.232  0.708  33.663 0.0000000000
71863  -48.075  1.016  33.900 0.0000000000
143371  -47.922  0.670  33.285 0.0000000000
70797  -47.425  0.434  32.824 0.0000000000
68742  -43.931  -1.600  28.608 0.0000000000
68743  -44.738  -1.427  28.861 0.0000000000
68760  -43.702  -1.969  27.935 0.0000000000
67683  -44.264  -2.361  27.295 0.0000000000
67701  -44.815  -2.853  26.610 0.0000000000
66743  -43.253  -3.387  25.241 0.0000000000
56600  -26.828  -12.607  52.118 0.0000000000
56584  -26.540  -12.358  53.007 0.0000000000
56585  -27.365  -12.426  52.734 0.0000000000
57714  -27.865  -12.320  53.304 0.0000000000
57703  -28.456  -12.246  53.844 0.0000000000
56571  -31.648  -12.356  54.750 0.0000000000
56570  -30.826  -12.285  54.834 0.0000000000
58993  -29.419  -11.272  38.764 0.0000000000
58992  -28.912  -11.561  38.762 0.0000000000
58981  -29.316  -11.629  39.568 0.0000000000
134062  -29.766  -11.544  40.984 0.0000000000
160089  -29.724  -11.518  41.481 0.0000000000
145258  -30.822  -11.132  42.980 0.0000000000
57836  -31.733  -11.349  43.997 0.0000000000
133744  -34.645  -12.708  38.427 0.0000000000
56774  -34.446  -12.723  39.320 0.0000000000
56738  -34.865  -12.912  40.842 0.0000000000
56703  -36.507  -13.002  43.924 0.0000000000
56688  -36.429  -12.774  44.773 0.0000000000
56671  -35.930  -12.467  45.292 0.0000000000
56670  -35.051  -12.361  45.083 0.0000000000
57806  -34.478  -11.930  45.687 0.0000000000
58845  -35.187  -11.021  47.948 0.0000000000
156082  -35.355  -10.859  48.589 0.0000000000
148366  -35.931  -11.019  48.261 0.0000000000
134980  -36.551  -10.826  49.676 0.0000000000
136773  -37.544  -11.131  49.820 0.0000000000
54413  -17.906  -14.947  48.607 0.0000000000
53347  -17.337  -15.423  49.074 0.0000000000
53346  -16.673  -15.944  49.633 0.0000000000
53345  -16.077  -16.528  49.682 0.0000000000
53338  -16.803  -15.624  50.665 0.0000000000
155761  -16.855  -15.371  51.458 0.0000000000
54384  -17.017  -14.828  52.783 0.0000000000
56552  -21.297  -12.354  55.646 0.0000000000
56551  -20.669  -12.576  55.332 0.0000000000
67793  -46.786  -2.084  20.353 0.0000000000
68833  -47.458  -1.910  20.951 0.0000000000
141312  -47.444  -1.573  20.327 0.0000000000
69888  -48.713  -0.975  21.188 0.0000000000
68823  -49.219  -0.934  21.834 0.0000000000
72020  -51.393  1.553  21.548 0.0000000000
71986  -52.301  1.330  23.094 0.0000000000
71970  -53.497  1.151  24.415 0.0000000000
73131  -54.872  2.112  25.319 0.0000000000
73132  -55.565  2.605  25.734 0.0000000000
76620  -55.921  5.056  18.662 0.0000000000
75508  -54.909  4.899  19.653 0.0000000000
76596  -55.661  5.249  19.968 0.0000000000
146871  -56.279  5.760  21.591 0.0000000000
80027  -57.313  8.183  8.438 0.0000000000
78877  -58.656  7.896  7.184 0.0000000000
80045  -61.567  8.509  5.466 0.0000000000
81229  -62.571  9.849  5.451 0.0000000000
80046  -62.281  9.037  5.066 0.0000000000
80053  -62.659  8.997  4.112 0.0000000000
80092  -60.237  8.906  -0.159 0.0000000000
147073  -62.378  8.609  1.339 0.0000000000
80076  -63.144  9.199  1.610 0.0000000000
82396  -64.180  10.393  1.612 0.0000000000
82397  -64.579  10.580  1.579 0.0000000000
82398  -64.996  10.634  1.322 0.0000000000
81296  -64.810  9.165  -1.304 0.0000000000
82438  -65.298  9.259  -0.839 0.0000000000
81298  -65.345  8.838  -1.423 0.0000000000
158009  -45.486  -7.286  37.790 0.0000000000
63666  -45.272  -7.200  37.060 0.0000000000
62493  -44.645  -7.624  36.377 0.0000000000
62523  -44.240  -7.141  34.816 0.0000000000
61272  -43.302  -8.107  34.620 0.0000000000
62521  -43.123  -7.791  33.833 0.0000000000
62522  -43.753  -7.428  34.312 0.0000000000
133751  -23.267  -13.954  44.842 0.0000000000
55594  -25.211  -13.727  42.715 0.0000000000
56715  -26.581  -13.049  42.619 0.0000000000
56716  -27.362  -12.584  42.732 0.0000000000
57958  -37.508  -11.975  34.657 0.0000000000
57935  -39.094  -11.424  36.311 0.0000000000
59028  -39.508  -11.112  35.545 0.0000000000
57936  -39.963  -11.044  36.531 0.0000000000
136314  -41.709  -10.856  38.795 0.0000000000
58983  -42.259  -10.724  39.298 0.0000000000
149710  -42.814  -10.515  39.941 0.0000000000
60038  -43.052  -10.128  39.061 0.0000000000
60052  -43.576  -9.631  38.490 0.0000000000
60064  -42.738  -9.691  37.151 0.0000000000
60065  -43.614  -9.294  37.645 0.0000000000
61223  -44.210  -9.102  38.478 0.0000000000
61224  -44.785  -8.519  38.460 0.0000000000
62481  -45.103  -7.880  37.912 0.0000000000
143705  -48.116  -1.936  28.558 0.0000000000
68746  -48.811  -1.757  28.906 0.0000000000
160018  -48.832  -1.998  28.283 0.0000000000
68764  -49.260  -2.241  27.725 0.0000000000
67688  -49.791  -2.473  26.962 0.0000000000
142972  -48.373  -2.906  26.402 0.0000000000
67705  -49.227  -2.733  26.276 0.0000000000
67689  -50.468  -2.189  27.154 0.0000000000
67707  -50.563  -2.333  26.478 0.0000000000
68779  -51.387  -2.025  26.089 0.0000000000
154225  -51.191  -1.932  25.293 0.0000000000
76662  -56.437  5.901  13.241 0.0000000000
76651  -57.217  5.575  14.524 0.0000000000
77709  -57.850  6.302  14.087 0.0000000000
77710  -58.558  6.594  14.543 0.0000000000
154482  -58.937  7.149  14.289 0.0000000000
78820  -59.078  7.672  13.694 0.0000000000
78807  -59.452  7.587  14.551 0.0000000000
79949  -60.482  8.625  15.938 0.0000000000
81152  -61.023  9.476  16.045 0.0000000000
145397  -62.121  12.192  11.001 0.0000000000
84512  -62.791  12.202  9.377 0.0000000000
83475  -61.972  11.445  8.074 0.0000000000
48924  -12.534  -19.703  51.635 0.0000000000
48909  -11.999  -20.105  52.320 0.0000000000
143151  -11.886  -20.047  53.873 0.0000000000
48883  -11.837  -19.830  54.775 0.0000000000
49950  -12.039  -19.254  55.631 0.0000000000
137833  -44.712  -2.860  35.029 0.0000000000
67615  -44.831  -2.070  35.477 0.0000000000
68700  -43.979  -1.123  33.698 0.0000000000
141208  -42.946  -2.002  32.396 0.0000000000
68699  -43.712  -1.342  33.070 0.0000000000
69758  -44.195  -0.796  33.171 0.0000000000
69770  -44.586  -0.461  32.586 0.0000000000
69771  -45.116  -0.226  31.920 0.0000000000
137143  -44.608  -0.610  31.407 0.0000000000
69794  -44.447  -0.738  30.716 0.0000000000
69819  -42.838  -1.760  29.466 0.0000000000
69820  -43.309  -1.508  29.050 0.0000000000
151281  -43.251  -1.770  28.467 0.0000000000
68759  -42.858  -2.052  27.953 0.0000000000
56615  -28.687  -12.157  51.249 0.0000000000
134236  -29.199  -11.913  52.590 0.0000000000
57727  -29.748  -11.620  52.059 0.0000000000
57729  -30.778  -11.286  52.900 0.0000000000
58771  -31.355  -10.980  52.371 0.0000000000
57718  -31.419  -11.248  53.167 0.0000000000
154180  -31.534  -11.523  53.775 0.0000000000
57721  -34.359  -12.026  53.292 0.0000000000
152312  -29.080  -10.905  37.427 0.0000000000
58994  -30.148  -11.254  38.610 0.0000000000
155397  -30.532  -11.432  39.159 0.0000000000
57879  -31.183  -11.630  40.391 0.0000000000
56741  -38.189  -13.032  41.573 0.0000000000
56740  -37.161  -13.164  41.488 0.0000000000
56721  -37.562  -13.278  42.311 0.0000000000
141820  -37.981  -13.357  43.064 0.0000000000
56704  -37.550  -13.237  43.835 0.0000000000
56690  -38.933  -12.979  44.452 0.0000000000
148182  -38.512  -12.813  45.024 0.0000000000
56673  -37.781  -12.762  45.228 0.0000000000
57809  -37.614  -12.319  45.900 0.0000000000
58848  -38.379  -11.326  48.074 0.0000000000
134344  -39.428  -11.316  49.031 0.0000000000
58829  -40.030  -11.029  48.349 0.0000000000
58810  -40.389  -11.078  49.022 0.0000000000
58809  -39.934  -11.458  49.500 0.0000000000
54428  -18.598  -14.950  45.930 0.0000000000
153416  -18.490  -14.663  48.255 0.0000000000
54414  -19.183  -14.249  48.364 0.0000000000
144582  -18.543  -14.545  48.965 0.0000000000
55492  -18.491  -14.119  51.423 0.0000000000
55482  -18.866  -13.723  52.694 0.0000000000
55483  -19.475  -13.552  52.295 0.0000000000
56578  -20.895  -12.719  53.939 0.0000000000
137419  -21.200  -12.784  53.032 0.0000000000
155681  -21.601  -12.525  54.397 0.0000000000
69926  -47.961  -0.324  18.778 0.0000000000
70974  -48.638  0.148  19.034 0.0000000000
70976  -49.748  0.718  20.035 0.0000000000
72060  -50.357  1.305  20.127 0.0000000000
154654  -50.590  1.826  19.565 0.0000000000
158046  -50.852  1.761  20.192 0.0000000000
72021  -51.997  2.193  21.659 0.0000000000
73170  -52.539  2.519  22.032 0.0000000000
78903  -56.067  7.489  5.179 0.0000000000
78895  -56.718  7.299  5.874 0.0000000000
78904  -57.001  7.498  5.018 0.0000000000
78911  -57.369  7.738  4.232 0.0000000000
80093  -61.971  8.513  -0.394 0.0000000000
80095  -63.956  9.358  -0.359 0.0000000000
154883  -63.753  8.881  -1.063 0.0000000000
145416  -64.320  9.246  -0.917 0.0000000000
80105  -63.896  8.714  -1.740 0.0000000000
81295  -64.398  8.847  -1.750 0.0000000000
53310  -14.910  -16.392  54.172 0.0000000000
53294  -14.782  -15.745  55.880 0.0000000000
54336  -14.827  -14.695  58.101 0.0000000000
67584  -46.625  -2.710  41.099 0.0000000000
66633  -46.481  -3.136  39.527 0.0000000000
143221  -46.446  -3.941  39.173 0.0000000000
66646  -45.729  -3.604  36.491 0.0000000000
63678  -45.682  -6.362  37.024 0.0000000000
64722  -45.694  -5.606  36.496 0.0000000000
150021  -44.718  -5.950  34.562 0.0000000000
159277  -44.936  -5.438  34.910 0.0000000000
64731  -45.324  -5.220  35.538 0.0000000000
65715  -45.236  -4.274  35.386 0.0000000000
66656  -45.078  -3.535  35.358 0.0000000000
66672  -43.697  -3.261  33.346 0.0000000000
66682  -42.777  -3.244  32.099 0.0000000000
146384  -42.986  -4.038  32.122 0.0000000000
66705  -41.665  -3.126  30.100 0.0000000000
136811  -23.684  -12.991  51.195 0.0000000000
150486  -24.441  -12.984  51.016 0.0000000000
154135  -24.319  -13.320  49.469 0.0000000000
56626  -25.650  -13.121  50.400 0.0000000000
134855  -26.302  -12.785  51.544 0.0000000000
56627  -27.034  -13.030  50.421 0.0000000000
56614  -27.948  -12.667  51.045 0.0000000000
133750  -23.994  -13.880  45.000 0.0000000000
55546  -24.895  -13.724  46.279 0.0000000000
136796  -25.469  -13.628  47.451 0.0000000000
135160  -26.252  -13.567  45.918 0.0000000000
55538  -26.132  -13.581  47.402 0.0000000000
55527  -26.502  -13.474  48.119 0.0000000000
56647  -26.992  -13.320  48.907 0.0000000000
56628  -27.764  -12.842  50.148 0.0000000000
56629  -28.500  -12.382  50.336 0.0000000000
57746  -29.193  -11.828  50.470 0.0000000000
57754  -28.973  -11.978  49.550 0.0000000000
57755  -29.769  -11.541  49.794 0.0000000000
57785  -28.715  -12.058  47.331 0.0000000000
57763  -29.620  -11.648  48.968 0.0000000000
139168  -30.338  -11.265  49.152 0.0000000000
58821  -31.817  -10.791  48.793 0.0000000000
152215  -34.319  -12.563  35.614 0.0000000000
133737  -34.385  -12.575  36.258 0.0000000000
133742  -34.559  -12.650  37.587 0.0000000000
157354  -35.353  -12.725  38.577 0.0000000000
56759  -37.164  -12.754  39.749 0.0000000000
140766  -37.330  -12.166  36.956 0.0000000000
57907  -38.603  -11.845  37.918 0.0000000000
56788  -38.211  -12.130  38.463 0.0000000000
56787  -37.479  -12.345  38.361 0.0000000000
56776  -37.788  -12.444  39.091 0.0000000000
134985  -37.650  -12.899  40.687 0.0000000000
142573  -39.044  -12.996  42.131 0.0000000000
56724  -39.818  -12.826  42.832 0.0000000000
138264  -40.669  -12.340  42.304 0.0000000000
57852  -40.660  -12.395  43.274 0.0000000000
59966  -41.500  -10.251  45.799 0.0000000000
150782  -41.993  -9.756  45.256 0.0000000000
59967  -42.398  -9.292  45.172 0.0000000000
61158  -42.916  -9.306  43.751 0.0000000000
61146  -43.281  -8.328  44.874 0.0000000000
62402  -43.819  -7.674  45.135 0.0000000000
62403  -44.458  -7.103  44.523 0.0000000000
60025  -43.662  -9.710  40.884 0.0000000000
61188  -44.325  -8.571  41.719 0.0000000000
147128  -44.763  -8.609  40.348 0.0000000000
155602  -44.688  -8.396  41.102 0.0000000000
61174  -44.378  -8.175  42.329 0.0000000000
63587  -44.850  -6.769  43.769 0.0000000000
64678  -45.841  -5.590  42.025 0.0000000000
147881  -46.109  -4.664  43.368 0.0000000000
54435  -18.771  -14.934  45.049 0.0000000000
54429  -19.768  -14.307  46.514 0.0000000000
55544  -20.363  -14.019  46.837 0.0000000000
133258  -21.054  -14.007  46.321 0.0000000000
55534  -21.119  -13.836  47.302 0.0000000000
55501  -22.463  -13.303  49.986 0.0000000000
73029  -52.042  2.172  34.015 0.0000000000
71875  -51.602  1.142  32.375 0.0000000000
154432  -52.190  1.290  32.176 0.0000000000
71877  -53.245  1.861  32.387 0.0000000000
71878  -54.033  2.107  32.113 0.0000000000
68734  -50.362  -1.089  29.517 0.0000000000
70836  -52.003  -0.098  30.044 0.0000000000
69824  -51.535  -1.002  28.733 0.0000000000
69812  -51.987  -0.471  29.311 0.0000000000
70829  -53.194  0.711  30.182 0.0000000000
140900  -54.644  1.472  30.432 0.0000000000
70851  -56.146  -0.158  28.560 0.0000000000
74391  -52.504  3.405  16.595 0.0000000000
74384  -52.544  3.466  17.551 0.0000000000
139936  -53.295  3.750  17.048 0.0000000000
74385  -54.154  4.070  17.465 0.0000000000
137699  -54.739  4.433  18.160 0.0000000000
145036  -55.475  4.371  16.476 0.0000000000
157926  -55.772  4.578  17.185 0.0000000000
75523  -55.609  4.743  17.948 0.0000000000
76621  -56.609  5.233  18.578 0.0000000000
76612  -57.571  5.760  19.129 0.0000000000
153152  -58.192  6.088  19.224 0.0000000000
76644  -58.305  5.865  15.864 0.0000000000
77695  -58.643  5.953  16.655 0.0000000000
77696  -59.329  6.556  16.680 0.0000000000
77686  -58.986  6.156  17.280 0.0000000000
76630  -58.383  5.757  17.436 0.0000000000
46816  -6.744  -21.811  58.878 0.0000000000
133103  -44.205  -3.905  21.225 0.0000000000
66789  -45.451  -3.666  22.024 0.0000000000
66801  -44.973  -3.588  21.165 0.0000000000
66817  -45.340  -3.071  20.412 0.0000000000
66835  -45.372  -2.679  19.680 0.0000000000
67807  -45.041  -2.539  19.068 0.0000000000
68846  -46.442  -1.902  19.512 0.0000000000
68858  -46.789  -1.346  18.900 0.0000000000
69925  -47.299  -0.710  18.485 0.0000000000
68866  -45.635  -1.137  17.308 0.0000000000
70987  -47.676  -0.171  18.167 0.0000000000
70997  -48.511  0.900  17.752 0.0000000000
150471  -48.797  1.437  17.357 0.0000000000
72095  -47.788  1.201  16.228 0.0000000000
73233  -49.324  1.894  17.308 0.0000000000
73240  -50.320  2.704  16.426 0.0000000000
154369  -49.583  2.520  14.913 0.0000000000
73250  -50.651  2.903  15.634 0.0000000000
73241  -51.231  3.061  16.346 0.0000000000
74390  -52.023  3.236  15.848 0.0000000000
74401  -52.610  3.364  15.147 0.0000000000
74417  -53.224  3.623  14.553 0.0000000000
74434  -52.044  3.557  13.515 0.0000000000
75549  -54.532  4.153  14.459 0.0000000000
75563  -54.778  4.631  13.649 0.0000000000
76661  -55.699  5.418  13.272 0.0000000000
76683  -52.181  5.423  11.549 0.0000000000
76668  -52.859  5.276  12.049 0.0000000000
76660  -54.891  5.304  12.930 0.0000000000
76671  -56.010  6.152  12.721 0.0000000000
153380  -56.167  6.761  12.308 0.0000000000
77726  -56.589  7.296  12.042 0.0000000000
78833  -54.787  7.439  11.209 0.0000000000
78834  -56.241  7.763  11.280 0.0000000000
78835  -57.065  7.950  11.493 0.0000000000
79997  -57.552  8.539  10.951 0.0000000000
81196  -58.033  9.014  10.462 0.0000000000
81197  -58.488  9.296  10.204 0.0000000000
81200  -57.881  8.972  9.932 0.0000000000
80019  -57.150  8.439  9.165 0.0000000000
80018  -56.473  8.073  9.058 0.0000000000
80026  -56.580  7.849  8.466 0.0000000000
78874  -56.081  7.472  7.717 0.0000000000
78883  -55.272  7.306  6.342 0.0000000000
140697  -54.798  7.417  6.059 0.0000000000
78894  -55.340  7.463  5.675 0.0000000000
51106  -14.459  -17.141  54.015 0.0000000000
51105  -13.850  -17.544  54.706 0.0000000000
51088  -13.485  -17.661  55.508 0.0000000000
51075  -13.309  -17.333  56.316 0.0000000000
51087  -13.284  -18.215  55.042 0.0000000000
49951  -12.721  -18.730  55.364 0.0000000000
49943  -12.408  -18.542  56.108 0.0000000000
49942  -11.770  -18.853  56.441 0.0000000000
53238  -12.784  -15.784  60.540 0.0000000000
53244  -12.504  -15.954  59.934 0.0000000000
132884  -12.221  -16.642  58.696 0.0000000000
52118  -11.502  -16.772  60.436 0.0000000000
150578  -11.604  -16.917  59.048 0.0000000000
52126  -11.801  -17.287  58.291 0.0000000000
51062  -11.295  -17.951  57.961 0.0000000000
49941  -11.075  -19.051  56.807 0.0000000000
48864  -10.330  -19.246  57.134 0.0000000000
48863  -9.536  -19.514  57.458 0.0000000000
49931  -9.031  -18.898  59.087 0.0000000000
48857  -8.560  -19.500  58.660 0.0000000000
46817  -7.262  -21.502  59.522 0.0000000000
46812  -7.678  -21.982  60.182 0.0000000000
45834  -8.241  -22.398  60.563 0.0000000000
45824  -8.876  -22.374  60.981 0.0000000000
74139  -51.747  2.906  37.156 0.0000000000
68628  -47.289  -1.354  41.950 0.0000000000
153240  -46.608  -1.512  39.515 0.0000000000
68667  -45.475  -1.219  36.560 0.0000000000
69737  -45.756  -0.495  36.841 0.0000000000
150221  -45.856  0.040  36.469 0.0000000000
70734  -46.089  0.121  37.087 0.0000000000
70726  -46.799  0.564  38.085 0.0000000000
71802  -47.358  1.144  38.508 0.0000000000
72971  -48.972  2.184  37.827 0.0000000000
71833  -48.728  2.043  37.004 0.0000000000
71841  -47.720  1.291  35.462 0.0000000000
73001  -48.990  1.992  36.136 0.0000000000
72989  -49.458  2.225  36.664 0.0000000000
73002  -49.768  2.199  35.990 0.0000000000
73003  -50.584  2.378  35.856 0.0000000000
71855  -50.757  1.938  34.477 0.0000000000
70784  -50.211  1.178  33.339 0.0000000000
70798  -48.239  0.439  32.710 0.0000000000
70799  -49.092  0.511  32.689 0.0000000000
70815  -49.496  0.206  31.975 0.0000000000
147511  -45.871  -0.540  30.652 0.0000000000
68729  -45.605  -1.225  29.240 0.0000000000
69809  -47.179  -0.966  29.995 0.0000000000
68731  -47.729  -1.517  29.321 0.0000000000
159460  -48.305  -1.683  29.081 0.0000000000
67686  -47.107  -2.654  27.228 0.0000000000
67703  -46.676  -3.003  26.560 0.0000000000
67722  -45.346  -3.336  25.917 0.0000000000
67723  -46.272  -3.374  25.891 0.0000000000
66761  -45.441  -3.798  24.535 0.0000000000
66775  -45.477  -3.875  23.645 0.0000000000
66788  -44.611  -4.015  22.484 0.0000000000
139608  -40.752  -3.404  28.378 0.0000000000
67682  -40.748  -3.020  27.479 0.0000000000
68756  -40.306  -2.931  26.887 0.0000000000
67697  -40.282  -2.763  26.452 0.0000000000
68787  -40.973  -2.572  26.499 0.0000000000
67718  -41.367  -2.799  25.617 0.0000000000
66756  -40.275  -3.315  24.148 0.0000000000
67737  -42.000  -3.239  25.059 0.0000000000
137411  -42.011  -3.692  24.345 0.0000000000
66772  -42.882  -3.989  24.089 0.0000000000
65804  -40.857  -4.525  22.182 0.0000000000
65796  -42.100  -4.333  23.022 0.0000000000
65797  -42.982  -4.282  23.195 0.0000000000
65807  -43.303  -4.360  22.467 0.0000000000
66800  -43.916  -4.199  22.001 0.0000000000
56582  -24.758  -12.410  53.257 0.0000000000
57713  -25.401  -12.198  53.858 0.0000000000
152533  -26.735  -12.194  53.880 0.0000000000
57716  -29.304  -11.975  53.503 0.0000000000
56735  -27.154  -12.646  41.745 0.0000000000
57847  -28.077  -12.022  42.875 0.0000000000
57834  -28.534  -11.804  43.415 0.0000000000
57820  -29.072  -11.456  44.560 0.0000000000
137105  -29.571  -11.225  44.892 0.0000000000
146149  -30.457  -11.003  44.123 0.0000000000
58900  -30.203  -10.996  44.792 0.0000000000
58865  -30.277  -11.141  46.220 0.0000000000
58866  -30.807  -11.056  46.768 0.0000000000
140227  -31.356  -10.976  47.156 0.0000000000
159190  -32.093  -10.829  48.229 0.0000000000
56784  -32.211  -12.109  38.002 0.0000000000
134888  -33.066  -12.456  38.218 0.0000000000
57906  -31.676  -11.849  38.546 0.0000000000
57880  -32.069  -11.931  40.033 0.0000000000
57865  -32.526  -11.930  41.534 0.0000000000
56739  -36.238  -13.143  41.469 0.0000000000
151957  -35.399  -12.992  41.508 0.0000000000
142033  -34.618  -12.788  41.693 0.0000000000
56702  -35.505  -12.857  43.649 0.0000000000
56717  -33.790  -12.449  42.046 0.0000000000
57851  -33.049  -12.100  41.991 0.0000000000
57850  -32.454  -11.809  42.386 0.0000000000
156624  -32.544  -11.753  43.210 0.0000000000
57837  -32.572  -11.678  44.083 0.0000000000
57805  -33.544  -11.748  45.541 0.0000000000
57804  -32.678  -11.422  45.671 0.0000000000
58869  -32.822  -11.114  47.111 0.0000000000
134981  -33.893  -10.551  50.100 0.0000000000
156264  -35.041  -10.636  50.932 0.0000000000
58807  -35.660  -10.671  49.714 0.0000000000
58776  -35.866  -11.366  52.050 0.0000000000
58827  -37.777  -11.179  48.857 0.0000000000
58797  -38.330  -11.512  50.193 0.0000000000
153722  -38.223  -11.743  50.879 0.0000000000
50021  -13.472  -18.955  50.169 0.0000000000
51148  -14.289  -18.206  51.367 0.0000000000
52200  -14.852  -17.165  52.445 0.0000000000
51176  -14.907  -17.735  49.180 0.0000000000
136384  -15.720  -16.818  50.077 0.0000000000
52223  -15.172  -17.391  50.139 0.0000000000
52215  -15.119  -17.296  50.991 0.0000000000
53311  -15.399  -16.117  53.495 0.0000000000
155230  -15.894  -15.594  53.626 0.0000000000
56550  -19.889  -12.783  55.452 0.0000000000
66790  -46.337  -3.420  22.420 0.0000000000
66791  -47.066  -3.189  22.843 0.0000000000
67752  -47.854  -2.934  23.259 0.0000000000
67779  -47.559  -2.324  21.681 0.0000000000
67765  -48.241  -2.479  22.722 0.0000000000
67754  -49.036  -2.579  23.924 0.0000000000
68794  -49.892  -2.127  24.112 0.0000000000
68796  -51.417  -1.468  24.623 0.0000000000
69899  -49.054  -0.374  20.703 0.0000000000
69889  -49.437  -0.406  21.346 0.0000000000
69875  -49.830  -0.552  22.092 0.0000000000
70925  -51.208  0.415  22.686 0.0000000000
70924  -50.586  -0.102  22.514 0.0000000000
69863  -50.779  -0.759  23.308 0.0000000000
69855  -51.242  -0.977  23.957 0.0000000000
68797  -52.213  -1.103  24.849 0.0000000000
68789  -52.666  -1.255  25.513 0.0000000000
68790  -53.244  -0.922  25.593 0.0000000000
153760  -55.274  -0.318  26.113 0.0000000000
70881  -55.486  0.487  25.910 0.0000000000
74377  -52.608  3.464  18.404 0.0000000000
74378  -53.237  3.801  18.814 0.0000000000
74366  -53.186  3.794  19.616 0.0000000000
75507  -54.210  4.538  19.685 0.0000000000
75506  -53.691  4.223  20.046 0.0000000000
74352  -53.155  3.764  20.387 0.0000000000
158877  -53.177  3.696  21.047 0.0000000000
74331  -54.038  4.083  22.195 0.0000000000
75464  -55.109  4.378  23.605 0.0000000000
74321  -54.555  3.731  23.634 0.0000000000
74311  -54.711  3.337  24.353 0.0000000000
82338  -59.030  9.611  10.017 0.0000000000
82346  -59.078  9.541  9.539 0.0000000000
82351  -59.817  9.959  9.348 0.0000000000
81215  -58.729  9.041  8.587 0.0000000000
81208  -59.258  9.532  8.983 0.0000000000
82352  -60.546  10.524  9.005 0.0000000000
82353  -61.249  11.038  8.517 0.0000000000
82358  -61.535  10.810  7.752 0.0000000000
158330  -59.217  8.072  7.147 0.0000000000
78888  -60.002  7.864  6.231 0.0000000000
80030  -60.052  8.889  7.503 0.0000000000
81222  -60.848  9.228  7.118 0.0000000000
82359  -62.296  11.173  7.322 0.0000000000
83482  -63.029  11.461  6.900 0.0000000000
83483  -63.633  11.579  6.539 0.0000000000
84531  -63.909  11.528  6.152 0.0000000000
82370  -62.935  10.653  5.763 0.0000000000
82371  -63.726  10.999  5.342 0.0000000000
83489  -64.375  11.335  5.641 0.0000000000
83490  -64.830  11.135  5.213 0.0000000000
78920  -60.467  7.939  2.825 0.0000000000
78915  -61.242  7.963  3.219 0.0000000000
81241  -63.241  9.592  3.350 0.0000000000
81249  -63.201  9.352  2.471 0.0000000000
81250  -63.734  10.083  2.731 0.0000000000
82385  -64.043  10.644  3.776 0.0000000000
82428  -65.042  10.070  0.070 0.0000000000
44842  -7.162  -23.241  59.581 0.0000000000
47786  -9.513  -20.389  61.367 0.0000000000
48845  -9.403  -19.552  61.209 0.0000000000
48854  -8.438  -19.464  59.933 0.0000000000
48869  -11.350  -19.468  56.108 0.0000000000
48876  -10.913  -19.916  55.769 0.0000000000
48895  -12.833  -19.427  53.310 0.0000000000
49923  -8.858  -19.040  60.356 0.0000000000
51055  -11.206  -17.015  59.711 0.0000000000
51074  -12.955  -18.037  55.804 0.0000000000
51174  -13.988  -18.574  49.765 0.0000000000
52119  -12.151  -16.269  60.476 0.0000000000
52146  -14.285  -16.045  56.302 0.0000000000
52239  -15.604  -17.182  46.976 0.0000000000
53302  -14.871  -16.013  55.033 0.0000000000
55514  -25.096  -13.452  48.755 0.0000000000
55548  -26.531  -13.515  46.681 0.0000000000
55549  -27.154  -13.283  46.721 0.0000000000
55580  -21.875  -14.160  44.102 0.0000000000
55584  -25.171  -13.769  43.614 0.0000000000
56579  -21.782  -12.609  53.692 0.0000000000
56598  -25.022  -12.608  52.375 0.0000000000
56689  -38.078  -13.064  44.506 0.0000000000
56736  -33.260  -12.296  41.296 0.0000000000
56773  -33.692  -12.544  39.596 0.0000000000
56775  -37.131  -12.549  38.938 0.0000000000
56801  -37.079  -12.332  37.678 0.0000000000
57719  -32.210  -11.335  53.403 0.0000000000
57747  -30.506  -11.108  50.012 0.0000000000
57774  -35.029  -11.391  47.231 0.0000000000
57778  -39.111  -11.455  47.429 0.0000000000
57792  -37.429  -11.895  46.560 0.0000000000
57819  -28.470  -11.865  44.225 0.0000000000
57823  -34.115  -12.105  44.811 0.0000000000
57863  -28.718  -11.979  41.238 0.0000000000
57933  -37.552  -12.000  36.200 0.0000000000
58772  -32.307  -10.804  52.084 0.0000000000
58782  -33.794  -10.688  51.504 0.0000000000
58784  -35.494  -10.865  51.494 0.0000000000
58796  -37.594  -11.370  50.648 0.0000000000
58805  -33.444  -10.619  49.527 0.0000000000
58822  -32.617  -10.782  48.490 0.0000000000
58824  -34.684  -10.836  48.519 0.0000000000
58841  -31.618  -10.903  47.883 0.0000000000
58842  -32.410  -10.901  47.780 0.0000000000
58846  -36.559  -11.289  47.823 0.0000000000
58868  -32.384  -11.163  46.407 0.0000000000
58882  -29.855  -11.164  45.536 0.0000000000
58935  -30.224  -11.146  42.562 0.0000000000
58951  -29.100  -11.898  40.879 0.0000000000
58967  -29.782  -11.517  40.192 0.0000000000
60092  -41.523  -9.785  35.288 0.0000000000
60143  -41.092  -9.175  32.565 0.0000000000
61131  -42.778  -8.752  45.471 0.0000000000
63677  -45.372  -6.462  36.382 0.0000000000
64730  -45.001  -5.950  35.265 0.0000000000
64771  -42.741  -5.406  31.372 0.0000000000
66746  -45.863  -3.645  25.174 0.0000000000
66786  -40.411  -4.117  22.858 0.0000000000
66787  -43.865  -4.243  22.890 0.0000000000
66803  -46.260  -3.126  21.592 0.0000000000
67592  -46.399  -2.618  38.876 0.0000000000
67716  -39.653  -2.856  25.804 0.0000000000
67726  -49.632  -2.636  25.530 0.0000000000
67736  -41.432  -3.218  24.829 0.0000000000
67753  -48.618  -2.506  23.255 0.0000000000
67780  -48.182  -2.113  22.138 0.0000000000
68691  -44.238  -1.260  34.320 0.0000000000
68727  -42.140  -2.568  29.048 0.0000000000
68761  -45.758  -2.060  27.908 0.0000000000
68765  -50.054  -2.064  27.725 0.0000000000
68834  -48.006  -1.317  20.693 0.0000000000
68856  -45.484  -1.930  18.429 0.0000000000
69728  -46.414  0.126  37.690 0.0000000000
69759  -44.436  -0.712  33.900 0.0000000000
69801  -51.484  -0.412  29.970 0.0000000000
69856  -51.818  -0.776  24.247 0.0000000000
69876  -51.177  -0.077  23.077 0.0000000000
69924  -46.615  -1.009  18.133 0.0000000000
70718  -46.758  -0.277  39.154 0.0000000000
70894  -53.234  0.218  24.714 0.0000000000
70943  -50.917  0.710  22.044 0.0000000000
72040  -50.802  1.398  20.773 0.0000000000
73032  -54.456  2.573  33.526 0.0000000000
73146  -54.439  2.542  24.605 0.0000000000
73183  -51.777  2.259  21.091 0.0000000000
73213  -52.164  3.089  19.537 0.0000000000
74151  -52.660  2.937  36.590 0.0000000000
74330  -53.516  3.533  22.171 0.0000000000
74340  -53.564  3.889  21.555 0.0000000000
74365  -52.660  3.404  19.195 0.0000000000
74392  -53.332  3.641  16.178 0.0000000000
74399  -51.033  3.047  14.908 0.0000000000
74403  -54.016  3.862  15.688 0.0000000000
75529  -56.304  4.872  17.476 0.0000000000
75573  -51.863  4.289  12.362 0.0000000000
76587  -56.963  6.095  21.329 0.0000000000
76609  -55.590  5.088  19.274 0.0000000000
76628  -56.859  5.143  17.885 0.0000000000
76663  -57.106  6.046  13.598 0.0000000000
76685  -54.046  6.363  11.994 0.0000000000
77734  -54.409  6.987  11.621 0.0000000000
78887  -59.282  7.815  6.612 0.0000000000
79931  -61.460  9.054  17.519 0.0000000000
80035  -59.713  8.240  6.988 0.0000000000
81201  -58.424  9.229  9.748 0.0000000000
81242  -63.765  10.340  3.530 0.0000000000
81297  -65.105  9.092  -1.385 0.0000000000
82347  -59.578  9.916  9.807 0.0000000000
82390  -64.004  10.415  3.009 0.0000000000
82414  -65.028  10.402  0.667 0.0000000000
82426  -64.579  10.259  0.431 0.0000000000
82437  -65.082  9.557  -0.641 0.0000000000
83467  -62.518  11.935  8.558 0.0000000000
83495  -64.252  10.910  4.574 0.0000000000
83502  -65.119  10.852  3.289 0.0000000000
83508  -65.102  10.832  2.554 0.0000000000
133023  -56.730  5.080  15.259 0.0000000000
133746  -35.701  -12.800  39.163 0.0000000000
133752  -24.110  -13.782  45.925 0.0000000000
134143  -27.712  -13.015  48.419 0.0000000000
134329  -31.886  -11.763  40.973 0.0000000000
134492  -49.847  -0.876  30.121 0.0000000000
137112  -43.569  -4.169  21.343 0.0000000000
137425  -56.967  5.473  19.040 0.0000000000
138110  -18.930  -13.819  51.912 0.0000000000
140273  -46.252  0.560  34.761 0.0000000000
141046  -30.930  -11.039  46.082 0.0000000000
144617  -26.571  -12.916  41.005 0.0000000000
145771  -46.148  -1.793  18.896 0.0000000000
146336  -42.010  -10.378  44.202 0.0000000000
146838  -63.827  11.404  5.917 0.0000000000
147238  -64.686  10.902  3.841 0.0000000000
147364  -22.147  -12.947  51.631 0.0000000000
147725  -40.697  -11.570  45.347 0.0000000000
148060  -35.291  -12.894  42.816 0.0000000000
148752  -45.956  -4.153  36.978 0.0000000000
149321  -55.093  4.347  17.336 0.0000000000
149583  -32.692  -10.620  50.689 0.0000000000
151839  -50.138  -1.511  28.949 0.0000000000
152031  -27.463  -12.854  50.715 0.0000000000
152670  -11.229  -17.004  60.997 0.0000000000
153599  -29.095  -11.889  51.861 0.0000000000
153852  -60.659  9.662  14.620 0.0000000000
154168  -48.435  -2.318  27.790 0.0000000000
156755  -32.125  -11.551  43.570 0.0000000000
156793  -29.499  -11.691  48.415 0.0000000000
157432  -19.417  -13.659  51.749 0.0000000000
157566  -54.825  0.229  25.659 0.0000000000
158458  -36.418  -11.444  51.780 0.0000000000
158684  -33.504  -11.872  44.904 0.0000000000
158917  -58.598  7.521  13.147 0.0000000000
159091  -19.881  -13.594  51.046 0.0000000000
159482  -51.861  3.216  16.497 0.0000000000
