#!ascii label  , from subject ICBM2009cNolinAsym vox2ras=TkReg
495
76140  -23.851  4.445  -50.558 0.0000000000
158872  -21.748  0.019  -45.693 0.0000000000
70553  -27.519  0.049  -48.741 0.0000000000
65520  -25.227  -4.669  -45.580 0.0000000000
143404  -25.707  16.000  -52.309 0.0000000000
85032  -27.207  12.747  -52.471 0.0000000000
81722  -19.748  9.228  -47.362 0.0000000000
62200  -24.157  -8.893  -41.847 0.0000000000
68402  -23.776  -2.629  -46.215 0.0000000000
66443  -22.696  -4.329  -44.022 0.0000000000
86980  -26.415  14.503  -52.609 0.0000000000
85022  -23.158  11.891  -52.030 0.0000000000
77197  -20.072  5.734  -46.823 0.0000000000
81686  -16.763  8.822  -44.259 0.0000000000
78275  -21.332  6.927  -49.108 0.0000000000
80608  -25.420  7.878  -52.556 0.0000000000
77251  -26.409  5.922  -51.845 0.0000000000
76131  -28.268  4.531  -50.125 0.0000000000
74968  -20.270  3.274  -45.501 0.0000000000
154399  -22.754  2.445  -48.263 0.0000000000
72719  -26.311  1.804  -50.113 0.0000000000
69487  -24.802  -0.411  -48.239 0.0000000000
68427  -26.346  -2.662  -47.413 0.0000000000
137421  -27.542  -4.320  -45.580 0.0000000000
83939  -19.567  11.830  -46.531 0.0000000000
81792  -23.739  10.036  -52.457 0.0000000000
84007  -28.200  11.522  -51.736 0.0000000000
64448  -22.407  -6.229  -42.352 0.0000000000
64460  -24.424  -6.568  -43.715 0.0000000000
67404  -21.715  -2.917  -43.794 0.0000000000
66432  -21.506  -4.183  -42.539 0.0000000000
85949  -23.012  12.447  -51.926 0.0000000000
85003  -21.567  11.613  -50.902 0.0000000000
76118  -21.645  4.682  -48.374 0.0000000000
78253  -20.286  6.489  -47.514 0.0000000000
158630  -22.672  5.607  -50.200 0.0000000000
77248  -24.851  5.895  -51.810 0.0000000000
76151  -25.756  4.903  -51.576 0.0000000000
77229  -28.041  5.740  -50.666 0.0000000000
75042  -26.230  3.848  -51.171 0.0000000000
142857  -21.452  1.168  -45.887 0.0000000000
73845  -21.251  2.700  -46.486 0.0000000000
72684  -22.457  1.436  -47.252 0.0000000000
72695  -23.707  1.267  -48.391 0.0000000000
70526  -23.340  -0.132  -47.318 0.0000000000
67418  -24.496  -3.838  -45.870 0.0000000000
68414  -25.184  -2.983  -46.927 0.0000000000
153082  -25.663  -3.592  -46.685 0.0000000000
66471  -26.834  -3.640  -46.624 0.0000000000
148285  -26.434  -4.633  -45.726 0.0000000000
87931  -24.245  15.524  -51.577 0.0000000000
140650  -24.113  16.680  -50.640 0.0000000000
140598  -25.561  16.782  -52.207 0.0000000000
90868  -26.295  18.009  -53.083 0.0000000000
88882  -27.085  16.263  -53.519 0.0000000000
85965  -26.976  13.353  -52.545 0.0000000000
82833  -17.714  10.322  -45.099 0.0000000000
83918  -17.504  11.788  -44.557 0.0000000000
82849  -20.027  9.767  -47.633 0.0000000000
82901  -21.865  10.637  -51.029 0.0000000000
144341  -22.009  9.242  -50.803 0.0000000000
81770  -27.417  9.182  -51.616 0.0000000000
82916  -26.361  9.839  -52.370 0.0000000000
82903  -28.777  10.532  -50.781 0.0000000000
154766  -26.877  0.754  -49.494 0.0000000000
72721  -27.451  2.058  -49.902 0.0000000000
62198  -22.513  -8.230  -41.230 0.0000000000
63367  -23.483  -7.437  -42.507 0.0000000000
64449  -23.165  -6.665  -42.780 0.0000000000
63368  -24.395  -7.746  -42.778 0.0000000000
69451  -21.628  -1.008  -44.918 0.0000000000
69461  -22.640  -1.031  -46.119 0.0000000000
68390  -22.434  -2.200  -45.116 0.0000000000
67406  -23.235  -3.571  -45.054 0.0000000000
66445  -23.980  -4.748  -44.853 0.0000000000
86958  -23.948  14.607  -51.855 0.0000000000
87947  -25.881  15.089  -52.479 0.0000000000
86978  -24.682  13.816  -52.337 0.0000000000
85964  -25.212  13.215  -52.546 0.0000000000
85030  -25.424  12.324  -52.589 0.0000000000
155799  -19.382  5.644  -46.130 0.0000000000
78237  -19.115  6.594  -46.308 0.0000000000
148897  -19.658  7.870  -47.195 0.0000000000
80562  -20.774  8.145  -48.796 0.0000000000
80581  -22.341  8.476  -51.000 0.0000000000
78297  -23.355  7.103  -51.450 0.0000000000
79486  -25.835  7.107  -52.441 0.0000000000
80582  -28.334  8.175  -50.662 0.0000000000
79462  -28.323  7.289  -50.525 0.0000000000
60953  -25.214  -9.670  -41.621 0.0000000000
60962  -25.661  -9.133  -42.228 0.0000000000
76095  -20.144  4.533  -46.295 0.0000000000
75000  -21.395  3.973  -47.560 0.0000000000
73878  -23.745  2.801  -49.439 0.0000000000
73890  -25.014  3.007  -50.474 0.0000000000
72704  -24.153  1.879  -49.120 0.0000000000
71584  -25.684  0.721  -49.340 0.0000000000
70539  -25.955  -0.448  -48.666 0.0000000000
69463  -24.386  -1.773  -47.201 0.0000000000
69475  -25.553  -1.637  -47.834 0.0000000000
69490  -26.756  -1.325  -48.202 0.0000000000
68429  -27.747  -2.241  -47.262 0.0000000000
67430  -28.022  -3.225  -46.193 0.0000000000
87964  -27.855  16.034  -53.856 0.0000000000
83999  -21.443  11.440  -50.921 0.0000000000
84020  -23.462  11.283  -52.282 0.0000000000
143436  -25.957  11.723  -52.569 0.0000000000
80618  -24.368  8.821  -52.523 0.0000000000
82926  -26.369  10.646  -52.426 0.0000000000
84024  -27.458  12.175  -52.352 0.0000000000
75033  -27.290  3.455  -50.627 0.0000000000
75022  -28.496  4.055  -49.620 0.0000000000
65488  -21.462  -4.876  -42.063 0.0000000000
65489  -22.172  -5.408  -42.577 0.0000000000
65500  -23.427  -5.603  -43.760 0.0000000000
64471  -24.678  -5.992  -44.274 0.0000000000
62218  -26.117  -8.022  -43.122 0.0000000000
63394  -26.043  -7.033  -43.825 0.0000000000
65509  -26.156  -5.854  -44.715 0.0000000000
84986  -21.571  11.200  -50.754 0.0000000000
76129  -22.659  4.409  -49.437 0.0000000000
76128  -22.140  4.874  -49.064 0.0000000000
76139  -23.054  5.021  -50.208 0.0000000000
76149  -24.216  5.001  -51.110 0.0000000000
76150  -24.860  4.713  -51.377 0.0000000000
142879  -25.460  4.474  -51.414 0.0000000000
75030  -25.115  3.910  -51.040 0.0000000000
71543  -21.269  0.611  -45.361 0.0000000000
72673  -21.863  1.309  -46.495 0.0000000000
71554  -22.371  0.728  -46.737 0.0000000000
71562  -22.902  0.613  -47.309 0.0000000000
153986  -22.332  0.309  -46.469 0.0000000000
66455  -24.573  -4.462  -45.428 0.0000000000
67428  -25.059  -3.703  -46.381 0.0000000000
66469  -25.497  -4.165  -46.149 0.0000000000
66470  -26.193  -4.102  -46.344 0.0000000000
66456  -25.864  -4.684  -45.733 0.0000000000
88869  -24.962  16.169  -51.879 0.0000000000
150894  -26.176  16.724  -52.725 0.0000000000
146585  -26.703  16.817  -53.397 0.0000000000
88881  -26.487  16.040  -52.852 0.0000000000
86982  -28.080  14.670  -52.938 0.0000000000
85966  -27.641  13.628  -52.561 0.0000000000
85967  -28.227  13.818  -52.546 0.0000000000
81721  -19.446  8.941  -47.003 0.0000000000
157373  -17.607  11.137  -44.880 0.0000000000
82834  -18.415  10.441  -45.911 0.0000000000
83928  -18.160  11.426  -45.389 0.0000000000
82848  -19.717  9.566  -47.306 0.0000000000
81731  -20.604  9.669  -48.715 0.0000000000
140912  -20.902  9.132  -49.129 0.0000000000
81771  -27.907  9.352  -51.271 0.0000000000
82902  -28.327  9.909  -51.039 0.0000000000
71586  -27.376  0.684  -49.252 0.0000000000
72697  -27.893  1.481  -49.279 0.0000000000
71574  -28.016  0.710  -48.739 0.0000000000
60952  -24.429  -9.493  -41.453 0.0000000000
60951  -23.661  -9.235  -41.284 0.0000000000
62199  -23.332  -8.573  -41.595 0.0000000000
63356  -22.967  -7.843  -41.893 0.0000000000
62207  -23.851  -8.197  -42.202 0.0000000000
62208  -24.853  -8.537  -42.418 0.0000000000
69438  -21.353  -1.474  -44.157 0.0000000000
69439  -21.893  -1.672  -44.787 0.0000000000
68389  -21.822  -2.270  -44.361 0.0000000000
67390  -22.164  -3.644  -43.889 0.0000000000
67405  -22.456  -3.045  -44.608 0.0000000000
138314  -22.768  -3.786  -44.466 0.0000000000
66444  -23.317  -4.251  -44.669 0.0000000000
86957  -23.253  13.882  -51.620 0.0000000000
86970  -24.430  14.379  -52.155 0.0000000000
86969  -23.741  13.652  -52.085 0.0000000000
85958  -23.037  12.074  -51.949 0.0000000000
85960  -24.107  13.011  -52.394 0.0000000000
85023  -23.676  12.341  -52.331 0.0000000000
85029  -24.446  12.418  -52.528 0.0000000000
85028  -23.850  11.845  -52.457 0.0000000000
78265  -20.866  6.504  -48.358 0.0000000000
79420  -19.978  7.232  -47.380 0.0000000000
79421  -20.491  7.291  -48.140 0.0000000000
140789  -20.215  8.033  -47.897 0.0000000000
79449  -21.331  7.693  -49.356 0.0000000000
79450  -21.782  7.809  -50.004 0.0000000000
78285  -22.080  7.043  -50.126 0.0000000000
134409  -25.777  5.814  -51.931 0.0000000000
78310  -25.232  6.194  -52.075 0.0000000000
78312  -26.337  6.655  -52.130 0.0000000000
141145  -27.201  7.717  -51.668 0.0000000000
79474  -27.745  7.497  -51.145 0.0000000000
141180  -27.792  6.568  -50.986 0.0000000000
76154  -27.603  5.060  -51.040 0.0000000000
77222  -29.158  5.770  -49.363 0.0000000000
59771  -25.494  -10.243  -41.206 0.0000000000
59772  -26.174  -10.262  -41.223 0.0000000000
143069  -20.181  3.945  -45.927 0.0000000000
73856  -21.634  2.720  -47.130 0.0000000000
74985  -21.247  3.341  -46.951 0.0000000000
73867  -21.784  3.178  -47.631 0.0000000000
75010  -21.979  3.770  -48.220 0.0000000000
73877  -22.963  2.922  -48.803 0.0000000000
73869  -23.374  2.184  -48.653 0.0000000000
71572  -24.313  0.402  -48.360 0.0000000000
72696  -24.594  1.078  -48.913 0.0000000000
71573  -25.167  0.371  -48.820 0.0000000000
70550  -25.805  0.142  -48.982 0.0000000000
70538  -25.472  -0.255  -48.606 0.0000000000
68401  -23.023  -1.921  -45.988 0.0000000000
69462  -23.255  -1.314  -46.592 0.0000000000
144946  -23.785  -1.874  -46.712 0.0000000000
67437  -25.824  -3.050  -47.116 0.0000000000
68425  -25.022  -2.124  -47.360 0.0000000000
68426  -25.687  -2.431  -47.449 0.0000000000
69476  -26.188  -1.887  -47.845 0.0000000000
144069  -26.710  -2.050  -47.759 0.0000000000
69477  -27.274  -1.808  -47.786 0.0000000000
68428  -27.061  -2.531  -47.437 0.0000000000
67419  -27.511  -3.741  -46.149 0.0000000000
158473  -28.323  -3.795  -45.390 0.0000000000
87957  -26.819  15.392  -52.935 0.0000000000
86986  -27.161  14.843  -52.871 0.0000000000
80524  -17.243  8.135  -44.403 0.0000000000
84946  -19.116  12.524  -45.490 0.0000000000
83951  -20.608  10.266  -48.542 0.0000000000
83966  -21.270  10.820  -49.944 0.0000000000
82863  -20.853  10.336  -49.152 0.0000000000
82908  -22.532  10.438  -51.632 0.0000000000
148706  -22.777  10.846  -51.835 0.0000000000
82915  -23.215  10.641  -52.153 0.0000000000
84021  -24.207  11.345  -52.557 0.0000000000
148906  -24.632  10.906  -52.610 0.0000000000
80594  -23.276  8.360  -51.869 0.0000000000
80619  -25.096  8.634  -52.575 0.0000000000
82918  -27.642  10.961  -51.898 0.0000000000
82917  -27.002  10.402  -52.113 0.0000000000
84015  -27.701  11.683  -52.121 0.0000000000
84023  -27.056  11.323  -52.309 0.0000000000
85024  -28.142  12.367  -52.088 0.0000000000
85015  -28.699  12.123  -51.465 0.0000000000
73891  -25.658  2.622  -50.482 0.0000000000
75031  -26.048  3.100  -50.803 0.0000000000
73892  -26.479  2.484  -50.474 0.0000000000
73881  -28.351  3.299  -49.544 0.0000000000
64438  -21.915  -6.574  -41.661 0.0000000000
64447  -21.710  -5.720  -41.843 0.0000000000
63379  -23.991  -7.014  -43.114 0.0000000000
64459  -23.643  -6.314  -43.430 0.0000000000
64470  -24.043  -5.995  -43.937 0.0000000000
64461  -25.320  -6.693  -43.952 0.0000000000
62209  -25.703  -8.492  -42.717 0.0000000000
139695  -26.052  -6.502  -44.230 0.0000000000
145106  -21.303  -2.737  -43.150 0.0000000000
67389  -21.507  -3.481  -43.054 0.0000000000
66433  -22.048  -4.230  -43.288 0.0000000000
85950  -23.071  13.144  -51.812 0.0000000000
85948  -22.261  12.428  -51.303 0.0000000000
85013  -21.813  11.943  -51.222 0.0000000000
85014  -22.146  11.752  -51.297 0.0000000000
76117  -20.984  4.814  -47.560 0.0000000000
77198  -20.598  5.666  -47.595 0.0000000000
77211  -21.198  5.574  -48.306 0.0000000000
77212  -21.765  5.589  -49.102 0.0000000000
78277  -22.351  6.160  -50.103 0.0000000000
78287  -23.288  6.515  -51.137 0.0000000000
77236  -23.777  5.739  -51.200 0.0000000000
77237  -24.524  5.487  -51.509 0.0000000000
77250  -26.047  5.307  -51.709 0.0000000000
77240  -27.265  5.664  -51.420 0.0000000000
77239  -26.625  5.215  -51.611 0.0000000000
76153  -27.072  4.769  -51.355 0.0000000000
76142  -27.581  4.345  -50.780 0.0000000000
72660  -20.994  1.479  -45.358 0.0000000000
72671  -20.754  2.136  -45.418 0.0000000000
73844  -20.758  2.685  -45.790 0.0000000000
72672  -21.263  1.935  -46.047 0.0000000000
72683  -21.784  2.078  -46.847 0.0000000000
72694  -22.954  1.818  -47.969 0.0000000000
72685  -23.120  1.130  -47.744 0.0000000000
71563  -23.574  0.496  -47.825 0.0000000000
70537  -24.041  -0.265  -47.821 0.0000000000
67417  -23.834  -3.371  -45.736 0.0000000000
68413  -24.451  -2.455  -46.823 0.0000000000
67427  -24.475  -3.203  -46.374 0.0000000000
159531  -26.780  -3.098  -47.117 0.0000000000
66457  -26.911  -4.261  -46.001 0.0000000000
65523  -27.057  -4.923  -45.259 0.0000000000
88854  -23.844  15.806  -51.021 0.0000000000
88855  -24.449  16.423  -51.313 0.0000000000
89798  -25.963  17.374  -52.571 0.0000000000
88897  -27.551  17.229  -54.707 0.0000000000
143405  -26.749  13.960  -52.585 0.0000000000
86987  -27.735  15.217  -53.214 0.0000000000
86981  -27.435  14.279  -52.722 0.0000000000
140606  -16.413  12.473  -43.235 0.0000000000
84940  -17.886  12.444  -44.337 0.0000000000
83919  -18.336  12.262  -45.078 0.0000000000
146431  -19.924  9.882  -47.513 0.0000000000
81754  -21.075  9.927  -49.484 0.0000000000
81761  -21.754  9.971  -50.742 0.0000000000
81780  -22.804  9.842  -51.779 0.0000000000
80609  -26.160  8.026  -52.456 0.0000000000
81783  -26.304  8.949  -52.360 0.0000000000
81784  -26.931  9.492  -51.995 0.0000000000
82910  -28.244  10.707  -51.403 0.0000000000
84008  -28.713  11.313  -51.125 0.0000000000
72708  -26.598  1.225  -49.770 0.0000000000
72720  -26.828  1.874  -50.111 0.0000000000
72709  -27.162  1.295  -49.706 0.0000000000
63355  -22.177  -7.419  -41.454 0.0000000000
63366  -22.646  -7.058  -42.148 0.0000000000
63380  -24.858  -7.265  -43.376 0.0000000000
70505  -21.379  -0.234  -45.114 0.0000000000
70506  -21.993  -0.637  -45.584 0.0000000000
70515  -22.332  -0.185  -46.224 0.0000000000
69452  -22.270  -1.418  -45.431 0.0000000000
67416  -23.116  -2.812  -45.479 0.0000000000
66454  -23.899  -4.062  -45.295 0.0000000000
87913  -23.306  15.133  -50.787 0.0000000000
87930  -23.539  14.834  -51.337 0.0000000000
87946  -24.874  15.197  -52.090 0.0000000000
86971  -25.090  14.516  -52.280 0.0000000000
86979  -25.576  14.126  -52.453 0.0000000000
148520  -26.055  13.764  -52.547 0.0000000000
141850  -26.174  13.159  -52.564 0.0000000000
85031  -26.452  12.518  -52.547 0.0000000000
80525  -17.904  8.273  -45.155 0.0000000000
78252  -19.690  6.480  -46.814 0.0000000000
79407  -19.137  7.513  -46.531 0.0000000000
80535  -19.162  8.138  -46.591 0.0000000000
81708  -18.154  9.389  -45.568 0.0000000000
80545  -19.938  8.695  -47.592 0.0000000000
80546  -20.407  8.878  -48.354 0.0000000000
80571  -21.411  8.593  -49.663 0.0000000000
79472  -22.770  7.749  -51.283 0.0000000000
79484  -24.459  7.368  -52.311 0.0000000000
78298  -24.021  6.351  -51.628 0.0000000000
135428  -24.913  6.767  -52.279 0.0000000000
79485  -25.095  7.233  -52.456 0.0000000000
80610  -26.907  8.466  -51.966 0.0000000000
80595  -27.710  8.502  -51.308 0.0000000000
81762  -28.354  9.080  -50.783 0.0000000000
80583  -28.882  8.762  -50.161 0.0000000000
80573  -29.380  8.418  -49.551 0.0000000000
78288  -28.335  6.560  -50.411 0.0000000000
159381  -27.682  -0.516  -48.377 0.0000000000
60961  -24.877  -9.156  -41.928 0.0000000000
76109  -20.393  4.975  -46.879 0.0000000000
74984  -20.705  3.345  -46.239 0.0000000000
74999  -20.684  4.106  -46.777 0.0000000000
75011  -22.546  3.650  -48.817 0.0000000000
75020  -23.810  3.649  -50.012 0.0000000000
75029  -24.459  3.740  -50.571 0.0000000000
73889  -24.348  3.126  -50.062 0.0000000000
73879  -24.605  2.417  -49.775 0.0000000000
72717  -25.305  2.143  -50.017 0.0000000000
71583  -25.212  1.012  -49.274 0.0000000000
72706  -25.550  1.396  -49.678 0.0000000000
146330  -26.069  0.499  -49.337 0.0000000000
70551  -26.272  0.070  -49.014 0.0000000000
70552  -26.848  0.132  -49.051 0.0000000000
70516  -23.007  -0.624  -46.752 0.0000000000
69473  -23.857  -1.031  -47.275 0.0000000000
156889  -24.381  -0.769  -47.772 0.0000000000
69474  -24.785  -1.260  -47.729 0.0000000000
69488  -25.458  -0.878  -48.255 0.0000000000
69489  -26.078  -1.145  -48.296 0.0000000000
70540  -26.496  -0.543  -48.639 0.0000000000
147210  -27.116  -0.581  -48.579 0.0000000000
69491  -27.486  -1.119  -48.156 0.0000000000
69478  -27.969  -1.499  -47.627 0.0000000000
68415  -27.456  -3.038  -46.823 0.0000000000
68416  -28.194  -2.559  -46.572 0.0000000000
87969  -27.550  16.548  -54.050 0.0000000000
147593  -21.433  11.560  -51.199 0.0000000000
84006  -22.063  11.118  -51.247 0.0000000000
82895  -21.648  10.721  -50.722 0.0000000000
84005  -21.839  10.862  -51.022 0.0000000000
84014  -22.889  11.308  -51.867 0.0000000000
143768  -24.579  11.871  -52.574 0.0000000000
84022  -25.054  11.487  -52.608 0.0000000000
144623  -22.785  9.156  -51.610 0.0000000000
81793  -24.211  9.528  -52.558 0.0000000000
81795  -25.646  9.349  -52.547 0.0000000000
82925  -25.287  9.974  -52.611 0.0000000000
82924  -24.564  10.189  -52.616 0.0000000000
144953  -26.355  11.301  -52.484 0.0000000000
135777  -26.779  11.959  -52.501 0.0000000000
85033  -27.822  12.982  -52.388 0.0000000000
85961  -28.341  13.203  -52.226 0.0000000000
138750  -25.543  3.312  -50.812 0.0000000000
75032  -26.631  3.249  -50.799 0.0000000000
73893  -27.070  2.614  -50.438 0.0000000000
75021  -27.960  3.744  -50.184 0.0000000000
65498  -21.939  -4.729  -42.769 0.0000000000
65499  -22.612  -5.039  -43.429 0.0000000000
64458  -22.899  -5.885  -43.066 0.0000000000
65506  -23.322  -4.928  -44.233 0.0000000000
65507  -24.023  -5.451  -44.389 0.0000000000
65508  -24.789  -5.235  -44.927 0.0000000000
63369  -25.285  -7.940  -43.005 0.0000000000
63381  -25.697  -7.425  -43.479 0.0000000000
63382  -26.427  -7.494  -43.536 0.0000000000
135144  -25.435  -5.935  -44.564 0.0000000000
65521  -25.621  -5.283  -45.163 0.0000000000
65522  -26.310  -5.208  -45.251 0.0000000000
63395  -26.603  -6.982  -43.900 0.0000000000
66468  -24.984  -4.181  -45.920 0.0000000000
67429  -26.254  -3.380  -46.920 0.0000000000
70525  -22.705  0.112  -46.815 0.0000000000
71553  -21.903  0.562  -46.124 0.0000000000
71585  -26.448  0.615  -49.420 0.0000000000
72705  -24.912  1.622  -49.498 0.0000000000
72707  -26.084  1.123  -49.724 0.0000000000
72718  -25.852  1.878  -50.113 0.0000000000
73857  -22.249  2.384  -47.615 0.0000000000
73868  -22.358  3.029  -48.232 0.0000000000
73880  -28.134  2.412  -49.483 0.0000000000
73894  -27.701  2.902  -50.078 0.0000000000
75019  -23.149  3.589  -49.424 0.0000000000
75041  -25.734  3.827  -51.168 0.0000000000
75043  -26.842  4.021  -51.101 0.0000000000
76119  -22.212  4.273  -48.763 0.0000000000
76130  -23.302  4.219  -49.941 0.0000000000
76141  -24.526  4.351  -50.990 0.0000000000
76152  -26.342  4.601  -51.466 0.0000000000
77220  -22.380  5.378  -49.683 0.0000000000
77228  -23.042  5.868  -50.642 0.0000000000
77230  -28.678  6.184  -49.938 0.0000000000
77238  -25.194  5.170  -51.615 0.0000000000
77249  -25.490  5.538  -51.775 0.0000000000
78230  -18.788  5.992  -45.708 0.0000000000
78266  -21.386  6.222  -48.887 0.0000000000
78276  -21.776  6.457  -49.554 0.0000000000
78286  -22.652  6.761  -50.644 0.0000000000
78296  -22.865  7.172  -51.064 0.0000000000
78299  -27.050  6.748  -51.664 0.0000000000
78308  -23.814  7.072  -51.789 0.0000000000
78309  -24.461  6.708  -52.024 0.0000000000
78311  -25.813  6.331  -52.189 0.0000000000
79408  -19.467  7.149  -46.841 0.0000000000
79438  -20.963  7.332  -48.766 0.0000000000
79461  -22.336  7.668  -50.660 0.0000000000
79463  -28.855  7.882  -50.033 0.0000000000
79473  -23.285  7.697  -51.686 0.0000000000
79483  -23.837  7.545  -52.064 0.0000000000
79487  -26.581  7.419  -52.127 0.0000000000
80536  -19.461  8.456  -47.001 0.0000000000
80572  -21.913  8.523  -50.417 0.0000000000
80592  -22.370  9.198  -51.239 0.0000000000
80593  -22.763  8.429  -51.476 0.0000000000
80605  -23.266  9.144  -51.972 0.0000000000
80606  -23.881  8.299  -52.325 0.0000000000
80607  -24.672  7.981  -52.523 0.0000000000
80620  -25.730  8.548  -52.539 0.0000000000
81707  -17.520  9.128  -44.837 0.0000000000
81730  -20.186  9.433  -47.950 0.0000000000
81755  -21.450  10.028  -50.179 0.0000000000
81768  -22.037  9.914  -51.097 0.0000000000
81769  -22.395  9.876  -51.446 0.0000000000
81781  -23.222  9.896  -52.122 0.0000000000
81782  -23.736  9.274  -52.362 0.0000000000
81794  -24.846  9.404  -52.593 0.0000000000
82862  -20.400  9.963  -48.282 0.0000000000
82894  -21.353  10.593  -50.111 0.0000000000
82907  -22.164  10.507  -51.299 0.0000000000
82909  -27.637  10.021  -51.605 0.0000000000
82914  -23.080  10.289  -52.093 0.0000000000
82923  -23.907  10.728  -52.520 0.0000000000
83929  -18.689  12.046  -45.676 0.0000000000
83930  -19.130  12.135  -46.010 0.0000000000
83938  -18.870  11.396  -46.166 0.0000000000
83950  -20.234  10.019  -47.876 0.0000000000
83990  -21.605  11.227  -50.889 0.0000000000
84013  -22.466  11.325  -51.537 0.0000000000
84934  -16.909  12.233  -43.860 0.0000000000
84942  -19.511  12.673  -44.969 0.0000000000
84953  -19.564  12.399  -46.052 0.0000000000
85021  -22.644  11.813  -51.635 0.0000000000
85959  -23.255  12.641  -52.044 0.0000000000
87963  -27.432  15.715  -53.431 0.0000000000
141010  -25.364  6.666  -52.313 0.0000000000
144485  -28.017  4.978  -50.579 0.0000000000
144587  -23.604  5.230  -50.757 0.0000000000
145280  -21.651  7.216  -49.662 0.0000000000
145488  -19.899  5.085  -46.335 0.0000000000
145704  -26.072  2.359  -50.434 0.0000000000
146605  -22.603  11.925  -51.652 0.0000000000
147698  -25.518  10.796  -52.588 0.0000000000
148554  -21.635  9.308  -50.272 0.0000000000
148718  -21.312  9.430  -49.728 0.0000000000
148898  -22.322  10.918  -51.458 0.0000000000
149433  -25.911  4.322  -51.411 0.0000000000
150812  -16.008  8.745  -43.797 0.0000000000
154592  -18.806  7.368  -46.142 0.0000000000
158308  -25.850  10.127  -52.558 0.0000000000
159909  -22.056  5.921  -49.632 0.0000000000
