#!ascii label  , from subject ICBM2009cNolinAsym vox2ras=TkReg
1192
65489  -22.172  -5.408  -42.577 0.5555555820
65506  -23.322  -4.928  -44.233 0.6666666865
66444  -23.317  -4.251  -44.669 0.7777777910
66454  -23.899  -4.062  -45.295 0.7777777910
68402  -23.776  -2.629  -46.215 0.8888888955
67437  -25.824  -3.050  -47.116 0.8888888955
64447  -21.710  -5.720  -41.843 0.5555555820
65498  -21.939  -4.729  -42.769 0.5555555820
67390  -22.164  -3.644  -43.889 0.6666666865
67405  -22.456  -3.045  -44.608 0.8888888955
67418  -24.496  -3.838  -45.870 0.8888888955
68413  -24.451  -2.455  -46.823 0.8888888955
69474  -24.785  -1.260  -47.729 1.0000000000
68426  -25.687  -2.431  -47.449 0.8888888955
69489  -26.078  -1.145  -48.296 1.0000000000
145106  -21.303  -2.737  -43.150 0.7777777910
69439  -21.893  -1.672  -44.787 1.0000000000
70506  -21.993  -0.637  -45.584 1.0000000000
69461  -22.640  -1.031  -46.119 1.0000000000
70526  -23.340  -0.132  -47.318 1.0000000000
70515  -22.332  -0.185  -46.224 1.0000000000
70537  -24.041  -0.265  -47.821 1.0000000000
71562  -22.902  0.613  -47.309 1.0000000000
71563  -23.574  0.496  -47.825 1.0000000000
71572  -24.313  0.402  -48.360 1.0000000000
70550  -25.805  0.142  -48.982 1.0000000000
72695  -23.707  1.267  -48.391 1.0000000000
72696  -24.594  1.078  -48.913 1.0000000000
146330  -26.069  0.499  -49.337 1.0000000000
72717  -25.305  2.143  -50.017 1.0000000000
72719  -26.311  1.804  -50.113 0.7777777910
71543  -21.269  0.611  -45.361 0.8888888955
158872  -21.748  0.019  -45.693 1.0000000000
72685  -23.120  1.130  -47.744 1.0000000000
72673  -21.863  1.309  -46.495 1.0000000000
72684  -22.457  1.436  -47.252 1.0000000000
73869  -23.374  2.184  -48.653 1.0000000000
72704  -24.153  1.879  -49.120 1.0000000000
73879  -24.605  2.417  -49.775 1.0000000000
73891  -25.658  2.622  -50.482 1.0000000000
73892  -26.479  2.484  -50.474 0.8888888955
75031  -26.048  3.100  -50.803 1.0000000000
75033  -27.290  3.455  -50.627 0.7777777910
75021  -27.960  3.744  -50.184 0.7777777910
74968  -20.270  3.274  -45.501 0.5555555820
76109  -20.393  4.975  -46.879 0.7777777910
74984  -20.705  3.345  -46.239 0.8888888955
73867  -21.784  3.178  -47.631 1.0000000000
154399  -22.754  2.445  -48.263 1.0000000000
75000  -21.395  3.973  -47.560 0.8888888955
75010  -21.979  3.770  -48.220 1.0000000000
73878  -23.745  2.801  -49.439 1.0000000000
75029  -24.459  3.740  -50.571 1.0000000000
138750  -25.543  3.312  -50.812 0.8888888955
75030  -25.115  3.910  -51.040 1.0000000000
75042  -26.230  3.848  -51.171 0.8888888955
76154  -27.603  5.060  -51.040 0.7777777910
77222  -29.158  5.770  -49.363 0.6666666865
77221  -28.520  5.326  -50.012 0.6666666865
78230  -18.788  5.992  -45.708 0.4444444478
76095  -20.144  4.533  -46.295 0.7777777910
78236  -18.728  6.788  -45.936 0.6666666865
77198  -20.598  5.666  -47.595 0.7777777910
76117  -20.984  4.814  -47.560 0.8888888955
76118  -21.645  4.682  -48.374 0.8888888955
75020  -23.810  3.649  -50.012 1.0000000000
76128  -22.140  4.874  -49.064 1.0000000000
76139  -23.054  5.021  -50.208 1.0000000000
76150  -24.860  4.713  -51.377 1.0000000000
76151  -25.756  4.903  -51.576 0.8888888955
77239  -26.625  5.215  -51.611 0.7777777910
77229  -28.041  5.740  -50.666 0.7777777910
78288  -28.335  6.560  -50.411 0.7777777910
78289  -28.794  7.033  -49.923 0.6666666865
80525  -17.904  8.273  -45.155 0.6666666865
79398  -18.589  6.849  -45.782 0.6666666865
78252  -19.690  6.480  -46.814 0.7777777910
79407  -19.137  7.513  -46.531 0.7777777910
78253  -20.286  6.489  -47.514 0.8888888955
77212  -21.765  5.589  -49.102 0.8888888955
78265  -20.866  6.504  -48.358 1.0000000000
78277  -22.351  6.160  -50.103 1.0000000000
77236  -23.777  5.739  -51.200 1.0000000000
76149  -24.216  5.001  -51.110 0.8888888955
134409  -25.777  5.814  -51.931 0.8888888955
77251  -26.409  5.922  -51.845 0.8888888955
77240  -27.265  5.664  -51.420 0.7777777910
78310  -25.232  6.194  -52.075 0.8888888955
78312  -26.337  6.655  -52.130 0.7777777910
79474  -27.745  7.497  -51.145 0.7777777910
79462  -28.323  7.289  -50.525 0.7777777910
79451  -29.345  7.565  -49.418 0.6666666865
81686  -16.763  8.822  -44.259 0.6666666865
80524  -17.243  8.135  -44.403 0.5555555820
80535  -19.162  8.138  -46.591 0.7777777910
148897  -19.658  7.870  -47.195 0.8888888955
79421  -20.491  7.291  -48.140 0.8888888955
79449  -21.331  7.693  -49.356 1.0000000000
78275  -21.332  6.927  -49.108 1.0000000000
78298  -24.021  6.351  -51.628 1.0000000000
77248  -24.851  5.895  -51.810 0.8888888955
141145  -27.201  7.717  -51.668 0.7777777910
80595  -27.710  8.502  -51.308 0.7777777910
80583  -28.882  8.762  -50.161 0.6666666865
81756  -29.422  9.245  -49.680 0.5555555820
80574  -29.862  8.903  -49.097 0.5555555820
155913  -17.084  9.741  -44.534 0.7777777910
82817  -16.933  10.740  -44.439 0.6666666865
81708  -18.154  9.389  -45.568 0.8888888955
80562  -20.774  8.145  -48.796 1.0000000000
79450  -21.782  7.809  -50.004 1.0000000000
79484  -24.459  7.368  -52.311 0.8888888955
135428  -24.913  6.767  -52.279 0.8888888955
80608  -25.420  7.878  -52.556 0.8888888955
79486  -25.835  7.107  -52.441 0.8888888955
81770  -27.417  9.182  -51.616 0.7777777910
82902  -28.327  9.909  -51.039 0.7777777910
81771  -27.907  9.352  -51.271 0.7777777910
82896  -29.523  10.044  -49.736 0.5555555820
82916  -26.361  9.839  -52.370 0.7777777910
82903  -28.777  10.532  -50.781 0.5555555820
82897  -30.068  10.421  -49.195 0.5555555820
84924  -16.857  12.539  -42.717 0.4444444478
83917  -16.372  11.552  -44.001 0.5555555820
82834  -18.415  10.441  -45.911 0.7777777910
80546  -20.407  8.878  -48.354 1.0000000000
81721  -19.446  8.941  -47.003 0.8888888955
80571  -21.411  8.593  -49.663 1.0000000000
80581  -22.341  8.476  -51.000 0.8888888955
80594  -23.276  8.360  -51.869 0.8888888955
80619  -25.096  8.634  -52.575 0.8888888955
81783  -26.304  8.949  -52.360 0.8888888955
82910  -28.244  10.707  -51.403 0.6666666865
84000  -29.220  11.119  -50.480 0.5555555820
83939  -19.567  11.830  -46.531 0.6666666865
83919  -18.336  12.262  -45.078 0.6666666865
81754  -21.075  9.927  -49.484 0.7777777910
144341  -22.009  9.242  -50.803 0.8888888955
81761  -21.754  9.971  -50.742 0.7777777910
81780  -22.804  9.842  -51.779 0.7777777910
144623  -22.785  9.156  -51.610 0.8888888955
81792  -23.739  10.036  -52.457 0.7777777910
80618  -24.368  8.821  -52.523 0.8888888955
82924  -24.564  10.189  -52.616 0.7777777910
82925  -25.287  9.974  -52.611 0.7777777910
82917  -27.002  10.402  -52.113 0.6666666865
143436  -25.957  11.723  -52.569 0.6666666865
84023  -27.056  11.323  -52.309 0.6666666865
84015  -27.701  11.683  -52.121 0.6666666865
82918  -27.642  10.961  -51.898 0.5555555820
85033  -27.822  12.982  -52.388 0.6666666865
84024  -27.458  12.175  -52.352 0.5555555820
85015  -28.699  12.123  -51.465 0.5555555820
132864  -29.201  11.901  -50.793 0.4444444478
85025  -28.771  12.974  -51.769 0.5555555820
84964  -21.235  11.775  -48.749 0.3333333433
84959  -20.865  11.712  -47.803 0.3333333433
83966  -21.270  10.820  -49.944 0.5555555820
82863  -20.853  10.336  -49.152 0.6666666865
147593  -21.433  11.560  -51.199 0.5555555820
82895  -21.648  10.721  -50.722 0.7777777910
148706  -22.777  10.846  -51.835 0.7777777910
84014  -22.889  11.308  -51.867 0.6666666865
82915  -23.215  10.641  -52.153 0.6666666865
84020  -23.462  11.283  -52.282 0.6666666865
84021  -24.207  11.345  -52.557 0.6666666865
84022  -25.054  11.487  -52.608 0.6666666865
85031  -26.452  12.518  -52.547 0.6666666865
85032  -27.207  12.747  -52.471 0.6666666865
85961  -28.341  13.203  -52.226 0.5555555820
86972  -29.346  14.653  -52.409 0.5555555820
85967  -28.227  13.818  -52.546 0.6666666865
144786  -21.718  11.365  -51.184 0.4444444478
84986  -21.571  11.200  -50.754 0.4444444478
85935  -21.970  12.097  -51.195 0.5555555820
85003  -21.567  11.613  -50.902 0.5555555820
85014  -22.146  11.752  -51.297 0.6666666865
84006  -22.063  11.118  -51.247 0.6666666865
85022  -23.158  11.891  -52.030 0.6666666865
143768  -24.579  11.871  -52.574 0.6666666865
85030  -25.424  12.324  -52.589 0.6666666865
141850  -26.174  13.159  -52.564 0.6666666865
86982  -28.080  14.670  -52.938 0.6666666865
86983  -28.740  14.620  -52.758 0.5555555820
85949  -23.012  12.447  -51.926 0.6666666865
85958  -23.037  12.074  -51.949 0.6666666865
85960  -24.107  13.011  -52.394 0.6666666865
85028  -23.850  11.845  -52.457 0.6666666865
85023  -23.676  12.341  -52.331 0.6666666865
85965  -26.976  13.353  -52.545 0.6666666865
67416  -23.116  -2.812  -45.479 0.8888888955
68389  -21.822  -2.270  -44.361 1.0000000000
69452  -22.270  -1.418  -45.431 1.0000000000
69462  -23.255  -1.314  -46.592 1.0000000000
69488  -25.458  -0.878  -48.255 1.0000000000
77237  -24.524  5.487  -51.509 0.8888888955
81685  -16.281  9.637  -44.161 0.5555555820
135264  -17.542  12.593  -43.521 0.5555555820
82833  -17.714  10.322  -45.099 0.7777777910
80609  -26.160  8.026  -52.456 0.8888888955
83897  -18.051  12.302  -42.606 0.2222222239
84008  -28.713  11.313  -51.125 0.6666666865
82908  -22.532  10.438  -51.632 0.7777777910
85013  -21.813  11.943  -51.222 0.6666666865
85950  -23.071  13.144  -51.812 0.6666666865
153522  -17.546  7.524  -44.504 0.4444444478
81675  -15.428  9.460  -43.638 0.4444444478
86973  -29.972  15.132  -52.138 0.5555555820
136354  -21.771  12.526  -49.251 0.2222222239
87948  -29.412  15.388  -52.856 0.5555555820
63366  -22.646  -7.058  -42.148 0.5555555820
64449  -23.165  -6.665  -42.780 0.5555555820
65499  -22.612  -5.039  -43.429 0.6666666865
65507  -24.023  -5.451  -44.389 0.5555555820
153082  -25.663  -3.592  -46.685 0.7777777910
64438  -21.915  -6.574  -41.661 0.5555555820
66445  -23.980  -4.748  -44.853 0.6666666865
66455  -24.573  -4.462  -45.428 0.6666666865
67428  -25.059  -3.703  -46.381 0.8888888955
68427  -26.346  -2.662  -47.413 0.7777777910
144069  -26.710  -2.050  -47.759 0.7777777910
70540  -26.496  -0.543  -48.639 0.8888888955
64437  -21.214  -6.016  -41.139 0.4444444478
67375  -21.202  -3.647  -42.202 0.5555555820
70539  -25.955  -0.448  -48.666 1.0000000000
68376  -21.050  -2.119  -42.862 0.2222222239
68377  -21.348  -2.198  -43.618 0.6666666865
154766  -26.877  0.754  -49.494 0.8888888955
72709  -27.162  1.295  -49.706 0.6666666865
73893  -27.070  2.614  -50.438 0.7777777910
73881  -28.351  3.299  -49.544 0.6666666865
71530  -20.916  0.278  -44.584 0.5555555820
75022  -28.496  4.055  -49.620 0.6666666865
72659  -20.504  1.923  -44.837 0.4444444478
76132  -28.926  4.809  -49.331 0.5555555820
78267  -29.726  6.273  -48.690 0.5555555820
76078  -19.304  4.329  -45.183 0.2222222239
79439  -29.832  7.222  -48.738 0.5555555820
79385  -17.418  6.616  -44.032 0.4444444478
80566  -29.857  8.123  -48.906 0.5555555820
81656  -14.555  9.762  -41.478 0.3333333433
81751  -30.857  9.361  -48.210 0.5555555820
84933  -15.633  12.292  -43.032 0.4444444478
82886  -30.761  10.751  -48.668 0.4444444478
136289  -18.025  11.665  -41.767 0.3333333433
83992  -30.359  11.337  -49.295 0.5555555820
85005  -30.203  12.563  -50.068 0.4444444478
133041  -20.700  12.027  -46.972 0.3333333433
84954  -20.101  12.326  -46.471 0.3333333433
84947  -20.011  12.647  -45.729 0.4444444478
85016  -29.275  12.703  -51.105 0.4444444478
86959  -29.704  14.365  -51.802 0.4444444478
87949  -30.289  15.869  -52.506 0.2222222239
159858  -21.786  12.974  -49.626 0.3333333433
85948  -22.261  12.428  -51.303 0.6666666865
86969  -23.741  13.652  -52.085 0.6666666865
85964  -25.212  13.215  -52.546 0.6666666865
148520  -26.055  13.764  -52.547 0.6666666865
86980  -26.415  14.503  -52.609 0.6666666865
86987  -27.735  15.217  -53.214 0.6666666865
86981  -27.435  14.279  -52.722 0.6666666865
87958  -28.653  15.366  -53.302 0.6666666865
143780  -22.673  13.152  -51.466 0.5555555820
65488  -21.462  -4.876  -42.063 0.5555555820
64458  -22.899  -5.885  -43.066 0.6666666865
65500  -23.427  -5.603  -43.760 0.6666666865
66443  -22.696  -4.329  -44.022 0.6666666865
138314  -22.768  -3.786  -44.466 0.7777777910
67406  -23.235  -3.571  -45.054 0.8888888955
144946  -23.785  -1.874  -46.712 1.0000000000
68401  -23.023  -1.921  -45.988 1.0000000000
67417  -23.834  -3.371  -45.736 0.8888888955
68425  -25.022  -2.124  -47.360 1.0000000000
68414  -25.184  -2.983  -46.927 0.8888888955
64448  -22.407  -6.229  -42.352 0.5555555820
65479  -21.219  -5.284  -41.412 0.4444444478
66432  -21.506  -4.183  -42.539 0.5555555820
66433  -22.048  -4.230  -43.288 0.6666666865
67404  -21.715  -2.917  -43.794 0.8888888955
67389  -21.507  -3.481  -43.054 0.5555555820
67427  -24.475  -3.203  -46.374 0.8888888955
69463  -24.386  -1.773  -47.201 1.0000000000
69475  -25.553  -1.637  -47.834 1.0000000000
156889  -24.381  -0.769  -47.772 1.0000000000
69476  -26.188  -1.887  -47.845 1.0000000000
70538  -25.472  -0.255  -48.606 1.0000000000
67388  -21.155  -2.930  -42.495 0.5555555820
68390  -22.434  -2.200  -45.116 1.0000000000
69438  -21.353  -1.474  -44.157 0.8888888955
69451  -21.628  -1.008  -44.918 0.8888888955
70505  -21.379  -0.234  -45.114 0.8888888955
70516  -23.007  -0.624  -46.752 1.0000000000
153986  -22.332  0.309  -46.469 1.0000000000
69473  -23.857  -1.031  -47.275 1.0000000000
69487  -24.802  -0.411  -48.239 1.0000000000
71554  -22.371  0.728  -46.737 1.0000000000
71573  -25.167  0.371  -48.820 1.0000000000
70551  -26.272  0.070  -49.014 0.8888888955
71584  -25.684  0.721  -49.340 1.0000000000
72694  -22.954  1.818  -47.969 1.0000000000
71583  -25.212  1.012  -49.274 1.0000000000
72706  -25.550  1.396  -49.678 1.0000000000
72708  -26.598  1.225  -49.770 0.8888888955
72720  -26.828  1.874  -50.111 0.7777777910
142857  -21.452  1.168  -45.887 1.0000000000
72660  -20.994  1.479  -45.358 0.5555555820
71542  -20.717  1.111  -44.714 0.5555555820
72683  -21.784  2.078  -46.847 1.0000000000
72672  -21.263  1.935  -46.047 0.8888888955
73856  -21.634  2.720  -47.130 1.0000000000
73877  -22.963  2.922  -48.803 1.0000000000
73889  -24.348  3.126  -50.062 1.0000000000
73890  -25.014  3.007  -50.474 1.0000000000
75032  -26.631  3.249  -50.799 0.8888888955
76131  -28.268  4.531  -50.125 0.6666666865
73828  -20.017  3.144  -44.939 0.5555555820
73829  -20.348  2.628  -45.121 0.5555555820
143069  -20.181  3.945  -45.927 0.6666666865
72671  -20.754  2.136  -45.418 0.7777777910
73844  -20.758  2.685  -45.790 0.7777777910
155799  -19.382  5.644  -46.130 0.6666666865
77197  -20.072  5.734  -46.823 0.8888888955
74999  -20.684  4.106  -46.777 0.8888888955
73845  -21.251  2.700  -46.486 0.8888888955
74985  -21.247  3.341  -46.951 1.0000000000
75011  -22.546  3.650  -48.817 1.0000000000
76140  -23.851  4.445  -50.558 1.0000000000
142879  -25.460  4.474  -51.414 0.8888888955
76153  -27.072  4.769  -51.355 0.8888888955
76142  -27.581  4.345  -50.780 0.7777777910
77213  -29.560  5.388  -48.692 0.5555555820
78278  -29.281  6.674  -49.355 0.6666666865
77161  -18.655  5.587  -45.349 0.3333333433
77170  -18.961  5.141  -45.478 0.3333333433
76094  -19.574  4.599  -45.765 0.4444444478
78237  -19.115  6.594  -46.308 0.6666666865
77211  -21.198  5.574  -48.306 0.8888888955
76129  -22.659  4.409  -49.437 1.0000000000
158630  -22.672  5.607  -50.200 1.0000000000
77250  -26.047  5.307  -51.709 0.7777777910
141180  -27.792  6.568  -50.986 0.7777777910
79420  -19.978  7.232  -47.380 0.8888888955
78287  -23.288  6.515  -51.137 1.0000000000
80582  -28.334  8.175  -50.662 0.7777777910
80573  -29.380  8.418  -49.551 0.6666666865
80493  -15.682  8.532  -43.193 0.4444444478
140789  -20.215  8.033  -47.897 0.8888888955
78285  -22.080  7.043  -50.126 1.0000000000
78297  -23.355  7.103  -51.450 0.8888888955
80610  -26.907  8.466  -51.966 0.7777777910
81762  -28.354  9.080  -50.783 0.6666666865
81750  -30.475  9.941  -48.674 0.5555555820
143847  -15.506  11.295  -43.633 0.5555555820
157373  -17.607  11.137  -44.880 0.6666666865
80545  -19.938  8.695  -47.592 0.8888888955
79472  -22.770  7.749  -51.283 1.0000000000
79485  -25.095  7.233  -52.456 0.8888888955
81784  -26.931  9.492  -51.995 0.8888888955
140486  -28.957  9.712  -50.365 0.6666666865
81795  -25.646  9.349  -52.547 0.8888888955
83991  -29.641  10.852  -49.799 0.5555555820
140606  -16.413  12.473  -43.235 0.5555555820
83918  -17.504  11.788  -44.557 0.5555555820
81722  -19.748  9.228  -47.362 1.0000000000
82848  -19.717  9.566  -47.306 0.7777777910
83928  -18.160  11.426  -45.389 0.7777777910
140912  -20.902  9.132  -49.129 0.7777777910
138403  -30.416  12.082  -49.614 0.5555555820
84946  -19.116  12.524  -45.490 0.5555555820
84941  -18.707  12.597  -44.735 0.5555555820
83951  -20.608  10.266  -48.542 0.4444444478
146431  -19.924  9.882  -47.513 0.6666666865
82849  -20.027  9.767  -47.633 0.7777777910
84940  -17.886  12.444  -44.337 0.7777777910
84935  -18.349  12.613  -44.103 0.6666666865
82901  -21.865  10.637  -51.029 0.7777777910
81731  -20.604  9.669  -48.715 0.7777777910
81793  -24.211  9.528  -52.558 0.7777777910
148906  -24.632  10.906  -52.610 0.6666666865
82926  -26.369  10.646  -52.426 0.6666666865
144953  -26.355  11.301  -52.484 0.6666666865
135777  -26.779  11.959  -52.501 0.6666666865
85024  -28.142  12.367  -52.088 0.5555555820
84007  -28.200  11.522  -51.736 0.5555555820
85951  -29.462  13.548  -51.441 0.4444444478
85004  -29.669  12.429  -50.525 0.4444444478
85962  -28.924  13.868  -52.196 0.5555555820
83940  -20.269  11.740  -47.044 0.4444444478
83999  -21.443  11.440  -50.921 0.6666666865
84005  -21.839  10.862  -51.022 0.7777777910
85966  -27.641  13.628  -52.561 0.6666666865
150551  -21.607  11.893  -50.932 0.5555555820
85029  -24.446  12.418  -52.528 0.6666666865
143405  -26.749  13.960  -52.585 0.6666666865
81673  -14.899  10.434  -43.358 0.4444444478
84925  -18.631  12.506  -43.497 0.3333333433
79364  -16.534  7.849  -43.650 0.4444444478
81674  -14.951  9.492  -43.012 0.4444444478
87932  -30.788  15.589  -51.814 0.3333333433
87960  -29.840  16.130  -53.051 0.3333333433
66470  -26.193  -4.102  -46.344 0.6666666865
63354  -21.481  -6.915  -40.984 0.5555555820
70552  -26.848  0.132  -49.051 0.7777777910
64436  -20.851  -5.862  -40.581 0.3333333433
66423  -21.231  -4.220  -41.981 0.4444444478
72721  -27.451  2.058  -49.902 0.6666666865
70493  -21.131  -0.556  -44.364 0.7777777910
74967  -19.759  3.759  -45.284 0.3333333433
74951  -19.838  3.344  -44.753 0.1111111119
80480  -15.224  9.014  -42.597 0.4444444478
83864  -14.525  10.972  -40.922 0.3333333433
83880  -14.818  11.854  -41.636 0.3333333433
83910  -19.661  12.237  -43.586 0.3333333433
86988  -28.175  15.600  -53.579 0.6666666865
135230  -28.558  15.934  -53.760 0.4444444478
136124  -26.974  -7.416  -43.627 0.4444444478
134421  -28.662  -7.796  -42.539 0.2222222239
63367  -23.483  -7.437  -42.507 0.4444444478
63368  -24.395  -7.746  -42.778 0.4444444478
63379  -23.991  -7.014  -43.114 0.4444444478
64460  -24.424  -6.568  -43.715 0.4444444478
63394  -26.043  -7.033  -43.825 0.4444444478
64472  -26.725  -6.402  -44.298 0.4444444478
64474  -28.108  -6.122  -44.174 0.2222222239
64471  -24.678  -5.992  -44.274 0.4444444478
135144  -25.435  -5.935  -44.564 0.4444444478
65509  -26.156  -5.854  -44.715 0.4444444478
65513  -29.238  -5.199  -44.102 0.1111111119
151629  -30.063  -5.064  -43.772 0.1111111119
65522  -26.310  -5.208  -45.251 0.4444444478
66458  -27.946  -4.763  -44.969 0.3333333433
65508  -24.789  -5.235  -44.927 0.4444444478
65521  -25.621  -5.283  -45.163 0.4444444478
65523  -27.057  -4.923  -45.259 0.3333333433
137421  -27.542  -4.320  -45.580 0.3333333433
66446  -28.790  -4.542  -44.578 0.2222222239
148285  -26.434  -4.633  -45.726 0.4444444478
65520  -25.227  -4.669  -45.580 0.5555555820
66456  -25.864  -4.684  -45.733 0.4444444478
67430  -28.022  -3.225  -46.193 0.2222222239
68403  -28.590  -2.850  -45.799 0.1111111119
69453  -29.522  -1.578  -45.673 0.1111111119
68416  -28.194  -2.559  -46.572 0.3333333433
68428  -27.061  -2.531  -47.437 0.4444444478
69477  -27.274  -1.808  -47.786 0.5555555820
69491  -27.486  -1.119  -48.156 0.6666666865
70528  -28.634  -0.338  -47.526 0.4444444478
147210  -27.116  -0.581  -48.579 0.6666666865
72674  -29.717  1.224  -46.947 0.3333333433
70553  -27.519  0.049  -48.741 0.6666666865
72698  -28.535  1.443  -48.492 0.5555555820
71586  -27.376  0.684  -49.252 0.6666666865
73858  -29.138  2.294  -48.090 0.5555555820
72686  -29.109  1.379  -47.712 0.4444444478
72697  -27.893  1.481  -49.279 0.5555555820
75013  -29.699  4.225  -48.084 0.4444444478
76120  -29.427  4.672  -48.607 0.5555555820
75001  -29.443  3.328  -48.117 0.4444444478
76121  -29.960  4.998  -48.109 0.4444444478
86978  -24.682  13.816  -52.337 0.5555555820
86979  -25.576  14.126  -52.453 0.5555555820
86986  -27.161  14.843  -52.871 0.5555555820
87964  -27.855  16.034  -53.856 0.5555555820
62218  -26.117  -8.022  -43.122 0.4444444478
139261  -28.330  -7.498  -43.282 0.2222222239
64459  -23.643  -6.314  -43.430 0.4444444478
158473  -28.323  -3.795  -45.390 0.2222222239
67420  -28.985  -3.090  -45.128 0.1111111119
69464  -28.412  -1.788  -46.924 0.4444444478
69465  -29.062  -1.254  -46.457 0.3333333433
68429  -27.747  -2.241  -47.262 0.4444444478
159381  -27.682  -0.516  -48.377 0.6666666865
71564  -28.233  0.020  -48.185 0.4444444478
75002  -30.156  3.766  -47.469 0.3333333433
79427  -30.973  7.454  -47.584 0.4444444478
87947  -25.881  15.089  -52.479 0.5555555820
87946  -24.874  15.197  -52.090 0.5555555820
71555  -29.701  0.522  -46.636 0.2222222239
60961  -24.877  -9.156  -41.928 0.4444444478
60962  -25.661  -9.133  -42.228 0.4444444478
60963  -26.378  -9.300  -42.156 0.4444444478
62212  -28.001  -8.158  -42.773 0.2222222239
63357  -29.310  -7.380  -42.042 0.1111111119
63356  -22.967  -7.843  -41.893 0.4444444478
62200  -24.157  -8.893  -41.847 0.4444444478
64462  -29.317  -6.288  -43.597 0.1111111119
65501  -29.560  -5.686  -43.784 0.1111111119
66447  -30.332  -4.356  -43.842 0.1111111119
67407  -29.271  -3.715  -44.665 0.1111111119
68392  -30.558  -2.637  -44.266 0.1111111119
70507  -30.150  -1.176  -45.305 0.1111111119
70517  -29.757  -0.779  -45.928 0.1111111119
70518  -30.069  0.081  -46.014 0.2222222239
72687  -29.742  2.032  -47.229 0.1111111119
73859  -29.908  2.891  -47.392 0.2222222239
75003  -30.884  4.180  -46.932 0.2222222239
76110  -30.373  4.608  -47.531 0.3333333433
77214  -30.156  5.785  -48.095 0.4444444478
78268  -30.439  6.768  -48.000 0.3333333433
79440  -30.504  7.871  -48.204 0.4444444478
134605  -31.219  8.175  -47.595 0.3333333433
84936  -19.115  12.624  -44.243 0.4444444478
85937  -30.869  13.948  -50.391 0.3333333433
86956  -22.332  13.099  -51.187 0.4444444478
87966  -28.741  16.354  -54.030 0.5555555820
86957  -23.253  13.882  -51.620 0.5555555820
86958  -23.948  14.607  -51.855 0.5555555820
87957  -26.819  15.392  -52.935 0.5555555820
87969  -27.550  16.548  -54.050 0.5555555820
87931  -24.245  15.524  -51.577 0.5555555820
66469  -25.497  -4.165  -46.149 0.5555555820
159531  -26.780  -3.098  -47.117 0.6666666865
69490  -26.756  -1.325  -48.202 0.6666666865
73871  -28.772  2.874  -48.848 0.5555555820
75012  -28.982  3.905  -48.851 0.4444444478
80554  -30.846  8.639  -47.991 0.4444444478
85952  -30.174  14.125  -51.069 0.3333333433
64470  -24.043  -5.995  -43.937 0.4444444478
66471  -26.834  -3.640  -46.624 0.3333333433
66457  -26.911  -4.261  -46.001 0.3333333433
63382  -26.427  -7.494  -43.536 0.4444444478
63383  -27.515  -7.519  -43.503 0.4444444478
63370  -27.626  -7.955  -43.151 0.3333333433
63396  -27.281  -6.948  -43.905 0.4444444478
62219  -26.945  -7.976  -43.237 0.4444444478
152398  -29.014  -6.896  -43.367 0.1111111119
62207  -23.851  -8.197  -42.202 0.4444444478
62208  -24.853  -8.537  -42.418 0.4444444478
63380  -24.858  -7.265  -43.376 0.4444444478
62209  -25.703  -8.492  -42.717 0.4444444478
63369  -25.285  -7.940  -43.005 0.4444444478
64461  -25.320  -6.693  -43.952 0.4444444478
63381  -25.697  -7.425  -43.479 0.4444444478
139695  -26.052  -6.502  -44.230 0.4444444478
63384  -27.899  -7.122  -43.716 0.4444444478
64473  -27.393  -6.265  -44.277 0.4444444478
65510  -26.855  -5.704  -44.714 0.4444444478
63385  -28.496  -6.697  -43.750 0.2222222239
65511  -27.612  -5.541  -44.618 0.4444444478
64475  -28.900  -5.964  -44.032 0.1111111119
65512  -28.428  -5.376  -44.404 0.2222222239
138427  -29.664  -4.427  -44.178 0.1111111119
157878  -30.489  -5.130  -43.445 0.1111111119
67419  -27.511  -3.741  -46.149 0.3333333433
68417  -28.812  -2.046  -46.120 0.2222222239
68404  -29.270  -2.374  -45.363 0.1111111119
68405  -30.126  -1.944  -44.888 0.1111111119
68415  -27.456  -3.038  -46.823 0.3333333433
69478  -27.969  -1.499  -47.627 0.4444444478
70527  -28.119  -0.783  -47.925 0.4444444478
71565  -29.030  0.463  -47.425 0.3333333433
69479  -28.594  -1.020  -47.248 0.4444444478
136915  -29.259  -0.329  -46.752 0.3333333433
72675  -30.275  1.792  -46.656 0.1111111119
71575  -28.572  0.792  -48.129 0.4444444478
71574  -28.016  0.710  -48.739 0.5555555820
73870  -28.500  2.083  -48.864 0.5555555820
77201  -30.817  5.970  -47.505 0.4444444478
86971  -25.090  14.516  -52.280 0.5555555820
86970  -24.430  14.379  -52.155 0.5555555820
62210  -26.474  -8.680  -42.694 0.4444444478
68391  -29.697  -2.860  -44.679 0.1111111119
88869  -24.962  16.169  -51.879 0.5555555820
60954  -25.960  -9.810  -41.772 0.4444444478
60964  -27.036  -9.055  -42.261 0.4444444478
134063  -27.719  -8.645  -42.251 0.2222222239
62211  -27.313  -8.455  -42.783 0.4444444478
62199  -23.332  -8.573  -41.595 0.4444444478
62198  -22.513  -8.230  -41.230 0.4444444478
141303  -29.642  -6.516  -43.070 0.1111111119
55275  -25.991  -14.071  -35.249 0.1111111119
57539  -22.949  -12.971  -38.070 0.3333333433
57523  -25.504  -13.155  -37.005 0.2222222239
56365  -25.766  -13.625  -35.895 0.2222222239
56366  -26.628  -13.313  -35.706 0.1111111119
57504  -26.743  -12.729  -36.414 0.1111111119
58643  -21.643  -10.989  -38.393 0.3333333433
57558  -21.901  -11.736  -38.096 0.3333333433
57538  -22.118  -12.532  -37.745 0.3333333433
57560  -24.393  -12.612  -38.722 0.3333333433
158782  -25.078  -12.655  -38.404 0.3333333433
57541  -25.447  -12.794  -37.707 0.2222222239
57562  -25.715  -12.255  -38.357 0.2222222239
57524  -26.141  -12.701  -37.027 0.2222222239
57542  -26.302  -12.221  -37.675 0.2222222239
60929  -20.963  -8.958  -38.941 0.2222222239
59736  -21.074  -9.573  -38.601 0.2222222239
159800  -21.014  -10.027  -38.236 0.2222222239
58644  -22.518  -11.402  -38.774 0.3333333433
149455  -22.681  -12.219  -38.371 0.3333333433
158591  -23.178  -11.973  -38.828 0.3333333433
58630  -26.411  -11.727  -38.313 0.1111111119
62176  -21.010  -8.459  -39.362 0.2222222239
60930  -21.446  -9.212  -39.382 0.3333333433
62188  -21.535  -8.514  -39.989 0.3333333433
59749  -22.234  -9.904  -39.667 0.3333333433
62189  -22.186  -8.687  -40.569 0.3333333433
59759  -22.628  -9.414  -40.389 0.3333333433
58655  -22.838  -10.782  -39.488 0.3333333433
59760  -23.241  -10.186  -40.256 0.3333333433
58657  -24.633  -11.291  -40.024 0.3333333433
59761  -24.214  -10.565  -40.490 0.3333333433
58670  -25.939  -11.035  -40.124 0.3333333433
59762  -25.737  -10.684  -40.707 0.3333333433
59751  -26.573  -10.762  -39.905 0.3333333433
58659  -26.813  -10.926  -39.174 0.1111111119
63329  -21.058  -7.785  -39.893 0.2222222239
62197  -21.685  -7.829  -40.683 0.3333333433
60950  -22.913  -8.961  -40.998 0.3333333433
60951  -23.661  -9.235  -41.284 0.3333333433
60941  -23.934  -9.842  -40.871 0.3333333433
60952  -24.429  -9.493  -41.453 0.3333333433
59771  -25.494  -10.243  -41.206 0.3333333433
60953  -25.214  -9.670  -41.621 0.3333333433
59763  -26.347  -10.552  -40.588 0.3333333433
59752  -27.224  -10.378  -39.584 0.1111111119
63341  -20.688  -6.974  -39.989 0.3333333433
63342  -21.134  -7.182  -40.415 0.3333333433
60955  -27.509  -9.160  -41.576 0.3333333433
77202  -31.084  5.155  -47.038 0.2222222239
78258  -31.189  6.781  -47.270 0.2222222239
78242  -31.532  6.055  -46.932 0.2222222239
139742  -31.211  10.194  -48.233 0.3333333433
81737  -31.542  9.714  -47.851 0.2222222239
56412  -23.798  -13.169  -38.211 0.3333333433
57540  -24.600  -13.087  -38.043 0.3333333433
56386  -25.968  -13.161  -36.401 0.2222222239
57543  -26.908  -12.228  -37.002 0.1111111119
133930  -21.607  -9.912  -39.045 0.3333333433
147323  -24.036  -11.638  -39.574 0.3333333433
57574  -24.597  -11.960  -39.368 0.3333333433
57561  -25.192  -12.220  -38.965 0.3333333433
58658  -26.193  -11.306  -39.484 0.3333333433
60939  -21.984  -9.150  -40.011 0.3333333433
140523  -26.715  -9.674  -41.609 0.3333333433
55254  -25.285  -14.507  -35.207 0.1111111119
55256  -26.409  -14.519  -34.553 0.1111111119
56395  -21.509  -12.863  -37.065 0.3333333433
56396  -22.449  -13.384  -37.422 0.3333333433
154601  -22.921  -13.817  -37.393 0.3333333433
56383  -23.399  -14.053  -37.183 0.3333333433
56384  -24.261  -13.944  -36.935 0.3333333433
56385  -25.147  -13.685  -36.519 0.3333333433
136266  -27.304  -14.438  -34.322 0.1111111119
56367  -27.596  -13.277  -35.319 0.1111111119
58629  -21.272  -11.268  -37.847 0.3333333433
57505  -27.446  -12.757  -35.951 0.1111111119
58610  -27.697  -11.837  -36.834 0.1111111119
62175  -20.605  -8.452  -38.921 0.2222222239
58646  -27.003  -11.164  -38.445 0.1111111119
59739  -27.461  -10.553  -38.777 0.1111111119
59753  -27.873  -9.916  -39.177 0.1111111119
60931  -27.605  -9.761  -40.043 0.1111111119
64426  -20.680  -6.265  -40.152 0.1111111119
79428  -31.735  7.604  -47.062 0.2222222239
82887  -31.714  11.095  -48.230 0.2222222239
82868  -32.003  10.338  -47.774 0.2222222239
65478  -20.947  -5.305  -40.883 0.2222222239
66411  -21.054  -4.638  -41.310 0.3333333433
63355  -22.177  -7.419  -41.454 0.4444444478
64427  -20.959  -6.495  -40.510 0.2222222239
143791  -31.905  8.397  -47.286 0.2222222239
56345  -26.941  -13.839  -34.912 0.1111111119
56397  -23.264  -13.557  -37.699 0.3333333433
57559  -23.477  -12.557  -38.590 0.3333333433
56398  -24.039  -13.615  -37.634 0.3333333433
56399  -24.831  -13.413  -37.341 0.3333333433
59738  -22.022  -10.556  -38.994 0.3333333433
59721  -20.976  -10.526  -37.946 0.2222222239
57573  -23.846  -12.100  -39.104 0.3333333433
58645  -25.884  -11.766  -38.953 0.2222222239
58631  -27.156  -11.580  -37.618 0.1111111119
143462  -20.702  -8.177  -39.274 0.2222222239
60940  -23.276  -9.522  -40.755 0.3333333433
59750  -23.712  -11.036  -39.888 0.3333333433
58656  -23.354  -11.515  -39.290 0.3333333433
142695  -25.039  -10.697  -40.647 0.3333333433
57575  -25.407  -11.589  -39.640 0.3333333433
59770  -24.736  -10.096  -41.054 0.3333333433
59772  -26.174  -10.262  -41.223 0.3333333433
63328  -20.493  -7.474  -39.404 0.2222222239
59773  -26.696  -10.137  -40.987 0.3333333433
60942  -27.277  -9.722  -40.907 0.1111111119
55255  -25.678  -14.650  -34.785 0.1111111119
55289  -25.209  -14.132  -35.761 0.2222222239
56381  -21.816  -13.700  -36.760 0.3333333433
56382  -22.610  -14.040  -37.039 0.3333333433
55287  -23.693  -14.463  -36.567 0.3333333433
55288  -24.461  -14.298  -36.216 0.3333333433
57537  -20.675  -11.117  -37.402 0.2222222239
79413  -31.849  6.808  -46.765 0.1111111119
78243  -32.326  6.261  -46.468 0.1111111119
79415  -33.828  7.183  -46.437 0.1111111119
79414  -32.704  7.239  -46.551 0.1111111119
79430  -33.530  8.000  -46.694 0.1111111119
79431  -34.527  7.835  -46.831 0.1111111119
80555  -31.548  9.000  -47.640 0.1111111119
147022  -34.119  8.548  -46.938 0.1111111119
80556  -32.476  8.961  -47.272 0.1111111119
81740  -34.227  9.338  -47.241 0.1111111119
83993  -31.018  12.063  -49.156 0.2222222239
81738  -32.231  9.656  -47.535 0.1111111119
81739  -33.196  9.678  -47.289 0.1111111119
85922  -31.327  13.415  -49.746 0.1111111119
135402  -30.618  13.194  -50.048 0.2222222239
86942  -30.826  14.591  -50.915 0.1111111119
85923  -32.220  13.543  -49.534 0.1111111119
86944  -32.566  14.794  -50.435 0.1111111119
86961  -31.233  15.196  -51.193 0.1111111119
87913  -23.306  15.133  -50.787 0.4444444478
87930  -23.539  14.834  -51.337 0.4444444478
87933  -31.796  15.949  -51.574 0.1111111119
88893  -29.234  16.755  -54.017 0.3333333433
87959  -29.174  16.051  -53.547 0.2222222239
88870  -30.566  16.688  -52.879 0.1111111119
87950  -31.156  16.331  -52.225 0.1111111119
88871  -31.590  17.154  -52.630 0.1111111119
143404  -25.707  16.000  -52.309 0.4444444478
150894  -26.176  16.724  -52.725 0.4444444478
88881  -26.487  16.040  -52.852 0.4444444478
146585  -26.703  16.817  -53.397 0.4444444478
88882  -27.085  16.263  -53.519 0.4444444478
87970  -27.865  16.788  -54.452 0.4444444478
88899  -28.097  17.127  -54.842 0.4444444478
88892  -28.616  16.867  -54.447 0.2222222239
89814  -29.167  17.513  -54.518 0.2222222239
89815  -29.998  18.139  -54.192 0.2222222239
89801  -30.683  17.895  -53.585 0.2222222239
92045  -27.935  20.422  -57.636 0.1111111119
93070  -29.462  20.208  -56.596 0.1111111119
92002  -31.670  19.357  -54.937 0.1111111119
88844  -23.698  16.112  -50.456 0.4444444478
140650  -24.113  16.680  -50.640 0.4444444478
88855  -24.449  16.423  -51.313 0.4444444478
140598  -25.561  16.782  -52.207 0.4444444478
159569  -26.376  17.292  -53.120 0.4444444478
89799  -26.649  17.547  -53.800 0.4444444478
88891  -27.134  17.131  -54.209 0.4444444478
88897  -27.551  17.229  -54.707 0.4444444478
88898  -27.788  17.332  -54.963 0.4444444478
90869  -26.556  18.345  -54.055 0.3333333433
89826  -27.762  18.000  -55.811 0.3333333433
90892  -28.194  18.294  -55.911 0.1111111119
89821  -28.664  17.961  -55.200 0.1111111119
90893  -28.973  18.682  -55.533 0.1111111119
90882  -29.448  18.382  -54.867 0.2222222239
90894  -29.698  19.026  -55.226 0.1111111119
92022  -29.430  19.510  -55.863 0.1111111119
88840  -23.860  16.901  -49.792 0.2222222239
89786  -25.069  16.964  -51.671 0.3333333433
89787  -25.506  17.380  -52.063 0.3333333433
142737  -27.243  17.689  -54.956 0.4444444478
90891  -26.980  18.308  -55.598 0.2222222239
135713  -27.703  18.448  -56.221 0.2222222239
90900  -27.975  18.984  -56.486 0.1111111119
155555  -26.903  18.906  -56.295 0.1111111119
90898  -27.088  19.295  -56.728 0.1111111119
92021  -28.672  19.610  -56.510 0.1111111119
90907  -27.561  19.542  -56.896 0.1111111119
92032  -28.096  19.729  -56.932 0.1111111119
89778  -24.645  17.263  -51.065 0.3333333433
152068  -25.234  17.724  -51.596 0.3333333433
90849  -24.910  18.079  -50.889 0.3333333433
90850  -25.606  18.551  -51.626 0.3333333433
90868  -26.295  18.009  -53.083 0.3333333433
136528  -26.701  18.719  -54.998 0.2222222239
147346  -26.605  19.246  -55.956 0.1111111119
92030  -26.809  20.092  -57.132 0.1111111119
92031  -27.220  20.158  -57.356 0.1111111119
93092  -26.838  21.370  -58.582 0.1111111119
91970  -24.877  18.961  -48.656 0.1111111119
91975  -25.128  18.895  -49.700 0.1111111119
90847  -25.309  18.778  -50.678 0.2222222239
91980  -25.948  19.189  -51.284 0.2222222239
91983  -26.120  18.659  -52.521 0.3333333433
153991  -26.186  19.198  -52.084 0.2222222239
91990  -26.428  18.860  -53.361 0.3333333433
159066  -26.402  19.245  -52.794 0.3333333433
144205  -26.561  19.706  -53.502 0.2222222239
154198  -26.568  19.917  -54.391 0.1111111119
93062  -26.516  20.590  -55.035 0.1111111119
155249  -26.330  20.150  -55.936 0.1111111119
92020  -26.675  19.558  -56.643 0.1111111119
92029  -26.482  20.258  -56.972 0.1111111119
92042  -26.621  20.675  -57.468 0.1111111119
93093  -27.835  21.079  -58.565 0.1111111119
93094  -28.410  21.012  -58.269 0.1111111119
91971  -25.636  19.278  -49.404 0.1111111119
91977  -26.206  19.534  -49.913 0.1111111119
91976  -25.867  19.289  -50.396 0.1111111119
93036  -26.570  19.690  -50.548 0.1111111119
94072  -27.226  20.968  -52.760 0.1111111119
93046  -26.885  20.275  -52.271 0.1111111119
91984  -26.565  19.760  -52.590 0.2222222239
94076  -27.028  21.143  -53.597 0.1111111119
93051  -26.683  20.509  -54.017 0.1111111119
94985  -26.828  22.084  -54.769 0.1111111119
154238  -26.533  21.470  -55.154 0.1111111119
94993  -26.532  22.136  -55.512 0.1111111119
93061  -26.327  20.605  -56.648 0.1111111119
136316  -27.209  20.095  -50.531 0.1111111119
150757  -27.346  20.133  -49.871 0.1111111119
93043  -27.627  20.626  -51.115 0.1111111119
94068  -27.387  20.772  -51.935 0.1111111119
94073  -27.670  21.521  -52.377 0.1111111119
94077  -27.443  21.780  -53.160 0.1111111119
94981  -27.207  21.956  -54.004 0.1111111119
94064  -28.340  21.205  -50.828 0.1111111119
94972  -28.187  21.989  -52.034 0.1111111119
78244  -33.261  6.406  -46.206 0.1111111119
146198  -35.172  7.361  -46.979 0.1111111119
82888  -32.807  10.972  -47.754 0.1111111119
149545  -33.326  10.407  -47.526 0.1111111119
83976  -32.621  11.776  -48.299 0.1111111119
86943  -31.558  14.691  -50.625 0.1111111119
87965  -28.241  16.377  -54.155 0.4444444478
89800  -29.855  17.375  -53.816 0.2222222239
146409  -30.383  17.198  -53.358 0.1111111119
88884  -30.954  17.379  -53.098 0.1111111119
88856  -31.984  16.634  -52.094 0.1111111119
90883  -30.332  18.897  -54.671 0.2222222239
90901  -28.585  19.001  -56.064 0.1111111119
92023  -30.448  20.132  -56.117 0.1111111119
94977  -27.946  22.285  -52.726 0.1111111119
94070  -28.430  21.756  -51.449 0.1111111119
78259  -35.841  6.461  -47.231 0.1111111119
79416  -34.694  7.013  -46.595 0.1111111119
83974  -31.099  11.453  -48.767 0.2222222239
84989  -30.855  12.701  -49.593 0.2222222239
87929  -22.900  14.010  -51.206 0.4444444478
89798  -25.963  17.374  -52.571 0.4444444478
88902  -27.524  17.817  -55.394 0.4444444478
93037  -26.778  19.799  -49.882 0.1111111119
93030  -27.043  19.909  -49.106 0.1111111119
78246  -35.550  6.002  -46.728 0.1111111119
77186  -31.966  5.417  -46.522 0.1111111119
77187  -32.764  5.606  -46.111 0.1111111119
78245  -34.231  6.418  -46.226 0.1111111119
146538  -36.363  5.881  -48.094 0.1111111119
77189  -36.103  5.824  -47.371 0.1111111119
79441  -35.865  7.782  -47.964 0.1111111119
80558  -34.857  8.617  -47.297 0.1111111119
80559  -35.648  8.579  -48.004 0.1111111119
82871  -34.701  9.926  -47.651 0.1111111119
83977  -33.590  11.628  -48.134 0.1111111119
82889  -33.861  10.924  -47.739 0.1111111119
82890  -34.685  10.594  -47.904 0.1111111119
84973  -33.427  12.305  -48.588 0.1111111119
85925  -33.933  13.416  -49.454 0.1111111119
86945  -33.456  14.569  -50.249 0.1111111119
87915  -32.829  15.352  -50.867 0.1111111119
87934  -32.728  15.836  -51.271 0.1111111119
89803  -32.289  17.696  -52.927 0.1111111119
89788  -32.685  17.154  -52.409 0.1111111119
88854  -23.844  15.806  -51.021 0.4444444478
90885  -32.997  18.692  -54.423 0.1111111119
92016  -32.015  19.669  -55.624 0.1111111119
156626  -23.972  17.507  -49.509 0.2222222239
89773  -24.297  17.552  -50.189 0.2222222239
93072  -31.035  20.440  -56.744 0.1111111119
90839  -23.649  18.332  -48.429 0.1111111119
90846  -24.689  18.323  -49.976 0.2222222239
93095  -29.667  20.930  -57.858 0.1111111119
94141  -29.281  21.431  -59.108 0.1111111119
90840  -23.997  18.768  -48.010 0.1111111119
91961  -24.519  19.100  -47.618 0.1111111119
91972  -26.250  19.566  -49.222 0.1111111119
91963  -26.356  19.581  -48.521 0.1111111119
153169  -27.772  21.396  -59.289 0.1111111119
91964  -26.980  19.752  -48.054 0.1111111119
141073  -27.749  20.179  -48.624 0.1111111119
152472  -26.400  22.237  -56.163 0.1111111119
94101  -26.311  22.044  -56.786 0.1111111119
142819  -26.461  21.743  -58.018 0.1111111119
94124  -26.436  22.015  -58.798 0.1111111119
93031  -27.849  20.365  -49.476 0.1111111119
93039  -28.486  20.869  -49.913 0.1111111119
94982  -27.713  22.739  -53.529 0.1111111119
95932  -27.205  23.619  -54.823 0.1111111119
94978  -28.491  22.700  -52.312 0.1111111119
83975  -31.752  11.986  -48.649 0.1111111119
79429  -32.608  8.194  -46.916 0.1111111119
80557  -33.368  8.809  -47.000 0.1111111119
145006  -35.347  7.913  -47.378 0.1111111119
81741  -35.113  9.344  -47.736 0.1111111119
84990  -31.733  12.783  -49.178 0.1111111119
85939  -32.804  14.157  -49.846 0.1111111119
85924  -33.084  13.567  -49.419 0.1111111119
88857  -32.700  16.452  -51.791 0.1111111119
89820  -28.108  17.672  -55.399 0.2222222239
89813  -28.471  17.382  -54.910 0.2222222239
90870  -30.724  18.529  -54.073 0.2222222239
90871  -31.453  18.493  -53.784 0.1111111119
134164  -28.849  20.783  -57.731 0.1111111119
92044  -27.331  20.843  -58.158 0.1111111119
93079  -28.705  20.251  -57.089 0.1111111119
93080  -29.384  20.592  -57.256 0.1111111119
93071  -30.242  20.630  -57.119 0.1111111119
90895  -32.518  19.219  -55.037 0.1111111119
136380  -32.075  18.926  -54.307 0.1111111119
92001  -30.954  19.370  -54.917 0.2222222239
89812  -26.844  17.889  -54.685 0.3333333433
92014  -30.347  19.497  -55.345 0.2222222239
90858  -25.778  17.970  -52.241 0.3333333433
89825  -27.338  18.478  -56.130 0.2222222239
90899  -27.488  18.885  -56.482 0.1111111119
92000  -26.536  19.182  -54.252 0.2222222239
92013  -26.550  19.608  -55.132 0.1111111119
92012  -26.433  19.919  -56.483 0.1111111119
92043  -26.904  20.784  -57.905 0.1111111119
93091  -26.604  21.340  -58.156 0.1111111119
93111  -27.331  21.340  -58.958 0.1111111119
90843  -24.433  18.513  -48.976 0.1111111119
93045  -26.460  19.676  -51.785 0.1111111119
93078  -26.412  21.064  -57.365 0.1111111119
91962  -25.533  19.294  -48.386 0.1111111119
155979  -26.358  19.560  -51.089 0.1111111119
93042  -26.949  20.053  -51.348 0.1111111119
93049  -26.825  20.395  -53.130 0.1111111119
94080  -26.743  21.295  -54.425 0.1111111119
140885  -26.868  22.865  -55.145 0.1111111119
94087  -26.354  21.278  -56.046 0.1111111119
154039  -26.299  21.319  -56.881 0.1111111119
93038  -27.820  20.536  -50.303 0.1111111119
94069  -27.933  21.304  -51.632 0.1111111119
94986  -27.254  22.803  -54.403 0.1111111119
77188  -33.757  5.581  -45.850 0.1111111119
79432  -35.764  7.153  -47.492 0.1111111119
84972  -32.551  12.521  -48.744 0.1111111119
89802  -31.568  17.871  -53.205 0.1111111119
92015  -31.160  19.734  -55.489 0.1111111119
92024  -31.481  20.118  -56.181 0.1111111119
145800  -26.593  22.918  -55.855 0.1111111119
95924  -28.229  22.997  -52.897 0.1111111119
78260  -36.176  6.488  -47.840 0.1111111119
84992  -33.314  12.983  -48.990 0.1111111119
85940  -33.651  13.996  -49.832 0.1111111119
90872  -32.445  18.301  -53.579 0.1111111119
92025  -32.321  19.862  -56.438 0.1111111119
93081  -31.168  20.623  -57.515 0.1111111119
144325  -23.181  18.789  -47.644 0.1111111119
95001  -26.402  22.915  -56.589 0.1111111119
94113  -26.350  21.880  -57.480 0.1111111119
55285  -22.175  -14.427  -36.499 0.2222222239
71529  -20.510  0.765  -44.202 0.2222222239
72645  -20.342  1.613  -44.297 0.2222222239
67374  -21.059  -3.247  -41.924 0.3333333433
69437  -20.903  -0.937  -43.628 0.3333333433
86930  -22.314  14.180  -50.014 0.2222222239
87905  -22.713  15.735  -49.153 0.1111111119
88839  -23.522  17.094  -49.230 0.1111111119
88843  -23.488  16.057  -50.138 0.2222222239
84937  -20.042  12.433  -44.371 0.2222222239
69426  -20.887  -1.452  -43.053 0.2222222239
83911  -20.748  11.982  -43.748 0.1111111119
133363  -21.503  11.800  -48.471 0.1111111119
148707  -22.677  14.242  -49.260 0.1111111119
87900  -22.543  15.619  -48.418 0.1111111119
133881  -22.464  16.298  -48.624 0.1111111119
89768  -23.064  17.951  -48.499 0.1111111119
86940  -21.999  13.053  -50.830 0.2222222239
66422  -21.074  -3.929  -41.585 0.2222222239
69416  -20.928  -1.666  -42.545 0.2222222239
69427  -21.091  -1.617  -43.427 0.3333333433
79365  -17.007  6.746  -43.282 0.2222222239
85907  -22.054  13.343  -49.537 0.1111111119
78221  -17.675  5.778  -43.582 0.1111111119
79353  -16.389  7.383  -42.962 0.3333333433
86941  -22.720  14.034  -50.944 0.3333333433
139105  -23.154  15.092  -50.616 0.3333333433
70485  -20.704  -0.407  -43.614 0.2222222239
84965  -21.986  12.537  -48.976 0.1111111119
86931  -22.607  14.869  -49.438 0.1111111119
85908  -22.251  13.248  -49.211 0.1111111119
135572  -22.737  13.887  -49.004 0.1111111119
54193  -22.579  -14.992  -36.171 0.1111111119
54203  -23.237  -14.884  -36.243 0.1111111119
55273  -23.841  -14.825  -35.915 0.1111111119
55253  -20.393  -14.403  -35.017 0.1111111119
56364  -21.375  -14.130  -36.118 0.1111111119
159509  -20.866  -13.233  -36.288 0.1111111119
57522  -20.668  -12.318  -36.696 0.1111111119
153196  -20.501  -11.620  -36.940 0.1111111119
156632  -21.220  -11.931  -37.404 0.1111111119
66410  -20.916  -4.217  -40.880 0.1111111119
73792  -20.193  2.038  -44.197 0.1111111119
72629  -20.313  1.215  -44.086 0.1111111119
134949  -20.729  -0.059  -43.999 0.1111111119
83865  -15.222  11.377  -40.913 0.2222222239
155191  -16.535  11.910  -41.588 0.2222222239
82784  -17.370  11.302  -41.224 0.2222222239
82785  -18.511  10.933  -41.087 0.2222222239
56363  -20.601  -13.856  -35.602 0.1111111119
73815  -20.156  2.528  -44.506 0.1111111119
138532  -22.197  -15.499  -35.665 0.1111111119
54194  -23.130  -15.415  -35.705 0.1111111119
56344  -19.807  -13.591  -35.013 0.1111111119
155049  -20.178  -13.170  -35.639 0.1111111119
57503  -20.102  -12.488  -35.995 0.1111111119
57521  -20.036  -11.705  -36.362 0.1111111119
58609  -20.116  -11.002  -36.780 0.1111111119
59720  -20.314  -10.254  -37.343 0.1111111119
133458  -20.666  -9.794  -37.989 0.1111111119
60914  -20.530  -9.054  -38.312 0.1111111119
66401  -20.883  -4.774  -40.487 0.1111111119
68336  -20.896  -2.952  -40.825 0.1111111119
70474  -20.787  -1.126  -43.053 0.1111111119
71520  -19.981  1.055  -42.781 0.1111111119
82767  -16.919  10.683  -40.586 0.2222222239
82786  -19.500  10.682  -41.125 0.2222222239
83884  -19.886  11.266  -41.981 0.1111111119
55274  -24.608  -14.659  -35.503 0.1111111119
54192  -21.445  -15.269  -35.368 0.1111111119
83883  -18.880  11.484  -41.897 0.2222222239
83898  -19.236  12.003  -42.742 0.1111111119
68366  -21.041  -2.428  -42.206 0.1111111119
82751  -14.900  10.204  -40.032 0.2222222239
62161  -20.326  -8.393  -38.402 0.1111111119
148624  -20.888  -4.869  -40.776 0.1111111119
67364  -21.053  -3.703  -41.489 0.1111111119
55272  -21.786  -14.875  -35.948 0.1111111119
55271  -21.081  -14.589  -35.511 0.1111111119
157458  -20.871  -14.974  -35.031 0.1111111119
67349  -20.771  -4.311  -41.147 0.1111111119
82768  -18.041  10.448  -40.536 0.1111111119
58608  -19.614  -11.078  -36.149 0.1111111119
67331  -21.150  -4.022  -39.972 0.1111111119
68353  -21.018  -2.850  -41.925 0.1111111119
82788  -21.434  10.300  -41.220 0.1111111119
83885  -20.906  11.127  -42.039 0.1111111119
84948  -20.968  12.385  -45.501 0.1111111119
150232  -15.749  9.496  -40.313 0.1111111119
84955  -20.789  12.326  -46.301 0.1111111119
155315  -21.142  11.858  -47.576 0.1111111119
55286  -22.953  -14.564  -36.697 0.1111111119
58669  -25.362  -11.104  -40.256 0.3333333433
59737  -21.376  -10.264  -38.523 0.2222222239
59764  -26.971  -10.264  -40.372 0.3333333433
63371  -29.153  -7.190  -42.840 0.1111111119
63395  -26.603  -6.982  -43.900 0.4444444478
66468  -24.984  -4.181  -45.920 0.5555555820
67429  -26.254  -3.380  -46.920 0.8888888955
70525  -22.705  0.112  -46.815 1.0000000000
71553  -21.903  0.562  -46.124 1.0000000000
71585  -26.448  0.615  -49.420 1.0000000000
72705  -24.912  1.622  -49.498 1.0000000000
72707  -26.084  1.123  -49.724 1.0000000000
72718  -25.852  1.878  -50.113 0.7777777910
73857  -22.249  2.384  -47.615 1.0000000000
73868  -22.358  3.029  -48.232 1.0000000000
73880  -28.134  2.412  -49.483 0.6666666865
73894  -27.701  2.902  -50.078 0.7777777910
75019  -23.149  3.589  -49.424 1.0000000000
75041  -25.734  3.827  -51.168 1.0000000000
75043  -26.842  4.021  -51.101 0.7777777910
76119  -22.212  4.273  -48.763 1.0000000000
76130  -23.302  4.219  -49.941 1.0000000000
76141  -24.526  4.351  -50.990 1.0000000000
76152  -26.342  4.601  -51.466 0.8888888955
77220  -22.380  5.378  -49.683 1.0000000000
77228  -23.042  5.868  -50.642 1.0000000000
77230  -28.678  6.184  -49.938 0.6666666865
77238  -25.194  5.170  -51.615 0.8888888955
77249  -25.490  5.538  -51.775 0.8888888955
78229  -18.561  6.300  -45.576 0.4444444478
78266  -21.386  6.222  -48.887 0.8888888955
78276  -21.776  6.457  -49.554 1.0000000000
78286  -22.652  6.761  -50.644 1.0000000000
78296  -22.865  7.172  -51.064 0.8888888955
78299  -27.050  6.748  -51.664 0.7777777910
78308  -23.814  7.072  -51.789 0.8888888955
78309  -24.461  6.708  -52.024 0.8888888955
78311  -25.813  6.331  -52.189 0.7777777910
79408  -19.467  7.149  -46.841 0.7777777910
79417  -35.366  6.755  -46.874 0.1111111119
79433  -36.251  7.179  -48.384 0.1111111119
79438  -20.963  7.332  -48.766 1.0000000000
79461  -22.336  7.668  -50.660 1.0000000000
79463  -28.855  7.882  -50.033 0.6666666865
79473  -23.285  7.697  -51.686 1.0000000000
79483  -23.837  7.545  -52.064 0.8888888955
79487  -26.581  7.419  -52.127 0.8888888955
80469  -14.982  9.353  -41.922 0.3333333433
80536  -19.461  8.456  -47.001 0.8888888955
80567  -30.356  8.701  -48.528 0.5555555820
80572  -21.913  8.523  -50.417 0.8888888955
80592  -22.370  9.198  -51.239 0.8888888955
80593  -22.763  8.429  -51.476 0.8888888955
80605  -23.266  9.144  -51.972 0.8888888955
80606  -23.881  8.299  -52.325 0.8888888955
80607  -24.672  7.981  -52.523 0.8888888955
80620  -25.730  8.548  -52.539 0.8888888955
81632  -14.822  10.008  -40.048 0.2222222239
81633  -15.175  9.929  -39.789 0.2222222239
81646  -14.696  9.886  -40.569 0.3333333433
81664  -14.663  9.661  -42.351 0.4444444478
81707  -17.520  9.128  -44.837 0.6666666865
81730  -20.186  9.433  -47.950 0.7777777910
81755  -21.450  10.028  -50.179 0.7777777910
81757  -29.912  9.636  -49.172 0.5555555820
81768  -22.037  9.914  -51.097 0.7777777910
81769  -22.395  9.876  -51.446 0.7777777910
81781  -23.222  9.896  -52.122 0.7777777910
81782  -23.736  9.274  -52.362 0.7777777910
81794  -24.846  9.404  -52.593 0.8888888955
82752  -15.412  10.256  -39.994 0.2222222239
82753  -16.427  10.231  -40.116 0.2222222239
82764  -14.692  10.294  -40.456 0.2222222239
82765  -14.973  10.644  -40.373 0.2222222239
82766  -15.806  10.782  -40.476 0.2222222239
82783  -14.394  10.348  -41.148 0.3333333433
82787  -20.466  10.511  -41.183 0.2222222239
82795  -14.266  10.270  -42.042 0.3333333433
82797  -21.910  10.904  -42.130 0.1111111119
82816  -15.802  10.547  -43.956 0.5555555820
82862  -20.400  9.963  -48.282 0.7777777910
82869  -32.704  10.218  -47.539 0.1111111119
82870  -34.024  10.178  -47.482 0.1111111119
82894  -21.353  10.593  -50.111 0.7777777910
82907  -22.164  10.507  -51.299 0.7777777910
82909  -27.637  10.021  -51.605 0.6666666865
82914  -23.080  10.289  -52.093 0.7777777910
82923  -23.907  10.728  -52.520 0.6666666865
83866  -16.238  11.393  -41.027 0.2222222239
83879  -14.277  11.022  -41.756 0.3333333433
83881  -15.690  12.046  -41.509 0.2222222239
83882  -17.183  12.105  -42.026 0.4444444478
83895  -14.419  10.837  -42.621 0.4444444478
83896  -14.600  11.593  -42.341 0.3333333433
83908  -15.035  11.610  -43.090 0.5555555820
83909  -15.912  12.007  -43.504 0.5555555820
83920  -21.031  12.240  -44.638 0.1111111119
83929  -18.689  12.046  -45.676 0.6666666865
83930  -19.130  12.135  -46.010 0.6666666865
83938  -18.870  11.396  -46.166 0.7777777910
83950  -20.234  10.019  -47.876 0.6666666865
83990  -21.605  11.227  -50.889 0.5555555820
84001  -29.772  11.753  -50.056 0.5555555820
84013  -22.466  11.325  -51.537 0.6666666865
84910  -15.514  12.360  -42.064 0.4444444478
84911  -16.246  12.408  -42.092 0.4444444478
84922  -15.174  12.188  -42.481 0.4444444478
84923  -15.932  12.520  -42.621 0.4444444478
84934  -16.909  12.233  -43.860 0.5555555820
84942  -19.511  12.673  -44.969 0.5555555820
84953  -19.564  12.399  -46.052 0.4444444478
84991  -32.570  13.107  -49.128 0.1111111119
85021  -22.644  11.813  -51.635 0.6666666865
85919  -21.872  12.069  -51.094 0.2222222239
85936  -29.999  13.238  -50.632 0.4444444478
85938  -31.866  14.134  -50.043 0.1111111119
85959  -23.255  12.641  -52.044 0.6666666865
86960  -30.445  14.838  -51.488 0.1111111119
87914  -32.104  15.337  -50.953 0.1111111119
87916  -33.408  15.125  -50.692 0.1111111119
87963  -27.432  15.715  -53.431 0.5555555820
88883  -29.841  16.680  -53.455 0.1111111119
88903  -27.858  17.608  -55.311 0.2222222239
90884  -31.210  19.004  -54.392 0.1111111119
92055  -27.046  21.195  -58.579 0.1111111119
94125  -29.097  21.190  -58.421 0.1111111119
94140  -26.199  22.095  -59.633 0.1111111119
132698  -15.195  9.453  -41.008 0.1111111119
136153  -20.885  10.542  -49.174 0.4444444478
141010  -25.364  6.666  -52.313 0.8888888955
142766  -26.454  -11.382  -38.871 0.3333333433
143835  -30.472  5.305  -47.641 0.4444444478
144485  -28.017  4.978  -50.579 0.7777777910
144587  -23.604  5.230  -50.757 0.8888888955
145280  -21.651  7.216  -49.662 1.0000000000
145488  -19.899  5.085  -46.335 0.6666666865
145704  -26.072  2.359  -50.434 1.0000000000
145880  -17.090  7.292  -43.977 0.4444444478
146605  -22.603  11.925  -51.652 0.6666666865
147698  -25.518  10.796  -52.588 0.6666666865
148554  -21.635  9.308  -50.272 0.8888888955
148718  -21.312  9.430  -49.728 0.8888888955
148898  -22.322  10.918  -51.458 0.7777777910
149433  -25.911  4.322  -51.411 0.8888888955
150324  -15.145  9.714  -40.043 0.1111111119
150812  -16.008  8.745  -43.797 0.5555555820
151499  -28.287  -8.278  -42.220 0.2222222239
152160  -15.568  9.731  -39.891 0.1111111119
152246  -30.270  9.304  -48.729 0.5555555820
153629  -20.287  12.585  -45.054 0.2222222239
153699  -27.833  -6.672  -43.965 0.4444444478
154592  -18.806  7.368  -46.142 0.6666666865
154836  -29.235  10.438  -50.253 0.5555555820
155574  -14.518  10.107  -42.731 0.4444444478
155744  -34.954  6.408  -46.478 0.1111111119
158308  -25.850  10.127  -52.558 0.7777777910
159909  -22.056  5.921  -49.632 0.8888888955
