#!ascii label  , from subject ICBM2009cNolinAsym vox2ras=TkReg
539
15013  -27.606  -58.941  -31.633 0.6999999881
15026  -27.966  -58.525  -32.413 0.6000000238
15036  -28.820  -58.371  -33.107 0.6000000238
15047  -30.568  -58.410  -33.934 0.4000000060
17146  -29.908  -55.655  -24.792 0.6999999881
17914  -30.563  -54.753  -26.314 0.6999999881
17157  -29.526  -55.943  -25.700 0.6999999881
17913  -29.928  -55.405  -26.439 0.6000000238
17165  -29.372  -55.890  -26.530 0.6999999881
17173  -28.974  -56.138  -26.988 0.6000000238
17934  -29.555  -55.548  -27.306 0.6000000238
16423  -28.070  -56.703  -28.271 0.6000000238
156089  -29.001  -55.934  -27.679 0.6000000238
17949  -28.799  -55.409  -29.242 0.5000000000
16433  -28.175  -56.185  -29.171 0.5000000000
17196  -28.203  -55.672  -29.993 0.5000000000
16436  -27.477  -56.439  -31.114 0.6000000238
15733  -27.348  -57.642  -31.335 0.6000000238
16439  -27.422  -56.417  -32.002 0.6000000238
16442  -27.602  -56.348  -32.650 0.6000000238
15740  -27.969  -57.025  -33.022 0.6000000238
17902  -30.753  -54.533  -25.478 0.6000000238
18695  -31.113  -54.021  -26.188 0.6000000238
18711  -30.866  -54.240  -26.980 0.6000000238
17935  -30.293  -54.894  -27.181 0.6000000238
136541  -30.092  -54.359  -28.603 0.6000000238
146307  -29.932  -54.920  -28.038 0.6000000238
17184  -29.283  -55.481  -28.257 0.6000000238
17958  -29.098  -54.604  -29.627 0.6000000238
17963  -28.378  -54.821  -30.339 0.6000000238
16432  -27.778  -56.336  -30.115 0.6000000238
17195  -27.710  -55.454  -30.970 0.6999999881
17962  -27.349  -54.723  -31.889 0.6000000238
17203  -27.424  -55.383  -32.475 0.6000000238
15744  -28.835  -57.156  -33.481 0.5000000000
15745  -29.477  -57.218  -33.715 0.5000000000
17890  -30.852  -54.189  -24.678 0.6000000238
18681  -31.124  -53.889  -25.355 0.6000000238
18696  -31.392  -53.349  -26.617 0.6000000238
18712  -31.151  -53.556  -27.404 0.6000000238
18719  -30.438  -53.689  -28.715 0.6000000238
19521  -30.865  -52.836  -28.704 0.6000000238
18728  -30.188  -53.127  -29.417 0.6000000238
18727  -29.544  -53.330  -29.922 0.6000000238
17959  -29.717  -53.991  -29.361 0.6000000238
18735  -28.892  -53.881  -30.257 0.6000000238
156185  -28.107  -54.048  -30.900 0.6999999881
17207  -27.505  -55.153  -32.857 0.6000000238
16445  -27.790  -55.946  -33.099 0.6000000238
142790  -30.618  -57.082  -34.100 0.4000000060
19498  -31.677  -52.576  -25.301 0.6000000238
18670  -31.298  -53.323  -24.709 0.6000000238
19505  -31.698  -52.633  -26.269 0.6000000238
155856  -31.260  -53.002  -27.975 0.6000000238
20377  -31.088  -51.996  -28.824 0.5000000000
19529  -30.455  -52.158  -29.520 0.6000000238
18736  -29.051  -52.984  -30.519 0.6999999881
19536  -26.918  -53.263  -32.010 0.6000000238
146857  -27.657  -54.484  -31.296 0.6000000238
17965  -27.240  -54.116  -32.421 0.6000000238
17211  -27.391  -54.374  -32.901 0.6000000238
135159  -28.734  -54.934  -33.791 0.6000000238
17221  -28.602  -55.502  -33.632 0.6000000238
16450  -30.030  -56.269  -33.923 0.4000000060
16449  -29.377  -56.284  -33.758 0.5000000000
19487  -31.519  -52.431  -24.375 0.5000000000
20355  -31.850  -51.775  -24.907 0.6000000238
141052  -31.877  -51.912  -26.809 0.6000000238
19514  -31.551  -52.680  -27.275 0.5000000000
20378  -31.508  -51.365  -28.317 0.5000000000
20387  -30.172  -51.257  -29.990 0.6000000238
20396  -29.330  -51.382  -30.583 0.6000000238
20386  -29.824  -51.928  -30.172 0.6999999881
156372  -28.502  -52.503  -30.996 0.6999999881
139270  -28.122  -53.233  -31.081 0.6999999881
20404  -26.792  -52.199  -32.420 0.6000000238
18734  -27.488  -53.688  -31.519 0.6999999881
19543  -26.830  -52.842  -32.398 0.6000000238
19553  -26.820  -52.554  -32.698 0.6000000238
18747  -26.995  -53.106  -32.700 0.6000000238
18757  -27.175  -53.504  -32.977 0.6000000238
17977  -27.796  -54.098  -33.655 0.6000000238
17222  -29.348  -55.513  -33.819 0.5000000000
134531  -30.048  -55.503  -33.977 0.4000000060
20345  -31.587  -51.655  -23.978 0.6000000238
21257  -32.116  -51.085  -25.476 0.6000000238
20362  -31.916  -51.863  -25.863 0.5000000000
134690  -31.944  -51.176  -27.363 0.6000000238
21274  -31.764  -50.423  -27.944 0.5000000000
21281  -31.273  -50.450  -28.842 0.6000000238
138109  -30.939  -51.276  -29.262 0.6000000238
21287  -30.548  -50.399  -29.654 0.5000000000
153858  -29.529  -50.393  -30.410 0.5000000000
148499  -28.568  -49.977  -30.837 0.5000000000
21293  -28.524  -50.784  -31.016 0.6000000238
159276  -27.567  -49.408  -31.429 0.5000000000
21292  -27.721  -50.057  -31.391 0.5000000000
138025  -27.524  -51.190  -31.650 0.6000000238
22187  -27.302  -49.578  -31.879 0.4000000060
20394  -26.980  -51.916  -32.021 0.6999999881
21300  -27.127  -50.300  -32.327 0.4000000060
21313  -27.350  -50.437  -33.002 0.5000000000
20414  -26.820  -51.802  -32.708 0.6000000238
137000  -27.956  -50.792  -33.665 0.5000000000
140129  -27.306  -52.172  -33.562 0.6000000238
20425  -28.922  -51.211  -34.169 0.5000000000
18759  -27.930  -53.461  -33.866 0.6000000238
17990  -30.175  -54.670  -34.137 0.5000000000
19562  -27.883  -52.550  -33.948 0.6000000238
18767  -28.586  -52.979  -34.161 0.6000000238
18769  -29.800  -53.836  -34.283 0.6000000238
140799  -31.943  -50.938  -24.520 0.5000000000
147788  -32.121  -51.148  -26.420 0.5000000000
22174  -31.468  -49.766  -28.400 0.4000000060
22180  -30.065  -49.550  -29.951 0.4000000060
22189  -29.129  -49.433  -30.491 0.5000000000
23118  -27.539  -48.359  -32.121 0.4000000060
23112  -27.326  -48.732  -31.977 0.4000000060
147336  -27.521  -49.019  -32.349 0.4000000060
148413  -27.802  -49.178  -32.752 0.5000000000
22211  -28.072  -49.811  -33.272 0.5000000000
21314  -29.002  -50.318  -33.927 0.5000000000
19573  -31.160  -52.611  -34.409 0.5000000000
19570  -28.924  -52.186  -34.289 0.6000000238
19572  -30.374  -53.046  -34.453 0.5000000000
23095  -29.608  -48.766  -30.081 0.4000000060
138278  -28.770  -48.709  -30.539 0.5000000000
23103  -28.006  -48.243  -30.948 0.5000000000
149971  -27.538  -48.228  -31.604 0.5000000000
23124  -27.905  -48.415  -32.577 0.4000000060
22212  -29.233  -49.456  -33.664 0.5000000000
20434  -31.466  -51.568  -34.414 0.5000000000
19574  -31.664  -52.299  -34.108 0.3000000119
23126  -29.603  -48.551  -33.430 0.5000000000
138501  -29.964  -50.762  -34.325 0.5000000000
20433  -30.784  -51.141  -34.540 0.5000000000
24023  -27.749  -47.532  -31.373 0.4000000060
137851  -27.537  -47.792  -31.828 0.4000000060
136259  -27.748  -46.864  -31.630 0.4000000060
24978  -28.190  -46.751  -32.340 0.4000000060
24038  -27.784  -47.691  -32.166 0.4000000060
24045  -28.791  -48.032  -32.919 0.4000000060
24979  -29.003  -46.754  -32.764 0.4000000060
159453  -29.512  -47.962  -33.153 0.5000000000
21315  -32.300  -50.237  -33.695 0.4000000060
142474  -32.245  -51.014  -33.670 0.4000000060
22213  -30.364  -49.219  -33.884 0.5000000000
22223  -32.005  -50.123  -34.206 0.5000000000
23127  -30.772  -48.464  -33.642 0.5000000000
22221  -30.898  -49.709  -34.243 0.5000000000
21322  -30.845  -50.344  -34.425 0.5000000000
157025  -29.544  -45.483  -32.891 0.4000000060
24980  -29.970  -46.338  -33.021 0.4000000060
22215  -32.383  -49.424  -33.416 0.4000000060
157991  -31.931  -49.551  -34.105 0.5000000000
24047  -31.129  -47.617  -33.402 0.5000000000
23128  -31.653  -48.377  -33.605 0.5000000000
142620  -30.345  -45.368  -33.144 0.4000000060
136839  -32.395  -48.659  -33.160 0.4000000060
22204  -32.686  -49.133  -32.665 0.3000000119
24981  -30.989  -46.691  -33.236 0.5000000000
24048  -31.829  -47.723  -33.374 0.5000000000
157587  -32.102  -49.002  -33.707 0.5000000000
151648  -29.777  -44.746  -33.033 0.4000000060
23130  -32.364  -47.986  -32.978 0.3000000119
153090  -32.777  -47.446  -32.006 0.3000000119
25869  -30.933  -45.835  -33.221 0.4000000060
23129  -32.130  -48.212  -33.334 0.5000000000
24982  -31.543  -46.131  -33.180 0.4000000060
145515  -31.661  -46.999  -33.220 0.5000000000
24983  -31.983  -46.389  -32.988 0.5000000000
144921  -30.947  -44.012  -33.419 0.4000000060
24972  -32.744  -46.633  -31.976 0.3000000119
138964  -33.209  -47.089  -31.292 0.3000000119
158262  -30.978  -45.162  -33.319 0.4000000060
25872  -32.245  -45.699  -32.744 0.4000000060
25870  -31.468  -45.315  -33.262 0.4000000060
141740  -30.546  -43.296  -33.453 0.5000000000
25863  -32.625  -45.775  -32.263 0.3000000119
25851  -33.128  -45.789  -31.580 0.4000000060
25852  -33.672  -45.193  -31.016 0.4000000060
147322  -33.601  -45.895  -30.905 0.4000000060
26719  -31.511  -44.100  -33.366 0.4000000060
143572  -32.312  -44.870  -32.899 0.5000000000
155847  -32.597  -45.117  -32.528 0.4000000060
154607  -31.880  -43.843  -33.268 0.5000000000
25871  -31.938  -45.508  -33.097 0.5000000000
26721  -32.393  -43.903  -32.950 0.5000000000
26707  -32.778  -44.351  -32.466 0.4000000060
26708  -33.394  -43.876  -31.770 0.4000000060
26684  -34.534  -44.795  -30.572 0.3000000119
28411  -30.948  -42.564  -33.551 0.5000000000
142449  -31.698  -42.534  -33.356 0.5000000000
27555  -33.411  -42.521  -32.110 0.4000000060
28396  -34.515  -42.056  -31.588 0.3000000119
152349  -30.798  -41.262  -33.636 0.5000000000
28413  -33.051  -42.094  -32.521 0.4000000060
27541  -33.009  -43.427  -32.337 0.4000000060
27542  -33.824  -42.942  -31.683 0.4000000060
27529  -34.341  -43.441  -31.195 0.4000000060
27543  -34.970  -42.546  -31.289 0.3000000119
27553  -32.082  -43.180  -33.171 0.5000000000
27554  -32.685  -42.944  -32.742 0.5000000000
29269  -31.316  -41.765  -33.529 0.5000000000
29271  -33.521  -41.267  -32.207 0.4000000060
28414  -34.041  -41.628  -31.801 0.4000000060
30212  -30.685  -40.506  -33.648 0.5000000000
28415  -35.455  -41.270  -31.669 0.3000000119
152304  -31.246  -41.040  -33.565 0.5000000000
147150  -31.853  -41.168  -33.351 0.5000000000
146700  -32.493  -41.039  -33.034 0.5000000000
29270  -32.639  -41.621  -32.874 0.5000000000
145547  -32.023  -41.851  -33.263 0.5000000000
30203  -34.644  -39.871  -32.056 0.4000000060
150996  -30.566  -39.004  -33.633 0.5000000000
32036  -32.024  -38.764  -33.219 0.5000000000
30217  -35.343  -40.217  -32.019 0.3000000119
29272  -35.014  -40.782  -31.762 0.3000000119
32035  -31.235  -38.786  -33.538 0.5000000000
159010  -31.564  -38.316  -33.403 0.5000000000
31118  -31.736  -39.631  -33.391 0.5000000000
15735  -27.544  -58.010  -32.119 0.6000000238
15037  -29.421  -58.607  -33.287 0.5000000000
17183  -28.655  -56.034  -28.347 0.6000000238
19528  -29.743  -52.628  -30.038 0.6999999881
17212  -27.615  -54.888  -33.166 0.6000000238
19538  -29.202  -52.200  -30.608 0.6999999881
17988  -28.406  -54.286  -33.888 0.6000000238
19537  -27.284  -53.032  -31.658 0.6999999881
20405  -26.979  -51.258  -32.325 0.5000000000
19561  -27.271  -52.851  -33.465 0.6000000238
22188  -28.096  -49.239  -30.992 0.5000000000
23102  -27.543  -48.884  -31.501 0.5000000000
144378  -27.196  -50.443  -31.942 0.4000000060
150820  -29.913  -52.359  -34.527 0.5000000000
24044  -28.199  -47.656  -32.531 0.4000000060
23125  -28.479  -48.902  -33.126 0.5000000000
24031  -27.779  -46.889  -31.861 0.4000000060
24984  -32.309  -46.556  -32.616 0.4000000060
26694  -33.105  -44.908  -31.865 0.4000000060
31117  -31.014  -39.671  -33.629 0.5000000000
31119  -32.498  -39.628  -32.993 0.5000000000
139692  -28.077  -64.385  -23.610 0.5000000000
157729  -28.938  -64.941  -24.604 0.5000000000
10552  -28.687  -64.625  -24.089 0.5000000000
11248  -31.332  -63.475  -25.013 0.5000000000
153558  -30.494  -64.590  -25.128 0.5000000000
137565  -30.168  -64.191  -24.529 0.4000000060
11231  -28.469  -63.272  -23.107 0.5000000000
10538  -29.375  -64.066  -23.973 0.6000000238
10537  -28.617  -63.952  -23.527 0.6000000238
11247  -30.715  -63.468  -24.579 0.5000000000
11910  -30.521  -62.657  -24.482 0.5000000000
13387  -32.076  -60.719  -26.266 0.4000000060
11892  -27.411  -61.883  -21.783 0.6999999881
11219  -27.662  -62.591  -22.218 0.6999999881
11900  -28.930  -62.635  -23.266 0.6999999881
11909  -29.815  -62.380  -24.139 0.5000000000
11901  -29.423  -62.761  -23.737 0.6999999881
12614  -31.117  -62.105  -24.979 0.5000000000
143043  -30.236  -61.821  -24.650 0.5000000000
14158  -31.640  -59.728  -27.829 0.5000000000
12642  -31.568  -61.252  -25.814 0.5000000000
13307  -26.484  -60.641  -21.436 0.5000000000
12573  -27.052  -61.218  -21.531 0.6999999881
13318  -28.194  -60.263  -21.957 0.6999999881
11877  -26.686  -61.867  -21.604 0.6999999881
13319  -28.688  -60.185  -22.682 0.6999999881
154318  -28.363  -62.544  -22.692 0.6000000238
13359  -29.622  -61.141  -25.054 0.6999999881
13345  -29.204  -61.012  -24.389 0.6000000238
134390  -30.396  -60.533  -26.970 0.5000000000
13385  -30.147  -60.717  -26.360 0.6000000238
13360  -29.774  -60.827  -25.808 0.6000000238
13407  -30.995  -60.315  -27.334 0.5000000000
14188  -31.865  -59.002  -29.425 0.5000000000
14088  -26.661  -59.726  -21.375 0.5000000000
13308  -27.392  -60.401  -21.564 0.6999999881
12588  -28.489  -60.984  -22.386 0.6999999881
14116  -28.936  -59.596  -24.163 0.6999999881
14102  -28.860  -59.455  -23.180 0.6999999881
13333  -29.142  -61.352  -23.674 0.8000000119
13344  -29.002  -60.371  -24.370 0.6999999881
13384  -29.438  -60.508  -26.536 0.6000000238
136010  -29.280  -60.569  -25.833 0.6999999881
13406  -30.136  -60.417  -27.727 0.6999999881
142365  -29.705  -60.475  -27.183 0.6000000238
14187  -31.345  -59.574  -28.781 0.6000000238
13424  -30.730  -60.089  -28.215 0.6000000238
135751  -31.551  -59.101  -30.201 0.6000000238
14853  -26.180  -58.919  -21.183 0.5000000000
148396  -27.493  -57.916  -21.615 0.6000000238
14866  -28.182  -58.565  -21.991 0.6000000238
14089  -27.734  -59.514  -21.671 0.6000000238
14101  -28.491  -59.443  -22.280 0.6999999881
14899  -28.850  -59.046  -24.902 0.6999999881
14883  -28.933  -58.678  -23.827 0.6000000238
13332  -28.925  -60.188  -23.545 0.6999999881
13358  -29.083  -60.622  -25.127 0.6999999881
13422  -29.192  -60.621  -28.952 0.6999999881
14186  -30.308  -59.924  -30.032 0.6999999881
13432  -29.724  -60.381  -29.471 0.6999999881
146323  -26.517  -58.005  -21.142 0.5000000000
15657  -28.685  -57.368  -22.894 0.6000000238
14882  -28.712  -58.090  -22.926 0.6000000238
15668  -28.956  -57.766  -24.041 0.6000000238
14909  -28.566  -59.448  -25.790 0.8000000119
14926  -28.213  -58.975  -26.354 0.5000000000
137467  -28.550  -58.446  -25.595 0.6000000238
135221  -28.554  -60.228  -27.583 0.6999999881
14171  -27.716  -59.864  -28.497 0.6999999881
13431  -29.127  -60.446  -29.781 0.6999999881
13421  -28.657  -60.509  -29.320 0.6999999881
149523  -30.900  -59.250  -31.592 0.5000000000
144068  -30.167  -59.680  -30.960 0.6999999881
14220  -30.149  -59.391  -31.905 0.5000000000
151508  -27.096  -57.350  -21.300 0.5000000000
15647  -27.886  -57.154  -21.943 0.5000000000
157966  -28.965  -56.626  -23.377 0.6000000238
16391  -28.990  -57.035  -23.813 0.6000000238
16399  -29.076  -56.855  -24.769 0.6000000238
16398  -28.928  -57.350  -24.851 0.6000000238
17156  -29.056  -56.590  -25.522 0.6000000238
158289  -27.367  -58.356  -28.345 0.6000000238
15696  -27.646  -58.196  -27.549 0.5000000000
152316  -28.701  -56.783  -26.045 0.5000000000
14184  -27.627  -59.827  -29.401 0.6000000238
14964  -27.337  -59.058  -28.857 0.6000000238
13437  -28.818  -59.922  -31.072 0.6000000238
14185  -28.200  -60.201  -29.794 0.6000000238
14237  -29.565  -59.250  -32.515 0.5000000000
138592  -27.244  -56.656  -21.325 0.5000000000
16382  -28.981  -56.084  -23.054 0.6000000238
17145  -29.423  -56.315  -24.776 0.6000000238
15685  -28.084  -58.065  -26.524 0.5000000000
16417  -28.527  -56.439  -27.530 0.5000000000
15727  -27.226  -58.084  -30.283 0.4000000060
143736  -27.248  -57.980  -29.252 0.5000000000
15712  -27.575  -57.526  -28.275 0.5000000000
14235  -28.289  -59.314  -32.154 0.6000000238
136030  -27.507  -55.909  -21.414 0.5000000000
17122  -28.318  -55.828  -22.059 0.6000000238
17134  -29.351  -55.488  -23.067 0.6000000238
144363  -29.565  -55.826  -23.856 0.6000000238
139611  -27.383  -57.209  -30.204 0.5000000000
16422  -27.597  -56.942  -29.175 0.4000000060
16369  -26.721  -56.046  -20.945 0.5000000000
17113  -27.787  -55.178  -21.500 0.5000000000
17123  -28.922  -55.361  -22.472 0.6000000238
157557  -30.095  -55.256  -24.114 0.6000000238
17102  -26.237  -55.307  -20.777 0.5000000000
17867  -29.060  -54.651  -22.237 0.6000000238
17879  -29.855  -54.983  -23.349 0.6000000238
154260  -25.304  -55.286  -20.665 0.5000000000
17855  -27.389  -54.539  -21.210 0.5000000000
17856  -28.578  -54.206  -21.732 0.5000000000
17869  -30.291  -54.130  -23.199 0.6000000238
18645  -26.968  -53.899  -21.081 0.5000000000
18646  -27.835  -53.776  -21.326 0.5000000000
159971  -26.594  -53.511  -21.056 0.5000000000
145288  -30.842  -53.757  -23.868 0.5000000000
19455  -27.992  -52.798  -21.402 0.5000000000
148564  -29.933  -53.623  -22.539 0.5000000000
18644  -26.080  -53.145  -21.082 0.5000000000
137502  -27.052  -53.079  -21.140 0.5000000000
18648  -29.480  -53.092  -22.018 0.5000000000
18656  -30.577  -53.192  -23.065 0.4000000060
19453  -26.440  -52.302  -21.315 0.5000000000
19456  -28.879  -52.371  -21.703 0.5000000000
19469  -29.793  -52.343  -22.129 0.4000000060
152402  -30.092  -52.934  -22.427 0.4000000060
138477  -28.068  -52.030  -21.524 0.4000000060
20321  -29.424  -51.597  -21.954 0.4000000060
20333  -31.025  -51.632  -23.018 0.4000000060
14996  -27.334  -58.708  -30.760 0.6000000238
14236  -28.957  -59.315  -32.465 0.5000000000
14251  -30.155  -59.038  -33.144 0.4000000060
146497  -28.379  -57.209  -26.271 0.6000000238
19479  -31.277  -52.236  -23.653 0.4000000060
144752  -28.920  -60.855  -23.117 0.6999999881
14145  -28.381  -59.821  -26.753 0.6999999881
13404  -28.705  -60.481  -28.396 0.6999999881
15675  -28.824  -57.858  -25.019 0.6000000238
13439  -29.577  -60.126  -30.327 0.6999999881
14948  -27.515  -59.102  -27.968 0.6999999881
14172  -28.141  -60.331  -28.931 0.6999999881
146178  -29.147  -59.561  -31.858 0.6000000238
136604  -29.676  -59.439  -31.940 0.6000000238
9824  -29.258  -65.171  -25.125 0.4000000060
10551  -27.828  -64.894  -24.031 0.5000000000
10553  -29.426  -64.660  -24.497 0.5000000000
10554  -30.948  -64.112  -24.987 0.5000000000
10564  -29.938  -64.804  -24.925 0.4000000060
11232  -29.121  -63.364  -23.600 0.6000000238
11246  -29.899  -63.298  -24.115 0.6000000238
11893  -28.164  -61.806  -22.231 0.6999999881
11911  -31.126  -62.893  -24.759 0.5000000000
12572  -26.199  -61.392  -21.529 0.6999999881
12587  -27.864  -61.088  -21.812 0.6999999881
12602  -28.826  -61.748  -22.936 0.6000000238
12603  -29.292  -62.085  -23.649 0.6999999881
12613  -29.551  -61.630  -24.239 0.6999999881
12622  -30.615  -61.273  -25.501 0.5000000000
13383  -28.943  -60.292  -26.701 0.6999999881
13386  -31.109  -60.804  -26.468 0.5000000000
13405  -29.080  -60.400  -27.449 0.6000000238
13408  -31.898  -60.166  -26.971 0.4000000060
13423  -29.894  -60.449  -28.605 0.6999999881
13430  -28.721  -60.289  -30.164 0.6000000238
13438  -29.107  -60.171  -30.507 0.6999999881
14127  -28.866  -59.923  -25.074 0.8000000119
14133  -28.817  -60.220  -25.912 0.6999999881
14144  -27.987  -59.816  -27.692 0.6999999881
14157  -28.208  -60.244  -28.243 0.6999999881
14202  -27.742  -59.614  -30.505 0.6999999881
14203  -28.246  -59.691  -31.339 0.6000000238
14204  -30.934  -59.438  -30.595 0.6000000238
14218  -28.704  -59.631  -31.811 0.5000000000
14219  -29.442  -59.749  -31.226 0.6999999881
14238  -30.180  -59.208  -32.666 0.4000000060
14249  -29.003  -58.861  -32.997 0.5000000000
14250  -29.536  -59.041  -32.966 0.5000000000
14854  -27.130  -58.764  -21.451 0.6000000238
14867  -28.757  -58.797  -22.781 0.6999999881
14898  -28.870  -58.312  -24.717 0.6000000238
14925  -27.874  -59.026  -27.119 0.5000000000
14980  -27.251  -58.941  -29.845 0.6000000238
15027  -28.537  -58.851  -32.707 0.6000000238
15035  -28.275  -58.011  -32.854 0.6000000238
15038  -30.074  -58.783  -33.481 0.4000000060
15039  -30.736  -58.809  -33.698 0.4000000060
15045  -29.163  -57.881  -33.428 0.5000000000
15046  -29.849  -58.158  -33.681 0.5000000000
15681  -28.567  -57.627  -25.653 0.6000000238
15737  -27.796  -57.530  -32.577 0.6000000238
15741  -28.545  -57.540  -33.221 0.5000000000
15743  -28.300  -56.640  -33.323 0.6000000238
15746  -30.300  -57.650  -33.976 0.4000000060
16370  -27.906  -56.453  -21.851 0.5000000000
16381  -28.588  -56.669  -22.680 0.6000000238
16405  -28.742  -57.059  -25.528 0.5000000000
16416  -28.015  -57.210  -27.267 0.6000000238
16447  -28.120  -55.724  -33.393 0.6000000238
16448  -28.776  -56.412  -33.556 0.6000000238
17112  -27.069  -55.266  -21.065 0.5000000000
17114  -28.454  -54.972  -21.886 0.6000000238
17124  -29.388  -54.998  -22.734 0.6000000238
17164  -28.999  -56.356  -26.243 0.6999999881
17200  -27.396  -55.533  -31.877 0.6000000238
17202  -27.337  -54.785  -32.362 0.6000000238
17206  -27.355  -54.493  -32.685 0.6000000238
17220  -27.932  -55.016  -33.479 0.6000000238
17854  -26.634  -54.578  -20.936 0.5000000000
17857  -29.253  -53.893  -22.107 0.5000000000
17868  -29.667  -54.403  -22.662 0.6000000238
17889  -30.410  -54.939  -24.757 0.6000000238
17901  -30.199  -55.236  -25.580 0.6999999881
17950  -29.518  -54.815  -28.865 0.6000000238
17951  -30.605  -54.216  -27.904 0.6000000238
17968  -27.222  -53.776  -32.745 0.6000000238
17976  -27.355  -54.049  -33.035 0.6000000238
17987  -28.101  -54.707  -33.676 0.6000000238
17989  -29.337  -54.641  -33.991 0.6000000238
18636  -26.267  -53.909  -20.931 0.5000000000
18643  -25.133  -53.089  -21.176 0.5000000000
18647  -28.694  -53.357  -21.654 0.5000000000
18664  -31.152  -52.932  -23.781 0.4000000060
18682  -31.442  -53.320  -25.736 0.6000000238
18720  -30.916  -53.483  -28.164 0.6000000238
18733  -27.164  -53.951  -31.973 0.6000000238
18739  -27.051  -53.417  -32.402 0.6000000238
18758  -27.365  -53.579  -33.336 0.6000000238
18768  -28.901  -53.709  -34.132 0.6000000238
18770  -30.954  -53.607  -34.273 0.5000000000
19454  -27.319  -52.178  -21.373 0.5000000000
19470  -30.475  -52.381  -22.656 0.4000000060
19478  -30.907  -52.475  -23.230 0.4000000060
19522  -31.388  -52.308  -28.142 0.6000000238
19560  -27.072  -53.071  -33.242 0.6000000238
19571  -29.438  -53.003  -34.344 0.6000000238
20332  -30.230  -51.667  -22.340 0.4000000060
20369  -31.706  -51.896  -27.599 0.5000000000
20393  -26.891  -52.512  -31.804 0.6000000238
20395  -28.467  -51.727  -31.113 0.6000000238
20415  -27.007  -50.900  -32.663 0.5000000000
20423  -26.916  -52.328  -33.075 0.6000000238
20424  -27.174  -51.442  -33.232 0.5000000000
20426  -32.004  -51.643  -33.910 0.4000000060
20432  -29.909  -51.605  -34.493 0.5000000000
21306  -27.218  -50.162  -32.569 0.4000000060
21321  -30.082  -49.971  -34.114 0.5000000000
21323  -31.494  -50.640  -34.422 0.5000000000
21324  -31.958  -50.837  -34.107 0.5000000000
22203  -27.281  -49.561  -32.318 0.4000000060
22210  -27.465  -49.690  -32.663 0.5000000000
22214  -31.401  -49.167  -33.993 0.5000000000
22222  -31.508  -49.905  -34.340 0.5000000000
23119  -32.675  -48.183  -32.456 0.3000000119
24039  -32.460  -47.383  -32.569 0.3000000119
24046  -29.500  -47.356  -32.998 0.4000000060
24049  -32.129  -47.356  -33.031 0.5000000000
24965  -33.264  -46.390  -31.252 0.3000000119
25868  -28.866  -45.991  -32.670 0.4000000060
26695  -33.918  -44.341  -31.156 0.4000000060
26718  -30.618  -44.651  -33.294 0.4000000060
26720  -31.872  -44.606  -33.239 0.5000000000
28412  -32.363  -42.398  -33.041 0.5000000000
30204  -35.616  -39.661  -32.247 0.3000000119
30213  -31.466  -40.423  -33.503 0.5000000000
30214  -32.177  -40.407  -33.200 0.5000000000
30216  -33.969  -40.499  -32.059 0.4000000060
138681  -31.092  -59.538  -29.694 0.6000000238
139860  -27.520  -57.190  -32.188 0.6000000238
141739  -31.399  -43.367  -33.409 0.4000000060
141748  -31.276  -44.643  -33.364 0.4000000060
141789  -30.386  -47.180  -33.192 0.5000000000
142159  -27.912  -51.701  -33.918 0.5000000000
143995  -29.379  -60.497  -28.092 0.6000000238
144727  -27.599  -52.317  -31.554 0.6999999881
145183  -30.461  -54.588  -23.961 0.6000000238
146031  -28.682  -47.320  -32.695 0.4000000060
146223  -28.555  -56.680  -26.707 0.5000000000
147450  -28.227  -57.765  -22.206 0.6000000238
147927  -30.666  -52.034  -34.589 0.5000000000
148337  -30.169  -47.855  -33.328 0.5000000000
148683  -31.160  -53.804  -26.803 0.6000000238
150803  -29.987  -56.894  -33.912 0.5000000000
151177  -32.182  -49.650  -33.874 0.5000000000
151771  -29.214  -56.528  -23.944 0.6000000238
152019  -27.594  -54.292  -33.360 0.6000000238
153936  -30.505  -60.049  -29.133 0.6000000238
155426  -28.359  -60.028  -30.578 0.6000000238
155453  -32.241  -41.455  -33.165 0.5000000000
155800  -29.059  -60.751  -23.811 0.6999999881
157069  -31.328  -61.652  -25.445 0.5000000000
158060  -27.922  -63.156  -22.656 0.6000000238
158752  -27.330  -53.828  -33.149 0.6000000238
159900  -28.019  -54.539  -21.498 0.5000000000
160189  -30.433  -53.941  -34.317 0.5000000000
