#!ascii label  , from subject ICBM2009cNolinAsym vox2ras=TkReg
874
15033  -43.659  -59.413  -32.290 0.5000000000
13477  -42.608  -60.750  -33.848 0.8000000119
14265  -39.996  -59.847  -35.199 0.8000000119
14262  -41.481  -60.558  -34.844 0.8000000119
14263  -42.233  -60.374  -34.671 0.8000000119
15021  -43.806  -58.422  -31.903 0.5000000000
14244  -43.120  -60.346  -32.967 0.5000000000
14257  -43.394  -60.189  -33.892 0.6000000238
159070  -38.754  -57.904  -35.383 0.6999999881
15056  -39.525  -58.960  -35.404 0.6999999881
14267  -41.897  -59.819  -35.029 0.8000000119
154326  -43.010  -59.791  -34.647 0.6999999881
152100  -43.403  -57.339  -31.833 0.6000000238
15034  -44.397  -58.947  -32.877 0.6000000238
16462  -36.919  -56.960  -34.939 0.6999999881
14245  -43.919  -59.746  -33.227 0.6000000238
15742  -44.721  -58.331  -33.577 0.6000000238
16463  -37.640  -56.790  -35.118 0.6999999881
153929  -37.893  -58.184  -35.072 0.6999999881
145992  -40.702  -58.248  -35.581 0.6999999881
15752  -44.296  -58.356  -34.314 0.6000000238
15753  -44.581  -57.506  -34.136 0.6000000238
140713  -41.674  -58.108  -35.481 0.8000000119
15751  -42.732  -57.960  -35.209 0.8000000119
148386  -43.799  -57.777  -34.813 0.6999999881
16443  -43.279  -56.316  -32.218 0.4000000060
16444  -44.306  -57.052  -32.740 0.6000000238
17993  -37.334  -55.544  -34.594 0.6999999881
16446  -44.814  -56.737  -33.599 0.6000000238
17227  -37.619  -56.038  -34.947 0.6999999881
16464  -38.532  -56.779  -35.331 0.6999999881
15758  -39.943  -57.521  -35.580 0.6999999881
15759  -40.985  -57.343  -35.550 0.6999999881
15760  -41.981  -57.231  -35.425 0.6000000238
16458  -42.986  -57.113  -35.135 0.6999999881
18000  -44.010  -55.172  -34.837 0.5000000000
16466  -40.381  -56.602  -35.446 0.6000000238
16467  -41.352  -56.536  -35.342 0.6000000238
151271  -42.230  -56.567  -35.228 0.6000000238
145245  -42.950  -55.467  -34.861 0.6000000238
16468  -41.902  -55.829  -35.023 0.6000000238
18776  -43.805  -54.152  -34.915 0.5000000000
17208  -43.226  -55.379  -32.288 0.4000000060
17209  -44.244  -56.122  -32.846 0.5000000000
17982  -36.667  -55.311  -34.089 0.6999999881
17210  -44.987  -55.781  -33.438 0.6000000238
17235  -38.961  -56.110  -35.283 0.6999999881
17218  -45.182  -55.929  -33.991 0.6000000238
17236  -39.895  -55.873  -35.280 0.6999999881
18001  -46.059  -54.788  -34.293 0.5000000000
149871  -45.934  -54.204  -34.774 0.6000000238
17230  -40.466  -55.370  -35.050 0.6999999881
17237  -40.827  -55.868  -35.198 0.6000000238
18777  -44.632  -53.762  -35.025 0.5000000000
132992  -42.010  -55.049  -34.802 0.5000000000
17979  -33.693  -55.119  -33.436 0.6000000238
145603  -34.932  -54.320  -32.294 0.6000000238
17967  -43.152  -54.311  -32.038 0.5000000000
18753  -44.286  -54.137  -32.361 0.5000000000
17970  -35.252  -54.827  -32.940 0.6999999881
17981  -35.666  -55.393  -33.744 0.6999999881
17973  -44.204  -55.126  -32.703 0.5000000000
17974  -45.178  -54.895  -33.057 0.5000000000
18754  -45.261  -53.935  -32.637 0.4000000060
17983  -37.620  -54.912  -34.203 0.6999999881
17975  -45.993  -54.563  -33.353 0.5000000000
17994  -38.080  -55.328  -34.696 0.6999999881
17995  -38.943  -55.110  -34.707 0.6999999881
18766  -46.626  -54.244  -33.612 0.5000000000
17996  -39.746  -54.877  -34.742 0.6999999881
17997  -40.575  -54.761  -34.736 0.6000000238
18778  -46.788  -54.222  -34.166 0.5000000000
17998  -41.529  -54.485  -34.657 0.6000000238
19580  -46.774  -53.438  -34.942 0.5000000000
18773  -41.025  -53.929  -34.412 0.5000000000
18774  -41.895  -53.642  -34.554 0.5000000000
18775  -42.810  -53.424  -34.738 0.5000000000
20437  -45.863  -52.408  -35.408 0.5000000000
19578  -44.024  -52.716  -35.006 0.5000000000
20439  -46.455  -51.658  -35.559 0.3000000119
19552  -44.547  -52.195  -31.885 0.3000000119
144977  -32.853  -54.564  -33.283 0.6000000238
150547  -33.501  -54.209  -32.779 0.6000000238
18746  -44.412  -53.187  -32.041 0.4000000060
143697  -45.248  -53.083  -32.290 0.4000000060
18750  -36.648  -54.184  -32.462 0.6000000238
19558  -46.793  -52.732  -32.835 0.5000000000
17972  -37.142  -54.586  -33.374 0.6999999881
18762  -38.062  -54.255  -33.612 0.6999999881
18756  -47.259  -53.529  -33.526 0.5000000000
17985  -39.382  -54.431  -34.351 0.5000000000
19568  -47.926  -52.754  -33.957 0.5000000000
18772  -40.198  -54.193  -34.405 0.5000000000
20438  -48.071  -51.943  -35.009 0.4000000060
19582  -46.945  -52.512  -35.315 0.3000000119
21331  -48.046  -51.244  -35.431 0.4000000060
140274  -44.582  -52.042  -35.167 0.5000000000
146590  -45.214  -51.357  -35.368 0.4000000060
144320  -33.278  -53.241  -32.462 0.6000000238
18748  -34.191  -53.792  -32.058 0.6000000238
18740  -35.174  -53.765  -31.713 0.6000000238
18741  -36.120  -53.695  -31.682 0.6000000238
21311  -46.499  -50.966  -32.845 0.3000000119
19559  -47.539  -52.692  -33.367 0.4000000060
18751  -37.590  -53.909  -32.729 0.6000000238
21312  -47.462  -51.166  -33.436 0.3000000119
18752  -38.488  -53.573  -33.045 0.6000000238
18763  -38.961  -53.989  -33.789 0.6999999881
148660  -47.907  -50.399  -33.867 0.3000000119
20422  -47.883  -52.040  -33.639 0.3000000119
19564  -39.360  -53.274  -33.321 0.6000000238
148975  -48.254  -49.655  -34.418 0.3000000119
21320  -48.372  -51.285  -34.606 0.3000000119
20427  -40.463  -52.148  -33.225 0.5000000000
18764  -39.804  -53.719  -33.953 0.5000000000
18765  -40.602  -53.416  -34.076 0.5000000000
22231  -48.181  -49.388  -35.653 0.3000000119
22227  -48.447  -50.593  -35.240 0.3000000119
19575  -41.380  -53.045  -34.241 0.5000000000
20435  -42.596  -51.870  -34.415 0.5000000000
138444  -47.870  -50.360  -35.798 0.3000000119
19567  -41.736  -52.035  -34.023 0.5000000000
21327  -44.698  -50.456  -35.224 0.4000000060
21329  -45.948  -50.579  -35.669 0.3000000119
144260  -33.051  -52.272  -32.472 0.5000000000
19544  -33.723  -52.729  -31.802 0.6000000238
20397  -34.985  -52.269  -30.774 0.5000000000
18742  -37.072  -53.472  -31.885 0.6000000238
19548  -37.443  -52.654  -31.457 0.5000000000
139877  -48.033  -48.000  -34.440 0.3000000119
19554  -37.986  -53.158  -32.215 0.6000000238
24054  -48.312  -47.139  -34.993 0.3000000119
23138  -48.465  -48.851  -35.350 0.3000000119
19556  -39.690  -52.506  -32.915 0.6000000238
19566  -40.926  -52.579  -33.803 0.5000000000
20429  -42.374  -51.038  -34.129 0.5000000000
149351  -44.167  -51.119  -34.927 0.4000000060
21326  -43.854  -50.380  -34.755 0.4000000060
158550  -33.876  -51.509  -31.180 0.5000000000
20407  -34.500  -51.270  -30.676 0.5000000000
20398  -35.415  -51.649  -30.491 0.5000000000
19539  -35.909  -52.255  -30.708 0.5000000000
20400  -37.163  -51.182  -30.622 0.5000000000
144020  -47.337  -45.828  -33.876 0.3000000119
24053  -47.591  -46.927  -34.006 0.3000000119
19549  -38.331  -52.358  -31.822 0.6000000238
20417  -39.151  -52.034  -32.220 0.6000000238
20418  -39.924  -51.687  -32.586 0.5000000000
138212  -41.562  -51.113  -33.593 0.5000000000
22229  -46.162  -49.518  -35.904 0.4000000060
156586  -44.225  -48.856  -35.135 0.4000000060
21294  -34.858  -50.331  -30.319 0.5000000000
21295  -35.508  -50.902  -30.291 0.5000000000
21296  -36.435  -50.465  -30.217 0.5000000000
25866  -46.405  -44.991  -32.532 0.4000000060
26711  -47.011  -43.944  -32.779 0.4000000060
20409  -37.763  -51.800  -31.168 0.5000000000
20410  -38.594  -51.528  -31.578 0.5000000000
25867  -47.218  -44.779  -33.533 0.4000000060
24988  -47.921  -46.171  -34.756 0.3000000119
21297  -38.464  -50.044  -31.052 0.4000000060
24991  -48.134  -46.422  -35.542 0.3000000119
20411  -39.350  -51.222  -31.946 0.5000000000
152357  -39.984  -50.934  -32.309 0.4000000060
20419  -40.697  -51.178  -32.964 0.4000000060
22225  -43.624  -49.100  -34.707 0.4000000060
22190  -34.443  -49.717  -30.410 0.5000000000
22192  -36.034  -49.608  -29.928 0.5000000000
22193  -36.910  -49.581  -30.169 0.5000000000
27546  -46.897  -43.177  -32.196 0.4000000060
145410  -37.486  -50.271  -30.562 0.5000000000
22194  -37.772  -49.416  -30.561 0.4000000060
27547  -47.089  -43.188  -33.062 0.4000000060
26724  -47.470  -44.334  -34.406 0.4000000060
22199  -38.442  -49.225  -30.902 0.4000000060
21304  -39.444  -50.294  -31.748 0.4000000060
26725  -47.701  -44.877  -35.138 0.4000000060
21308  -40.379  -50.255  -32.384 0.4000000060
21309  -41.292  -50.188  -33.090 0.4000000060
21317  -42.085  -50.322  -33.752 0.4000000060
22217  -41.944  -49.550  -33.517 0.4000000060
23136  -43.321  -48.332  -34.647 0.4000000060
24058  -44.788  -47.721  -35.695 0.4000000060
23137  -43.895  -48.319  -35.053 0.4000000060
23105  -34.525  -49.022  -30.233 0.5000000000
23106  -35.543  -48.775  -29.790 0.4000000060
28391  -46.635  -41.722  -31.671 0.4000000060
28404  -46.857  -42.465  -32.341 0.4000000060
23107  -36.452  -48.963  -29.879 0.5000000000
23108  -37.235  -48.751  -30.161 0.4000000060
22200  -39.100  -49.379  -31.345 0.4000000060
27563  -47.131  -43.815  -34.803 0.4000000060
22205  -39.955  -49.447  -31.862 0.4000000060
22206  -40.774  -49.420  -32.477 0.4000000060
24059  -45.483  -47.390  -36.122 0.3000000119
148414  -42.952  -49.030  -34.332 0.4000000060
24026  -35.457  -47.868  -29.715 0.4000000060
24027  -36.475  -48.056  -29.782 0.5000000000
24028  -37.659  -47.829  -30.200 0.4000000060
28403  -46.635  -41.951  -32.497 0.4000000060
24029  -38.533  -47.215  -30.587 0.4000000060
23109  -38.064  -48.657  -30.576 0.4000000060
24034  -39.136  -47.927  -31.052 0.4000000060
23114  -38.799  -48.654  -30.990 0.4000000060
23115  -39.533  -48.646  -31.486 0.4000000060
23120  -40.333  -48.624  -32.057 0.4000000060
22216  -41.428  -49.321  -32.984 0.4000000060
23132  -42.195  -48.258  -33.709 0.4000000060
141362  -44.678  -47.072  -35.841 0.4000000060
24055  -43.593  -47.618  -35.044 0.4000000060
145433  -36.381  -46.211  -29.783 0.4000000060
24959  -37.327  -46.266  -30.004 0.4000000060
24960  -38.137  -46.314  -30.366 0.4000000060
24967  -38.954  -46.305  -30.845 0.4000000060
24035  -39.881  -47.826  -31.669 0.4000000060
24040  -40.654  -47.771  -32.363 0.4000000060
24993  -45.475  -46.389  -36.335 0.4000000060
24974  -40.901  -47.012  -32.633 0.4000000060
24041  -41.553  -47.676  -33.186 0.4000000060
141041  -41.905  -46.881  -33.728 0.4000000060
24050  -42.331  -47.554  -33.974 0.4000000060
24051  -42.966  -47.548  -34.572 0.4000000060
25842  -36.946  -45.449  -30.030 0.4000000060
25853  -38.432  -45.500  -30.632 0.4000000060
25854  -39.310  -45.401  -31.300 0.4000000060
24968  -39.601  -46.303  -31.421 0.4000000060
138637  -40.055  -45.826  -31.966 0.4000000060
24973  -40.200  -46.863  -31.935 0.4000000060
152677  -40.684  -46.189  -32.606 0.4000000060
24985  -41.349  -46.555  -33.190 0.4000000060
24990  -43.922  -46.941  -35.525 0.3000000119
24987  -42.458  -46.597  -34.432 0.4000000060
24989  -43.244  -46.785  -35.049 0.4000000060
27520  -37.165  -43.783  -30.561 0.4000000060
26687  -37.678  -44.747  -30.420 0.4000000060
27532  -37.653  -43.027  -31.139 0.4000000060
26698  -38.640  -44.600  -30.958 0.4000000060
26699  -39.300  -44.375  -31.664 0.4000000060
155691  -40.493  -45.254  -32.677 0.4000000060
25873  -41.128  -45.579  -33.288 0.4000000060
25883  -45.787  -44.793  -36.787 0.4000000060
145896  -45.089  -45.490  -36.435 0.3000000119
24986  -41.745  -46.016  -33.892 0.4000000060
25876  -42.886  -45.831  -35.089 0.5000000000
24992  -43.637  -46.079  -35.593 0.4000000060
25875  -42.127  -45.441  -34.612 0.5000000000
28389  -37.242  -42.284  -31.550 0.4000000060
28390  -38.121  -42.439  -31.911 0.4000000060
27533  -38.463  -43.174  -31.554 0.4000000060
27544  -38.740  -42.730  -32.288 0.4000000060
27534  -39.214  -43.420  -32.130 0.4000000060
26723  -41.476  -44.987  -34.063 0.4000000060
26728  -42.470  -44.870  -35.301 0.5000000000
28398  -36.974  -41.631  -31.970 0.4000000060
28399  -37.804  -41.871  -32.491 0.4000000060
139553  -38.228  -41.864  -33.607 0.4000000060
26727  -41.631  -44.347  -34.934 0.4000000060
26731  -42.015  -44.055  -35.664 0.5000000000
29280  -37.326  -40.815  -33.382 0.4000000060
28428  -37.657  -41.182  -33.593 0.4000000060
28429  -38.107  -41.659  -34.412 0.4000000060
157597  -41.661  -43.649  -36.024 0.5000000000
32046  -37.102  -38.573  -34.399 0.4000000060
30226  -37.273  -40.409  -33.991 0.4000000060
31131  -37.415  -39.358  -34.987 0.4000000060
31137  -37.403  -40.078  -34.774 0.4000000060
32053  -37.822  -39.265  -35.712 0.5000000000
31130  -37.027  -39.539  -33.983 0.4000000060
21325  -43.118  -50.470  -34.427 0.5000000000
148057  -45.141  -49.823  -35.540 0.4000000060
15020  -43.079  -58.876  -31.396 0.5000000000
13481  -40.120  -61.028  -34.313 0.8000000119
14264  -39.051  -59.551  -35.091 0.8000000119
15055  -38.150  -59.026  -34.903 0.6999999881
16438  -42.248  -57.202  -30.938 0.5000000000
15756  -37.331  -57.509  -34.983 0.6999999881
16440  -41.604  -56.467  -30.843 0.5000000000
16461  -36.444  -57.050  -34.905 0.6999999881
17205  -42.333  -55.582  -31.801 0.4000000060
16441  -42.344  -56.430  -31.527 0.4000000060
17226  -36.734  -56.081  -34.677 0.6999999881
153836  -42.424  -54.817  -31.850 0.4000000060
18744  -42.665  -53.469  -31.536 0.4000000060
158390  -33.006  -55.181  -33.613 0.6000000238
19551  -43.650  -52.468  -31.605 0.4000000060
153130  -32.677  -52.703  -32.908 0.6000000238
151427  -32.501  -51.772  -33.237 0.5000000000
20416  -32.888  -51.472  -32.625 0.5000000000
138704  -33.590  -50.912  -31.353 0.5000000000
22198  -33.757  -49.361  -30.883 0.4000000060
24025  -34.625  -48.165  -30.048 0.4000000060
24958  -34.778  -47.228  -29.902 0.4000000060
140130  -35.872  -47.092  -29.656 0.4000000060
144996  -35.163  -46.156  -29.883 0.4000000060
26686  -36.579  -44.576  -30.213 0.4000000060
27531  -36.650  -42.995  -30.858 0.4000000060
28416  -36.884  -41.098  -32.346 0.4000000060
138289  -36.829  -37.894  -33.861 0.4000000060
13475  -40.713  -61.271  -33.719 0.8000000119
14266  -40.955  -59.935  -35.253 0.8000000119
16465  -39.431  -56.683  -35.437 0.6999999881
15739  -44.759  -57.557  -33.340 0.6000000238
16460  -44.622  -56.519  -34.224 0.6999999881
17986  -45.636  -55.280  -33.778 0.6000000238
17232  -44.054  -56.084  -34.757 0.6000000238
134566  -43.036  -56.320  -34.993 0.6000000238
17971  -36.175  -54.787  -33.156 0.6999999881
155188  -46.216  -54.809  -33.950 0.5000000000
18749  -35.712  -54.319  -32.307 0.6000000238
18745  -43.477  -53.351  -31.811 0.5000000000
20420  -46.109  -51.715  -32.548 0.3000000119
20436  -43.489  -51.744  -34.741 0.5000000000
19547  -36.499  -52.887  -31.222 0.6000000238
150848  -42.958  -51.192  -34.476 0.5000000000
22224  -43.089  -49.730  -34.358 0.4000000060
23140  -45.301  -48.180  -35.835 0.4000000060
23133  -42.713  -48.298  -34.219 0.4000000060
23121  -41.115  -48.601  -32.699 0.4000000060
30231  -37.658  -40.652  -35.088 0.4000000060
9253  -33.432  -66.561  -31.598 0.4000000060
9233  -34.934  -66.115  -30.992 0.4000000060
9927  -36.044  -65.025  -29.971 0.4000000060
9899  -36.483  -65.126  -29.024 0.4000000060
10629  -35.587  -64.442  -29.267 0.4000000060
10596  -36.356  -64.604  -27.418 0.4000000060
9874  -36.718  -65.096  -27.971 0.4000000060
10579  -36.598  -64.171  -26.562 0.4000000060
11261  -37.777  -63.056  -25.451 0.5000000000
10614  -35.124  -64.134  -28.582 0.4000000060
10615  -35.856  -64.479  -28.238 0.4000000060
11277  -36.474  -63.251  -25.783 0.5000000000
11260  -37.047  -62.912  -25.459 0.5000000000
13361  -37.109  -60.819  -25.223 0.6000000238
10613  -34.465  -64.264  -28.524 0.4000000060
11309  -35.226  -64.223  -27.684 0.4000000060
11956  -35.673  -62.688  -25.518 0.4000000060
11924  -37.356  -62.224  -25.240 0.5000000000
17966  -41.643  -54.866  -31.364 0.4000000060
19550  -42.817  -52.691  -31.313 0.3000000119
11925  -38.208  -62.270  -25.168 0.5000000000
15729  -40.863  -57.474  -29.353 0.5000000000
16437  -41.235  -56.904  -29.951 0.4000000060
12660  -34.595  -61.691  -25.246 0.4000000060
11939  -36.518  -62.177  -25.331 0.5000000000
141871  -34.643  -63.695  -26.193 0.4000000060
11292  -35.260  -63.882  -26.429 0.4000000060
13362  -37.739  -60.228  -25.246 0.6000000238
148226  -38.729  -59.948  -25.118 0.6000000238
14927  -38.796  -58.335  -26.618 0.6999999881
15734  -41.905  -57.889  -30.294 0.5000000000
14910  -39.028  -58.604  -25.770 0.6999999881
14928  -39.523  -58.048  -26.153 0.6999999881
14985  -41.244  -58.279  -29.701 0.6999999881
14950  -39.365  -58.005  -27.190 0.6999999881
14967  -39.591  -58.424  -28.290 0.6999999881
140008  -35.885  -61.511  -25.333 0.5000000000
12646  -36.481  -61.065  -25.309 0.6000000238
14162  -37.671  -58.877  -26.755 0.6000000238
12661  -35.189  -61.271  -25.369 0.4000000060
13413  -36.973  -59.151  -26.506 0.6000000238
13391  -37.531  -59.372  -25.847 0.6000000238
14163  -38.238  -58.588  -27.005 0.6000000238
14949  -38.785  -58.584  -27.834 0.6000000238
14146  -38.245  -58.866  -26.064 0.6000000238
14984  -40.072  -58.972  -29.155 0.6999999881
15003  -41.827  -58.747  -30.350 0.6000000238
15736  -42.912  -58.031  -31.102 0.5000000000
14161  -34.810  -58.933  -27.032 0.6000000238
14176  -35.245  -58.577  -27.962 0.6000000238
13425  -36.147  -58.718  -28.199 0.6999999881
13426  -36.588  -58.885  -27.356 0.6000000238
14177  -37.358  -58.907  -27.573 0.6000000238
14178  -38.403  -59.182  -28.576 0.6000000238
136642  -35.154  -59.654  -25.993 0.5000000000
12662  -35.875  -60.430  -25.544 0.6000000238
14194  -39.539  -59.715  -29.585 0.6000000238
14195  -40.340  -59.536  -29.814 0.6999999881
14211  -41.537  -59.547  -30.677 0.6999999881
157529  -40.593  -59.054  -29.555 0.6999999881
15004  -42.455  -58.517  -30.795 0.6000000238
15002  -41.062  -59.105  -29.945 0.6999999881
14190  -35.606  -58.480  -28.965 0.6000000238
14191  -36.449  -58.855  -29.267 0.6999999881
143229  -37.371  -59.548  -30.709 0.6999999881
134565  -37.243  -59.367  -29.658 0.6999999881
14207  -38.050  -60.011  -30.113 0.6000000238
14226  -42.778  -59.780  -31.850 0.5000000000
14209  -39.855  -60.208  -30.354 0.6999999881
14210  -40.733  -59.925  -30.478 0.6999999881
15019  -42.309  -59.232  -31.028 0.6000000238
14242  -37.696  -59.636  -32.747 0.6999999881
13474  -39.644  -61.189  -33.577 0.6999999881
137408  -36.836  -59.027  -31.348 0.6999999881
13460  -38.684  -60.598  -32.487 0.6000000238
13461  -39.265  -61.010  -32.673 0.5000000000
13440  -38.055  -60.041  -31.197 0.6999999881
152272  -38.549  -60.387  -31.700 0.6000000238
13442  -39.342  -60.614  -31.045 0.6999999881
14243  -42.173  -60.557  -32.388 0.5000000000
14208  -38.985  -60.234  -30.196 0.6000000238
13450  -41.204  -60.673  -31.956 0.6999999881
14225  -41.913  -60.047  -31.426 0.6000000238
14256  -38.540  -60.286  -34.171 0.6999999881
13480  -39.160  -60.807  -34.242 0.6999999881
14259  -38.073  -59.510  -34.414 0.6999999881
13463  -41.426  -61.127  -33.006 0.6000000238
13462  -40.244  -61.144  -32.613 0.6000000238
9948  -35.510  -65.479  -30.513 0.4000000060
11278  -37.263  -63.658  -25.895 0.4000000060
11308  -34.717  -64.181  -27.856 0.4000000060
11293  -35.806  -64.269  -27.158 0.4000000060
11955  -34.979  -62.725  -25.447 0.4000000060
14968  -40.194  -58.181  -28.600 0.6999999881
151690  -40.695  -58.577  -29.336 0.6999999881
151898  -37.771  -59.063  -28.369 0.6000000238
13411  -35.696  -58.879  -27.106 0.6999999881
13412  -36.149  -59.356  -26.260 0.6000000238
133529  -37.096  -59.007  -28.532 0.6000000238
13459  -38.165  -60.062  -32.148 0.6999999881
13448  -38.995  -60.739  -31.784 0.6000000238
13472  -38.264  -60.231  -32.973 0.6000000238
14983  -35.883  -58.492  -29.963 0.5000000000
146600  -34.232  -59.568  -26.339 0.4000000060
14966  -34.708  -58.282  -28.749 0.5000000000
15001  -36.089  -58.567  -30.971 0.6000000238
13389  -33.548  -60.417  -25.915 0.4000000060
141409  -33.556  -58.865  -27.612 0.5000000000
14175  -34.378  -58.610  -27.805 0.5000000000
14982  -35.085  -58.086  -29.708 0.5000000000
15000  -35.368  -58.114  -30.650 0.5000000000
15031  -35.580  -58.347  -32.758 0.5000000000
14222  -37.030  -59.041  -32.377 0.6000000238
14241  -37.225  -59.081  -33.346 0.5000000000
15032  -36.464  -58.645  -33.027 0.5000000000
149955  -36.657  -58.678  -33.770 0.6999999881
15042  -35.837  -58.482  -33.745 0.6000000238
14258  -36.963  -58.274  -34.531 0.6000000238
13409  -32.725  -60.085  -26.512 0.5000000000
14174  -32.996  -58.752  -28.220 0.5000000000
14999  -34.022  -57.827  -30.944 0.5000000000
15016  -34.219  -57.974  -32.045 0.5000000000
152231  -34.684  -57.878  -30.436 0.5000000000
158038  -35.239  -58.402  -33.462 0.6000000238
149283  -35.677  -58.284  -34.369 0.5000000000
15053  -36.792  -57.724  -34.790 0.6000000238
14159  -32.643  -59.394  -27.454 0.5000000000
14189  -32.866  -58.456  -29.264 0.5000000000
15014  -32.396  -58.458  -31.367 0.5000000000
15015  -33.301  -58.148  -31.724 0.5000000000
15030  -34.622  -58.337  -33.096 0.5000000000
15052  -37.602  -58.776  -34.587 0.6000000238
15041  -34.919  -58.399  -34.045 0.5000000000
15754  -36.240  -57.401  -34.885 0.6000000238
14173  -32.207  -59.071  -28.457 0.5000000000
14997  -32.226  -58.624  -30.287 0.5000000000
14221  -31.708  -58.838  -32.092 0.5000000000
14239  -31.021  -59.100  -32.715 0.6000000238
15028  -32.579  -58.555  -32.509 0.4000000060
138954  -31.393  -58.735  -33.937 0.4000000060
14240  -31.934  -58.906  -33.034 0.5000000000
133506  -32.694  -58.642  -33.591 0.5000000000
15029  -33.540  -58.388  -32.887 0.4000000060
159541  -31.144  -58.556  -34.104 0.4000000060
159164  -31.729  -58.376  -34.312 0.5000000000
149273  -33.143  -58.313  -34.251 0.5000000000
16451  -31.367  -57.245  -34.311 0.4000000060
15049  -34.153  -58.159  -34.431 0.6000000238
15050  -35.129  -58.017  -34.605 0.6000000238
16455  -35.833  -57.000  -34.907 0.6000000238
17217  -36.041  -55.882  -34.341 0.6000000238
15048  -32.195  -58.543  -34.113 0.5000000000
144382  -32.457  -56.863  -34.485 0.5000000000
133241  -33.117  -56.664  -34.535 0.5000000000
142803  -32.963  -57.419  -34.650 0.5000000000
135035  -30.745  -56.373  -34.053 0.4000000060
145244  -31.615  -56.469  -34.218 0.5000000000
17223  -33.786  -56.450  -34.495 0.6000000238
16453  -33.899  -57.168  -34.774 0.6000000238
17224  -34.529  -56.587  -34.648 0.6000000238
17214  -33.204  -55.817  -34.043 0.5000000000
18771  -31.508  -53.214  -33.954 0.3000000119
17992  -31.398  -54.307  -33.852 0.4000000060
133574  -30.761  -55.515  -34.045 0.4000000060
17978  -32.275  -55.114  -33.685 0.5000000000
17215  -34.185  -55.934  -34.084 0.5000000000
17980  -34.720  -55.342  -33.548 0.6000000238
23113  -33.762  -48.473  -30.765 0.3000000119
21301  -33.192  -49.887  -31.804 0.3000000119
21307  -33.016  -50.802  -32.303 0.4000000060
24966  -33.954  -46.553  -30.507 0.3000000119
26685  -35.521  -44.494  -30.315 0.3000000119
25839  -34.318  -45.626  -30.448 0.3000000119
27518  -35.502  -43.857  -30.550 0.3000000119
27519  -36.154  -43.784  -30.468 0.3000000119
28388  -36.170  -42.305  -31.264 0.3000000119
28397  -35.823  -41.707  -31.573 0.3000000119
29273  -36.347  -40.784  -32.137 0.3000000119
30218  -36.758  -39.991  -33.146 0.3000000119
18760  -32.028  -53.937  -33.424 0.5000000000
24033  -33.849  -47.576  -30.596 0.3000000119
14255  -37.986  -59.836  -33.707 0.5000000000
14965  -33.762  -58.402  -28.520 0.5000000000
15040  -33.842  -58.489  -33.844 0.5000000000
16454  -34.901  -57.131  -34.954 0.6000000238
15686  -39.996  -57.641  -26.595 0.6000000238
15714  -40.187  -57.423  -27.872 0.6000000238
17960  -40.220  -54.437  -29.166 0.3000000119
17197  -40.339  -55.339  -29.471 0.3000000119
17964  -40.871  -55.088  -30.615 0.3000000119
17186  -40.422  -55.843  -28.218 0.3000000119
17201  -40.916  -55.994  -30.299 0.3000000119
17204  -41.537  -55.740  -31.160 0.3000000119
15697  -40.380  -57.325  -26.916 0.6000000238
15698  -40.671  -57.061  -27.084 0.5000000000
17952  -40.045  -54.255  -28.297 0.3000000119
18730  -40.533  -53.756  -29.806 0.3000000119
17961  -40.505  -54.529  -30.020 0.3000000119
18737  -41.142  -54.030  -30.729 0.3000000119
156192  -40.519  -56.221  -29.309 0.3000000119
16434  -40.563  -56.672  -28.640 0.3000000119
142031  -40.886  -56.734  -27.122 0.4000000060
13410  -34.432  -60.593  -25.582 0.4000000060
17936  -39.970  -54.097  -27.511 0.3000000119
18729  -40.180  -53.628  -28.922 0.3000000119
19531  -40.521  -52.911  -29.499 0.3000000119
19540  -41.090  -53.043  -30.258 0.3000000119
9876  -38.448  -65.509  -27.478 0.5000000000
10581  -39.709  -64.476  -26.562 0.5000000000
9928  -36.840  -65.591  -29.886 0.4000000060
145414  -37.198  -65.705  -29.252 0.4000000060
9901  -38.159  -65.853  -28.226 0.4000000060
9902  -39.027  -65.893  -28.019 0.5000000000
11927  -40.104  -62.162  -25.405 0.5000000000
11281  -40.116  -63.634  -26.100 0.5000000000
149141  -38.859  -64.417  -26.278 0.5000000000
11280  -39.210  -63.822  -25.898 0.5000000000
9875  -37.580  -65.409  -27.666 0.4000000060
14137  -41.191  -59.380  -25.456 0.6000000238
13365  -40.681  -60.132  -25.249 0.6000000238
147184  -40.198  -61.044  -25.112 0.5000000000
11263  -39.600  -63.012  -25.605 0.5000000000
10580  -37.551  -64.427  -26.453 0.3000000119
11279  -38.226  -63.928  -25.909 0.4000000060
14913  -41.723  -58.711  -25.741 0.6000000238
14136  -40.248  -59.264  -25.312 0.6000000238
13364  -39.727  -60.042  -25.051 0.6000000238
11262  -38.685  -63.099  -25.475 0.4000000060
11926  -39.117  -62.286  -25.213 0.5000000000
14930  -41.273  -57.920  -26.054 0.6000000238
159610  -41.592  -56.175  -27.454 0.3000000119
15699  -41.513  -57.075  -26.868 0.4000000060
14929  -40.334  -57.956  -25.932 0.6000000238
12627  -38.675  -61.504  -24.953 0.4000000060
143047  -41.033  -55.836  -27.300 0.3000000119
17185  -40.186  -54.995  -28.392 0.3000000119
16424  -40.770  -56.396  -27.499 0.3000000119
14135  -39.353  -59.216  -25.322 0.6000000238
157907  -40.639  -57.555  -26.332 0.6000000238
14912  -40.762  -58.566  -25.619 0.6000000238
15716  -41.836  -56.635  -27.249 0.3000000119
14138  -42.122  -59.528  -25.593 0.5000000000
14914  -42.655  -58.908  -25.837 0.5000000000
14931  -42.291  -58.211  -26.172 0.5000000000
15690  -43.730  -57.926  -26.764 0.4000000060
15689  -42.849  -57.784  -26.628 0.5000000000
14915  -43.511  -59.114  -25.946 0.5000000000
14139  -42.974  -59.661  -25.721 0.5000000000
139614  -44.113  -58.587  -26.347 0.4000000060
15701  -44.050  -57.417  -27.463 0.4000000060
145719  -43.273  -57.432  -27.109 0.4000000060
15688  -41.958  -57.591  -26.559 0.5000000000
147314  -41.114  -60.882  -25.410 0.5000000000
13366  -41.623  -60.262  -25.465 0.5000000000
15700  -42.469  -57.223  -27.015 0.4000000060
7571  -38.646  -68.773  -34.901 0.3000000119
7558  -39.478  -69.028  -34.629 0.3000000119
8114  -40.184  -67.992  -34.613 0.3000000119
8661  -41.393  -66.756  -34.475 0.3000000119
8647  -42.693  -67.208  -33.217 0.4000000060
8677  -40.716  -67.212  -34.588 0.3000000119
9316  -40.643  -66.586  -34.468 0.3000000119
8648  -42.983  -66.649  -32.530 0.4000000060
9282  -42.650  -66.071  -33.136 0.4000000060
9298  -41.286  -65.835  -34.153 0.3000000119
9297  -40.242  -66.029  -34.157 0.3000000119
9951  -43.735  -65.854  -30.787 0.4000000060
9218  -43.011  -65.748  -30.365 0.4000000060
135808  -41.899  -65.869  -32.612 0.4000000060
9281  -41.157  -65.629  -33.160 0.4000000060
9280  -39.692  -65.838  -33.474 0.4000000060
9259  -40.808  -66.111  -31.895 0.4000000060
11297  -45.490  -63.182  -28.378 0.3000000119
9905  -44.467  -64.937  -29.776 0.4000000060
10617  -43.927  -64.470  -29.041 0.4000000060
9930  -42.958  -65.478  -29.668 0.4000000060
149212  -41.477  -66.314  -30.190 0.4000000060
9238  -41.061  -66.418  -30.869 0.4000000060
9237  -40.089  -66.483  -30.773 0.4000000060
12663  -46.210  -61.796  -27.428 0.3000000119
153129  -44.603  -63.309  -28.205 0.4000000060
155237  -43.286  -64.051  -28.161 0.4000000060
10616  -43.101  -64.724  -28.637 0.4000000060
10602  -42.316  -64.561  -27.976 0.4000000060
9904  -41.487  -65.665  -28.696 0.4000000060
9879  -41.713  -65.144  -28.150 0.4000000060
9217  -40.579  -66.492  -29.987 0.4000000060
11944  -45.098  -62.057  -27.136 0.4000000060
11957  -43.902  -62.944  -27.503 0.4000000060
11294  -41.777  -64.042  -27.224 0.4000000060
9878  -40.934  -65.396  -27.923 0.4000000060
9216  -39.552  -66.491  -29.665 0.4000000060
159991  -40.290  -66.331  -29.208 0.4000000060
9258  -38.565  -66.193  -31.448 0.4000000060
11942  -43.157  -62.546  -26.903 0.4000000060
150426  -42.465  -62.861  -26.823 0.4000000060
11282  -41.494  -63.559  -26.691 0.4000000060
10600  -40.398  -64.918  -27.260 0.4000000060
9199  -39.692  -66.181  -28.632 0.4000000060
142085  -39.929  -65.624  -27.794 0.4000000060
12647  -43.217  -61.675  -26.399 0.4000000060
11929  -41.597  -62.090  -26.044 0.4000000060
11928  -40.963  -62.518  -25.866 0.4000000060
14147  -44.390  -59.469  -26.102 0.4000000060
12631  -42.961  -60.928  -25.958 0.4000000060
12630  -42.041  -61.264  -25.852 0.4000000060
14933  -44.824  -58.005  -26.921 0.3000000119
15702  -45.050  -57.373  -27.864 0.3000000119
13368  -43.322  -60.338  -25.839 0.4000000060
9260  -42.575  -66.187  -32.242 0.4000000060
134908  -42.521  -66.226  -31.410 0.4000000060
158754  -41.802  -66.313  -30.908 0.4000000060
11959  -45.801  -62.571  -27.879 0.4000000060
11311  -45.261  -63.730  -28.898 0.4000000060
12664  -47.090  -61.887  -27.745 0.3000000119
9880  -42.463  -65.271  -28.825 0.4000000060
140303  -46.258  -61.056  -26.909 0.3000000119
11958  -44.825  -62.721  -27.665 0.4000000060
11296  -43.819  -63.501  -27.976 0.4000000060
11283  -43.018  -63.296  -27.421 0.4000000060
147433  -44.302  -61.518  -26.597 0.4000000060
11941  -42.345  -62.207  -26.416 0.4000000060
11264  -40.939  -63.307  -26.204 0.4000000060
13392  -43.714  -60.951  -26.171 0.4000000060
9221  -45.528  -65.840  -29.770 0.3000000119
8081  -43.623  -68.136  -31.045 0.3000000119
8087  -43.214  -68.065  -31.745 0.3000000119
8622  -44.087  -67.347  -31.009 0.3000000119
9219  -44.477  -66.034  -30.687 0.3000000119
8096  -43.037  -67.463  -32.416 0.3000000119
9262  -43.700  -66.608  -31.451 0.3000000119
9906  -45.402  -64.995  -29.757 0.3000000119
10618  -44.959  -64.314  -29.391 0.3000000119
13394  -45.866  -60.367  -26.582 0.3000000119
137189  -44.926  -60.309  -26.262 0.3000000119
145954  -44.954  -58.771  -26.438 0.3000000119
149024  -45.945  -63.635  -28.824 0.3000000119
13393  -44.458  -60.879  -26.305 0.3000000119
7557  -38.609  -69.616  -34.760 0.3000000119
8080  -43.116  -68.745  -30.960 0.3000000119
8086  -42.554  -68.512  -32.299 0.3000000119
8113  -39.309  -68.130  -34.738 0.3000000119
8635  -43.323  -67.099  -32.109 0.3000000119
8636  -43.620  -67.233  -31.637 0.3000000119
8662  -42.215  -66.315  -33.987 0.3000000119
8676  -39.978  -67.338  -34.599 0.3000000119
9198  -38.787  -66.241  -28.848 0.5000000000
9200  -41.087  -66.165  -29.339 0.4000000060
9220  -45.058  -66.395  -30.179 0.3000000119
9236  -39.041  -66.418  -30.634 0.4000000060
9239  -43.257  -66.038  -31.187 0.4000000060
9240  -44.061  -66.390  -31.098 0.3000000119
9261  -43.232  -66.451  -31.875 0.4000000060
9857  -38.857  -65.027  -26.831 0.5000000000
9877  -39.174  -65.476  -27.420 0.5000000000
9900  -37.311  -65.591  -28.510 0.4000000060
9903  -40.571  -65.921  -28.564 0.4000000060
9926  -35.161  -64.724  -29.966 0.4000000060
9929  -42.117  -65.886  -29.625 0.4000000060
9931  -43.861  -65.439  -30.219 0.4000000060
9932  -44.888  -65.576  -30.202 0.3000000119
10582  -40.845  -64.124  -26.738 0.4000000060
10597  -37.077  -64.896  -27.114 0.3000000119
10598  -37.939  -65.079  -26.925 0.4000000060
10599  -39.618  -65.134  -27.141 0.5000000000
10601  -41.332  -64.704  -27.523 0.4000000060
11291  -34.379  -64.053  -26.994 0.4000000060
11295  -42.505  -63.867  -27.543 0.4000000060
11298  -46.319  -63.167  -28.426 0.3000000119
11310  -44.315  -63.870  -28.659 0.4000000060
11940  -41.707  -62.853  -26.424 0.4000000060
11943  -44.076  -62.262  -26.990 0.4000000060
11954  -34.329  -62.633  -25.411 0.4000000060
12625  -37.011  -61.525  -25.201 0.6000000238
12626  -37.750  -61.332  -25.051 0.6000000238
12628  -39.454  -61.565  -25.038 0.5000000000
12629  -40.997  -61.661  -25.596 0.5000000000
12648  -45.315  -61.202  -26.653 0.3000000119
12649  -47.005  -61.247  -27.311 0.3000000119
13363  -39.194  -60.806  -24.869 0.4000000060
13367  -42.515  -60.344  -25.679 0.5000000000
13369  -44.077  -60.297  -26.031 0.4000000060
13390  -36.769  -59.990  -25.582 0.6000000238
13395  -46.817  -60.456  -26.884 0.3000000119
13441  -38.641  -60.426  -30.966 0.6000000238
13449  -40.272  -60.615  -31.311 0.6999999881
13464  -42.264  -60.882  -33.266 0.8000000119
13473  -38.762  -60.730  -33.484 0.6000000238
13476  -41.731  -61.135  -33.864 0.8000000119
13482  -41.132  -61.051  -34.416 0.8000000119
13483  -42.022  -60.857  -34.409 0.8000000119
13484  -42.703  -60.475  -34.330 0.8000000119
14134  -38.148  -59.500  -25.494 0.6000000238
14140  -43.663  -59.773  -25.851 0.4000000060
14160  -33.457  -59.474  -26.781 0.5000000000
14179  -39.211  -59.157  -28.817 0.6000000238
14192  -37.868  -59.462  -29.108 0.6000000238
14193  -38.668  -59.743  -29.365 0.6000000238
14205  -31.598  -58.908  -31.029 0.5000000000
14206  -36.645  -58.986  -30.308 0.6999999881
14223  -37.532  -59.547  -31.750 0.6999999881
14224  -41.154  -60.199  -31.118 0.6000000238
14252  -30.842  -58.990  -33.384 0.4000000060
14253  -31.674  -58.851  -33.571 0.5000000000
14254  -37.296  -58.918  -34.148 0.6999999881
14260  -38.732  -60.027  -34.637 0.8000000119
14261  -40.558  -60.614  -34.882 0.8000000119
14911  -39.853  -58.530  -25.587 0.6000000238
14932  -43.204  -58.410  -26.255 0.4000000060
14981  -34.039  -57.994  -29.692 0.5000000000
14998  -33.126  -58.146  -30.525 0.5000000000
15017  -35.534  -58.188  -31.639 0.5000000000
15018  -36.289  -58.577  -32.014 0.6000000238
15043  -36.416  -58.437  -34.282 0.6000000238
15044  -44.154  -59.295  -34.006 0.6000000238
15051  -36.103  -57.943  -34.677 0.5000000000
15054  -37.438  -58.227  -34.803 0.6000000238
15057  -40.402  -59.105  -35.468 0.6999999881
15058  -41.329  -59.050  -35.411 0.8000000119
15059  -42.376  -58.923  -35.179 0.8000000119
15687  -41.112  -57.335  -26.547 0.5000000000
15713  -39.868  -57.724  -27.611 0.6999999881
15715  -40.429  -57.016  -27.980 0.4000000060
15728  -40.565  -57.838  -28.905 0.6000000238
15738  -44.477  -57.959  -32.616 0.6000000238
15747  -31.100  -57.958  -34.285 0.4000000060
15748  -33.527  -57.889  -34.654 0.6000000238
15749  -34.495  -57.695  -34.793 0.6000000238
15750  -35.454  -57.547  -34.885 0.6000000238
15755  -36.728  -57.283  -34.894 0.6000000238
15757  -39.281  -58.120  -35.494 0.6999999881
16452  -32.150  -57.403  -34.508 0.5000000000
16456  -36.494  -56.703  -34.818 0.6999999881
16457  -37.058  -56.528  -34.902 0.6999999881
16459  -43.997  -56.931  -34.780 0.6999999881
17213  -32.352  -56.099  -34.197 0.5000000000
17216  -35.186  -56.057  -34.297 0.6000000238
17219  -45.625  -55.300  -34.152 0.5000000000
17225  -35.940  -56.450  -34.640 0.6000000238
17228  -38.510  -55.735  -35.019 0.6999999881
17229  -39.341  -55.497  -35.034 0.6999999881
17231  -41.177  -55.199  -34.915 0.6000000238
17233  -44.920  -55.728  -34.412 0.5000000000
17234  -38.211  -56.274  -35.181 0.6999999881
17969  -34.382  -54.605  -32.823 0.6000000238
17984  -38.514  -54.652  -34.288 0.6999999881
17991  -30.809  -54.568  -34.140 0.4000000060
17999  -42.680  -54.445  -34.795 0.5000000000
18755  -46.243  -53.599  -32.864 0.5000000000
18761  -32.700  -53.582  -33.001 0.6000000238
18779  -47.447  -53.445  -34.207 0.5000000000
19545  -34.602  -52.992  -31.354 0.5000000000
19546  -35.540  -53.008  -31.166 0.5000000000
19555  -38.857  -52.827  -32.580 0.6000000238
19557  -45.687  -52.467  -32.356 0.3000000119
19563  -32.103  -52.696  -33.513 0.5000000000
19565  -40.172  -52.955  -33.572 0.5000000000
19569  -48.142  -52.241  -34.454 0.4000000060
19576  -42.200  -52.738  -34.455 0.5000000000
19577  -43.060  -52.589  -34.697 0.5000000000
19579  -45.291  -53.154  -35.227 0.5000000000
19581  -47.667  -52.675  -34.726 0.4000000060
20399  -36.226  -51.438  -30.448 0.5000000000
20406  -33.418  -51.702  -31.796 0.5000000000
20408  -36.856  -52.070  -30.830 0.6000000238
20421  -47.111  -51.933  -33.074 0.4000000060
20428  -41.103  -51.826  -33.531 0.5000000000
20430  -48.224  -51.944  -34.188 0.3000000119
20431  -48.298  -51.781  -34.638 0.4000000060
20440  -47.510  -51.908  -35.383 0.3000000119
21302  -33.980  -50.258  -30.805 0.5000000000
21303  -38.085  -50.948  -30.995 0.4000000060
21318  -42.653  -50.255  -34.139 0.4000000060
21319  -48.148  -51.226  -33.958 0.3000000119
21328  -48.394  -51.411  -35.019 0.4000000060
21330  -47.208  -51.024  -35.711 0.3000000119
22191  -35.183  -49.617  -30.036 0.5000000000
22218  -42.542  -49.660  -34.009 0.4000000060
22220  -48.346  -50.508  -34.565 0.3000000119
22226  -44.270  -49.615  -35.042 0.4000000060
22228  -45.009  -48.990  -35.564 0.4000000060
23131  -41.806  -48.741  -33.308 0.4000000060
23135  -48.431  -48.876  -34.872 0.3000000119
23139  -44.520  -48.288  -35.423 0.4000000060
24056  -44.194  -47.674  -35.423 0.4000000060
24977  -46.744  -45.594  -33.144 0.4000000060
25840  -35.097  -45.266  -30.174 0.3000000119
25841  -35.954  -45.339  -29.974 0.4000000060
25843  -37.713  -45.650  -30.246 0.4000000060
25874  -47.674  -45.223  -34.527 0.3000000119
25877  -47.886  -45.569  -35.356 0.4000000060
25879  -44.468  -46.235  -35.962 0.3000000119
26696  -34.848  -43.985  -30.693 0.3000000119
26697  -38.115  -43.816  -30.875 0.4000000060
26712  -47.270  -43.912  -33.529 0.4000000060
26729  -47.431  -44.373  -35.404 0.4000000060
27530  -35.493  -43.222  -30.833 0.3000000119
27535  -46.777  -42.566  -31.730 0.4000000060
28400  -38.509  -42.219  -32.853 0.4000000060
28402  -46.163  -41.699  -32.752 0.4000000060
28417  -37.682  -41.422  -33.086 0.4000000060
28424  -46.830  -42.570  -32.967 0.4000000060
29279  -36.495  -40.390  -32.484 0.3000000119
29281  -37.809  -41.252  -34.406 0.4000000060
29285  -37.697  -41.028  -34.705 0.4000000060
31138  -37.673  -40.090  -35.451 0.4000000060
32037  -36.717  -38.605  -33.452 0.4000000060
132974  -31.460  -55.391  -33.976 0.5000000000
135565  -38.023  -58.818  -27.755 0.6000000238
135981  -42.158  -63.413  -27.004 0.4000000060
136678  -40.125  -65.753  -32.752 0.4000000060
137616  -34.151  -52.109  -31.170 0.6000000238
138005  -34.817  -57.867  -31.310 0.5000000000
138060  -39.570  -60.439  -34.775 0.6999999881
138132  -48.533  -49.669  -35.081 0.3000000119
138619  -38.450  -48.063  -30.667 0.4000000060
138742  -41.990  -65.710  -33.525 0.3000000119
140212  -38.646  -58.510  -35.264 0.6999999881
140958  -43.465  -50.949  -34.644 0.5000000000
142266  -40.534  -65.634  -33.629 0.3000000119
142359  -36.939  -47.066  -29.828 0.4000000060
142794  -31.801  -57.894  -34.509 0.4000000060
143083  -41.023  -67.773  -34.464 0.3000000119
143999  -47.216  -43.661  -33.907 0.4000000060
144783  -35.931  -63.714  -26.279 0.4000000060
146876  -38.759  -43.874  -31.390 0.4000000060
147544  -43.586  -49.841  -34.604 0.4000000060
147559  -38.800  -50.801  -31.447 0.5000000000
147674  -37.743  -46.940  -30.143 0.4000000060
147773  -34.842  -64.165  -27.128 0.4000000060
148233  -39.955  -58.396  -35.570 0.6999999881
148279  -39.416  -47.082  -31.205 0.4000000060
148305  -47.011  -50.214  -35.946 0.3000000119
148342  -42.390  -48.944  -33.859 0.4000000060
148429  -35.616  -50.187  -30.111 0.5000000000
149040  -35.270  -56.669  -34.769 0.6000000238
149115  -48.474  -48.074  -35.259 0.3000000119
149245  -38.999  -57.410  -35.450 0.6999999881
149375  -39.995  -55.254  -35.019 0.6000000238
149531  -38.280  -64.611  -26.450 0.4000000060
149992  -41.336  -43.234  -36.397 0.5000000000
150211  -38.204  -57.578  -35.260 0.6999999881
150681  -43.457  -65.057  -29.361 0.4000000060
150781  -38.402  -60.762  -24.948 0.6000000238
151164  -32.524  -58.091  -34.537 0.5000000000
151699  -40.350  -62.941  -25.802 0.4000000060
152074  -38.673  -59.196  -25.499 0.6999999881
152979  -34.086  -58.993  -27.073 0.5000000000
153430  -45.144  -54.861  -34.659 0.6000000238
153853  -41.775  -66.212  -31.627 0.4000000060
153856  -42.336  -66.096  -30.599 0.4000000060
154247  -39.561  -60.911  -31.884 0.6999999881
155345  -34.973  -58.017  -32.189 0.5000000000
155805  -43.490  -58.716  -34.782 0.6999999881
157798  -43.602  -53.281  -34.902 0.5000000000
