#!ascii label  , from subject ICBM2009cNolinAsym vox2ras=TkReg
1865
25862  -28.075  -45.611  -32.282 0.5000000000
24971  -27.894  -45.965  -32.051 0.4000000060
24956  -27.758  -46.014  -31.421 0.6000000238
25861  -27.615  -45.169  -31.866 0.6000000238
146723  -28.100  -44.066  -32.599 0.6000000238
26717  -29.156  -44.044  -32.890 0.6000000238
25850  -27.533  -45.255  -31.568 0.6999999881
25838  -27.688  -45.354  -31.146 0.6999999881
26705  -27.332  -44.232  -31.936 0.6999999881
26706  -27.785  -44.673  -32.257 0.6999999881
27551  -28.491  -43.319  -32.910 0.6999999881
28410  -30.053  -42.560  -33.501 0.5000000000
28409  -28.971  -42.572  -33.260 0.6999999881
144922  -30.138  -44.004  -33.285 0.5000000000
23947  -27.283  -47.486  -22.787 0.5000000000
26682  -27.459  -44.647  -31.330 0.6999999881
27528  -27.106  -43.763  -31.762 0.6999999881
27550  -27.513  -43.355  -32.482 0.6999999881
139943  -26.734  -43.033  -31.745 0.6999999881
29267  -27.175  -41.913  -32.732 0.6999999881
27540  -27.068  -43.476  -32.029 0.6999999881
147826  -26.496  -41.889  -32.228 0.6999999881
145656  -29.512  -41.818  -33.507 0.6000000238
26660  -31.139  -44.343  -28.267 0.6999999881
27509  -30.395  -43.694  -29.159 0.6999999881
26671  -27.779  -44.864  -30.873 0.6999999881
26672  -28.343  -44.758  -30.355 0.6999999881
23946  -26.737  -47.018  -23.187 0.6000000238
23055  -25.356  -48.334  -24.376 0.4000000060
144540  -27.155  -43.848  -31.492 0.6999999881
28408  -27.795  -42.620  -32.862 0.6999999881
29268  -28.320  -41.846  -33.225 0.6999999881
148690  -27.644  -41.143  -33.136 0.6999999881
147176  -30.068  -41.126  -33.657 0.6000000238
26646  -32.062  -44.081  -27.342 0.6999999881
26645  -31.529  -44.549  -27.728 0.6999999881
26674  -29.832  -44.301  -29.374 0.6999999881
27494  -30.948  -43.877  -28.595 0.6999999881
27495  -31.559  -43.759  -28.073 0.6999999881
25740  -28.061  -45.336  -22.455 0.6000000238
27517  -28.117  -43.198  -30.573 0.6999999881
27508  -29.501  -43.570  -29.727 0.6999999881
28371  -30.223  -42.752  -29.563 0.6999999881
28358  -31.132  -43.089  -28.806 0.6999999881
24886  -25.573  -46.653  -24.049 0.5000000000
23960  -25.423  -47.568  -24.239 0.5000000000
28387  -26.346  -42.148  -31.890 0.6999999881
27516  -27.085  -43.192  -31.199 0.6999999881
29234  -30.509  -41.728  -29.743 0.6999999881
23972  -24.822  -47.933  -24.750 0.4000000060
149422  -26.708  -41.233  -32.527 0.6999999881
28379  -27.292  -42.482  -30.881 0.6999999881
28370  -29.101  -42.759  -30.147 0.6999999881
23062  -24.329  -48.385  -25.320 0.4000000060
29250  -26.397  -41.458  -31.597 0.6999999881
29233  -29.708  -42.112  -30.038 0.6999999881
29258  -26.281  -41.347  -32.021 0.6999999881
147502  -28.009  -40.331  -30.878 0.6999999881
30184  -28.619  -41.028  -30.619 0.6999999881
30211  -28.927  -40.218  -33.593 0.6999999881
30183  -27.197  -41.030  -31.057 0.6999999881
31116  -30.208  -39.643  -33.640 0.6000000238
152701  -28.488  -39.783  -33.545 0.6999999881
31114  -27.603  -39.696  -33.296 0.6999999881
32905  -30.526  -37.235  -33.624 0.5000000000
32034  -30.515  -38.217  -33.615 0.5000000000
160301  -32.512  -38.220  -32.925 0.4000000060
32907  -31.894  -37.820  -33.257 0.5000000000
155918  -32.360  -42.143  -28.074 0.6999999881
26578  -27.621  -44.623  -22.754 0.6000000238
158195  -28.876  -43.379  -30.152 0.6999999881
24869  -26.264  -46.436  -23.526 0.5000000000
29235  -31.387  -41.593  -29.260 0.6999999881
30194  -26.181  -40.585  -31.865 0.6999999881
29240  -26.858  -41.852  -31.068 0.6999999881
30209  -27.075  -40.440  -32.923 0.6999999881
31095  -26.392  -39.706  -31.753 0.6999999881
150347  -29.085  -37.229  -33.650 0.6999999881
31115  -29.293  -39.617  -33.616 0.6999999881
32904  -29.792  -37.731  -33.677 0.6999999881
138949  -28.889  -38.084  -33.622 0.6999999881
157841  -29.819  -36.995  -33.712 0.6999999881
27428  -32.069  -43.209  -23.320 0.6999999881
27429  -32.534  -43.092  -23.870 0.6999999881
28305  -32.866  -42.616  -24.335 0.8000000119
28320  -33.310  -41.943  -25.539 0.8000000119
27416  -31.356  -43.386  -22.755 0.6000000238
28289  -31.598  -42.398  -22.916 0.6000000238
28290  -32.415  -42.325  -23.607 0.6000000238
28335  -33.217  -42.325  -25.925 0.8000000119
28274  -30.749  -42.734  -22.558 0.6000000238
147640  -29.910  -42.928  -22.445 0.6000000238
29200  -32.936  -42.008  -27.301 0.6999999881
26579  -28.434  -44.571  -22.443 0.6000000238
27414  -29.618  -43.697  -22.363 0.6000000238
26592  -26.746  -44.649  -23.312 0.6000000238
27426  -27.375  -43.807  -23.093 0.6000000238
29223  -32.064  -41.453  -28.647 0.6999999881
24868  -25.826  -45.791  -23.844 0.5000000000
25766  -26.101  -45.094  -23.708 0.6000000238
30175  -30.998  -40.939  -29.656 0.6999999881
30201  -26.389  -40.507  -32.279 0.6999999881
30182  -26.504  -40.593  -31.528 0.6999999881
30185  -29.724  -40.624  -30.385 0.6999999881
32903  -28.106  -37.563  -33.508 0.8000000119
140322  -27.944  -38.307  -33.458 0.6999999881
147490  -29.033  -40.123  -30.700 0.6999999881
33778  -28.269  -36.623  -33.532 0.8000000119
31113  -26.604  -39.598  -32.670 0.6999999881
31102  -26.093  -39.013  -32.032 0.6999999881
141652  -31.342  -37.114  -33.454 0.5000000000
32889  -32.723  -37.437  -32.829 0.5000000000
34657  -31.981  -35.661  -33.149 0.5000000000
155558  -33.336  -36.873  -32.596 0.4000000060
148812  -32.835  -41.945  -24.173 0.6999999881
29175  -33.026  -41.342  -24.435 0.8000000119
29176  -33.331  -41.335  -25.112 0.8999999762
29188  -33.388  -41.328  -25.770 0.8000000119
29201  -33.277  -41.777  -26.376 0.8000000119
29212  -33.188  -41.125  -27.155 0.8000000119
147345  -29.087  -43.063  -22.513 0.6000000238
27427  -28.166  -43.155  -22.874 0.6000000238
29211  -32.696  -41.300  -27.950 0.8000000119
25765  -25.534  -45.065  -24.180 0.6000000238
26591  -26.018  -44.371  -23.945 0.6000000238
27425  -26.600  -43.665  -23.714 0.6000000238
30165  -32.397  -40.605  -28.567 0.6999999881
25764  -25.143  -45.884  -24.386 0.5000000000
31071  -31.232  -39.598  -29.839 0.6999999881
31064  -32.023  -39.872  -29.236 0.6999999881
24899  -24.064  -46.615  -25.252 0.5000000000
25780  -24.409  -45.871  -24.978 0.5000000000
30174  -30.597  -40.262  -30.077 0.6999999881
160058  -29.898  -39.960  -30.469 0.6999999881
33777  -27.099  -36.495  -33.177 0.8000000119
32031  -27.268  -38.897  -33.183 0.8000000119
31112  -26.199  -39.112  -32.286 0.6999999881
31082  -26.353  -38.681  -31.771 0.6999999881
31084  -28.231  -39.424  -30.951 0.6999999881
32030  -26.445  -38.698  -32.665 0.6999999881
142892  -32.024  -37.026  -33.212 0.5000000000
29153  -31.296  -41.522  -22.809 0.6999999881
30099  -31.560  -40.800  -23.020 0.6999999881
29164  -32.000  -41.533  -23.230 0.6999999881
30114  -32.838  -40.667  -24.069 0.8000000119
30115  -33.249  -40.643  -24.756 0.8000000119
28273  -30.090  -42.089  -22.562 0.6999999881
30100  -32.261  -40.706  -23.478 0.8000000119
148871  -33.462  -39.848  -25.167 0.8000000119
28272  -29.417  -42.456  -22.601 0.6000000238
145545  -33.385  -40.268  -26.965 0.8000000119
28271  -28.745  -42.392  -22.830 0.6000000238
31057  -33.257  -39.484  -27.585 0.6999999881
27442  -25.930  -43.550  -24.363 0.6000000238
32000  -32.489  -39.029  -28.956 0.8000000119
147457  -32.980  -39.043  -28.318 0.6999999881
25781  -24.853  -45.020  -24.735 0.6000000238
32860  -32.300  -38.201  -29.309 0.8000000119
24911  -23.112  -46.235  -26.379 0.4000000060
31085  -29.504  -39.359  -30.653 0.6999999881
31086  -30.430  -39.435  -30.304 0.6999999881
31999  -31.812  -38.941  -29.588 0.6999999881
23994  -22.649  -47.757  -27.252 0.4000000060
142973  -29.115  -38.572  -30.864 0.6999999881
31998  -31.016  -38.791  -30.090 0.6999999881
32902  -27.047  -37.989  -33.108 0.8000000119
32019  -26.123  -38.503  -32.240 0.8000000119
31083  -27.040  -39.084  -31.332 0.6999999881
141747  -28.869  -35.800  -33.633 0.8000000119
141746  -29.709  -35.726  -33.637 0.6999999881
33780  -30.144  -36.406  -33.652 0.5000000000
34658  -32.855  -35.569  -32.719 0.5000000000
33782  -31.643  -36.377  -33.332 0.5000000000
33765  -33.502  -36.189  -32.566 0.4000000060
30992  -30.934  -40.236  -22.845 0.6000000238
148936  -32.569  -39.927  -23.741 0.6999999881
149265  -33.101  -39.944  -24.374 0.8000000119
31022  -33.527  -39.058  -25.092 0.8000000119
29151  -29.823  -41.271  -22.762 0.6999999881
29162  -28.572  -41.639  -23.154 0.6999999881
31983  -33.597  -38.719  -26.898 0.8000000119
28288  -28.007  -42.237  -23.258 0.6000000238
31037  -33.649  -39.149  -25.906 0.8000000119
143258  -27.453  -41.971  -23.702 0.6000000238
31989  -33.313  -38.571  -27.840 0.8000000119
26602  -25.392  -44.249  -24.578 0.6000000238
27441  -25.308  -43.334  -25.049 0.6000000238
31988  -32.888  -38.333  -28.600 0.8000000119
138321  -30.767  -38.002  -30.287 0.8000000119
32859  -31.543  -38.130  -29.840 0.8000000119
145841  -24.198  -44.982  -25.419 0.5000000000
146285  -29.528  -36.999  -30.877 0.8000000119
32010  -30.144  -38.661  -30.504 0.6999999881
149713  -23.171  -45.550  -26.509 0.4000000060
34668  -26.689  -35.718  -33.014 0.8000000119
32901  -26.275  -37.956  -32.506 0.8000000119
32880  -26.099  -37.391  -32.062 0.8000000119
32007  -26.322  -37.799  -31.792 0.8000000119
32872  -28.819  -37.727  -31.032 0.6999999881
34669  -27.854  -35.689  -33.463 0.8000000119
32014  -26.100  -38.244  -32.059 0.8000000119
32009  -27.967  -38.424  -31.136 0.6999999881
32869  -26.254  -37.076  -31.799 0.8000000119
144920  -28.253  -34.908  -33.572 0.8000000119
33754  -26.051  -36.512  -31.982 0.8000000119
34672  -30.797  -34.920  -33.505 0.6000000238
34671  -30.029  -35.013  -33.635 0.6000000238
31021  -32.894  -39.217  -24.062 0.6999999881
29163  -29.101  -41.070  -23.066 0.6000000238
31951  -33.294  -38.542  -24.502 0.6999999881
31965  -33.670  -38.398  -25.362 0.6999999881
29161  -27.906  -41.440  -23.588 0.6000000238
30080  -29.611  -40.523  -23.003 0.6000000238
31005  -30.751  -39.228  -22.976 0.6000000238
30096  -27.759  -40.604  -23.978 0.6000000238
141098  -33.752  -37.829  -26.685 0.8000000119
139317  -25.859  -42.838  -24.698 0.6000000238
31976  -33.768  -38.344  -26.122 0.6999999881
32848  -33.296  -37.747  -28.084 0.8000000119
26632  -24.101  -44.135  -25.908 0.3000000119
158660  -32.365  -36.883  -29.296 0.8000000119
32847  -32.747  -37.385  -28.910 0.8000000119
32858  -30.629  -37.107  -30.452 0.8000000119
33738  -31.421  -36.929  -30.038 0.8000000119
33748  -29.008  -36.142  -31.085 0.8000000119
33763  -26.127  -37.214  -32.225 0.8000000119
32870  -26.841  -37.187  -31.506 0.8000000119
142575  -28.504  -36.958  -31.166 0.8000000119
32873  -29.861  -37.841  -30.688 0.6999999881
34630  -26.204  -35.553  -31.768 0.8000000119
34670  -29.165  -35.043  -33.650 0.6999999881
35616  -30.773  -34.099  -33.479 0.6000000238
143514  -33.823  -34.235  -32.488 0.3000000119
142868  -31.586  -38.989  -23.173 0.6000000238
31950  -32.684  -38.407  -23.742 0.6999999881
32810  -33.139  -37.673  -23.994 0.6999999881
149001  -24.437  -38.883  -27.133 0.5000000000
30098  -28.932  -40.286  -23.334 0.6000000238
146887  -29.409  -39.842  -23.228 0.6000000238
32820  -33.875  -37.580  -25.787 0.6999999881
28303  -26.160  -42.040  -24.754 0.5000000000
29174  -27.291  -41.303  -24.082 0.5000000000
31002  -28.286  -39.956  -23.807 0.6000000238
157660  -34.000  -36.895  -25.832 0.6999999881
28316  -24.533  -42.478  -26.239 0.3000000119
28302  -25.552  -42.436  -25.203 0.5000000000
33720  -33.646  -36.025  -27.753 0.8000000119
33729  -33.332  -36.786  -28.164 0.8000000119
33737  -31.139  -36.258  -30.271 0.8999999762
34624  -32.348  -35.748  -29.415 0.8999999762
33728  -32.728  -36.370  -28.995 0.8000000119
25795  -23.576  -44.903  -26.193 0.4000000060
34634  -29.745  -35.384  -30.886 0.8999999762
33749  -30.159  -36.218  -30.700 0.8999999762
139649  -31.957  -36.425  -29.649 0.8999999762
143874  -26.690  -34.238  -33.241 0.8000000119
143208  -26.357  -34.917  -32.771 0.8000000119
33746  -27.231  -36.385  -31.373 0.8000000119
32871  -27.775  -37.561  -31.265 0.8000000119
144853  -27.214  -34.953  -33.323 0.8000000119
144871  -28.755  -34.260  -33.659 0.6999999881
153442  -30.276  -34.405  -33.594 0.6000000238
37430  -32.028  -33.123  -32.847 0.6000000238
36575  -32.036  -33.969  -32.858 0.6000000238
31935  -31.074  -38.331  -23.031 0.6000000238
31936  -31.936  -38.336  -23.253 0.6000000238
32794  -32.350  -37.506  -23.349 0.6999999881
31004  -29.601  -39.002  -23.263 0.6000000238
31003  -28.851  -39.421  -23.560 0.6000000238
136066  -33.485  -36.921  -24.339 0.8000000119
30112  -26.560  -40.330  -25.145 0.6000000238
30113  -27.131  -40.459  -24.544 0.5000000000
31020  -28.271  -38.950  -24.169 0.6000000238
139961  -33.608  -37.678  -24.836 0.6999999881
33704  -34.096  -36.127  -25.822 0.8000000119
28334  -24.754  -41.650  -26.398 0.4000000060
32828  -33.916  -36.933  -26.542 0.6999999881
141193  -25.047  -42.708  -25.586 0.4000000060
135117  -33.737  -36.638  -27.365 0.8000000119
34623  -31.691  -35.437  -29.943 0.8000000119
141468  -33.229  -35.972  -28.415 0.8000000119
34633  -28.874  -35.334  -31.115 0.8999999762
34622  -30.731  -35.413  -30.515 0.8000000119
34612  -32.900  -35.370  -28.928 0.8000000119
34656  -25.975  -35.643  -32.029 0.8000000119
134799  -26.588  -35.089  -31.485 0.8000000119
33747  -28.077  -36.414  -31.255 0.6999999881
35614  -26.077  -34.165  -32.676 0.8000000119
140830  -27.339  -35.011  -31.326 0.8000000119
34631  -26.842  -35.695  -31.433 0.8000000119
35615  -27.730  -34.212  -33.527 0.8000000119
35604  -26.009  -34.718  -32.211 0.8000000119
36573  -30.124  -33.657  -33.612 0.6999999881
153017  -30.762  -33.446  -33.426 0.6999999881
152755  -31.372  -31.121  -33.369 0.6000000238
146805  -31.951  -31.498  -33.214 0.6000000238
38244  -32.632  -31.819  -32.961 0.6000000238
31933  -29.406  -37.890  -23.542 0.6000000238
153909  -32.353  -36.720  -23.203 0.8000000119
32795  -32.942  -36.873  -23.631 0.6999999881
31034  -25.916  -37.954  -26.446 0.5000000000
33694  -33.790  -36.163  -24.725 0.8000000119
142788  -33.841  -36.899  -25.211 0.6999999881
31035  -26.438  -39.129  -25.766 0.5000000000
31019  -27.605  -39.535  -24.508 0.5000000000
34585  -34.053  -35.371  -25.042 0.8000000119
149249  -25.710  -39.180  -26.321 0.5000000000
34586  -34.189  -35.352  -26.546 0.8000000119
33712  -34.010  -36.085  -26.924 0.8000000119
34602  -33.489  -35.298  -28.164 0.8000000119
34594  -33.921  -35.344  -27.386 0.8000000119
148201  -32.347  -35.118  -29.482 0.8000000119
35585  -30.263  -34.606  -30.709 0.8000000119
35598  -25.987  -34.760  -31.985 0.8000000119
158447  -28.593  -34.341  -31.161 0.8000000119
36570  -27.132  -33.399  -33.481 0.8000000119
36568  -25.838  -33.519  -32.701 0.8000000119
36572  -29.231  -33.586  -33.666 0.6999999881
36571  -28.280  -33.533  -33.628 0.6999999881
153746  -31.050  -31.981  -33.308 0.6999999881
37426  -28.761  -32.858  -33.627 0.6999999881
37427  -29.645  -32.847  -33.603 0.6999999881
141737  -30.058  -31.998  -33.496 0.6999999881
146802  -30.570  -31.133  -33.483 0.6999999881
33669  -31.275  -36.134  -22.659 0.8000000119
32792  -30.543  -37.519  -23.012 0.6000000238
33681  -30.891  -36.812  -22.833 0.6000000238
33670  -32.036  -36.162  -22.854 0.8000000119
32789  -26.262  -36.502  -23.738 0.6000000238
32807  -26.489  -36.079  -25.166 0.5000000000
32791  -29.829  -37.412  -23.257 0.6000000238
33683  -32.695  -36.152  -23.320 0.8000000119
30990  -25.520  -38.642  -22.535 0.6000000238
31931  -25.871  -37.837  -23.129 0.6000000238
33677  -26.948  -35.672  -23.801 0.6000000238
33703  -27.052  -35.974  -25.198 0.5000000000
31949  -28.244  -37.697  -24.565 0.5000000000
33653  -23.985  -36.749  -21.551 0.5000000000
31906  -25.442  -38.179  -21.791 0.5000000000
32770  -26.189  -37.094  -22.026 0.6000000238
31964  -26.871  -37.224  -25.838 0.5000000000
32808  -27.693  -36.547  -25.012 0.5000000000
34575  -33.608  -35.424  -24.209 0.8000000119
35528  -34.260  -34.589  -25.336 0.8000000119
33654  -25.099  -36.807  -21.463 0.5000000000
145985  -27.771  -38.473  -24.790 0.5000000000
33664  -22.939  -36.632  -21.935 0.4000000060
31036  -27.136  -38.503  -25.376 0.5000000000
35539  -34.356  -34.518  -26.277 0.6999999881
36517  -33.058  -33.731  -28.947 0.8000000119
35548  -33.832  -34.496  -27.779 0.8000000119
35549  -34.277  -34.041  -27.075 0.6999999881
36545  -29.816  -33.917  -30.808 0.8000000119
35567  -31.187  -34.571  -30.330 0.8000000119
148889  -33.546  -33.873  -28.326 0.8000000119
35569  -32.690  -34.498  -29.249 0.8000000119
36529  -32.341  -33.677  -29.554 0.8000000119
139875  -26.151  -32.886  -33.197 0.8999999762
35603  -25.731  -34.022  -32.094 0.8999999762
143943  -27.005  -33.727  -31.311 0.8000000119
35584  -29.242  -34.591  -31.009 0.8000000119
139594  -26.381  -34.046  -31.490 1.0000000000
36543  -27.935  -33.276  -31.246 0.8000000119
150388  -27.915  -32.867  -33.622 0.8000000119
149496  -28.202  -32.182  -33.615 0.6999999881
33668  -30.438  -35.980  -22.679 0.8000000119
34559  -31.669  -35.455  -22.565 0.8000000119
34560  -32.403  -35.469  -22.952 0.8000000119
32782  -26.589  -36.455  -22.703 0.6000000238
33667  -29.589  -35.691  -22.887 0.6000000238
33680  -29.938  -36.603  -23.044 0.6000000238
35512  -32.812  -34.748  -23.081 0.8000000119
32769  -25.680  -37.466  -21.681 0.5000000000
33666  -27.618  -35.483  -23.322 0.6000000238
141037  -29.173  -36.007  -23.338 0.6000000238
34570  -33.067  -35.457  -23.498 0.8000000119
35513  -33.411  -34.712  -23.713 0.8000000119
35527  -33.905  -34.641  -24.487 0.6999999881
33655  -25.991  -36.717  -21.644 0.5000000000
34568  -28.020  -35.547  -23.691 0.6000000238
32790  -29.146  -36.756  -23.647 0.6000000238
34554  -23.280  -35.851  -21.920 0.4000000060
35488  -24.653  -35.094  -21.519 0.4000000060
34544  -25.485  -35.941  -21.459 0.4000000060
34545  -26.167  -35.441  -21.542 0.4000000060
156660  -25.465  -35.131  -21.452 0.4000000060
34547  -27.520  -34.984  -21.960 0.4000000060
150705  -34.447  -33.732  -26.430 0.6999999881
36435  -25.583  -33.788  -21.450 0.4000000060
36436  -26.497  -34.058  -21.414 0.5000000000
36506  -33.949  -33.545  -27.748 0.6999999881
35502  -24.157  -34.206  -21.795 0.3000000119
147300  -26.186  -33.157  -21.339 0.5000000000
36437  -27.183  -33.426  -21.286 0.5000000000
36527  -30.660  -33.762  -30.533 0.8000000119
36528  -31.548  -33.704  -30.112 0.8000000119
37371  -32.694  -32.750  -29.204 0.8000000119
152334  -33.614  -32.398  -28.184 0.8000000119
140348  -33.463  -33.006  -28.429 0.8000000119
37423  -25.645  -32.853  -32.672 0.8000000119
36541  -25.851  -33.064  -31.686 1.0000000000
37399  -27.096  -32.911  -31.304 0.8000000119
37400  -27.923  -32.428  -31.225 0.8000000119
36544  -28.903  -33.705  -31.084 0.8000000119
37401  -29.918  -32.938  -30.741 0.8000000119
37384  -31.034  -32.854  -30.317 0.8000000119
37407  -25.577  -32.598  -31.942 1.0000000000
140410  -29.478  -31.888  -30.827 0.8000000119
38219  -26.273  -31.756  -31.505 0.8000000119
145097  -28.816  -32.673  -31.103 0.8000000119
37425  -27.133  -32.324  -33.532 0.8999999762
146804  -28.486  -31.351  -33.620 0.6999999881
141738  -29.126  -32.059  -33.572 0.6999999881
146803  -29.505  -31.036  -33.594 0.6999999881
39093  -30.293  -30.227  -33.712 0.6999999881
39094  -31.215  -30.385  -33.555 0.6999999881
151369  -32.672  -31.133  -33.107 0.6000000238
40026  -31.033  -29.547  -33.876 0.6999999881
40041  -30.157  -29.359  -34.061 0.6999999881
40028  -32.756  -29.874  -33.468 0.6000000238
40027  -31.948  -29.720  -33.700 0.6000000238
34558  -30.855  -35.347  -22.418 0.8000000119
35506  -32.123  -34.753  -22.552 0.8000000119
33665  -27.129  -35.804  -22.652 0.5000000000
34556  -29.158  -35.060  -22.629 0.8000000119
139042  -30.418  -34.487  -22.103 0.8000000119
33656  -26.538  -36.328  -22.030 0.5000000000
34555  -27.547  -35.361  -22.470 0.6000000238
144962  -28.257  -35.150  -22.656 0.5000000000
34557  -30.003  -35.169  -22.477 0.8000000119
143787  -33.229  -34.122  -23.226 0.6999999881
35490  -25.924  -34.645  -21.441 0.4000000060
35492  -27.355  -34.308  -21.579 0.5000000000
35504  -29.482  -34.556  -22.137 0.6999999881
36463  -32.646  -33.943  -22.590 0.6999999881
36472  -33.761  -33.834  -23.883 0.6999999881
36473  -34.209  -33.118  -24.337 0.6999999881
35489  -25.055  -34.405  -21.496 0.3000000119
35519  -34.238  -33.877  -24.798 0.6999999881
36482  -34.462  -33.127  -25.189 0.6999999881
37339  -34.585  -32.374  -25.586 0.6999999881
37293  -26.818  -32.499  -21.172 0.5000000000
37362  -34.287  -32.185  -27.210 0.6999999881
144323  -25.252  -32.894  -21.561 0.4000000060
37292  -25.871  -32.234  -21.383 0.4000000060
37385  -32.069  -32.089  -29.561 0.8000000119
37361  -33.941  -32.690  -27.752 0.6999999881
140256  -31.878  -32.858  -29.821 0.8000000119
149326  -31.419  -32.086  -29.936 0.8000000119
39060  -31.623  -30.544  -29.394 0.6999999881
146267  -27.198  -32.003  -31.304 0.8000000119
38208  -30.526  -31.831  -30.348 0.8000000119
152244  -25.850  -31.819  -33.149 0.8999999762
37424  -26.162  -31.966  -33.290 0.8999999762
147586  -25.479  -31.302  -32.343 0.8999999762
153094  -25.580  -31.323  -31.902 0.8000000119
139116  -25.849  -31.078  -31.729 0.8000000119
39072  -27.572  -30.488  -31.243 0.8000000119
38243  -26.810  -31.345  -33.492 0.8999999762
38242  -25.977  -31.133  -33.222 0.8000000119
159970  -27.668  -31.578  -33.596 0.8999999762
40024  -28.249  -29.859  -33.934 0.8000000119
38245  -33.498  -31.320  -32.883 0.4000000060
39092  -28.658  -30.559  -33.724 0.8000000119
40025  -29.309  -29.918  -33.890 0.6999999881
41876  -33.175  -27.847  -34.757 0.5000000000
153727  -31.078  -34.068  -21.952 0.6999999881
35505  -31.318  -34.713  -22.262 0.8000000119
36440  -29.847  -33.196  -21.353 0.6999999881
36453  -32.201  -33.344  -22.019 0.6999999881
37295  -29.110  -32.758  -21.075 0.6000000238
36452  -31.364  -33.343  -21.692 0.6999999881
36464  -33.339  -33.293  -23.035 0.6999999881
36465  -33.884  -33.018  -23.648 0.6999999881
37324  -34.210  -32.382  -23.884 0.6999999881
37331  -34.466  -32.390  -24.710 0.6999999881
137741  -27.631  -31.930  -20.937 0.5000000000
152545  -26.539  -31.455  -21.180 0.4000000060
37349  -34.528  -32.333  -26.439 0.6999999881
137970  -25.839  -30.723  -21.447 0.3000000119
145197  -28.276  -31.205  -20.695 0.5000000000
157479  -31.692  -31.679  -29.667 0.6999999881
37372  -33.198  -32.029  -28.617 0.6999999881
38166  -34.494  -31.563  -26.738 0.6999999881
38118  -27.422  -30.914  -20.856 0.4000000060
148769  -32.562  -31.877  -29.161 0.6999999881
140393  -33.812  -31.849  -27.893 0.6999999881
38192  -32.699  -31.227  -28.881 0.6999999881
38209  -31.247  -31.237  -29.790 0.6999999881
38220  -26.971  -31.185  -31.360 0.8000000119
38221  -27.978  -31.272  -31.179 0.8000000119
38222  -28.978  -31.127  -30.836 0.8000000119
38223  -29.850  -31.039  -30.454 0.8000000119
39073  -28.536  -30.462  -30.948 0.8000000119
39085  -25.554  -30.473  -32.600 0.8000000119
39090  -26.483  -30.403  -33.501 0.8000000119
39089  -25.723  -30.167  -33.137 0.8000000119
38241  -25.632  -31.151  -32.791 0.8999999762
40023  -27.144  -29.701  -33.867 0.8999999762
40039  -27.849  -29.016  -34.380 0.8000000119
40966  -28.967  -28.562  -34.632 0.8000000119
40042  -31.771  -28.905  -34.082 0.6999999881
151155  -32.798  -29.066  -33.854 0.6000000238
158325  -29.449  -29.153  -34.255 0.6999999881
154826  -29.438  -26.927  -35.832 0.6999999881
143242  -31.793  -34.041  -22.157 0.6999999881
38120  -29.896  -31.606  -20.742 0.6000000238
37297  -30.693  -31.952  -20.997 0.6000000238
37298  -31.356  -32.481  -21.360 0.6999999881
37310  -32.506  -32.642  -21.962 0.6999999881
36454  -32.778  -33.149  -22.407 0.6999999881
37294  -28.232  -32.682  -21.061 0.5000000000
36439  -29.210  -33.462  -21.441 0.6000000238
38134  -32.777  -31.848  -21.917 0.6999999881
37311  -33.143  -32.495  -22.482 0.6999999881
37323  -33.716  -32.401  -23.170 0.6999999881
38119  -29.339  -32.040  -20.823 0.6000000238
150653  -25.622  -31.461  -21.493 0.3000000119
141814  -28.620  -32.003  -20.832 0.5000000000
158098  -31.002  -31.437  -20.973 0.6000000238
154531  -28.067  -30.469  -20.705 0.4000000060
38971  -28.820  -30.555  -20.616 0.5000000000
38972  -29.682  -30.758  -20.633 0.6000000238
142568  -34.649  -31.636  -25.093 0.6999999881
39030  -34.431  -30.851  -27.105 0.6999999881
38158  -34.668  -31.614  -25.960 0.6999999881
38177  -33.967  -30.973  -27.754 0.6999999881
39902  -27.608  -29.113  -21.073 0.3000000119
39046  -32.820  -30.365  -28.706 0.6999999881
39074  -29.368  -30.387  -30.547 0.8000000119
39075  -30.135  -30.226  -30.106 0.8000000119
39059  -30.903  -30.376  -29.737 0.6999999881
39984  -31.360  -29.681  -29.491 0.6999999881
39970  -32.600  -29.641  -28.884 0.6999999881
39998  -27.191  -29.776  -31.402 0.8000000119
140484  -29.626  -29.811  -30.372 0.8000000119
40017  -25.528  -29.601  -32.898 0.8000000119
39996  -25.836  -30.209  -31.919 0.8000000119
39997  -26.393  -29.761  -31.720 0.8000000119
39999  -28.155  -29.809  -31.114 0.8000000119
40037  -25.966  -28.628  -34.016 0.8000000119
41853  -26.230  -27.457  -33.110 0.8000000119
41843  -26.962  -28.371  -32.139 0.8000000119
41855  -28.251  -27.637  -32.397 0.8000000119
140540  -27.666  -26.692  -33.388 0.8000000119
40969  -32.461  -28.311  -34.381 0.6000000238
40968  -31.561  -28.172  -34.557 0.6999999881
40979  -28.815  -27.763  -35.122 0.8000000119
40980  -29.815  -27.817  -34.984 0.6000000238
42767  -28.841  -26.427  -36.269 0.6999999881
42768  -29.974  -26.574  -36.202 0.6000000238
41873  -30.647  -27.517  -35.223 0.6000000238
146828  -31.428  -31.707  -21.199 0.6000000238
38121  -30.563  -31.044  -20.791 0.6000000238
38135  -33.535  -31.571  -22.557 0.6999999881
38122  -31.305  -31.016  -21.058 0.6000000238
148130  -34.045  -30.835  -22.937 0.6999999881
38146  -34.117  -31.626  -23.396 0.6999999881
38147  -34.474  -31.640  -24.216 0.6999999881
143497  -28.385  -29.683  -20.763 0.4000000060
141786  -29.376  -29.872  -20.678 0.4000000060
38973  -30.986  -30.405  -20.907 0.5000000000
148132  -33.568  -30.724  -22.370 0.6999999881
146089  -34.693  -30.879  -24.587 0.6999999881
141785  -30.280  -30.126  -20.751 0.5000000000
39905  -31.022  -29.531  -21.034 0.5000000000
153186  -34.914  -30.118  -24.974 0.6999999881
39010  -34.789  -30.876  -25.479 0.6999999881
151015  -28.330  -28.844  -20.991 0.3000000119
39903  -29.071  -28.990  -20.868 0.4000000060
39061  -32.239  -30.685  -29.074 0.6999999881
39017  -34.702  -30.844  -26.334 0.6999999881
40849  -27.904  -28.175  -21.315 0.3000000119
41740  -28.717  -27.524  -21.573 0.3000000119
39029  -34.256  -30.177  -27.601 0.6999999881
39971  -33.230  -29.605  -28.552 0.6999999881
39960  -34.547  -29.336  -27.480 0.6999999881
138981  -28.992  -29.804  -30.720 0.8000000119
40921  -31.575  -28.856  -29.674 0.6999999881
145062  -32.078  -30.012  -29.056 0.6999999881
40910  -34.345  -28.715  -28.109 0.6999999881
39985  -32.123  -29.266  -29.241 0.6999999881
40922  -33.310  -28.396  -29.155 0.6999999881
40007  -25.883  -29.347  -32.244 0.8000000119
40009  -27.796  -29.190  -31.361 0.8000000119
40001  -30.813  -29.126  -29.912 0.6999999881
148502  -32.436  -28.490  -29.546 0.6999999881
41820  -33.153  -27.883  -29.758 0.6999999881
156749  -25.521  -29.271  -32.731 0.8000000119
40008  -26.791  -29.069  -31.767 0.8000000119
40945  -28.383  -28.687  -31.443 0.8000000119
40932  -29.306  -28.699  -31.069 0.8000000119
40933  -30.233  -28.746  -30.545 0.8000000119
41831  -31.657  -27.955  -30.622 0.8000000119
41833  -33.174  -27.476  -30.523 0.6999999881
151613  -25.549  -28.811  -33.144 0.8000000119
41844  -27.890  -28.213  -31.979 0.8000000119
41857  -29.811  -27.747  -31.902 0.8000000119
41847  -31.440  -27.612  -31.362 0.8000000119
40021  -25.680  -29.094  -33.379 0.8000000119
41864  -25.624  -27.642  -33.831 0.8000000119
41854  -27.145  -27.681  -32.572 0.8000000119
41856  -29.214  -27.476  -32.402 0.8000000119
143967  -31.235  -27.246  -32.121 0.8000000119
40964  -26.290  -28.064  -34.507 0.8000000119
42729  -26.144  -26.858  -33.675 0.8000000119
42731  -28.510  -27.113  -32.972 0.8000000119
42732  -29.381  -26.988  -33.009 0.8000000119
42734  -31.135  -26.682  -32.859 0.8000000119
41883  -26.545  -27.105  -35.040 0.8000000119
42746  -28.700  -26.383  -33.590 0.8000000119
41872  -27.115  -27.814  -34.932 0.8000000119
41889  -32.443  -27.143  -35.610 0.5000000000
41874  -31.363  -27.582  -35.094 0.6000000238
42765  -26.930  -26.352  -35.547 0.8000000119
42766  -27.831  -26.829  -35.770 0.8000000119
144133  -31.867  -27.262  -35.523 0.6000000238
143532  -32.095  -26.844  -36.048 0.6000000238
43782  -30.690  -26.274  -36.643 0.6000000238
41888  -31.202  -27.073  -35.757 0.6000000238
38123  -32.124  -31.187  -21.442 0.6999999881
38983  -33.240  -30.148  -22.006 0.6999999881
38994  -33.859  -30.085  -22.564 0.6999999881
38995  -34.375  -30.078  -23.232 0.6999999881
39906  -31.952  -29.532  -21.416 0.5000000000
39915  -33.480  -29.364  -22.228 0.6999999881
40851  -29.584  -28.196  -21.244 0.4000000060
41742  -30.358  -27.619  -21.559 0.4000000060
40852  -30.625  -28.510  -21.235 0.5000000000
39003  -34.728  -30.095  -24.065 0.6999999881
145934  -34.941  -30.119  -25.866 0.6999999881
41761  -30.150  -26.784  -22.032 0.3000000119
41743  -31.236  -27.893  -21.562 0.5000000000
150914  -35.243  -28.684  -24.691 0.6999999881
155445  -35.039  -29.475  -26.170 0.6999999881
41739  -27.862  -27.386  -21.714 0.3000000119
40888  -34.957  -29.067  -26.747 0.6999999881
43628  -29.634  -26.136  -22.574 0.3000000119
40911  -34.885  -27.857  -28.228 0.6999999881
40935  -31.825  -28.318  -30.035 0.6999999881
40923  -34.094  -28.237  -28.784 0.6999999881
40934  -31.139  -28.497  -30.244 0.6999999881
41832  -32.418  -27.903  -30.240 0.6999999881
41834  -33.972  -27.392  -29.963 0.6999999881
41842  -26.391  -27.996  -32.614 0.8000000119
41845  -28.975  -28.075  -31.720 0.8000000119
40946  -30.828  -28.093  -30.916 0.6999999881
41848  -32.372  -27.464  -31.110 0.8000000119
40942  -25.933  -27.986  -32.936 0.8000000119
42717  -32.626  -26.900  -31.860 0.8000000119
41852  -25.745  -27.424  -33.625 0.8000000119
42733  -30.234  -27.236  -32.509 0.8000000119
42749  -32.103  -26.100  -33.175 0.8000000119
150351  -25.871  -26.864  -34.028 0.8000000119
42755  -26.047  -26.895  -34.475 0.8000000119
42730  -26.863  -27.034  -33.224 0.8000000119
43742  -30.484  -25.704  -33.939 0.8000000119
43743  -31.446  -25.569  -33.860 0.8000000119
42764  -26.365  -26.278  -35.000 0.8000000119
42756  -26.269  -26.452  -34.483 0.8000000119
140041  -27.509  -26.023  -33.939 0.8000000119
43740  -28.204  -25.512  -34.246 0.8000000119
155609  -28.187  -25.728  -36.518 0.8000000119
38974  -31.653  -30.322  -21.214 0.6000000238
39914  -32.750  -29.459  -21.756 0.6000000238
40850  -28.721  -28.335  -21.186 0.3000000119
39904  -30.002  -29.174  -20.872 0.5000000000
41744  -32.095  -28.169  -21.702 0.5000000000
40863  -33.752  -28.609  -22.483 0.6999999881
39923  -34.145  -29.332  -22.793 0.6999999881
39924  -34.679  -29.209  -23.548 0.6999999881
41763  -32.690  -27.656  -22.058 0.6000000238
40870  -34.330  -28.628  -22.984 0.6999999881
39934  -35.053  -28.735  -24.038 0.6999999881
42644  -29.173  -26.751  -22.091 0.3000000119
159328  -30.777  -26.620  -22.180 0.3000000119
40871  -34.731  -28.185  -23.535 0.6999999881
153923  -28.777  -26.121  -22.663 0.3000000119
43643  -31.708  -25.352  -23.203 0.3000000119
39935  -35.408  -27.882  -24.888 0.6999999881
39939  -35.350  -28.577  -25.350 0.6999999881
44683  -29.183  -24.165  -24.989 0.3000000119
152807  -29.807  -24.461  -24.407 0.3000000119
157141  -30.499  -24.546  -24.140 0.3000000119
44667  -31.892  -24.223  -24.287 0.3000000119
45649  -29.031  -23.680  -25.686 0.3000000119
41822  -34.484  -27.578  -29.145 0.6999999881
42718  -33.277  -27.020  -31.279 0.8000000119
42735  -32.675  -26.441  -32.480 0.8000000119
42744  -26.488  -26.170  -34.113 0.8000000119
43739  -26.818  -25.904  -34.190 0.8000000119
44760  -26.863  -24.800  -34.999 0.8000000119
44749  -27.176  -25.361  -34.485 0.8000000119
43755  -28.871  -24.974  -34.542 0.8000000119
43756  -29.914  -25.149  -34.450 0.8000000119
43757  -30.857  -25.118  -34.402 0.8000000119
42779  -26.677  -25.584  -35.496 0.8000000119
44762  -28.573  -24.227  -34.964 0.8000000119
42781  -27.664  -26.095  -36.146 0.8000000119
43779  -28.071  -25.040  -36.784 0.6999999881
43780  -28.973  -25.622  -36.829 0.6000000238
40862  -32.961  -28.572  -21.935 0.6000000238
41772  -34.063  -27.823  -22.802 0.6000000238
43631  -32.136  -25.993  -22.688 0.4000000060
142822  -33.904  -26.215  -23.305 0.6000000238
41781  -35.085  -27.354  -23.995 0.6999999881
40879  -35.169  -28.169  -24.194 0.6999999881
43646  -34.392  -25.756  -23.783 0.4000000060
41788  -35.553  -27.345  -25.601 0.6999999881
40889  -35.273  -28.301  -26.587 0.6999999881
157511  -32.234  -23.461  -25.143 0.3000000119
43660  -34.583  -25.178  -24.278 0.4000000060
42667  -35.409  -26.907  -24.795 0.6000000238
42687  -35.840  -26.549  -27.246 0.6999999881
40901  -35.437  -27.601  -27.181 0.6999999881
42696  -35.856  -26.371  -28.372 0.6999999881
42703  -34.845  -26.952  -29.686 0.6999999881
42711  -35.209  -26.324  -30.217 0.6999999881
41858  -31.940  -27.229  -31.788 0.8000000119
42736  -33.475  -26.398  -32.037 0.8000000119
42748  -31.075  -26.123  -33.456 0.8000000119
43745  -32.870  -25.564  -33.386 0.8000000119
43741  -29.401  -25.722  -34.050 0.8000000119
44764  -31.163  -24.505  -34.801 0.8000000119
159177  -26.866  -23.862  -35.997 0.8000000119
45736  -27.645  -23.821  -35.347 0.8000000119
44777  -29.493  -23.969  -35.194 0.8000000119
45737  -28.478  -23.612  -35.367 0.8000000119
43795  -30.655  -25.793  -37.136 0.6000000238
44790  -27.231  -24.504  -36.525 0.8000000119
43793  -28.902  -24.875  -37.293 0.6000000238
44797  -27.926  -24.226  -37.127 0.6999999881
150481  -28.673  -23.310  -37.957 0.6999999881
42646  -33.320  -27.204  -22.476 0.6000000238
41773  -34.503  -27.377  -23.351 0.6000000238
44653  -33.017  -24.986  -23.611 0.3000000119
45637  -32.632  -23.743  -24.741 0.3000000119
148465  -33.805  -24.869  -23.966 0.3000000119
43661  -34.955  -25.691  -24.353 0.5000000000
45639  -34.452  -24.522  -24.595 0.3000000119
42676  -35.872  -26.135  -26.288 0.6999999881
46632  -31.533  -22.784  -26.063 0.3000000119
45652  -32.662  -23.230  -25.364 0.3000000119
43674  -35.938  -25.301  -26.278 0.4000000060
46669  -31.027  -21.985  -27.378 0.3000000119
42697  -36.237  -25.637  -28.378 0.6000000238
43704  -35.815  -25.773  -29.885 0.6000000238
43712  -34.851  -26.158  -31.032 0.8000000119
43714  -36.065  -25.165  -30.348 0.6000000238
42719  -34.079  -26.596  -31.257 0.8000000119
43720  -35.180  -25.380  -31.522 0.6999999881
158483  -35.786  -25.109  -30.997 0.6999999881
43728  -33.132  -25.945  -32.827 0.8000000119
43729  -33.945  -25.670  -32.503 0.8000000119
44738  -34.377  -24.988  -32.854 0.6999999881
44739  -35.209  -24.694  -32.314 0.6999999881
44733  -35.801  -24.673  -31.541 0.6999999881
43744  -32.317  -25.333  -33.815 0.8000000119
43746  -33.584  -25.308  -33.193 0.8000000119
44752  -34.865  -24.305  -33.178 0.6999999881
44765  -32.538  -24.729  -34.281 0.8000000119
44766  -33.245  -24.334  -34.339 0.8000000119
45724  -34.603  -23.888  -33.895 0.6999999881
45725  -35.297  -23.640  -33.489 0.6999999881
44775  -26.656  -25.133  -35.072 0.8000000119
45735  -27.065  -24.186  -35.327 0.8000000119
44763  -30.258  -24.568  -34.803 0.8000000119
155644  -32.663  -24.336  -34.582 0.8000000119
45756  -27.846  -23.061  -35.851 0.8000000119
147981  -29.994  -23.488  -35.524 0.8000000119
44779  -31.405  -23.932  -35.221 0.8000000119
44788  -26.695  -24.932  -35.569 0.8000000119
45755  -27.099  -23.643  -35.850 0.8000000119
45757  -29.062  -23.179  -35.650 0.8000000119
46748  -30.556  -22.336  -36.408 0.8000000119
44789  -26.853  -24.190  -36.128 0.8000000119
45772  -27.226  -23.507  -36.402 0.8000000119
45784  -27.525  -23.051  -37.051 0.6999999881
43794  -29.848  -25.412  -37.228 0.6000000238
44809  -30.606  -24.055  -38.200 0.6000000238
44796  -27.309  -23.724  -36.775 0.8000000119
45785  -27.960  -23.299  -37.445 0.6999999881
45793  -28.363  -22.642  -38.055 0.6999999881
43667  -35.645  -25.637  -25.529 0.5000000000
42671  -35.632  -26.502  -25.539 0.5000000000
44684  -35.019  -24.308  -25.209 0.4000000060
42677  -36.066  -25.751  -26.897 0.6000000238
46650  -33.930  -22.398  -26.304 0.3000000119
149799  -36.277  -24.976  -27.094 0.5000000000
42688  -36.179  -25.744  -27.653 0.6000000238
47595  -33.603  -21.771  -26.922 0.3000000119
46651  -34.886  -22.588  -26.491 0.3000000119
44701  -36.462  -24.318  -27.708 0.6000000238
43686  -36.428  -25.060  -28.001 0.6000000238
47610  -31.545  -21.535  -27.783 0.3000000119
156957  -33.025  -21.438  -27.378 0.3000000119
46670  -35.546  -22.401  -27.132 0.3000000119
153192  -32.329  -21.471  -27.568 0.3000000119
43705  -36.294  -25.181  -29.575 0.6000000238
47629  -31.281  -21.141  -28.403 0.3000000119
44726  -36.237  -24.586  -30.836 0.6999999881
44740  -35.919  -24.190  -32.088 0.6999999881
45760  -32.491  -23.354  -35.497 0.8000000119
45739  -33.560  -23.674  -34.768 0.6999999881
45740  -34.402  -23.356  -34.598 0.6999999881
149174  -33.153  -23.378  -35.259 0.6999999881
46733  -31.092  -22.859  -36.060 0.8000000119
46734  -32.085  -22.763  -36.097 0.6999999881
46731  -28.679  -22.403  -36.308 0.6999999881
46732  -29.988  -22.800  -35.984 0.8000000119
46749  -31.358  -22.275  -36.505 0.6000000238
151290  -32.010  -23.691  -38.576 0.6000000238
46745  -27.554  -22.867  -36.825 0.6999999881
46765  -28.080  -21.932  -37.781 0.6999999881
46746  -27.875  -22.267  -37.175 0.6999999881
45794  -29.168  -22.927  -38.381 0.6999999881
45795  -30.160  -23.255  -38.528 0.6999999881
45792  -27.934  -22.546  -37.604 0.6999999881
50988  -30.087  -18.460  -40.514 0.5000000000
50989  -30.649  -18.323  -40.963 0.5000000000
44711  -36.584  -24.465  -28.471 0.6000000238
44717  -36.588  -24.527  -29.244 0.6000000238
140904  -36.767  -23.972  -28.889 0.6000000238
145884  -36.670  -23.908  -30.597 0.6000000238
146100  -36.368  -24.018  -31.437 0.6999999881
45719  -36.382  -23.459  -32.257 0.6999999881
45718  -35.625  -23.938  -32.754 0.6999999881
49767  -29.366  -19.894  -30.358 0.3000000119
150818  -35.048  -23.384  -34.105 0.6999999881
45741  -35.626  -23.020  -33.846 0.6999999881
151935  -33.836  -22.510  -35.682 0.6999999881
46736  -34.549  -22.533  -35.243 0.6000000238
46735  -33.092  -22.794  -35.780 0.6999999881
46730  -27.803  -22.581  -36.590 0.6999999881
47680  -28.194  -21.922  -36.966 0.6999999881
46747  -29.669  -22.027  -36.568 0.6999999881
47690  -30.589  -21.661  -36.926 0.6000000238
47688  -28.682  -21.397  -37.427 0.6999999881
45796  -31.179  -23.489  -38.579 0.5000000000
47723  -28.652  -21.273  -38.724 0.6999999881
47733  -28.750  -20.607  -39.156 0.6999999881
47734  -29.058  -21.167  -39.221 0.6999999881
155271  -29.699  -20.308  -40.077 0.6000000238
45701  -36.853  -23.271  -28.875 0.5000000000
46691  -36.843  -22.359  -28.864 0.4000000060
143506  -36.841  -23.800  -29.668 0.6000000238
45702  -37.071  -22.912  -29.630 0.5000000000
45710  -37.026  -23.281  -30.328 0.6000000238
46711  -36.933  -22.610  -32.170 0.6000000238
49768  -30.337  -19.912  -30.111 0.3000000119
45726  -35.977  -23.256  -33.122 0.6999999881
46719  -35.911  -22.382  -34.275 0.6000000238
46715  -36.286  -22.587  -33.509 0.6000000238
46718  -35.180  -22.824  -34.534 0.6000000238
47692  -32.374  -21.795  -36.754 0.6000000238
46752  -34.212  -21.995  -35.934 0.6000000238
155344  -28.825  -21.747  -36.845 0.6999999881
47691  -31.663  -21.709  -36.897 0.6000000238
46750  -32.713  -22.222  -36.368 0.6000000238
48748  -30.106  -20.849  -37.583 0.6999999881
48771  -30.707  -20.185  -37.986 0.6000000238
48783  -28.670  -20.624  -38.776 0.6999999881
47735  -29.756  -21.076  -39.718 0.6999999881
46775  -30.704  -22.653  -38.996 0.6000000238
46784  -32.024  -22.181  -39.405 0.5000000000
144425  -30.843  -21.808  -39.551 0.6000000238
159138  -31.367  -22.429  -39.246 0.6000000238
47755  -32.356  -20.816  -40.190 0.5000000000
48790  -28.693  -19.998  -39.313 0.6000000238
47736  -30.581  -20.835  -40.056 0.5000000000
48791  -29.023  -20.267  -39.685 0.5000000000
145682  -31.116  -19.773  -40.664 0.5000000000
47754  -31.341  -20.481  -40.348 0.5000000000
49880  -31.119  -18.685  -41.107 0.5000000000
50997  -31.291  -18.066  -41.412 0.5000000000
47642  -36.950  -21.437  -29.289 0.4000000060
46692  -37.143  -22.189  -29.637 0.4000000060
47657  -37.278  -21.016  -30.168 0.4000000060
49734  -34.239  -19.877  -28.849 0.4000000060
46709  -37.279  -22.223  -31.417 0.6000000238
49785  -30.087  -19.300  -30.745 0.3000000119
50892  -31.424  -18.711  -30.949 0.3000000119
49770  -32.480  -19.070  -30.219 0.3000000119
47662  -36.916  -22.077  -33.009 0.6000000238
51988  -30.733  -17.857  -31.788 0.3000000119
47669  -36.122  -21.659  -34.683 0.6000000238
47695  -35.205  -21.171  -35.918 0.5000000000
46737  -35.398  -22.103  -34.961 0.6000000238
48772  -33.024  -20.831  -37.315 0.6000000238
48750  -33.795  -21.047  -36.821 0.6000000238
47712  -32.264  -21.265  -37.202 0.6000000238
47694  -34.520  -21.274  -36.294 0.6000000238
48749  -31.238  -21.029  -37.419 0.6000000238
143082  -32.974  -20.181  -37.724 0.6000000238
48747  -29.156  -20.772  -37.800 0.6999999881
49832  -31.309  -19.538  -38.362 0.6000000238
49845  -28.861  -19.432  -39.147 0.6999999881
49866  -29.334  -18.946  -40.084 0.5000000000
147678  -29.758  -19.061  -40.432 0.5000000000
50996  -30.683  -17.845  -41.015 0.5000000000
48692  -36.063  -20.128  -28.980 0.4000000060
47643  -37.283  -21.753  -30.054 0.4000000060
48693  -36.762  -20.402  -29.532 0.4000000060
47658  -37.393  -21.630  -30.798 0.5000000000
50880  -36.146  -19.174  -29.889 0.4000000060
47661  -37.422  -21.472  -31.545 0.4000000060
46712  -37.296  -21.800  -32.198 0.4000000060
50911  -31.099  -18.276  -31.423 0.3000000119
147241  -31.813  -17.479  -31.788 0.3000000119
142507  -32.863  -18.593  -30.519 0.4000000060
47666  -37.089  -21.296  -33.515 0.4000000060
51990  -32.546  -17.460  -31.608 0.3000000119
51975  -33.948  -17.769  -30.910 0.4000000060
47683  -36.280  -20.933  -35.111 0.5000000000
46720  -36.573  -21.889  -33.919 0.6000000238
47682  -35.625  -21.406  -35.356 0.5000000000
48752  -35.141  -20.566  -36.396 0.5000000000
48773  -33.814  -20.287  -37.315 0.6000000238
49819  -35.475  -19.775  -36.648 0.5000000000
47711  -32.013  -20.392  -37.752 0.6000000238
49833  -32.451  -19.622  -38.180 0.6000000238
49831  -30.050  -19.311  -38.662 0.6000000238
49848  -31.833  -18.908  -38.706 0.6000000238
49846  -29.337  -19.001  -39.255 0.5000000000
49858  -29.083  -19.139  -39.589 0.5000000000
50982  -29.759  -18.564  -39.931 0.5000000000
52068  -30.514  -17.973  -40.503 0.5000000000
52081  -31.294  -17.328  -41.448 0.5000000000
52082  -31.877  -17.486  -41.852 0.5000000000
139878  -36.309  -19.752  -29.524 0.4000000060
48713  -37.446  -20.755  -31.132 0.4000000060
48694  -37.183  -20.205  -30.416 0.4000000060
148434  -37.503  -20.080  -31.775 0.4000000060
143023  -37.486  -20.892  -32.156 0.4000000060
49773  -37.062  -19.521  -30.706 0.4000000060
144780  -37.542  -20.053  -32.583 0.4000000060
48719  -37.421  -20.680  -33.059 0.4000000060
48723  -36.906  -20.275  -34.775 0.4000000060
48721  -37.234  -20.534  -33.887 0.5000000000
152105  -30.922  -16.584  -32.555 0.3000000119
49820  -36.273  -19.523  -36.123 0.4000000060
49818  -34.703  -20.030  -37.010 0.5000000000
50947  -35.807  -18.972  -36.833 0.4000000060
49834  -33.421  -19.641  -37.904 0.6000000238
49835  -34.250  -19.555  -37.565 0.5000000000
50971  -33.929  -18.533  -38.394 0.5000000000
50958  -34.545  -18.882  -37.827 0.5000000000
50968  -30.158  -18.612  -39.382 0.5000000000
50969  -31.141  -18.322  -39.313 0.6000000238
50970  -32.260  -18.244  -39.069 0.6000000238
49849  -33.027  -18.938  -38.490 0.6000000238
52069  -31.057  -17.440  -40.475 0.5000000000
52077  -31.064  -17.376  -40.995 0.5000000000
52086  -32.374  -17.020  -42.352 0.5000000000
52055  -30.544  -17.945  -39.916 0.5000000000
56348  -29.522  -13.752  -34.518 0.3000000119
56350  -31.264  -13.630  -34.360 0.4000000060
57493  -31.912  -12.915  -34.595 0.4000000060
52056  -32.820  -17.622  -39.359 0.5000000000
58593  -29.716  -12.332  -35.655 0.4000000060
52070  -32.367  -16.975  -39.978 0.5000000000
53164  -35.357  -16.542  -38.642 0.5000000000
53163  -34.472  -16.826  -39.115 0.5000000000
142762  -31.603  -17.008  -40.393 0.5000000000
53176  -32.024  -16.476  -40.646 0.6000000238
156974  -32.823  -15.927  -42.825 0.5000000000
53193  -31.906  -16.118  -42.020 0.6000000238
54259  -32.268  -15.608  -42.022 0.5000000000
54269  -32.524  -15.616  -42.528 0.6000000238
53210  -33.087  -15.370  -43.068 0.4000000060
57509  -31.408  -12.317  -35.201 0.4000000060
153616  -33.345  -13.629  -33.735 0.4000000060
52071  -33.446  -16.975  -39.573 0.5000000000
53188  -33.303  -15.886  -40.501 0.5000000000
53187  -32.534  -15.921  -40.897 0.5000000000
55333  -33.911  -14.928  -41.039 0.5000000000
54248  -33.937  -15.527  -40.453 0.5000000000
53186  -31.912  -16.159  -41.440 0.5000000000
54246  -32.432  -15.633  -41.527 0.5000000000
55372  -33.440  -14.757  -43.286 0.4000000060
55357  -32.806  -15.185  -42.426 0.5000000000
55371  -32.963  -15.093  -42.858 0.5000000000
58584  -32.792  -11.710  -35.132 0.4000000060
58613  -30.559  -11.212  -36.280 0.4000000060
53178  -33.983  -16.233  -39.901 0.5000000000
54221  -35.619  -15.721  -38.878 0.4000000060
141602  -33.326  -14.926  -41.622 0.4000000060
55359  -33.692  -14.202  -42.575 0.4000000060
55358  -33.279  -14.675  -42.842 0.5000000000
55383  -34.527  -13.545  -43.991 0.3000000119
55322  -35.388  -14.443  -39.955 0.4000000060
55344  -33.779  -14.432  -41.742 0.4000000060
56464  -34.423  -13.503  -43.499 0.5000000000
57612  -34.765  -12.993  -43.816 0.4000000060
57604  -34.709  -13.149  -43.107 0.4000000060
56446  -34.264  -13.850  -42.013 0.4000000060
57626  -37.179  -12.337  -44.783 0.4000000060
56456  -34.187  -13.653  -42.884 0.4000000060
57613  -35.285  -12.518  -44.058 0.4000000060
57597  -36.093  -12.384  -41.628 0.4000000060
58693  -35.876  -12.066  -44.307 0.4000000060
58702  -36.583  -11.627  -44.618 0.4000000060
145080  -37.351  -11.704  -44.863 0.4000000060
57627  -38.076  -12.225  -44.791 0.4000000060
58679  -35.810  -12.151  -42.687 0.4000000060
57605  -35.226  -12.574  -43.353 0.3000000119
58685  -35.778  -11.905  -43.681 0.4000000060
58680  -36.386  -11.639  -42.096 0.4000000060
59780  -36.532  -10.724  -43.672 0.3000000119
58694  -36.250  -11.380  -44.095 0.4000000060
58703  -37.075  -11.141  -44.839 0.4000000060
59794  -38.398  -10.769  -45.481 0.4000000060
136728  -36.131  -11.559  -42.972 0.3000000119
59786  -36.847  -10.073  -43.970 0.4000000060
59793  -37.105  -10.430  -44.928 0.5000000000
59774  -36.556  -10.913  -42.716 0.4000000060
59781  -36.913  -10.115  -43.038 0.4000000060
26683  -27.717  -44.093  -30.876 0.6999999881
135685  -32.973  -42.715  -26.474 0.6999999881
25753  -26.501  -45.605  -23.367 0.6000000238
29165  -32.587  -41.424  -23.808 0.6999999881
30153  -32.983  -40.429  -27.798 0.8000000119
146661  -33.550  -40.074  -26.090 0.8000000119
30081  -30.332  -40.720  -22.802 0.6000000238
31006  -31.759  -39.863  -23.187 0.6000000238
31007  -32.279  -39.131  -23.502 0.6999999881
29198  -24.544  -40.906  -26.814 0.4000000060
34667  -26.156  -35.668  -32.332 0.8000000119
33682  -31.725  -36.841  -22.953 0.6000000238
31963  -26.145  -36.980  -26.218 0.5000000000
158400  -34.246  -35.203  -25.800 0.8000000119
35560  -33.281  -34.551  -28.594 0.8000000119
34543  -24.327  -35.907  -21.530 0.4000000060
34546  -26.897  -35.603  -21.902 0.5000000000
35493  -28.835  -34.032  -21.761 0.6000000238
138605  -30.536  -30.919  -30.082 0.6999999881
38982  -32.478  -30.274  -21.584 0.6999999881
42747  -30.085  -26.439  -33.369 0.8000000119
42710  -34.479  -26.768  -30.495 0.6999999881
43662  -35.381  -26.027  -24.821 0.6000000238
41823  -35.232  -27.093  -28.825 0.6999999881
42704  -35.551  -26.419  -29.366 0.6000000238
42657  -33.155  -26.252  -22.822 0.6000000238
44685  -35.578  -24.803  -25.635 0.5000000000
46681  -36.581  -22.860  -28.077 0.4000000060
47681  -34.922  -21.751  -35.621 0.6000000238
49751  -36.721  -19.669  -30.033 0.4000000060
52085  -31.731  -16.755  -41.976 0.5000000000
154988  -37.494  -19.474  -32.205 0.4000000060
148934  -28.705  -44.956  -32.662 0.5000000000
24946  -28.378  -46.481  -30.442 0.6999999881
145655  -30.493  -41.848  -33.610 0.5000000000
23934  -28.047  -46.970  -22.350 0.5000000000
147175  -29.726  -40.345  -33.643 0.6999999881
27482  -32.116  -43.414  -27.585 0.6999999881
28359  -31.675  -42.257  -28.720 0.6999999881
28380  -28.223  -42.424  -30.536 0.6999999881
29242  -28.872  -41.916  -30.395 0.6999999881
140197  -27.096  -40.047  -31.213 0.6999999881
29241  -27.779  -41.790  -30.711 0.6999999881
32033  -29.715  -38.744  -33.640 0.6999999881
32906  -31.172  -37.903  -33.506 0.5000000000
33781  -30.874  -36.405  -33.552 0.5000000000
27412  -28.045  -43.987  -22.668 0.6000000238
144558  -31.341  -40.293  -29.617 0.6999999881
30164  -31.739  -40.800  -29.201 0.6999999881
30129  -33.434  -40.687  -25.518 0.8000000119
28287  -27.253  -42.813  -23.543 0.6000000238
28286  -26.442  -42.831  -24.203 0.6000000238
143492  -26.599  -37.239  -32.803 0.8000000119
30082  -30.954  -40.935  -22.756 0.6999999881
31045  -33.533  -39.546  -26.697 0.6999999881
26618  -24.746  -44.174  -25.221 0.5000000000
136980  -31.191  -35.687  -33.441 0.5000000000
159886  -33.283  -39.325  -24.621 0.6999999881
28304  -26.864  -42.037  -24.135 0.6000000238
32837  -33.634  -37.333  -27.385 0.8000000119
144870  -29.628  -34.325  -33.661 0.6999999881
35617  -31.418  -34.439  -33.238 0.6000000238
34632  -27.945  -35.693  -31.273 0.8999999762
36574  -31.333  -33.674  -33.185 0.6000000238
36559  -33.418  -33.540  -32.519 0.4000000060
30140  -24.327  -39.980  -27.192 0.3000000119
29173  -26.685  -41.236  -24.638 0.5000000000
28318  -25.729  -41.734  -25.336 0.5000000000
28317  -25.220  -41.905  -25.827 0.5000000000
28333  -24.202  -41.700  -26.913 0.4000000060
36569  -26.261  -33.667  -33.117 0.8000000119
32793  -31.428  -37.577  -23.032 0.6000000238
31934  -30.164  -38.246  -23.112 0.6000000238
33684  -33.318  -36.178  -23.901 0.8000000119
146549  -28.846  -38.422  -23.831 0.5000000000
29199  -25.112  -41.031  -26.277 0.4000000060
30128  -26.011  -40.223  -25.738 0.5000000000
31018  -26.950  -39.612  -25.033 0.5000000000
35568  -31.983  -34.504  -29.791 0.8000000119
39095  -32.146  -30.600  -33.377 0.6000000238
39096  -33.148  -30.490  -33.193 0.4000000060
31962  -25.325  -37.036  -26.478 0.5000000000
32806  -25.908  -36.139  -25.006 0.5000000000
33693  -27.008  -35.670  -24.672 0.6000000238
32818  -26.533  -36.389  -25.715 0.5000000000
33676  -26.537  -35.839  -24.598 0.6000000238
32817  -25.729  -36.499  -25.790 0.5000000000
31932  -28.828  -37.443  -24.026 0.5000000000
156046  -25.909  -37.737  -21.989 0.6000000238
32781  -26.141  -37.364  -22.531 0.6000000238
32819  -27.129  -36.616  -25.500 0.5000000000
33679  -28.505  -35.888  -23.861 0.6000000238
33678  -27.691  -35.766  -24.529 0.6000000238
31948  -27.510  -37.500  -25.252 0.5000000000
32809  -28.369  -36.536  -24.360 0.5000000000
141287  -34.439  -33.838  -25.679 0.6999999881
36507  -34.364  -33.104  -26.986 0.6999999881
36542  -26.350  -33.398  -31.442 0.8999999762
158296  -27.432  -35.565  -24.129 0.6000000238
34569  -28.782  -35.506  -23.196 0.6000000238
154934  -28.792  -34.675  -22.174 0.6000000238
35491  -26.750  -34.890  -21.600 0.4000000060
35503  -28.151  -34.516  -21.875 0.5000000000
149276  -27.992  -33.819  -21.508 0.5000000000
36492  -34.550  -33.097  -26.069 0.6999999881
150783  -27.553  -32.753  -21.138 0.5000000000
36438  -27.901  -33.214  -21.267 0.5000000000
152841  -25.884  -32.395  -31.650 0.8000000119
139188  -30.865  -28.763  -34.290 0.6999999881
35494  -29.710  -33.897  -21.761 0.6999999881
35495  -30.503  -33.657  -21.679 0.6999999881
36441  -30.618  -32.861  -21.311 0.6000000238
37296  -29.924  -32.421  -20.999 0.6000000238
154997  -31.923  -32.808  -21.650 0.6999999881
147962  -28.548  -33.348  -21.330 0.5000000000
38969  -26.652  -30.434  -21.165 0.3000000119
38193  -33.351  -31.123  -28.341 0.6999999881
38970  -27.449  -30.008  -20.899 0.3000000119
40038  -26.654  -28.883  -34.204 0.8999999762
40965  -27.981  -28.172  -34.811 0.8000000119
134954  -27.147  -28.407  -34.603 0.8000000119
150717  -29.403  -27.361  -35.440 0.6000000238
40967  -30.698  -28.042  -34.723 0.6000000238
41887  -30.178  -27.121  -35.637 0.6000000238
41886  -28.722  -27.156  -35.638 0.8000000119
37299  -32.051  -32.130  -21.522 0.6999999881
145235  -33.017  -30.973  -21.886 0.6999999881
145333  -29.111  -31.366  -20.654 0.5000000000
39047  -33.610  -30.298  -28.191 0.6999999881
39983  -30.141  -29.460  -30.164 0.8000000119
39986  -32.838  -29.002  -28.929 0.6999999881
40963  -25.668  -27.848  -34.123 0.8000000119
41885  -27.920  -27.515  -35.301 0.8000000119
147765  -34.444  -30.866  -23.717 0.6999999881
40853  -31.530  -28.750  -21.410 0.5000000000
134086  -34.761  -29.999  -26.788 0.6999999881
41760  -28.187  -26.709  -22.172 0.3000000119
39959  -33.968  -29.517  -28.117 0.6999999881
40909  -33.617  -28.885  -28.582 0.6999999881
41821  -33.783  -27.876  -29.339 0.6999999881
143005  -29.964  -28.181  -31.278 0.8000000119
41846  -30.594  -27.694  -31.672 0.8000000119
41741  -29.594  -27.357  -21.668 0.3000000119
145166  -30.968  -27.091  -21.848 0.5000000000
139731  -35.010  -29.371  -24.431 0.6999999881
39938  -35.146  -29.321  -25.365 0.6999999881
41762  -31.828  -27.320  -21.887 0.5000000000
39946  -35.244  -28.822  -26.015 0.6999999881
40900  -34.920  -28.487  -27.407 0.6999999881
158528  -29.218  -25.665  -23.065 0.3000000119
41813  -35.489  -27.125  -27.985 0.6999999881
41764  -33.382  -27.964  -22.312 0.6000000238
43644  -32.628  -25.475  -23.200 0.3000000119
44652  -32.204  -24.816  -23.653 0.3000000119
135931  -35.522  -27.679  -26.310 0.6999999881
44666  -30.837  -24.107  -24.612 0.3000000119
45636  -31.727  -23.660  -24.934 0.3000000119
42666  -35.045  -26.385  -24.161 0.6000000238
43645  -33.492  -25.577  -23.426 0.4000000060
41793  -35.699  -26.983  -26.355 0.6999999881
43697  -36.085  -25.785  -29.075 0.6000000238
44751  -33.985  -24.573  -33.673 0.8000000119
136735  -32.068  -24.338  -34.789 0.8000000119
45758  -30.798  -23.426  -35.607 0.8000000119
44808  -29.537  -23.728  -38.116 0.6000000238
44799  -29.928  -24.631  -37.722 0.6000000238
44668  -32.861  -24.426  -24.105 0.3000000119
45638  -33.603  -24.096  -24.563 0.3000000119
44669  -35.178  -25.136  -24.845 0.5000000000
46648  -32.111  -22.329  -26.542 0.3000000119
46649  -33.004  -22.294  -26.382 0.3000000119
44693  -36.225  -24.090  -26.997 0.5000000000
43698  -36.420  -25.132  -28.793 0.6000000238
43719  -34.387  -25.950  -31.788 0.8000000119
44727  -36.500  -24.552  -30.054 0.6000000238
44767  -33.972  -23.984  -34.267 0.6999999881
46774  -28.920  -22.078  -38.691 0.6999999881
46635  -34.300  -23.111  -25.726 0.3000000119
47594  -32.643  -21.852  -26.977 0.3000000119
46652  -35.621  -23.057  -26.729 0.3000000119
47611  -32.081  -21.048  -28.170 0.3000000119
47612  -33.677  -21.178  -27.593 0.3000000119
139479  -28.480  -21.397  -38.337 0.6999999881
47710  -28.533  -21.119  -38.194 0.6999999881
45716  -36.945  -23.183  -31.257 0.6000000238
151947  -36.528  -22.808  -32.819 0.6999999881
46751  -33.482  -22.140  -36.180 0.6000000238
48746  -28.675  -20.908  -38.038 0.6999999881
156811  -36.558  -22.234  -28.248 0.4000000060
48770  -29.614  -20.113  -38.214 0.6000000238
49847  -30.840  -18.876  -38.870 0.6000000238
143757  -31.665  -21.299  -39.879 0.6000000238
49868  -31.518  -19.352  -40.936 0.4000000060
48677  -36.361  -20.897  -28.734 0.4000000060
49748  -33.822  -19.258  -29.527 0.4000000060
49769  -31.716  -19.189  -30.405 0.3000000119
155356  -30.480  -18.333  -31.490 0.3000000119
51989  -31.342  -17.787  -31.708 0.3000000119
47670  -36.736  -21.112  -34.330 0.5000000000
48734  -35.740  -20.761  -35.767 0.5000000000
48751  -34.401  -20.638  -36.766 0.5000000000
49830  -29.140  -19.566  -38.753 0.5000000000
47663  -37.310  -21.369  -32.800 0.4000000060
50913  -32.917  -18.059  -31.032 0.4000000060
51991  -33.422  -17.392  -31.398 0.4000000060
48735  -36.325  -20.246  -35.580 0.5000000000
49790  -37.560  -19.268  -32.925 0.4000000060
49806  -36.753  -19.676  -35.378 0.4000000060
49836  -35.037  -19.304  -37.253 0.5000000000
153866  -31.607  -17.591  -39.794 0.6000000238
56349  -30.392  -13.653  -34.470 0.3000000119
56351  -32.847  -13.220  -34.147 0.4000000060
57494  -32.799  -12.436  -34.639 0.4000000060
57595  -34.674  -13.396  -42.379 0.4000000060
56447  -35.006  -13.519  -41.545 0.4000000060
60977  -38.613  -10.027  -45.798 0.3000000119
22167  -31.839  -49.531  -27.650 0.5000000000
22173  -30.887  -49.496  -29.135 0.5000000000
21252  -32.306  -49.556  -24.722 0.4000000060
22154  -32.409  -49.363  -25.386 0.5000000000
22159  -32.360  -49.787  -26.069 0.5000000000
22158  -32.193  -49.274  -26.782 0.5000000000
24006  -31.204  -48.048  -28.225 0.6000000238
24005  -30.539  -47.673  -28.867 0.6000000238
22148  -32.383  -48.992  -24.831 0.5000000000
23058  -32.246  -48.336  -24.465 0.5000000000
23065  -32.369  -48.531  -25.478 0.5000000000
148811  -31.907  -47.891  -26.817 0.5000000000
23962  -31.913  -47.832  -23.689 0.5000000000
23996  -31.530  -47.580  -27.471 0.6000000238
23995  -30.972  -47.081  -28.186 0.6000000238
137090  -30.306  -46.941  -28.839 0.6000000238
24932  -29.712  -46.402  -29.278 0.6000000238
24933  -30.507  -46.230  -28.519 0.6000000238
24017  -29.802  -47.320  -29.450 0.6000000238
146435  -28.398  -45.875  -30.328 0.6000000238
25829  -28.703  -45.408  -29.997 0.6000000238
23963  -32.166  -47.440  -24.427 0.5000000000
23064  -32.206  -47.680  -26.002 0.5000000000
23985  -31.873  -47.179  -26.767 0.6000000238
24871  -31.499  -47.412  -23.023 0.5000000000
153080  -31.109  -46.357  -27.929 0.6000000238
23937  -30.260  -47.542  -22.183 0.5000000000
144166  -30.903  -47.075  -22.511 0.5000000000
25819  -30.483  -45.365  -28.552 0.6000000238
25830  -29.395  -45.575  -29.449 0.6000000238
25828  -28.119  -45.381  -30.591 0.6000000238
23973  -32.251  -47.095  -25.223 0.5000000000
24912  -31.853  -46.378  -26.774 0.5000000000
24887  -31.874  -46.978  -23.686 0.5000000000
24888  -32.184  -46.609  -24.444 0.5000000000
25782  -32.183  -45.929  -26.101 0.5000000000
24922  -31.459  -46.014  -27.418 0.6000000238
139646  -30.213  -46.743  -22.175 0.5000000000
152950  -31.463  -46.482  -22.963 0.5000000000
25806  -31.032  -45.704  -28.034 0.6000000238
23936  -29.514  -47.177  -22.013 0.5000000000
24857  -29.469  -46.405  -22.056 0.5000000000
26659  -30.532  -44.515  -28.731 0.6000000238
26658  -29.897  -45.043  -29.099 0.6000000238
26673  -29.154  -44.752  -29.687 0.6000000238
24872  -31.956  -46.078  -23.709 0.5000000000
25783  -32.377  -45.436  -25.359 0.5000000000
25797  -32.238  -45.106  -26.220 0.6000000238
138297  -31.656  -45.656  -23.160 0.5000000000
25796  -31.872  -45.596  -26.854 0.6000000238
26633  -31.946  -44.830  -27.040 0.6000000238
143231  -28.866  -46.834  -22.049 0.5000000000
24855  -27.678  -46.132  -22.562 0.5000000000
156647  -29.314  -44.160  -29.725 0.6000000238
27507  -28.712  -43.994  -30.149 0.6000000238
25755  -32.178  -44.976  -23.717 0.5000000000
149223  -32.459  -44.994  -24.652 0.5000000000
26619  -32.566  -44.504  -25.450 0.6000000238
24858  -30.220  -45.882  -22.232 0.5000000000
25741  -29.395  -45.734  -22.125 0.5000000000
25742  -29.771  -45.112  -22.207 0.6000000238
145791  -32.374  -43.853  -23.791 0.6000000238
26603  -32.580  -44.254  -24.480 0.5000000000
27471  -32.774  -43.611  -25.953 0.5000000000
25743  -30.640  -45.051  -22.423 0.6000000238
26593  -31.810  -44.120  -23.138 0.6000000238
27483  -32.512  -43.501  -26.901 0.6000000238
26580  -29.274  -44.460  -22.293 0.5000000000
26581  -30.157  -44.354  -22.316 0.6000000238
24870  -26.933  -46.230  -23.020 0.4000000060
26582  -31.047  -44.246  -22.568 0.6000000238
27443  -32.736  -43.402  -24.456 0.6000000238
27458  -32.826  -43.737  -25.104 0.5000000000
28349  -32.489  -42.793  -27.424 0.6000000238
28319  -33.093  -42.824  -25.305 0.6999999881
135771  -31.882  -32.307  -33.060 0.5000000000
40854  -32.265  -28.891  -21.612 0.5000000000
154032  -33.811  -27.072  -30.722 0.6000000238
155183  -30.625  -25.271  -37.512 0.5000000000
138459  -29.722  -22.569  -38.774 0.5000000000
60976  -37.406  -9.779  -45.265 0.4000000060
60987  -38.592  -9.415  -46.119 0.3000000119
60988  -39.772  -9.177  -46.084 0.3000000119
63404  -40.665  -8.148  -45.904 0.3000000119
146373  -31.531  -50.825  -23.582 0.4000000060
21266  -32.267  -50.507  -26.016 0.5000000000
21265  -32.180  -50.266  -26.926 0.5000000000
22181  -30.305  -48.895  -29.551 0.5000000000
22147  -32.171  -49.152  -24.190 0.4000000060
23086  -30.755  -48.533  -28.950 0.6000000238
23096  -30.062  -48.164  -29.554 0.5000000000
24016  -29.001  -46.915  -29.946 0.5000000000
22140  -31.736  -49.346  -23.513 0.4000000060
23948  -31.515  -48.213  -23.076 0.5000000000
137524  -29.523  -47.990  -22.021 0.5000000000
23938  -30.964  -47.883  -22.560 0.5000000000
23056  -25.899  -48.151  -23.863 0.4000000060
160116  -32.634  -33.550  -32.662 0.4000000060
38234  -33.273  -32.223  -32.726 0.4000000060
37415  -32.532  -32.481  -32.826 0.4000000060
42645  -32.444  -26.795  -22.312 0.5000000000
160187  -31.290  -26.054  -37.049 0.5000000000
146278  -31.481  -25.523  -37.519 0.5000000000
44810  -31.621  -24.243  -38.284 0.5000000000
64484  -40.902  -7.400  -46.076 0.3000000119
21241  -31.444  -50.030  -23.224 0.4000000060
25807  -31.474  -45.281  -27.533 0.6000000238
25754  -27.232  -45.426  -22.872 0.5000000000
24856  -28.613  -46.082  -22.181 0.5000000000
147748  -28.914  -45.212  -22.227 0.6000000238
41900  -31.533  -26.467  -36.524 0.5000000000
23935  -28.756  -47.553  -22.081 0.4000000060
23087  -31.365  -48.972  -28.317 0.6000000238
21258  -32.301  -50.199  -25.169 0.4000000060
23071  -32.173  -48.493  -26.435 0.5000000000
23079  -31.774  -48.531  -27.401 0.6000000238
142112  -32.313  -47.810  -25.123 0.5000000000
23057  -31.899  -48.623  -23.649 0.5000000000
24901  -32.279  -46.270  -25.276 0.5000000000
154397  -32.313  -45.744  -24.486 0.5000000000
24859  -31.098  -45.745  -22.626 0.5000000000
25744  -31.484  -44.976  -22.869 0.5000000000
62226  -37.654  -9.245  -45.516 0.4000000060
22124  -30.458  -49.323  -22.347 0.4000000060
23104  -29.089  -47.897  -30.202 0.4000000060
24024  -28.274  -47.288  -30.655 0.4000000060
23033  -30.323  -48.381  -22.231 0.4000000060
32827  -24.269  -37.212  -26.419 0.4000000060
31043  -24.227  -37.794  -27.026 0.3000000119
31044  -25.052  -38.089  -26.775 0.4000000060
30141  -24.867  -40.105  -26.714 0.4000000060
31961  -24.353  -36.953  -25.943 0.4000000060
149398  -24.857  -36.827  -26.179 0.4000000060
30095  -24.818  -40.040  -23.085 0.4000000060
31000  -25.029  -38.876  -23.722 0.4000000060
31946  -24.745  -37.465  -24.886 0.4000000060
31947  -25.598  -36.968  -24.448 0.4000000060
30060  -23.699  -40.641  -21.592 0.3000000119
30061  -24.312  -40.317  -21.845 0.3000000119
30977  -23.056  -39.823  -21.465 0.4000000060
31930  -25.407  -37.966  -23.829 0.4000000060
30978  -24.090  -39.845  -21.624 0.4000000060
30979  -24.672  -39.711  -21.984 0.5000000000
31904  -23.790  -39.012  -21.533 0.4000000060
138606  -24.037  -38.242  -21.487 0.4000000060
31920  -25.198  -38.925  -22.004 0.5000000000
146616  -23.569  -37.489  -21.581 0.4000000060
138096  -31.440  -26.525  -22.295 0.3000000119
44692  -35.920  -24.493  -26.363 0.3000000119
45655  -35.192  -23.336  -26.085 0.3000000119
143498  -35.457  -24.037  -25.834 0.3000000119
45671  -35.784  -23.739  -26.475 0.3000000119
45682  -36.386  -23.556  -27.540 0.3000000119
52057  -33.984  -17.697  -38.855 0.4000000060
47630  -35.913  -21.334  -28.085 0.3000000119
49735  -35.208  -19.952  -28.830 0.3000000119
49749  -34.823  -19.379  -29.351 0.3000000119
49771  -33.223  -18.886  -30.069 0.3000000119
50894  -33.525  -18.386  -30.512 0.3000000119
50959  -35.334  -18.538  -37.516 0.4000000060
50973  -35.479  -17.837  -37.824 0.3000000119
52058  -35.025  -17.376  -38.429 0.4000000060
54235  -34.555  -15.652  -39.914 0.4000000060
55321  -34.621  -15.030  -40.314 0.3000000119
49750  -35.676  -19.540  -29.370 0.3000000119
154893  -35.805  -18.774  -30.063 0.3000000119
49772  -36.629  -19.151  -30.376 0.3000000119
50878  -34.599  -18.834  -29.892 0.3000000119
50879  -35.406  -19.010  -29.792 0.3000000119
50897  -36.227  -18.616  -30.450 0.3000000119
50914  -36.616  -18.254  -31.154 0.3000000119
49786  -37.311  -19.312  -31.493 0.3000000119
51976  -34.942  -17.813  -30.764 0.3000000119
51977  -35.869  -17.964  -30.839 0.3000000119
51994  -36.358  -17.565  -31.457 0.3000000119
50921  -37.369  -18.661  -32.267 0.3000000119
146685  -37.498  -19.917  -33.415 0.3000000119
155958  -33.993  -17.329  -31.289 0.3000000119
51992  -34.592  -17.304  -31.240 0.3000000119
48724  -37.350  -19.858  -34.159 0.3000000119
53094  -33.094  -16.806  -31.869 0.3000000119
53111  -33.677  -16.157  -32.168 0.3000000119
49807  -37.203  -19.408  -34.763 0.3000000119
136082  -32.792  -16.179  -32.376 0.3000000119
54159  -32.546  -15.570  -32.752 0.3000000119
50948  -36.470  -18.709  -36.370 0.3000000119
52047  -36.567  -17.052  -37.188 0.3000000119
57492  -30.915  -13.010  -34.870 0.3000000119
50960  -36.251  -17.978  -37.082 0.3000000119
52046  -35.923  -17.057  -37.862 0.3000000119
58594  -31.007  -11.761  -35.716 0.3000000119
154729  -30.284  -11.858  -35.860 0.3000000119
53179  -34.908  -16.081  -39.361 0.3000000119
55334  -34.616  -14.251  -40.998 0.3000000119
51995  -37.044  -17.951  -31.828 0.3000000119
51993  -35.507  -17.359  -31.261 0.3000000119
52010  -37.335  -17.641  -32.727 0.3000000119
49792  -37.526  -19.106  -33.892 0.3000000119
53095  -34.059  -16.816  -31.615 0.3000000119
53113  -35.624  -16.121  -32.058 0.3000000119
52009  -36.806  -17.166  -32.113 0.3000000119
52017  -37.388  -16.890  -33.345 0.3000000119
144496  -37.522  -17.625  -33.684 0.3000000119
50925  -37.553  -18.280  -34.028 0.3000000119
50936  -37.378  -18.586  -34.711 0.3000000119
54160  -35.148  -15.442  -32.394 0.3000000119
53114  -36.575  -16.293  -32.404 0.3000000119
50935  -36.934  -18.890  -35.566 0.3000000119
54172  -31.822  -15.313  -33.097 0.3000000119
140370  -33.306  -15.502  -32.630 0.3000000119
149555  -34.210  -15.471  -32.472 0.3000000119
52029  -36.921  -18.097  -36.121 0.3000000119
52038  -36.945  -17.282  -36.484 0.3000000119
56335  -32.758  -14.000  -33.665 0.3000000119
138037  -36.552  -16.377  -37.544 0.3000000119
57510  -32.149  -12.165  -34.986 0.3000000119
59687  -32.639  -11.010  -35.680 0.3000000119
59686  -31.919  -10.939  -36.000 0.3000000119
53165  -36.082  -16.139  -38.215 0.3000000119
54237  -35.851  -14.896  -39.100 0.3000000119
56425  -35.859  -13.772  -39.890 0.3000000119
57585  -35.717  -13.057  -41.131 0.3000000119
56435  -35.439  -13.709  -40.601 0.3000000119
138841  -37.127  -16.831  -32.710 0.3000000119
53127  -37.402  -16.191  -33.765 0.3000000119
144373  -37.540  -16.870  -34.176 0.3000000119
55234  -34.707  -14.801  -32.788 0.3000000119
54161  -36.050  -15.488  -32.548 0.3000000119
54162  -36.774  -15.575  -32.946 0.3000000119
53115  -37.186  -16.217  -33.046 0.3000000119
52019  -37.502  -17.678  -34.653 0.3000000119
55233  -33.809  -14.809  -32.901 0.3000000119
55247  -34.327  -14.214  -33.248 0.3000000119
144211  -35.172  -14.231  -33.220 0.3000000119
52030  -37.309  -17.437  -35.610 0.3000000119
54204  -37.318  -15.787  -36.419 0.3000000119
53141  -37.372  -16.546  -35.907 0.3000000119
57495  -33.432  -12.697  -34.350 0.3000000119
134725  -33.696  -11.996  -34.701 0.3000000119
53153  -36.999  -15.738  -37.217 0.3000000119
58596  -33.603  -11.137  -35.302 0.3000000119
137230  -36.579  -15.708  -37.826 0.3000000119
59704  -33.302  -10.410  -35.849 0.3000000119
54222  -36.284  -15.322  -38.396 0.3000000119
55323  -36.080  -14.084  -39.260 0.3000000119
56436  -36.078  -13.257  -40.269 0.3000000119
54174  -37.350  -15.460  -34.023 0.3000000119
56338  -35.703  -13.624  -33.680 0.3000000119
55248  -36.563  -14.237  -33.709 0.3000000119
55249  -37.178  -14.703  -34.185 0.3000000119
53134  -37.501  -16.060  -34.645 0.3000000119
141848  -37.521  -16.811  -35.043 0.3000000119
140693  -33.987  -13.653  -33.616 0.3000000119
55260  -36.966  -13.963  -34.492 0.3000000119
134667  -37.433  -15.168  -34.771 0.3000000119
157992  -37.513  -16.271  -35.281 0.3000000119
57484  -34.149  -12.672  -34.248 0.3000000119
57485  -35.027  -12.921  -34.074 0.3000000119
57486  -35.823  -12.970  -34.190 0.3000000119
59688  -34.139  -10.523  -35.561 0.3000000119
60866  -34.833  -10.096  -35.810 0.3000000119
56400  -36.994  -13.918  -37.932 0.3000000119
54212  -36.902  -14.921  -37.697 0.3000000119
60877  -33.166  -9.681  -36.397 0.3000000119
60865  -33.971  -9.881  -36.002 0.3000000119
55308  -36.480  -14.464  -38.527 0.3000000119
56426  -36.376  -13.405  -39.520 0.3000000119
57586  -36.367  -12.614  -40.629 0.3000000119
56339  -36.397  -13.409  -34.236 0.3000000119
55261  -37.290  -14.485  -34.830 0.3000000119
55276  -37.413  -14.713  -35.532 0.3000000119
57496  -34.723  -12.125  -34.552 0.3000000119
57498  -36.253  -12.676  -34.639 0.3000000119
56352  -36.872  -13.161  -34.980 0.3000000119
152811  -37.423  -15.167  -36.115 0.3000000119
58585  -34.429  -11.387  -34.966 0.3000000119
59690  -35.637  -10.838  -35.514 0.3000000119
55298  -37.300  -14.132  -36.945 0.3000000119
62142  -33.732  -8.437  -37.182 0.3000000119
59689  -34.865  -10.810  -35.358 0.3000000119
60867  -35.611  -10.232  -35.911 0.3000000119
62123  -33.455  -9.036  -36.791 0.3000000119
149382  -33.873  -9.367  -36.426 0.3000000119
60878  -34.565  -9.426  -36.295 0.3000000119
60879  -35.383  -9.548  -36.247 0.3000000119
56414  -37.105  -13.070  -38.215 0.3000000119
56413  -36.667  -13.619  -38.752 0.3000000119
58660  -36.867  -12.246  -39.965 0.3000000119
58671  -36.745  -11.785  -40.944 0.3000000119
144736  -37.226  -13.379  -35.655 0.3000000119
56370  -37.375  -13.983  -36.008 0.3000000119
57511  -36.608  -12.303  -35.235 0.3000000119
57512  -37.068  -12.706  -35.728 0.3000000119
58597  -36.277  -11.455  -35.469 0.3000000119
58598  -36.920  -11.925  -35.901 0.3000000119
57544  -37.297  -12.480  -37.018 0.3000000119
62124  -34.225  -8.866  -36.707 0.3000000119
59691  -36.247  -10.636  -35.939 0.3000000119
135546  -37.296  -12.573  -37.710 0.3000000119
62125  -35.055  -8.839  -36.632 0.3000000119
62126  -35.889  -8.990  -36.666 0.3000000119
60880  -36.232  -9.840  -36.391 0.3000000119
58615  -36.823  -11.130  -36.161 0.3000000119
57563  -37.282  -12.254  -38.386 0.3000000119
57576  -36.904  -12.776  -39.132 0.3000000119
58661  -37.208  -11.473  -40.018 0.3000000119
59775  -37.086  -10.266  -42.072 0.3000000119
58681  -36.891  -10.990  -41.590 0.3000000119
57528  -37.184  -12.395  -36.348 0.3000000119
63289  -34.022  -7.787  -37.606 0.3000000119
58616  -37.206  -11.692  -36.710 0.3000000119
138730  -37.348  -11.809  -37.580 0.3000000119
63290  -34.910  -7.605  -37.575 0.3000000119
62144  -35.564  -8.224  -37.150 0.3000000119
62145  -36.308  -8.594  -37.115 0.3000000119
60881  -36.946  -9.988  -36.908 0.3000000119
144533  -37.394  -11.014  -37.633 0.3000000119
58647  -37.418  -11.320  -38.457 0.3000000119
59741  -37.507  -10.518  -38.938 0.3000000119
57577  -37.242  -11.893  -39.214 0.3000000119
59754  -37.450  -10.588  -39.960 0.3000000119
151198  -37.408  -11.164  -39.309 0.3000000119
156739  -37.498  -9.680  -40.916 0.3000000119
59765  -37.355  -10.295  -41.027 0.3000000119
58672  -37.186  -11.044  -40.710 0.3000000119
60956  -37.440  -9.587  -41.581 0.3000000119
63314  -34.314  -7.133  -38.060 0.3000000119
63291  -35.743  -7.490  -37.721 0.3000000119
62146  -36.935  -8.723  -37.585 0.3000000119
157564  -37.285  -9.158  -37.925 0.3000000119
59726  -37.322  -10.251  -37.565 0.3000000119
145153  -37.468  -10.556  -38.178 0.3000000119
136309  -37.322  -8.157  -38.879 0.3000000119
62179  -37.493  -8.980  -39.120 0.3000000119
139140  -37.565  -9.060  -40.745 0.3000000119
138996  -37.574  -9.169  -39.885 0.3000000119
60934  -37.558  -9.782  -39.420 0.3000000119
60944  -37.530  -9.764  -40.321 0.3000000119
60965  -37.263  -9.667  -42.457 0.3000000119
62202  -37.581  -8.879  -41.583 0.3000000119
62220  -37.395  -9.218  -43.391 0.3000000119
60970  -37.106  -9.654  -44.408 0.3000000119
64377  -35.169  -6.954  -38.076 0.3000000119
64399  -35.501  -6.352  -38.527 0.3000000119
63315  -36.452  -7.448  -38.058 0.3000000119
63316  -36.962  -7.456  -38.596 0.3000000119
63332  -37.290  -7.438  -39.339 0.3000000119
62191  -37.549  -8.312  -39.886 0.3000000119
133795  -37.485  -9.171  -42.251 0.3000000119
140166  -37.330  -9.184  -44.619 0.3000000119
158719  -36.532  -6.993  -38.463 0.3000000119
24957  -27.978  -46.812  -30.960 0.4000000060
29132  -24.188  -40.914  -21.964 0.3000000119
32805  -25.163  -36.618  -25.521 0.4000000060
30989  -25.104  -39.354  -22.583 0.4000000060
32768  -24.739  -37.719  -21.487 0.4000000060
31905  -24.720  -38.628  -21.620 0.4000000060
46671  -36.101  -22.889  -27.338 0.3000000119
50895  -34.363  -18.323  -30.405 0.3000000119
140816  -37.343  -19.978  -31.105 0.3000000119
50915  -37.113  -18.600  -31.510 0.3000000119
50972  -34.749  -18.168  -38.166 0.4000000060
55245  -32.029  -14.470  -33.598 0.3000000119
56334  -32.052  -13.741  -34.077 0.3000000119
57508  -30.545  -12.404  -35.405 0.3000000119
55246  -33.507  -14.191  -33.389 0.3000000119
58614  -31.351  -11.218  -36.009 0.3000000119
50923  -37.536  -18.424  -33.242 0.3000000119
29149  -24.356  -41.011  -22.659 0.4000000060
30094  -24.353  -40.495  -23.658 0.4000000060
30111  -24.532  -39.604  -23.914 0.4000000060
148750  -24.558  -39.278  -21.706 0.4000000060
50896  -35.329  -18.450  -30.289 0.3000000119
53097  -36.042  -16.833  -31.748 0.3000000119
55232  -32.822  -14.834  -33.146 0.3000000119
53146  -37.016  -16.481  -36.826 0.3000000119
53112  -34.634  -16.113  -32.019 0.3000000119
146589  -37.260  -18.149  -35.351 0.3000000119
55235  -35.576  -14.834  -32.827 0.3000000119
59702  -31.343  -10.573  -36.467 0.3000000119
55236  -36.337  -14.903  -33.094 0.3000000119
54173  -36.980  -15.056  -33.504 0.3000000119
56337  -34.765  -13.623  -33.595 0.3000000119
55290  -37.262  -15.062  -36.792 0.3000000119
156787  -37.382  -14.606  -36.274 0.3000000119
57497  -35.564  -12.369  -34.547 0.3000000119
56401  -37.266  -13.235  -37.376 0.3000000119
62122  -32.832  -9.233  -36.868 0.3000000119
58586  -35.399  -11.531  -34.977 0.3000000119
58587  -36.041  -12.051  -34.944 0.3000000119
56387  -37.308  -13.180  -36.429 0.3000000119
59705  -36.721  -10.462  -36.425 0.3000000119
63292  -36.374  -8.020  -37.531 0.3000000119
60902  -36.622  -9.230  -36.964 0.3000000119
60903  -37.173  -9.486  -37.513 0.3000000119
63293  -36.963  -8.061  -38.114 0.3000000119
60918  -37.457  -9.685  -38.358 0.3000000119
63347  -37.534  -7.347  -40.219 0.3000000119
29148  -23.846  -41.598  -22.097 0.4000000060
137884  -32.874  -34.166  -32.610 0.4000000060
23983  -23.120  -47.599  -26.396 0.3000000119
23984  -23.659  -47.956  -25.828 0.3000000119
24910  -22.808  -46.887  -26.756 0.3000000119
23971  -24.170  -47.474  -25.245 0.3000000119
31903  -22.614  -38.849  -21.585 0.3000000119
32767  -23.108  -38.171  -21.564 0.3000000119
32780  -22.528  -37.350  -21.901 0.3000000119
31016  -23.438  -38.421  -25.325 0.3000000119
141496  -23.789  -40.706  -24.202 0.3000000119
31017  -24.216  -38.566  -24.635 0.3000000119
31960  -23.592  -37.466  -26.447 0.3000000119
31945  -23.847  -37.567  -25.585 0.3000000119
30110  -23.836  -39.673  -24.589 0.3000000119
35606  -33.263  -34.854  -32.582 0.3000000119
21251  -31.974  -50.019  -24.109 0.4000000060
22125  -31.229  -49.365  -22.873 0.4000000060
23034  -31.038  -48.671  -22.652 0.5000000000
23048  -31.504  -48.846  -23.135 0.5000000000
23070  -23.829  -48.797  -25.926 0.4000000060
23072  -32.374  -49.083  -26.051 0.5000000000
23961  -26.081  -47.294  -23.708 0.5000000000
24885  -24.756  -46.873  -24.639 0.5000000000
24898  -23.451  -46.955  -25.870 0.5000000000
24900  -32.178  -46.761  -26.046 0.5000000000
24945  -27.974  -45.980  -30.849 0.6999999881
24947  -28.917  -46.111  -29.866 0.6000000238
24964  -27.720  -46.019  -31.734 0.4000000060
25779  -23.659  -45.866  -25.733 0.4000000060
25818  -29.994  -45.726  -28.953 0.6000000238
26634  -32.387  -44.290  -26.497 0.6000000238
26644  -31.026  -44.963  -28.135 0.6999999881
26693  -27.323  -44.464  -31.674 0.6999999881
26716  -27.480  -43.959  -32.238 0.6999999881
27413  -28.756  -43.816  -22.462 0.6000000238
27415  -30.494  -43.560  -22.445 0.6000000238
27457  -24.618  -43.360  -25.709 0.4000000060
27552  -29.591  -43.289  -33.255 0.5000000000
28306  -33.174  -42.015  -24.788 0.8000000119
28348  -31.907  -42.921  -28.133 0.6999999881
28372  -31.046  -42.303  -29.280 0.6999999881
28378  -26.602  -42.370  -31.437 0.6999999881
28395  -26.829  -42.638  -32.258 0.6999999881
29150  -29.281  -41.818  -22.796 0.6999999881
29152  -30.573  -41.428  -22.674 0.6999999881
29172  -23.381  -41.372  -24.291 0.3000000119
29186  -25.616  -41.075  -25.748 0.4000000060
29187  -26.121  -41.129  -25.209 0.5000000000
29243  -29.660  -41.398  -30.231 0.6999999881
30079  -24.571  -40.247  -22.305 0.3000000119
30097  -28.423  -40.846  -23.479 0.6000000238
30127  -25.440  -40.210  -26.231 0.5000000000
30142  -33.401  -40.881  -26.321 0.8000000119
30210  -28.088  -40.379  -33.412 0.6999999881
30991  -30.095  -39.926  -22.977 0.6000000238
31001  -25.512  -38.633  -23.085 0.6000000238
31033  -22.767  -38.307  -25.943 0.3000000119
31065  -32.719  -39.752  -28.436 0.8000000119
31103  -26.230  -39.751  -32.102 0.6999999881
31921  -25.727  -38.171  -22.250 0.6000000238
31975  -24.537  -37.255  -26.644 0.5000000000
32008  -26.953  -38.135  -31.440 0.6999999881
32032  -28.472  -39.013  -33.527 0.6999999881
32888  -26.081  -37.900  -32.185 0.8000000119
33739  -31.958  -37.350  -29.592 0.8000000119
33745  -26.453  -36.415  -31.637 0.8000000119
33764  -32.559  -36.438  -32.905 0.5000000000
33776  -26.347  -36.480  -32.561 0.8000000119
33779  -29.363  -36.451  -33.660 0.6999999881
34673  -31.498  -35.108  -33.285 0.5000000000
35538  -34.177  -34.765  -27.036 0.8000000119
35580  -25.930  -33.911  -31.805 1.0000000000
35581  -26.241  -34.655  -31.652 0.8000000119
35582  -26.813  -34.470  -31.378 0.8000000119
35583  -27.838  -34.204  -31.254 0.8000000119
35605  -32.242  -34.827  -32.917 0.6000000238
35613  -25.819  -33.964  -32.331 0.8000000119
36551  -25.585  -33.335  -32.017 0.8999999762
36558  -25.648  -33.431  -32.299 0.8999999762
37398  -26.379  -32.602  -31.434 0.8999999762
37414  -25.503  -32.742  -32.251 1.0000000000
37416  -32.935  -32.948  -32.625 0.4000000060
37428  -30.465  -32.824  -33.468 0.6999999881
37429  -31.213  -32.903  -33.190 0.6000000238
38178  -34.220  -31.494  -27.342 0.6999999881
38210  -32.024  -31.325  -29.371 0.6999999881
38218  -25.670  -31.882  -31.823 0.8000000119
38228  -25.440  -32.008  -32.141 1.0000000000
38233  -25.558  -32.040  -32.582 0.8999999762
39071  -26.556  -30.506  -31.521 0.8000000119
39082  -25.508  -30.720  -32.149 0.8000000119
39091  -27.646  -30.677  -33.672 0.8999999762
40000  -29.500  -29.264  -30.591 0.8000000119
40010  -28.699  -29.218  -31.005 0.8000000119
40022  -26.132  -29.442  -33.657 0.8000000119
40040  -28.779  -29.314  -34.233 0.8000000119
40883  -35.460  -28.116  -25.796 0.6999999881
40943  -26.164  -28.569  -32.418 0.8000000119
40944  -27.560  -28.707  -31.697 0.8000000119
40952  -25.627  -28.116  -33.383 0.8000000119
40958  -25.662  -28.282  -33.628 0.8000000119
41869  -25.711  -27.294  -34.122 0.8000000119
41870  -25.994  -27.410  -34.505 0.8000000119
41871  -26.519  -27.487  -34.844 0.8000000119
41875  -32.271  -27.615  -35.009 0.6000000238
41884  -27.061  -27.185  -35.301 0.8000000119
41899  -30.727  -26.691  -36.153 0.6000000238
42658  -33.958  -26.890  -22.984 0.6000000238
42659  -34.528  -26.651  -23.555 0.6000000238
42743  -25.838  -26.967  -34.142 0.8000000119
42745  -26.789  -26.403  -33.741 0.8000000119
42780  -27.044  -25.669  -35.972 0.8000000119
43630  -31.338  -25.844  -22.745 0.3000000119
43713  -35.505  -25.666  -30.679 0.6999999881
43730  -34.627  -25.339  -32.204 0.8000000119
43738  -26.649  -25.525  -34.651 0.8000000119
43754  -26.484  -25.793  -34.704 0.8000000119
43758  -31.744  -24.945  -34.327 0.8000000119
43767  -26.494  -25.652  -35.085 0.8000000119
43778  -26.759  -24.982  -36.066 0.8000000119
43781  -29.861  -26.018  -36.703 0.6000000238
44750  -33.115  -25.009  -33.812 0.8000000119
44761  -27.648  -24.611  -34.794 0.8000000119
44776  -26.812  -24.347  -35.589 0.8000000119
44778  -30.536  -24.002  -35.200 0.8000000119
44780  -32.097  -23.815  -35.239 0.8000000119
44798  -28.761  -24.035  -37.676 0.6999999881
44800  -31.081  -24.812  -37.886 0.5000000000
45672  -36.056  -23.462  -26.997 0.3000000119
45691  -36.641  -23.740  -28.246 0.5000000000
45738  -32.762  -23.899  -34.924 0.8000000119
45759  -31.675  -23.376  -35.629 0.8000000119
45761  -33.783  -23.060  -35.240 0.6999999881
46634  -33.305  -22.806  -25.750 0.3000000119
46647  -31.258  -22.374  -26.743 0.3000000119
46704  -37.254  -22.483  -30.457 0.5000000000
46729  -27.429  -23.129  -36.330 0.6999999881
46764  -27.782  -22.570  -37.273 0.6999999881
46773  -28.252  -21.962  -38.244 0.6999999881
46783  -29.780  -21.911  -39.213 0.5000000000
47593  -31.813  -21.922  -27.165 0.3000000119
47631  -36.508  -21.695  -28.447 0.4000000060
47689  -29.462  -21.394  -37.175 0.6999999881
47693  -33.090  -21.571  -36.739 0.6000000238
48676  -35.608  -20.616  -28.427 0.3000000119
48753  -35.825  -20.202  -36.151 0.5000000000
48768  -28.747  -20.406  -38.603 0.6999999881
48769  -28.958  -20.230  -38.418 0.6999999881
48802  -28.923  -19.489  -39.711 0.6000000238
48803  -29.330  -19.564  -40.137 0.5000000000
48804  -30.263  -19.848  -40.429 0.5000000000
48805  -31.992  -20.089  -40.610 0.5000000000
49829  -28.791  -19.841  -38.815 0.6999999881
49844  -28.658  -19.898  -39.023 0.6999999881
49857  -28.797  -19.542  -39.363 0.6000000238
49867  -30.538  -19.011  -40.770 0.5000000000
50877  -33.892  -18.715  -30.073 0.3000000119
50898  -36.895  -18.876  -30.908 0.4000000060
50957  -33.864  -19.138  -38.060 0.5000000000
52007  -30.387  -17.492  -32.114 0.3000000119
52008  -32.125  -16.839  -32.126 0.3000000119
53096  -35.089  -16.736  -31.610 0.3000000119
53175  -31.418  -16.820  -40.956 0.5000000000
53177  -32.937  -16.406  -40.237 0.5000000000
53185  -31.558  -16.766  -41.485 0.6000000238
53200  -32.292  -16.278  -42.428 0.5000000000
54196  -37.489  -15.671  -35.526 0.3000000119
54236  -35.180  -15.317  -39.584 0.3000000119
54247  -33.129  -15.391  -41.118 0.5000000000
55342  -32.765  -15.208  -41.870 0.5000000000
55343  -33.207  -14.751  -42.237 0.4000000060
55373  -33.929  -14.092  -43.312 0.5000000000
56336  -33.675  -13.163  -33.982 0.4000000060
56353  -37.227  -13.938  -35.236 0.3000000119
57596  -35.309  -12.874  -42.262 0.4000000060
58595  -31.894  -11.583  -35.532 0.3000000119
58612  -29.583  -11.621  -36.258 0.3000000119
58686  -36.221  -11.273  -43.491 0.3000000119
58695  -36.685  -10.837  -44.407 0.4000000060
58704  -38.033  -11.426  -45.071 0.4000000060
59706  -37.155  -10.827  -36.917 0.3000000119
62143  -34.596  -8.271  -37.120 0.3000000119
62166  -37.304  -8.785  -38.318 0.3000000119
62235  -40.451  -8.726  -45.752 0.3000000119
64378  -35.953  -6.920  -38.217 0.3000000119
64401  -36.904  -6.804  -38.924 0.3000000119
134775  -25.618  -28.676  -32.826 0.8000000119
134780  -31.966  -26.793  -32.405 0.8000000119
135088  -31.466  -46.765  -27.424 0.6000000238
135967  -25.543  -29.933  -32.426 0.8000000119
136607  -33.546  -38.044  -27.390 0.8000000119
136918  -27.403  -25.318  -36.364 0.8000000119
138272  -27.375  -37.184  -33.282 0.8000000119
139625  -35.900  -14.338  -33.261 0.3000000119
141216  -30.461  -35.687  -33.579 0.5000000000
143839  -28.302  -21.621  -37.618 0.6999999881
143911  -35.249  -10.482  -35.628 0.3000000119
144641  -28.317  -34.864  -31.222 0.8000000119
144648  -27.670  -36.900  -31.316 0.8000000119
145099  -28.543  -31.860  -31.106 0.8000000119
145158  -33.836  -21.620  -36.413 0.6000000238
146638  -23.929  -41.924  -22.694 0.4000000060
147641  -28.917  -40.981  -33.508 0.6999999881
148050  -26.544  -37.905  -26.061 0.5000000000
148147  -27.318  -46.768  -22.760 0.5000000000
148419  -33.227  -18.228  -38.851 0.6000000238
148668  -30.321  -40.987  -30.029 0.6999999881
149042  -29.445  -24.587  -34.787 0.8000000119
149264  -25.135  -39.317  -26.667 0.5000000000
150096  -32.055  -22.174  -36.544 0.6000000238
151264  -31.295  -37.504  -30.079 0.8000000119
151478  -34.324  -13.192  -33.884 0.3000000119
151511  -32.048  -26.003  -37.177 0.5000000000
151557  -29.994  -28.613  -34.493 0.6999999881
152142  -26.054  -36.434  -32.094 0.8000000119
152309  -36.542  -12.869  -39.891 0.3000000119
153460  -37.190  -15.686  -33.429 0.3000000119
154268  -25.729  -32.316  -33.006 0.8999999762
154504  -34.881  -23.694  -25.547 0.3000000119
155906  -26.266  -36.078  -21.670 0.5000000000
157609  -25.672  -27.219  -33.958 0.8000000119
157737  -31.476  -14.160  -33.932 0.3000000119
157749  -28.585  -35.346  -33.598 0.8000000119
157767  -26.005  -36.898  -32.070 0.8000000119
157999  -26.370  -31.130  -31.510 0.8000000119
158636  -27.917  -31.881  -31.204 0.8000000119
158843  -30.642  -29.746  -29.819 0.6999999881
159010  -31.564  -38.316  -33.403 0.5000000000
159121  -27.692  -27.239  -32.901 0.8000000119
159150  -30.892  -42.033  -22.624 0.6000000238
159514  -30.806  -46.387  -22.461 0.5000000000
159892  -37.317  -11.332  -37.195 0.3000000119
160036  -34.261  -10.954  -35.277 0.3000000119
