#!ascii label  , from subject ICBM2009cNolinAsym vox2ras=TkReg
1452
3308  -32.035  -77.136  -32.985 0.5000000000
3307  -31.339  -77.286  -33.384 0.6000000238
6891  -32.422  -70.457  -27.254 0.3000000119
2922  -29.950  -78.189  -33.492 0.5000000000
6268  -32.502  -71.434  -29.376 0.4000000060
6249  -32.998  -70.999  -28.887 0.4000000060
146112  -34.283  -70.403  -28.564 0.4000000060
6892  -33.257  -70.331  -27.562 0.3000000119
6928  -33.837  -70.713  -29.106 0.4000000060
4173  -30.569  -75.330  -33.306 0.5000000000
155836  -31.242  -75.494  -33.387 0.5000000000
3730  -31.780  -76.753  -33.393 0.5000000000
4186  -29.200  -75.844  -33.075 0.6000000238
4187  -30.133  -75.970  -33.455 0.5000000000
3729  -31.173  -76.717  -33.660 0.6000000238
6877  -32.167  -70.137  -26.487 0.3000000119
3746  -29.136  -77.417  -33.868 0.5000000000
6286  -32.635  -71.519  -30.104 0.5000000000
5648  -31.966  -71.925  -29.749 0.5000000000
150989  -33.769  -69.970  -27.071 0.3000000119
148531  -28.565  -76.957  -33.747 0.6000000238
3319  -29.555  -77.789  -33.846 0.5000000000
6287  -33.540  -71.215  -30.521 0.5000000000
6269  -33.265  -71.089  -29.660 0.4000000060
6929  -34.830  -70.428  -29.259 0.4000000060
7508  -35.040  -69.966  -27.618 0.3000000119
145117  -34.263  -71.247  -31.117 0.4000000060
6945  -35.056  -70.709  -30.233 0.4000000060
6930  -35.793  -70.330  -29.753 0.4000000060
6946  -36.006  -70.687  -30.643 0.4000000060
5199  -30.167  -72.754  -35.267 0.6999999881
5187  -30.513  -72.757  -34.609 0.6999999881
5173  -30.197  -73.124  -33.580 0.6999999881
4175  -32.470  -75.879  -32.927 0.5000000000
133223  -28.604  -73.160  -35.233 0.6999999881
5185  -29.347  -73.061  -34.990 0.6999999881
4670  -29.836  -73.680  -33.269 0.8000000119
4658  -30.156  -74.534  -32.949 0.5000000000
4172  -29.699  -75.134  -32.954 0.6999999881
4652  -32.075  -74.784  -31.757 0.5000000000
138767  -29.083  -74.485  -32.794 0.6999999881
4651  -31.308  -73.811  -31.333 0.4000000060
5661  -32.008  -72.001  -30.517 0.5000000000
7493  -33.746  -69.594  -26.264 0.3000000119
4171  -28.376  -75.801  -32.324 0.6000000238
5676  -32.141  -71.893  -31.463 0.5000000000
6301  -32.716  -71.601  -30.799 0.5000000000
7495  -35.262  -69.591  -26.361 0.3000000119
3715  -28.586  -76.305  -33.119 0.5000000000
6302  -33.438  -71.480  -31.464 0.5000000000
6315  -35.176  -71.895  -32.656 0.4000000060
6303  -34.664  -71.479  -31.841 0.4000000060
152388  -36.682  -70.322  -30.074 0.4000000060
6912  -36.686  -70.061  -28.620 0.4000000060
6910  -35.003  -70.124  -28.346 0.4000000060
148909  -36.693  -71.679  -32.370 0.3000000119
6289  -36.365  -71.177  -31.549 0.4000000060
6369  -28.078  -71.141  -36.867 0.5000000000
5751  -28.382  -71.975  -36.585 0.6000000238
5762  -29.251  -71.669  -36.562 0.6000000238
5752  -29.991  -72.017  -36.394 0.6000000238
5734  -30.531  -72.343  -36.019 0.6000000238
6367  -25.993  -71.074  -37.127 0.5000000000
6357  -26.400  -71.657  -37.034 0.5000000000
5749  -26.696  -72.358  -36.750 0.6000000238
5209  -28.159  -72.579  -36.302 0.6000000238
5198  -28.834  -72.814  -35.827 0.6999999881
5162  -30.327  -73.839  -32.733 0.6000000238
6826  -33.139  -69.966  -22.988 0.3000000119
6993  -24.068  -71.719  -36.078 0.6999999881
6356  -25.559  -71.555  -36.985 0.6000000238
5182  -25.589  -73.481  -35.547 0.6000000238
5208  -27.151  -72.945  -36.306 0.6000000238
5196  -27.189  -73.450  -35.526 0.6999999881
136653  -28.232  -73.583  -33.999 0.6999999881
5174  -30.513  -72.904  -32.952 0.6000000238
159845  -30.825  -72.724  -32.529 0.6000000238
156377  -24.214  -70.963  -36.366 0.6999999881
5718  -24.532  -72.987  -35.461 0.6000000238
146475  -25.569  -73.202  -33.743 0.6000000238
5183  -26.369  -73.644  -35.079 0.6000000238
5184  -27.321  -73.531  -34.545 0.6999999881
5172  -28.483  -73.854  -33.049 0.6999999881
5675  -31.182  -72.541  -31.968 0.5000000000
7483  -33.359  -69.367  -25.327 0.3000000119
6344  -23.556  -71.413  -35.373 0.6999999881
5717  -23.779  -72.651  -34.433 0.6000000238
5686  -24.674  -72.382  -32.597 0.6999999881
5688  -26.523  -72.675  -32.264 0.6000000238
5159  -27.015  -73.154  -32.888 0.6000000238
4657  -28.721  -75.151  -32.395 0.6999999881
5689  -31.182  -72.293  -33.046 0.5000000000
5677  -32.858  -71.632  -32.195 0.5000000000
5704  -25.136  -72.820  -33.179 0.6000000238
5658  -26.530  -72.397  -30.799 0.6000000238
4649  -27.873  -74.278  -31.057 0.6000000238
146618  -27.823  -75.543  -31.137 0.6000000238
3699  -27.411  -76.223  -31.733 0.6000000238
5691  -33.061  -71.702  -33.182 0.5000000000
7503  -35.500  -69.870  -27.097 0.3000000119
6299  -24.906  -71.814  -31.200 0.6999999881
6313  -25.267  -72.068  -31.821 0.6000000238
5672  -26.105  -72.273  -31.664 0.6000000238
5673  -26.740  -72.656  -31.548 0.6000000238
5137  -27.261  -73.860  -30.013 0.5000000000
4634  -27.045  -74.515  -29.624 0.5000000000
3698  -26.706  -76.371  -31.619 0.5000000000
3714  -27.879  -76.238  -32.318 0.5000000000
5692  -34.525  -71.968  -33.314 0.5000000000
6306  -38.431  -71.306  -32.388 0.3000000119
152189  -37.919  -71.488  -32.352 0.3000000119
6290  -37.422  -71.227  -31.811 0.3000000119
159712  -38.254  -70.267  -29.708 0.4000000060
6932  -37.473  -70.173  -29.483 0.4000000060
3712  -26.182  -76.548  -32.311 0.5000000000
135364  -37.151  -71.937  -33.225 0.3000000119
6305  -37.357  -71.730  -32.646 0.3000000119
6947  -36.981  -70.673  -30.864 0.4000000060
7582  -27.265  -69.335  -36.831 0.5000000000
7591  -27.831  -69.968  -36.992 0.5000000000
7592  -28.826  -69.815  -36.784 0.5000000000
7022  -28.458  -70.509  -36.857 0.5000000000
8701  -26.966  -67.959  -35.995 0.5000000000
8136  -26.511  -68.868  -36.523 0.5000000000
7581  -26.462  -69.673  -36.947 0.5000000000
7021  -27.461  -70.685  -37.023 0.5000000000
6370  -29.169  -71.047  -36.677 0.5000000000
6359  -31.354  -71.271  -36.448 0.6000000238
5753  -30.906  -71.824  -36.355 0.6000000238
7580  -25.802  -69.546  -36.808 0.5000000000
146576  -31.216  -72.140  -36.063 0.6000000238
5719  -31.312  -72.427  -34.925 0.8000000119
7440  -34.469  -69.391  -22.201 0.3000000119
8124  -25.124  -68.606  -36.017 0.6000000238
7566  -24.408  -70.224  -36.419 0.6000000238
7579  -25.210  -70.249  -36.892 0.6000000238
5736  -32.319  -71.786  -35.872 0.4000000060
7439  -33.881  -69.604  -22.798 0.3000000119
7565  -23.787  -69.894  -35.691 0.6999999881
5708  -32.691  -71.831  -34.215 0.5000000000
5706  -30.801  -72.582  -33.883 0.6000000238
7469  -33.176  -69.343  -24.355 0.3000000119
152932  -33.855  -69.238  -24.833 0.3000000119
6983  -23.247  -70.607  -35.000 0.6999999881
5722  -34.518  -71.928  -34.713 0.4000000060
7485  -35.036  -69.329  -25.501 0.3000000119
6331  -23.201  -71.740  -34.507 0.6000000238
5702  -23.389  -72.297  -33.764 0.6999999881
5709  -33.921  -71.900  -34.104 0.4000000060
152838  -36.214  -69.992  -27.219 0.3000000119
6323  -22.894  -71.741  -33.525 0.6000000238
6298  -23.921  -71.841  -31.259 0.6999999881
6300  -25.738  -71.929  -31.047 0.6000000238
5646  -26.581  -72.533  -29.777 0.5000000000
5136  -26.850  -73.539  -29.383 0.5000000000
4141  -26.777  -75.699  -30.334 0.6000000238
5723  -35.391  -72.073  -34.571 0.4000000060
5693  -35.625  -72.224  -33.366 0.4000000060
6978  -38.727  -71.001  -33.673 0.3000000119
6969  -38.557  -71.370  -32.959 0.3000000119
6970  -39.709  -70.677  -32.694 0.3000000119
6958  -38.988  -70.882  -31.759 0.3000000119
6948  -37.991  -70.501  -30.616 0.4000000060
7504  -36.809  -70.121  -27.725 0.3000000119
6266  -25.352  -71.665  -29.798 0.6000000238
143530  -26.214  -73.137  -28.372 0.5000000000
5130  -26.354  -73.666  -28.605 0.5000000000
4633  -26.510  -74.472  -28.976 0.5000000000
4140  -25.864  -75.953  -30.121 0.5000000000
3684  -25.278  -76.280  -30.853 0.6000000238
3711  -25.193  -76.538  -32.425 0.5000000000
6325  -36.739  -72.062  -33.952 0.3000000119
6326  -37.528  -71.751  -33.607 0.3000000119
5634  -25.938  -72.529  -28.309 0.5000000000
4621  -25.894  -74.450  -28.424 0.5000000000
4139  -24.847  -75.974  -30.135 0.5000000000
4118  -24.410  -75.640  -29.427 0.5000000000
8689  -27.664  -67.318  -35.738 0.5000000000
138716  -27.692  -68.008  -36.203 0.5000000000
8145  -29.188  -69.118  -36.711 0.5000000000
8710  -30.470  -68.081  -36.584 0.5000000000
8147  -31.027  -68.665  -36.577 0.5000000000
7594  -30.707  -69.419  -36.586 0.5000000000
8687  -25.873  -67.979  -35.748 0.5000000000
8137  -27.896  -68.684  -36.590 0.5000000000
7583  -32.116  -69.728  -36.429 0.4000000060
8135  -25.764  -68.754  -36.321 0.5000000000
7011  -31.916  -70.625  -36.441 0.4000000060
151919  -34.269  -69.877  -21.783 0.3000000119
8030  -35.078  -68.845  -21.681 0.3000000119
8686  -25.081  -67.984  -35.455 0.6000000238
6360  -32.560  -70.871  -36.290 0.4000000060
6345  -32.648  -71.285  -36.098 0.4000000060
8122  -23.894  -69.018  -35.365 0.6000000238
8123  -24.545  -68.555  -35.590 0.6000000238
7455  -34.451  -69.219  -23.171 0.3000000119
158511  -34.740  -69.084  -23.802 0.3000000119
7556  -23.347  -69.633  -35.036 0.6000000238
6333  -34.058  -71.548  -35.333 0.4000000060
7555  -22.865  -69.835  -34.195 0.6000000238
6349  -36.029  -70.976  -35.371 0.4000000060
6335  -35.576  -71.580  -35.100 0.4000000060
141891  -35.759  -69.611  -25.872 0.3000000119
6977  -22.814  -70.907  -33.937 0.6999999881
6337  -37.239  -71.548  -34.377 0.3000000119
6338  -37.988  -71.337  -34.061 0.3000000119
8702  -28.938  -67.444  -36.144 0.5000000000
8709  -29.402  -68.254  -36.547 0.5000000000
8704  -30.885  -67.277  -36.376 0.5000000000
8140  -31.876  -68.317  -36.432 0.4000000060
8688  -27.118  -67.147  -35.371 0.5000000000
8141  -32.639  -68.463  -36.184 0.4000000060
134844  -32.206  -68.990  -36.354 0.4000000060
9310  -27.542  -66.553  -34.836 0.6000000238
7585  -33.665  -69.575  -36.113 0.4000000060
7013  -33.629  -70.248  -36.105 0.4000000060
7441  -35.145  -68.830  -22.540 0.3000000119
8038  -35.745  -68.397  -21.953 0.3000000119
8110  -23.299  -68.931  -34.676 0.6000000238
6994  -34.010  -70.570  -35.941 0.4000000060
6346  -33.584  -71.107  -35.786 0.4000000060
6996  -35.533  -70.313  -35.862 0.4000000060
6998  -37.161  -70.128  -35.328 0.4000000060
6984  -36.834  -70.939  -35.060 0.3000000119
6999  -37.893  -69.954  -34.997 0.3000000119
6311  -22.470  -71.151  -32.992 0.6000000238
9327  -29.726  -66.051  -35.439 0.5000000000
9334  -30.333  -66.500  -36.047 0.5000000000
9336  -32.137  -66.728  -36.084 0.4000000060
8705  -31.725  -67.378  -36.348 0.4000000060
10005  -28.295  -66.268  -34.756 0.5000000000
10006  -29.165  -65.979  -34.844 0.5000000000
8707  -33.062  -67.946  -35.944 0.4000000060
157570  -26.946  -66.809  -34.954 0.6000000238
9996  -27.883  -66.261  -34.386 0.6000000238
9997  -28.662  -66.063  -34.382 0.6000000238
8142  -33.354  -68.753  -36.012 0.4000000060
8669  -25.726  -67.401  -35.174 0.6000000238
9308  -26.346  -66.785  -34.713 0.6000000238
146279  -35.243  -68.832  -35.916 0.4000000060
7587  -34.996  -69.221  -36.136 0.4000000060
8668  -25.014  -67.557  -34.902 0.6000000238
7015  -34.971  -69.790  -36.153 0.4000000060
7569  -36.614  -69.412  -35.622 0.4000000060
6997  -36.332  -70.210  -35.607 0.4000000060
8128  -37.877  -68.629  -35.073 0.4000000060
7471  -35.079  -69.174  -24.456 0.3000000119
7457  -36.392  -69.055  -23.459 0.3000000119
8655  -23.823  -67.680  -34.064 0.6000000238
155174  -38.089  -69.222  -35.077 0.4000000060
6868  -37.298  -70.826  -25.253 0.3000000119
7486  -35.863  -69.547  -25.113 0.3000000119
8109  -22.808  -68.995  -34.013 0.6000000238
6976  -22.370  -70.312  -33.163 0.6000000238
8101  -22.661  -68.562  -33.433 0.6999999881
9267  -23.869  -66.843  -32.575 0.6999999881
7548  -22.424  -69.424  -33.289 0.6000000238
8643  -23.229  -67.317  -32.732 0.6999999881
155726  -23.612  -66.815  -31.271 0.6999999881
8094  -22.067  -68.911  -32.607 0.6000000238
9226  -24.155  -66.472  -30.694 0.6999999881
9209  -24.357  -66.277  -29.708 0.6000000238
8634  -22.684  -67.575  -32.019 0.6999999881
9225  -23.250  -66.845  -30.642 0.6999999881
9328  -30.719  -65.900  -35.660 0.5000000000
9329  -31.658  -65.938  -35.797 0.5000000000
9998  -29.525  -65.773  -34.510 0.5000000000
9999  -30.410  -65.475  -34.638 0.5000000000
10008  -31.046  -65.477  -35.238 0.5000000000
9313  -33.175  -66.618  -34.890 0.5000000000
9331  -33.004  -66.737  -35.531 0.4000000060
8691  -33.333  -67.584  -35.683 0.4000000060
9995  -27.419  -66.157  -33.945 0.6000000238
9983  -28.951  -65.854  -33.977 0.6000000238
9984  -29.812  -65.617  -34.065 0.6000000238
9291  -31.087  -65.570  -33.632 0.6000000238
147888  -34.762  -68.199  -35.458 0.4000000060
9289  -25.818  -66.531  -34.037 0.6000000238
9972  -29.511  -65.803  -32.471 0.6000000238
9270  -30.224  -65.858  -32.366 0.6000000238
8125  -34.650  -68.451  -35.743 0.4000000060
9288  -24.970  -66.791  -33.787 0.6000000238
9980  -26.073  -66.161  -33.401 0.6000000238
9969  -26.935  -65.624  -32.368 0.6000000238
9959  -28.207  -65.494  -31.575 0.6000000238
9960  -29.067  -65.765  -31.645 0.6000000238
8126  -36.062  -68.831  -35.659 0.4000000060
8675  -38.934  -67.611  -34.613 0.4000000060
145123  -25.399  -66.398  -33.383 0.6000000238
9968  -26.231  -65.868  -32.649 0.6000000238
9958  -27.320  -65.297  -31.407 0.6000000238
9944  -28.675  -65.632  -30.831 0.6000000238
9211  -29.993  -66.169  -29.953 0.6000000238
8696  -38.147  -68.098  -34.825 0.4000000060
8112  -38.575  -68.238  -34.823 0.4000000060
138257  -23.982  -67.081  -33.444 0.6000000238
135997  -25.765  -65.846  -31.879 0.5000000000
9957  -26.471  -65.478  -31.556 0.6000000238
155883  -27.937  -65.307  -30.851 0.6000000238
139899  -29.095  -65.849  -30.045 0.6000000238
9921  -30.378  -66.163  -29.110 0.6999999881
8654  -23.199  -67.767  -33.470 0.6999999881
9268  -24.667  -66.503  -32.856 0.6000000238
9956  -25.849  -65.556  -30.819 0.6000000238
137828  -26.679  -65.231  -30.834 0.6000000238
145109  -28.690  -65.695  -29.333 0.6000000238
149369  -29.799  -66.016  -28.273 0.6000000238
9872  -31.360  -65.585  -27.737 0.6000000238
9918  -27.399  -65.155  -29.571 0.6000000238
9893  -28.378  -65.586  -28.659 0.6000000238
9871  -30.508  -65.681  -27.335 0.6000000238
9227  -25.018  -65.957  -30.309 0.6000000238
9917  -26.479  -65.195  -29.977 0.6000000238
9892  -27.589  -65.332  -28.723 0.5000000000
147122  -28.894  -65.758  -28.035 0.6000000238
9870  -29.452  -65.771  -27.346 0.6000000238
9891  -26.722  -65.230  -28.977 0.5000000000
9224  -22.597  -67.179  -30.734 0.6999999881
9208  -23.538  -66.613  -29.915 0.6999999881
9194  -24.586  -66.155  -28.855 0.5000000000
9196  -26.091  -65.506  -28.417 0.6000000238
9867  -26.956  -65.427  -27.988 0.5000000000
9868  -28.023  -65.553  -27.846 0.5000000000
9183  -26.147  -65.729  -27.632 0.6000000238
11972  -23.413  -62.290  -28.756 0.6000000238
11971  -22.789  -63.018  -28.587 0.6000000238
11306  -21.784  -63.708  -28.837 0.6000000238
10000  -31.950  -65.573  -35.282 0.5000000000
9292  -31.967  -65.632  -33.829 0.5000000000
8644  -33.355  -66.812  -33.923 0.5000000000
8658  -34.778  -67.697  -34.410 0.5000000000
8671  -34.354  -67.860  -35.169 0.4000000060
9249  -29.880  -65.947  -31.706 0.5000000000
9271  -30.864  -65.847  -32.703 0.5000000000
9231  -32.336  -66.335  -30.923 0.5000000000
8672  -35.417  -67.944  -35.044 0.4000000060
8660  -37.555  -67.347  -34.264 0.4000000060
9230  -31.480  -66.331  -31.243 0.5000000000
9945  -32.773  -65.969  -30.116 0.5000000000
8694  -36.492  -68.356  -35.295 0.4000000060
8673  -37.010  -67.929  -34.899 0.4000000060
9314  -38.683  -67.039  -34.345 0.4000000060
9212  -30.790  -66.253  -29.807 0.5000000000
9213  -31.654  -66.261  -30.158 0.5000000000
8674  -37.970  -67.738  -34.653 0.4000000060
9922  -31.293  -66.064  -29.177 0.6000000238
9894  -30.868  -65.956  -28.322 0.6000000238
9895  -31.771  -65.687  -28.459 0.5000000000
10567  -32.490  -64.179  -26.450 0.4000000060
11274  -33.076  -63.693  -26.368 0.4000000060
10594  -33.159  -64.292  -27.026 0.4000000060
10565  -31.124  -64.608  -25.831 0.6000000238
10577  -31.872  -64.551  -26.425 0.6000000238
11258  -32.463  -63.574  -25.921 0.5000000000
11937  -33.161  -62.294  -25.598 0.4000000060
11275  -33.492  -63.177  -25.968 0.4000000060
12644  -33.332  -61.474  -25.593 0.4000000060
8633  -22.173  -67.722  -31.241 0.6999999881
9854  -29.851  -65.531  -26.528 0.6000000238
11257  -31.881  -63.478  -25.467 0.5000000000
13388  -32.790  -60.890  -25.941 0.4000000060
142022  -24.108  -66.431  -28.171 0.6000000238
136318  -27.440  -65.617  -27.156 0.5000000000
159788  -28.352  -65.622  -26.417 0.5000000000
150709  -31.482  -63.997  -25.380 0.5000000000
12623  -31.969  -61.937  -25.469 0.5000000000
12643  -32.240  -61.253  -25.819 0.4000000060
14159  -32.643  -59.394  -27.454 0.4000000060
143334  -24.940  -66.176  -28.079 0.6000000238
9840  -28.508  -65.503  -25.785 0.5000000000
12659  -23.620  -60.799  -27.493 0.6999999881
12671  -23.660  -61.717  -28.014 0.6000000238
12641  -23.642  -61.527  -26.969 0.6999999881
11953  -23.314  -62.298  -27.306 0.6000000238
12621  -23.703  -61.455  -26.017 0.6000000238
11307  -22.131  -63.411  -27.947 0.6000000238
11952  -22.736  -62.831  -26.693 0.6000000238
11920  -23.427  -62.140  -25.412 0.6000000238
12601  -23.908  -61.508  -23.823 0.6000000238
154690  -24.071  -61.401  -23.125 0.6000000238
11290  -22.045  -63.419  -27.047 0.6000000238
11273  -22.032  -63.368  -26.005 0.6000000238
11919  -22.840  -62.800  -24.654 0.6000000238
11908  -23.591  -62.063  -24.390 0.6000000238
8657  -33.833  -67.381  -34.614 0.5000000000
10610  -20.029  -64.400  -27.599 0.5000000000
11289  -21.172  -63.888  -27.573 0.5000000000
11899  -23.722  -62.331  -23.277 0.5000000000
9273  -32.154  -66.178  -32.857 0.4000000060
139069  -32.803  -66.448  -33.267 0.5000000000
9294  -35.932  -67.384  -33.373 0.5000000000
8659  -35.742  -67.615  -34.195 0.4000000060
10592  -20.353  -64.359  -26.587 0.5000000000
11272  -21.210  -63.843  -26.337 0.5000000000
11244  -22.263  -63.598  -23.977 0.5000000000
11229  -23.380  -63.317  -22.945 0.5000000000
143599  -32.812  -66.523  -32.264 0.5000000000
9278  -37.431  -66.866  -33.282 0.4000000060
148953  -38.174  -66.335  -32.844 0.4000000060
136100  -39.004  -65.973  -32.522 0.4000000060
10590  -19.294  -64.928  -27.568 0.5000000000
10576  -20.598  -64.448  -25.583 0.5000000000
11243  -21.547  -64.172  -24.364 0.6000000238
153584  -22.025  -64.603  -23.632 0.6000000238
135320  -38.390  -66.659  -33.737 0.4000000060
9836  -19.957  -65.752  -25.439 0.6000000238
9132  -20.596  -65.717  -24.822 0.6000000238
10550  -21.266  -64.955  -24.201 0.6999999881
9924  -33.318  -65.257  -29.394 0.4000000060
9897  -33.382  -64.867  -28.655 0.5000000000
8063  -19.396  -68.015  -28.696 0.6000000238
9873  -33.097  -64.784  -27.856 0.5000000000
10595  -33.973  -64.289  -27.651 0.4000000060
8619  -20.496  -67.956  -29.098 0.6000000238
10578  -33.750  -63.872  -26.731 0.4000000060
8625  -21.361  -67.792  -30.147 0.6000000238
8621  -21.962  -67.028  -29.350 0.6000000238
12645  -33.977  -61.475  -25.375 0.4000000060
135444  -23.200  -66.592  -28.166 0.6000000238
9207  -22.598  -66.892  -29.937 0.6999999881
9182  -25.407  -66.093  -27.393 0.6000000238
9166  -26.093  -65.953  -26.712 0.6000000238
9851  -26.967  -65.737  -26.537 0.5000000000
9852  -27.745  -65.642  -26.329 0.5000000000
13357  -23.761  -60.638  -25.502 0.6999999881
13343  -23.665  -60.171  -24.619 0.6000000238
12612  -23.925  -61.074  -24.564 0.6000000238
140246  -23.896  -60.581  -23.693 0.6000000238
13331  -24.014  -60.595  -22.774 0.6000000238
13317  -24.293  -60.610  -22.205 0.6999999881
12570  -24.854  -60.954  -21.893 0.6000000238
12584  -24.247  -62.080  -22.595 0.6000000238
9254  -34.310  -66.720  -31.657 0.5000000000
9275  -34.658  -67.234  -32.575 0.5000000000
8645  -34.176  -67.416  -33.608 0.5000000000
9276  -35.610  -67.193  -32.603 0.5000000000
12585  -24.784  -61.821  -22.064 0.5000000000
9277  -36.508  -67.041  -32.819 0.5000000000
134432  -38.110  -66.139  -32.019 0.4000000060
10518  -23.417  -64.199  -22.783 0.6000000238
11214  -23.826  -63.614  -22.612 0.6000000238
12586  -25.307  -62.229  -21.854 0.5000000000
146200  -33.178  -66.182  -30.865 0.5000000000
8611  -19.074  -67.717  -28.085 0.6000000238
8603  -19.322  -67.453  -27.221 0.4000000060
9160  -19.629  -66.473  -25.951 0.6000000238
9818  -21.680  -65.502  -23.998 0.6000000238
137540  -22.604  -65.304  -23.504 0.6000000238
11215  -24.419  -63.524  -22.364 0.6000000238
9925  -34.276  -64.844  -29.786 0.4000000060
8604  -20.121  -67.640  -27.145 0.5000000000
8595  -19.817  -67.209  -26.400 0.5000000000
9161  -20.354  -66.738  -25.728 0.6000000238
9144  -20.907  -66.323  -24.974 0.6999999881
9135  -22.514  -66.012  -24.048 0.6000000238
9819  -23.552  -65.844  -23.709 0.6000000238
10533  -24.178  -64.650  -22.803 0.6000000238
9898  -34.016  -64.572  -29.050 0.5000000000
8064  -20.048  -68.015  -28.527 0.6000000238
9162  -21.264  -66.717  -25.757 0.6000000238
9145  -21.696  -66.444  -25.132 0.6000000238
9805  -24.375  -65.360  -23.274 0.6000000238
10521  -25.729  -64.260  -22.604 0.6000000238
10612  -33.805  -64.511  -28.375 0.4000000060
8605  -21.097  -67.414  -27.551 0.5000000000
9178  -21.878  -66.840  -26.748 0.6000000238
9164  -23.252  -66.584  -25.812 0.6000000238
9136  -24.139  -66.270  -24.423 0.6000000238
9806  -25.362  -65.434  -23.599 0.6000000238
8612  -20.795  -67.685  -28.478 0.6000000238
8613  -21.654  -67.176  -28.592 0.6000000238
8606  -22.234  -66.882  -27.893 0.6000000238
139539  -24.234  -66.500  -26.261 0.6000000238
9147  -24.035  -66.470  -25.256 0.6000000238
9165  -25.124  -66.272  -26.556 0.6000000238
9181  -24.463  -66.425  -27.276 0.6000000238
156608  -27.205  -65.722  -26.013 0.5000000000
9824  -29.258  -65.171  -25.125 0.5000000000
13381  -23.282  -60.002  -27.027 0.6999999881
137042  -23.338  -59.927  -26.121 0.6999999881
14924  -21.521  -58.785  -26.481 0.6999999881
14142  -22.158  -59.021  -26.303 0.6999999881
14132  -22.662  -59.311  -25.675 0.6999999881
14126  -22.923  -59.419  -24.619 0.6999999881
14115  -23.400  -59.811  -22.956 0.6000000238
14085  -24.016  -59.529  -21.565 0.6000000238
14100  -23.870  -60.020  -22.183 0.6999999881
14086  -24.820  -59.615  -21.364 0.5000000000
152685  -25.190  -60.267  -21.522 0.5000000000
158461  -25.915  -60.240  -21.374 0.5000000000
9961  -35.800  -66.231  -31.123 0.4000000060
9962  -36.525  -66.371  -31.291 0.5000000000
9950  -37.026  -66.255  -31.109 0.5000000000
9234  -37.701  -66.183  -31.277 0.5000000000
9258  -38.565  -66.193  -31.448 0.4000000060
9947  -34.614  -65.378  -30.433 0.4000000060
9949  -36.426  -65.839  -30.619 0.4000000060
11890  -25.700  -62.832  -21.904 0.6000000238
10520  -24.781  -64.189  -22.507 0.6000000238
11891  -26.721  -62.645  -21.868 0.6000000238
10522  -26.793  -64.234  -22.838 0.6000000238
11217  -26.252  -63.535  -22.230 0.6000000238
9837  -25.906  -65.974  -25.115 0.6000000238
9807  -26.160  -65.435  -23.947 0.6000000238
11218  -27.218  -63.385  -22.410 0.6000000238
137637  -24.820  -66.347  -25.780 0.6000000238
158197  -26.825  -64.718  -23.349 0.5000000000
9838  -26.570  -65.850  -25.758 0.6000000238
9821  -26.620  -65.651  -24.698 0.5000000000
9823  -28.319  -65.175  -24.790 0.5000000000
14923  -20.682  -58.687  -26.740 0.6999999881
14131  -21.786  -58.827  -25.666 0.6999999881
14897  -22.087  -58.903  -24.124 0.6999999881
14125  -22.153  -58.960  -24.967 0.6999999881
14881  -22.020  -58.756  -23.190 0.6000000238
14114  -22.757  -59.277  -23.580 0.6999999881
14084  -23.204  -59.304  -21.966 0.4000000060
144645  -19.861  -58.645  -25.980 0.6999999881
150683  -20.299  -58.550  -25.111 0.6999999881
14896  -21.184  -58.633  -24.644 0.6000000238
14865  -22.032  -58.496  -22.371 0.6000000238
14851  -24.467  -58.941  -21.131 0.5000000000
135040  -18.442  -58.653  -26.372 0.6999999881
141794  -18.853  -58.653  -25.730 0.6999999881
14842  -25.010  -58.321  -20.888 0.5000000000
135041  -17.673  -58.617  -26.525 0.6999999881
14852  -25.310  -58.985  -21.093 0.5000000000
14904  -17.051  -58.702  -25.698 0.6000000238
139599  -16.052  -58.833  -25.746 0.6000000238
14903  -15.495  -58.657  -24.951 0.6000000238
15680  -14.375  -57.656  -25.262 0.5000000000
17140  -15.269  -55.914  -24.738 0.5000000000
144979  -37.261  -66.069  -30.526 0.4000000060
9215  -38.475  -66.350  -29.740 0.4000000060
11230  -27.799  -63.870  -23.053 0.6000000238
14850  -22.251  -58.221  -21.756 0.5000000000
150197  -22.564  -58.762  -22.025 0.5000000000
14895  -20.097  -58.492  -24.192 0.6000000238
136592  -20.643  -58.439  -23.495 0.6000000238
14880  -21.190  -58.320  -22.765 0.6000000238
14864  -21.501  -57.991  -21.973 0.6000000238
15645  -23.392  -58.023  -21.065 0.5000000000
14841  -24.177  -58.218  -20.893 0.5000000000
15638  -24.758  -57.602  -20.716 0.5000000000
14906  -18.352  -58.615  -24.893 0.6999999881
14894  -19.322  -58.476  -23.840 0.6000000238
133354  -19.751  -58.346  -23.234 0.6000000238
14879  -20.293  -58.184  -22.766 0.6000000238
15656  -21.233  -57.252  -21.722 0.6000000238
15639  -26.351  -56.980  -20.890 0.5000000000
14905  -17.463  -58.672  -24.876 0.6999999881
14893  -18.590  -58.551  -23.998 0.6000000238
15666  -18.366  -57.929  -22.713 0.6000000238
15655  -19.774  -57.334  -22.162 0.6000000238
16379  -20.411  -56.823  -21.786 0.6000000238
14892  -17.075  -58.638  -24.027 0.6000000238
14877  -17.827  -58.404  -23.333 0.6000000238
15653  -17.957  -57.456  -22.499 0.6000000238
15654  -18.867  -57.252  -22.342 0.6000000238
14875  -16.124  -58.197  -23.547 0.6000000238
143682  -16.236  -57.098  -23.168 0.6000000238
16389  -17.120  -57.076  -22.679 0.6000000238
16390  -18.921  -56.177  -22.434 0.6000000238
15663  -15.751  -57.610  -23.587 0.5000000000
16388  -15.558  -56.621  -23.882 0.5000000000
17129  -16.537  -56.209  -23.347 0.5000000000
17130  -17.477  -55.928  -22.992 0.6000000238
17131  -18.351  -55.609  -22.891 0.6000000238
9197  -37.900  -66.039  -29.042 0.4000000060
17152  -14.144  -55.984  -25.945 0.5000000000
17141  -16.100  -55.627  -24.233 0.5000000000
17142  -17.108  -55.181  -23.960 0.6000000238
17143  -18.677  -54.856  -23.627 0.6000000238
17153  -14.973  -55.448  -25.792 0.5000000000
17163  -15.799  -54.963  -26.112 0.5000000000
17154  -15.852  -55.237  -25.180 0.4000000060
17897  -17.307  -54.501  -25.079 0.5000000000
17885  -18.067  -54.560  -24.330 0.6000000238
15644  -22.683  -57.787  -21.295 0.6000000238
16361  -24.498  -56.947  -20.628 0.5000000000
135700  -22.520  -57.102  -21.150 0.6000000238
16360  -23.813  -56.640  -20.695 0.5000000000
16362  -25.299  -56.916  -20.640 0.5000000000
17109  -21.657  -55.820  -21.559 0.6999999881
17111  -23.125  -55.341  -21.088 0.6999999881
17119  -20.259  -55.721  -22.132 0.6000000238
17120  -21.095  -55.459  -21.944 0.6999999881
17118  -19.559  -55.679  -22.442 0.6000000238
17865  -21.406  -54.547  -22.487 0.6999999881
17132  -19.975  -54.876  -23.075 0.6000000238
17133  -20.747  -54.771  -22.748 0.6999999881
17887  -20.028  -54.305  -24.187 0.6000000238
17876  -20.598  -54.238  -23.755 0.6999999881
17928  -14.595  -54.761  -27.562 0.5000000000
17907  -16.327  -54.556  -26.814 0.5000000000
17896  -16.547  -54.724  -25.724 0.4000000060
17898  -18.312  -54.190  -25.482 0.6000000238
17886  -19.148  -54.249  -24.598 0.6000000238
17929  -16.003  -54.264  -27.666 0.5000000000
17908  -17.423  -54.303  -26.452 0.4000000060
17909  -18.611  -54.073  -26.687 0.5000000000
137313  -25.786  -56.112  -20.663 0.5000000000
143493  -24.694  -56.121  -20.609 0.5000000000
16368  -22.922  -56.331  -20.948 0.6000000238
17844  -23.768  -55.079  -20.909 0.5000000000
17846  -24.872  -54.445  -20.822 0.5000000000
17852  -22.586  -54.776  -21.557 0.6999999881
17866  -22.058  -54.251  -22.181 0.6999999881
17878  -21.622  -53.815  -22.977 0.6000000238
137983  -20.531  -53.891  -24.733 0.6999999881
18663  -21.846  -53.210  -23.417 0.6000000238
17899  -19.332  -54.023  -25.863 0.6000000238
159513  -20.523  -53.775  -25.344 0.6000000238
17945  -16.772  -53.922  -28.147 0.5000000000
17931  -18.990  -53.965  -27.738 0.4000000060
138481  -20.042  -53.914  -26.231 0.6000000238
17956  -18.465  -53.581  -28.799 0.4000000060
152535  -18.467  -53.870  -28.309 0.4000000060
17948  -20.027  -53.772  -28.697 0.5000000000
17932  -19.886  -53.994  -27.965 0.5000000000
17853  -23.438  -54.471  -21.264 0.6000000238
158970  -24.800  -53.714  -21.058 0.5000000000
18642  -23.555  -53.584  -21.575 0.6000000238
147399  -24.325  -53.248  -21.381 0.5000000000
18655  -22.965  -53.135  -22.160 0.6000000238
19466  -22.515  -52.678  -22.973 0.6000000238
151971  -23.224  -52.499  -22.434 0.5000000000
18668  -21.252  -53.295  -24.869 0.6999999881
19476  -22.075  -52.640  -23.910 0.5000000000
17912  -20.863  -53.501  -26.400 0.6000000238
134462  -20.401  -53.794  -27.066 0.5000000000
18716  -19.799  -53.497  -29.226 0.4000000060
17933  -20.455  -53.635  -28.182 0.5000000000
23955  -14.491  -47.172  -24.792 0.4000000060
24880  -15.546  -46.423  -25.260 0.3000000119
24893  -15.263  -46.258  -25.729 0.4000000060
19452  -25.551  -52.365  -21.378 0.5000000000
23982  -14.812  -47.028  -26.224 0.3000000119
24918  -15.807  -46.141  -26.723 0.4000000060
19467  -23.181  -51.965  -23.004 0.5000000000
19451  -24.599  -52.360  -21.654 0.5000000000
23076  -16.769  -48.578  -27.297 0.3000000119
23992  -16.098  -46.777  -27.109 0.4000000060
19477  -22.632  -52.131  -23.628 0.5000000000
22164  -16.862  -49.726  -27.421 0.3000000119
18669  -21.764  -52.714  -24.773 0.6000000238
18694  -21.294  -53.131  -26.579 0.6999999881
19497  -22.056  -52.234  -25.493 0.6000000238
18717  -20.346  -53.392  -28.939 0.5000000000
19512  -21.455  -52.806  -27.490 0.5000000000
19519  -21.217  -52.725  -28.318 0.4000000060
19513  -22.013  -52.066  -27.292 0.4000000060
23046  -16.760  -48.801  -24.034 0.3000000119
23052  -15.989  -47.854  -24.368 0.3000000119
24881  -16.520  -46.383  -25.284 0.3000000119
24894  -15.884  -45.874  -25.752 0.3000000119
25801  -16.177  -45.685  -26.819 0.4000000060
20330  -24.632  -51.510  -22.228 0.5000000000
147103  -16.655  -47.559  -27.328 0.4000000060
24919  -16.377  -46.016  -27.159 0.4000000060
20329  -23.999  -51.241  -23.068 0.5000000000
23082  -17.705  -48.058  -27.659 0.4000000060
155497  -18.266  -47.104  -28.008 0.4000000060
19486  -22.447  -51.988  -24.515 0.5000000000
20336  -23.204  -51.520  -23.835 0.5000000000
147657  -18.436  -48.925  -28.112 0.4000000060
20353  -22.601  -51.594  -25.302 0.5000000000
19504  -21.778  -52.497  -26.473 0.5000000000
20354  -23.072  -50.996  -25.554 0.5000000000
19534  -20.287  -52.118  -29.790 0.3000000119
159963  -21.123  -51.636  -29.622 0.4000000060
20368  -21.967  -51.627  -28.117 0.4000000060
20361  -23.030  -50.622  -26.366 0.4000000060
22137  -17.412  -49.524  -23.406 0.3000000119
23957  -16.251  -47.123  -24.841 0.3000000119
25776  -17.009  -44.918  -26.272 0.4000000060
26627  -16.881  -44.820  -27.096 0.4000000060
20319  -27.591  -51.422  -21.588 0.4000000060
25803  -17.197  -45.070  -27.507 0.4000000060
21207  -27.083  -50.739  -21.908 0.4000000060
23993  -17.066  -46.744  -27.551 0.4000000060
24928  -17.800  -45.499  -27.898 0.4000000060
21221  -24.901  -50.787  -22.750 0.4000000060
24929  -18.771  -46.212  -28.247 0.4000000060
20344  -23.959  -50.754  -24.125 0.5000000000
23083  -18.823  -48.155  -28.284 0.4000000060
22177  -19.939  -50.213  -29.782 0.3000000119
21248  -23.711  -50.612  -25.040 0.5000000000
20385  -21.507  -50.638  -29.448 0.3000000119
23053  -17.061  -48.063  -24.522 0.3000000119
24882  -17.631  -46.497  -25.280 0.3000000119
24895  -16.890  -45.598  -25.734 0.3000000119
26614  -17.783  -44.478  -26.314 0.4000000060
26628  -17.240  -44.299  -27.028 0.4000000060
27480  -18.415  -43.495  -27.537 0.3000000119
26641  -17.534  -44.357  -27.485 0.4000000060
20320  -28.498  -51.376  -21.704 0.4000000060
147432  -30.529  -51.046  -22.494 0.4000000060
140451  -18.624  -45.068  -28.257 0.4000000060
21223  -26.457  -50.386  -22.336 0.4000000060
24003  -19.470  -47.391  -28.644 0.3000000119
133047  -24.697  -50.262  -24.007 0.4000000060
23090  -19.140  -49.098  -28.763 0.3000000119
138260  -20.221  -48.134  -29.293 0.3000000119
153321  -20.874  -49.148  -29.658 0.3000000119
21263  -22.417  -51.168  -27.256 0.4000000060
23945  -19.013  -48.385  -24.001 0.3000000119
24896  -17.996  -45.794  -25.526 0.4000000060
26630  -18.322  -43.776  -26.663 0.4000000060
27466  -18.258  -43.502  -27.144 0.4000000060
146373  -31.531  -50.825  -23.582 0.4000000060
154080  -29.588  -50.395  -22.060 0.4000000060
26655  -18.955  -44.268  -28.311 0.4000000060
21224  -27.743  -50.281  -22.009 0.4000000060
24930  -19.636  -45.774  -28.614 0.4000000060
21222  -25.736  -50.504  -22.552 0.4000000060
145424  -27.039  -50.011  -22.379 0.4000000060
135925  -19.813  -46.599  -28.713 0.3000000119
21240  -26.186  -49.850  -22.928 0.4000000060
145943  -20.861  -47.911  -29.416 0.3000000119
21249  -24.419  -50.128  -24.741 0.5000000000
23092  -20.653  -48.746  -29.588 0.3000000119
23100  -21.270  -48.283  -29.328 0.3000000119
155654  -23.956  -50.198  -25.357 0.5000000000
21280  -21.981  -50.220  -28.774 0.3000000119
21264  -23.335  -49.892  -26.613 0.4000000060
20376  -21.734  -51.127  -28.926 0.4000000060
24883  -19.490  -46.827  -24.750 0.3000000119
28328  -18.902  -43.073  -27.450 0.3000000119
146424  -19.464  -42.948  -28.413 0.3000000119
21228  -31.022  -50.637  -22.821 0.4000000060
26656  -19.714  -44.180  -28.706 0.3000000119
22112  -28.960  -50.141  -21.934 0.4000000060
144613  -30.930  -49.936  -22.678 0.3000000119
25824  -20.404  -45.497  -28.886 0.3000000119
22120  -26.937  -49.223  -22.797 0.4000000060
21225  -28.307  -49.990  -22.011 0.4000000060
25837  -21.536  -46.041  -29.237 0.3000000119
24955  -21.631  -46.734  -29.075 0.3000000119
22146  -25.559  -49.023  -24.085 0.4000000060
23093  -21.280  -49.121  -29.435 0.3000000119
22165  -22.359  -49.069  -28.178 0.3000000119
22166  -22.838  -49.532  -27.365 0.3000000119
22157  -23.822  -49.502  -25.947 0.3000000119
27503  -19.885  -43.446  -28.784 0.3000000119
28367  -19.992  -42.595  -28.804 0.3000000119
26667  -20.504  -44.165  -29.041 0.3000000119
22124  -30.458  -49.323  -22.347 0.3000000119
22121  -27.751  -49.605  -22.237 0.4000000060
23032  -29.559  -48.866  -22.035 0.4000000060
25827  -21.596  -45.868  -29.279 0.3000000119
23030  -27.863  -48.812  -22.383 0.4000000060
24015  -22.080  -47.694  -28.987 0.3000000119
23085  -22.030  -48.495  -28.764 0.3000000119
22145  -24.788  -49.440  -24.775 0.3000000119
22156  -23.330  -49.176  -26.599 0.3000000119
154173  -22.377  -44.615  -28.856 0.3000000119
143774  -22.157  -46.177  -28.994 0.3000000119
23047  -27.158  -48.334  -22.834 0.3000000119
136742  -27.962  -47.933  -22.397 0.3000000119
24921  -22.428  -46.848  -27.782 0.3000000119
23056  -25.899  -48.151  -23.863 0.3000000119
23078  -22.797  -48.720  -27.330 0.3000000119
22153  -24.372  -49.141  -25.374 0.3000000119
26642  -22.653  -44.347  -28.123 0.3000000119
27469  -23.366  -43.335  -27.218 0.3000000119
25794  -22.666  -45.933  -27.273 0.3000000119
144436  -26.596  -47.844  -23.319 0.3000000119
25805  -22.965  -44.853  -27.162 0.3000000119
26631  -23.512  -44.101  -26.697 0.3000000119
136135  -22.239  -50.747  -28.158 0.4000000060
22186  -21.195  -49.912  -29.688 0.3000000119
22172  -21.891  -49.445  -28.919 0.3000000119
4659  -31.246  -74.460  -32.319 0.5000000000
4189  -31.787  -76.072  -33.502 0.5000000000
3728  -30.425  -76.700  -33.781 0.5000000000
4174  -31.748  -75.298  -33.052 0.5000000000
5660  -31.635  -72.630  -30.082 0.5000000000
4682  -29.396  -73.527  -33.838 0.6999999881
5735  -31.674  -72.138  -35.731 0.6999999881
4681  -28.775  -73.417  -34.414 0.6999999881
4669  -29.573  -74.162  -32.993 0.6999999881
4645  -32.421  -74.777  -31.008 0.4000000060
5161  -28.531  -74.323  -32.272 0.6999999881
7496  -36.035  -69.851  -26.528 0.3000000119
6314  -33.973  -71.664  -32.435 0.5000000000
5694  -36.461  -72.172  -33.374 0.3000000119
7010  -30.901  -70.710  -36.522 0.6000000238
6358  -30.264  -71.340  -36.550 0.6000000238
7025  -31.280  -69.980  -36.530 0.5000000000
7008  -25.491  -70.875  -37.045 0.6000000238
146071  -28.023  -73.397  -34.960 0.6999999881
7454  -33.541  -69.485  -23.483 0.3000000119
5705  -26.098  -72.887  -33.065 0.6000000238
5170  -26.496  -73.413  -33.928 0.6000000238
5160  -27.873  -73.651  -32.553 0.6999999881
148494  -31.990  -71.833  -33.424 0.5000000000
149179  -27.615  -73.598  -31.263 0.6000000238
4142  -27.954  -74.995  -31.005 0.6999999881
4121  -27.148  -75.154  -29.997 0.5000000000
6879  -36.879  -70.311  -26.757 0.3000000119
6284  -24.613  -71.646  -30.479 0.6000000238
4120  -26.436  -75.297  -29.536 0.5000000000
6957  -38.303  -70.996  -31.739 0.3000000119
5720  -32.296  -71.969  -35.166 0.5000000000
6894  -37.609  -70.592  -27.410 0.3000000119
4103  -25.047  -75.126  -28.660 0.5000000000
7584  -32.808  -69.297  -36.186 0.4000000060
7456  -35.374  -68.990  -23.494 0.3000000119
9981  -26.847  -66.010  -33.303 0.6000000238
148894  -25.023  -66.218  -32.100 0.6000000238
9210  -25.124  -65.830  -29.456 0.6000000238
156336  -28.064  -65.671  -32.851 0.6000000238
9252  -32.168  -66.364  -31.807 0.5000000000
146129  -36.181  -68.076  -35.153 0.4000000060
9228  -29.631  -66.021  -30.869 0.6000000238
9229  -30.622  -66.272  -30.705 0.5000000000
9943  -28.173  -65.375  -30.049 0.6000000238
134693  -32.130  -65.226  -27.753 0.4000000060
8626  -22.000  -67.416  -30.483 0.6000000238
9192  -22.610  -66.715  -28.933 0.6999999881
9293  -32.717  -65.974  -34.241 0.4000000060
9946  -33.698  -65.550  -30.279 0.4000000060
11276  -34.079  -63.435  -26.096 0.4000000060
9841  -30.124  -65.116  -25.654 0.4000000060
8078  -20.938  -68.511  -30.454 0.6000000238
11936  -23.355  -62.190  -26.369 0.6000000238
11256  -22.058  -63.387  -24.947 0.6000000238
9257  -37.209  -66.491  -32.051 0.5000000000
10575  -19.943  -65.043  -25.848 0.5000000000
11889  -24.763  -62.721  -22.140 0.6000000238
147360  -18.962  -65.554  -27.023 0.4000000060
135696  -23.563  -66.587  -26.804 0.5000000000
10628  -34.787  -64.282  -29.290 0.5000000000
142556  -23.346  -66.337  -24.517 0.6000000238
153482  -22.767  -66.615  -26.509 0.5000000000
14943  -16.161  -58.672  -27.460 0.6000000238
14878  -18.857  -58.318  -23.163 0.6000000238
15667  -19.472  -57.909  -22.604 0.6000000238
16367  -21.950  -56.595  -21.358 0.6000000238
14876  -16.831  -58.339  -23.371 0.6000000238
150688  -15.278  -54.807  -27.033 0.5000000000
152131  -24.419  -55.217  -20.735 0.5000000000
18662  -21.372  -53.555  -23.891 0.6000000238
17930  -16.990  -54.213  -27.621 0.5000000000
18679  -21.107  -53.293  -25.781 0.6000000238
24908  -14.731  -46.804  -25.642 0.3000000119
19450  -23.724  -52.780  -21.866 0.5000000000
19526  -20.428  -52.441  -29.583 0.3000000119
20317  -25.904  -51.625  -21.604 0.4000000060
20331  -25.404  -51.134  -22.075 0.4000000060
20375  -21.398  -52.041  -28.833 0.4000000060
20391  -20.653  -51.447  -29.853 0.3000000119
156064  -23.517  -50.474  -25.650 0.5000000000
21208  -28.418  -50.569  -21.853 0.4000000060
23054  -18.542  -47.383  -24.792 0.3000000119
24014  -20.406  -47.251  -29.095 0.3000000119
22138  -25.659  -49.584  -23.612 0.4000000060
25825  -20.733  -45.837  -29.132 0.3000000119
21256  -24.228  -49.763  -25.371 0.4000000060
24884  -20.379  -46.509  -24.319 0.3000000119
25826  -21.638  -44.922  -29.355 0.3000000119
152835  -26.372  -48.656  -23.374 0.4000000060
25804  -22.467  -45.176  -28.187 0.3000000119
4603  -20.992  -74.469  -27.561 0.5000000000
4604  -21.961  -74.662  -27.407 0.5000000000
4618  -22.451  -75.051  -28.090 0.5000000000
4101  -22.929  -75.451  -28.758 0.4000000060
5104  -20.505  -73.702  -25.051 0.5000000000
5112  -20.975  -74.011  -25.850 0.5000000000
4593  -22.465  -74.370  -26.597 0.5000000000
4605  -22.956  -74.692  -27.298 0.5000000000
4619  -23.442  -75.029  -27.993 0.5000000000
4102  -23.933  -75.350  -28.703 0.4000000060
144028  -20.908  -73.298  -24.366 0.4000000060
5105  -21.491  -73.688  -25.054 0.5000000000
4594  -23.431  -74.225  -26.590 0.5000000000
4620  -24.447  -74.808  -27.997 0.4000000060
5090  -21.850  -73.144  -24.422 0.5000000000
5106  -22.569  -73.421  -25.085 0.5000000000
5113  -22.005  -74.053  -25.817 0.5000000000
5593  -22.867  -72.172  -24.356 0.5000000000
5107  -23.590  -73.141  -25.452 0.5000000000
5606  -23.913  -72.266  -25.244 0.5000000000
5615  -24.415  -72.679  -25.987 0.5000000000
5624  -25.543  -72.719  -27.524 0.4000000060
138406  -22.134  -72.457  -23.991 0.5000000000
6218  -24.373  -71.697  -25.789 0.5000000000
139747  -24.863  -71.977  -26.492 0.5000000000
6231  -25.493  -72.079  -27.876 0.5000000000
7489  -20.866  -69.688  -25.840 0.5000000000
6839  -22.078  -70.757  -23.778 0.5000000000
7480  -22.139  -70.070  -24.684 0.5000000000
6855  -23.210  -70.871  -24.849 0.5000000000
6873  -23.033  -70.310  -26.005 0.5000000000
6874  -23.889  -70.901  -25.893 0.5000000000
6888  -23.664  -70.598  -26.771 0.5000000000
148803  -24.827  -71.522  -27.100 0.5000000000
6244  -25.013  -71.536  -27.815 0.5000000000
7490  -21.592  -69.762  -25.907 0.5000000000
6886  -21.054  -70.147  -27.431 0.5000000000
6926  -21.104  -71.112  -29.725 0.5000000000
6887  -22.768  -70.183  -26.975 0.5000000000
137550  -21.634  -70.958  -28.953 0.5000000000
6944  -21.430  -71.171  -30.465 0.5000000000
6906  -23.200  -70.568  -27.653 0.5000000000
6905  -22.511  -70.713  -28.352 0.5000000000
6263  -22.613  -71.158  -29.208 0.5000000000
6243  -23.434  -70.935  -28.490 0.5000000000
6264  -23.527  -71.307  -29.410 0.5000000000
6229  -24.229  -70.972  -27.569 0.5000000000
7530  -20.881  -69.138  -30.728 0.5000000000
8632  -21.496  -68.485  -31.184 0.6000000238
6282  -22.138  -71.512  -30.485 0.5000000000
7542  -21.788  -69.812  -32.061 0.5000000000
6297  -22.304  -71.456  -32.053 0.5000000000
6968  -21.949  -70.698  -32.107 0.5000000000
6283  -23.539  -71.621  -30.418 0.5000000000
134508  -22.906  -71.753  -31.329 0.5000000000
6265  -24.476  -71.462  -29.583 0.5000000000
7514  -19.439  -68.707  -29.937 0.5000000000
141191  -20.151  -68.769  -29.977 0.5000000000
8641  -21.995  -68.334  -31.984 0.6000000238
11979  -24.028  -62.064  -31.516 0.5000000000
11977  -23.560  -62.164  -29.584 0.6000000238
141472  -23.777  -61.187  -31.039 0.5000000000
12676  -23.673  -61.408  -29.952 0.5000000000
12673  -23.632  -61.550  -29.016 0.6000000238
13429  -23.421  -60.779  -29.387 0.6000000238
13436  -23.360  -60.674  -30.304 0.5000000000
13428  -22.897  -60.140  -29.786 0.6000000238
145026  -22.409  -59.748  -29.299 0.5000000000
13403  -23.133  -60.079  -27.948 0.6000000238
14170  -22.368  -59.487  -28.436 0.6000000238
14183  -21.720  -59.371  -29.263 0.5000000000
155563  -21.890  -59.034  -27.800 0.6000000238
14156  -22.598  -59.450  -27.459 0.6000000238
137771  -20.851  -58.996  -29.122 0.5000000000
14963  -21.178  -58.846  -28.153 0.5000000000
14961  -18.911  -58.564  -28.597 0.5000000000
135037  -17.843  -58.400  -28.455 0.6000000238
135039  -15.628  -58.584  -28.447 0.6000000238
135038  -16.730  -58.414  -28.453 0.5000000000
14922  -19.719  -58.698  -27.050 0.6000000238
14946  -20.483  -58.732  -27.767 0.5000000000
14944  -17.277  -58.554  -27.460 0.5000000000
14920  -14.357  -58.417  -26.548 0.6000000238
14921  -15.179  -58.721  -26.079 0.6000000238
14889  -14.892  -58.143  -24.773 0.6000000238
135512  -38.402  -70.704  -27.902 0.3000000119
6250  -39.682  -71.615  -28.088 0.3000000119
6917  -41.659  -71.131  -28.677 0.3000000119
6933  -38.880  -70.304  -29.840 0.3000000119
6914  -38.512  -70.300  -28.911 0.3000000119
6913  -37.605  -70.204  -28.345 0.3000000119
4607  -25.013  -74.141  -27.468 0.4000000060
134633  -22.712  -71.523  -30.030 0.5000000000
11316  -22.633  -63.281  -29.545 0.5000000000
4606  -24.045  -74.462  -27.213 0.4000000060
5122  -24.159  -73.939  -26.604 0.5000000000
6193  -23.103  -71.433  -24.506 0.5000000000
7478  -20.639  -69.673  -25.136 0.5000000000
7479  -21.401  -69.731  -25.103 0.5000000000
7499  -20.259  -70.030  -26.606 0.5000000000
6904  -20.913  -70.623  -28.301 0.5000000000
144702  -21.917  -70.016  -27.220 0.5000000000
6956  -21.530  -71.027  -31.257 0.5000000000
157853  -39.113  -70.843  -28.232 0.3000000119
6935  -40.583  -70.643  -29.658 0.3000000119
6251  -40.257  -71.814  -28.231 0.3000000119
6915  -39.453  -70.600  -28.950 0.3000000119
6271  -40.145  -70.990  -28.913 0.3000000119
6916  -40.830  -71.232  -28.879 0.3000000119
23031  -28.710  -48.417  -22.080 0.3000000119
3306  -30.479  -77.428  -33.675 0.6000000238
3685  -26.294  -76.210  -30.889 0.6000000238
3697  -25.717  -76.461  -31.607 0.5000000000
3713  -27.120  -76.444  -32.322 0.5000000000
3727  -29.499  -76.651  -33.642 0.6000000238
3731  -32.356  -76.521  -33.041 0.5000000000
4119  -25.413  -75.543  -29.445 0.5000000000
4156  -27.269  -75.982  -31.080 0.6000000238
4157  -27.863  -75.893  -31.624 0.6000000238
4158  -28.167  -75.378  -31.607 0.6999999881
4188  -30.963  -76.035  -33.693 0.5000000000
4592  -21.450  -74.328  -26.661 0.5000000000
4608  -25.813  -73.559  -27.907 0.5000000000
4632  -25.877  -75.029  -28.961 0.5000000000
4643  -27.534  -74.566  -30.375 0.5000000000
4650  -28.236  -74.729  -31.617 0.6999999881
4660  -32.325  -75.302  -32.403 0.5000000000
4668  -28.982  -73.780  -33.432 0.6999999881
5091  -22.562  -72.820  -24.499 0.5000000000
5111  -20.045  -73.931  -25.757 0.5000000000
5114  -23.016  -73.888  -25.896 0.5000000000
5115  -23.902  -73.597  -26.107 0.5000000000
5116  -24.507  -73.354  -26.445 0.5000000000
5123  -24.753  -73.733  -26.892 0.5000000000
5124  -25.301  -73.375  -27.279 0.4000000060
5144  -27.062  -73.096  -30.255 0.6000000238
5145  -27.495  -73.695  -30.640 0.6000000238
5146  -31.411  -73.403  -30.410 0.5000000000
5153  -28.001  -73.959  -31.727 0.6000000238
5163  -30.749  -73.356  -32.241 0.6000000238
5169  -25.465  -73.517  -34.650 0.6000000238
5171  -27.619  -73.499  -33.518 0.6999999881
5186  -29.859  -73.110  -34.236 0.6999999881
5195  -26.324  -73.404  -35.971 0.6000000238
5197  -28.011  -73.153  -35.797 0.6999999881
5200  -30.942  -72.494  -35.526 0.6999999881
5210  -29.068  -72.240  -36.306 0.6000000238
5582  -22.371  -71.518  -23.890 0.5000000000
5594  -23.459  -71.996  -24.742 0.5000000000
5623  -25.032  -72.821  -26.791 0.5000000000
5635  -26.414  -72.871  -28.902 0.5000000000
5645  -26.027  -72.080  -29.260 0.5000000000
5657  -26.026  -71.880  -30.206 0.6000000238
5659  -27.159  -73.045  -31.066 0.5000000000
5674  -27.317  -73.184  -31.904 0.6000000238
5687  -25.661  -72.464  -32.418 0.6000000238
5690  -31.949  -71.851  -32.533 0.6000000238
5703  -24.123  -72.679  -33.463 0.6999999881
5707  -31.628  -72.119  -34.134 0.6000000238
5710  -35.042  -72.248  -34.023 0.4000000060
5711  -35.950  -72.299  -33.962 0.3000000119
5721  -33.459  -71.809  -34.940 0.4000000060
5724  -36.070  -72.062  -34.471 0.3000000119
5731  -25.560  -73.009  -36.221 0.6000000238
5732  -26.303  -72.879  -36.470 0.6000000238
5733  -29.687  -72.551  -35.878 0.6000000238
5737  -33.060  -71.573  -35.600 0.4000000060
5747  -24.962  -72.214  -36.544 0.6000000238
5748  -25.894  -72.348  -36.774 0.5000000000
5750  -27.514  -72.245  -36.645 0.6000000238
5754  -31.785  -71.696  -36.202 0.6000000238
5759  -27.075  -71.882  -36.900 0.6000000238
5760  -27.764  -71.680  -36.787 0.5000000000
5761  -28.526  -71.496  -36.689 0.6000000238
6181  -21.699  -71.153  -23.454 0.5000000000
6207  -23.713  -71.386  -25.146 0.5000000000
6230  -25.244  -72.080  -27.205 0.5000000000
6245  -25.327  -71.703  -28.725 0.5000000000
6267  -31.973  -71.813  -29.118 0.4000000060
6270  -34.146  -70.825  -29.904 0.4000000060
6281  -22.117  -71.475  -31.123 0.5000000000
6285  -25.362  -71.733  -30.550 0.6000000238
6288  -35.222  -71.092  -31.192 0.4000000060
6304  -35.754  -71.588  -32.113 0.4000000060
6312  -24.273  -72.050  -31.970 0.6000000238
6316  -37.886  -71.686  -32.917 0.3000000119
6324  -23.536  -72.198  -32.887 0.6999999881
6327  -38.133  -71.509  -33.401 0.3000000119
6332  -23.717  -72.166  -35.217 0.6000000238
6334  -34.882  -71.708  -35.099 0.4000000060
6336  -36.451  -71.634  -34.740 0.3000000119
6347  -34.635  -71.145  -35.592 0.4000000060
6348  -35.332  -70.935  -35.641 0.4000000060
6361  -33.208  -70.733  -36.107 0.4000000060
6368  -27.179  -71.341  -36.988 0.5000000000
6371  -30.058  -70.740  -36.597 0.5000000000
6827  -33.898  -69.920  -22.372 0.3000000119
6853  -22.004  -70.279  -24.037 0.5000000000
6854  -22.615  -70.693  -24.339 0.5000000000
6864  -22.841  -70.345  -25.098 0.5000000000
6867  -36.541  -70.103  -25.762 0.3000000119
6878  -33.005  -69.965  -26.795 0.3000000119
6889  -24.419  -71.219  -26.560 0.5000000000
6893  -34.218  -70.182  -27.770 0.3000000119
6909  -33.530  -70.576  -28.336 0.4000000060
6911  -35.783  -70.099  -28.879 0.4000000060
6927  -21.909  -71.370  -29.839 0.5000000000
6931  -36.497  -70.129  -29.355 0.4000000060
6934  -39.758  -70.347  -29.935 0.3000000119
6985  -37.617  -70.819  -34.749 0.3000000119
6986  -38.376  -70.563  -34.467 0.3000000119
6992  -23.812  -70.796  -35.896 0.6999999881
6995  -34.809  -70.467  -35.981 0.4000000060
7007  -24.764  -71.116  -36.746 0.6000000238
7009  -26.024  -70.367  -37.118 0.5000000000
7012  -32.861  -70.217  -36.237 0.4000000060
7014  -34.286  -70.006  -36.143 0.4000000060
7020  -26.601  -70.900  -37.113 0.5000000000
7023  -29.459  -70.328  -36.681 0.5000000000
7024  -30.383  -70.144  -36.579 0.5000000000
7432  -34.654  -69.525  -21.359 0.3000000119
7453  -32.679  -69.694  -23.684 0.3000000119
7470  -34.151  -69.168  -24.115 0.3000000119
7482  -32.529  -69.518  -25.014 0.3000000119
7484  -34.176  -69.319  -25.507 0.3000000119
7491  -22.215  -69.963  -25.534 0.5000000000
7492  -32.750  -69.665  -25.935 0.3000000119
7494  -34.574  -69.461  -26.132 0.3000000119
7500  -21.298  -69.820  -26.600 0.5000000000
7501  -22.160  -69.901  -26.395 0.5000000000
7502  -34.595  -69.792  -26.909 0.3000000119
7509  -35.865  -70.016  -27.931 0.3000000119
7567  -25.084  -69.402  -36.513 0.6000000238
7568  -35.682  -69.480  -35.941 0.4000000060
7570  -37.436  -69.308  -35.324 0.4000000060
7586  -34.449  -69.383  -36.145 0.4000000060
7590  -26.889  -70.170  -37.071 0.5000000000
7593  -29.796  -69.622  -36.663 0.5000000000
7595  -31.548  -69.184  -36.499 0.4000000060
8031  -35.624  -68.519  -21.288 0.3000000119
8045  -35.977  -68.602  -22.722 0.3000000119
8058  -19.686  -67.818  -27.885 0.6000000238
8069  -19.854  -68.385  -29.335 0.6000000238
8070  -20.685  -68.194  -29.738 0.5000000000
8077  -20.329  -69.087  -30.288 0.5000000000
8102  -23.294  -68.311  -34.117 0.6000000238
8111  -24.162  -68.109  -34.867 0.6000000238
8127  -36.961  -68.750  -35.379 0.4000000060
8138  -28.447  -68.118  -36.363 0.5000000000
8139  -31.256  -67.961  -36.529 0.5000000000
8143  -34.560  -68.837  -36.023 0.4000000060
8144  -28.254  -69.296  -36.785 0.5000000000
8146  -30.125  -68.880  -36.672 0.5000000000
8596  -20.716  -67.193  -26.479 0.5000000000
8620  -21.247  -67.560  -29.337 0.6000000238
8642  -22.569  -68.050  -32.761 0.6999999881
8646  -35.142  -67.522  -33.452 0.5000000000
8656  -24.557  -67.337  -34.304 0.6000000238
8670  -33.560  -67.375  -35.323 0.5000000000
8690  -32.765  -67.091  -35.903 0.4000000060
8692  -34.045  -67.992  -35.586 0.4000000060
8693  -35.519  -68.401  -35.495 0.4000000060
8695  -37.389  -68.246  -35.023 0.4000000060
8700  -26.316  -68.250  -36.043 0.5000000000
8703  -29.902  -67.326  -36.338 0.5000000000
8706  -32.427  -67.614  -36.190 0.4000000060
8708  -33.861  -68.351  -35.842 0.4000000060
9133  -21.140  -65.831  -24.472 0.6999999881
9134  -21.693  -66.137  -24.490 0.6999999881
9143  -20.234  -66.220  -25.322 0.6000000238
9146  -22.559  -66.440  -24.918 0.6000000238
9148  -25.005  -66.218  -24.944 0.6000000238
9149  -25.602  -66.128  -25.821 0.6000000238
9163  -22.228  -66.582  -25.804 0.6000000238
9177  -18.779  -66.968  -27.157 0.4000000060
9179  -22.888  -66.655  -27.302 0.5000000000
9180  -23.667  -66.555  -27.561 0.5000000000
9193  -23.648  -66.465  -29.036 0.6000000238
9195  -25.356  -65.799  -28.679 0.6000000238
9214  -37.593  -66.057  -29.823 0.4000000060
9232  -34.043  -66.109  -30.904 0.4000000060
9235  -38.091  -66.243  -30.566 0.4000000060
9246  -22.957  -67.176  -31.309 0.6999999881
9247  -24.238  -66.553  -31.812 0.6999999881
9248  -25.012  -66.115  -31.255 0.6000000238
9250  -30.674  -66.110  -31.730 0.5000000000
9251  -31.476  -66.147  -32.213 0.5000000000
9253  -33.432  -66.561  -31.598 0.5000000000
9255  -35.250  -66.775  -31.735 0.4000000060
9256  -36.159  -66.725  -31.891 0.5000000000
9269  -25.507  -66.132  -32.723 0.6000000238
9272  -31.517  -65.859  -33.052 0.5000000000
9274  -33.574  -66.977  -32.674 0.5000000000
9279  -38.917  -66.143  -33.368 0.4000000060
9290  -26.644  -66.312  -34.050 0.6000000238
9295  -36.633  -67.353  -33.812 0.4000000060
9296  -39.285  -66.303  -34.027 0.4000000060
9307  -25.425  -67.037  -34.535 0.6000000238
9309  -27.169  -66.460  -34.506 0.6000000238
9311  -32.191  -65.513  -34.681 0.5000000000
9312  -32.678  -65.922  -35.169 0.5000000000
9315  -39.691  -66.775  -34.398 0.4000000060
9324  -26.449  -67.283  -35.298 0.6000000238
9325  -27.917  -66.673  -35.240 0.5000000000
9326  -28.766  -66.325  -35.261 0.5000000000
9330  -32.439  -66.225  -35.735 0.4000000060
9332  -28.424  -66.925  -35.686 0.5000000000
9333  -29.331  -66.675  -35.831 0.5000000000
9335  -31.308  -66.529  -36.126 0.4000000060
9803  -22.787  -64.629  -23.164 0.6000000238
9804  -23.430  -65.046  -23.094 0.6000000238
9808  -26.942  -65.130  -23.866 0.6000000238
9817  -21.065  -65.452  -24.378 0.6000000238
9820  -24.699  -65.960  -23.958 0.6000000238
9822  -27.454  -65.314  -24.551 0.5000000000
9839  -27.501  -65.585  -25.414 0.5000000000
9850  -19.395  -65.700  -26.171 0.4000000060
9853  -28.930  -65.629  -26.605 0.5000000000
9855  -30.627  -65.239  -26.434 0.6000000238
9856  -31.450  -65.129  -26.915 0.6000000238
9869  -28.697  -65.716  -27.362 0.5000000000
9890  -25.881  -65.451  -29.240 0.6000000238
9896  -32.669  -65.288  -28.557 0.5000000000
9919  -28.054  -65.369  -29.271 0.6000000238
9920  -29.476  -66.056  -29.233 0.6999999881
9923  -32.272  -65.809  -29.285 0.5000000000
9941  -25.649  -65.547  -29.958 0.6000000238
9942  -27.329  -65.127  -30.447 0.6000000238
9970  -27.653  -65.837  -33.182 0.6000000238
9971  -28.568  -65.689  -32.502 0.6000000238
9973  -30.183  -65.682  -33.280 0.6000000238
9982  -28.159  -66.037  -33.910 0.6000000238
9985  -30.574  -65.462  -34.128 0.6000000238
9986  -31.343  -65.359  -34.553 0.5000000000
10007  -30.099  -65.667  -35.054 0.5000000000
10519  -24.096  -64.059  -22.551 0.6000000238
10532  -22.737  -63.894  -23.254 0.6000000238
10534  -25.093  -64.853  -22.941 0.6000000238
10535  -26.137  -64.888  -23.294 0.6000000238
10536  -27.395  -64.567  -23.428 0.5000000000
10549  -20.795  -65.204  -24.577 0.6000000238
10562  -20.362  -65.143  -25.055 0.6000000238
10563  -20.890  -64.632  -24.743 0.5000000000
10566  -31.926  -64.117  -25.866 0.5000000000
10591  -19.572  -64.937  -26.751 0.5000000000
10593  -32.375  -64.719  -27.065 0.4000000060
10611  -20.602  -64.159  -28.591 0.5000000000
11216  -25.262  -63.555  -22.197 0.6000000238
11245  -23.028  -62.974  -23.682 0.5000000000
11255  -21.313  -63.921  -25.278 0.5000000000
11259  -32.906  -62.987  -25.811 0.4000000060
11317  -23.300  -62.805  -30.049 0.6000000238
11876  -25.988  -62.116  -21.657 0.6000000238
11888  -23.996  -62.926  -22.589 0.6000000238
11921  -31.658  -62.775  -25.157 0.5000000000
11922  -32.315  -62.840  -25.494 0.4000000060
11923  -32.642  -62.308  -25.584 0.5000000000
11935  -22.757  -62.769  -25.687 0.6000000238
11938  -33.724  -62.410  -25.478 0.4000000060
11976  -23.169  -62.732  -29.303 0.5000000000
12571  -25.428  -61.580  -21.717 0.5000000000
12624  -32.715  -61.663  -25.672 0.4000000060
13305  -24.480  -60.171  -21.794 0.6999999881
13306  -25.639  -60.864  -21.540 0.5000000000
13356  -23.351  -59.844  -25.326 0.6999999881
13382  -23.659  -60.700  -26.530 0.6999999881
13409  -32.725  -60.085  -26.512 0.4000000060
13419  -23.017  -60.135  -28.880 0.6000000238
13420  -23.540  -60.835  -28.453 0.6999999881
14087  -25.671  -59.639  -21.270 0.5000000000
14099  -22.644  -59.074  -22.654 0.5000000000
14143  -22.703  -59.425  -26.603 0.6000000238
14155  -22.068  -58.997  -27.000 0.6999999881
14863  -20.545  -57.722  -22.220 0.6000000238
14890  -15.493  -58.206  -24.117 0.5000000000
14891  -16.194  -58.606  -24.039 0.6000000238
14902  -14.619  -58.366  -25.541 0.6000000238
14907  -19.347  -58.567  -24.832 0.6000000238
14908  -20.922  -58.624  -25.788 0.6999999881
14942  -15.055  -58.698  -27.299 0.6000000238
14945  -19.541  -58.678  -27.902 0.6000000238
14947  -21.344  -58.792  -27.322 0.5000000000
15637  -23.176  -57.231  -20.898 0.6000000238
15643  -22.002  -57.524  -21.517 0.6000000238
15646  -25.628  -57.709  -20.818 0.5000000000
15664  -16.554  -57.780  -23.092 0.6000000238
15665  -17.417  -57.915  -22.817 0.6000000238
15679  -13.904  -57.235  -25.843 0.5000000000
16377  -18.090  -56.626  -22.475 0.6000000238
16378  -19.613  -56.577  -22.117 0.6000000238
16380  -21.152  -56.365  -21.620 0.6999999881
16397  -14.661  -56.149  -25.228 0.5000000000
16410  -13.622  -56.514  -26.351 0.5000000000
17101  -23.771  -55.778  -20.753 0.5000000000
17110  -22.330  -55.647  -21.335 0.6999999881
17121  -21.854  -55.074  -21.818 0.6999999881
17144  -19.414  -54.669  -23.674 0.6000000238
17155  -16.579  -55.003  -24.802 0.4000000060
17172  -14.370  -55.342  -26.795 0.5000000000
17845  -24.129  -54.634  -20.929 0.5000000000
17847  -25.806  -54.547  -20.780 0.5000000000
17877  -21.113  -54.082  -23.381 0.6000000238
17888  -20.951  -53.762  -24.359 0.6999999881
17900  -20.801  -53.591  -25.359 0.6000000238
17910  -19.594  -53.969  -26.942 0.6000000238
17911  -20.486  -53.729  -25.956 0.6000000238
17946  -17.682  -53.866  -28.272 0.5000000000
17947  -19.284  -53.800  -28.681 0.4000000060
17957  -19.154  -53.395  -29.287 0.4000000060
18634  -24.180  -54.007  -21.134 0.6000000238
18635  -25.494  -53.804  -20.939 0.5000000000
18641  -22.768  -53.922  -21.823 0.6000000238
18654  -22.258  -53.491  -22.572 0.6000000238
18680  -21.484  -52.884  -25.665 0.6000000238
18710  -20.976  -53.370  -27.510 0.5000000000
18718  -20.821  -53.136  -28.477 0.5000000000
18725  -20.139  -53.032  -29.442 0.3000000119
18726  -20.595  -52.828  -29.170 0.5000000000
18732  -19.804  -52.413  -29.790 0.3000000119
19468  -23.850  -52.013  -22.320 0.5000000000
19520  -21.632  -52.309  -28.032 0.4000000060
19527  -20.910  -52.140  -29.482 0.4000000060
19535  -20.758  -51.853  -29.733 0.4000000060
20316  -25.200  -51.768  -21.736 0.5000000000
20318  -26.740  -51.496  -21.565 0.4000000060
20360  -22.406  -51.594  -26.245 0.5000000000
20384  -21.230  -51.369  -29.569 0.4000000060
20392  -21.009  -51.300  -29.796 0.4000000060
21206  -26.199  -50.923  -21.931 0.4000000060
21209  -29.140  -50.842  -21.918 0.4000000060
21226  -29.888  -50.975  -22.156 0.4000000060
21227  -30.317  -50.295  -22.329 0.4000000060
21238  -24.561  -50.597  -23.462 0.4000000060
21239  -25.270  -50.147  -23.368 0.4000000060
21250  -25.109  -49.762  -24.158 0.5000000000
21255  -23.714  -50.086  -25.908 0.4000000060
21272  -22.344  -49.897  -28.174 0.3000000119
21273  -22.743  -50.313  -27.333 0.3000000119
21286  -21.233  -50.612  -29.728 0.3000000119
21291  -20.833  -50.733  -29.879 0.3000000119
22122  -28.670  -49.357  -22.012 0.4000000060
22123  -29.607  -49.728  -22.047 0.3000000119
22139  -26.147  -49.264  -23.374 0.4000000060
22163  -15.865  -48.977  -27.029 0.3000000119
22170  -17.702  -49.414  -27.774 0.3000000119
22171  -18.542  -49.819  -28.524 0.4000000060
22178  -20.540  -49.589  -29.791 0.3000000119
22179  -21.520  -49.904  -29.443 0.3000000119
23063  -24.911  -48.759  -24.801 0.3000000119
23077  -22.357  -48.234  -28.135 0.3000000119
23084  -19.561  -48.379  -28.947 0.3000000119
23091  -19.916  -49.163  -29.509 0.3000000119
23094  -21.462  -48.347  -29.291 0.3000000119
23099  -20.869  -48.500  -29.559 0.3000000119
23101  -21.551  -47.816  -29.195 0.3000000119
23956  -15.265  -47.044  -24.770 0.3000000119
23991  -15.397  -46.839  -26.661 0.3000000119
24004  -22.117  -47.766  -28.750 0.3000000119
24020  -20.773  -47.810  -29.571 0.3000000119
24021  -21.490  -47.506  -29.139 0.3000000119
24022  -21.934  -47.423  -29.075 0.3000000119
24878  -14.413  -47.058  -25.176 0.3000000119
24879  -14.828  -46.667  -25.260 0.4000000060
24909  -15.307  -46.284  -26.178 0.4000000060
24920  -17.033  -45.777  -27.573 0.4000000060
24931  -22.111  -46.958  -28.807 0.3000000119
24942  -20.496  -46.393  -28.948 0.3000000119
24943  -20.780  -46.972  -29.249 0.3000000119
24944  -22.073  -46.947  -29.129 0.3000000119
24954  -20.994  -46.953  -29.406 0.3000000119
25774  -15.675  -45.877  -26.048 0.3000000119
25775  -16.278  -45.386  -26.236 0.3000000119
25791  -15.936  -45.777  -26.414 0.4000000060
25792  -16.437  -45.330  -26.712 0.4000000060
25793  -16.813  -44.866  -26.697 0.4000000060
25802  -16.585  -45.389  -27.152 0.4000000060
25815  -17.817  -44.813  -27.820 0.4000000060
25816  -19.583  -44.923  -28.650 0.3000000119
25817  -22.070  -45.304  -29.190 0.3000000119
26629  -17.669  -43.962  -26.869 0.4000000060
26643  -23.070  -44.026  -27.469 0.3000000119
26654  -18.191  -44.288  -27.943 0.4000000060
26670  -22.115  -44.294  -29.444 0.3000000119
27465  -17.838  -43.871  -27.272 0.3000000119
27489  -18.058  -43.874  -27.639 0.3000000119
27490  -18.585  -43.759  -27.999 0.4000000060
27491  -19.217  -43.568  -28.348 0.4000000060
28344  -19.046  -43.051  -27.910 0.3000000119
133240  -23.223  -72.669  -24.840 0.5000000000
134189  -36.153  -72.024  -32.818 0.3000000119
134540  -15.792  -58.771  -26.605 0.6000000238
134658  -29.026  -65.882  -28.705 0.6000000238
134783  -22.259  -46.054  -28.458 0.3000000119
135036  -18.568  -58.597  -27.356 0.6999999881
135042  -16.666  -58.694  -26.570 0.6000000238
135376  -39.035  -71.030  -32.452 0.3000000119
136105  -21.739  -70.426  -28.012 0.5000000000
136202  -25.644  -65.829  -24.362 0.6000000238
136837  -26.340  -65.678  -32.106 0.6000000238
136888  -17.998  -54.088  -27.598 0.4000000060
137181  -23.203  -48.371  -26.511 0.3000000119
137277  -31.483  -72.671  -30.945 0.5000000000
137354  -23.644  -58.801  -21.301 0.5000000000
137680  -36.450  -67.729  -34.661 0.4000000060
137931  -17.337  -47.265  -24.907 0.3000000119
138298  -23.947  -57.455  -20.742 0.5000000000
138311  -21.407  -58.630  -23.640 0.6000000238
138563  -21.528  -49.056  -29.278 0.3000000119
138895  -27.234  -68.571  -36.451 0.5000000000
139312  -22.913  -58.519  -21.545 0.5000000000
139668  -24.443  -69.244  -36.010 0.6000000238
139821  -34.013  -68.960  -36.048 0.4000000060
140012  -30.875  -74.823  -32.951 0.6000000238
140049  -20.086  -53.961  -25.276 0.6000000238
140121  -21.878  -45.076  -29.418 0.3000000119
140182  -22.320  -47.519  -28.180 0.3000000119
140285  -26.537  -67.711  -35.683 0.5000000000
140360  -32.091  -71.194  -36.355 0.4000000060
141096  -29.214  -65.754  -33.323 0.6000000238
141559  -21.123  -49.175  -29.524 0.3000000119
141795  -17.980  -58.649  -25.694 0.6999999881
141796  -28.398  -65.794  -33.336 0.6000000238
142134  -39.582  -66.176  -31.679 0.4000000060
142161  -28.200  -65.657  -26.958 0.5000000000
142317  -17.554  -45.098  -25.861 0.4000000060
142493  -27.862  -50.850  -21.755 0.4000000060
142841  -19.144  -55.259  -22.971 0.6000000238
143444  -17.724  -46.229  -27.890 0.4000000060
143510  -29.879  -77.237  -33.850 0.5000000000
143584  -22.747  -62.916  -27.626 0.6000000238
143894  -34.432  -70.977  -30.607 0.5000000000
144175  -25.296  -74.496  -28.007 0.4000000060
144202  -26.725  -65.684  -27.214 0.5000000000
144208  -17.926  -55.167  -23.510 0.6000000238
144570  -23.286  -62.475  -28.067 0.6000000238
144788  -24.382  -61.250  -22.459 0.6000000238
144960  -39.831  -72.354  -27.673 0.3000000119
145016  -28.193  -67.522  -36.032 0.5000000000
145048  -23.181  -51.238  -24.735 0.5000000000
145687  -25.588  -65.848  -28.042 0.6000000238
146337  -27.768  -65.556  -32.313 0.6000000238
146464  -22.653  -71.646  -30.719 0.5000000000
147027  -15.273  -54.397  -27.706 0.5000000000
147270  -24.380  -71.252  -28.603 0.5000000000
147690  -19.000  -66.357  -26.638 0.6000000238
147800  -20.974  -52.633  -28.905 0.4000000060
148118  -24.654  -73.184  -34.106 0.6000000238
148349  -16.498  -58.766  -24.827 0.6000000238
148474  -23.772  -62.087  -30.491 0.5000000000
148590  -23.393  -70.723  -25.377 0.5000000000
148961  -27.514  -75.375  -30.579 0.6999999881
149224  -23.431  -67.042  -31.945 0.6999999881
149390  -23.228  -71.894  -32.086 0.6000000238
149474  -21.577  -67.967  -30.757 0.6000000238
149590  -20.267  -44.773  -28.888 0.3000000119
149638  -21.812  -67.266  -29.876 0.6000000238
150595  -21.119  -53.054  -27.992 0.4000000060
151228  -23.396  -59.804  -23.906 0.6000000238
152923  -19.988  -52.671  -29.696 0.3000000119
153167  -36.814  -71.972  -32.918 0.3000000119
153577  -39.124  -70.989  -33.051 0.3000000119
153651  -23.773  -61.487  -25.204 0.6000000238
154455  -21.612  -59.103  -28.520 0.5000000000
154521  -28.639  -68.729  -36.620 0.5000000000
154707  -34.459  -69.206  -24.888 0.3000000119
154755  -21.724  -45.501  -29.359 0.3000000119
155285  -19.204  -66.985  -26.559 0.6000000238
155481  -23.337  -60.451  -31.070 0.5000000000
155576  -14.946  -57.402  -24.423 0.5000000000
155752  -20.310  -67.779  -27.873 0.6000000238
155891  -21.602  -53.110  -24.185 0.6000000238
156116  -17.854  -58.614  -24.186 0.6999999881
156210  -18.017  -48.088  -24.548 0.3000000119
156297  -29.355  -65.453  -25.913 0.4000000060
156611  -32.783  -66.417  -31.476 0.5000000000
156671  -23.307  -66.511  -25.110 0.6000000238
156692  -23.097  -66.619  -29.465 0.6999999881
157066  -14.882  -56.579  -24.649 0.5000000000
157954  -17.218  -44.438  -26.663 0.4000000060
158031  -20.704  -56.102  -21.781 0.6000000238
158259  -37.307  -70.382  -30.259 0.4000000060
158462  -25.739  -58.390  -20.987 0.5000000000
158554  -20.662  -58.808  -28.435 0.5000000000
158712  -32.420  -65.986  -33.572 0.5000000000
158729  -22.783  -71.738  -32.768 0.5000000000
158929  -30.194  -66.127  -31.243 0.5000000000
159981  -22.432  -70.342  -27.661 0.5000000000
160196  -19.095  -58.682  -26.508 0.6999999881
