#!ascii label  , from subject ICBM2009cNolinAsym vox2ras=TkReg
2044
4210  -13.380  -75.095  -35.540 0.5000000000
4162  -11.631  -76.200  -32.457 0.5000000000
4127  -10.994  -75.804  -30.117 0.5000000000
3676  -10.025  -76.294  -29.787 0.5000000000
5203  -13.865  -73.224  -36.068 0.5000000000
4696  -13.078  -73.955  -36.133 0.5000000000
4686  -14.376  -74.189  -35.541 0.5000000000
4195  -14.108  -74.778  -35.041 0.5000000000
4675  -14.661  -74.539  -34.254 0.6000000238
4178  -13.403  -75.521  -33.975 0.5000000000
146916  -9.381  -77.488  -29.767 0.5000000000
4163  -12.248  -76.010  -33.109 0.5000000000
3264  -8.972  -77.708  -28.118 0.5000000000
4128  -11.772  -75.572  -30.833 0.6000000238
3670  -9.819  -76.420  -28.846 0.6000000238
148096  -11.940  -75.392  -30.076 0.6000000238
4109  -10.654  -75.915  -29.066 0.6000000238
3654  -9.401  -77.259  -27.608 0.6999999881
4110  -11.641  -75.428  -29.220 0.6999999881
4087  -10.505  -76.236  -27.394 0.6999999881
4089  -11.896  -75.187  -27.200 0.6999999881
4088  -11.175  -75.806  -26.843 0.6999999881
3656  -10.677  -76.505  -26.597 0.6999999881
5204  -14.845  -72.871  -36.358 0.5000000000
4687  -15.248  -73.945  -35.445 0.6000000238
146521  -15.484  -73.301  -36.155 0.6000000238
5192  -16.106  -73.677  -35.669 0.6000000238
4164  -13.273  -75.069  -32.021 0.5000000000
2848  -9.743  -77.999  -27.034 0.5000000000
2482  -10.234  -78.811  -28.192 0.5000000000
3265  -13.074  -77.890  -28.027 0.6999999881
2850  -11.201  -78.124  -26.913 0.6999999881
2864  -12.139  -78.172  -27.290 0.6999999881
4148  -12.501  -75.368  -31.431 0.6000000238
4149  -13.175  -74.954  -31.231 0.6999999881
3247  -11.905  -77.609  -26.284 0.6999999881
4625  -12.582  -75.059  -29.584 0.6999999881
158191  -12.476  -74.905  -28.365 0.6999999881
3235  -12.708  -76.736  -25.543 0.6999999881
141967  -12.539  -74.660  -27.310 0.6999999881
4597  -12.360  -74.901  -26.362 0.6999999881
4079  -11.449  -76.139  -26.065 0.6999999881
3636  -13.034  -76.209  -25.278 0.6999999881
4587  -13.006  -74.442  -25.868 0.6999999881
4580  -13.330  -74.882  -25.148 0.6999999881
4068  -13.475  -75.556  -24.992 0.6999999881
4568  -14.165  -74.384  -24.747 0.6999999881
133853  -15.057  -72.266  -36.755 0.5000000000
5755  -16.263  -72.013  -37.164 0.6000000238
5756  -17.256  -72.034  -37.184 0.6000000238
5205  -16.399  -73.186  -36.385 0.6000000238
5744  -17.752  -72.577  -36.877 0.6000000238
4676  -15.410  -74.223  -34.445 0.6000000238
149784  -16.848  -73.530  -35.780 0.6000000238
4655  -14.370  -74.186  -32.494 0.6000000238
4654  -13.931  -74.509  -32.082 0.6999999881
3259  -12.879  -77.684  -26.821 0.6999999881
3272  -14.285  -77.032  -29.052 0.6999999881
3672  -14.931  -76.545  -29.139 0.6999999881
4648  -14.253  -73.915  -31.778 0.6999999881
3266  -13.959  -77.294  -28.173 0.6999999881
4130  -15.879  -76.008  -30.074 0.6999999881
4638  -13.550  -74.613  -30.702 0.6999999881
5141  -13.937  -74.109  -29.980 0.6999999881
145758  -12.767  -77.261  -25.946 0.6999999881
3248  -13.579  -77.231  -26.433 0.6999999881
3664  -14.652  -76.754  -28.322 0.6999999881
4097  -15.682  -75.994  -28.245 0.6999999881
4626  -13.282  -74.542  -29.244 0.6999999881
5134  -13.882  -73.930  -28.993 0.6999999881
3648  -13.380  -76.797  -25.640 0.6999999881
4090  -15.713  -75.974  -27.316 0.6999999881
5109  -13.464  -73.801  -26.376 0.6999999881
3638  -14.850  -76.098  -25.479 0.6999999881
3249  -14.245  -76.742  -26.029 0.6999999881
5100  -13.656  -74.023  -25.449 0.6999999881
4069  -14.304  -75.537  -24.789 0.6999999881
4070  -15.525  -75.509  -25.164 0.6999999881
5101  -14.313  -73.533  -25.108 0.6999999881
151647  -15.665  -74.885  -24.508 0.6999999881
5086  -15.474  -73.634  -24.213 0.6999999881
7003  -15.473  -70.507  -37.014 0.5000000000
6362  -16.201  -71.040  -37.259 0.6000000238
7017  -17.845  -70.521  -37.280 0.6000000238
7575  -16.665  -69.406  -36.931 0.5000000000
7589  -18.269  -69.755  -37.102 0.6000000238
8129  -14.948  -69.100  -36.063 0.5000000000
148923  -15.618  -69.829  -36.834 0.5000000000
145015  -18.244  -71.091  -37.255 0.6000000238
8134  -19.706  -68.518  -36.597 0.6000000238
149256  -18.415  -72.357  -36.712 0.6000000238
6366  -19.150  -70.511  -37.019 0.6000000238
4667  -15.718  -73.922  -33.673 0.6000000238
4656  -14.830  -73.949  -32.899 0.6999999881
137507  -16.346  -73.504  -33.370 0.6999999881
5151  -14.555  -73.202  -31.366 0.6999999881
159833  -15.373  -72.900  -32.298 0.6999999881
4131  -16.640  -75.565  -30.319 0.6999999881
5135  -14.403  -73.347  -29.503 0.6999999881
5143  -14.930  -72.647  -30.848 0.6999999881
146652  -16.137  -75.655  -28.709 0.6999999881
4132  -17.412  -75.205  -30.437 0.6999999881
5652  -14.904  -72.769  -29.936 0.6999999881
4098  -16.270  -75.559  -27.957 0.6999999881
4113  -17.054  -75.146  -29.665 0.6999999881
4151  -17.707  -75.766  -31.993 0.6999999881
5613  -14.455  -72.782  -26.974 0.6000000238
4091  -16.324  -75.478  -26.975 0.6999999881
143075  -17.531  -74.754  -28.300 0.6999999881
4627  -17.704  -74.886  -29.852 0.6999999881
136697  -17.899  -75.321  -31.126 0.6999999881
5110  -14.009  -73.312  -26.051 0.6999999881
4082  -16.293  -75.359  -25.909 0.6999999881
4589  -17.771  -74.547  -26.148 0.6000000238
137399  -18.271  -74.486  -28.052 0.6999999881
152579  -18.103  -74.569  -28.766 0.6999999881
5590  -15.730  -72.714  -24.260 0.6000000238
4058  -15.022  -74.430  -24.396 0.6999999881
4570  -16.864  -74.041  -23.973 0.6999999881
4581  -16.465  -74.627  -24.554 0.6999999881
4582  -17.356  -74.441  -24.832 0.6000000238
4601  -18.478  -74.373  -27.153 0.6000000238
5591  -16.551  -72.426  -23.937 0.6000000238
137824  -16.436  -73.357  -23.840 0.6000000238
4571  -17.830  -73.913  -24.157 0.6000000238
5088  -18.878  -73.684  -24.500 0.5000000000
4583  -18.304  -74.175  -25.175 0.5000000000
150868  -19.534  -74.042  -26.286 0.5000000000
5069  -17.946  -72.737  -23.518 0.6000000238
5070  -18.735  -72.709  -23.507 0.5000000000
149502  -19.039  -73.181  -23.882 0.5000000000
7576  -17.890  -69.061  -36.876 0.6000000238
155485  -16.884  -68.112  -36.205 0.6000000238
8699  -19.719  -67.651  -36.255 0.5000000000
9323  -20.090  -66.209  -35.262 0.6999999881
8131  -16.557  -68.806  -36.486 0.5000000000
155250  -16.771  -67.425  -35.907 0.6000000238
9320  -17.715  -66.410  -35.668 0.6000000238
9318  -15.054  -67.026  -35.313 0.6000000238
157929  -15.359  -67.703  -35.550 0.6000000238
148237  -20.397  -68.236  -36.059 0.4000000060
8682  -15.933  -67.184  -35.568 0.6000000238
7006  -19.916  -69.655  -36.331 0.5000000000
5746  -19.325  -71.789  -36.171 0.6000000238
143670  -18.311  -73.344  -34.767 0.6000000238
5157  -16.062  -72.936  -32.569 0.6999999881
5168  -17.292  -73.380  -33.526 0.6000000238
5669  -15.577  -72.301  -31.143 0.6999999881
5633  -15.212  -72.423  -28.534 0.6000000238
5643  -15.981  -72.073  -29.684 0.6000000238
5614  -15.189  -72.239  -26.648 0.6000000238
135709  -19.115  -74.328  -27.913 0.6000000238
4614  -18.830  -74.481  -28.734 0.6000000238
4641  -19.022  -74.879  -30.256 0.6999999881
4152  -18.414  -75.517  -31.632 0.6999999881
4166  -18.659  -75.810  -32.407 0.6999999881
5604  -15.447  -72.177  -25.411 0.6000000238
4602  -19.367  -74.170  -27.043 0.6000000238
140638  -18.613  -75.659  -34.419 0.6999999881
6177  -17.633  -71.599  -23.942 0.6000000238
5103  -19.699  -73.752  -25.013 0.4000000060
4591  -20.343  -74.175  -26.722 0.4000000060
137714  -20.034  -74.335  -27.741 0.5000000000
4615  -19.718  -74.502  -28.613 0.6000000238
4134  -19.524  -75.285  -30.886 0.6000000238
4181  -19.295  -75.529  -33.825 0.6000000238
6179  -19.180  -71.378  -23.274 0.5000000000
6180  -19.963  -71.711  -23.139 0.5000000000
155219  -19.961  -72.384  -23.353 0.5000000000
5089  -19.855  -73.375  -24.270 0.5000000000
4616  -20.620  -74.637  -28.445 0.4000000060
4630  -20.261  -74.834  -29.284 0.6000000238
10671  -20.496  -64.620  -35.243 0.6000000238
9322  -19.398  -66.342  -35.602 0.6000000238
9994  -21.244  -65.290  -34.366 0.6000000238
10001  -17.235  -65.757  -35.350 0.6000000238
9992  -18.633  -65.314  -35.283 0.5000000000
10665  -18.946  -63.990  -35.022 0.6000000238
11344  -18.724  -63.150  -34.672 0.6000000238
9306  -20.329  -66.467  -34.766 0.6000000238
9304  -15.670  -66.335  -35.301 0.6999999881
10664  -17.412  -64.503  -34.695 0.6000000238
11341  -18.058  -62.932  -34.202 0.6000000238
7554  -20.508  -68.898  -35.486 0.5000000000
8666  -20.347  -67.531  -34.813 0.6000000238
9988  -14.469  -65.462  -34.559 0.6000000238
10657  -16.969  -63.929  -34.136 0.6999999881
6990  -19.844  -70.313  -36.015 0.5000000000
10662  -15.139  -64.816  -34.420 0.6999999881
5730  -19.396  -72.094  -35.433 0.6000000238
10655  -14.923  -64.236  -33.771 0.6000000238
5683  -16.644  -72.459  -32.140 0.6000000238
5181  -18.163  -73.195  -33.795 0.6000000238
153828  -17.532  -72.492  -32.351 0.6000000238
5654  -16.180  -72.072  -30.552 0.6000000238
6239  -16.216  -71.928  -28.191 0.6000000238
6226  -16.542  -71.717  -27.367 0.6000000238
6871  -18.839  -70.579  -26.096 0.6000000238
134046  -16.831  -71.482  -25.243 0.6000000238
6863  -19.528  -69.994  -24.943 0.6000000238
6835  -18.836  -70.853  -23.677 0.6000000238
4135  -20.367  -75.519  -30.729 0.6000000238
143546  -19.986  -75.709  -31.539 0.6000000238
141251  -20.047  -75.547  -33.170 0.6000000238
6836  -19.579  -70.464  -23.584 0.5000000000
5581  -21.550  -71.922  -23.481 0.5000000000
5592  -21.277  -72.729  -23.822 0.5000000000
4198  -20.834  -74.855  -34.515 0.6000000238
4617  -21.522  -74.866  -28.256 0.4000000060
135334  -21.217  -75.754  -30.556 0.6000000238
4169  -21.396  -75.902  -32.124 0.6000000238
11346  -21.645  -63.842  -35.043 0.6000000238
152471  -21.585  -63.072  -35.002 0.5000000000
141442  -22.333  -63.208  -34.802 0.6000000238
11342  -23.451  -63.718  -33.466 0.5000000000
10666  -19.843  -64.238  -35.235 0.6000000238
12694  -21.230  -61.484  -34.449 0.6000000238
10668  -21.589  -64.645  -34.803 0.5000000000
10659  -21.949  -64.762  -34.145 0.5000000000
9967  -21.374  -65.166  -33.625 0.5000000000
147542  -20.159  -62.764  -34.920 0.5000000000
10667  -20.705  -63.602  -35.162 0.6000000238
11993  -19.146  -61.813  -34.292 0.5000000000
9979  -20.618  -65.746  -33.847 0.6000000238
11339  -16.507  -63.345  -33.383 0.6999999881
143254  -17.137  -62.541  -33.250 0.6000000238
11990  -16.589  -62.540  -32.785 0.6000000238
157224  -19.620  -71.666  -34.817 0.5000000000
11336  -13.936  -64.053  -32.853 0.5000000000
11988  -15.204  -63.307  -32.608 0.6999999881
5700  -18.662  -72.486  -33.211 0.5000000000
5655  -17.091  -72.031  -30.786 0.5000000000
6259  -16.542  -71.935  -29.028 0.6000000238
6228  -18.150  -71.319  -27.244 0.6000000238
6227  -17.373  -71.520  -27.313 0.5000000000
6883  -18.960  -70.907  -27.071 0.6000000238
6217  -18.220  -71.035  -26.403 0.6000000238
7451  -20.858  -69.938  -23.824 0.5000000000
4100  -21.999  -75.363  -28.885 0.5000000000
4136  -22.088  -75.866  -30.403 0.5000000000
137095  -21.952  -75.756  -32.886 0.6000000238
4199  -21.604  -75.235  -33.869 0.6000000238
148000  -22.866  -61.800  -34.263 0.6000000238
11994  -23.457  -62.367  -34.118 0.6000000238
13478  -21.415  -60.642  -33.930 0.6000000238
10651  -22.832  -64.342  -33.001 0.5000000000
12693  -20.104  -61.808  -34.544 0.6000000238
12689  -19.436  -61.006  -33.999 0.6999999881
9966  -20.650  -65.350  -32.966 0.6000000238
12687  -17.613  -61.521  -33.193 0.6000000238
12688  -18.440  -61.437  -33.722 0.6000000238
135559  -20.087  -66.119  -33.729 0.6000000238
11985  -15.319  -62.570  -32.200 0.6000000238
12686  -16.986  -61.766  -32.737 0.6000000238
7553  -20.219  -69.495  -34.798 0.5000000000
150143  -18.155  -72.099  -31.955 0.5000000000
11335  -13.177  -64.468  -32.657 0.5000000000
11332  -14.564  -63.236  -32.231 0.6000000238
6260  -17.405  -71.793  -29.248 0.5000000000
6242  -18.700  -71.484  -28.931 0.6000000238
138719  -17.901  -71.590  -27.894 0.5000000000
6884  -19.715  -70.575  -27.154 0.5000000000
6872  -19.488  -70.112  -25.836 0.5000000000
3681  -22.596  -76.036  -31.076 0.6000000238
4170  -22.376  -75.987  -31.991 0.6000000238
12691  -22.801  -60.888  -33.421 0.6000000238
12692  -23.405  -61.484  -33.696 0.5000000000
11334  -23.999  -63.043  -33.004 0.5000000000
13469  -21.459  -60.141  -33.334 0.6999999881
11333  -23.422  -63.739  -32.495 0.5000000000
13467  -19.786  -60.070  -33.528 0.6999999881
13468  -20.705  -60.003  -33.500 0.6000000238
10645  -22.582  -64.238  -32.029 0.5000000000
13466  -18.816  -60.377  -33.350 0.6000000238
10650  -21.394  -64.919  -32.722 0.5000000000
9978  -19.827  -65.844  -33.036 0.6000000238
13454  -16.771  -60.440  -32.144 0.6999999881
148641  -19.283  -67.157  -33.682 0.6000000238
12682  -15.758  -61.065  -31.895 0.6000000238
8100  -19.108  -68.326  -33.695 0.6000000238
11981  -13.484  -62.290  -31.612 0.6999999881
142274  -14.706  -62.121  -31.889 0.6999999881
136647  -19.524  -71.588  -34.045 0.5000000000
6982  -19.804  -70.235  -33.979 0.5000000000
11983  -13.574  -63.272  -31.451 0.6000000238
142963  -19.051  -71.910  -32.910 0.5000000000
11326  -13.207  -63.970  -31.134 0.5000000000
155562  -18.785  -71.642  -31.561 0.6000000238
5656  -18.130  -71.939  -31.044 0.5000000000
10634  -12.948  -64.381  -30.559 0.6000000238
6261  -18.252  -71.658  -29.481 0.5000000000
137168  -19.564  -70.952  -27.872 0.6000000238
6885  -20.272  -70.509  -27.654 0.5000000000
14234  -22.076  -60.029  -32.631 0.6999999881
13458  -23.556  -60.747  -32.651 0.5000000000
11982  -24.137  -62.135  -32.557 0.5000000000
15025  -20.267  -59.182  -32.210 0.8000000119
14233  -21.399  -59.663  -32.426 0.6999999881
11328  -23.899  -62.975  -31.993 0.5000000000
11327  -23.117  -63.603  -31.474 0.5000000000
15023  -18.948  -59.000  -32.310 0.6999999881
141981  -19.589  -59.146  -32.598 0.6999999881
14247  -20.790  -59.593  -32.988 0.8000000119
14230  -19.146  -59.433  -32.902 0.6999999881
10639  -22.215  -64.044  -31.035 0.5000000000
14228  -17.017  -59.788  -31.988 0.6999999881
14229  -17.771  -59.458  -32.237 0.6999999881
10649  -20.617  -65.040  -32.046 0.6000000238
10644  -21.524  -64.594  -31.706 0.5000000000
13451  -14.790  -60.449  -31.465 0.6000000238
13453  -16.129  -60.575  -31.825 0.6000000238
8652  -18.769  -67.683  -33.380 0.6000000238
12678  -13.370  -61.312  -31.691 0.6999999881
12681  -14.848  -61.108  -31.750 0.6999999881
135497  -19.642  -71.015  -33.702 0.6000000238
148269  -19.668  -69.140  -33.970 0.6000000238
11980  -13.265  -62.813  -31.017 0.6000000238
6975  -19.401  -70.672  -32.883 0.6000000238
6278  -18.584  -71.645  -30.267 0.6000000238
9914  -13.194  -64.907  -29.692 0.6000000238
6902  -19.437  -71.215  -28.831 0.6000000238
158468  -20.076  -71.055  -29.160 0.5000000000
15012  -20.872  -59.355  -31.942 0.6000000238
14217  -21.937  -59.752  -31.956 0.5000000000
13446  -22.819  -60.053  -31.536 0.5000000000
11325  -23.554  -62.863  -30.973 0.5000000000
15024  -19.556  -58.967  -32.124 0.8000000119
11324  -22.809  -63.450  -30.498 0.5000000000
15022  -18.157  -58.947  -31.981 0.6999999881
9955  -19.743  -65.203  -31.541 0.6000000238
10531  -14.820  -64.147  -23.826 0.6000000238
13445  -15.692  -60.147  -31.441 0.8000000119
11254  -15.377  -63.263  -25.143 0.6000000238
13443  -13.276  -60.362  -31.524 0.6999999881
14214  -14.733  -59.820  -31.163 0.8000000119
9266  -18.947  -66.345  -32.558 0.6000000238
9849  -14.554  -64.864  -26.908 0.6000000238
11978  -12.741  -62.150  -30.693 0.6000000238
7547  -19.168  -69.880  -32.973 0.6000000238
6965  -19.160  -70.269  -31.746 0.6000000238
10608  -14.184  -63.933  -28.684 0.6000000238
10624  -13.524  -63.933  -29.846 0.6000000238
11314  -12.878  -62.694  -30.045 0.6000000238
6295  -19.201  -71.162  -31.243 0.6000000238
10635  -13.370  -63.614  -30.138 0.5000000000
6943  -19.945  -70.988  -29.981 0.5000000000
6925  -20.362  -71.049  -29.643 0.5000000000
6955  -20.585  -70.663  -30.460 0.5000000000
141040  -22.052  -59.704  -30.210 0.5000000000
13435  -22.813  -60.081  -30.673 0.5000000000
14995  -20.514  -59.199  -31.115 0.6000000238
140312  -21.098  -59.315  -30.187 0.5000000000
15009  -18.654  -58.719  -31.748 0.8000000119
14993  -19.156  -58.522  -30.721 0.6999999881
14991  -17.528  -58.279  -30.945 0.8000000119
15007  -16.866  -58.897  -31.232 0.8000000119
10643  -20.471  -64.748  -31.105 0.6000000238
11323  -21.960  -63.848  -30.013 0.5000000000
11887  -14.908  -62.495  -22.946 0.6000000238
15006  -16.014  -59.129  -31.030 0.8000000119
10637  -20.278  -64.498  -30.161 0.5000000000
12611  -15.145  -61.984  -24.657 0.6999999881
11228  -15.180  -63.218  -23.565 0.6000000238
14213  -13.737  -59.711  -31.211 0.8000000119
9265  -18.234  -66.951  -31.914 0.6000000238
9954  -18.843  -65.617  -31.088 0.6000000238
9940  -19.532  -64.960  -30.624 0.6000000238
11934  -14.886  -62.346  -26.300 0.6000000238
8091  -18.273  -68.603  -32.091 0.6000000238
8099  -18.452  -68.281  -33.012 0.6000000238
135426  -17.911  -67.225  -30.880 0.6000000238
158810  -14.883  -64.064  -27.335 0.6000000238
11974  -12.541  -62.463  -29.586 0.6000000238
12675  -12.082  -61.251  -30.570 0.5000000000
7539  -18.756  -69.527  -31.818 0.6000000238
11975  -13.130  -62.853  -28.995 0.6000000238
6296  -19.587  -70.764  -30.706 0.6000000238
7540  -19.341  -69.840  -30.788 0.6000000238
7529  -19.976  -69.569  -30.286 0.5000000000
7541  -20.752  -69.809  -30.719 0.5000000000
6967  -21.106  -70.373  -31.092 0.5000000000
14979  -20.054  -58.822  -29.627 0.6000000238
14977  -18.548  -58.348  -30.302 0.6999999881
12581  -12.996  -61.508  -21.933 0.6000000238
12582  -13.864  -61.785  -22.220 0.6000000238
143142  -17.071  -58.471  -31.032 0.8000000119
10626  -20.138  -64.376  -29.327 0.5000000000
12599  -14.074  -61.484  -23.110 0.6000000238
14975  -15.834  -58.520  -30.247 0.8000000119
10609  -19.512  -64.675  -28.555 0.5000000000
154725  -14.933  -61.679  -24.084 0.6999999881
14198  -13.312  -59.314  -30.796 0.8000000119
9938  -18.319  -65.958  -30.419 0.6000000238
9916  -18.718  -65.309  -29.089 0.6000000238
12619  -13.911  -61.390  -25.748 0.8000000119
13434  -12.429  -60.313  -31.123 0.6999999881
8631  -18.025  -67.860  -31.543 0.6000000238
9206  -18.058  -66.803  -29.337 0.6000000238
12658  -13.853  -61.740  -27.078 0.6999999881
11950  -13.635  -62.097  -27.633 0.6999999881
12672  -11.852  -61.753  -29.703 0.6000000238
8085  -18.239  -68.480  -31.198 0.6000000238
8618  -18.306  -67.486  -29.126 0.6000000238
11970  -14.175  -62.718  -27.822 0.6000000238
8067  -18.457  -68.004  -29.750 0.5000000000
7520  -19.557  -69.112  -30.260 0.5000000000
14978  -19.237  -58.613  -29.697 0.6000000238
14962  -19.988  -58.739  -28.732 0.5000000000
11865  -12.275  -61.268  -20.642 0.6000000238
141791  -18.265  -58.323  -29.475 0.6999999881
12580  -12.363  -60.959  -21.623 0.6000000238
145071  -17.784  -58.183  -30.344 0.6999999881
141792  -17.279  -58.176  -29.456 0.6000000238
12598  -13.106  -61.356  -22.908 0.6000000238
12597  -12.224  -60.986  -22.633 0.6000000238
141793  -16.244  -58.338  -29.469 0.6000000238
14960  -15.209  -58.579  -29.424 0.6999999881
12608  -13.197  -61.338  -24.009 0.8000000119
14974  -14.873  -58.762  -30.088 0.6999999881
12609  -13.687  -61.330  -24.856 0.8000000119
14197  -12.470  -59.542  -30.624 0.8000000119
14972  -13.017  -58.696  -29.732 0.6999999881
13402  -12.688  -61.472  -26.838 0.6999999881
12657  -13.103  -61.679  -27.346 0.6999999881
12668  -11.251  -61.103  -29.473 0.6000000238
14196  -11.806  -59.717  -30.083 0.8000000119
13300  -12.165  -60.668  -20.054 0.6000000238
13304  -12.012  -60.323  -21.378 0.6000000238
13329  -11.223  -60.784  -23.383 0.6999999881
139399  -14.611  -58.603  -28.476 0.6000000238
13330  -12.179  -61.142  -23.659 0.6999999881
13341  -12.166  -61.248  -24.628 0.6999999881
14959  -14.248  -58.657  -29.339 0.6999999881
14958  -13.348  -58.522  -29.120 0.6000000238
13354  -12.244  -61.299  -25.468 0.8000000119
13378  -11.536  -61.291  -26.140 0.6000000238
146051  -11.731  -61.388  -26.914 0.5000000000
14181  -11.115  -59.459  -29.623 0.6999999881
15726  -12.264  -58.365  -29.240 0.6999999881
14940  -13.154  -58.081  -27.814 0.6000000238
13379  -12.440  -61.347  -26.196 0.8000000119
13416  -10.277  -60.572  -28.597 0.6000000238
13417  -10.736  -60.435  -29.307 0.6000000238
14071  -11.845  -59.401  -19.143 0.6000000238
14849  -11.805  -58.599  -20.862 0.6000000238
14098  -11.248  -59.762  -22.128 0.6999999881
14083  -11.750  -59.453  -21.339 0.6000000238
13316  -11.411  -60.322  -22.458 0.6999999881
13328  -10.306  -60.286  -23.275 0.6999999881
13340  -11.239  -61.030  -24.365 0.6999999881
13352  -10.363  -60.908  -25.115 0.6000000238
14941  -14.033  -58.404  -27.607 0.6000000238
135498  -10.509  -61.096  -26.147 0.6000000238
154434  -10.003  -60.683  -27.896 0.6000000238
14901  -13.993  -57.840  -26.050 0.5000000000
15695  -12.593  -57.437  -27.474 0.6000000238
15684  -13.410  -57.278  -26.499 0.5000000000
16404  -14.311  -56.805  -25.331 0.5000000000
15710  -11.745  -57.461  -28.095 0.6000000238
16415  -12.898  -56.639  -27.002 0.5000000000
15631  -10.824  -57.261  -19.345 0.6000000238
155593  -11.702  -57.943  -20.500 0.6000000238
14082  -10.669  -59.158  -22.264 0.6999999881
15636  -11.309  -57.807  -21.217 0.6999999881
14097  -9.766  -59.085  -22.781 0.6999999881
13315  -10.366  -59.762  -22.685 0.6999999881
13327  -9.572  -60.263  -23.923 0.6000000238
13351  -9.352  -60.413  -24.907 0.5000000000
147192  -8.811  -60.032  -25.941 0.6999999881
14917  -8.146  -58.364  -26.269 0.6000000238
144484  -9.592  -60.663  -25.921 0.6000000238
14153  -9.072  -59.567  -27.563 0.6000000238
15707  -9.215  -58.189  -27.703 0.6000000238
14957  -10.348  -58.234  -28.703 0.6000000238
16421  -11.918  -56.776  -27.504 0.5000000000
17170  -12.760  -55.952  -27.198 0.5000000000
17162  -13.790  -55.793  -26.768 0.5000000000
17091  -6.982  -55.977  -19.649 0.6999999881
17097  -7.150  -55.858  -20.619 0.6999999881
17096  -6.325  -55.382  -20.074 0.6999999881
16354  -10.200  -56.777  -19.865 0.6000000238
17093  -8.760  -56.360  -20.238 0.6999999881
17105  -6.469  -55.276  -21.083 0.6999999881
18640  -6.130  -53.031  -21.568 0.6999999881
19443  -8.121  -51.785  -21.995 0.6000000238
155585  -11.340  -57.425  -20.621 0.6999999881
16358  -9.560  -56.456  -20.406 0.6999999881
17107  -8.598  -55.811  -21.677 0.6999999881
17851  -6.551  -55.041  -22.143 0.6999999881
15642  -10.617  -57.745  -21.875 0.6999999881
16366  -9.977  -56.610  -21.591 0.6999999881
137818  -7.351  -55.352  -22.530 0.6999999881
14113  -9.415  -59.695  -23.371 0.6999999881
14123  -8.165  -59.037  -24.764 0.6000000238
14130  -8.525  -59.716  -25.275 0.6000000238
15683  -8.457  -57.703  -26.442 0.6000000238
17159  -9.607  -56.371  -26.288 0.6000000238
14129  -8.500  -59.247  -26.671 0.6000000238
15692  -9.008  -57.629  -26.991 0.6000000238
17167  -10.412  -56.318  -26.791 0.6000000238
152849  -10.910  -56.502  -27.260 0.5000000000
17168  -11.703  -55.550  -27.007 0.6000000238
17926  -13.194  -54.358  -27.353 0.6000000238
16420  -11.170  -56.963  -27.708 0.5000000000
16413  -11.538  -56.277  -27.268 0.5000000000
157280  -13.523  -54.732  -27.453 0.5000000000
139243  -6.317  -55.361  -19.110 0.6999999881
18631  -5.763  -53.554  -20.464 0.6999999881
19442  -7.023  -51.932  -21.280 0.6000000238
20310  -8.204  -51.797  -20.264 0.6000000238
19444  -9.508  -52.657  -20.811 0.6000000238
134198  -10.584  -52.855  -21.723 0.4000000060
17863  -7.015  -54.309  -23.080 0.6000000238
18653  -6.910  -52.682  -22.691 0.5000000000
19461  -9.424  -52.400  -21.815 0.5000000000
19463  -10.890  -52.202  -22.557 0.4000000060
21213  -11.632  -51.937  -22.525 0.5000000000
14862  -10.227  -58.418  -22.379 0.6999999881
16376  -9.785  -56.918  -22.352 0.8000000119
17116  -8.137  -55.574  -22.396 0.6999999881
18660  -8.486  -53.387  -23.533 0.5000000000
19474  -9.721  -52.416  -22.917 0.4000000060
20334  -10.830  -51.621  -23.320 0.4000000060
20335  -11.381  -51.403  -23.169 0.4000000060
22131  -11.612  -49.770  -23.910 0.4000000060
15652  -9.984  -57.650  -22.442 0.8000000119
16375  -9.223  -56.601  -22.826 0.8000000119
138245  -8.945  -55.901  -22.454 0.8000000119
17117  -8.393  -55.475  -23.094 0.8000000119
17875  -8.466  -54.684  -23.496 0.6000000238
18661  -9.208  -53.039  -23.622 0.5000000000
19475  -10.196  -52.074  -23.224 0.4000000060
21234  -11.063  -50.781  -23.778 0.4000000060
14861  -9.484  -58.265  -22.888 0.6999999881
14887  -8.286  -58.507  -24.004 0.8000000119
16396  -8.099  -56.985  -24.799 0.6999999881
16403  -8.226  -57.021  -25.451 0.5000000000
19485  -10.367  -52.249  -24.288 0.5000000000
20343  -11.031  -51.094  -24.551 0.4000000060
152986  -11.668  -49.647  -24.521 0.4000000060
15674  -7.882  -57.596  -25.131 0.6000000238
16408  -8.435  -57.192  -26.006 0.5000000000
17151  -9.786  -55.655  -25.617 0.5000000000
138639  -10.981  -54.899  -26.233 0.6000000238
17160  -11.067  -55.533  -26.605 0.6000000238
17906  -12.450  -54.122  -26.902 0.6000000238
17843  -5.833  -54.630  -20.337 0.6000000238
17842  -5.697  -53.896  -19.453 0.5000000000
152462  -7.254  -51.764  -20.068 0.5000000000
20311  -8.937  -52.269  -19.903 0.4000000060
19432  -9.381  -52.542  -19.918 0.5000000000
19446  -10.793  -52.973  -21.157 0.5000000000
19464  -11.238  -52.603  -21.884 0.5000000000
20325  -12.391  -51.696  -22.527 0.5000000000
20326  -12.977  -50.993  -22.741 0.5000000000
149043  -13.391  -50.535  -22.912 0.5000000000
21214  -12.278  -50.620  -23.051 0.5000000000
22114  -13.439  -49.638  -23.294 0.5000000000
17128  -8.654  -55.687  -23.883 0.6999999881
140720  -9.126  -54.111  -23.953 0.6000000238
17884  -9.763  -54.236  -24.443 0.5000000000
18666  -9.746  -53.530  -24.204 0.5000000000
22132  -12.251  -49.167  -23.843 0.5000000000
22133  -12.933  -48.765  -23.763 0.5000000000
15662  -8.737  -57.958  -23.440 0.8000000119
16386  -8.456  -56.609  -24.146 0.6999999881
17139  -8.621  -56.251  -24.808 0.6000000238
18667  -10.318  -53.037  -24.655 0.5000000000
20351  -11.301  -51.586  -25.345 0.4000000060
153826  -11.758  -50.128  -25.234 0.5000000000
22144  -12.089  -49.148  -24.308 0.4000000060
23953  -13.344  -48.044  -24.591 0.5000000000
17895  -10.556  -54.641  -25.613 0.5000000000
18677  -10.964  -53.420  -25.485 0.5000000000
20357  -11.893  -51.775  -26.134 0.5000000000
21260  -12.330  -50.591  -26.006 0.5000000000
144654  -13.187  -49.347  -25.908 0.5000000000
18691  -11.267  -54.103  -26.123 0.5000000000
19503  -12.079  -52.573  -26.423 0.5000000000
19496  -11.496  -52.489  -25.816 0.5000000000
20358  -12.835  -51.164  -26.523 0.5000000000
18693  -12.289  -53.333  -26.644 0.6000000238
19509  -13.349  -52.860  -27.130 0.6000000238
19420  -6.369  -52.402  -18.628 0.5000000000
20292  -7.141  -51.548  -18.533 0.5000000000
20299  -7.920  -51.548  -19.065 0.5000000000
20301  -9.006  -52.180  -18.936 0.4000000060
19433  -9.829  -52.662  -19.912 0.4000000060
20291  -6.529  -51.726  -17.893 0.5000000000
21197  -8.829  -51.794  -18.209 0.4000000060
19434  -10.930  -52.923  -20.528 0.5000000000
141724  -11.445  -52.853  -21.227 0.6000000238
19447  -12.612  -52.478  -21.650 0.5000000000
20312  -13.269  -51.982  -22.155 0.5000000000
20327  -13.914  -51.364  -22.373 0.4000000060
22115  -14.599  -49.988  -23.158 0.4000000060
22135  -15.325  -49.418  -23.435 0.4000000060
21188  -9.160  -51.410  -17.681 0.4000000060
20294  -9.460  -51.830  -18.412 0.4000000060
19421  -9.827  -52.327  -19.173 0.4000000060
148471  -11.036  -52.778  -19.785 0.5000000000
19435  -11.710  -52.944  -20.430 0.5000000000
19436  -12.569  -52.918  -20.725 0.5000000000
19414  -11.254  -52.550  -19.034 0.4000000060
19415  -12.201  -52.790  -18.900 0.4000000060
18633  -13.203  -53.018  -20.051 0.5000000000
19449  -14.406  -52.448  -20.896 0.4000000060
20313  -14.710  -51.924  -21.612 0.4000000060
20328  -14.870  -51.256  -22.240 0.4000000060
21217  -15.704  -51.046  -22.289 0.4000000060
134839  -8.870  -51.007  -17.365 0.4000000060
158029  -9.582  -51.410  -17.973 0.4000000060
20282  -9.952  -51.896  -18.519 0.4000000060
21163  -10.211  -50.476  -17.168 0.4000000060
21178  -11.038  -51.595  -17.913 0.4000000060
20284  -11.575  -52.188  -18.310 0.4000000060
20285  -12.527  -52.255  -18.098 0.4000000060
19416  -13.178  -52.727  -18.626 0.5000000000
155390  -14.807  -52.605  -20.160 0.5000000000
20303  -15.246  -52.229  -20.716 0.4000000060
20314  -15.692  -51.678  -21.482 0.4000000060
20286  -13.509  -52.141  -18.021 0.4000000060
20288  -15.806  -51.749  -18.955 0.4000000060
20295  -16.308  -51.636  -19.653 0.4000000060
20304  -16.075  -51.897  -20.455 0.4000000060
21203  -16.368  -51.244  -21.767 0.4000000060
21161  -9.060  -50.109  -16.833 0.4000000060
22081  -9.770  -49.810  -16.776 0.3000000119
21164  -11.091  -50.809  -17.392 0.3000000119
20274  -12.856  -51.495  -17.653 0.4000000060
22069  -10.398  -49.078  -16.602 0.4000000060
22082  -10.727  -49.891  -16.951 0.3000000119
22083  -11.733  -49.947  -17.146 0.3000000119
21165  -12.228  -50.743  -17.406 0.4000000060
148222  -14.762  -50.057  -18.026 0.5000000000
140390  -15.234  -51.488  -18.405 0.4000000060
20289  -16.421  -51.148  -19.076 0.4000000060
20296  -17.081  -51.039  -19.762 0.4000000060
21220  -18.323  -50.083  -22.268 0.3000000119
145472  -14.080  -49.378  -17.788 0.5000000000
22092  -14.779  -49.306  -18.216 0.5000000000
21181  -16.125  -50.481  -18.721 0.4000000060
21190  -16.865  -50.397  -19.201 0.4000000060
21198  -17.779  -50.607  -20.271 0.3000000119
22068  -9.476  -49.106  -16.347 0.4000000060
23883  -10.703  -47.378  -16.260 0.4000000060
22982  -11.075  -48.240  -16.545 0.4000000060
144416  -12.344  -49.133  -17.118 0.5000000000
148479  -13.231  -49.160  -17.410 0.5000000000
23893  -11.775  -47.271  -16.659 0.4000000060
22994  -12.952  -48.306  -17.211 0.5000000000
22995  -13.734  -48.379  -17.704 0.5000000000
22996  -14.439  -48.581  -18.198 0.4000000060
23005  -15.856  -48.905  -18.921 0.4000000060
21191  -17.592  -50.266  -19.665 0.3000000119
24807  -13.284  -46.155  -17.898 0.3000000119
23896  -14.153  -47.610  -18.232 0.3000000119
144402  -14.760  -47.997  -18.755 0.3000000119
22981  -10.078  -48.255  -16.136 0.4000000060
24798  -10.721  -45.814  -16.639 0.3000000119
25695  -11.644  -45.192  -17.358 0.4000000060
23912  -16.659  -47.888  -19.575 0.3000000119
25680  -9.703  -45.348  -16.699 0.3000000119
25694  -10.542  -44.846  -17.279 0.3000000119
8683  -18.238  -66.986  -36.041 0.6000000238
139601  -18.875  -65.902  -35.485 0.5000000000
15725  -11.677  -57.970  -28.773 0.6000000238
14168  -9.847  -59.004  -28.765 0.6000000238
3690  -10.986  -76.424  -31.851 0.5000000000
4179  -14.042  -75.052  -34.146 0.5000000000
4096  -11.214  -75.608  -28.030 0.6999999881
3245  -10.321  -77.529  -26.665 0.6999999881
3634  -11.717  -76.606  -25.787 0.6999999881
4611  -13.125  -74.302  -27.752 0.6999999881
4066  -12.026  -76.057  -25.639 0.6999999881
4579  -12.637  -75.070  -25.606 0.6999999881
5193  -17.568  -73.575  -35.360 0.5000000000
3649  -15.076  -76.454  -26.641 0.6999999881
5632  -14.648  -72.778  -28.082 0.6999999881
5121  -14.075  -73.258  -27.670 0.6999999881
4081  -15.686  -75.886  -26.225 0.6999999881
5603  -14.637  -72.758  -25.769 0.6999999881
143255  -19.120  -68.166  -36.638 0.6000000238
4600  -17.647  -74.688  -27.355 0.6999999881
6225  -15.760  -72.006  -27.439 0.6000000238
144965  -16.926  -71.746  -24.315 0.6000000238
5087  -17.389  -73.363  -23.725 0.5000000000
134182  -16.880  -65.056  -34.989 0.6999999881
6204  -16.208  -71.678  -25.639 0.6000000238
4642  -19.892  -75.045  -30.098 0.6000000238
4167  -19.592  -75.791  -32.341 0.6000000238
6192  -18.294  -70.910  -24.271 0.5000000000
6838  -21.394  -70.418  -23.548 0.5000000000
4115  -21.600  -75.551  -29.725 0.5000000000
139661  -18.309  -64.588  -34.984 0.6000000238
10663  -16.030  -64.934  -34.743 0.6999999881
8107  -20.056  -68.240  -34.410 0.6000000238
6240  -17.136  -71.728  -28.248 0.5000000000
6216  -17.547  -71.248  -25.811 0.5000000000
6851  -19.066  -70.342  -24.221 0.6000000238
6206  -18.183  -70.874  -25.403 0.5000000000
6852  -19.662  -69.992  -24.234 0.5000000000
4182  -21.028  -75.601  -32.980 0.6000000238
4155  -21.741  -75.970  -31.252 0.6000000238
4116  -22.485  -75.682  -29.579 0.5000000000
13465  -17.924  -60.706  -33.050 0.6000000238
10638  -21.235  -64.299  -30.599 0.5000000000
10548  -14.715  -64.468  -24.805 0.6000000238
9887  -13.515  -65.209  -28.872 0.6000000238
6279  -19.336  -71.296  -30.277 0.6000000238
11271  -15.237  -63.228  -25.981 0.6000000238
15005  -15.122  -59.318  -30.852 0.8000000119
136663  -14.912  -63.125  -27.078 0.6000000238
8624  -18.004  -67.413  -29.961 0.6000000238
11968  -12.479  -62.289  -28.906 0.6000000238
8076  -18.752  -68.686  -30.443 0.6000000238
14973  -13.936  -58.813  -29.902 0.8000000119
9888  -18.293  -66.208  -28.561 0.6000000238
12674  -11.526  -60.975  -30.084 0.6000000238
12669  -11.784  -61.710  -28.796 0.6999999881
13401  -11.952  -61.545  -27.769 0.6000000238
154074  -9.764  -60.729  -26.676 0.6000000238
14971  -11.478  -58.514  -29.346 0.6999999881
14154  -9.611  -59.875  -28.350 0.6000000238
16414  -12.419  -56.628  -27.307 0.5000000000
14900  -7.882  -58.311  -25.479 0.5000000000
15708  -10.065  -57.702  -28.058 0.6000000238
17171  -13.774  -55.148  -27.356 0.5000000000
16352  -8.501  -56.548  -19.383 0.6999999881
16353  -9.373  -56.689  -19.597 0.6000000238
17106  -7.503  -55.656  -21.652 0.6999999881
17108  -9.372  -56.082  -21.656 0.8000000119
17864  -7.774  -55.075  -23.076 0.6000000238
136297  -6.394  -52.454  -20.392 0.6000000238
19462  -10.251  -52.636  -22.226 0.5000000000
19473  -8.523  -52.232  -23.069 0.5000000000
22152  -12.712  -48.901  -25.268 0.5000000000
20309  -6.769  -51.990  -19.362 0.5000000000
21215  -12.719  -50.106  -23.156 0.5000000000
17883  -8.974  -55.175  -24.262 0.6000000238
17894  -9.887  -54.793  -24.986 0.6000000238
153937  -12.612  -52.017  -26.637 0.5000000000
21196  -8.114  -51.514  -18.033 0.5000000000
148670  -13.989  -52.135  -21.677 0.5000000000
19424  -12.378  -53.010  -19.815 0.6000000238
144785  -9.221  -50.578  -17.078 0.4000000060
21176  -9.497  -50.774  -17.392 0.4000000060
21177  -10.182  -51.287  -17.849 0.4000000060
19417  -14.115  -52.558  -18.619 0.5000000000
19427  -15.486  -52.267  -19.685 0.4000000060
20275  -13.801  -51.288  -17.736 0.4000000060
20287  -14.434  -51.871  -18.146 0.4000000060
20315  -16.599  -51.510  -21.037 0.4000000060
21204  -17.124  -51.074  -21.545 0.4000000060
144188  -11.380  -49.103  -16.873 0.3000000119
22084  -12.692  -49.916  -17.338 0.5000000000
21166  -13.180  -50.619  -17.518 0.4000000060
21180  -15.386  -50.655  -18.330 0.5000000000
21179  -14.649  -50.977  -17.964 0.4000000060
141490  -17.867  -50.701  -21.104 0.4000000060
23004  -15.105  -48.810  -18.605 0.5000000000
22093  -15.518  -49.696  -18.487 0.4000000060
22094  -16.433  -49.656  -18.937 0.4000000060
146340  -12.635  -47.559  -17.019 0.5000000000
24805  -11.818  -46.154  -16.882 0.5000000000
23895  -13.396  -47.294  -17.600 0.4000000060
23011  -15.936  -48.166  -19.319 0.4000000060
24806  -12.570  -45.667  -17.596 0.4000000060
25704  -12.488  -44.795  -18.137 0.3000000119
2945  -20.153  -78.638  -37.434 0.5000000000
150633  -20.923  -78.552  -37.490 0.5000000000
2196  -22.159  -79.742  -37.051 0.5000000000
2577  -21.514  -79.105  -37.362 0.5000000000
2566  -22.957  -79.703  -36.845 0.5000000000
151577  -22.664  -79.326  -37.143 0.5000000000
2175  -23.710  -80.680  -35.625 0.6000000238
2944  -19.491  -77.822  -37.367 0.5000000000
3336  -20.590  -77.624  -37.497 0.5000000000
2946  -21.679  -77.986  -37.545 0.5000000000
2947  -22.762  -77.939  -37.447 0.5000000000
1811  -24.947  -80.878  -34.771 0.6000000238
2578  -23.210  -78.887  -37.190 0.6000000238
2567  -23.754  -79.490  -36.683 0.6000000238
3335  -18.696  -77.440  -37.213 0.4000000060
3316  -15.355  -77.088  -34.418 0.4000000060
3737  -16.079  -76.842  -34.212 0.4000000060
3324  -15.637  -77.443  -36.021 0.5000000000
3325  -16.472  -76.996  -36.060 0.5000000000
3333  -16.725  -77.873  -36.789 0.5000000000
3330  -17.230  -77.172  -36.634 0.5000000000
3754  -17.500  -76.314  -35.639 0.5000000000
148745  -17.480  -77.761  -37.016 0.5000000000
3765  -18.004  -76.771  -36.818 0.5000000000
1801  -25.956  -80.820  -33.875 0.6000000238
1796  -26.194  -80.938  -33.068 0.6000000238
3767  -19.547  -76.497  -37.163 0.5000000000
3768  -20.338  -76.306  -37.268 0.5000000000
4221  -19.897  -75.804  -37.012 0.5000000000
2177  -25.392  -80.196  -35.236 0.6000000238
3337  -21.356  -76.851  -37.585 0.5000000000
3339  -23.309  -77.005  -37.458 0.6000000238
2579  -24.186  -78.694  -37.024 0.6000000238
2164  -26.517  -80.409  -33.656 0.6000000238
2938  -25.063  -78.516  -36.814 0.6000000238
2178  -26.155  -79.904  -35.100 0.6000000238
2165  -27.080  -79.730  -33.971 0.6999999881
2570  -26.297  -78.927  -36.124 0.6000000238
2557  -26.794  -79.450  -34.925 0.6999999881
3678  -14.622  -77.026  -30.703 0.6000000238
3691  -14.969  -77.047  -31.251 0.6000000238
3680  -16.185  -76.056  -31.031 0.6000000238
3295  -15.344  -77.213  -32.653 0.5000000000
3305  -15.730  -77.004  -33.514 0.5000000000
3707  -16.886  -76.499  -32.838 0.6000000238
3738  -16.696  -76.667  -34.497 0.5000000000
3720  -16.626  -76.693  -33.571 0.5000000000
142978  -17.223  -76.499  -34.013 0.5000000000
3755  -18.152  -75.935  -35.968 0.5000000000
3740  -17.987  -75.911  -35.043 0.5000000000
4212  -18.908  -75.650  -36.324 0.5000000000
2135  -27.157  -80.896  -30.716 0.6999999881
2146  -26.695  -80.886  -31.517 0.6000000238
4228  -20.697  -75.601  -37.170 0.5000000000
3770  -21.903  -76.087  -37.558 0.5000000000
142950  -22.855  -76.129  -37.419 0.6000000238
2157  -26.985  -80.373  -33.017 0.6999999881
2147  -27.746  -80.662  -31.549 0.6999999881
2948  -23.734  -77.918  -37.306 0.6000000238
2166  -27.716  -79.682  -33.183 0.6999999881
153823  -24.991  -77.226  -37.213 0.6000000238
2951  -26.089  -77.642  -36.775 0.6000000238
3332  -26.595  -77.530  -36.466 0.6999999881
137059  -27.426  -78.915  -34.618 0.6999999881
2551  -28.496  -79.115  -33.329 0.6000000238
3278  -14.049  -77.368  -30.381 0.5000000000
3679  -15.295  -76.553  -30.663 0.6000000238
3721  -17.441  -76.382  -33.315 0.6000000238
156478  -17.971  -76.161  -33.393 0.6000000238
138976  -18.709  -75.443  -35.444 0.5000000000
4197  -19.330  -75.088  -34.816 0.6000000238
2124  -27.563  -80.783  -29.818 0.6999999881
4213  -19.589  -75.020  -35.959 0.5000000000
138014  -20.177  -74.731  -35.169 0.5000000000
2125  -28.595  -80.825  -29.638 0.5000000000
2115  -28.900  -80.747  -28.829 0.6000000238
143719  -20.218  -75.153  -36.725 0.6000000238
4230  -22.408  -75.440  -37.284 0.5000000000
2136  -28.348  -80.778  -30.590 0.6000000238
4231  -23.378  -75.510  -37.177 0.5000000000
2158  -27.712  -80.245  -32.414 0.6999999881
2148  -28.728  -80.453  -31.415 0.6000000238
3772  -24.880  -76.473  -37.195 0.5000000000
2160  -29.099  -79.906  -32.073 0.6000000238
2542  -29.732  -79.300  -32.477 0.6000000238
3762  -25.185  -75.975  -36.942 0.5000000000
3764  -26.472  -77.049  -36.495 0.6000000238
2558  -28.079  -78.741  -33.951 0.5000000000
3318  -28.661  -77.927  -34.083 0.5000000000
2923  -30.824  -77.934  -33.191 0.5000000000
3271  -13.614  -77.602  -29.009 0.6000000238
3671  -14.595  -76.827  -29.933 0.6000000238
2887  -12.857  -78.241  -29.174 0.4000000060
152975  -20.042  -75.128  -34.187 0.5000000000
2126  -29.466  -80.768  -29.476 0.6000000238
4689  -21.565  -74.567  -35.929 0.5000000000
145976  -29.149  -80.744  -30.127 0.5000000000
4691  -23.274  -74.814  -36.301 0.5000000000
2150  -29.918  -80.126  -30.944 0.5000000000
2137  -30.474  -79.946  -30.426 0.5000000000
2127  -30.206  -80.462  -29.376 0.5000000000
4216  -24.000  -75.066  -35.677 0.5000000000
2532  -29.895  -79.750  -31.719 0.5000000000
2544  -31.249  -78.822  -31.569 0.5000000000
4217  -24.723  -75.344  -36.024 0.6000000238
3742  -26.180  -76.371  -34.867 0.6000000238
2910  -30.295  -78.630  -32.866 0.5000000000
2911  -31.235  -78.306  -32.446 0.6000000238
3743  -27.074  -76.848  -34.871 0.6000000238
3745  -28.258  -77.550  -34.183 0.5000000000
133794  -11.407  -78.546  -27.803 0.4000000060
4679  -21.631  -74.741  -34.972 0.5000000000
2515  -31.634  -79.286  -29.478 0.5000000000
4215  -23.172  -75.038  -35.242 0.5000000000
4200  -23.793  -75.452  -34.741 0.5000000000
2894  -31.954  -78.534  -30.927 0.5000000000
2888  -32.974  -77.873  -29.740 0.5000000000
3273  -33.915  -76.635  -29.485 0.5000000000
3667  -33.525  -76.469  -28.703 0.5000000000
5126  -30.871  -73.279  -27.561 0.5000000000
4185  -24.307  -75.991  -34.184 0.6000000238
3741  -25.202  -76.121  -34.482 0.6000000238
134475  -31.855  -78.208  -31.764 0.5000000000
3725  -26.869  -76.732  -33.987 0.6000000238
3716  -32.879  -76.353  -32.399 0.5000000000
3726  -27.704  -76.635  -33.219 0.5000000000
3715  -28.586  -76.305  -33.119 0.5000000000
3682  -23.416  -76.089  -30.957 0.5000000000
2895  -32.782  -77.859  -30.563 0.5000000000
135593  -33.767  -77.101  -30.013 0.5000000000
4106  -33.868  -75.978  -29.339 0.5000000000
147013  -31.540  -74.528  -28.528 0.5000000000
3709  -23.229  -76.091  -32.276 0.5000000000
3696  -24.705  -76.401  -31.667 0.6000000238
2904  -33.291  -77.234  -31.036 0.5000000000
157523  -34.092  -75.614  -30.259 0.5000000000
4122  -32.201  -74.871  -29.285 0.5000000000
5131  -31.149  -73.218  -28.316 0.5000000000
5636  -31.051  -72.589  -27.808 0.5000000000
142832  -26.601  -76.608  -33.066 0.5000000000
3287  -32.983  -77.112  -31.779 0.5000000000
140665  -33.089  -75.444  -31.601 0.5000000000
4138  -23.876  -75.925  -30.206 0.5000000000
5138  -31.424  -73.342  -29.649 0.5000000000
4623  -31.382  -73.900  -28.970 0.5000000000
153802  -31.263  -73.073  -28.958 0.5000000000
6908  -32.607  -70.865  -28.071 0.4000000060
5647  -31.599  -72.456  -29.225 0.4000000060
7573  -14.944  -69.914  -36.416 0.4000000060
156549  -14.821  -63.799  -23.236 0.5000000000
141206  -12.421  -62.573  -21.019 0.5000000000
11885  -13.355  -62.379  -21.474 0.5000000000
141044  -11.434  -61.223  -19.327 0.5000000000
157138  -12.204  -62.048  -20.538 0.5000000000
11886  -14.260  -62.682  -22.138 0.5000000000
16348  -8.231  -56.528  -18.409 0.5000000000
17086  -7.121  -56.000  -18.582 0.5000000000
17838  -5.852  -54.686  -19.375 0.5000000000
4183  -22.659  -75.608  -33.622 0.5000000000
157256  -23.101  -75.421  -34.409 0.5000000000
2188  -24.185  -80.031  -36.090 0.6000000238
3338  -22.305  -76.946  -37.594 0.6000000238
2569  -25.495  -79.094  -36.312 0.6000000238
3771  -23.869  -76.230  -37.308 0.6000000238
2571  -26.938  -78.722  -35.605 0.6999999881
3692  -15.663  -76.737  -31.754 0.6000000238
4222  -21.071  -74.942  -36.962 0.5000000000
151729  -25.579  -76.567  -36.989 0.6000000238
2934  -27.429  -78.272  -35.210 0.6000000238
3327  -27.334  -77.720  -35.494 0.6000000238
2514  -27.955  -80.589  -28.988 0.6999999881
4700  -22.263  -74.694  -36.511 0.5000000000
4226  -24.574  -75.473  -36.684 0.5000000000
3756  -26.032  -76.299  -35.864 0.6000000238
3758  -27.085  -77.147  -35.571 0.6000000238
2930  -27.999  -78.325  -34.335 0.5000000000
2912  -32.173  -77.584  -32.298 0.5000000000
2533  -30.621  -79.525  -31.185 0.5000000000
2524  -31.543  -79.164  -30.278 0.5000000000
4201  -24.612  -75.526  -35.097 0.5000000000
136228  -27.737  -77.025  -34.186 0.5000000000
4184  -23.522  -75.817  -33.896 0.5000000000
3724  -24.889  -76.398  -33.413 0.5000000000
3710  -24.132  -76.339  -32.574 0.5000000000
4123  -33.557  -75.420  -29.810 0.5000000000
4159  -33.832  -75.842  -31.096 0.5000000000
4636  -32.634  -74.752  -30.181 0.5000000000
6246  -31.283  -72.076  -28.006 0.5000000000
4644  -31.705  -74.185  -30.449 0.4000000060
6248  -32.272  -71.375  -28.698 0.4000000060
2476  -30.639  -79.882  -26.559 0.5000000000
139225  -31.039  -79.682  -27.281 0.6000000238
2490  -31.647  -79.341  -27.634 0.6000000238
2489  -30.352  -80.036  -27.333 0.6000000238
2870  -28.370  -79.073  -26.626 0.4000000060
2872  -32.724  -78.413  -27.955 0.4000000060
2505  -31.967  -79.061  -28.793 0.4000000060
160066  -31.640  -79.347  -28.300 0.5000000000
2502  -30.109  -80.308  -28.034 0.6000000238
2117  -30.578  -80.202  -28.726 0.5000000000
2128  -30.876  -79.925  -29.345 0.4000000060
2487  -28.494  -79.797  -27.422 0.5000000000
2116  -29.795  -80.646  -28.740 0.5000000000
2500  -27.766  -79.689  -27.827 0.6000000238
2513  -26.963  -80.309  -29.160 0.6000000238
2123  -26.300  -80.582  -30.007 0.6000000238
2133  -25.241  -80.522  -30.538 0.6000000238
1778  -25.837  -81.055  -31.564 0.6000000238
1786  -25.126  -81.191  -31.935 0.6000000238
1790  -25.351  -81.284  -32.625 0.5000000000
152684  -24.542  -81.284  -34.262 0.5000000000
1810  -24.034  -81.172  -34.859 0.4000000060
1820  -22.918  -80.773  -35.843 0.5000000000
6890  -31.840  -70.962  -27.546 0.3000000119
2195  -21.274  -79.973  -37.088 0.4000000060
9889  -18.772  -65.407  -28.017 0.4000000060
9866  -18.581  -66.239  -27.482 0.4000000060
9176  -18.463  -66.926  -27.935 0.5000000000
17927  -13.991  -54.355  -27.596 0.5000000000
18707  -14.195  -53.611  -27.634 0.5000000000
19516  -15.715  -53.459  -27.971 0.5000000000
19511  -14.771  -53.366  -27.722 0.4000000060
20365  -14.205  -51.804  -27.111 0.4000000060
156427  -19.170  -53.125  -29.530 0.4000000060
146315  -14.240  -50.954  -26.896 0.4000000060
152473  -15.581  -50.886  -27.144 0.4000000060
20367  -15.823  -51.909  -27.546 0.4000000060
21261  -13.105  -50.251  -26.276 0.4000000060
21268  -14.717  -50.413  -26.861 0.4000000060
21283  -18.654  -51.464  -29.356 0.4000000060
22161  -14.472  -49.379  -26.662 0.4000000060
21269  -15.272  -49.746  -26.904 0.4000000060
22176  -19.271  -50.054  -29.260 0.4000000060
141285  -13.814  -49.047  -26.301 0.4000000060
22162  -14.933  -48.588  -26.737 0.4000000060
23067  -13.394  -48.428  -25.614 0.4000000060
23069  -14.519  -47.817  -26.364 0.4000000060
23044  -14.613  -48.384  -23.844 0.3000000119
23944  -14.122  -47.735  -24.328 0.4000000060
22117  -17.049  -50.110  -22.938 0.3000000119
22136  -16.418  -49.456  -23.514 0.3000000119
23051  -14.976  -47.697  -24.281 0.3000000119
23045  -15.675  -48.597  -23.920 0.3000000119
18723  -18.540  -53.127  -29.224 0.4000000060
19524  -18.091  -52.628  -29.010 0.4000000060
20373  -16.794  -52.275  -28.077 0.4000000060
19517  -16.703  -53.051  -28.293 0.4000000060
21277  -17.245  -51.647  -28.176 0.4000000060
21270  -16.487  -51.342  -27.633 0.4000000060
20383  -19.532  -51.575  -29.889 0.4000000060
21278  -17.979  -51.390  -28.688 0.4000000060
144099  -17.918  -50.435  -28.276 0.4000000060
147599  -16.217  -50.281  -27.236 0.4000000060
5058  -35.818  -73.853  -21.929 0.3000000119
5062  -35.305  -73.028  -22.614 0.3000000119
4044  -36.198  -75.068  -21.731 0.4000000060
4554  -36.083  -74.505  -22.572 0.3000000119
4553  -35.635  -73.832  -23.017 0.4000000060
143139  -35.699  -76.886  -22.720 0.3000000119
4054  -36.020  -75.580  -23.405 0.3000000119
4053  -35.597  -75.146  -23.991 0.4000000060
2817  -35.252  -77.622  -22.363 0.3000000119
3626  -35.735  -76.305  -23.419 0.3000000119
3632  -35.344  -76.433  -24.146 0.3000000119
2829  -35.066  -77.594  -23.142 0.3000000119
3231  -35.304  -77.026  -23.632 0.3000000119
3230  -34.892  -77.200  -24.507 0.3000000119
2828  -34.607  -78.177  -23.449 0.3000000119
2463  -34.273  -78.556  -24.016 0.3000000119
2837  -34.435  -78.099  -24.631 0.3000000119
144636  -33.800  -79.063  -23.799 0.3000000119
2462  -33.677  -79.112  -24.442 0.3000000119
2836  -33.953  -78.655  -24.994 0.3000000119
2077  -32.509  -79.771  -22.501 0.3000000119
2091  -32.847  -79.707  -23.259 0.3000000119
2099  -32.408  -79.968  -23.993 0.3000000119
2460  -32.110  -80.134  -24.681 0.3000000119
153038  -31.441  -80.232  -25.110 0.3000000119
2090  -32.038  -80.060  -23.193 0.4000000060
4562  -35.071  -74.096  -23.937 0.3000000119
3614  -36.204  -76.094  -21.895 0.4000000060
4577  -34.961  -74.947  -24.457 0.4000000060
3211  -35.782  -77.018  -21.793 0.3000000119
4063  -35.206  -75.790  -24.549 0.4000000060
137512  -34.668  -78.232  -22.851 0.3000000119
3644  -34.636  -76.961  -25.238 0.4000000060
2846  -34.194  -78.086  -25.283 0.4000000060
152834  -33.993  -78.981  -22.080 0.3000000119
2471  -33.278  -79.197  -25.204 0.4000000060
2064  -32.244  -79.773  -21.807 0.3000000119
2065  -32.837  -79.607  -21.799 0.4000000060
2470  -32.335  -79.722  -25.420 0.4000000060
2468  -30.636  -80.119  -25.605 0.3000000119
136619  -32.348  -79.723  -21.090 0.3000000119
5061  -34.530  -72.629  -23.105 0.3000000119
5587  -33.539  -72.494  -23.282 0.3000000119
5569  -34.019  -71.863  -22.794 0.3000000119
159167  -34.234  -73.867  -24.148 0.3000000119
5076  -33.042  -73.139  -23.741 0.3000000119
3603  -35.749  -76.408  -20.071 0.4000000060
4576  -34.134  -74.454  -24.552 0.3000000119
4575  -33.044  -74.403  -24.581 0.3000000119
2807  -35.288  -77.729  -21.593 0.3000000119
3205  -35.915  -76.817  -21.113 0.4000000060
4062  -34.446  -75.366  -24.962 0.4000000060
4061  -33.490  -75.088  -25.049 0.3000000119
4076  -33.828  -75.870  -25.421 0.4000000060
4075  -32.925  -75.618  -25.480 0.4000000060
2816  -34.674  -78.389  -22.059 0.3000000119
2419  -34.594  -78.566  -19.439 0.3000000119
3241  -34.139  -77.481  -25.743 0.4000000060
3652  -33.702  -76.932  -26.214 0.4000000060
2430  -34.293  -78.826  -21.418 0.3000000119
2413  -34.160  -78.871  -18.349 0.3000000119
2859  -33.028  -78.423  -26.556 0.4000000060
148710  -33.258  -77.692  -26.969 0.5000000000
153323  -34.113  -79.095  -19.952 0.3000000119
2478  -32.294  -79.264  -26.333 0.4000000060
2477  -31.558  -79.444  -26.835 0.4000000060
2858  -32.363  -78.832  -27.251 0.5000000000
2057  -31.749  -79.753  -20.258 0.3000000119
6169  -33.643  -71.072  -22.618 0.3000000119
3195  -35.448  -77.183  -19.711 0.4000000060
155293  -31.830  -74.739  -25.038 0.4000000060
143717  -31.931  -75.687  -26.145 0.4000000060
2792  -35.055  -77.868  -19.473 0.4000000060
3651  -33.089  -76.554  -26.452 0.4000000060
3650  -32.417  -76.069  -26.629 0.5000000000
3659  -33.308  -76.883  -27.942 0.4000000060
2791  -34.515  -78.146  -18.548 0.3000000119
158363  -33.345  -77.026  -27.425 0.4000000060
143241  -33.976  -78.487  -17.772 0.3000000119
2882  -33.131  -77.826  -28.251 0.4000000060
2889  -33.359  -77.465  -29.167 0.4000000060
2418  -33.887  -79.285  -19.091 0.3000000119
2058  -32.394  -79.717  -20.117 0.3000000119
2049  -32.502  -79.998  -19.136 0.3000000119
5075  -32.055  -73.072  -23.788 0.3000000119
145688  -32.139  -74.309  -24.621 0.3000000119
4059  -31.302  -74.709  -25.362 0.3000000119
3190  -34.393  -77.666  -18.306 0.4000000060
152751  -31.068  -74.906  -26.393 0.5000000000
4093  -31.717  -75.408  -27.556 0.4000000060
2783  -33.966  -78.070  -17.692 0.4000000060
3666  -32.910  -76.334  -28.020 0.4000000060
2391  -32.883  -79.010  -16.094 0.3000000119
137702  -33.476  -78.476  -17.091 0.3000000119
2400  -33.187  -78.960  -16.574 0.3000000119
2041  -33.066  -79.857  -17.310 0.3000000119
1694  -31.999  -80.523  -18.377 0.3000000119
2040  -32.506  -80.413  -17.681 0.3000000119
5093  -30.832  -73.562  -24.549 0.3000000119
4585  -30.446  -73.818  -25.407 0.4000000060
4083  -30.715  -74.338  -26.496 0.4000000060
2381  -32.401  -79.188  -15.263 0.3000000119
2748  -31.729  -78.829  -14.462 0.3000000119
2024  -32.875  -79.379  -16.199 0.3000000119
142674  -32.259  -79.221  -15.112 0.3000000119
1686  -32.506  -80.280  -16.851 0.3000000119
2747  -31.329  -78.991  -13.778 0.3000000119
2361  -31.006  -79.541  -13.274 0.3000000119
2005  -31.915  -79.471  -14.676 0.3000000119
1655  -31.654  -80.355  -14.930 0.3000000119
1656  -32.053  -80.357  -15.740 0.3000000119
6219  -30.363  -71.715  -26.050 0.3000000119
5625  -30.405  -72.784  -26.486 0.4000000060
2360  -30.301  -79.710  -12.775 0.3000000119
1631  -30.425  -80.599  -13.098 0.3000000119
6866  -31.209  -70.141  -24.916 0.3000000119
6209  -30.338  -71.323  -25.312 0.3000000119
5617  -30.638  -71.794  -26.757 0.3000000119
7481  -31.816  -69.931  -25.567 0.3000000119
6876  -31.385  -70.462  -26.283 0.3000000119
133904  -31.740  -70.591  -26.939 0.3000000119
159142  -13.830  -53.261  -27.456 0.5000000000
23954  -13.901  -47.482  -24.801 0.5000000000
23980  -13.794  -47.790  -25.515 0.4000000060
20366  -15.062  -52.552  -27.561 0.4000000060
141239  -27.430  -79.996  -28.440 0.6000000238
2501  -29.183  -80.445  -28.052 0.5000000000
2516  -32.292  -78.641  -29.332 0.4000000060
158134  -32.337  -75.801  -28.031 0.4000000060
146568  -30.777  -74.060  -27.230 0.4000000060
5626  -30.655  -72.547  -27.067 0.4000000060
154597  -31.106  -71.142  -26.939 0.3000000119
18709  -15.864  -54.026  -27.995 0.5000000000
18714  -16.701  -53.597  -28.313 0.4000000060
19525  -18.792  -52.466  -29.547 0.4000000060
4048  -36.246  -75.349  -22.649 0.3000000119
2441  -34.086  -78.855  -22.696 0.3000000119
2078  -33.351  -79.402  -22.491 0.3000000119
3611  -36.061  -76.249  -20.761 0.4000000060
2479  -32.918  -79.045  -25.865 0.4000000060
132966  -35.880  -76.800  -20.548 0.4000000060
2802  -35.281  -77.905  -20.882 0.3000000119
2425  -34.671  -78.600  -20.564 0.3000000119
4074  -32.006  -75.331  -25.548 0.4000000060
2408  -33.577  -79.541  -18.144 0.3000000119
4085  -31.636  -75.515  -26.709 0.4000000060
2050  -33.166  -79.800  -18.794 0.3000000119
4595  -30.408  -73.853  -25.984 0.4000000060
3158  -32.752  -78.061  -15.830 0.3000000119
1685  -32.018  -80.627  -17.080 0.3000000119
5595  -30.142  -72.509  -25.117 0.3000000119
2003  -31.010  -80.185  -13.488 0.3000000119
1463  -24.546  -81.507  -32.882 0.5000000000
1458  -24.290  -81.240  -32.289 0.5000000000
152015  -24.782  -80.799  -31.228 0.5000000000
2498  -25.565  -79.440  -28.650 0.5000000000
2880  -27.069  -79.295  -27.960 0.4000000060
3683  -24.297  -76.197  -30.906 0.4000000060
2475  -29.683  -80.025  -26.727 0.5000000000
2857  -29.072  -79.529  -26.272 0.3000000119
2835  -29.244  -79.206  -24.623 0.3000000119
2467  -29.811  -79.961  -26.007 0.4000000060
2098  -31.492  -80.315  -24.071 0.3000000119
2459  -30.646  -80.286  -24.654 0.3000000119
3171  -33.391  -78.060  -17.000 0.3000000119
151955  -33.363  -77.251  -17.688 0.3000000119
3592  -34.089  -77.396  -18.077 0.3000000119
4039  -36.082  -75.362  -20.830 0.3000000119
3579  -32.591  -77.450  -16.805 0.3000000119
134635  -33.950  -76.561  -18.617 0.3000000119
3597  -34.720  -77.003  -18.928 0.3000000119
4019  -34.623  -76.017  -19.200 0.3000000119
4029  -35.357  -75.737  -19.704 0.3000000119
4028  -34.615  -75.040  -19.364 0.3000000119
3590  -32.598  -76.827  -17.795 0.3000000119
3596  -33.025  -76.286  -18.467 0.3000000119
4018  -33.621  -75.479  -18.996 0.3000000119
150973  -35.830  -75.733  -20.277 0.3000000119
4550  -35.926  -74.427  -20.976 0.3000000119
4017  -32.492  -75.448  -18.866 0.3000000119
4030  -35.631  -74.887  -20.093 0.3000000119
4542  -35.238  -74.254  -19.608 0.3000000119
1819  -22.158  -80.827  -35.919 0.3000000119
2869  -27.630  -78.986  -27.244 0.5000000000
2879  -26.147  -79.077  -28.037 0.4000000060
2122  -25.015  -80.123  -29.852 0.5000000000
2844  -29.224  -79.344  -25.524 0.3000000119
22184  -20.458  -50.329  -29.911 0.3000000119
21284  -19.273  -51.025  -29.685 0.3000000119
23075  -15.825  -47.764  -27.035 0.3000000119
1477  -23.849  -81.496  -33.979 0.4000000060
1785  -23.844  -80.899  -31.686 0.4000000060
1742  -23.247  -81.112  -25.772 0.4000000060
2107  -22.092  -80.386  -26.646 0.4000000060
154349  -22.731  -79.529  -27.639 0.4000000060
2485  -24.245  -79.018  -27.859 0.4000000060
2486  -25.183  -78.983  -28.039 0.4000000060
2121  -22.590  -80.204  -29.760 0.4000000060
2114  -23.748  -79.717  -29.448 0.4000000060
2497  -24.504  -79.374  -28.624 0.4000000060
1744  -25.476  -81.438  -25.488 0.3000000119
2104  -23.776  -80.577  -25.061 0.4000000060
2851  -23.445  -78.809  -25.826 0.4000000060
2132  -23.785  -80.236  -30.452 0.4000000060
2108  -22.431  -80.816  -26.101 0.4000000060
2111  -22.238  -79.933  -28.103 0.4000000060
1743  -24.357  -81.274  -25.616 0.3000000119
2103  -22.949  -80.353  -25.375 0.4000000060
2473  -22.396  -79.812  -26.515 0.4000000060
2496  -23.301  -79.449  -28.368 0.4000000060
2865  -23.396  -78.881  -26.588 0.4000000060
139606  -24.881  -78.672  -27.430 0.4000000060
1736  -25.835  -81.009  -24.683 0.3000000119
2105  -24.782  -80.805  -24.852 0.3000000119
2832  -23.649  -79.148  -24.802 0.3000000119
2456  -24.358  -79.255  -24.277 0.3000000119
3250  -24.821  -77.948  -25.636 0.3000000119
147612  -26.645  -77.769  -26.234 0.3000000119
2852  -24.103  -78.447  -26.170 0.3000000119
3252  -27.470  -77.820  -26.030 0.3000000119
2856  -28.085  -78.385  -26.129 0.3000000119
2855  -27.080  -78.281  -26.716 0.3000000119
2853  -25.080  -78.242  -26.668 0.3000000119
2868  -26.669  -78.671  -27.402 0.3000000119
2867  -25.701  -78.573  -27.433 0.3000000119
2019  -21.565  -80.165  -15.351 0.3000000119
2387  -20.993  -79.504  -16.003 0.3000000119
133176  -29.871  -77.353  -14.103 0.3000000119
3167  -21.785  -76.982  -16.956 0.3000000119
3587  -22.713  -76.741  -17.307 0.3000000119
154082  -24.987  -77.065  -15.678 0.3000000119
3561  -25.353  -76.579  -14.845 0.3000000119
3545  -26.022  -76.502  -14.061 0.3000000119
3546  -26.841  -76.470  -13.684 0.3000000119
3547  -27.780  -76.357  -13.560 0.3000000119
3548  -28.713  -76.367  -13.864 0.3000000119
3575  -23.120  -76.016  -16.814 0.3000000119
3576  -23.908  -76.086  -16.440 0.3000000119
3560  -24.632  -76.262  -15.703 0.3000000119
143239  -25.550  -75.724  -14.253 0.3000000119
147293  -26.441  -75.610  -13.821 0.3000000119
2842  -23.936  -78.490  -25.202 0.3000000119
2780  -21.596  -78.593  -17.428 0.3000000119
3168  -25.011  -77.903  -16.306 0.3000000119
3181  -23.265  -77.546  -17.741 0.3000000119
3179  -21.419  -77.840  -17.033 0.3000000119
3182  -24.263  -77.631  -17.273 0.3000000119
3588  -23.668  -76.732  -17.166 0.3000000119
3983  -24.036  -75.465  -15.604 0.3000000119
1643  -31.277  -80.275  -14.170 0.3000000119
1676  -32.414  -80.181  -16.285 0.3000000119
1753  -21.914  -80.600  -27.512 0.4000000060
1777  -23.145  -80.553  -31.058 0.4000000060
1791  -26.162  -81.052  -32.209 0.6000000238
1794  -24.488  -81.506  -33.553 0.4000000060
1795  -25.354  -81.262  -33.357 0.5000000000
1800  -25.229  -81.132  -34.101 0.5000000000
1809  -23.128  -81.096  -35.159 0.5000000000
1993  -31.165  -79.789  -13.456 0.3000000119
2004  -31.494  -79.750  -14.004 0.3000000119
2012  -31.751  -79.940  -14.554 0.3000000119
2013  -32.204  -79.804  -15.182 0.3000000119
2023  -32.552  -79.841  -15.900 0.3000000119
2032  -32.767  -79.860  -16.517 0.3000000119
2033  -33.133  -79.426  -16.739 0.3000000119
2044  -32.661  -80.225  -18.414 0.3000000119
2045  -33.035  -80.033  -18.068 0.3000000119
2094  -23.570  -79.826  -24.801 0.4000000060
2102  -22.422  -80.056  -25.863 0.4000000060
2113  -22.489  -79.960  -29.015 0.4000000060
2134  -26.059  -80.878  -30.922 0.6000000238
2138  -31.020  -79.699  -29.967 0.5000000000
2149  -29.394  -80.187  -31.385 0.6000000238
2159  -28.412  -79.755  -32.624 0.6000000238
2169  -25.696  -80.527  -34.557 0.6000000238
2170  -26.378  -80.126  -34.334 0.6000000238
2176  -24.564  -80.491  -35.418 0.6000000238
2186  -22.553  -80.317  -36.420 0.5000000000
2187  -23.349  -80.192  -36.261 0.5000000000
2189  -25.035  -79.792  -35.885 0.6000000238
2371  -31.428  -79.370  -13.839 0.3000000119
2372  -32.050  -79.084  -14.825 0.3000000119
2390  -32.587  -79.243  -15.600 0.3000000119
2397  -21.270  -79.491  -16.940 0.3000000119
2409  -33.626  -79.095  -17.354 0.3000000119
2424  -33.838  -79.196  -20.750 0.3000000119
2429  -33.556  -79.301  -21.616 0.4000000060
2451  -33.194  -79.507  -23.907 0.3000000119
2452  -33.583  -79.244  -23.262 0.3000000119
2453  -34.180  -78.706  -23.348 0.3000000119
2458  -29.901  -79.955  -25.133 0.3000000119
2461  -32.835  -79.672  -24.617 0.3000000119
2466  -22.991  -79.644  -25.244 0.4000000060
2469  -31.444  -79.783  -25.985 0.4000000060
2474  -22.841  -79.345  -25.985 0.4000000060
2483  -22.240  -79.912  -27.229 0.4000000060
2484  -22.740  -79.374  -26.906 0.4000000060
2488  -29.455  -80.179  -27.365 0.6000000238
2491  -32.172  -78.886  -28.122 0.5000000000
2499  -26.540  -79.677  -28.589 0.4000000060
2503  -30.982  -79.793  -28.029 0.6000000238
2504  -31.322  -79.636  -28.785 0.5000000000
2511  -24.968  -79.683  -29.212 0.5000000000
2512  -25.922  -79.969  -29.257 0.5000000000
2523  -30.995  -79.512  -30.539 0.5000000000
2525  -32.232  -78.601  -30.026 0.5000000000
2534  -31.283  -79.139  -30.888 0.5000000000
2541  -29.054  -79.384  -32.752 0.6000000238
2543  -30.516  -79.100  -32.092 0.6000000238
2552  -29.423  -78.829  -33.138 0.5000000000
2561  -25.857  -79.568  -35.735 0.6000000238
2562  -26.457  -79.306  -35.522 0.6000000238
2568  -24.619  -79.269  -36.467 0.6000000238
2576  -20.708  -79.349  -37.342 0.4000000060
2749  -32.063  -78.936  -14.994 0.3000000119
2757  -31.675  -78.535  -14.423 0.3000000119
2759  -32.049  -78.271  -15.377 0.3000000119
2765  -21.039  -78.618  -15.621 0.3000000119
2768  -32.564  -78.165  -16.058 0.3000000119
2772  -20.995  -78.622  -16.585 0.3000000119
2775  -32.901  -78.486  -16.377 0.3000000119
2797  -35.188  -78.025  -20.140 0.3000000119
2806  -34.877  -78.294  -21.310 0.3000000119
2838  -34.773  -77.773  -23.892 0.3000000119
2841  -23.279  -79.088  -25.320 0.4000000060
2845  -33.615  -78.401  -25.740 0.4000000060
2849  -10.379  -78.083  -26.853 0.6999999881
2854  -26.173  -78.138  -26.782 0.3000000119
2860  -9.013  -78.110  -27.920 0.5000000000
2861  -9.390  -78.286  -27.617 0.5000000000
2862  -9.927  -78.446  -27.443 0.5000000000
2863  -10.868  -78.784  -28.187 0.5000000000
2866  -24.170  -78.668  -27.061 0.4000000060
2871  -28.965  -79.761  -26.858 0.5000000000
2873  -33.061  -78.115  -27.436 0.4000000060
2875  -8.934  -78.097  -28.418 0.5000000000
2881  -32.695  -78.345  -28.761 0.4000000060
2896  -33.413  -77.321  -30.394 0.5000000000
2903  -32.555  -77.747  -31.414 0.5000000000
2921  -28.886  -78.362  -33.692 0.5000000000
2924  -31.538  -77.650  -32.902 0.5000000000
2939  -25.889  -78.365  -36.644 0.6000000238
2940  -26.573  -78.191  -36.339 0.6000000238
2941  -27.086  -77.976  -36.001 0.6999999881
2949  -24.632  -77.871  -37.173 0.6000000238
2950  -25.415  -77.784  -37.026 0.6000000238
3152  -24.469  -76.901  -16.522 0.3000000119
3159  -32.758  -77.964  -16.443 0.3000000119
3170  -33.055  -77.896  -16.672 0.3000000119
3180  -22.179  -77.645  -17.573 0.3000000119
3183  -33.938  -77.821  -17.652 0.3000000119
3191  -34.876  -77.594  -19.005 0.4000000060
3204  -35.598  -77.381  -20.516 0.3000000119
3212  -36.012  -76.566  -21.607 0.3000000119
3216  -35.996  -76.540  -22.107 0.3000000119
3233  -11.486  -77.137  -25.938 0.6999999881
3234  -12.108  -76.999  -25.668 0.6999999881
3242  -34.491  -77.579  -25.103 0.4000000060
3246  -10.984  -77.558  -26.386 0.6999999881
3251  -25.797  -77.698  -26.001 0.3000000119
3253  -33.385  -77.134  -26.896 0.5000000000
3254  -33.611  -77.669  -26.391 0.4000000060
3257  -9.297  -77.847  -27.483 0.5000000000
3258  -9.781  -77.463  -27.000 0.6999999881
3260  -13.604  -77.449  -27.326 0.6999999881
3261  -14.375  -76.977  -27.225 0.6999999881
3262  -33.282  -77.389  -27.644 0.4000000060
3267  -33.462  -77.136  -28.564 0.4000000060
3270  -8.980  -77.709  -29.010 0.5000000000
3276  -9.754  -76.934  -30.343 0.5000000000
3277  -13.456  -77.854  -29.886 0.6000000238
3279  -33.794  -76.817  -30.664 0.5000000000
3285  -14.297  -77.500  -31.219 0.6000000238
3288  -33.560  -76.714  -31.349 0.5000000000
3296  -32.685  -76.906  -32.473 0.5000000000
3297  -33.173  -76.653  -31.939 0.5000000000
3317  -27.842  -77.918  -34.697 0.5000000000
3326  -26.924  -77.382  -36.112 0.6000000238
3331  -26.089  -77.038  -36.792 0.6000000238
3334  -18.013  -77.228  -37.031 0.5000000000
3340  -24.257  -77.086  -37.306 0.6000000238
3341  -25.560  -77.080  -37.053 0.6000000238
3591  -33.657  -77.775  -17.360 0.3000000119
3602  -35.259  -76.487  -19.511 0.3000000119
3612  -36.100  -76.437  -21.266 0.4000000060
3618  -36.070  -76.160  -22.692 0.3000000119
3631  -35.003  -76.530  -24.754 0.4000000060
3635  -12.343  -76.368  -25.512 0.6999999881
3637  -13.872  -76.224  -25.207 0.6999999881
3641  -32.562  -75.996  -25.986 0.4000000060
3642  -33.345  -76.302  -25.863 0.4000000060
3643  -34.097  -76.619  -25.688 0.4000000060
3646  -10.308  -77.082  -26.650 0.6999999881
3647  -10.958  -76.945  -26.213 0.6999999881
3655  -10.005  -76.857  -27.093 0.6999999881
3657  -32.317  -75.992  -27.346 0.4000000060
3658  -33.007  -76.627  -27.230 0.4000000060
3662  -9.220  -77.066  -28.486 0.6000000238
3663  -9.811  -76.618  -27.910 0.6000000238
3665  -15.209  -76.347  -28.528 0.6999999881
3669  -9.345  -76.924  -29.433 0.5000000000
3673  -34.122  -76.417  -30.292 0.5000000000
3677  -10.969  -76.093  -31.057 0.5000000000
3686  -33.941  -76.304  -30.920 0.5000000000
3693  -16.698  -76.171  -32.044 0.6000000238
3694  -23.070  -76.091  -31.594 0.5000000000
3695  -23.787  -76.233  -31.666 0.5000000000
3706  -16.171  -76.741  -32.724 0.5000000000
3708  -17.354  -76.205  -32.599 0.6000000238
3722  -22.704  -75.911  -32.761 0.5000000000
3723  -23.349  -76.049  -33.089 0.5000000000
3739  -17.353  -76.371  -34.751 0.5000000000
3744  -27.564  -77.436  -34.875 0.6000000238
3753  -15.995  -76.904  -35.150 0.5000000000
3757  -26.570  -76.832  -36.101 0.6000000238
3759  -17.729  -76.533  -36.377 0.5000000000
3760  -18.422  -76.256  -36.647 0.5000000000
3761  -19.116  -75.992  -36.919 0.5000000000
3763  -25.901  -76.520  -36.570 0.5000000000
3766  -18.705  -76.723  -37.066 0.5000000000
3769  -21.092  -76.139  -37.458 0.5000000000
3993  -22.730  -75.554  -16.176 0.3000000119
4040  -36.214  -75.908  -21.290 0.4000000060
4056  -13.877  -75.025  -24.723 0.6999999881
4057  -14.423  -74.902  -24.579 0.6999999881
4060  -32.542  -74.946  -25.024 0.4000000060
4064  -35.659  -75.842  -23.936 0.3000000119
4067  -12.687  -75.665  -25.383 0.6999999881
4071  -16.186  -75.117  -25.060 0.6999999881
4072  -30.778  -74.467  -25.800 0.4000000060
4073  -31.351  -75.204  -25.961 0.5000000000
4077  -34.607  -76.210  -25.157 0.4000000060
4080  -12.118  -75.549  -25.816 0.6999999881
4084  -31.109  -74.873  -27.048 0.4000000060
4092  -31.300  -74.699  -27.824 0.4000000060
4095  -10.387  -76.140  -28.252 0.6999999881
4099  -16.809  -75.182  -28.712 0.6999999881
4104  -31.972  -75.214  -28.362 0.5000000000
4105  -32.993  -75.730  -28.818 0.5000000000
4111  -15.623  -76.050  -29.141 0.6999999881
4112  -16.346  -75.582  -29.443 0.6999999881
4114  -20.740  -75.329  -29.906 0.6000000238
4117  -23.417  -75.701  -29.485 0.5000000000
4124  -34.228  -75.927  -29.966 0.5000000000
4129  -12.713  -75.142  -30.552 0.6999999881
4133  -18.699  -75.219  -30.996 0.6999999881
4137  -22.966  -75.914  -30.282 0.6000000238
4143  -33.597  -75.356  -30.656 0.5000000000
4144  -34.173  -75.883  -30.538 0.5000000000
4147  -11.663  -75.847  -31.669 0.6000000238
4150  -17.064  -75.606  -31.189 0.6999999881
4153  -19.144  -75.543  -31.638 0.6999999881
4154  -20.851  -75.876  -31.402 0.6000000238
4165  -17.968  -76.091  -32.840 0.6999999881
4168  -20.476  -75.826  -32.257 0.6000000238
4180  -18.552  -75.972  -33.419 0.6000000238
4194  -13.485  -75.389  -34.815 0.5000000000
4196  -17.884  -76.155  -34.033 0.6000000238
4202  -25.389  -75.822  -35.483 0.6000000238
4211  -13.786  -74.554  -35.680 0.5000000000
4214  -20.683  -74.673  -36.185 0.6000000238
4223  -21.941  -74.932  -37.027 0.5000000000
4224  -22.871  -74.968  -36.959 0.5000000000
4225  -23.786  -75.166  -36.837 0.5000000000
4227  -25.334  -75.837  -36.355 0.6000000238
4229  -21.521  -75.485  -37.305 0.5000000000
4232  -24.325  -75.696  -37.107 0.5000000000
4549  -35.646  -74.086  -20.373 0.3000000119
4561  -33.516  -73.810  -24.161 0.3000000119
4563  -35.976  -74.669  -23.362 0.3000000119
4569  -15.948  -74.171  -24.110 0.6999999881
4572  -30.334  -73.465  -25.158 0.4000000060
4573  -30.791  -74.109  -25.116 0.4000000060
4574  -31.371  -74.216  -24.797 0.3000000119
4584  -19.194  -73.950  -25.510 0.5000000000
4588  -16.853  -74.860  -25.513 0.6999999881
4590  -18.755  -74.160  -26.248 0.5000000000
4598  -12.971  -74.264  -26.819 0.6999999881
4599  -16.966  -74.980  -26.628 0.6000000238
4603  -20.992  -74.469  -27.561 0.4000000060
4609  -30.534  -73.776  -26.539 0.4000000060
4612  -16.918  -75.084  -27.679 0.6999999881
4613  -17.574  -74.802  -29.150 0.6999999881
4622  -31.152  -73.943  -28.072 0.5000000000
4628  -18.393  -74.669  -29.532 0.6000000238
4629  -19.367  -74.676  -29.438 0.6000000238
4631  -21.125  -75.099  -29.085 0.5000000000
4635  -31.733  -74.173  -29.772 0.5000000000
4639  -14.133  -73.942  -30.964 0.6999999881
4640  -18.183  -74.959  -30.389 0.6999999881
4647  -13.746  -74.506  -31.462 0.6999999881
4664  -13.854  -74.847  -32.712 0.5000000000
4665  -14.416  -74.577  -33.335 0.6000000238
4666  -15.113  -74.166  -33.558 0.6000000238
4677  -16.177  -73.951  -34.233 0.6000000238
4678  -20.959  -74.622  -35.362 0.5000000000
4680  -22.426  -75.077  -34.606 0.5000000000
4688  -15.949  -74.019  -34.975 0.6000000238
4690  -22.397  -74.708  -35.635 0.5000000000
4697  -13.812  -74.022  -35.954 0.5000000000
4698  -14.589  -73.559  -35.944 0.5000000000
4699  -21.498  -74.708  -36.600 0.5000000000
5068  -17.201  -72.730  -23.655 0.6000000238
5071  -19.534  -72.816  -23.597 0.5000000000
5072  -20.381  -72.876  -23.723 0.5000000000
5077  -34.151  -73.291  -23.728 0.3000000119
5078  -34.989  -73.314  -23.341 0.3000000119
5085  -14.762  -73.818  -24.539 0.6999999881
5094  -31.653  -73.677  -24.277 0.3000000119
5095  -32.554  -73.757  -24.162 0.3000000119
5102  -14.969  -73.065  -24.725 0.6000000238
5108  -30.240  -73.241  -25.497 0.3000000119
5117  -30.332  -73.268  -26.199 0.4000000060
5120  -13.516  -73.750  -27.288 0.6999999881
5125  -30.554  -73.295  -26.850 0.4000000060
5128  -13.701  -73.785  -28.146 0.6999999881
5129  -14.273  -73.299  -28.573 0.6999999881
5142  -14.477  -73.291  -30.454 0.6999999881
5152  -15.796  -72.472  -31.913 0.6999999881
5156  -14.781  -73.374  -32.244 0.6999999881
5158  -16.952  -72.984  -32.782 0.6000000238
5167  -15.445  -73.508  -32.934 0.6999999881
5179  -16.734  -73.857  -34.946 0.6000000238
5180  -17.519  -73.619  -34.392 0.6000000238
5194  -18.297  -73.189  -35.769 0.6000000238
5206  -17.434  -73.183  -36.323 0.6000000238
5207  -18.185  -72.824  -36.448 0.6000000238
5577  -17.775  -72.153  -23.549 0.6000000238
5578  -18.519  -72.116  -23.379 0.5000000000
5579  -19.290  -72.187  -23.278 0.5000000000
5580  -20.678  -72.194  -23.329 0.5000000000
5605  -16.197  -71.935  -24.715 0.6000000238
5607  -30.194  -72.536  -25.889 0.3000000119
5616  -30.409  -72.265  -26.454 0.3000000119
5622  -15.135  -72.372  -27.654 0.6000000238
5637  -31.324  -72.540  -28.479 0.5000000000
5641  -14.785  -72.781  -29.017 0.6999999881
5642  -15.341  -72.392  -29.400 0.6999999881
5644  -16.812  -71.982  -29.910 0.6000000238
5653  -15.453  -72.323  -30.281 0.6999999881
5670  -16.398  -72.174  -31.388 0.6000000238
5671  -17.315  -72.147  -31.635 0.5000000000
5684  -18.718  -72.006  -32.421 0.5000000000
5685  -18.997  -71.466  -32.185 0.6000000238
5701  -19.203  -72.085  -33.644 0.5000000000
5715  -18.828  -72.736  -34.168 0.5000000000
5716  -19.333  -72.210  -34.534 0.5000000000
5729  -18.923  -72.778  -35.159 0.6000000238
5742  -15.773  -72.709  -36.790 0.6000000238
5743  -16.813  -72.719  -36.924 0.6000000238
5745  -18.853  -72.491  -36.155 0.6000000238
5757  -18.195  -71.829  -37.114 0.6000000238
5758  -18.934  -71.848  -36.750 0.6000000238
6178  -18.327  -71.476  -23.552 0.6000000238
6205  -17.535  -71.283  -24.768 0.5000000000
6208  -30.166  -71.963  -25.418 0.3000000119
6214  -15.958  -71.787  -26.504 0.6000000238
6215  -16.867  -71.505  -26.380 0.5000000000
6232  -30.965  -71.903  -27.432 0.5000000000
6233  -31.463  -71.549  -27.762 0.3000000119
6241  -18.028  -71.651  -28.641 0.5000000000
6247  -31.678  -71.877  -28.501 0.4000000060
6258  -15.803  -72.145  -28.840 0.6000000238
6262  -19.030  -71.430  -29.597 0.6000000238
6277  -17.723  -71.867  -30.132 0.5000000000
6280  -19.749  -70.952  -30.373 0.5000000000
6310  -19.224  -70.884  -31.736 0.6000000238
6322  -19.303  -71.390  -33.040 0.5000000000
6330  -19.832  -71.040  -34.520 0.5000000000
6343  -19.719  -71.213  -35.551 0.5000000000
6354  -15.366  -71.520  -37.063 0.5000000000
6355  -19.381  -71.020  -36.545 0.6000000238
6363  -16.859  -71.435  -37.313 0.6000000238
6364  -17.585  -71.291  -37.319 0.6000000238
6365  -18.821  -71.175  -37.066 0.6000000238
6837  -20.456  -70.382  -23.387 0.5000000000
6862  -18.856  -70.403  -25.122 0.6000000238
6865  -30.665  -70.647  -25.118 0.3000000119
6875  -30.728  -70.953  -25.982 0.3000000119
6901  -18.709  -71.387  -28.058 0.6000000238
6903  -20.156  -70.871  -28.499 0.5000000000
6907  -31.947  -71.316  -28.142 0.3000000119
6924  -19.713  -71.156  -29.612 0.5000000000
6966  -19.792  -70.355  -30.619 0.6000000238
6991  -20.220  -69.627  -35.697 0.5000000000
7004  -16.312  -70.054  -37.141 0.6000000238
7005  -19.541  -70.077  -36.683 0.5000000000
7016  -17.017  -70.683  -37.331 0.6000000238
7018  -18.582  -70.484  -37.169 0.6000000238
7019  -19.046  -69.802  -37.049 0.6000000238
7450  -20.212  -69.901  -23.948 0.5000000000
7464  -20.128  -69.749  -24.699 0.5000000000
7465  -20.775  -69.735  -24.458 0.5000000000
7466  -21.465  -69.917  -24.213 0.5000000000
7477  -20.118  -69.771  -25.533 0.6000000238
7499  -20.259  -70.030  -26.606 0.5000000000
7527  -18.567  -68.993  -31.280 0.6000000238
7528  -19.064  -69.396  -30.772 0.6000000238
7564  -20.195  -69.039  -36.275 0.5000000000
7574  -16.033  -69.383  -36.743 0.5000000000
7577  -18.854  -68.943  -36.872 0.6000000238
7578  -19.597  -69.296  -36.740 0.6000000238
7588  -17.304  -69.781  -37.139 0.6000000238
8062  -18.786  -67.871  -28.889 0.6000000238
8068  -19.071  -68.297  -29.526 0.5000000000
8075  -18.093  -68.008  -30.614 0.6000000238
8092  -18.712  -69.010  -33.027 0.6000000238
8093  -21.524  -69.123  -31.560 0.5000000000
8108  -20.620  -68.161  -35.175 0.5000000000
8119  -15.165  -68.383  -35.761 0.6000000238
8120  -16.055  -68.096  -35.906 0.6000000238
8121  -20.346  -67.528  -35.597 0.4000000060
8130  -15.686  -68.880  -36.255 0.5000000000
8132  -17.415  -68.531  -36.516 0.6000000238
8133  -18.303  -68.331  -36.582 0.6000000238
8602  -18.789  -67.385  -27.698 0.5000000000
8610  -18.586  -67.462  -28.363 0.5000000000
8640  -18.264  -67.736  -32.521 0.6000000238
8653  -19.625  -67.623  -34.088 0.6000000238
8667  -20.294  -66.916  -35.144 0.6000000238
8681  -14.647  -67.800  -35.339 0.6000000238
8684  -19.165  -66.960  -36.022 0.6000000238
8685  -19.880  -66.947  -35.673 0.5000000000
8697  -17.682  -67.710  -36.214 0.6000000238
8698  -18.747  -67.601  -36.371 0.6000000238
9191  -18.237  -67.023  -28.632 0.5000000000
9223  -18.017  -66.628  -30.208 0.6000000238
9245  -18.212  -66.402  -31.047 0.6000000238
9285  -18.701  -67.038  -32.978 0.6000000238
9286  -19.550  -66.524  -33.546 0.6000000238
9287  -20.194  -66.275  -34.211 0.6000000238
9305  -19.978  -66.912  -34.390 0.6000000238
9319  -16.708  -66.523  -35.579 0.6000000238
9321  -18.602  -66.402  -35.716 0.5000000000
9835  -14.182  -65.250  -26.070 0.6000000238
9915  -18.239  -65.993  -29.621 0.6000000238
9939  -18.761  -65.364  -30.095 0.6000000238
9965  -19.291  -65.746  -32.039 0.6000000238
9989  -15.374  -65.539  -34.930 0.6999999881
9990  -16.301  -65.662  -35.198 0.6999999881
9991  -17.757  -65.174  -35.106 0.6000000238
9993  -20.631  -65.876  -34.705 0.6000000238
10002  -19.522  -65.576  -35.359 0.6000000238
10003  -20.283  -65.392  -35.156 0.6999999881
10004  -20.989  -65.144  -35.046 0.5000000000
10561  -14.659  -64.660  -25.811 0.6000000238
10574  -15.041  -64.054  -26.443 0.6000000238
10589  -14.544  -64.464  -27.993 0.6000000238
10607  -14.098  -64.700  -28.619 0.6000000238
10623  -12.946  -64.581  -30.275 0.6000000238
10625  -13.628  -63.498  -29.173 0.6000000238
10627  -21.001  -64.126  -29.594 0.5000000000
10636  -19.436  -64.787  -29.657 0.5000000000
10656  -15.943  -64.200  -34.051 0.6999999881
10658  -17.960  -63.753  -34.505 0.6000000238
10660  -22.723  -64.260  -33.875 0.5000000000
10669  -22.289  -64.061  -34.550 0.6000000238
10670  -19.206  -64.794  -35.242 0.6000000238
11202  -13.557  -63.211  -21.726 0.5000000000
11212  -13.989  -63.733  -22.200 0.5000000000
11213  -14.696  -63.381  -22.741 0.5000000000
11227  -14.264  -64.301  -23.059 0.5000000000
11241  -15.202  -63.673  -24.514 0.6000000238
11242  -15.426  -62.792  -24.465 0.6000000238
11253  -15.137  -63.947  -25.443 0.6000000238
11288  -14.554  -63.556  -27.991 0.6000000238
11305  -13.864  -63.162  -28.508 0.6000000238
11315  -13.136  -63.101  -29.613 0.6000000238
11321  -12.436  -64.730  -31.095 0.6000000238
11322  -13.290  -63.461  -30.472 0.5000000000
11330  -13.128  -64.197  -31.867 0.5000000000
11331  -13.754  -63.671  -32.084 0.6000000238
11337  -14.700  -63.809  -33.035 0.6999999881
11338  -15.521  -63.683  -33.232 0.6999999881
11340  -17.382  -63.138  -33.862 0.6000000238
11343  -23.722  -62.971  -33.734 0.5000000000
11345  -19.627  -63.387  -35.034 0.6000000238
11347  -23.097  -63.361  -34.263 0.5000000000
11348  -21.119  -64.383  -35.187 0.5000000000
11898  -15.259  -62.228  -23.773 0.6000000238
11918  -15.247  -62.525  -25.362 0.6000000238
11951  -14.392  -62.157  -27.145 0.6000000238
11969  -13.343  -62.525  -28.305 0.6000000238
11984  -14.043  -62.684  -31.792 0.6999999881
11986  -16.109  -61.920  -32.260 0.6000000238
11987  -23.948  -62.198  -33.454 0.5000000000
11989  -15.928  -62.998  -32.607 0.6000000238
11991  -17.784  -62.278  -33.690 0.6000000238
11992  -18.548  -62.346  -34.253 0.5000000000
11995  -19.359  -62.534  -34.684 0.5000000000
11996  -20.993  -62.487  -34.842 0.6000000238
11997  -22.054  -62.234  -34.685 0.5000000000
11998  -22.842  -62.577  -34.519 0.6000000238
12569  -12.750  -61.765  -21.057 0.5000000000
12583  -14.540  -61.960  -22.624 0.6000000238
12600  -14.817  -61.771  -23.349 0.6000000238
12610  -14.488  -61.561  -24.808 0.6999999881
12620  -14.703  -61.816  -25.562 0.6999999881
12639  -13.542  -61.527  -26.618 0.6999999881
12640  -14.275  -61.706  -26.451 0.6999999881
12670  -12.709  -61.994  -28.103 0.6999999881
12677  -12.688  -61.207  -31.328 0.6000000238
12679  -24.032  -61.260  -32.145 0.5000000000
12680  -14.043  -61.635  -31.826 0.6999999881
12683  -16.512  -61.045  -32.210 0.6000000238
12684  -17.195  -60.925  -32.637 0.6000000238
12685  -23.928  -61.372  -33.043 0.5000000000
12690  -20.465  -60.760  -34.080 0.6000000238
12695  -22.141  -61.286  -34.189 0.6000000238
12696  -22.729  -61.215  -33.859 0.6000000238
13339  -10.286  -60.692  -24.113 0.5000000000
13342  -12.882  -61.290  -24.916 0.8000000119
13353  -11.335  -61.183  -25.311 0.6000000238
13355  -13.090  -61.308  -25.579 0.8000000119
13376  -9.120  -60.164  -26.746 0.6000000238
13377  -10.221  -60.976  -27.117 0.6000000238
13380  -13.174  -61.373  -26.202 0.8000000119
13399  -9.559  -60.393  -27.434 0.6000000238
13400  -10.792  -61.202  -27.712 0.5000000000
13418  -11.026  -61.163  -28.660 0.6000000238
13427  -11.303  -60.351  -29.884 0.8000000119
13433  -11.850  -60.324  -30.460 0.6000000238
13444  -14.079  -60.176  -31.462 0.6999999881
13447  -23.529  -60.558  -31.825 0.5000000000
13452  -15.472  -60.661  -31.621 0.6000000238
13455  -17.448  -60.172  -32.493 0.6999999881
13456  -18.247  -59.837  -32.753 0.6999999881
13457  -22.846  -60.197  -32.315 0.6999999881
13470  -22.833  -60.510  -32.930 0.6999999881
13471  -23.382  -60.983  -33.196 0.5000000000
13479  -22.151  -60.717  -33.659 0.6000000238
14076  -12.125  -59.524  -20.023 0.6000000238
14124  -8.854  -59.823  -24.288 0.6000000238
14167  -9.253  -58.969  -28.168 0.6000000238
14169  -10.207  -59.724  -29.127 0.6999999881
14180  -10.601  -58.809  -29.198 0.6000000238
14182  -12.177  -58.978  -29.876 0.6999999881
14199  -14.177  -59.327  -30.830 0.8000000119
14200  -21.389  -59.517  -31.150 0.6000000238
14201  -22.193  -59.793  -31.141 0.5000000000
14212  -12.995  -59.732  -31.171 0.8000000119
14215  -16.468  -59.564  -31.436 0.8000000119
14216  -17.351  -59.168  -31.693 0.6999999881
14227  -16.431  -60.125  -31.760 0.6000000238
14231  -20.165  -59.253  -32.592 0.6999999881
14232  -20.804  -59.458  -32.522 0.8000000119
14246  -20.055  -59.422  -33.058 0.6999999881
14248  -21.436  -59.830  -32.850 0.6999999881
14840  -11.973  -58.543  -19.873 0.6000000238
14848  -11.055  -58.512  -21.757 0.6999999881
14874  -8.965  -58.859  -23.308 0.6999999881
14888  -8.653  -59.252  -23.881 0.6000000238
14918  -8.860  -58.844  -27.486 0.6000000238
14919  -13.547  -57.973  -26.901 0.5000000000
14939  -8.586  -58.311  -26.999 0.6000000238
14956  -9.693  -58.416  -28.340 0.6000000238
14976  -16.854  -58.245  -30.429 0.8000000119
14986  -12.932  -59.055  -30.300 0.8000000119
14987  -13.658  -59.032  -30.340 0.8000000119
14988  -14.561  -59.057  -30.461 0.6999999881
14989  -15.494  -58.917  -30.620 0.8000000119
14990  -16.371  -58.644  -30.827 0.8000000119
14992  -18.353  -58.348  -31.077 0.6999999881
14994  -19.804  -58.846  -31.005 0.6000000238
15008  -17.707  -58.628  -31.398 0.8000000119
15010  -19.250  -58.680  -31.450 0.8000000119
15011  -20.019  -59.002  -31.698 0.6000000238
15632  -11.532  -57.683  -19.777 0.6000000238
15635  -10.761  -57.088  -21.225 0.6999999881
15651  -9.364  -57.397  -22.962 0.8000000119
15661  -8.120  -57.549  -24.239 0.6999999881
15678  -8.027  -57.655  -25.877 0.5000000000
15693  -9.608  -57.511  -27.420 0.6000000238
15694  -12.261  -57.463  -27.775 0.6000000238
15709  -10.976  -57.615  -28.373 0.6000000238
15711  -12.762  -58.092  -28.343 0.6000000238
16355  -10.956  -56.972  -20.261 0.6999999881
16359  -10.234  -56.610  -20.732 0.6999999881
16365  -9.495  -56.408  -22.168 0.8000000119
16374  -8.719  -56.184  -23.335 0.6999999881
16387  -8.716  -57.039  -23.498 0.8000000119
16409  -8.950  -57.086  -26.381 0.6000000238
16412  -9.607  -57.000  -26.884 0.6000000238
17087  -7.713  -56.309  -19.227 0.6999999881
17092  -7.843  -56.253  -20.034 0.6999999881
17098  -8.194  -55.982  -20.906 0.6999999881
17099  -9.080  -56.079  -20.993 0.6999999881
17100  -9.692  -56.284  -21.071 0.6999999881
17150  -8.916  -56.484  -25.692 0.5000000000
17161  -13.243  -55.810  -27.041 0.5000000000
17169  -12.287  -55.886  -27.210 0.5000000000
17850  -5.902  -54.356  -21.415 0.6999999881
17862  -6.213  -53.910  -22.404 0.6999999881
17874  -7.823  -54.210  -23.448 0.6000000238
17893  -9.275  -55.549  -25.000 0.6000000238
17905  -11.693  -54.710  -26.648 0.6000000238
17925  -12.430  -54.959  -27.101 0.6000000238
18626  -12.937  -53.013  -19.299 0.5000000000
18632  -10.361  -52.867  -20.499 0.5000000000
18659  -7.721  -53.175  -23.381 0.6000000238
18678  -11.656  -53.267  -26.179 0.5000000000
18692  -11.881  -53.891  -26.473 0.6000000238
18706  -13.623  -53.652  -27.461 0.5000000000
18708  -14.920  -54.087  -27.796 0.5000000000
18715  -17.624  -53.551  -28.613 0.4000000060
18722  -17.537  -53.135  -28.682 0.4000000060
18724  -19.616  -53.073  -29.589 0.4000000060
18731  -19.318  -52.777  -29.651 0.4000000060
19418  -15.026  -52.242  -18.767 0.4000000060
19422  -10.470  -52.408  -19.166 0.4000000060
19423  -11.698  -52.864  -19.589 0.6000000238
19425  -13.706  -52.921  -19.316 0.5000000000
19426  -14.581  -52.683  -19.409 0.5000000000
19431  -5.999  -52.923  -19.456 0.5000000000
19437  -14.060  -52.820  -20.136 0.4000000060
19445  -10.054  -52.902  -20.831 0.5000000000
19448  -13.476  -52.656  -21.076 0.5000000000
19465  -11.898  -52.419  -21.875 0.5000000000
19484  -9.799  -52.704  -23.864 0.5000000000
19495  -10.855  -52.408  -25.086 0.5000000000
19508  -12.960  -53.512  -27.098 0.6000000238
19510  -14.104  -52.810  -27.404 0.5000000000
19518  -17.375  -52.679  -28.575 0.4000000060
19532  -19.412  -52.168  -29.826 0.4000000060
19533  -19.787  -51.693  -29.927 0.4000000060
20273  -11.868  -51.560  -17.722 0.4000000060
20283  -10.695  -52.011  -18.468 0.4000000060
20293  -9.223  -51.801  -18.225 0.4000000060
20300  -8.596  -51.979  -18.964 0.5000000000
20302  -9.369  -52.263  -19.062 0.4000000060
20305  -16.724  -51.502  -20.271 0.4000000060
20306  -17.270  -51.155  -20.643 0.4000000060
20324  -8.924  -52.263  -20.892 0.6000000238
20342  -10.652  -51.592  -23.961 0.4000000060
20350  -10.804  -51.772  -24.661 0.4000000060
20352  -11.813  -51.001  -25.743 0.5000000000
20359  -13.583  -51.020  -26.758 0.4000000060
20364  -13.429  -51.941  -26.935 0.5000000000
20372  -16.019  -52.712  -27.914 0.4000000060
20374  -17.655  -52.150  -28.675 0.4000000060
20381  -18.355  -52.028  -29.267 0.4000000060
20382  -18.977  -51.824  -29.722 0.4000000060
21162  -9.469  -50.130  -16.912 0.4000000060
21189  -9.382  -51.249  -17.658 0.4000000060
21205  -18.437  -50.175  -21.494 0.3000000119
21216  -14.168  -50.605  -22.812 0.4000000060
21218  -16.571  -50.707  -22.426 0.3000000119
21219  -17.698  -50.551  -22.126 0.4000000060
21235  -11.689  -50.486  -23.378 0.4000000060
21236  -12.135  -49.830  -23.474 0.5000000000
21237  -12.585  -49.437  -23.498 0.5000000000
21247  -11.304  -50.270  -24.477 0.4000000060
21254  -12.487  -49.739  -25.628 0.5000000000
21262  -13.903  -50.099  -26.588 0.4000000060
21271  -17.189  -50.772  -27.837 0.4000000060
21279  -18.624  -50.756  -29.016 0.4000000060
21285  -19.974  -50.978  -29.987 0.3000000119
21290  -20.545  -50.852  -29.936 0.3000000119
22085  -14.021  -50.361  -17.684 0.4000000060
22100  -17.259  -49.612  -19.349 0.3000000119
22101  -17.994  -49.584  -19.749 0.3000000119
22116  -15.583  -50.361  -22.897 0.4000000060
22134  -14.154  -49.045  -23.504 0.5000000000
22151  -12.099  -49.305  -24.914 0.5000000000
22185  -20.920  -49.948  -29.827 0.3000000119
22993  -12.052  -48.286  -16.859 0.4000000060
23012  -16.759  -48.777  -19.275 0.3000000119
23041  -12.718  -48.576  -24.306 0.5000000000
23042  -13.170  -48.235  -24.188 0.5000000000
23043  -13.634  -48.314  -23.918 0.5000000000
23060  -12.486  -48.772  -24.680 0.4000000060
23061  -13.026  -48.262  -24.931 0.4000000060
23068  -13.997  -48.102  -26.066 0.4000000060
23074  -15.074  -47.654  -26.676 0.3000000119
23894  -12.658  -46.653  -17.206 0.5000000000
23943  -13.586  -47.932  -24.395 0.5000000000
23969  -13.577  -47.765  -25.047 0.4000000060
23970  -14.146  -47.331  -25.308 0.4000000060
23981  -14.309  -47.397  -25.853 0.4000000060
25703  -11.478  -44.320  -17.927 0.3000000119
26522  -10.355  -44.113  -17.907 0.3000000119
133084  -13.052  -55.214  -27.239 0.5000000000
133858  -20.705  -75.266  -33.722 0.6000000238
134363  -10.235  -53.926  -24.885 0.6000000238
134379  -10.390  -55.609  -26.168 0.6000000238
134470  -27.733  -78.491  -26.537 0.3000000119
134755  -12.298  -62.064  -30.150 0.6000000238
135240  -20.325  -59.021  -30.256 0.6000000238
135630  -19.896  -64.947  -35.288 0.6000000238
135766  -12.391  -75.641  -32.285 0.5000000000
136128  -33.264  -79.532  -19.852 0.3000000119
136198  -24.350  -80.079  -24.456 0.3000000119
136231  -16.825  -73.746  -34.064 0.6999999881
136382  -18.130  -65.835  -35.409 0.5000000000
136486  -23.410  -79.107  -27.443 0.4000000060
136936  -29.267  -80.523  -30.773 0.5000000000
137159  -26.991  -80.673  -32.195 0.6999999881
137262  -17.416  -66.991  -35.915 0.6000000238
137610  -14.935  -51.447  -27.134 0.4000000060
137879  -20.045  -70.329  -35.094 0.5000000000
137937  -10.357  -52.711  -19.870 0.5000000000
138136  -15.258  -76.379  -29.798 0.6999999881
138190  -31.101  -70.371  -25.583 0.3000000119
138388  -16.640  -64.519  -34.527 0.6999999881
138711  -18.476  -59.249  -32.420 0.6999999881
138843  -19.459  -70.427  -26.563 0.5000000000
139231  -35.625  -77.320  -21.174 0.3000000119
139324  -19.273  -77.062  -37.279 0.5000000000
139382  -15.639  -59.618  -31.126 0.8000000119
139432  -13.533  -77.978  -30.780 0.5000000000
139720  -13.800  -75.123  -33.424 0.5000000000
139729  -13.274  -74.763  -30.008 0.6999999881
140505  -9.482  -54.771  -24.483 0.6000000238
140601  -25.901  -76.492  -33.790 0.6000000238
140670  -17.639  -71.319  -26.651 0.5000000000
141185  -11.391  -50.780  -25.089 0.4000000060
141217  -19.719  -58.763  -30.306 0.6000000238
141388  -20.566  -70.921  -30.098 0.5000000000
141645  -22.128  -60.333  -33.149 0.6999999881
142154  -31.882  -80.711  -17.683 0.3000000119
142518  -9.319  -52.201  -22.991 0.4000000060
142719  -28.275  -80.289  -28.218 0.6000000238
143158  -28.362  -80.263  -32.027 0.6999999881
143163  -11.129  -56.029  -26.992 0.6000000238
143696  -7.903  -58.200  -24.724 0.6000000238
143864  -32.920  -75.871  -32.250 0.5000000000
143897  -15.365  -61.691  -31.947 0.6000000238
143996  -25.730  -76.591  -32.989 0.5000000000
144219  -13.806  -64.366  -29.269 0.6000000238
144531  -17.169  -69.109  -36.829 0.5000000000
144546  -26.648  -76.651  -35.502 0.6000000238
144653  -22.333  -78.859  -37.344 0.5000000000
144863  -29.882  -80.496  -30.143 0.5000000000
145050  -24.005  -76.198  -33.434 0.5000000000
145366  -13.024  -61.972  -31.367 0.6000000238
145380  -12.961  -57.492  -27.101 0.5000000000
145508  -14.213  -64.315  -33.482 0.6000000238
145517  -11.107  -46.636  -16.465 0.3000000119
145605  -18.122  -77.768  -37.161 0.5000000000
145959  -21.958  -79.344  -17.526 0.3000000119
146017  -19.249  -75.822  -33.037 0.6000000238
146559  -30.729  -80.056  -13.026 0.3000000119
146718  -13.336  -74.320  -28.506 0.6999999881
146963  -14.280  -61.456  -24.014 0.6999999881
147049  -15.841  -51.147  -18.652 0.4000000060
147380  -16.835  -76.635  -35.395 0.5000000000
147418  -18.270  -73.289  -23.756 0.5000000000
147503  -15.440  -69.426  -36.486 0.5000000000
147646  -14.943  -75.181  -24.564 0.6999999881
147658  -19.961  -76.973  -37.380 0.5000000000
147861  -15.141  -76.433  -27.729 0.6999999881
148068  -22.117  -64.739  -33.376 0.5000000000
148330  -20.662  -76.731  -37.451 0.5000000000
148604  -10.046  -52.841  -21.567 0.4000000060
148785  -10.328  -57.029  -27.448 0.5000000000
148950  -19.204  -71.321  -30.909 0.6000000238
148956  -14.988  -50.677  -22.691 0.4000000060
149354  -10.628  -78.518  -27.512 0.5000000000
149410  -20.835  -71.218  -23.124 0.5000000000
149673  -20.705  -70.988  -29.070 0.5000000000
150091  -12.277  -57.962  -28.545 0.6999999881
150107  -13.725  -58.452  -28.538 0.6000000238
150212  -10.343  -76.339  -30.537 0.5000000000
150381  -18.860  -71.589  -30.866 0.6000000238
150490  -8.133  -59.054  -25.792 0.6000000238
150531  -27.737  -79.201  -33.830 0.6999999881
150663  -36.029  -76.611  -20.948 0.4000000060
151352  -32.764  -79.104  -15.964 0.3000000119
151606  -15.609  -72.187  -37.021 0.6000000238
151864  -30.681  -71.381  -26.441 0.3000000119
152220  -17.099  -76.675  -36.121 0.5000000000
152295  -19.965  -70.968  -23.099 0.5000000000
152524  -14.026  -60.758  -31.708 0.6000000238
153105  -31.706  -79.256  -14.359 0.3000000119
153278  -13.524  -49.700  -26.287 0.5000000000
153324  -33.463  -76.188  -31.674 0.5000000000
153325  -13.869  -73.325  -26.879 0.6999999881
153726  -14.779  -74.361  -34.975 0.6000000238
153763  -11.884  -51.187  -22.957 0.5000000000
153845  -11.037  -58.166  -28.936 0.6000000238
153871  -15.073  -72.673  -31.689 0.6999999881
154143  -17.177  -72.131  -23.778 0.6000000238
154550  -10.266  -57.154  -21.926 0.6999999881
154613  -17.402  -62.025  -33.206 0.6000000238
154686  -15.384  -48.224  -26.875 0.3000000119
154765  -18.629  -66.181  -31.734 0.6000000238
154957  -13.982  -77.302  -29.666 0.6000000238
155013  -13.205  -58.305  -28.528 0.6000000238
155200  -30.481  -80.148  -29.833 0.5000000000
155289  -13.207  -74.586  -35.969 0.5000000000
155411  -15.351  -48.317  -19.004 0.4000000060
155781  -13.455  -49.876  -17.517 0.5000000000
155804  -10.934  -61.270  -26.804 0.6000000238
156112  -12.668  -52.826  -26.788 0.6000000238
156173  -24.099  -75.088  -36.404 0.5000000000
156634  -34.114  -78.641  -24.522 0.3000000119
156637  -11.763  -75.494  -26.387 0.6999999881
156928  -12.267  -51.280  -26.253 0.5000000000
157045  -35.380  -77.634  -19.972 0.4000000060
157057  -9.904  -52.665  -22.141 0.5000000000
157160  -19.699  -52.760  -29.689 0.4000000060
157433  -14.325  -48.546  -26.470 0.4000000060
157605  -13.474  -48.857  -23.599 0.5000000000
157657  -22.117  -64.621  -32.572 0.5000000000
157673  -8.427  -59.523  -25.951 0.6000000238
157702  -26.590  -80.774  -32.608 0.6000000238
157732  -31.522  -73.782  -30.064 0.5000000000
157739  -10.641  -57.302  -27.916 0.5000000000
158628  -17.426  -50.138  -27.782 0.4000000060
158693  -12.040  -52.772  -21.210 0.6000000238
158774  -12.752  -58.350  -29.022 0.6000000238
158784  -7.795  -52.318  -22.994 0.5000000000
158922  -19.547  -75.483  -36.631 0.5000000000
159042  -19.995  -65.417  -32.321 0.6000000238
159086  -20.349  -68.772  -34.733 0.5000000000
159176  -8.455  -51.746  -18.423 0.4000000060
159608  -13.421  -48.012  -25.259 0.4000000060
159668  -14.915  -75.625  -24.918 0.6999999881
159849  -16.208  -50.064  -23.099 0.3000000119
160046  -15.617  -72.172  -28.143 0.6000000238
160176  -17.836  -72.858  -33.016 0.6000000238
160208  -18.248  -72.416  -32.584 0.5000000000
