#!ascii label  , from subject ICBM2009cNolinAsym vox2ras=TkReg
2041
8042  -39.273  -68.269  -22.244 0.1000000015
7443  -38.829  -69.063  -22.695 0.1000000015
7458  -37.347  -69.431  -23.321 0.1000000015
7459  -38.446  -69.911  -23.230 0.1000000015
6843  -37.759  -70.391  -23.807 0.1000000015
6184  -39.449  -71.796  -23.429 0.1000000015
6196  -37.878  -71.643  -24.838 0.1000000015
5596  -39.094  -72.905  -24.810 0.1000000015
5118  -39.469  -73.170  -25.607 0.1000000015
5608  -38.886  -72.992  -25.668 0.1000000015
6222  -38.989  -72.858  -26.405 0.1000000015
5620  -40.384  -72.905  -26.225 0.1000000015
5628  -39.848  -72.880  -26.871 0.1000000015
6234  -38.729  -72.295  -26.806 0.1000000015
6236  -40.253  -72.472  -27.621 0.1000000015
6937  -42.320  -70.523  -29.179 0.1000000015
6235  -39.342  -72.466  -27.181 0.1000000015
6251  -40.257  -71.814  -28.231 0.1000000015
6250  -39.682  -71.615  -28.088 0.1000000015
8047  -40.444  -67.712  -23.021 0.1000000015
7444  -39.669  -69.354  -22.897 0.1000000015
139568  -39.961  -68.740  -22.841 0.1000000015
7460  -39.295  -69.906  -23.006 0.1000000015
7446  -41.224  -69.522  -23.361 0.1000000015
7461  -41.366  -70.361  -23.086 0.1000000015
146924  -40.041  -71.313  -22.994 0.1000000015
7462  -41.978  -70.088  -23.451 0.1000000015
6198  -39.606  -72.663  -23.887 0.1000000015
6200  -42.024  -71.690  -23.811 0.1000000015
5611  -41.171  -72.644  -25.247 0.1000000015
5629  -40.557  -72.643  -26.994 0.1000000015
149024  -45.945  -63.635  -28.824 0.1000000015
9221  -45.528  -65.840  -29.770 0.1000000015
8623  -44.944  -67.316  -29.771 0.1000000015
9201  -45.381  -66.738  -29.387 0.1000000015
7517  -43.608  -69.350  -29.239 0.1000000015
141453  -43.063  -70.066  -28.761 0.1000000015
6918  -42.472  -70.743  -28.309 0.1000000015
6253  -41.857  -71.452  -27.874 0.1000000015
6917  -41.659  -71.131  -28.677 0.1000000015
6252  -40.979  -71.804  -28.190 0.1000000015
9123  -41.418  -66.501  -21.057 0.1000000015
9809  -41.374  -65.493  -23.460 0.2000000030
9798  -40.926  -65.751  -23.008 0.2000000030
8584  -40.434  -66.990  -22.185 0.1000000015
9810  -42.077  -65.135  -23.837 0.1000000015
154364  -41.453  -66.931  -24.369 0.1000000015
8586  -40.570  -66.905  -23.066 0.1000000015
9137  -42.184  -66.546  -24.929 0.1000000015
8589  -41.453  -67.967  -24.277 0.1000000015
17199  -48.337  -55.613  -29.857 0.1000000015
16430  -49.214  -56.087  -29.831 0.1000000015
144002  -42.126  -67.712  -24.996 0.1000000015
7475  -42.389  -69.641  -24.163 0.1000000015
144666  -42.585  -70.647  -24.013 0.1000000015
15722  -48.442  -57.568  -29.563 0.1000000015
144114  -49.130  -57.513  -29.489 0.1000000015
14970  -49.413  -57.962  -28.719 0.1000000015
14166  -49.695  -59.128  -27.332 0.1000000015
13415  -49.499  -59.816  -26.883 0.1000000015
13397  -49.068  -60.520  -26.941 0.1000000015
8051  -42.668  -68.733  -25.092 0.1000000015
6869  -42.962  -70.639  -25.086 0.1000000015
6212  -42.365  -71.561  -25.634 0.1000000015
14954  -49.265  -58.638  -28.007 0.1000000015
14165  -48.994  -59.550  -27.339 0.1000000015
13414  -48.406  -60.594  -27.138 0.1000000015
11962  -48.311  -62.206  -27.382 0.1000000015
11300  -48.016  -63.065  -27.580 0.1000000015
10583  -47.207  -64.691  -27.147 0.1000000015
9881  -46.292  -65.735  -27.419 0.1000000015
137896  -42.711  -70.930  -26.571 0.1000000015
12665  -47.826  -61.491  -27.513 0.1000000015
11961  -47.550  -62.398  -27.854 0.1000000015
11299  -47.163  -63.286  -28.143 0.1000000015
9882  -46.751  -65.054  -27.760 0.1000000015
8607  -44.469  -68.328  -27.493 0.1000000015
7511  -43.647  -69.514  -28.295 0.1000000015
9907  -46.025  -65.328  -29.145 0.1000000015
9202  -45.762  -66.218  -29.050 0.1000000015
8615  -45.445  -66.914  -28.454 0.1000000015
8065  -44.162  -68.851  -28.771 0.1000000015
7510  -43.140  -70.185  -27.843 0.1000000015
6237  -41.181  -72.150  -27.421 0.1000000015
10539  -41.712  -64.873  -23.121 0.1000000015
9799  -41.248  -65.299  -22.861 0.2000000030
135317  -41.364  -65.665  -21.521 0.1000000015
9117  -42.162  -66.033  -20.687 0.2000000030
8578  -43.122  -66.752  -19.988 0.2000000030
10540  -42.480  -64.562  -23.285 0.1000000015
10555  -42.999  -64.848  -24.024 0.1000000015
17953  -45.984  -54.885  -28.598 0.1000000015
17192  -47.698  -55.138  -29.364 0.1000000015
9150  -42.735  -67.121  -25.422 0.1000000015
9842  -43.842  -66.130  -25.585 0.1000000015
16431  -49.990  -56.518  -29.173 0.1000000015
14955  -49.992  -58.290  -27.801 0.1000000015
14937  -50.209  -58.740  -26.963 0.1000000015
8591  -42.955  -67.987  -25.669 0.1000000015
14152  -50.524  -58.726  -26.300 0.1000000015
13398  -49.745  -60.412  -26.190 0.1000000015
11945  -48.856  -62.017  -26.601 0.1000000015
11265  -48.232  -63.686  -25.881 0.1000000015
9859  -46.020  -65.778  -26.533 0.1000000015
8597  -44.198  -68.324  -26.851 0.1000000015
7487  -43.272  -69.791  -25.800 0.1000000015
8056  -43.962  -69.008  -27.084 0.1000000015
6898  -43.127  -70.244  -26.952 0.1000000015
11204  -43.777  -63.122  -21.838 0.1000000015
11203  -42.765  -63.339  -21.546 0.1000000015
11220  -44.322  -63.464  -22.244 0.1000000015
156269  -43.334  -63.606  -22.102 0.1000000015
158871  -42.443  -63.940  -21.769 0.1000000015
9796  -41.866  -64.580  -21.145 0.2000000030
10523  -42.074  -64.478  -22.702 0.2000000030
9791  -42.348  -65.436  -20.682 0.2000000030
9792  -43.966  -65.796  -19.936 0.2000000030
10541  -43.420  -64.325  -23.364 0.1000000015
11233  -44.778  -63.784  -22.846 0.1000000015
148067  -44.260  -64.150  -23.343 0.1000000015
10556  -44.169  -64.652  -24.241 0.1000000015
17954  -46.972  -54.703  -28.737 0.1000000015
145127  -49.524  -55.110  -28.412 0.1000000015
17166  -50.118  -55.536  -26.947 0.1000000015
16406  -50.581  -56.211  -26.354 0.1000000015
9827  -43.427  -65.207  -24.617 0.1000000015
9828  -44.056  -65.387  -25.080 0.1000000015
17179  -45.034  -55.023  -28.277 0.1000000015
17941  -45.606  -54.529  -28.006 0.1000000015
17194  -49.869  -55.648  -28.936 0.1000000015
17181  -50.153  -55.531  -27.965 0.1000000015
145936  -50.940  -57.541  -26.287 0.1000000015
14916  -50.809  -58.278  -25.896 0.1000000015
13370  -50.034  -60.609  -24.998 0.1000000015
12615  -49.201  -61.763  -24.166 0.1000000015
11249  -47.800  -63.601  -24.294 0.1000000015
10569  -45.894  -64.927  -25.226 0.1000000015
9843  -44.699  -65.833  -25.654 0.1000000015
17178  -44.007  -55.059  -27.982 0.1000000015
11930  -48.998  -62.458  -24.843 0.1000000015
10571  -47.677  -64.074  -25.140 0.1000000015
10570  -46.882  -64.654  -25.382 0.1000000015
9167  -44.347  -67.494  -26.543 0.1000000015
17177  -42.975  -55.246  -27.452 0.1000000015
17176  -41.729  -55.316  -27.168 0.1000000015
17175  -40.464  -55.244  -27.460 0.1000000015
17174  -40.176  -54.653  -27.778 0.1000000015
12589  -45.090  -61.546  -22.029 0.1000000015
11205  -44.591  -63.037  -21.953 0.1000000015
13321  -45.819  -60.835  -22.416 0.1000000015
12590  -45.967  -61.907  -22.395 0.1000000015
11879  -43.301  -62.748  -21.506 0.1000000015
10509  -41.964  -64.141  -20.909 0.2000000030
11894  -46.052  -62.710  -22.494 0.1000000015
11221  -45.310  -63.251  -22.396 0.1000000015
135384  -42.770  -65.284  -20.191 0.2000000030
148731  -46.611  -60.437  -22.727 0.1000000015
12591  -46.754  -62.260  -22.825 0.1000000015
18701  -42.900  -53.873  -25.831 0.1000000015
17919  -44.529  -54.054  -26.661 0.1000000015
156556  -45.179  -54.084  -26.983 0.1000000015
18703  -45.517  -53.744  -26.447 0.1000000015
17943  -47.296  -54.312  -27.990 0.1000000015
147112  -48.030  -54.355  -27.697 0.1000000015
17923  -48.725  -54.543  -27.131 0.1000000015
14107  -47.949  -59.622  -23.041 0.1000000015
155179  -47.948  -61.100  -23.187 0.1000000015
11222  -46.258  -63.205  -22.865 0.1000000015
10542  -45.046  -64.148  -23.648 0.1000000015
17942  -46.430  -54.347  -28.014 0.1000000015
16401  -50.291  -56.377  -25.488 0.1000000015
16402  -50.420  -57.067  -25.052 0.1000000015
15677  -50.649  -57.731  -25.016 0.1000000015
11904  -48.033  -62.379  -23.417 0.1000000015
11903  -47.583  -62.945  -23.339 0.1000000015
142646  -45.362  -64.541  -24.482 0.1000000015
18700  -41.774  -53.894  -25.877 0.1000000015
16411  -50.874  -56.819  -26.730 0.1000000015
16407  -50.845  -57.044  -25.736 0.1000000015
14119  -50.362  -58.431  -24.398 0.1000000015
12605  -49.806  -60.392  -23.744 0.1000000015
12604  -49.180  -61.113  -23.616 0.1000000015
10558  -46.955  -64.037  -24.304 0.1000000015
10557  -46.217  -64.465  -24.658 0.1000000015
17918  -43.324  -54.279  -26.542 0.1000000015
17940  -43.700  -54.652  -27.310 0.1000000015
17917  -42.143  -54.376  -26.452 0.1000000015
17938  -41.323  -54.861  -26.877 0.1000000015
17937  -40.418  -54.574  -27.131 0.1000000015
17960  -40.220  -54.437  -29.166 0.1000000015
12575  -43.576  -62.178  -21.433 0.1000000015
146819  -46.055  -60.012  -22.617 0.1000000015
143552  -45.271  -59.931  -22.410 0.1000000015
148008  -44.373  -61.258  -21.842 0.1000000015
11194  -42.148  -63.436  -20.930 0.1000000015
14106  -46.815  -59.598  -22.817 0.1000000015
14871  -46.395  -58.645  -22.821 0.1000000015
11878  -42.888  -62.400  -21.228 0.1000000015
11191  -41.972  -64.085  -20.056 0.1000000015
14885  -47.759  -57.958  -23.314 0.1000000015
14872  -47.382  -58.800  -23.010 0.1000000015
10505  -42.747  -64.885  -19.755 0.2000000030
18702  -44.031  -53.664  -25.862 0.1000000015
18704  -46.403  -53.660  -26.338 0.1000000015
17922  -47.853  -54.191  -26.752 0.1000000015
138861  -48.866  -58.147  -23.532 0.1000000015
13323  -48.454  -60.344  -23.178 0.1000000015
10499  -42.704  -64.483  -18.991 0.2000000030
148262  -45.099  -53.431  -25.794 0.1000000015
17924  -49.371  -55.008  -26.532 0.1000000015
17149  -49.633  -55.906  -25.297 0.1000000015
15676  -50.100  -57.605  -24.481 0.1000000015
15673  -49.745  -58.317  -23.866 0.1000000015
147681  -49.311  -60.287  -23.378 0.1000000015
18699  -40.771  -53.736  -25.999 0.1000000015
17915  -40.209  -53.978  -26.707 0.1000000015
17936  -39.970  -54.097  -27.511 0.1000000015
18721  -39.892  -53.501  -28.063 0.1000000015
17952  -40.045  -54.255  -28.297 0.1000000015
18729  -40.180  -53.628  -28.922 0.1000000015
18730  -40.533  -53.756  -29.806 0.1000000015
15660  -46.040  -57.694  -22.904 0.1000000015
14870  -45.479  -58.433  -22.605 0.1000000015
14104  -44.946  -59.094  -22.408 0.1000000015
15669  -46.232  -56.885  -23.206 0.1000000015
14105  -45.821  -59.274  -22.602 0.1000000015
14092  -44.276  -59.745  -22.163 0.1000000015
143993  -43.683  -61.447  -21.581 0.1000000015
14884  -46.873  -58.104  -23.071 0.1000000015
13312  -43.903  -60.638  -21.851 0.1000000015
11868  -42.525  -62.893  -21.119 0.1000000015
15671  -48.345  -57.267  -23.760 0.1000000015
15670  -46.855  -57.371  -23.308 0.1000000015
12574  -42.786  -61.748  -21.168 0.1000000015
18685  -42.472  -53.386  -25.262 0.1000000015
18686  -43.562  -53.210  -25.240 0.1000000015
18687  -44.669  -52.938  -25.190 0.1000000015
18688  -46.029  -53.303  -25.648 0.1000000015
18690  -47.380  -53.811  -25.169 0.1000000015
151416  -48.342  -54.678  -25.398 0.1000000015
17148  -48.972  -55.828  -24.822 0.1000000015
16395  -48.737  -56.546  -24.261 0.1000000015
11867  -42.153  -62.485  -20.715 0.1000000015
11193  -41.931  -63.234  -20.422 0.1000000015
18684  -41.423  -53.359  -25.363 0.1000000015
149473  -48.560  -54.583  -26.161 0.1000000015
17158  -49.932  -55.639  -25.995 0.1000000015
15672  -49.302  -57.412  -24.052 0.1000000015
11186  -42.208  -63.855  -18.503 0.1000000015
18683  -40.542  -53.094  -25.596 0.1000000015
18697  -39.856  -52.817  -26.551 0.1000000015
18713  -39.823  -53.313  -27.133 0.1000000015
19523  -39.818  -52.684  -27.845 0.1000000015
20380  -40.482  -51.412  -28.913 0.1000000015
20388  -40.516  -52.091  -29.208 0.1000000015
20401  -41.675  -51.659  -30.265 0.1000000015
155493  -44.998  -56.426  -22.704 0.1000000015
15659  -45.078  -57.618  -22.618 0.1000000015
14869  -44.625  -58.321  -22.420 0.1000000015
16385  -45.354  -55.961  -22.842 0.1000000015
14103  -43.573  -59.084  -22.011 0.1000000015
16392  -46.085  -56.112  -23.195 0.1000000015
17135  -46.001  -55.195  -23.023 0.1000000015
142959  -43.318  -59.915  -21.778 0.1000000015
13311  -43.022  -60.796  -21.467 0.1000000015
17137  -47.470  -55.580  -23.932 0.1000000015
17136  -46.723  -55.380  -23.524 0.1000000015
13310  -42.409  -60.021  -21.395 0.1000000015
18671  -42.068  -52.897  -24.742 0.1000000015
18705  -47.233  -53.822  -26.080 0.1000000015
17892  -47.842  -54.413  -24.808 0.1000000015
143164  -47.833  -55.067  -24.372 0.1000000015
12564  -42.008  -60.956  -20.964 0.1000000015
11858  -41.638  -63.000  -19.866 0.1000000015
19500  -40.299  -52.449  -25.180 0.1000000015
18672  -43.096  -52.732  -24.752 0.1000000015
18673  -44.134  -52.445  -24.775 0.1000000015
19502  -45.679  -52.740  -25.076 0.1000000015
18675  -46.427  -52.886  -24.824 0.1000000015
11866  -41.487  -62.280  -20.157 0.1000000015
19507  -39.970  -52.671  -25.914 0.1000000015
148480  -39.805  -51.092  -27.493 0.1000000015
19506  -39.677  -52.193  -26.313 0.1000000015
21276  -40.159  -50.412  -28.027 0.1000000015
20371  -39.800  -51.874  -27.664 0.1000000015
146517  -40.154  -51.215  -28.259 0.1000000015
20389  -41.072  -51.292  -29.588 0.1000000015
21282  -40.724  -50.547  -28.880 0.1000000015
17872  -45.984  -54.123  -22.685 0.1000000015
17127  -45.195  -55.163  -22.561 0.1000000015
15658  -44.227  -57.574  -22.378 0.1000000015
18658  -46.418  -52.963  -22.569 0.1000000015
15650  -43.332  -57.541  -22.009 0.1000000015
19493  -46.177  -52.109  -24.424 0.1000000015
19494  -46.680  -52.529  -24.040 0.1000000015
19472  -46.890  -52.488  -23.263 0.1000000015
14857  -43.057  -58.431  -21.874 0.1000000015
19489  -40.828  -52.160  -24.470 0.1000000015
19490  -41.711  -52.341  -24.329 0.1000000015
145689  -44.535  -51.739  -24.466 0.1000000015
18676  -46.978  -53.317  -24.513 0.1000000015
17891  -47.376  -53.913  -24.465 0.1000000015
13309  -41.454  -59.926  -20.907 0.1000000015
19499  -39.767  -51.975  -25.535 0.1000000015
151821  -41.960  -61.827  -20.694 0.1000000015
11857  -41.256  -62.623  -19.339 0.1000000015
20363  -39.517  -51.311  -26.061 0.1000000015
158835  -39.587  -50.977  -26.820 0.1000000015
21275  -39.744  -50.362  -27.259 0.1000000015
22169  -40.030  -49.647  -27.706 0.1000000015
22175  -40.569  -49.648  -28.442 0.1000000015
23089  -40.937  -48.848  -28.710 0.1000000015
21288  -41.470  -50.356  -29.625 0.1000000015
16384  -44.579  -56.052  -22.489 0.1000000015
141876  -43.930  -56.765  -22.275 0.1000000015
16373  -43.173  -56.604  -21.873 0.1000000015
15649  -42.554  -57.190  -21.621 0.1000000015
20338  -41.820  -51.175  -23.578 0.1000000015
19482  -44.302  -51.153  -24.194 0.1000000015
20348  -45.245  -51.176  -24.188 0.1000000015
21259  -39.375  -50.512  -25.516 0.1000000015
19488  -40.110  -51.750  -24.733 0.1000000015
20346  -40.741  -51.405  -23.924 0.1000000015
19480  -42.305  -51.696  -23.923 0.1000000015
19481  -43.294  -51.404  -24.060 0.1000000015
18674  -45.253  -52.042  -24.623 0.1000000015
14090  -42.000  -59.270  -21.353 0.1000000015
21267  -39.453  -50.354  -26.431 0.1000000015
22168  -39.609  -49.683  -26.970 0.1000000015
23080  -39.600  -48.175  -26.878 0.1000000015
23081  -39.826  -48.913  -27.335 0.1000000015
23997  -39.827  -47.451  -27.159 0.1000000015
23088  -40.341  -48.884  -28.071 0.1000000015
23998  -40.265  -47.119  -27.674 0.1000000015
137482  -40.664  -48.265  -28.324 0.1000000015
24935  -41.216  -47.150  -28.837 0.1000000015
18657  -45.992  -52.541  -22.074 0.1000000015
17871  -44.953  -54.375  -22.181 0.1000000015
17126  -44.343  -55.213  -22.176 0.1000000015
16383  -43.747  -55.942  -22.091 0.1000000015
17125  -43.504  -55.118  -21.815 0.1000000015
19460  -46.228  -50.849  -22.558 0.1000000015
19483  -46.460  -51.682  -23.619 0.1000000015
22155  -39.066  -49.088  -25.561 0.1000000015
21253  -39.463  -50.435  -24.640 0.1000000015
22160  -39.395  -49.092  -26.470 0.1000000015
23986  -39.367  -47.322  -26.421 0.1000000015
24934  -40.703  -46.669  -28.240 0.1000000015
142355  -45.552  -53.413  -22.088 0.1000000015
17860  -43.723  -54.333  -21.653 0.1000000015
157247  -45.954  -50.274  -23.007 0.1000000015
20337  -39.946  -50.990  -24.293 0.1000000015
151007  -40.401  -50.691  -23.670 0.1000000015
20339  -42.871  -50.833  -23.654 0.1000000015
20340  -43.942  -50.495  -23.832 0.1000000015
21233  -45.447  -49.957  -23.203 0.1000000015
23073  -39.156  -48.269  -26.030 0.1000000015
24923  -39.812  -46.628  -27.048 0.1000000015
24924  -40.290  -46.385  -27.657 0.1000000015
25809  -40.592  -45.724  -28.032 0.1000000015
26661  -40.686  -44.774  -28.024 0.1000000015
20323  -45.635  -50.772  -21.626 0.1000000015
21246  -44.573  -49.685  -23.387 0.1000000015
21232  -45.060  -49.142  -22.624 0.1000000015
21212  -45.715  -50.031  -22.443 0.1000000015
22150  -39.208  -49.693  -24.218 0.1000000015
21242  -39.786  -50.181  -23.738 0.1000000015
138484  -41.257  -50.577  -23.359 0.1000000015
21244  -42.363  -50.212  -23.306 0.1000000015
21245  -43.484  -49.845  -23.395 0.1000000015
22149  -38.919  -49.093  -24.689 0.1000000015
25798  -39.626  -45.867  -26.610 0.1000000015
143160  -40.256  -45.105  -27.507 0.1000000015
26648  -40.273  -44.232  -27.315 0.1000000015
21231  -44.048  -48.935  -22.971 0.1000000015
21243  -40.655  -50.009  -23.148 0.1000000015
21229  -41.776  -49.589  -22.949 0.1000000015
21230  -42.952  -49.193  -22.948 0.1000000015
23974  -38.628  -47.732  -24.733 0.1000000015
24903  -39.023  -46.708  -25.758 0.1000000015
24913  -39.413  -46.492  -26.367 0.1000000015
26647  -39.784  -45.005  -26.796 0.1000000015
154547  -39.648  -43.163  -25.971 0.1000000015
23059  -38.714  -48.402  -24.341 0.1000000015
23975  -38.889  -47.559  -25.542 0.1000000015
25784  -38.754  -46.008  -25.158 0.1000000015
25785  -39.228  -45.946  -25.947 0.1000000015
154234  -39.416  -45.349  -26.197 0.1000000015
135288  -39.347  -43.960  -25.779 0.1000000015
27459  -39.160  -43.509  -25.159 0.1000000015
24902  -38.635  -46.939  -24.997 0.1000000015
26621  -38.961  -44.439  -25.206 0.1000000015
26605  -38.832  -43.905  -24.552 0.1000000015
7442  -37.876  -68.858  -22.746 0.1000000015
6844  -38.645  -71.090  -23.707 0.1000000015
6860  -38.061  -71.238  -24.246 0.1000000015
6185  -40.302  -72.084  -23.177 0.1000000015
6197  -38.688  -72.136  -24.257 0.1000000015
6211  -38.455  -72.490  -25.239 0.1000000015
5598  -40.386  -73.066  -24.622 0.1000000015
8043  -40.462  -68.702  -23.123 0.1000000015
8587  -40.900  -67.368  -23.715 0.1000000015
7445  -40.563  -69.812  -23.025 0.1000000015
7474  -41.725  -69.228  -23.833 0.1000000015
6186  -41.225  -72.010  -23.261 0.1000000015
6201  -42.532  -71.378  -24.535 0.1000000015
10620  -46.480  -63.868  -28.630 0.1000000015
153650  -44.485  -67.844  -30.181 0.1000000015
8614  -45.059  -67.558  -28.831 0.1000000015
8072  -44.132  -68.643  -29.714 0.1000000015
158421  -40.978  -66.164  -21.640 0.1000000015
9129  -40.979  -66.324  -23.558 0.1000000015
17955  -47.937  -54.598  -28.615 0.1000000015
15724  -50.389  -57.012  -28.495 0.1000000015
12650  -49.198  -61.218  -26.430 0.1000000015
10604  -47.653  -63.920  -27.463 0.1000000015
10603  -47.026  -64.244  -28.068 0.1000000015
148385  -48.932  -62.504  -25.868 0.1000000015
9860  -46.683  -65.310  -26.849 0.1000000015
8608  -45.013  -67.666  -27.909 0.1000000015
9184  -45.352  -66.970  -27.542 0.1000000015
6881  -43.076  -70.469  -26.065 0.1000000015
8598  -44.800  -67.656  -27.159 0.1000000015
7497  -43.463  -69.675  -26.610 0.1000000015
10524  -42.795  -64.079  -22.581 0.1000000015
9795  -41.728  -65.093  -21.375 0.2000000030
10525  -43.851  -63.911  -22.695 0.1000000015
158441  -43.372  -65.706  -25.065 0.1000000015
8592  -43.680  -68.193  -26.264 0.1000000015
15691  -50.816  -57.329  -27.057 0.1000000015
13371  -50.261  -59.912  -25.534 0.1000000015
12632  -49.295  -61.850  -25.622 0.1000000015
146979  -48.185  -63.569  -24.990 0.1000000015
9858  -45.284  -66.207  -26.284 0.1000000015
8054  -43.639  -69.033  -26.440 0.1000000015
17182  -50.647  -56.132  -27.349 0.1000000015
10568  -44.943  -65.113  -25.088 0.1000000015
148917  -44.828  -54.489  -27.561 0.1000000015
14128  -50.463  -59.167  -24.490 0.1000000015
155892  -50.120  -60.337  -24.214 0.1000000015
12633  -49.593  -61.396  -24.843 0.1000000015
11913  -48.584  -62.468  -23.935 0.1000000015
9844  -45.563  -65.554  -25.757 0.1000000015
17188  -43.354  -55.698  -27.894 0.1000000015
13320  -44.786  -60.656  -22.120 0.1000000015
12576  -44.367  -61.960  -21.692 0.1000000015
11881  -45.115  -62.496  -22.004 0.1000000015
149318  -46.886  -61.299  -22.825 0.1000000015
156533  -43.556  -64.931  -19.170 0.2000000030
158234  -46.705  -62.820  -22.870 0.1000000015
14873  -48.430  -58.871  -23.165 0.1000000015
158685  -48.714  -60.895  -23.358 0.1000000015
12592  -47.572  -61.918  -23.150 0.1000000015
11235  -46.570  -63.587  -23.462 0.1000000015
16400  -49.702  -56.651  -24.735 0.1000000015
13334  -49.891  -59.896  -23.562 0.1000000015
14886  -49.367  -58.990  -23.360 0.1000000015
11190  -41.856  -63.780  -19.423 0.1000000015
20379  -40.093  -52.007  -28.457 0.1000000015
19531  -40.521  -52.911  -29.499 0.1000000015
153590  -47.522  -57.098  -23.594 0.1000000015
19515  -39.700  -52.468  -27.046 0.1000000015
135430  -41.049  -52.211  -29.907 0.1000000015
17882  -47.339  -54.603  -23.988 0.1000000015
17880  -46.673  -54.392  -23.367 0.1000000015
22182  -41.225  -49.603  -29.134 0.1000000015
156794  -41.678  -47.730  -29.379 0.1000000015
20341  -44.998  -50.417  -23.830 0.1000000015
18511  -45.824  -52.998  -7.401 0.5000000000
13168  -52.074  -60.269  -7.679 0.5000000000
13138  -51.955  -60.011  -5.928 0.5000000000
19282  -44.477  -52.497  -7.259 0.5000000000
17729  -47.685  -54.420  -7.133 0.5000000000
141365  -52.253  -59.625  -6.897 0.5000000000
20134  -42.474  -51.582  -7.576 0.5000000000
19288  -43.739  -52.221  -7.662 0.5000000000
18510  -45.018  -52.861  -7.800 0.5000000000
142920  -52.306  -58.178  -7.641 0.5000000000
19296  -44.244  -52.634  -8.126 0.5000000000
20142  -43.012  -51.933  -7.991 0.5000000000
18520  -44.604  -53.248  -8.491 0.5000000000
19295  -43.446  -52.422  -8.377 0.4000000060
17742  -45.728  -54.165  -8.483 0.4000000060
13992  -51.280  -59.729  -10.301 0.5000000000
155142  -51.048  -60.304  -11.132 0.5000000000
13225  -50.434  -60.477  -12.078 0.5000000000
157300  -48.429  -60.323  -13.644 0.5000000000
13224  -49.333  -60.263  -11.970 0.5000000000
14017  -46.842  -59.857  -13.126 0.4000000060
14022  -45.824  -59.399  -13.944 0.4000000060
13124  -48.037  -61.574  -3.326 0.1000000015
13137  -51.344  -60.401  -5.035 0.5000000000
19281  -43.807  -52.299  -6.747 0.5000000000
18503  -45.205  -52.778  -6.794 0.5000000000
18512  -46.634  -53.363  -6.804 0.5000000000
17730  -48.351  -54.876  -6.791 0.4000000060
14704  -51.924  -58.448  -6.234 0.5000000000
20127  -41.862  -51.226  -7.107 0.5000000000
20135  -43.139  -51.936  -7.193 0.5000000000
20997  -40.771  -50.178  -7.435 0.5000000000
146779  -39.807  -49.207  -7.394 0.5000000000
21935  -40.189  -49.535  -7.758 0.5000000000
20133  -41.846  -51.164  -7.908 0.5000000000
21934  -39.744  -48.695  -7.968 0.4000000060
20998  -41.310  -50.659  -7.683 0.3000000119
20141  -42.275  -51.640  -8.253 0.5000000000
18519  -43.787  -53.050  -8.719 0.4000000060
21010  -41.285  -50.717  -8.230 0.3000000119
16981  -46.821  -55.169  -8.297 0.6999999881
16982  -47.704  -55.326  -8.031 0.5000000000
21950  -40.032  -49.156  -8.335 0.3000000119
21009  -40.516  -50.005  -8.267 0.3000000119
16980  -45.940  -55.033  -8.567 0.5000000000
16250  -47.116  -56.029  -8.452 0.6000000238
15520  -49.441  -56.980  -8.547 0.6000000238
15507  -50.787  -56.796  -7.608 0.6000000238
13934  -52.493  -59.148  -7.983 0.5000000000
13198  -51.933  -59.936  -9.569 0.3000000119
20140  -41.592  -51.200  -8.531 0.3000000119
19294  -42.671  -52.165  -8.621 0.3000000119
17760  -44.234  -54.696  -9.077 0.4000000060
16276  -46.488  -56.847  -8.922 0.5000000000
15519  -48.474  -56.837  -8.659 0.6000000238
13971  -49.541  -58.661  -9.673 0.6000000238
13972  -51.105  -59.166  -9.805 0.5000000000
13991  -50.645  -59.621  -10.479 0.5000000000
19310  -42.184  -52.560  -9.187 0.4000000060
18541  -43.205  -53.634  -9.168 0.4000000060
16248  -45.280  -55.784  -8.926 0.5000000000
15540  -46.944  -57.737  -9.194 0.5000000000
13970  -48.484  -58.955  -9.959 0.5000000000
13212  -50.023  -60.032  -11.176 0.5000000000
19309  -41.360  -52.229  -9.407 0.4000000060
17758  -42.549  -54.293  -9.509 0.4000000060
17003  -43.558  -55.421  -9.366 0.5000000000
15539  -45.814  -57.713  -9.452 0.5000000000
14739  -46.474  -58.588  -9.893 0.4000000060
154197  -48.378  -59.478  -10.541 0.5000000000
13211  -48.848  -59.889  -11.113 0.5000000000
17002  -42.719  -55.198  -9.614 0.4000000060
16273  -43.772  -56.307  -9.524 0.5000000000
14738  -45.581  -58.366  -10.069 0.5000000000
14757  -45.753  -58.876  -10.633 0.4000000060
14008  -47.385  -59.901  -11.742 0.4000000060
13223  -48.213  -60.086  -11.844 0.5000000000
15554  -43.571  -57.637  -10.506 0.5000000000
14766  -44.602  -58.770  -11.637 0.4000000060
157813  -45.963  -59.454  -12.268 0.4000000060
14016  -46.029  -59.465  -13.086 0.4000000060
14756  -44.053  -58.248  -11.051 0.3000000119
14765  -43.800  -58.528  -11.983 0.4000000060
14775  -44.450  -58.856  -12.654 0.3000000119
14783  -44.258  -58.874  -13.537 0.3000000119
14794  -44.077  -58.960  -14.183 0.3000000119
13122  -45.992  -61.248  -3.583 0.1000000015
12393  -46.948  -61.801  -3.902 0.1000000015
13109  -46.302  -61.033  -3.016 0.1000000015
13110  -47.418  -61.025  -3.059 0.1000000015
13898  -49.017  -59.907  -3.487 0.4000000060
146445  -49.356  -60.698  -3.549 0.4000000060
13126  -50.152  -60.521  -3.985 0.4000000060
13127  -50.786  -60.261  -4.485 0.5000000000
13900  -50.632  -59.656  -4.481 0.4000000060
14692  -50.982  -58.817  -5.107 0.5000000000
13911  -51.735  -59.327  -5.602 0.5000000000
19280  -43.021  -52.183  -6.289 0.5000000000
19273  -44.516  -52.651  -6.291 0.5000000000
18504  -45.870  -53.037  -6.459 0.5000000000
17723  -47.809  -54.489  -6.359 0.4000000060
148019  -51.166  -58.190  -5.656 0.5000000000
15499  -51.483  -58.060  -6.017 0.5000000000
141687  -41.221  -50.744  -7.099 0.5000000000
20128  -42.534  -51.708  -6.855 0.5000000000
21928  -40.123  -49.870  -7.130 0.5000000000
16234  -50.802  -56.720  -6.533 0.6000000238
22854  -39.298  -47.923  -7.770 0.4000000060
22866  -39.668  -47.930  -8.440 0.2000000030
21027  -40.835  -50.608  -8.800 0.3000000119
143063  -39.907  -49.132  -8.952 0.3000000119
22876  -40.015  -47.773  -9.080 0.3000000119
21026  -40.031  -49.855  -9.189 0.4000000060
20155  -41.110  -51.369  -9.144 0.4000000060
17757  -41.731  -54.016  -9.758 0.4000000060
17001  -41.891  -54.930  -9.872 0.4000000060
20154  -40.114  -50.787  -9.462 0.3000000119
18538  -40.737  -52.761  -9.869 0.3000000119
17775  -41.091  -54.595  -10.160 0.3000000119
16288  -43.202  -56.920  -10.030 0.4000000060
17015  -40.503  -55.109  -10.651 0.3000000119
16297  -42.091  -57.069  -10.943 0.3000000119
158568  -42.685  -58.058  -11.922 0.4000000060
15578  -43.061  -58.334  -12.295 0.3000000119
17014  -39.771  -54.693  -10.941 0.2000000030
159478  -40.455  -56.079  -11.417 0.2000000030
15565  -41.680  -57.589  -12.125 0.3000000119
14773  -42.867  -58.476  -13.068 0.3000000119
17026  -39.198  -54.885  -11.577 0.1000000015
16306  -40.603  -56.926  -12.275 0.2000000030
134450  -41.671  -57.904  -12.729 0.4000000060
19352  -37.765  -52.155  -13.132 0.1000000015
13887  -46.836  -60.144  -2.964 0.1000000015
13888  -47.959  -60.019  -3.156 0.1000000015
14679  -48.501  -58.940  -3.618 0.5000000000
13899  -49.929  -59.794  -3.937 0.4000000060
14681  -50.354  -58.830  -4.620 0.4000000060
19272  -43.797  -52.563  -5.943 0.5000000000
18493  -45.198  -53.252  -5.661 0.4000000060
17713  -46.080  -53.890  -5.318 0.4000000060
16947  -48.156  -55.327  -5.364 0.4000000060
16230  -49.678  -56.141  -5.569 0.5000000000
15486  -49.923  -57.670  -4.824 0.5000000000
20988  -40.555  -50.646  -6.718 0.5000000000
20126  -41.256  -51.262  -6.529 0.5000000000
15497  -50.335  -56.991  -5.498 0.4000000060
22845  -38.808  -47.873  -7.081 0.4000000060
21927  -39.391  -49.399  -6.887 0.4000000060
23776  -39.032  -47.137  -7.456 0.4000000060
137757  -39.305  -48.621  -7.261 0.5000000000
23783  -39.508  -47.180  -8.227 0.3000000119
24700  -39.733  -46.440  -8.378 0.2000000030
159694  -39.804  -47.464  -8.670 0.2000000030
25595  -40.349  -45.344  -8.588 0.1000000015
23784  -39.989  -46.936  -8.921 0.3000000119
24706  -40.536  -46.405  -9.471 0.1000000015
23789  -40.423  -47.255  -9.592 0.3000000119
22877  -40.039  -48.419  -9.408 0.3000000119
22886  -40.373  -48.326  -10.033 0.2000000030
19325  -39.908  -52.386  -10.107 0.2000000030
21978  -40.380  -48.753  -10.607 0.2000000030
20166  -39.639  -51.445  -9.984 0.2000000030
18560  -40.108  -53.312  -10.281 0.2000000030
136287  -39.773  -49.374  -10.649 0.2000000030
20165  -39.035  -51.027  -10.483 0.1000000015
17773  -39.476  -53.844  -10.765 0.2000000030
17027  -40.016  -55.560  -11.330 0.2000000030
21061  -39.790  -49.658  -11.600 0.1000000015
19338  -38.902  -52.443  -10.906 0.1000000015
18574  -38.432  -53.387  -11.777 0.1000000015
17790  -38.542  -54.293  -12.088 0.1000000015
132954  -39.286  -50.084  -12.041 0.1000000015
20188  -38.713  -50.813  -11.917 0.1000000015
20187  -38.402  -51.704  -12.012 0.1000000015
140946  -38.082  -51.747  -12.640 0.1000000015
21080  -38.886  -50.234  -12.610 0.1000000015
22020  -39.932  -49.488  -13.436 0.1000000015
14667  -47.427  -59.015  -3.287 0.3000000119
14678  -47.947  -58.002  -3.987 0.3000000119
16925  -44.595  -55.657  -4.258 0.3000000119
16218  -45.640  -56.040  -4.385 0.3000000119
134378  -47.526  -57.069  -4.436 0.3000000119
15485  -48.928  -57.878  -4.346 0.3000000119
134047  -44.800  -54.591  -4.638 0.3000000119
16219  -46.681  -55.742  -4.713 0.3000000119
151265  -48.374  -57.122  -4.544 0.5000000000
16221  -49.185  -56.698  -4.944 0.5000000000
19270  -41.695  -52.474  -5.610 0.4000000060
158675  -44.301  -53.347  -5.323 0.5000000000
17698  -46.639  -54.467  -5.069 0.4000000060
16958  -47.414  -54.792  -5.292 0.4000000060
16229  -48.862  -55.833  -5.338 0.5000000000
21926  -38.585  -48.671  -6.577 0.4000000060
20987  -39.643  -50.247  -6.547 0.4000000060
20121  -42.024  -51.845  -6.230 0.5000000000
24655  -38.523  -46.553  -5.456 0.4000000060
23766  -38.514  -46.766  -6.196 0.4000000060
24671  -39.009  -45.911  -5.879 0.4000000060
24685  -38.944  -46.307  -6.904 0.4000000060
25559  -39.737  -45.356  -5.911 0.3000000119
25583  -40.025  -45.050  -7.309 0.3000000119
25582  -39.467  -45.742  -7.345 0.3000000119
26407  -40.808  -44.555  -6.864 0.3000000119
26425  -40.848  -44.675  -8.578 0.1000000015
24707  -41.065  -46.004  -9.842 0.1000000015
23799  -40.777  -47.686  -10.090 0.2000000030
24719  -41.634  -46.081  -10.251 0.1000000015
137677  -41.965  -46.826  -10.479 0.2000000030
22887  -41.022  -48.228  -10.565 0.2000000030
21979  -41.367  -48.778  -11.083 0.1000000015
21990  -40.591  -49.135  -11.331 0.1000000015
21991  -41.799  -49.328  -11.668 0.1000000015
21063  -42.386  -49.900  -12.337 0.1000000015
158899  -39.798  -49.766  -12.207 0.1000000015
21106  -41.441  -49.778  -13.202 0.1000000015
21108  -43.390  -50.596  -13.577 0.1000000015
21127  -43.527  -50.516  -14.173 0.1000000015
21128  -44.261  -50.822  -14.516 0.1000000015
22039  -43.799  -50.299  -14.703 0.1000000015
21145  -46.077  -51.076  -15.763 0.1000000015
16924  -43.597  -55.849  -4.161 0.3000000119
15470  -44.458  -57.446  -3.711 0.2000000030
17695  -43.174  -54.398  -4.599 0.3000000119
155780  -42.843  -53.790  -4.870 0.4000000060
18479  -42.171  -53.518  -4.991 0.3000000119
21916  -38.002  -49.136  -5.880 0.3000000119
21917  -38.771  -49.725  -6.288 0.3000000119
20980  -39.069  -50.619  -5.948 0.4000000060
20120  -40.147  -51.841  -5.751 0.4000000060
19269  -40.841  -52.523  -5.456 0.3000000119
22831  -37.953  -48.183  -5.871 0.3000000119
140815  -39.393  -51.333  -5.705 0.4000000060
20116  -39.947  -52.518  -5.249 0.3000000119
25550  -40.673  -45.510  -4.864 0.3000000119
24656  -39.004  -46.100  -4.897 0.3000000119
24672  -39.761  -45.577  -5.203 0.3000000119
25551  -41.611  -45.514  -4.665 0.3000000119
25560  -40.449  -45.167  -5.595 0.3000000119
25561  -41.318  -45.081  -5.332 0.3000000119
26391  -40.203  -44.963  -6.366 0.3000000119
26408  -41.429  -44.164  -7.333 0.2000000030
143079  -41.265  -44.179  -8.045 0.1000000015
27226  -41.912  -43.800  -7.902 0.1000000015
149974  -42.980  -43.511  -8.522 0.1000000015
26426  -41.439  -44.633  -9.362 0.1000000015
27256  -42.915  -43.754  -9.857 0.1000000015
26436  -42.177  -44.643  -10.070 0.1000000015
24720  -42.356  -46.080  -10.545 0.1000000015
23801  -42.426  -47.559  -10.687 0.2000000030
141327  -42.767  -46.772  -10.715 0.2000000030
23802  -43.275  -47.426  -10.876 0.2000000030
22889  -42.955  -48.277  -10.904 0.1000000015
22890  -43.950  -48.130  -11.117 0.1000000015
21981  -43.415  -48.880  -11.182 0.1000000015
21992  -43.385  -49.501  -11.512 0.1000000015
138512  -42.752  -49.624  -11.769 0.1000000015
152191  -43.494  -50.112  -12.023 0.1000000015
21083  -43.388  -50.488  -12.833 0.1000000015
21109  -44.240  -50.995  -13.380 0.1000000015
20234  -45.342  -51.748  -14.632 0.1000000015
21129  -44.986  -51.203  -14.877 0.1000000015
153047  -45.895  -52.144  -15.009 0.1000000015
21144  -45.296  -50.880  -15.368 0.1000000015
20252  -45.773  -51.714  -15.337 0.1000000015
21146  -46.971  -51.027  -16.083 0.1000000015
20253  -46.711  -51.956  -15.793 0.1000000015
22062  -46.449  -49.880  -15.847 0.1000000015
16201  -42.372  -56.651  -4.102 0.2000000030
15469  -43.534  -57.577  -3.664 0.2000000030
16942  -41.149  -55.387  -4.492 0.2000000030
154978  -42.479  -54.791  -4.463 0.3000000119
17692  -39.759  -54.422  -4.635 0.2000000030
17694  -41.711  -54.691  -4.524 0.3000000119
135173  -42.297  -54.163  -4.679 0.3000000119
134316  -40.609  -53.156  -5.071 0.3000000119
23736  -38.241  -46.896  -4.698 0.3000000119
23750  -38.100  -47.258  -5.635 0.3000000119
158703  -37.640  -48.612  -5.347 0.3000000119
20979  -38.208  -50.088  -5.616 0.3000000119
20976  -38.578  -51.093  -5.304 0.3000000119
20115  -39.300  -51.864  -5.305 0.3000000119
24642  -39.906  -45.904  -4.315 0.3000000119
156382  -39.707  -46.270  -3.763 0.3000000119
20975  -37.732  -50.368  -4.866 0.3000000119
140786  -38.649  -51.764  -4.895 0.2000000030
19264  -39.084  -52.395  -4.911 0.2000000030
24658  -41.914  -45.994  -4.055 0.2000000030
24657  -40.970  -45.914  -4.168 0.2000000030
25562  -42.235  -45.091  -5.151 0.3000000119
26393  -41.888  -44.636  -5.798 0.3000000119
26400  -42.362  -44.338  -6.277 0.2000000030
26401  -43.132  -44.264  -6.392 0.2000000030
26410  -43.416  -43.884  -7.172 0.1000000015
27228  -43.720  -43.505  -8.054 0.1000000015
27241  -44.294  -43.219  -8.769 0.1000000015
27242  -45.227  -43.197  -8.569 0.1000000015
145001  -46.229  -42.170  -9.628 0.1000000015
27257  -43.911  -43.242  -9.801 0.1000000015
28113  -44.597  -42.855  -10.217 0.1000000015
29008  -45.790  -41.906  -11.003 0.1000000015
29940  -47.140  -40.904  -10.567 0.1000000015
29941  -48.558  -40.260  -10.778 0.1000000015
26437  -43.037  -44.494  -10.547 0.1000000015
27269  -43.592  -43.780  -10.544 0.1000000015
27271  -44.705  -42.993  -11.004 0.1000000015
29023  -46.882  -41.040  -11.851 0.1000000015
29962  -47.502  -40.662  -12.100 0.1000000015
25609  -42.660  -45.311  -10.582 0.1000000015
25610  -43.383  -45.250  -10.923 0.1000000015
24721  -43.097  -46.029  -10.793 0.1000000015
150501  -43.435  -46.673  -10.891 0.2000000030
21993  -44.173  -49.210  -11.410 0.1000000015
156489  -43.868  -49.812  -11.630 0.1000000015
21064  -44.456  -50.099  -11.769 0.1000000015
21084  -44.220  -50.675  -12.452 0.1000000015
20190  -46.095  -51.647  -13.192 0.1000000015
20206  -45.195  -51.520  -13.635 0.1000000015
20235  -46.470  -52.368  -14.926 0.1000000015
20236  -46.994  -52.454  -15.441 0.1000000015
138378  -47.645  -52.361  -15.775 0.1000000015
20110  -36.703  -51.826  -2.823 0.2000000030
18476  -39.286  -53.657  -4.679 0.2000000030
18477  -40.260  -53.778  -4.807 0.3000000119
18478  -41.342  -53.839  -4.803 0.3000000119
18472  -37.907  -53.077  -4.097 0.2000000030
139911  -38.701  -52.905  -4.546 0.2000000030
135143  -39.663  -53.072  -4.893 0.3000000119
144144  -37.714  -47.703  -4.171 0.3000000119
22811  -37.455  -48.565  -4.611 0.3000000119
21903  -37.250  -49.538  -4.165 0.3000000119
23713  -39.534  -46.663  -3.142 0.3000000119
23712  -38.370  -47.009  -3.654 0.3000000119
22794  -37.371  -48.504  -3.700 0.3000000119
24645  -42.238  -46.440  -3.461 0.2000000030
24644  -41.323  -46.315  -3.519 0.3000000119
20114  -37.983  -51.278  -4.619 0.2000000030
24659  -42.776  -46.123  -3.991 0.2000000030
25552  -42.518  -45.602  -4.527 0.2000000030
24660  -43.597  -46.272  -4.027 0.2000000030
150128  -43.239  -45.798  -4.421 0.3000000119
26394  -42.777  -44.686  -5.718 0.3000000119
25563  -43.270  -45.270  -5.048 0.3000000119
25564  -44.324  -45.328  -5.272 0.2000000030
25571  -44.704  -44.823  -5.951 0.2000000030
26402  -44.089  -44.306  -6.517 0.2000000030
26412  -45.320  -44.057  -7.323 0.1000000015
26446  -45.155  -44.784  -11.745 0.1000000015
27280  -45.307  -43.002  -11.612 0.1000000015
27281  -45.989  -43.127  -12.173 0.1000000015
28148  -46.505  -42.487  -12.377 0.1000000015
25611  -43.990  -45.172  -11.226 0.1000000015
26457  -47.226  -43.917  -12.765 0.1000000015
24722  -43.925  -46.051  -11.084 0.1000000015
25617  -44.692  -45.566  -11.420 0.1000000015
24734  -46.315  -46.161  -11.768 0.1000000015
25620  -47.011  -45.770  -12.117 0.1000000015
24732  -44.776  -46.576  -11.310 0.1000000015
157496  -45.206  -47.084  -11.376 0.1000000015
23814  -46.441  -47.110  -11.557 0.1000000015
141836  -46.586  -48.050  -11.418 0.1000000015
23812  -44.770  -47.487  -11.278 0.1000000015
22901  -44.936  -48.421  -11.366 0.1000000015
22902  -45.867  -48.659  -11.442 0.1000000015
22903  -46.733  -48.935  -11.458 0.1000000015
21994  -45.164  -49.371  -11.530 0.1000000015
21065  -45.449  -50.173  -11.818 0.1000000015
20189  -44.920  -51.123  -12.782 0.1000000015
20207  -46.723  -52.195  -14.056 0.1000000015
135280  -36.396  -51.007  -0.948 0.3000000119
20966  -36.631  -50.450  -2.173 0.3000000119
146625  -36.683  -50.932  -2.620 0.3000000119
20108  -37.004  -51.010  -3.359 0.2000000030
20111  -37.571  -51.532  -4.008 0.2000000030
19263  -38.264  -52.105  -4.450 0.2000000030
20967  -36.793  -50.210  -2.808 0.3000000119
22781  -37.911  -47.935  -2.269 0.3000000119
21890  -37.039  -49.268  -3.064 0.3000000119
20972  -37.042  -50.117  -3.502 0.3000000119
23716  -42.580  -46.876  -2.862 0.2000000030
23694  -40.230  -46.960  -2.321 0.3000000119
23682  -39.864  -47.383  -1.579 0.3000000119
23717  -43.447  -47.091  -2.896 0.2000000030
24647  -43.974  -46.770  -3.491 0.2000000030
25553  -43.982  -45.817  -4.600 0.2000000030
25554  -44.919  -45.872  -4.746 0.3000000119
140243  -45.277  -45.412  -5.465 0.2000000030
141727  -47.432  -48.439  -11.477 0.1000000015
145498  -46.838  -49.626  -11.604 0.1000000015
21066  -46.382  -50.222  -11.885 0.1000000015
21085  -45.699  -50.937  -12.381 0.1000000015
20065  -37.072  -50.860  0.742 0.1000000015
141458  -37.468  -50.241  0.804 0.2000000030
20912  -36.624  -50.946  -0.073 0.3000000119
20926  -36.770  -50.307  -0.615 0.3000000119
21834  -37.247  -49.719  -0.304 0.3000000119
22744  -37.511  -49.148  -0.682 0.3000000119
155301  -37.706  -48.422  -1.665 0.3000000119
23683  -41.481  -47.331  -1.628 0.3000000119
151705  -40.708  -47.238  -1.764 0.3000000119
22768  -39.170  -47.795  -1.083 0.3000000119
23685  -43.321  -47.710  -1.463 0.2000000030
23718  -44.292  -47.328  -2.965 0.2000000030
133800  -45.101  -47.606  -3.032 0.1000000015
147850  -44.480  -46.385  -4.117 0.2000000030
23700  -45.909  -47.847  -3.007 0.1000000015
24661  -45.504  -46.541  -4.235 0.2000000030
23738  -46.377  -46.980  -4.132 0.2000000030
24662  -46.279  -46.457  -4.644 0.3000000119
21818  -37.616  -49.740  0.396 0.3000000119
22745  -38.166  -48.847  -0.283 0.3000000119
22733  -38.936  -48.615  0.114 0.3000000119
152271  -38.655  -48.315  -0.659 0.3000000119
23667  -42.637  -47.835  -0.854 0.3000000119
23665  -40.800  -47.586  -1.019 0.3000000119
23664  -39.955  -47.744  -0.812 0.3000000119
23686  -44.204  -47.909  -1.703 0.2000000030
22772  -45.538  -48.362  -1.574 0.1000000015
23701  -46.695  -48.062  -2.948 0.1000000015
22796  -47.361  -48.239  -2.895 0.1000000015
23721  -47.321  -47.866  -3.449 0.1000000015
132906  -47.206  -47.320  -4.099 0.1000000015
21820  -39.261  -48.942  0.901 0.3000000119
21821  -40.171  -48.837  1.104 0.2000000030
133321  -39.814  -48.473  0.391 0.3000000119
22746  -39.497  -48.143  -0.354 0.3000000119
22734  -40.594  -48.497  0.573 0.3000000119
22769  -43.291  -48.040  -0.768 0.2000000030
22748  -42.087  -48.102  -0.291 0.3000000119
22747  -40.484  -48.073  -0.162 0.3000000119
22752  -45.196  -48.616  -0.690 0.2000000030
22750  -43.637  -48.404  -0.349 0.2000000030
21839  -47.296  -49.323  -0.374 0.1000000015
22754  -46.920  -48.846  -0.950 0.1000000015
21840  -48.196  -49.536  -0.422 0.1000000015
21857  -47.776  -49.015  -1.049 0.1000000015
22774  -47.366  -48.628  -1.677 0.1000000015
136189  -46.973  -48.349  -2.316 0.1000000015
22775  -48.211  -48.771  -1.797 0.1000000015
22785  -47.772  -48.480  -2.432 0.1000000015
157444  -48.735  -48.416  -3.237 0.1000000015
22727  -41.074  -48.815  1.120 0.2000000030
21822  -41.985  -48.967  0.972 0.2000000030
22735  -41.428  -48.402  0.323 0.2000000030
22738  -44.040  -48.831  0.126 0.2000000030
22736  -42.430  -48.571  0.328 0.2000000030
158103  -46.082  -49.517  0.242 0.1000000015
21836  -44.828  -48.957  0.031 0.2000000030
21826  -47.586  -49.850  0.152 0.1000000015
21858  -48.632  -49.142  -1.157 0.1000000015
21859  -49.543  -49.350  -1.213 0.1000000015
21874  -49.059  -48.872  -1.873 0.1000000015
143536  -49.373  -48.809  -2.544 0.1000000015
22787  -49.335  -48.620  -3.267 0.1000000015
21842  -50.249  -49.694  -0.816 0.1000000015
21860  -50.468  -49.421  -1.524 0.1000000015
21861  -51.485  -49.597  -1.826 0.1000000015
21876  -50.642  -49.251  -2.390 0.1000000015
20928  -51.649  -50.440  -0.419 0.1000000015
143485  -52.764  -50.610  -0.698 0.1000000015
21862  -52.757  -50.074  -1.707 0.1000000015
16983  -48.594  -55.505  -7.769 0.4000000060
17744  -47.346  -54.628  -7.815 0.5000000000
18521  -45.426  -53.428  -8.214 0.5000000000
16969  -48.113  -54.974  -7.453 0.4000000060
17743  -46.560  -54.360  -8.162 0.5000000000
16971  -49.702  -55.569  -6.862 0.5000000000
17715  -48.415  -54.967  -6.210 0.4000000060
13185  -52.174  -59.978  -8.720 0.5000000000
16965  -49.036  -55.268  -6.506 0.4000000060
16252  -49.039  -56.165  -8.141 0.5000000000
15504  -51.665  -57.748  -6.547 0.5000000000
16237  -49.471  -55.716  -7.501 0.6000000238
152907  -51.983  -57.783  -8.025 0.5000000000
13954  -52.213  -59.210  -9.044 0.3000000119
12482  -51.412  -60.736  -10.764 0.5000000000
15503  -51.298  -57.177  -6.785 0.5000000000
12432  -51.361  -61.279  -7.327 0.5000000000
15509  -51.851  -57.544  -7.299 0.5000000000
17741  -44.885  -53.992  -8.752 0.4000000060
13973  -51.672  -59.440  -9.730 0.4000000060
13222  -47.509  -60.055  -12.556 0.4000000060
13240  -47.639  -60.151  -13.613 0.4000000060
14007  -46.618  -59.745  -12.202 0.4000000060
14021  -45.137  -59.110  -13.459 0.3000000119
13111  -48.463  -60.865  -3.235 0.2000000030
18494  -46.219  -53.445  -5.923 0.5000000000
16970  -48.916  -55.282  -7.142 0.4000000060
17740  -44.040  -53.824  -8.962 0.3000000119
16249  -46.177  -55.936  -8.682 0.4000000060
16251  -48.092  -56.054  -8.331 0.6000000238
20156  -41.918  -51.819  -8.884 0.4000000060
19311  -42.978  -52.833  -8.943 0.4000000060
16979  -45.092  -54.855  -8.864 0.5000000000
15518  -47.500  -56.853  -8.771 0.6000000238
15542  -49.630  -57.836  -9.058 0.6000000238
15521  -50.565  -57.356  -8.426 0.6000000238
16253  -49.996  -56.408  -7.939 0.6000000238
16238  -50.279  -56.063  -7.243 0.6000000238
14725  -51.506  -57.948  -8.579 0.5000000000
14743  -51.660  -58.696  -9.207 0.5000000000
17759  -43.384  -54.514  -9.283 0.4000000060
17004  -44.411  -55.611  -9.138 0.4000000060
16275  -45.525  -56.708  -9.121 0.5000000000
14741  -48.661  -58.159  -9.433 0.6000000238
14742  -50.685  -58.374  -9.255 0.5000000000
149649  -50.327  -59.087  -9.902 0.5000000000
18540  -42.382  -53.403  -9.388 0.4000000060
16274  -44.636  -56.498  -9.324 0.5000000000
13969  -47.423  -59.227  -10.335 0.4000000060
14740  -47.630  -58.440  -9.593 0.5000000000
13990  -49.460  -59.442  -10.371 0.5000000000
18539  -41.574  -53.103  -9.641 0.4000000060
16272  -42.929  -56.087  -9.764 0.5000000000
15538  -44.903  -57.327  -9.629 0.5000000000
134708  -44.410  -57.829  -10.237 0.5000000000
13988  -46.914  -59.610  -11.199 0.4000000060
13989  -47.833  -59.729  -11.085 0.5000000000
145953  -44.933  -58.481  -10.656 0.4000000060
13987  -46.001  -59.354  -11.483 0.4000000060
14767  -45.273  -59.003  -11.303 0.4000000060
15553  -42.747  -57.380  -10.750 0.4000000060
16287  -42.410  -56.642  -10.339 0.4000000060
14006  -45.321  -59.175  -12.279 0.4000000060
135823  -44.326  -52.949  -5.678 0.5000000000
138157  -47.953  -54.833  -5.767 0.4000000060
15498  -51.018  -57.402  -6.078 0.5000000000
148031  -50.375  -56.425  -6.095 0.5000000000
21949  -39.875  -48.501  -8.720 0.3000000119
148698  -40.338  -47.896  -9.653 0.3000000119
21967  -39.857  -49.031  -9.827 0.3000000119
19308  -40.467  -51.841  -9.620 0.3000000119
18561  -40.927  -53.678  -10.034 0.3000000119
17017  -42.089  -55.833  -10.041 0.3000000119
17774  -40.293  -54.226  -10.438 0.3000000119
17016  -41.287  -55.490  -10.364 0.3000000119
16285  -40.750  -55.900  -10.961 0.3000000119
16295  -40.889  -56.560  -11.525 0.3000000119
15566  -42.296  -57.657  -11.562 0.4000000060
15577  -42.317  -58.074  -12.423 0.4000000060
17038  -40.197  -56.265  -11.891 0.2000000030
154083  -41.158  -57.161  -11.984 0.3000000119
15576  -41.131  -57.489  -12.570 0.2000000030
17784  -38.907  -54.031  -11.338 0.2000000030
17037  -39.473  -55.766  -12.128 0.2000000030
18585  -37.709  -53.027  -13.140 0.1000000015
21079  -38.395  -51.021  -12.608 0.1000000015
18492  -43.716  -53.028  -5.427 0.4000000060
19271  -42.515  -52.521  -5.680 0.4000000060
16220  -48.172  -56.153  -4.952 0.4000000060
16959  -48.858  -55.396  -5.839 0.5000000000
23767  -38.654  -47.136  -6.831 0.4000000060
24694  -39.371  -46.400  -7.747 0.3000000119
25594  -39.833  -45.669  -8.070 0.2000000030
24701  -40.161  -46.029  -8.815 0.2000000030
25600  -40.767  -45.445  -9.286 0.1000000015
141247  -40.303  -45.014  -8.074 0.1000000015
24718  -41.093  -46.827  -10.087 0.2000000030
155506  -39.384  -50.633  -10.010 0.2000000030
135557  -39.546  -49.896  -9.907 0.2000000030
19324  -39.221  -51.974  -10.485 0.2000000030
21046  -39.220  -50.101  -10.599 0.1000000015
18559  -39.375  -52.882  -10.558 0.2000000030
21045  -38.929  -50.455  -11.262 0.1000000015
20179  -38.737  -51.566  -11.165 0.1000000015
18575  -38.868  -53.206  -11.071 0.1000000015
19337  -38.533  -52.494  -11.511 0.1000000015
18586  -38.025  -53.622  -12.561 0.1000000015
21081  -39.688  -49.759  -12.706 0.1000000015
21105  -40.480  -49.632  -13.061 0.1000000015
21107  -42.535  -50.119  -13.771 0.1000000015
135054  -45.885  -58.112  -3.569 0.3000000119
15471  -46.922  -58.032  -3.760 0.3000000119
16943  -43.028  -55.251  -4.355 0.3000000119
16202  -44.806  -56.598  -4.062 0.3000000119
16944  -43.871  -54.974  -4.403 0.3000000119
16945  -45.413  -55.132  -4.541 0.3000000119
15483  -45.352  -57.242  -3.955 0.3000000119
15484  -46.448  -56.951  -4.342 0.3000000119
146970  -47.280  -56.224  -4.741 0.3000000119
136118  -46.209  -55.085  -4.694 0.3000000119
17712  -45.311  -53.959  -5.018 0.3000000119
17696  -44.015  -54.275  -4.685 0.3000000119
18480  -43.652  -53.676  -4.982 0.3000000119
16946  -46.937  -55.014  -4.908 0.3000000119
140162  -41.095  -51.913  -5.978 0.4000000060
19266  -42.154  -52.971  -5.334 0.4000000060
18491  -42.898  -53.180  -5.271 0.4000000060
22844  -38.358  -47.643  -6.394 0.4000000060
20119  -39.914  -51.020  -6.136 0.4000000060
138340  -40.604  -51.345  -6.211 0.4000000060
25570  -39.497  -45.497  -6.621 0.3000000119
26392  -41.031  -44.705  -6.036 0.3000000119
141316  -40.731  -44.553  -7.715 0.2000000030
26420  -41.617  -44.092  -8.650 0.1000000015
25601  -41.476  -45.346  -9.907 0.1000000015
23800  -41.538  -47.587  -10.452 0.2000000030
25608  -42.028  -45.468  -10.330 0.1000000015
22888  -41.987  -48.311  -10.795 0.1000000015
21980  -42.547  -49.030  -11.243 0.1000000015
21062  -41.060  -49.485  -12.076 0.1000000015
21082  -41.565  -49.789  -12.680 0.1000000015
141999  -40.500  -49.621  -12.511 0.1000000015
151563  -42.465  -50.180  -13.098 0.1000000015
133210  -44.015  -50.897  -14.004 0.1000000015
151496  -43.190  -56.663  -3.920 0.2000000030
16923  -42.869  -55.995  -4.180 0.2000000030
134817  -44.083  -58.448  -3.389 0.2000000030
26399  -41.645  -44.349  -6.535 0.1000000015
27255  -42.726  -43.607  -9.088 0.1000000015
27227  -42.771  -43.650  -7.866 0.1000000015
142207  -43.395  -43.377  -9.036 0.1000000015
26427  -42.159  -44.010  -9.307 0.1000000015
16217  -42.160  -55.562  -4.328 0.2000000030
17693  -40.753  -54.541  -4.609 0.2000000030
23737  -39.073  -46.391  -4.045 0.3000000119
22812  -37.725  -47.822  -5.072 0.3000000119
21904  -37.587  -49.392  -5.131 0.3000000119
24643  -40.358  -46.251  -3.625 0.3000000119
26409  -42.363  -43.961  -7.042 0.1000000015
27258  -44.761  -42.883  -9.376 0.1000000015
28096  -45.650  -42.687  -9.213 0.1000000015
28114  -45.133  -42.590  -9.851 0.1000000015
29009  -46.378  -41.395  -10.782 0.1000000015
144488  -45.589  -42.305  -9.915 0.1000000015
158687  -44.160  -43.300  -10.552 0.1000000015
28131  -45.279  -42.444  -10.525 0.1000000015
28143  -45.364  -42.480  -11.158 0.1000000015
29939  -46.752  -41.031  -11.221 0.1000000015
29022  -46.362  -41.501  -11.442 0.1000000015
29951  -47.311  -40.634  -11.395 0.1000000015
143701  -47.796  -40.441  -10.893 0.1000000015
29952  -48.141  -40.235  -11.682 0.1000000015
26438  -43.725  -44.482  -11.002 0.1000000015
27270  -44.171  -43.773  -11.060 0.1000000015
27279  -44.821  -43.807  -11.536 0.1000000015
138333  -45.922  -42.234  -11.687 0.1000000015
29030  -46.586  -41.685  -12.131 0.1000000015
29963  -48.242  -40.665  -12.695 0.1000000015
26445  -44.385  -44.575  -11.395 0.1000000015
23803  -44.035  -47.063  -11.077 0.1000000015
142659  -44.934  -50.664  -12.171 0.1000000015
146822  -37.202  -51.867  -3.534 0.2000000030
20104  -36.415  -51.216  -1.908 0.3000000119
19260  -37.692  -52.300  -3.977 0.2000000030
22795  -37.805  -47.746  -3.236 0.3000000119
23693  -38.589  -47.253  -2.723 0.3000000119
146663  -37.413  -48.401  -2.905 0.3000000119
20113  -37.390  -50.644  -4.091 0.3000000119
23715  -41.684  -46.698  -2.873 0.3000000119
24646  -43.106  -46.610  -3.463 0.2000000030
23714  -40.719  -46.605  -2.941 0.3000000119
26395  -43.734  -44.735  -5.785 0.2000000030
26411  -44.406  -43.933  -7.261 0.1000000015
26403  -45.024  -44.450  -6.683 0.2000000030
27229  -44.787  -43.558  -7.939 0.1000000015
26447  -45.566  -43.958  -12.026 0.1000000015
26456  -46.416  -44.048  -12.392 0.1000000015
28157  -47.623  -42.018  -13.055 0.1000000015
25618  -45.509  -45.727  -11.661 0.1000000015
25619  -46.128  -45.066  -12.083 0.1000000015
157157  -45.150  -46.128  -11.466 0.1000000015
24733  -45.590  -46.633  -11.495 0.1000000015
23813  -45.642  -47.632  -11.395 0.1000000015
21995  -46.081  -49.510  -11.587 0.1000000015
20951  -36.623  -50.359  -1.466 0.3000000119
21833  -36.964  -49.654  -1.091 0.3000000119
21873  -36.855  -49.629  -2.047 0.3000000119
154804  -39.391  -47.091  -2.299 0.3000000119
23681  -38.828  -47.490  -1.853 0.3000000119
22780  -37.297  -48.735  -2.234 0.3000000119
23695  -41.150  -46.977  -2.289 0.3000000119
23696  -42.039  -47.104  -2.236 0.3000000119
23697  -42.936  -47.283  -2.210 0.2000000030
23719  -44.861  -46.953  -3.541 0.2000000030
24673  -45.817  -45.971  -4.981 0.2000000030
25572  -45.623  -45.004  -6.200 0.2000000030
137087  -36.587  -51.713  0.543 0.1000000015
21809  -37.975  -49.825  1.115 0.2000000030
20913  -37.085  -50.277  0.174 0.3000000119
22766  -37.301  -48.984  -1.445 0.3000000119
143926  -37.893  -48.572  -0.999 0.3000000119
23684  -42.375  -47.469  -1.544 0.3000000119
23666  -41.790  -47.668  -0.932 0.3000000119
23698  -43.806  -47.514  -2.275 0.2000000030
23699  -44.601  -47.767  -2.390 0.2000000030
152711  -45.713  -47.269  -3.591 0.1000000015
21819  -38.336  -49.227  0.528 0.3000000119
155565  -41.320  -47.951  -0.406 0.3000000119
22770  -43.928  -48.119  -0.989 0.2000000030
22771  -44.688  -48.258  -1.217 0.2000000030
22782  -44.866  -48.098  -1.875 0.2000000030
22783  -45.348  -48.029  -2.398 0.1000000015
22784  -46.154  -48.215  -2.324 0.1000000015
22773  -46.501  -48.511  -1.612 0.1000000015
22753  -46.050  -48.734  -0.858 0.1000000015
22797  -48.092  -48.261  -3.230 0.1000000015
22737  -43.268  -48.716  0.252 0.2000000030
21837  -45.650  -49.080  -0.129 0.1000000015
21838  -46.468  -49.178  -0.296 0.1000000015
159364  -48.964  -49.562  -0.661 0.1000000015
22786  -48.649  -48.604  -2.631 0.1000000015
21823  -42.887  -49.082  0.881 0.2000000030
21825  -46.801  -49.657  0.217 0.1000000015
21875  -49.841  -49.088  -2.070 0.1000000015
21843  -51.067  -49.824  -0.917 0.1000000015
147583  -51.256  -61.421  -10.943 0.3000000119
11794  -50.073  -62.769  -11.028 0.3000000119
7924  -44.643  -68.253  -11.909 0.2000000030
7321  -42.664  -69.861  -12.453 0.2000000030
11116  -48.096  -63.881  -11.106 0.4000000060
10440  -47.190  -64.876  -11.833 0.3000000119
11803  -50.824  -62.029  -12.283 0.4000000060
11124  -47.620  -64.354  -11.444 0.3000000119
9044  -46.001  -66.726  -12.013 0.3000000119
134411  -51.306  -60.962  -11.580 0.4000000060
11817  -49.507  -63.060  -12.880 0.4000000060
9739  -46.581  -66.120  -12.647 0.3000000119
7933  -44.749  -68.945  -12.452 0.2000000030
11818  -50.715  -62.179  -13.509 0.4000000060
9740  -47.267  -65.535  -13.398 0.4000000060
12503  -51.164  -61.513  -13.081 0.4000000060
13226  -50.981  -60.832  -12.266 0.4000000060
10451  -47.620  -64.827  -13.096 0.4000000060
9056  -46.379  -66.785  -13.213 0.3000000119
7338  -45.258  -68.925  -13.391 0.3000000119
11138  -49.033  -63.594  -13.424 0.4000000060
140461  -47.144  -66.580  -14.290 0.3000000119
8508  -45.698  -68.336  -13.637 0.4000000060
13242  -50.643  -60.672  -12.915 0.4000000060
138396  -49.560  -63.577  -14.461 0.4000000060
9063  -46.642  -67.266  -14.227 0.3000000119
140700  -49.825  -60.460  -12.906 0.4000000060
11832  -50.890  -62.176  -15.078 0.4000000060
11161  -50.269  -63.112  -15.269 0.4000000060
158673  -48.508  -65.333  -15.165 0.4000000060
13254  -50.329  -60.605  -13.797 0.4000000060
11160  -49.617  -63.848  -15.322 0.4000000060
9064  -47.746  -66.447  -15.083 0.3000000119
140662  -49.188  -60.409  -13.673 0.4000000060
138608  -50.556  -62.480  -16.038 0.4000000060
9770  -48.379  -65.890  -15.741 0.4000000060
12524  -50.038  -60.878  -15.684 0.4000000060
11840  -50.010  -62.229  -16.756 0.4000000060
11170  -50.119  -63.211  -16.218 0.4000000060
11169  -49.600  -64.059  -16.414 0.4000000060
9084  -47.999  -66.788  -15.961 0.3000000119
13253  -49.484  -60.498  -14.386 0.4000000060
11179  -49.830  -63.175  -16.936 0.4000000060
10490  -49.274  -64.498  -17.238 0.4000000060
9779  -48.947  -65.434  -16.939 0.3000000119
8537  -47.655  -67.409  -16.639 0.2000000030
13252  -48.438  -60.373  -14.308 0.3000000119
135978  -49.647  -61.250  -16.304 0.4000000060
12532  -49.159  -60.827  -15.758 0.4000000060
155808  -48.701  -61.060  -16.031 0.4000000060
11177  -48.531  -63.304  -17.359 0.4000000060
9782  -49.115  -64.877  -18.110 0.4000000060
9102  -48.234  -66.716  -17.198 0.2000000030
8555  -47.679  -67.252  -17.842 0.2000000030
7995  -46.480  -68.313  -18.072 0.3000000119
13251  -47.379  -60.199  -14.450 0.3000000119
13261  -48.031  -60.432  -14.871 0.3000000119
13270  -48.165  -60.662  -15.358 0.3000000119
10497  -49.048  -63.883  -18.070 0.3000000119
8563  -47.571  -66.880  -19.080 0.2000000030
9781  -48.623  -65.293  -18.939 0.2000000030
137246  -47.085  -67.733  -18.506 0.2000000030
7402  -45.150  -69.113  -18.039 0.2000000030
14023  -46.598  -59.787  -13.984 0.3000000119
13269  -47.120  -60.470  -15.233 0.3000000119
11847  -48.056  -62.354  -16.668 0.4000000060
9785  -47.892  -65.764  -19.559 0.1000000015
14029  -46.038  -59.619  -14.493 0.3000000119
155871  -46.356  -60.305  -15.280 0.3000000119
11846  -46.781  -62.459  -16.447 0.2000000030
10489  -47.927  -63.743  -17.999 0.2000000030
8562  -46.483  -67.996  -19.057 0.1000000015
7993  -44.877  -68.745  -18.754 0.2000000030
11836  -45.135  -61.742  -16.060 0.2000000030
10488  -46.708  -63.746  -17.712 0.1000000015
9784  -47.174  -65.172  -19.953 0.1000000015
8571  -46.295  -67.503  -19.776 0.1000000015
8561  -45.936  -68.018  -19.512 0.1000000015
133462  -45.332  -59.254  -14.295 0.2000000030
13268  -45.702  -59.964  -15.231 0.3000000119
12529  -45.692  -60.740  -15.599 0.3000000119
14782  -43.468  -58.781  -13.651 0.2000000030
136445  -43.892  -59.238  -14.643 0.1000000015
13258  -45.446  -59.549  -14.856 0.3000000119
12528  -44.591  -61.029  -15.714 0.2000000030
11175  -46.191  -63.232  -16.871 0.1000000015
10503  -46.766  -64.464  -19.609 0.1000000015
8570  -45.550  -67.260  -19.975 0.1000000015
148916  -44.738  -67.531  -19.699 0.1000000015
14793  -43.252  -58.987  -14.202 0.2000000030
14041  -44.554  -59.610  -15.065 0.2000000030
13266  -43.911  -60.432  -15.399 0.2000000030
11845  -45.678  -62.514  -16.422 0.1000000015
10487  -45.505  -63.774  -17.472 0.1000000015
10502  -45.290  -64.543  -18.948 0.1000000015
9790  -46.161  -65.313  -20.144 0.1000000015
8579  -44.111  -67.099  -19.794 0.1000000015
8024  -42.623  -67.587  -19.722 0.1000000015
12527  -43.721  -61.290  -15.815 0.2000000030
11843  -43.629  -62.603  -16.498 0.1000000015
11184  -43.993  -63.719  -17.377 0.1000000015
10501  -44.539  -64.439  -18.388 0.1000000015
9789  -45.331  -65.526  -20.040 0.1000000015
9119  -44.072  -66.363  -20.021 0.1000000015
8568  -43.483  -67.619  -19.574 0.1000000015
8023  -41.717  -67.742  -19.795 0.1000000015
11173  -43.778  -63.249  -16.911 0.1000000015
10500  -43.718  -64.599  -18.581 0.1000000015
10506  -44.499  -64.876  -19.206 0.1000000015
8577  -42.051  -66.999  -20.367 0.1000000015
9787  -43.787  -65.334  -19.578 0.1000000015
24674  -46.652  -46.113  -5.197 0.2000000030
15587  -42.066  -58.307  -13.176 0.2000000030
14027  -42.243  -58.957  -14.238 0.1000000015
14040  -43.532  -59.713  -14.995 0.1000000015
159650  -42.721  -59.774  -14.933 0.1000000015
12538  -43.028  -62.017  -16.144 0.1000000015
135538  -42.913  -60.337  -15.247 0.1000000015
11172  -42.799  -62.984  -16.874 0.1000000015
11183  -43.273  -63.692  -17.422 0.1000000015
9788  -44.726  -65.426  -19.770 0.1000000015
11187  -42.995  -64.156  -18.103 0.1000000015
11801  -48.910  -63.332  -11.822 0.3000000119
11802  -49.808  -62.740  -12.065 0.4000000060
8491  -45.305  -67.813  -12.072 0.3000000119
11137  -48.063  -64.215  -12.690 0.3000000119
7934  -45.319  -68.361  -12.704 0.3000000119
11139  -50.090  -62.996  -14.132 0.4000000060
12518  -51.235  -61.360  -13.763 0.4000000060
10468  -48.120  -65.054  -14.254 0.4000000060
9751  -47.743  -65.859  -14.492 0.3000000119
13255  -50.952  -60.966  -14.285 0.4000000060
11848  -49.184  -62.691  -17.074 0.4000000060
9778  -48.768  -65.875  -17.766 0.2000000030
8554  -47.062  -68.038  -17.252 0.2000000030
155268  -48.203  -61.463  -16.219 0.3000000119
7994  -45.761  -68.490  -18.667 0.2000000030
13259  -46.370  -59.979  -14.932 0.3000000119
12531  -47.754  -60.951  -15.699 0.3000000119
10496  -48.563  -64.144  -18.917 0.2000000030
9111  -47.066  -66.186  -20.002 0.1000000015
11176  -47.341  -63.216  -17.070 0.4000000060
11837  -46.224  -61.630  -15.988 0.2000000030
10495  -47.336  -64.000  -18.849 0.1000000015
8010  -44.476  -68.214  -19.193 0.1000000015
10494  -46.098  -64.214  -18.547 0.1000000015
9115  -46.261  -66.611  -20.132 0.1000000015
13267  -44.966  -60.154  -15.403 0.3000000119
157622  -45.929  -64.594  -19.470 0.1000000015
9113  -44.834  -66.715  -20.037 0.1000000015
8569  -44.130  -67.739  -19.470 0.1000000015
144986  -42.996  -59.313  -14.623 0.1000000015
12537  -42.997  -61.091  -15.653 0.1000000015
11844  -44.580  -62.688  -16.545 0.1000000015
137475  -45.204  -64.254  -18.136 0.1000000015
10507  -45.341  -64.955  -19.693 0.1000000015
10492  -43.837  -64.135  -17.892 0.1000000015
8576  -41.020  -67.382  -20.640 0.1000000015
138796  -42.152  -61.520  -15.985 0.1000000015
11716  -49.193  -63.027  -6.065 0.3000000119
11744  -48.735  -63.475  -7.637 0.2000000030
11762  -47.593  -63.970  -8.568 0.3000000119
134561  -48.245  -63.844  -8.341 0.2000000030
12405  -50.366  -61.209  -4.345 0.4000000060
12430  -50.090  -62.463  -5.835 0.2000000030
12418  -50.819  -61.496  -5.230 0.4000000060
11728  -49.514  -63.059  -6.942 0.3000000119
11086  -47.200  -64.532  -9.187 0.2000000030
156475  -51.483  -60.837  -5.726 0.4000000060
154795  -49.482  -63.165  -7.837 0.2000000030
11087  -47.844  -64.381  -8.954 0.2000000030
11104  -47.331  -64.655  -9.562 0.2000000030
10415  -46.386  -65.265  -9.956 0.1000000015
11745  -50.191  -62.675  -8.572 0.3000000119
11102  -46.086  -64.842  -9.866 0.1000000015
9716  -44.812  -65.633  -10.993 0.1000000015
9032  -44.953  -66.186  -11.115 0.1000000015
9717  -45.532  -65.882  -10.720 0.1000000015
137546  -44.539  -66.755  -11.629 0.1000000015
9054  -42.468  -67.251  -13.077 0.1000000015
9042  -43.676  -66.630  -12.161 0.1000000015
8500  -42.532  -68.239  -12.867 0.1000000015
8488  -43.186  -67.602  -12.533 0.1000000015
12448  -50.822  -61.903  -8.032 0.3000000119
148139  -48.256  -64.135  -9.685 0.2000000030
10429  -46.933  -65.079  -10.655 0.2000000030
10416  -46.778  -65.068  -9.912 0.2000000030
9718  -46.102  -65.908  -10.708 0.2000000030
7931  -41.300  -68.481  -13.605 0.1000000015
12468  -51.208  -61.540  -9.156 0.2000000030
11765  -50.634  -62.247  -9.536 0.3000000119
159344  -47.927  -64.241  -10.177 0.2000000030
9033  -45.563  -66.447  -11.230 0.2000000030
8489  -43.822  -67.403  -12.097 0.1000000015
7333  -41.255  -69.437  -13.392 0.1000000015
7932  -41.946  -68.831  -13.122 0.1000000015
11780  -49.673  -63.128  -9.986 0.3000000119
155300  -51.775  -60.575  -9.218 0.2000000030
9043  -45.263  -67.166  -11.658 0.2000000030
155185  -43.950  -67.919  -11.994 0.1000000015
7335  -42.565  -69.143  -12.619 0.1000000015
7922  -43.447  -69.006  -12.252 0.1000000015
138713  -40.889  -70.304  -13.372 0.1000000015
11781  -50.615  -62.316  -10.376 0.2000000030
6717  -42.796  -70.408  -12.442 0.1000000015
7323  -44.071  -69.497  -12.220 0.1000000015
6727  -41.024  -71.189  -13.090 0.1000000015
145147  -41.796  -71.274  -12.749 0.1000000015
12469  -51.614  -60.670  -9.949 0.2000000030
7336  -43.833  -70.242  -12.788 0.1000000015
6718  -43.252  -70.623  -12.496 0.1000000015
6731  -44.090  -70.420  -13.744 0.1000000015
6091  -39.334  -72.241  -13.842 0.1000000015
6078  -41.144  -71.982  -13.047 0.1000000015
6729  -42.651  -71.187  -12.563 0.1000000015
6730  -43.390  -71.020  -13.230 0.1000000015
7945  -46.228  -67.996  -14.368 0.3000000119
5497  -41.639  -72.621  -13.797 0.1000000015
12449  -51.641  -60.936  -8.392 0.3000000119
146189  -51.052  -61.532  -6.247 0.3000000119
11729  -50.083  -62.676  -7.672 0.2000000030
11779  -49.114  -63.533  -10.104 0.3000000119
142272  -43.043  -68.611  -12.454 0.1000000015
134930  -41.577  -70.451  -12.897 0.1000000015
10439  -46.589  -65.578  -11.061 0.2000000030
140803  -49.159  -63.451  -8.438 0.2000000030
11764  -49.819  -62.994  -9.335 0.3000000119
6743  -39.480  -71.280  -13.904 0.1000000015
5483  -39.878  -72.645  -13.633 0.1000000015
6080  -42.751  -71.663  -13.256 0.1000000015
6742  -38.674  -71.601  -14.252 0.1000000015
5485  -41.202  -72.500  -13.270 0.1000000015
7353  -45.139  -69.340  -14.143 0.2000000030
139684  -42.296  -72.181  -15.834 0.1000000015
145114  -41.246  -72.537  -16.918 0.1000000015
6117  -42.126  -71.991  -16.792 0.2000000030
5538  -40.658  -72.483  -17.510 0.1000000015
6756  -44.083  -70.487  -14.925 0.2000000030
6767  -44.026  -70.486  -16.043 0.2000000030
6129  -41.453  -71.965  -17.477 0.2000000030
6766  -43.360  -70.973  -16.515 0.1000000015
5554  -40.895  -71.966  -17.891 0.1000000015
6130  -42.767  -71.353  -16.915 0.2000000030
6779  -43.181  -70.739  -17.302 0.1000000015
7944  -45.722  -68.751  -14.558 0.2000000030
6144  -41.541  -71.380  -17.829 0.1000000015
6778  -42.308  -71.262  -17.488 0.1000000015
7956  -46.442  -68.323  -15.379 0.2000000030
7365  -45.252  -69.386  -15.132 0.2000000030
7374  -44.640  -69.893  -16.614 0.1000000015
7385  -43.749  -69.990  -17.707 0.1000000015
7375  -45.318  -69.446  -16.183 0.1000000015
7386  -44.539  -69.693  -17.499 0.1000000015
8517  -46.900  -67.665  -15.128 0.2000000030
7964  -46.527  -68.500  -16.399 0.2000000030
7387  -45.287  -69.367  -17.160 0.1000000015
8536  -47.077  -67.939  -16.067 0.2000000030
7979  -45.885  -68.833  -17.678 0.1000000015
6790  -42.873  -70.298  -17.880 0.1000000015
7352  -44.675  -69.896  -14.460 0.1000000015
6755  -43.389  -71.155  -15.315 0.1000000015
150970  -50.015  -62.071  -4.827 0.2000000030
11727  -48.639  -63.196  -6.830 0.1000000015
135294  -44.942  -58.253  -3.433 0.2000000030
144807  -44.566  -59.143  -3.189 0.1000000015
19258  -36.571  -52.738  -2.740 0.1000000015
133966  -40.498  -56.094  -4.648 0.1000000015
16216  -41.514  -56.269  -4.413 0.1000000015
18475  -38.523  -53.560  -4.422 0.1000000015
19256  -36.264  -52.349  -1.923 0.2000000030
16939  -38.441  -55.069  -4.625 0.1000000015
19259  -37.105  -52.700  -3.461 0.1000000015
18471  -37.261  -53.656  -3.729 0.1000000015
17691  -38.731  -54.335  -4.542 0.1000000015
16940  -39.224  -55.098  -4.671 0.1000000015
148589  -49.388  -62.018  -4.176 0.2000000030
14666  -46.344  -59.111  -3.119 0.1000000015
16941  -40.179  -55.213  -4.568 0.1000000015
147778  -36.229  -51.724  -1.238 0.2000000030
157942  -39.613  -55.720  -4.738 0.1000000015
18474  -37.933  -53.949  -4.222 0.1000000015
18470  -36.683  -53.493  -3.074 0.1000000015
12417  -49.175  -62.647  -5.078 0.1000000015
147057  -41.588  -49.351  1.675 0.1000000015
21812  -40.637  -49.283  1.756 0.1000000015
20900  -39.095  -49.897  2.123 0.1000000015
20052  -37.125  -51.461  1.420 0.1000000015
21811  -39.664  -49.331  1.657 0.1000000015
21810  -38.755  -49.498  1.380 0.1000000015
20889  -41.707  -50.264  2.804 0.1000000015
20888  -40.881  -50.282  2.906 0.1000000015
136992  -40.155  -50.445  3.008 0.1000000015
20039  -38.252  -51.437  2.947 0.1000000015
21801  -41.187  -49.753  2.353 0.1000000015
21800  -40.138  -49.851  2.427 0.1000000015
20886  -38.427  -50.614  2.409 0.1000000015
20885  -37.660  -51.333  2.235 0.1000000015
19202  -37.174  -52.099  2.074 0.1000000015
21802  -42.098  -49.867  2.235 0.1000000015
20020  -39.800  -51.603  4.006 0.1000000015
20890  -42.473  -50.417  2.716 0.1000000015
20876  -42.097  -50.699  3.154 0.1000000015
20874  -40.622  -50.761  3.435 0.1000000015
20873  -39.731  -50.972  3.430 0.1000000015
20040  -38.915  -50.969  3.088 0.1000000015
19178  -38.111  -52.176  3.419 0.1000000015
21813  -43.397  -49.641  1.368 0.1000000015
21814  -44.267  -49.702  1.113 0.1000000015
20032  -42.967  -51.651  3.497 0.1000000015
20031  -42.076  -51.266  3.633 0.1000000015
20030  -41.132  -51.207  3.835 0.1000000015
20042  -43.423  -51.260  2.967 0.1000000015
20891  -43.722  -50.771  2.422 0.1000000015
20902  -43.975  -50.226  1.792 0.1000000015
21824  -43.704  -49.222  0.704 0.1000000015
25565  -46.181  -45.559  -5.698 0.1000000015
26413  -46.762  -44.558  -7.177 0.1000000015
20893  -45.336  -50.962  1.852 0.1000000015
21815  -45.261  -49.633  0.690 0.1000000015
142958  -44.412  -49.278  0.530 0.1000000015
24663  -47.003  -46.700  -4.693 0.1000000015
26404  -45.903  -44.571  -6.875 0.1000000015
24675  -47.503  -46.325  -5.338 0.1000000015
27232  -47.405  -44.124  -7.682 0.1000000015
20041  -42.715  -50.965  3.153 0.1000000015
19182  -42.433  -51.983  3.904 0.1000000015
20021  -40.620  -51.694  4.217 0.1000000015
20898  -37.678  -50.586  1.534 0.1000000015
20899  -38.358  -50.050  1.743 0.1000000015
139871  -42.505  -49.504  1.548 0.1000000015
25573  -46.588  -45.149  -6.478 0.1000000015
20887  -39.395  -50.420  2.786 0.1000000015
20051  -36.726  -52.252  1.322 0.1000000015
20901  -43.043  -50.150  2.121 0.1000000015
20892  -44.552  -50.898  2.138 0.1000000015
147723  -46.044  -44.151  -7.397 0.1000000015
15586  -41.207  -57.942  -13.267 0.1000000015
151787  -40.419  -57.684  -13.647 0.1000000015
15575  -40.512  -57.317  -12.985 0.1000000015
12413  -46.493  -61.485  -7.045 0.1000000015
154452  -46.383  -61.832  -8.042 0.1000000015
12428  -47.133  -62.367  -7.728 0.1000000015
152419  -44.961  -60.817  -7.665 0.1000000015
12427  -45.652  -61.275  -7.824 0.1000000015
12447  -45.732  -61.795  -8.623 0.1000000015
12429  -47.522  -62.269  -6.633 0.1000000015
13184  -44.258  -60.648  -7.967 0.1000000015
13167  -45.445  -60.837  -6.920 0.1000000015
12414  -46.881  -61.599  -5.866 0.1000000015
13197  -43.166  -60.871  -9.110 0.1000000015
13183  -43.427  -60.454  -8.297 0.1000000015
13166  -44.513  -60.484  -7.005 0.1000000015
13181  -41.747  -60.176  -9.108 0.1000000015
13165  -43.672  -60.217  -7.341 0.1000000015
11049  -38.789  -63.926  -3.819 0.1000000015
11034  -38.599  -63.116  -3.631 0.1000000015
11063  -36.928  -63.433  -6.358 0.1000000015
11062  -36.249  -63.468  -7.103 0.1000000015
11724  -36.136  -62.480  -7.378 0.1000000015
11740  -35.847  -61.867  -8.036 0.1000000015
11714  -48.075  -62.635  -5.977 0.1000000015
11739  -35.246  -62.241  -8.578 0.1000000015
12444  -35.960  -61.162  -8.743 0.1000000015
12463  -42.272  -60.773  -9.560 0.1000000015
151923  -41.377  -60.481  -9.674 0.1000000015
11742  -47.436  -63.248  -8.225 0.1000000015
11757  -34.952  -61.996  -9.482 0.1000000015
12475  -36.330  -61.028  -10.432 0.1000000015
12476  -37.826  -60.799  -10.900 0.1000000015
13209  -40.102  -60.659  -10.356 0.1000000015
13196  -40.550  -60.261  -9.779 0.1000000015
13968  -41.001  -59.891  -9.181 0.1000000015
13164  -42.900  -59.932  -7.703 0.1000000015
11756  -34.408  -62.454  -9.861 0.1000000015
159510  -36.643  -61.070  -10.938 0.1000000015
13195  -39.683  -60.086  -9.860 0.1000000015
13967  -40.108  -59.712  -9.267 0.1000000015
11048  -38.263  -63.323  -4.516 0.1000000015
11056  -37.497  -63.282  -5.746 0.1000000015
11713  -37.135  -62.602  -6.142 0.1000000015
13153  -46.335  -61.369  -5.152 0.1000000015
12402  -46.956  -61.810  -4.784 0.1000000015
12415  -47.611  -62.198  -5.447 0.1000000015
11712  -36.603  -62.579  -6.771 0.1000000015
11725  -47.727  -62.881  -7.448 0.1000000015
13205  -36.729  -60.651  -9.930 0.1000000015
13206  -37.498  -60.396  -10.197 0.1000000015
13207  -38.367  -60.379  -10.393 0.1000000015
13952  -41.517  -59.673  -8.408 0.1000000015
13192  -37.146  -60.215  -9.300 0.1000000015
13193  -38.011  -59.966  -9.733 0.1000000015
13966  -39.221  -59.585  -9.342 0.1000000015
13951  -40.520  -59.387  -8.600 0.1000000015
11699  -38.196  -62.458  -4.126 0.1000000015
11689  -38.429  -62.384  -3.329 0.1000000015
11678  -38.618  -62.312  -2.541 0.1000000015
12392  -46.174  -61.483  -4.266 0.1000000015
146748  -37.855  -63.076  -5.208 0.1000000015
11705  -37.860  -62.473  -4.883 0.1000000015
13151  -44.859  -60.608  -5.764 0.1000000015
12394  -47.810  -61.998  -3.704 0.1000000015
11704  -37.543  -62.515  -5.556 0.1000000015
12404  -48.500  -62.322  -4.239 0.1000000015
12425  -36.448  -61.661  -7.331 0.1000000015
145385  -36.187  -61.142  -8.033 0.1000000015
13191  -36.465  -60.697  -9.241 0.1000000015
13179  -36.563  -60.614  -8.559 0.1000000015
13950  -39.587  -59.239  -8.734 0.1000000015
13948  -37.834  -59.648  -9.000 0.1000000015
12375  -38.192  -61.714  -2.996 0.1000000015
144229  -45.588  -61.049  -4.886 0.1000000015
12367  -38.279  -61.710  -2.150 0.1000000015
13087  -37.861  -61.146  -1.666 0.1000000015
13150  -43.811  -60.233  -6.211 0.1000000015
12391  -37.769  -61.764  -4.530 0.1000000015
12385  -38.035  -61.766  -3.779 0.1000000015
12416  -48.287  -62.579  -5.131 0.1000000015
136729  -37.297  -61.962  -5.953 0.1000000015
12401  -37.491  -61.693  -5.358 0.1000000015
13953  -42.206  -59.728  -7.892 0.1000000015
12411  -36.933  -61.828  -6.541 0.1000000015
13949  -38.604  -59.274  -8.724 0.1000000015
13162  -36.618  -60.719  -7.729 0.1000000015
13180  -37.210  -60.048  -8.289 0.1000000015
13106  -37.737  -61.114  -3.485 0.1000000015
13149  -43.055  -59.851  -6.714 0.1000000015
12395  -48.664  -61.863  -3.652 0.1000000015
13931  -40.878  -59.082  -7.848 0.1000000015
13163  -37.002  -60.285  -7.454 0.1000000015
12412  -37.215  -61.151  -6.138 0.1000000015
12426  -36.880  -60.990  -6.973 0.1000000015
13922  -42.371  -59.550  -6.245 0.1000000015
13119  -42.949  -60.030  -4.696 0.1000000015
13920  -41.209  -58.908  -7.013 0.1000000015
13118  -37.678  -61.222  -4.171 0.1000000015
13930  -39.096  -58.889  -8.239 0.1000000015
14710  -39.920  -58.857  -8.098 0.1000000015
146895  -40.254  -58.570  -7.343 0.1000000015
152075  -37.846  -59.448  -8.309 0.1000000015
13929  -38.261  -58.972  -7.880 0.1000000015
13148  -37.073  -60.247  -6.752 0.1000000015
13928  -37.451  -59.584  -7.533 0.1000000015
13909  -42.352  -59.554  -5.300 0.1000000015
14703  -40.747  -58.406  -6.529 0.1000000015
14708  -38.221  -58.613  -7.277 0.1000000015
14709  -39.107  -58.495  -7.565 0.1000000015
13919  -37.715  -58.970  -7.235 0.1000000015
159558  -37.342  -61.012  -5.566 0.1000000015
13908  -41.847  -59.028  -5.088 0.1000000015
14702  -39.612  -58.109  -6.850 0.1000000015
13918  -37.287  -59.329  -6.585 0.1000000015
14676  -41.549  -58.387  -4.990 0.1000000015
12390  -37.418  -60.914  -4.938 0.1000000015
13069  -37.999  -60.556  0.742 0.1000000015
143041  -37.717  -60.641  -0.161 0.1000000015
13077  -37.996  -61.221  -0.746 0.1000000015
12461  -35.506  -61.551  -9.191 0.1000000015
12474  -35.512  -61.441  -10.166 0.1000000015
12462  -36.049  -61.041  -9.626 0.1000000015
147838  -37.017  -60.812  -10.663 0.1000000015
13208  -39.236  -60.469  -10.440 0.1000000015
12479  -40.495  -61.336  -10.753 0.1000000015
13135  -43.042  -59.928  -5.639 0.1000000015
13932  -41.688  -59.363  -7.518 0.1000000015
13921  -41.617  -59.066  -6.027 0.1000000015
12349  -38.354  -61.330  0.232 0.1000000015
137512  -34.668  -78.232  -22.851 0.1000000015
2816  -34.674  -78.389  -22.059 0.1000000015
2859  -33.028  -78.423  -26.556 0.1000000015
2479  -32.918  -79.045  -25.865 0.1000000015
3241  -34.139  -77.481  -25.743 0.1000000015
2846  -34.194  -78.086  -25.283 0.1000000015
144636  -33.800  -79.063  -23.799 0.1000000015
148710  -33.258  -77.692  -26.969 0.1000000015
3659  -33.308  -76.883  -27.942 0.1000000015
3666  -32.910  -76.334  -28.020 0.1000000015
2817  -35.252  -77.622  -22.363 0.1000000015
2807  -35.288  -77.729  -21.593 0.1000000015
2802  -35.281  -77.905  -20.882 0.1000000015
2829  -35.066  -77.594  -23.142 0.1000000015
2837  -34.435  -78.099  -24.631 0.1000000015
2463  -34.273  -78.556  -24.016 0.1000000015
2828  -34.607  -78.177  -23.449 0.1000000015
2425  -34.671  -78.600  -20.564 0.1000000015
3652  -33.702  -76.932  -26.214 0.1000000015
2462  -33.677  -79.112  -24.442 0.1000000015
2836  -33.953  -78.655  -24.994 0.1000000015
3651  -33.089  -76.554  -26.452 0.1000000015
4085  -31.636  -75.515  -26.709 0.1000000015
4093  -31.717  -75.408  -27.556 0.1000000015
158134  -32.337  -75.801  -28.031 0.1000000015
6137  -32.731  -72.039  -17.900 0.1000000015
4530  -31.972  -74.686  -19.079 0.1000000015
3205  -35.915  -76.817  -21.113 0.1000000015
132966  -35.880  -76.800  -20.548 0.1000000015
3195  -35.448  -77.183  -19.711 0.1000000015
134635  -33.950  -76.561  -18.617 0.1000000015
3596  -33.025  -76.286  -18.467 0.1000000015
4531  -33.011  -74.608  -19.056 0.1000000015
3211  -35.782  -77.018  -21.793 0.1000000015
3597  -34.720  -77.003  -18.928 0.1000000015
143139  -35.699  -76.886  -22.720 0.1000000015
2792  -35.055  -77.868  -19.473 0.1000000015
3230  -34.892  -77.200  -24.507 0.1000000015
3231  -35.304  -77.026  -23.632 0.1000000015
3650  -32.417  -76.069  -26.629 0.1000000015
6128  -33.946  -71.822  -17.003 0.1000000015
148395  -32.308  -73.891  -19.048 0.1000000015
6127  -33.205  -71.483  -17.299 0.1000000015
4019  -34.623  -76.017  -19.200 0.1000000015
4028  -34.615  -75.040  -19.364 0.1000000015
4018  -33.621  -75.479  -18.996 0.1000000015
3603  -35.749  -76.408  -20.071 0.1000000015
3611  -36.061  -76.249  -20.761 0.1000000015
3644  -34.636  -76.961  -25.238 0.1000000015
4076  -33.828  -75.870  -25.421 0.1000000015
4075  -32.925  -75.618  -25.480 0.1000000015
4074  -32.006  -75.331  -25.548 0.1000000015
143717  -31.931  -75.687  -26.145 0.1000000015
3626  -35.735  -76.305  -23.419 0.1000000015
5041  -31.727  -73.207  -18.927 0.1000000015
5043  -33.118  -73.777  -18.846 0.1000000015
3632  -35.344  -76.433  -24.146 0.1000000015
152317  -31.591  -74.026  -19.095 0.1000000015
3614  -36.204  -76.094  -21.895 0.1000000015
4048  -36.246  -75.349  -22.649 0.1000000015
4528  -30.917  -73.766  -18.894 0.1000000015
4553  -35.635  -73.832  -23.017 0.1000000015
5062  -35.305  -73.028  -22.614 0.1000000015
133427  -34.885  -72.186  -22.371 0.1000000015
4029  -35.357  -75.737  -19.704 0.1000000015
150973  -35.830  -75.733  -20.277 0.1000000015
4044  -36.198  -75.068  -21.731 0.1000000015
4550  -35.926  -74.427  -20.976 0.1000000015
4554  -36.083  -74.505  -22.572 0.1000000015
5058  -35.818  -73.853  -21.929 0.1000000015
4030  -35.631  -74.887  -20.093 0.1000000015
4541  -34.117  -74.359  -19.046 0.1000000015
4542  -35.238  -74.254  -19.608 0.1000000015
5054  -35.541  -73.455  -20.283 0.1000000015
4039  -36.082  -75.362  -20.830 0.1000000015
5061  -34.530  -72.629  -23.105 0.1000000015
5055  -35.694  -73.691  -21.007 0.1000000015
2451  -33.194  -79.507  -23.907 0.1000000015
2452  -33.583  -79.244  -23.262 0.1000000015
2453  -34.180  -78.706  -23.348 0.1000000015
2797  -35.188  -78.025  -20.140 0.1000000015
2806  -34.877  -78.294  -21.310 0.1000000015
2838  -34.773  -77.773  -23.892 0.1000000015
2845  -33.615  -78.401  -25.740 0.1000000015
3204  -35.598  -77.381  -20.516 0.1000000015
3212  -36.012  -76.566  -21.607 0.1000000015
3216  -35.996  -76.540  -22.107 0.1000000015
3242  -34.491  -77.579  -25.103 0.1000000015
3253  -33.385  -77.134  -26.896 0.1000000015
3254  -33.611  -77.669  -26.391 0.1000000015
3267  -33.462  -77.136  -28.564 0.1000000015
3602  -35.259  -76.487  -19.511 0.1000000015
3612  -36.100  -76.437  -21.266 0.1000000015
3618  -36.070  -76.160  -22.692 0.1000000015
3631  -35.003  -76.530  -24.754 0.1000000015
3641  -32.562  -75.996  -25.986 0.1000000015
3642  -33.345  -76.302  -25.863 0.1000000015
3643  -34.097  -76.619  -25.688 0.1000000015
3657  -32.317  -75.992  -27.346 0.1000000015
3658  -33.007  -76.627  -27.230 0.1000000015
4040  -36.214  -75.908  -21.290 0.1000000015
4064  -35.659  -75.842  -23.936 0.1000000015
4077  -34.607  -76.210  -25.157 0.1000000015
4092  -31.300  -74.699  -27.824 0.1000000015
4529  -31.100  -74.661  -18.874 0.1000000015
4549  -35.646  -74.086  -20.373 0.1000000015
5042  -32.513  -73.231  -18.797 0.1000000015
5078  -34.989  -73.314  -23.341 0.1000000015
5096  -39.713  -73.228  -25.089 0.1000000015
5545  -32.288  -72.564  -18.491 0.1000000015
5597  -39.732  -73.107  -24.545 0.1000000015
5599  -41.283  -72.515  -24.084 0.1000000015
5609  -39.305  -73.133  -25.303 0.1000000015
5610  -40.065  -73.191  -25.476 0.1000000015
5618  -39.182  -73.128  -25.992 0.1000000015
5619  -39.598  -73.091  -26.160 0.1000000015
5627  -39.359  -72.875  -26.632 0.1000000015
6077  -40.252  -71.909  -13.383 0.1000000015
6079  -41.979  -72.034  -12.995 0.1000000015
6090  -38.542  -72.507  -14.233 0.1000000015
6118  -42.777  -71.609  -16.122 0.1000000015
6199  -40.439  -72.741  -23.801 0.1000000015
6221  -38.527  -72.549  -26.073 0.1000000015
6223  -41.340  -72.344  -26.433 0.1000000015
6238  -42.070  -71.594  -26.912 0.1000000015
6728  -42.268  -70.515  -12.557 0.1000000015
6744  -40.245  -70.773  -13.623 0.1000000015
6780  -43.928  -70.320  -17.003 0.1000000015
6828  -40.023  -70.425  -22.959 0.1000000015
6845  -39.367  -70.779  -23.212 0.1000000015
6846  -40.839  -71.076  -22.919 0.1000000015
6847  -41.805  -71.038  -23.217 0.1000000015
6895  -38.289  -71.411  -27.113 0.1000000015
6896  -38.973  -71.604  -27.548 0.1000000015
6897  -42.594  -70.852  -27.408 0.1000000015
7322  -43.280  -69.871  -12.331 0.1000000015
7334  -42.071  -69.739  -12.777 0.1000000015
7337  -44.619  -69.663  -13.234 0.3000000119
7364  -44.671  -69.936  -15.588 0.2000000030
7505  -43.614  -69.591  -27.402 0.1000000015
7921  -42.992  -69.326  -12.386 0.1000000015
7923  -43.986  -68.607  -11.987 0.2000000030
7955  -45.914  -68.933  -15.742 0.2000000030
7963  -45.942  -68.979  -16.742 0.1000000015
8011  -45.242  -68.114  -19.392 0.1000000015
8048  -41.056  -68.486  -23.649 0.1000000015
8050  -42.044  -68.735  -24.477 0.1000000015
8053  -43.233  -68.966  -25.735 0.1000000015
8059  -44.110  -68.944  -27.853 0.1000000015
8060  -44.609  -68.281  -28.319 0.1000000015
8490  -44.451  -67.536  -11.774 0.1000000015
8501  -45.896  -67.679  -13.206 0.3000000119
8518  -47.435  -67.378  -15.739 0.2000000030
9055  -45.754  -67.268  -12.364 0.3000000119
9083  -47.355  -67.037  -15.052 0.2000000030
9109  -48.245  -66.379  -18.458 0.2000000030
9114  -45.497  -66.184  -20.183 0.1000000015
9118  -43.133  -65.958  -20.238 0.2000000030
9120  -44.804  -65.973  -20.101 0.1000000015
9125  -40.950  -65.706  -22.309 0.2000000030
9128  -40.684  -66.301  -22.706 0.1000000015
9151  -43.565  -67.116  -25.916 0.1000000015
9152  -44.476  -66.618  -26.136 0.1000000015
9168  -45.040  -66.907  -26.775 0.1000000015
9169  -45.726  -66.361  -27.070 0.1000000015
9185  -45.938  -66.187  -28.139 0.1000000015
9220  -45.058  -66.395  -30.179 0.1000000015
9704  -46.026  -65.630  -10.225 0.1000000015
9729  -44.301  -66.038  -11.559 0.1000000015
9730  -46.290  -66.123  -11.542 0.3000000119
9750  -47.009  -66.156  -13.613 0.4000000060
9771  -49.056  -65.033  -16.139 0.4000000060
9825  -41.658  -65.910  -24.236 0.1000000015
9826  -42.619  -65.595  -24.639 0.1000000015
9845  -46.386  -65.242  -25.992 0.1000000015
9908  -46.517  -64.673  -28.651 0.1000000015
10414  -45.423  -65.407  -10.490 0.1000000015
10428  -46.420  -65.464  -10.266 0.2000000030
10450  -46.853  -65.489  -12.230 0.3000000119
10469  -48.696  -64.235  -14.083 0.4000000060
10493  -44.598  -63.981  -17.691 0.1000000015
10504  -47.865  -64.622  -19.641 0.1000000015
10512  -41.505  -64.932  -22.330 0.2000000030
10543  -45.984  -64.089  -23.929 0.1000000015
10584  -47.645  -64.325  -26.309 0.1000000015
10619  -45.894  -64.300  -29.224 0.1000000015
11103  -46.765  -64.947  -9.619 0.1000000015
11115  -47.390  -64.641  -10.329 0.2000000030
11125  -48.481  -63.679  -12.230 0.3000000119
11174  -44.601  -63.461  -17.094 0.1000000015
11178  -49.463  -63.583  -17.401 0.4000000060
11189  -41.603  -63.318  -18.939 0.1000000015
11234  -45.688  -63.689  -23.132 0.1000000015
11236  -47.350  -63.402  -23.651 0.1000000015
11250  -48.419  -63.104  -24.453 0.1000000015
11266  -48.621  -63.097  -25.432 0.1000000015
11284  -48.118  -63.634  -26.833 0.1000000015
11285  -48.562  -62.924  -26.620 0.1000000015
11298  -46.319  -63.167  -28.426 0.1000000015
11743  -48.012  -63.400  -7.709 0.1000000015
11763  -48.807  -63.745  -9.183 0.2000000030
11793  -48.840  -63.512  -10.828 0.4000000060
11795  -51.058  -61.786  -11.483 0.4000000060
11833  -51.201  -61.511  -14.452 0.4000000060
11835  -44.100  -61.894  -16.144 0.2000000030
11838  -47.309  -61.580  -16.067 0.2000000030
11839  -49.007  -61.750  -16.617 0.4000000060
11880  -44.161  -62.623  -21.694 0.1000000015
11895  -47.299  -62.617  -23.124 0.1000000015
11902  -47.007  -63.116  -23.160 0.1000000015
11912  -48.010  -63.038  -23.733 0.1000000015
12403  -47.696  -62.216  -4.416 0.1000000015
12431  -50.496  -62.214  -6.999 0.2000000030
12446  -44.916  -61.183  -8.402 0.1000000015
12466  -44.872  -61.799  -9.238 0.1000000015
12492  -51.251  -61.269  -12.388 0.4000000060
12525  -50.973  -61.082  -15.261 0.4000000060
12530  -46.772  -60.845  -15.606 0.3000000119
12533  -50.626  -61.547  -16.136 0.4000000060
12593  -48.371  -61.562  -23.411 0.1000000015
12616  -49.729  -60.947  -24.160 0.1000000015
12651  -49.618  -61.121  -25.640 0.1000000015
12666  -48.609  -61.357  -27.097 0.1000000015
13123  -47.070  -61.556  -3.377 0.1000000015
13125  -48.814  -61.354  -3.422 0.2000000030
13152  -45.990  -61.028  -5.973 0.1000000015
13154  -51.776  -60.604  -6.600 0.4000000060
13182  -42.471  -60.215  -8.601 0.1000000015
13194  -38.839  -59.963  -9.894 0.1000000015
13213  -51.591  -60.057  -10.324 0.5000000000
13241  -48.565  -60.318  -12.876 0.5000000000
13243  -51.045  -60.978  -13.270 0.4000000060
13260  -47.248  -60.309  -14.908 0.3000000119
13262  -50.242  -60.709  -14.827 0.4000000060
13271  -49.096  -60.564  -15.103 0.4000000060
13275  -42.289  -60.826  -15.568 0.1000000015
13322  -47.469  -60.416  -22.968 0.1000000015
13346  -50.219  -59.831  -23.973 0.1000000015
13347  -50.354  -59.839  -24.698 0.1000000015
13910  -51.207  -59.512  -4.985 0.5000000000
13923  -52.137  -59.170  -6.280 0.5000000000
13933  -42.372  -59.574  -7.148 0.1000000015
13965  -38.491  -59.640  -9.358 0.1000000015
14028  -44.699  -59.212  -14.571 0.1000000015
14030  -46.675  -59.990  -14.597 0.3000000119
14091  -42.766  -59.211  -21.667 0.1000000015
14108  -48.936  -59.644  -23.175 0.1000000015
14117  -49.592  -59.639  -23.397 0.1000000015
14118  -50.060  -59.212  -23.756 0.1000000015
14141  -50.549  -59.123  -25.448 0.1000000015
14151  -50.130  -59.441  -26.409 0.1000000015
14665  -45.351  -59.161  -3.114 0.1000000015
14680  -49.510  -58.862  -4.080 0.4000000060
14693  -51.429  -58.698  -5.600 0.5000000000
14711  -52.160  -58.008  -6.916 0.5000000000
14726  -52.182  -58.411  -8.481 0.5000000000
14758  -46.474  -59.192  -10.653 0.4000000060
14774  -43.646  -58.651  -12.898 0.3000000119
14781  -42.626  -58.690  -13.708 0.2000000030
14868  -43.827  -58.311  -22.195 0.1000000015
14938  -50.622  -58.064  -26.872 0.1000000015
15487  -50.712  -57.973  -5.304 0.5000000000
15508  -51.291  -57.110  -7.293 0.5000000000
15522  -51.409  -57.393  -7.880 0.5000000000
15537  -44.060  -57.111  -9.838 0.5000000000
15541  -47.983  -57.603  -9.096 0.5000000000
15555  -45.101  -57.975  -9.969 0.5000000000
15567  -43.137  -58.046  -11.409 0.4000000060
15682  -50.844  -57.798  -25.579 0.1000000015
15705  -50.060  -57.643  -28.447 0.1000000015
15706  -50.489  -57.523  -27.756 0.1000000015
15721  -47.757  -57.578  -29.314 0.1000000015
15723  -49.820  -57.320  -29.121 0.1000000015
15730  -47.755  -56.950  -29.870 0.1000000015
15731  -48.748  -57.000  -30.026 0.1000000015
15732  -49.468  -56.943  -29.711 0.1000000015
16233  -50.352  -56.083  -6.649 0.5000000000
16239  -50.882  -56.595  -6.992 0.6000000238
16286  -41.554  -56.401  -10.758 0.3000000119
16296  -41.588  -57.101  -11.465 0.3000000119
16393  -46.922  -56.411  -23.562 0.1000000015
16394  -47.859  -56.428  -23.904 0.1000000015
16418  -50.434  -56.230  -28.322 0.1000000015
16419  -50.722  -56.812  -27.648 0.1000000015
16960  -49.727  -55.714  -6.254 0.4000000060
17138  -48.206  -55.735  -24.348 0.1000000015
17147  -48.381  -55.116  -24.864 0.1000000015
17180  -48.807  -54.668  -28.138 0.1000000015
17193  -48.845  -55.096  -29.178 0.1000000015
17697  -45.775  -54.466  -4.820 0.3000000119
17714  -47.101  -54.010  -5.783 0.4000000060
17722  -47.326  -53.937  -6.702 0.4000000060
17727  -46.265  -53.616  -7.870 0.5000000000
17728  -47.049  -53.934  -7.516 0.5000000000
17870  -44.190  -54.565  -21.900 0.1000000015
17873  -46.806  -53.411  -23.198 0.1000000015
17881  -47.137  -53.708  -23.863 0.1000000015
17903  -47.896  -54.183  -25.709 0.1000000015
17904  -49.069  -55.189  -25.548 0.1000000015
17916  -41.030  -54.331  -26.448 0.1000000015
17920  -45.834  -54.054  -27.248 0.1000000015
17921  -46.944  -53.998  -27.138 0.1000000015
17939  -42.547  -54.803  -27.005 0.1000000015
17944  -49.510  -54.993  -27.527 0.1000000015
18481  -44.561  -53.816  -4.980 0.3000000119
18665  -47.001  -53.015  -23.770 0.1000000015
18689  -46.781  -53.451  -25.418 0.1000000015
18698  -40.114  -53.311  -26.303 0.1000000015
19265  -41.478  -53.087  -5.179 0.3000000119
19343  -38.050  -52.589  -12.350 0.1000000015
19459  -45.889  -51.760  -21.806 0.1000000015
19471  -46.560  -51.875  -22.630 0.1000000015
19491  -42.688  -52.215  -24.337 0.1000000015
19492  -43.672  -51.975  -24.405 0.1000000015
19501  -41.089  -52.789  -24.901 0.1000000015
19530  -40.106  -52.809  -28.686 0.1000000015
20029  -40.380  -51.224  3.811 0.1000000015
20233  -44.651  -51.256  -14.214 0.1000000015
20347  -41.450  -51.829  -23.982 0.1000000015
20349  -45.931  -51.444  -24.155 0.1000000015
20356  -39.630  -51.203  -25.114 0.1000000015
20370  -39.618  -51.687  -26.876 0.1000000015
20875  -41.433  -50.706  3.337 0.1000000015
21143  -44.525  -50.575  -15.057 0.1000000015
21835  -37.762  -49.324  -0.063 0.3000000119
21844  -51.933  -50.066  -1.080 0.1000000015
21891  -49.991  -49.009  -2.909 0.1000000015
22022  -41.655  -49.689  -13.742 0.1000000015
22143  -40.079  -49.576  -23.037 0.1000000015
22749  -42.893  -48.275  -0.274 0.2000000030
22751  -44.390  -48.506  -0.499 0.2000000030
22767  -38.339  -48.062  -1.415 0.3000000119
23066  -38.821  -48.375  -25.164 0.1000000015
23720  -46.536  -47.571  -3.541 0.1000000015
24007  -40.692  -47.543  -28.279 0.1000000015
24008  -41.170  -48.037  -28.802 0.1000000015
25808  -40.052  -45.785  -27.285 0.1000000015
26635  -39.367  -44.676  -26.019 0.1000000015
26636  -39.725  -44.057  -26.474 0.1000000015
27240  -42.335  -43.701  -8.564 0.1000000015
28115  -45.928  -41.910  -10.341 0.1000000015
133893  -47.483  -55.442  -5.007 0.3000000119
135774  -48.525  -66.180  -16.676 0.3000000119
136196  -45.903  -52.036  -14.276 0.1000000015
137342  -51.238  -61.497  -10.172 0.2000000030
137484  -43.092  -50.689  2.703 0.1000000015
137611  -48.674  -61.861  -23.649 0.1000000015
138048  -39.137  -49.812  -25.068 0.1000000015
138086  -44.028  -56.623  -3.944 0.3000000119
138395  -44.723  -59.012  -14.073 0.3000000119
138550  -39.082  -45.265  -25.577 0.1000000015
138856  -42.983  -69.720  -24.872 0.1000000015
139231  -35.625  -77.320  -21.174 0.1000000015
139583  -43.209  -52.654  -5.668 0.4000000060
140323  -46.888  -67.271  -19.563 0.1000000015
141567  -50.672  -58.430  -25.102 0.1000000015
142350  -43.519  -68.167  -12.236 0.1000000015
143325  -42.007  -64.326  -22.083 0.2000000030
143699  -47.024  -64.916  -26.323 0.1000000015
144009  -39.247  -49.789  -25.916 0.1000000015
144465  -45.288  -63.176  -16.822 0.1000000015
144802  -49.035  -64.659  -15.243 0.4000000060
144960  -39.831  -72.354  -27.673 0.1000000015
146003  -41.999  -72.060  -24.570 0.1000000015
146126  -41.317  -72.958  -14.534 0.1000000015
146201  -45.469  -56.799  -22.873 0.1000000015
146362  -52.360  -58.683  -6.980 0.5000000000
146759  -40.193  -48.046  -27.668 0.1000000015
147095  -44.691  -56.875  -22.571 0.1000000015
147405  -41.862  -59.270  -6.778 0.1000000015
147949  -39.658  -72.683  -27.199 0.1000000015
149532  -39.320  -54.378  -11.131 0.2000000030
150663  -36.029  -76.611  -20.948 0.1000000015
151585  -40.693  -66.357  -22.045 0.1000000015
151738  -43.015  -66.330  -25.320 0.1000000015
152997  -45.956  -50.753  -23.548 0.1000000015
153376  -46.377  -65.418  -28.274 0.1000000015
153956  -44.642  -68.153  -29.272 0.1000000015
154599  -48.827  -57.471  -8.992 0.6000000238
155503  -45.921  -65.320  -10.080 0.1000000015
155845  -48.852  -57.906  -29.113 0.1000000015
156057  -42.991  -66.765  -12.710 0.1000000015
156270  -49.862  -56.771  -5.184 0.5000000000
156358  -33.780  -74.845  -19.143 0.1000000015
156493  -39.418  -49.734  -26.454 0.1000000015
156582  -46.350  -52.194  -15.369 0.1000000015
156634  -34.114  -78.641  -24.522 0.1000000015
156655  -45.443  -51.401  -12.941 0.1000000015
156693  -42.563  -69.227  -24.650 0.1000000015
157045  -35.380  -77.634  -19.972 0.1000000015
157484  -41.062  -45.241  -28.535 0.1000000015
157583  -35.606  -61.681  -8.621 0.1000000015
157649  -41.537  -68.619  -24.082 0.1000000015
158509  -49.318  -61.905  -24.820 0.1000000015
158750  -45.439  -61.137  -4.044 0.1000000015
158934  -44.235  -58.910  -22.276 0.1000000015
159072  -45.203  -59.723  -15.171 0.3000000119
159296  -46.994  -42.028  -12.670 0.1000000015
159395  -46.451  -51.195  -23.120 0.1000000015
159419  -44.019  -68.256  -30.473 0.1000000015
159985  -38.152  -52.582  -4.265 0.2000000030
160263  -47.527  -54.185  -27.403 0.1000000015
