#!ascii label  , from subject ICBM2009cNolinAsym vox2ras=TkReg
508
134411  -51.306  -60.962  -11.580 0.0000000000
11857  -41.256  -62.623  -19.339 0.0000000000
14738  -45.581  -58.366  -10.069 0.0000000000
11846  -46.781  -62.459  -16.447 0.0000000000
15601  -40.949  -58.256  -13.906 0.0000000000
15497  -50.335  -56.991  -5.498 0.0000000000
20142  -43.012  -51.933  -7.991 0.0000000000
22831  -37.953  -48.183  -5.871 0.0000000000
17017  -42.089  -55.833  -10.041 0.0000000000
15578  -43.061  -58.334  -12.295 0.0000000000
17038  -40.197  -56.265  -11.891 0.0000000000
17729  -47.685  -54.420  -7.133 0.0000000000
19272  -43.797  -52.563  -5.943 0.0000000000
25559  -39.737  -45.356  -5.911 0.0000000000
23776  -39.032  -47.137  -7.456 0.0000000000
158673  -48.508  -65.333  -15.165 0.0000000000
11173  -43.778  -63.249  -16.911 0.0000000000
157622  -45.929  -64.594  -19.470 0.0000000000
10505  -42.747  -64.885  -19.755 0.0000000000
13990  -49.460  -59.442  -10.371 0.0000000000
12524  -50.038  -60.878  -15.684 0.0000000000
14041  -44.554  -59.610  -15.065 0.0000000000
12535  -40.546  -60.857  -16.578 0.0000000000
15520  -49.441  -56.980  -8.547 0.0000000000
16979  -45.092  -54.855  -8.864 0.0000000000
19309  -41.360  -52.229  -9.407 0.0000000000
140815  -39.393  -51.333  -5.705 0.0000000000
21928  -40.123  -49.870  -7.130 0.0000000000
21009  -40.516  -50.005  -8.267 0.0000000000
21967  -39.857  -49.031  -9.827 0.0000000000
9781  -48.623  -65.293  -18.939 0.0000000000
16363  -40.950  -55.987  -20.727 0.0000000000
14090  -42.000  -59.270  -21.353 0.0000000000
146819  -46.055  -60.012  -22.617 0.0000000000
17774  -40.293  -54.226  -10.438 0.0000000000
16285  -40.750  -55.900  -10.961 0.0000000000
11139  -50.090  -62.996  -14.132 0.0000000000
11851  -41.753  -62.834  -17.514 0.0000000000
11187  -42.995  -64.156  -18.103 0.0000000000
11190  -41.856  -63.780  -19.423 0.0000000000
11194  -42.148  -63.436  -20.930 0.0000000000
11867  -42.153  -62.485  -20.715 0.0000000000
13969  -47.423  -59.227  -10.335 0.0000000000
13987  -46.001  -59.354  -11.483 0.0000000000
15587  -42.066  -58.307  -13.176 0.0000000000
14794  -44.077  -58.960  -14.183 0.0000000000
144986  -42.996  -59.313  -14.623 0.0000000000
135538  -42.913  -60.337  -15.247 0.0000000000
14038  -41.197  -59.662  -15.069 0.0000000000
14725  -51.506  -57.948  -8.579 0.0000000000
16238  -50.279  -56.063  -7.243 0.0000000000
18510  -45.018  -52.861  -7.800 0.0000000000
17743  -46.560  -54.360  -8.162 0.0000000000
18519  -43.787  -53.050  -8.719 0.0000000000
18541  -43.205  -53.634  -9.168 0.0000000000
19294  -42.671  -52.165  -8.621 0.0000000000
21916  -38.002  -49.136  -5.880 0.0000000000
20119  -39.914  -51.020  -6.136 0.0000000000
21926  -38.585  -48.671  -6.577 0.0000000000
23784  -39.989  -46.936  -8.921 0.0000000000
22866  -39.668  -47.930  -8.440 0.0000000000
22876  -40.015  -47.773  -9.080 0.0000000000
21026  -40.031  -49.855  -9.189 0.0000000000
155808  -48.701  -61.060  -16.031 0.0000000000
11179  -49.830  -63.175  -16.936 0.0000000000
11177  -48.531  -63.304  -17.359 0.0000000000
8570  -45.550  -67.260  -19.975 0.0000000000
18649  -42.195  -54.098  -21.102 0.0000000000
15648  -41.991  -57.802  -21.398 0.0000000000
14870  -45.479  -58.433  -22.605 0.0000000000
16288  -43.202  -56.920  -10.030 0.0000000000
14766  -44.602  -58.770  -11.637 0.0000000000
15553  -42.747  -57.380  -10.750 0.0000000000
15565  -41.680  -57.589  -12.125 0.0000000000
15575  -40.512  -57.317  -12.985 0.0000000000
16965  -49.036  -55.268  -6.506 0.0000000000
18504  -45.870  -53.037  -6.459 0.0000000000
19281  -43.807  -52.299  -6.747 0.0000000000
24655  -38.523  -46.553  -5.456 0.0000000000
23767  -38.654  -47.136  -6.831 0.0000000000
24685  -38.944  -46.307  -6.904 0.0000000000
25594  -39.833  -45.669  -8.070 0.0000000000
25600  -40.767  -45.445  -9.286 0.0000000000
11845  -45.678  -62.514  -16.422 0.0000000000
10488  -46.708  -63.746  -17.712 0.0000000000
137475  -45.204  -64.254  -18.136 0.0000000000
10506  -44.499  -64.876  -19.206 0.0000000000
9791  -42.348  -65.436  -20.682 0.0000000000
9796  -41.866  -64.580  -21.145 0.0000000000
156269  -43.334  -63.606  -22.102 0.0000000000
11221  -45.310  -63.251  -22.396 0.0000000000
155142  -51.048  -60.304  -11.132 0.0000000000
12518  -51.235  -61.360  -13.763 0.0000000000
13252  -48.438  -60.373  -14.308 0.0000000000
13269  -47.120  -60.470  -15.233 0.0000000000
14021  -45.137  -59.110  -13.459 0.0000000000
14029  -46.038  -59.619  -14.493 0.0000000000
12529  -45.692  -60.740  -15.599 0.0000000000
12527  -43.721  -61.290  -15.815 0.0000000000
11842  -42.011  -62.257  -16.635 0.0000000000
12540  -40.724  -61.618  -17.330 0.0000000000
13972  -51.105  -59.166  -9.805 0.0000000000
13971  -49.541  -58.661  -9.673 0.0000000000
15540  -46.944  -57.737  -9.194 0.0000000000
16983  -48.594  -55.505  -7.769 0.0000000000
16250  -47.116  -56.029  -8.452 0.0000000000
16275  -45.525  -56.708  -9.121 0.0000000000
17003  -43.558  -55.421  -9.366 0.0000000000
17757  -41.731  -54.016  -9.758 0.0000000000
18538  -40.737  -52.761  -9.869 0.0000000000
140162  -41.095  -51.913  -5.978 0.0000000000
20126  -41.256  -51.262  -6.529 0.0000000000
20127  -41.862  -51.226  -7.107 0.0000000000
137757  -39.305  -48.621  -7.261 0.0000000000
21935  -40.189  -49.535  -7.758 0.0000000000
21010  -41.285  -50.717  -8.230 0.0000000000
21027  -40.835  -50.608  -8.800 0.0000000000
20154  -40.114  -50.787  -9.462 0.0000000000
11161  -50.269  -63.112  -15.269 0.0000000000
9779  -48.947  -65.434  -16.939 0.0000000000
9784  -47.174  -65.172  -19.953 0.0000000000
8562  -46.483  -67.996  -19.057 0.0000000000
137728  -39.414  -59.288  -16.570 0.0000000000
13279  -39.651  -60.256  -18.064 0.0000000000
146763  -40.166  -60.621  -19.432 0.0000000000
14077  -40.781  -59.239  -20.634 0.0000000000
147637  -41.193  -60.734  -20.485 0.0000000000
13311  -43.022  -60.796  -21.467 0.0000000000
12589  -45.090  -61.546  -22.029 0.0000000000
18560  -40.108  -53.312  -10.281 0.0000000000
11817  -49.507  -63.060  -12.880 0.0000000000
11818  -50.715  -62.179  -13.509 0.0000000000
11853  -41.334  -62.793  -18.450 0.0000000000
11181  -41.832  -63.329  -18.191 0.0000000000
11858  -41.638  -63.000  -19.866 0.0000000000
11866  -41.487  -62.280  -20.157 0.0000000000
14739  -46.474  -58.588  -9.893 0.0000000000
13988  -46.914  -59.610  -11.199 0.0000000000
14757  -45.753  -58.876  -10.633 0.0000000000
14780  -41.756  -58.502  -13.743 0.0000000000
14027  -42.243  -58.957  -14.238 0.0000000000
14792  -41.413  -58.695  -14.146 0.0000000000
14039  -42.093  -59.487  -14.732 0.0000000000
14791  -40.704  -58.623  -14.435 0.0000000000
148019  -51.166  -58.190  -5.656 0.0000000000
15498  -51.018  -57.402  -6.078 0.0000000000
15503  -51.298  -57.177  -6.785 0.0000000000
16234  -50.802  -56.720  -6.533 0.0000000000
19296  -44.244  -52.634  -8.126 0.0000000000
18520  -44.604  -53.248  -8.491 0.0000000000
19295  -43.446  -52.422  -8.377 0.0000000000
23750  -38.100  -47.258  -5.635 0.0000000000
22812  -37.725  -47.822  -5.072 0.0000000000
158703  -37.640  -48.612  -5.347 0.0000000000
21917  -38.771  -49.725  -6.288 0.0000000000
159694  -39.804  -47.464  -8.670 0.0000000000
148698  -40.338  -47.896  -9.653 0.0000000000
23789  -40.423  -47.255  -9.592 0.0000000000
155268  -48.203  -61.463  -16.219 0.0000000000
11847  -48.056  -62.354  -16.668 0.0000000000
11176  -47.341  -63.216  -17.070 0.0000000000
15649  -42.554  -57.190  -21.621 0.0000000000
14869  -44.625  -58.321  -22.420 0.0000000000
15659  -45.078  -57.618  -22.618 0.0000000000
15554  -43.571  -57.637  -10.506 0.0000000000
16287  -42.410  -56.642  -10.339 0.0000000000
159478  -40.455  -56.079  -11.417 0.0000000000
16295  -40.889  -56.560  -11.525 0.0000000000
154083  -41.158  -57.161  -11.984 0.0000000000
15576  -41.131  -57.489  -12.570 0.0000000000
16306  -40.603  -56.926  -12.275 0.0000000000
18503  -45.205  -52.778  -6.794 0.0000000000
19280  -43.021  -52.183  -6.289 0.0000000000
24656  -39.004  -46.100  -4.897 0.0000000000
24671  -39.009  -45.911  -5.879 0.0000000000
25570  -39.497  -45.497  -6.621 0.0000000000
25595  -40.349  -45.344  -8.588 0.0000000000
9064  -47.746  -66.447  -15.083 0.0000000000
11844  -44.580  -62.688  -16.545 0.0000000000
10487  -45.505  -63.774  -17.472 0.0000000000
11184  -43.993  -63.719  -17.377 0.0000000000
10499  -42.704  -64.483  -18.991 0.0000000000
10500  -43.718  -64.599  -18.581 0.0000000000
156533  -43.556  -64.931  -19.170 0.0000000000
135384  -42.770  -65.284  -20.191 0.0000000000
11879  -43.301  -62.748  -21.506 0.0000000000
11203  -42.765  -63.339  -21.546 0.0000000000
11204  -43.777  -63.122  -21.838 0.0000000000
11220  -44.322  -63.464  -22.244 0.0000000000
11205  -44.591  -63.037  -21.953 0.0000000000
13212  -50.023  -60.032  -11.176 0.0000000000
13225  -50.434  -60.477  -12.078 0.0000000000
13261  -48.031  -60.432  -14.871 0.0000000000
13251  -47.379  -60.199  -14.450 0.0000000000
14765  -43.800  -58.528  -11.983 0.0000000000
14006  -45.321  -59.175  -12.279 0.0000000000
14775  -44.450  -58.856  -12.654 0.0000000000
133462  -45.332  -59.254  -14.295 0.0000000000
13258  -45.446  -59.549  -14.856 0.0000000000
13268  -45.702  -59.964  -15.231 0.0000000000
13267  -44.966  -60.154  -15.403 0.0000000000
12528  -44.591  -61.029  -15.714 0.0000000000
13274  -41.475  -60.931  -15.867 0.0000000000
138796  -42.152  -61.520  -15.985 0.0000000000
12536  -41.306  -61.617  -16.548 0.0000000000
12541  -41.288  -62.176  -17.155 0.0000000000
15521  -50.565  -57.356  -8.426 0.0000000000
15542  -49.630  -57.836  -9.058 0.0000000000
14741  -48.661  -58.159  -9.433 0.0000000000
15519  -48.474  -56.837  -8.659 0.0000000000
17730  -48.351  -54.876  -6.791 0.0000000000
16970  -48.916  -55.282  -7.142 0.0000000000
16969  -48.113  -54.974  -7.453 0.0000000000
16980  -45.940  -55.033  -8.567 0.0000000000
16981  -46.821  -55.169  -8.297 0.0000000000
16249  -46.177  -55.936  -8.682 0.0000000000
16276  -46.488  -56.847  -8.922 0.0000000000
16248  -45.280  -55.784  -8.926 0.0000000000
16274  -44.636  -56.498  -9.324 0.0000000000
17004  -44.411  -55.611  -9.138 0.0000000000
18540  -42.382  -53.403  -9.388 0.0000000000
17758  -42.549  -54.293  -9.509 0.0000000000
18539  -41.574  -53.103  -9.641 0.0000000000
20120  -40.147  -51.841  -5.751 0.0000000000
20988  -40.555  -50.646  -6.718 0.0000000000
141687  -41.221  -50.744  -7.099 0.0000000000
22845  -38.808  -47.873  -7.081 0.0000000000
22854  -39.298  -47.923  -7.770 0.0000000000
21950  -40.032  -49.156  -8.335 0.0000000000
21934  -39.744  -48.695  -7.968 0.0000000000
20998  -41.310  -50.659  -7.683 0.0000000000
20140  -41.592  -51.200  -8.531 0.0000000000
13255  -50.952  -60.966  -14.285 0.0000000000
11832  -50.890  -62.176  -15.078 0.0000000000
138608  -50.556  -62.480  -16.038 0.0000000000
9782  -49.115  -64.877  -18.110 0.0000000000
10490  -49.274  -64.498  -17.238 0.0000000000
9778  -48.768  -65.875  -17.766 0.0000000000
9102  -48.234  -66.716  -17.198 0.0000000000
8555  -47.679  -67.252  -17.842 0.0000000000
10494  -46.098  -64.214  -18.547 0.0000000000
10495  -47.336  -64.000  -18.849 0.0000000000
10503  -46.766  -64.464  -19.609 0.0000000000
148916  -44.738  -67.531  -19.699 0.0000000000
8571  -46.295  -67.503  -19.776 0.0000000000
14808  -39.471  -58.736  -15.730 0.0000000000
14819  -38.876  -58.262  -16.423 0.0000000000
148987  -39.439  -59.636  -18.432 0.0000000000
13289  -39.702  -60.135  -18.909 0.0000000000
13296  -39.946  -59.914  -19.584 0.0000000000
155433  -41.809  -58.827  -21.317 0.0000000000
14844  -41.045  -58.576  -20.890 0.0000000000
14078  -41.417  -59.052  -21.097 0.0000000000
13309  -41.454  -59.926  -20.907 0.0000000000
12564  -42.008  -60.956  -20.964 0.0000000000
13310  -42.409  -60.021  -21.395 0.0000000000
143552  -45.271  -59.931  -22.410 0.0000000000
13320  -44.786  -60.656  -22.120 0.0000000000
13321  -45.819  -60.835  -22.416 0.0000000000
17775  -41.091  -54.595  -10.160 0.0000000000
17016  -41.287  -55.490  -10.364 0.0000000000
17015  -40.503  -55.109  -10.651 0.0000000000
17014  -39.771  -54.693  -10.941 0.0000000000
17027  -40.016  -55.560  -11.330 0.0000000000
26391  -40.203  -44.963  -6.366 0.0000000000
26407  -40.808  -44.555  -6.864 0.0000000000
138396  -49.560  -63.577  -14.461 0.0000000000
11172  -42.799  -62.984  -16.874 0.0000000000
11183  -43.273  -63.692  -17.422 0.0000000000
11182  -42.452  -63.537  -17.720 0.0000000000
11186  -42.208  -63.855  -18.503 0.0000000000
11191  -41.972  -64.085  -20.056 0.0000000000
11193  -41.931  -63.234  -20.422 0.0000000000
11868  -42.525  -62.893  -21.119 0.0000000000
11878  -42.888  -62.400  -21.228 0.0000000000
154197  -48.378  -59.478  -10.541 0.0000000000
13989  -47.833  -59.729  -11.085 0.0000000000
14008  -47.385  -59.901  -11.742 0.0000000000
14007  -46.618  -59.745  -12.202 0.0000000000
14773  -42.867  -58.476  -13.068 0.0000000000
14783  -44.258  -58.874  -13.537 0.0000000000
14782  -43.468  -58.781  -13.651 0.0000000000
14793  -43.252  -58.987  -14.202 0.0000000000
14040  -43.532  -59.713  -14.995 0.0000000000
13266  -43.911  -60.432  -15.399 0.0000000000
159650  -42.721  -59.774  -14.933 0.0000000000
13265  -41.937  -60.194  -15.244 0.0000000000
13264  -40.899  -60.274  -15.667 0.0000000000
15507  -50.787  -56.796  -7.608 0.0000000000
16253  -49.996  -56.408  -7.939 0.0000000000
18511  -45.824  -52.998  -7.401 0.0000000000
17744  -47.346  -54.628  -7.815 0.0000000000
18521  -45.426  -53.428  -8.214 0.0000000000
17742  -45.728  -54.165  -8.483 0.0000000000
17741  -44.885  -53.992  -8.752 0.0000000000
17760  -44.234  -54.696  -9.077 0.0000000000
17740  -44.040  -53.824  -8.962 0.0000000000
19311  -42.978  -52.833  -8.943 0.0000000000
19310  -42.184  -52.560  -9.187 0.0000000000
20979  -38.208  -50.088  -5.616 0.0000000000
20980  -39.069  -50.619  -5.948 0.0000000000
20987  -39.643  -50.247  -6.547 0.0000000000
21927  -39.391  -49.399  -6.887 0.0000000000
23783  -39.508  -47.180  -8.227 0.0000000000
21949  -39.875  -48.501  -8.720 0.0000000000
143063  -39.907  -49.132  -8.952 0.0000000000
22877  -40.039  -48.419  -9.408 0.0000000000
22886  -40.373  -48.326  -10.033 0.0000000000
135978  -49.647  -61.250  -16.304 0.0000000000
11840  -50.010  -62.229  -16.756 0.0000000000
11848  -49.184  -62.691  -17.074 0.0000000000
10497  -49.048  -63.883  -18.070 0.0000000000
9790  -46.161  -65.313  -20.144 0.0000000000
17858  -42.087  -54.939  -21.277 0.0000000000
16364  -41.610  -56.197  -21.110 0.0000000000
142730  -41.048  -56.797  -20.813 0.0000000000
16371  -41.797  -57.004  -21.230 0.0000000000
137900  -42.632  -57.901  -21.706 0.0000000000
14857  -43.057  -58.431  -21.874 0.0000000000
142959  -43.318  -59.915  -21.778 0.0000000000
14104  -44.946  -59.094  -22.408 0.0000000000
14105  -45.821  -59.274  -22.602 0.0000000000
134708  -44.410  -57.829  -10.237 0.0000000000
145953  -44.933  -58.481  -10.656 0.0000000000
14756  -44.053  -58.248  -11.051 0.0000000000
158568  -42.685  -58.058  -11.922 0.0000000000
16297  -42.091  -57.069  -10.943 0.0000000000
15566  -42.296  -57.657  -11.562 0.0000000000
15577  -42.317  -58.074  -12.423 0.0000000000
134450  -41.671  -57.904  -12.729 0.0000000000
15586  -41.207  -57.942  -13.267 0.0000000000
151787  -40.419  -57.684  -13.647 0.0000000000
148031  -50.375  -56.425  -6.095 0.0000000000
17723  -47.809  -54.489  -6.359 0.0000000000
18494  -46.219  -53.445  -5.923 0.0000000000
18512  -46.634  -53.363  -6.804 0.0000000000
19282  -44.477  -52.497  -7.259 0.0000000000
19288  -43.739  -52.221  -7.662 0.0000000000
22844  -38.358  -47.643  -6.394 0.0000000000
23766  -38.514  -46.766  -6.196 0.0000000000
25583  -40.025  -45.050  -7.309 0.0000000000
25582  -39.467  -45.742  -7.345 0.0000000000
24694  -39.371  -46.400  -7.747 0.0000000000
24700  -39.733  -46.440  -8.378 0.0000000000
24701  -40.161  -46.029  -8.815 0.0000000000
24706  -40.536  -46.405  -9.471 0.0000000000
11175  -46.191  -63.232  -16.871 0.0000000000
10502  -45.290  -64.543  -18.948 0.0000000000
10507  -45.341  -64.955  -19.693 0.0000000000
9792  -43.966  -65.796  -19.936 0.0000000000
158871  -42.443  -63.940  -21.769 0.0000000000
10524  -42.795  -64.079  -22.581 0.0000000000
10525  -43.851  -63.911  -22.695 0.0000000000
11233  -44.778  -63.784  -22.846 0.0000000000
12503  -51.164  -61.513  -13.081 0.0000000000
13226  -50.981  -60.832  -12.266 0.0000000000
13242  -50.643  -60.672  -12.915 0.0000000000
13254  -50.329  -60.605  -13.797 0.0000000000
140662  -49.188  -60.409  -13.673 0.0000000000
13253  -49.484  -60.498  -14.386 0.0000000000
12532  -49.159  -60.827  -15.758 0.0000000000
13270  -48.165  -60.662  -15.358 0.0000000000
12531  -47.754  -60.951  -15.699 0.0000000000
14767  -45.273  -59.003  -11.303 0.0000000000
157813  -45.963  -59.454  -12.268 0.0000000000
14022  -45.824  -59.399  -13.944 0.0000000000
13259  -46.370  -59.979  -14.932 0.0000000000
155871  -46.356  -60.305  -15.280 0.0000000000
11837  -46.224  -61.630  -15.988 0.0000000000
11836  -45.135  -61.742  -16.060 0.0000000000
11843  -43.629  -62.603  -16.498 0.0000000000
12537  -42.997  -61.091  -15.653 0.0000000000
12538  -43.028  -62.017  -16.144 0.0000000000
11850  -40.974  -62.264  -17.898 0.0000000000
11852  -40.849  -62.132  -18.815 0.0000000000
13992  -51.280  -59.729  -10.301 0.0000000000
13991  -50.645  -59.621  -10.479 0.0000000000
149649  -50.327  -59.087  -9.902 0.0000000000
14742  -50.685  -58.374  -9.255 0.0000000000
13970  -48.484  -58.955  -9.959 0.0000000000
14740  -47.630  -58.440  -9.593 0.0000000000
15539  -45.814  -57.713  -9.452 0.0000000000
16971  -49.702  -55.569  -6.862 0.0000000000
16237  -49.471  -55.716  -7.501 0.0000000000
16252  -49.039  -56.165  -8.141 0.0000000000
16982  -47.704  -55.326  -8.031 0.0000000000
16251  -48.092  -56.054  -8.331 0.0000000000
15518  -47.500  -56.853  -8.771 0.0000000000
15538  -44.903  -57.327  -9.629 0.0000000000
16273  -43.772  -56.307  -9.524 0.0000000000
16272  -42.929  -56.087  -9.764 0.0000000000
17759  -43.384  -54.514  -9.283 0.0000000000
17002  -42.719  -55.198  -9.614 0.0000000000
17001  -41.891  -54.930  -9.872 0.0000000000
18561  -40.927  -53.678  -10.034 0.0000000000
138340  -40.604  -51.345  -6.211 0.0000000000
20121  -42.024  -51.845  -6.230 0.0000000000
20128  -42.534  -51.708  -6.855 0.0000000000
20135  -43.139  -51.936  -7.193 0.0000000000
20134  -42.474  -51.582  -7.576 0.0000000000
146779  -39.807  -49.207  -7.394 0.0000000000
20997  -40.771  -50.178  -7.435 0.0000000000
20133  -41.846  -51.164  -7.908 0.0000000000
20141  -42.275  -51.640  -8.253 0.0000000000
20156  -41.918  -51.819  -8.884 0.0000000000
20155  -41.110  -51.369  -9.144 0.0000000000
19308  -40.467  -51.841  -9.620 0.0000000000
20166  -39.639  -51.445  -9.984 0.0000000000
11160  -49.617  -63.848  -15.322 0.0000000000
11170  -50.119  -63.211  -16.218 0.0000000000
11169  -49.600  -64.059  -16.414 0.0000000000
9770  -48.379  -65.890  -15.741 0.0000000000
9084  -47.999  -66.788  -15.961 0.0000000000
10489  -47.927  -63.743  -17.999 0.0000000000
10496  -48.563  -64.144  -18.917 0.0000000000
9785  -47.892  -65.764  -19.559 0.0000000000
9115  -46.261  -66.611  -20.132 0.0000000000
9111  -47.066  -66.186  -20.002 0.0000000000
8563  -47.571  -66.880  -19.080 0.0000000000
17784  -38.907  -54.031  -11.338 0.0000000000
16305  -39.862  -56.572  -12.756 0.0000000000
15585  -39.937  -57.142  -13.396 0.0000000000
15599  -39.726  -57.369  -14.016 0.0000000000
15600  -40.199  -58.007  -14.278 0.0000000000
15616  -39.862  -58.481  -14.949 0.0000000000
14037  -39.911  -59.332  -15.686 0.0000000000
14049  -40.071  -60.006  -16.138 0.0000000000
14827  -38.964  -58.688  -17.372 0.0000000000
13273  -39.765  -60.199  -17.091 0.0000000000
13280  -40.138  -60.930  -17.651 0.0000000000
12547  -40.467  -61.574  -18.246 0.0000000000
12554  -40.455  -61.401  -19.152 0.0000000000
15641  -41.164  -57.758  -20.939 0.0000000000
14843  -40.402  -58.375  -20.388 0.0000000000
14072  -40.103  -59.274  -20.009 0.0000000000
13301  -40.543  -60.144  -20.211 0.0000000000
12562  -40.711  -61.083  -19.922 0.0000000000
12563  -41.344  -61.498  -20.352 0.0000000000
151821  -41.960  -61.827  -20.694 0.0000000000
12574  -42.786  -61.748  -21.168 0.0000000000
143993  -43.683  -61.447  -21.581 0.0000000000
148008  -44.373  -61.258  -21.842 0.0000000000
12576  -44.367  -61.960  -21.692 0.0000000000
11881  -45.115  -62.496  -22.004 0.0000000000
9109  -48.245  -66.379  -18.458 0.0000000000
9114  -45.497  -66.184  -20.183 0.0000000000
9118  -43.133  -65.958  -20.238 0.0000000000
9771  -49.056  -65.033  -16.139 0.0000000000
10493  -44.598  -63.981  -17.691 0.0000000000
10504  -47.865  -64.622  -19.641 0.0000000000
11174  -44.601  -63.461  -17.094 0.0000000000
11178  -49.463  -63.583  -17.401 0.0000000000
11189  -41.603  -63.318  -18.939 0.0000000000
11833  -51.201  -61.511  -14.452 0.0000000000
11835  -44.100  -61.894  -16.144 0.0000000000
11838  -47.309  -61.580  -16.067 0.0000000000
11839  -49.007  -61.750  -16.617 0.0000000000
11880  -44.161  -62.623  -21.694 0.0000000000
12492  -51.251  -61.269  -12.388 0.0000000000
12525  -50.973  -61.082  -15.261 0.0000000000
12530  -46.772  -60.845  -15.606 0.0000000000
12533  -50.626  -61.547  -16.136 0.0000000000
12555  -40.933  -61.893  -19.673 0.0000000000
13213  -51.591  -60.057  -10.324 0.0000000000
13243  -51.045  -60.978  -13.270 0.0000000000
13260  -47.248  -60.309  -14.908 0.0000000000
13262  -50.242  -60.709  -14.827 0.0000000000
13271  -49.096  -60.564  -15.103 0.0000000000
13275  -42.289  -60.826  -15.568 0.0000000000
13290  -40.028  -60.857  -18.593 0.0000000000
14030  -46.675  -59.990  -14.597 0.0000000000
14091  -42.766  -59.211  -21.667 0.0000000000
14758  -46.474  -59.192  -10.653 0.0000000000
14774  -43.646  -58.651  -12.898 0.0000000000
14781  -42.626  -58.690  -13.708 0.0000000000
14809  -40.463  -59.143  -15.023 0.0000000000
14810  -41.355  -59.110  -14.544 0.0000000000
14855  -41.602  -58.427  -21.216 0.0000000000
14856  -42.260  -58.550  -21.522 0.0000000000
14868  -43.827  -58.311  -22.195 0.0000000000
15487  -50.712  -57.973  -5.304 0.0000000000
15508  -51.291  -57.110  -7.293 0.0000000000
15522  -51.409  -57.393  -7.880 0.0000000000
15537  -44.060  -57.111  -9.838 0.0000000000
15541  -47.983  -57.603  -9.096 0.0000000000
15555  -45.101  -57.975  -9.969 0.0000000000
15567  -43.137  -58.046  -11.409 0.0000000000
15658  -44.227  -57.574  -22.378 0.0000000000
16233  -50.352  -56.083  -6.649 0.0000000000
16239  -50.882  -56.595  -6.992 0.0000000000
16286  -41.554  -56.401  -10.758 0.0000000000
16296  -41.588  -57.101  -11.465 0.0000000000
16960  -49.727  -55.714  -6.254 0.0000000000
17722  -47.326  -53.937  -6.702 0.0000000000
17727  -46.265  -53.616  -7.870 0.0000000000
17728  -47.049  -53.934  -7.516 0.0000000000
135774  -48.525  -66.180  -16.676 0.0000000000
138395  -44.723  -59.012  -14.073 0.0000000000
140323  -46.888  -67.271  -19.563 0.0000000000
144465  -45.288  -63.176  -16.822 0.0000000000
144802  -49.035  -64.659  -15.243 0.0000000000
149532  -39.320  -54.378  -11.131 0.0000000000
150224  -40.482  -59.697  -15.493 0.0000000000
154599  -48.827  -57.471  -8.992 0.0000000000
158934  -44.235  -58.910  -22.276 0.0000000000
159072  -45.203  -59.723  -15.171 0.0000000000
159174  -42.031  -55.650  -21.316 0.0000000000
159687  -39.897  -58.937  -15.326 0.0000000000
