#!ascii label  , from subject ICBM2009cNolinAsym vox2ras=TkReg
1067
56386  -25.968  -13.161  -36.401 0.4285714328
58630  -26.411  -11.727  -38.313 0.2857142985
57542  -26.302  -12.221  -37.675 0.4285714328
58631  -27.156  -11.580  -37.618 0.4285714328
58632  -28.098  -11.197  -37.247 0.4285714328
58659  -26.813  -10.926  -39.174 0.2857142985
59739  -27.461  -10.553  -38.777 0.4285714328
59740  -28.181  -10.193  -38.386 0.4285714328
60931  -27.605  -9.761  -40.043 0.4285714328
60955  -27.509  -9.160  -41.576 0.4285714328
141328  -28.222  -8.597  -41.549 0.4285714328
63370  -27.626  -7.955  -43.151 0.5714285970
62212  -28.001  -8.158  -42.773 0.5714285970
134421  -28.662  -7.796  -42.539 0.4285714328
63357  -29.310  -7.380  -42.042 0.2857142985
139261  -28.330  -7.498  -43.282 0.7142857313
152398  -29.014  -6.896  -43.367 0.7142857313
65501  -29.560  -5.686  -43.784 0.7142857313
157878  -30.489  -5.130  -43.445 0.4285714328
64462  -29.317  -6.288  -43.597 0.7142857313
66447  -30.332  -4.356  -43.842 0.5714285970
65513  -29.238  -5.199  -44.102 0.5714285970
138427  -29.664  -4.427  -44.178 0.5714285970
67407  -29.271  -3.715  -44.665 0.5714285970
67408  -30.217  -3.587  -44.123 0.5714285970
66446  -28.790  -4.542  -44.578 0.5714285970
67409  -31.125  -3.180  -43.827 0.4285714328
68405  -30.126  -1.944  -44.888 0.5714285970
70494  -30.849  -1.158  -44.701 0.5714285970
68403  -28.590  -2.850  -45.799 0.7142857313
70507  -30.150  -1.176  -45.305 0.7142857313
70508  -30.485  -0.485  -45.366 0.7142857313
70509  -31.239  -0.278  -44.844 0.5714285970
68404  -29.270  -2.374  -45.363 0.5714285970
67430  -28.022  -3.225  -46.193 0.5714285970
70517  -29.757  -0.779  -45.928 0.8571428657
71544  -30.850  0.325  -45.444 0.7142857313
71545  -31.568  0.492  -44.935 0.5714285970
69465  -29.062  -1.254  -46.457 0.7142857313
69464  -28.412  -1.788  -46.924 0.5714285970
72661  -31.417  1.652  -45.643 0.7142857313
71546  -31.877  1.225  -45.043 0.5714285970
70518  -30.069  0.081  -46.014 0.7142857313
157021  -31.231  0.979  -45.415 0.7142857313
73833  -31.649  2.446  -45.811 0.5714285970
72662  -32.300  2.006  -45.272 0.5714285970
71555  -29.701  0.522  -46.636 0.5714285970
72676  -30.947  2.051  -46.262 0.7142857313
74974  -31.839  3.221  -45.928 0.7142857313
149185  -32.303  2.788  -45.544 0.7142857313
72687  -29.742  2.032  -47.229 0.7142857313
73846  -30.440  2.507  -46.771 0.7142857313
73847  -31.152  2.879  -46.337 0.7142857313
76101  -32.526  4.344  -45.948 0.7142857313
71575  -28.572  0.792  -48.129 0.5714285970
77174  -33.034  4.948  -45.773 0.5714285970
77188  -33.757  5.581  -45.850 0.5714285970
73859  -29.908  2.891  -47.392 0.8571428657
77187  -32.764  5.606  -46.111 0.7142857313
77186  -31.966  5.417  -46.522 0.7142857313
75003  -30.884  4.180  -46.932 0.8571428657
77202  -31.084  5.155  -47.038 0.7142857313
79428  -31.735  7.604  -47.062 0.8571428657
79414  -32.704  7.239  -46.551 0.5714285970
78242  -31.532  6.055  -46.932 0.8571428657
77201  -30.817  5.970  -47.505 0.8571428657
76110  -30.373  4.608  -47.531 0.8571428657
134605  -31.219  8.175  -47.595 0.8571428657
80555  -31.548  9.000  -47.640 0.8571428657
139742  -31.211  10.194  -48.233 0.8571428657
78258  -31.189  6.781  -47.270 0.8571428657
80554  -30.846  8.639  -47.991 0.8571428657
80574  -29.862  8.903  -49.097 1.0000000000
81751  -30.857  9.361  -48.210 1.0000000000
79427  -30.973  7.454  -47.584 0.8571428657
81750  -30.475  9.941  -48.674 1.0000000000
80566  -29.857  8.123  -48.906 1.0000000000
82897  -30.068  10.421  -49.195 1.0000000000
82903  -28.777  10.532  -50.781 0.7142857313
82896  -29.523  10.044  -49.736 1.0000000000
83991  -29.641  10.852  -49.799 1.0000000000
85962  -28.924  13.868  -52.196 1.0000000000
85961  -28.341  13.203  -52.226 0.8571428657
86983  -28.740  14.620  -52.758 0.8571428657
88892  -28.616  16.867  -54.447 0.8571428657
87966  -28.741  16.354  -54.030 0.8571428657
135230  -28.558  15.934  -53.760 1.0000000000
89826  -27.762  18.000  -55.811 0.8571428657
89820  -28.108  17.672  -55.399 0.8571428657
88902  -27.524  17.817  -55.394 0.7142857313
88891  -27.134  17.131  -54.209 0.5714285970
90891  -26.980  18.308  -55.598 0.7142857313
155555  -26.903  18.906  -56.295 0.5714285970
91990  -26.428  18.860  -53.361 0.5714285970
89799  -26.649  17.547  -53.800 0.5714285970
154198  -26.568  19.917  -54.391 0.4285714328
93045  -26.460  19.676  -51.785 0.2857142985
93046  -26.885  20.275  -52.271 0.2857142985
91984  -26.565  19.760  -52.590 0.2857142985
93042  -26.949  20.053  -51.348 0.2857142985
68391  -29.697  -2.860  -44.679 0.5714285970
78244  -33.261  6.406  -46.206 0.5714285970
76100  -31.762  4.506  -46.463 0.7142857313
140327  -32.408  4.956  -46.178 0.7142857313
79413  -31.849  6.808  -46.765 0.8571428657
79429  -32.608  8.194  -46.916 0.8571428657
143791  -31.905  8.397  -47.286 0.8571428657
81737  -31.542  9.714  -47.851 0.8571428657
132864  -29.201  11.901  -50.793 0.8571428657
94064  -28.340  21.205  -50.828 0.1428571492
58645  -25.884  -11.766  -38.953 0.2857142985
59751  -26.573  -10.762  -39.905 0.2857142985
59753  -27.873  -9.916  -39.177 0.4285714328
62177  -28.740  -8.752  -39.961 0.4285714328
59773  -26.696  -10.137  -40.987 0.2857142985
134063  -27.719  -8.645  -42.251 0.4285714328
59752  -27.224  -10.378  -39.584 0.4285714328
62190  -28.908  -8.267  -40.696 0.4285714328
60964  -27.036  -9.055  -42.261 0.5714285970
141303  -29.642  -6.516  -43.070 0.4285714328
63384  -27.899  -7.122  -43.716 0.2857142985
63385  -28.496  -6.697  -43.750 0.7142857313
64475  -28.900  -5.964  -44.032 0.7142857313
151629  -30.063  -5.064  -43.772 0.4285714328
66458  -27.946  -4.763  -44.969 0.5714285970
68394  -32.084  -2.027  -43.729 0.4285714328
158473  -28.323  -3.795  -45.390 0.7142857313
68392  -30.558  -2.637  -44.266 0.7142857313
150944  -30.864  -1.929  -44.353 0.5714285970
69440  -31.506  -1.616  -44.141 0.4285714328
68416  -28.194  -2.559  -46.572 0.5714285970
68417  -28.812  -2.046  -46.120 0.5714285970
73834  -33.131  2.647  -45.217 0.5714285970
69479  -28.594  -1.020  -47.248 0.5714285970
73821  -33.069  1.887  -44.894 0.5714285970
72675  -30.275  1.792  -46.656 0.7142857313
151471  -30.528  1.090  -46.127 0.7142857313
74975  -32.678  3.539  -45.621 0.5714285970
71565  -29.030  0.463  -47.425 0.8571428657
74989  -30.652  3.324  -46.871 0.7142857313
77214  -30.156  5.785  -48.095 1.0000000000
82886  -30.761  10.751  -48.668 1.0000000000
79451  -29.345  7.565  -49.418 1.0000000000
84007  -28.200  11.522  -51.736 0.7142857313
85015  -28.699  12.123  -51.465 1.0000000000
85004  -29.669  12.429  -50.525 1.0000000000
85025  -28.771  12.974  -51.769 0.7142857313
85016  -29.275  12.703  -51.105 1.0000000000
85024  -28.142  12.367  -52.088 0.7142857313
86972  -29.346  14.653  -52.409 0.8571428657
87965  -28.241  16.377  -54.155 0.8571428657
87958  -28.653  15.366  -53.302 1.0000000000
87948  -29.412  15.388  -52.856 1.0000000000
92000  -26.536  19.182  -54.252 0.7142857313
90869  -26.556  18.345  -54.055 0.7142857313
136528  -26.701  18.719  -54.998 0.7142857313
91983  -26.120  18.659  -52.521 0.4285714328
93049  -26.825  20.395  -53.130 0.2857142985
93051  -26.683  20.509  -54.017 0.4285714328
147346  -26.605  19.246  -55.956 0.4285714328
93062  -26.516  20.590  -55.035 0.4285714328
94072  -27.226  20.968  -52.760 0.2857142985
65511  -27.612  -5.541  -44.618 0.4285714328
144205  -26.561  19.706  -53.502 0.4285714328
57524  -26.141  -12.701  -37.027 0.4285714328
57543  -26.908  -12.228  -37.002 0.4285714328
57562  -25.715  -12.255  -38.357 0.2857142985
57541  -25.447  -12.794  -37.707 0.2857142985
58646  -27.003  -11.164  -38.445 0.4285714328
58658  -26.193  -11.306  -39.484 0.2857142985
140523  -26.715  -9.674  -41.609 0.2857142985
60942  -27.277  -9.722  -40.907 0.4285714328
60943  -28.089  -9.095  -40.634 0.4285714328
62211  -27.313  -8.455  -42.783 0.4285714328
63383  -27.515  -7.519  -43.503 0.2857142985
64474  -28.108  -6.122  -44.174 0.5714285970
65512  -28.428  -5.376  -44.404 0.5714285970
67420  -28.985  -3.090  -45.128 0.5714285970
68393  -31.354  -2.377  -43.962 0.4285714328
69453  -29.522  -1.578  -45.673 0.7142857313
70495  -31.744  -0.869  -44.335 0.5714285970
136915  -29.259  -0.329  -46.752 0.5714285970
70528  -28.634  -0.338  -47.526 0.7142857313
72674  -29.717  1.224  -46.947 0.8571428657
74990  -31.396  3.665  -46.444 0.7142857313
72686  -29.109  1.379  -47.712 0.8571428657
78243  -32.326  6.261  -46.468 0.8571428657
78268  -30.439  6.768  -48.000 0.8571428657
76121  -29.960  4.998  -48.109 0.8571428657
79440  -30.504  7.871  -48.204 1.0000000000
140486  -28.957  9.712  -50.365 1.0000000000
84008  -28.713  11.313  -51.125 0.8571428657
88899  -28.097  17.127  -54.842 0.8571428657
88898  -27.788  17.332  -54.963 0.8571428657
142737  -27.243  17.689  -54.956 0.7142857313
89812  -26.844  17.889  -54.685 0.5714285970
159066  -26.402  19.245  -52.794 0.4285714328
92013  -26.550  19.608  -55.132 0.4285714328
93036  -26.570  19.690  -50.548 0.2857142985
153991  -26.186  19.198  -52.084 0.2857142985
136316  -27.209  20.095  -50.531 0.2857142985
93038  -27.820  20.536  -50.303 0.1428571492
59763  -26.347  -10.552  -40.588 0.2857142985
64473  -27.393  -6.265  -44.277 0.2857142985
95001  -26.402  22.915  -56.589 0.2857142985
95941  -26.801  23.683  -55.499 0.1428571492
94993  -26.532  22.136  -55.512 0.2857142985
140885  -26.868  22.865  -55.145 0.1428571492
96824  -27.080  24.444  -55.175 0.1428571492
94076  -27.028  21.143  -53.597 0.1428571492
154238  -26.533  21.470  -55.154 0.2857142985
94981  -27.207  21.956  -54.004 0.1428571492
94113  -26.350  21.880  -57.480 0.2857142985
94101  -26.311  22.044  -56.786 0.2857142985
93094  -28.410  21.012  -58.269 0.2857142985
92043  -26.904  20.784  -57.905 0.2857142985
95932  -27.205  23.619  -54.823 0.1428571492
90907  -27.561  19.542  -56.896 0.2857142985
93078  -26.412  21.064  -57.365 0.2857142985
94087  -26.354  21.278  -56.046 0.2857142985
92023  -30.448  20.132  -56.117 0.1428571492
92031  -27.220  20.158  -57.356 0.2857142985
92042  -26.621  20.675  -57.468 0.2857142985
94986  -27.254  22.803  -54.403 0.1428571492
92029  -26.482  20.258  -56.972 0.2857142985
93061  -26.327  20.605  -56.648 0.2857142985
92026  -33.095  19.469  -56.758 0.1428571492
92024  -31.481  20.118  -56.181 0.1428571492
93079  -28.705  20.251  -57.089 0.4285714328
90871  -31.453  18.493  -53.784 0.2857142985
90893  -28.973  18.682  -55.533 0.4285714328
90899  -27.488  18.885  -56.482 0.2857142985
89816  -33.493  18.112  -53.829 0.1428571492
92001  -30.954  19.370  -54.917 0.2857142985
90900  -27.975  18.984  -56.486 0.4285714328
90882  -29.448  18.382  -54.867 0.5714285970
90892  -28.194  18.294  -55.911 0.7142857313
89788  -32.685  17.154  -52.409 0.1428571492
89803  -32.289  17.696  -52.927 0.1428571492
89821  -28.664  17.961  -55.200 0.7142857313
89825  -27.338  18.478  -56.130 0.4285714328
89801  -30.683  17.895  -53.585 0.4285714328
88858  -33.604  16.096  -51.634 0.2857142985
88857  -32.700  16.452  -51.791 0.7142857313
89814  -29.167  17.513  -54.518 0.7142857313
88870  -30.566  16.688  -52.879 0.8571428657
89800  -29.855  17.375  -53.816 0.5714285970
87917  -34.008  14.847  -50.613 0.2857142985
87936  -34.125  15.365  -51.163 0.2857142985
146409  -30.383  17.198  -53.358 0.7142857313
87964  -27.855  16.034  -53.856 0.5714285970
87959  -29.174  16.051  -53.547 0.8571428657
86946  -34.224  14.325  -50.289 0.1428571492
86961  -31.233  15.196  -51.193 0.7142857313
85941  -34.756  13.256  -49.752 0.1428571492
77240  -27.265  5.664  -51.420 0.5714285970
80583  -28.882  8.762  -50.161 0.8571428657
81762  -28.354  9.080  -50.783 0.8571428657
80582  -28.334  8.175  -50.662 0.4285714328
81771  -27.907  9.352  -51.271 0.5714285970
85951  -29.462  13.548  -51.441 0.8571428657
84989  -30.855  12.701  -49.593 0.8571428657
86959  -29.704  14.365  -51.802 0.8571428657
84993  -34.278  12.700  -49.044 0.2857142985
85937  -30.869  13.948  -50.391 0.8571428657
87960  -29.840  16.130  -53.051 0.8571428657
84994  -35.246  12.443  -49.551 0.4285714328
85939  -32.804  14.157  -49.846 0.7142857313
86943  -31.558  14.691  -50.625 0.7142857313
77239  -26.625  5.215  -51.611 0.2857142985
79462  -28.323  7.289  -50.525 0.5714285970
141180  -27.792  6.568  -50.986 0.5714285970
81756  -29.422  9.245  -49.680 0.8571428657
138403  -30.416  12.082  -49.614 0.8571428657
85005  -30.203  12.563  -50.068 0.8571428657
135402  -30.618  13.194  -50.048 0.8571428657
84973  -33.427  12.305  -48.588 0.4285714328
84990  -31.733  12.783  -49.178 0.8571428657
85922  -31.327  13.415  -49.746 0.8571428657
83994  -34.764  12.075  -48.872 0.4285714328
72697  -27.893  1.481  -49.279 0.7142857313
72720  -26.828  1.874  -50.111 0.4285714328
72698  -28.535  1.443  -48.492 0.7142857313
75012  -28.982  3.905  -48.851 0.8571428657
75021  -27.960  3.744  -50.184 0.5714285970
76142  -27.581  4.345  -50.780 0.5714285970
75042  -26.230  3.848  -51.171 0.4285714328
76132  -28.926  4.809  -49.331 0.8571428657
76131  -28.268  4.531  -50.125 0.5714285970
77229  -28.041  5.740  -50.666 0.5714285970
78267  -29.726  6.273  -48.690 0.8571428657
78278  -29.281  6.674  -49.355 0.7142857313
81738  -32.231  9.656  -47.535 0.7142857313
82868  -32.003  10.338  -47.774 0.7142857313
83974  -31.099  11.453  -48.767 0.7142857313
83975  -31.752  11.986  -48.649 0.8571428657
82872  -35.290  10.061  -48.126 0.2857142985
82890  -34.685  10.594  -47.904 0.4285714328
82889  -33.861  10.924  -47.739 0.5714285970
70527  -28.119  -0.783  -47.925 0.4285714328
70553  -27.519  0.049  -48.741 0.4285714328
154766  -26.877  0.754  -49.494 0.4285714328
75002  -30.156  3.766  -47.469 0.7142857313
75001  -29.443  3.328  -48.117 0.7142857313
75013  -29.699  4.225  -48.084 0.7142857313
77213  -29.560  5.388  -48.692 0.8571428657
80557  -33.368  8.809  -47.000 0.7142857313
81741  -35.113  9.344  -47.736 0.2857142985
81740  -34.227  9.338  -47.241 0.5714285970
80556  -32.476  8.961  -47.272 0.5714285970
69478  -27.969  -1.499  -47.627 0.4285714328
69490  -26.756  -1.325  -48.202 0.5714285970
71564  -28.233  0.020  -48.185 0.5714285970
71574  -28.016  0.710  -48.739 0.5714285970
73858  -29.138  2.294  -48.090 0.7142857313
79415  -33.828  7.183  -46.437 0.4285714328
79431  -34.527  7.835  -46.831 0.4285714328
80558  -34.857  8.617  -47.297 0.4285714328
147022  -34.119  8.548  -46.938 0.4285714328
67419  -27.511  -3.741  -46.149 0.5714285970
72649  -32.668  1.328  -44.778 0.4285714328
76102  -34.577  4.836  -45.822 0.4285714328
141875  -35.499  5.127  -46.478 0.4285714328
78245  -34.231  6.418  -46.226 0.4285714328
133428  -29.455  -7.538  -41.131 0.1428571492
74976  -33.791  3.499  -45.369 0.4285714328
76086  -34.660  3.898  -45.628 0.4285714328
76103  -35.380  4.229  -46.098 0.4285714328
64450  -29.791  -6.725  -42.340 0.1428571492
64451  -30.335  -6.119  -42.648 0.1428571492
67391  -31.665  -3.603  -43.472 0.2857142985
70498  -34.433  0.029  -44.460 0.2857142985
72664  -35.943  1.221  -46.011 0.2857142985
72652  -34.758  1.138  -45.075 0.2857142985
70496  -32.694  -0.756  -44.063 0.4285714328
143737  -35.563  1.833  -45.681 0.2857142985
72651  -34.245  1.427  -44.929 0.2857142985
146609  -33.013  0.765  -44.527 0.2857142985
73836  -35.458  2.581  -45.677 0.2857142985
74977  -34.734  3.041  -45.364 0.4285714328
63358  -29.944  -6.902  -41.490 0.1428571492
64439  -30.463  -6.304  -41.839 0.1428571492
65491  -31.380  -5.155  -42.560 0.2857142985
66434  -31.697  -4.549  -42.889 0.2857142985
68380  -33.642  -2.188  -43.287 0.2857142985
69443  -34.552  -0.719  -43.966 0.2857142985
69442  -33.537  -1.121  -43.770 0.2857142985
70497  -33.637  -0.348  -44.137 0.2857142985
64440  -31.169  -5.921  -41.378 0.1428571492
135102  -32.841  -4.064  -42.088 0.2857142985
65481  -31.664  -5.306  -41.795 0.2857142985
67376  -32.715  -3.624  -42.844 0.2857142985
158479  -30.789  -5.564  -42.822 0.2857142985
67392  -32.401  -3.235  -43.275 0.2857142985
59723  -28.524  -10.550  -37.660 0.2857142985
62178  -29.454  -8.345  -39.723 0.1428571492
60932  -28.326  -9.320  -39.628 0.2857142985
63343  -29.769  -7.739  -40.262 0.1428571492
57504  -26.743  -12.729  -36.414 0.2857142985
56366  -26.628  -13.313  -35.706 0.2857142985
56365  -25.766  -13.625  -35.895 0.2857142985
60916  -29.436  -9.327  -38.478 0.2857142985
57505  -27.446  -12.757  -35.951 0.1428571492
55275  -25.991  -14.071  -35.249 0.2857142985
55254  -25.285  -14.507  -35.207 0.1428571492
65480  -30.969  -5.723  -42.187 0.1428571492
66412  -32.066  -4.685  -42.271 0.2857142985
67393  -33.145  -2.877  -43.033 0.2857142985
69441  -32.786  -1.586  -43.703 0.2857142985
71535  -35.095  0.412  -45.044 0.2857142985
71532  -32.328  0.655  -44.637 0.4285714328
73822  -33.808  1.990  -44.977 0.4285714328
73835  -34.786  1.988  -45.218 0.2857142985
73849  -36.167  2.926  -46.754 0.2857142985
72721  -27.451  2.058  -49.902 0.7142857313
74978  -35.390  3.410  -45.816 0.4285714328
77221  -28.520  5.326  -50.012 0.5714285970
79430  -33.530  8.000  -46.694 0.4285714328
145006  -35.347  7.913  -47.378 0.2857142985
80559  -35.648  8.579  -48.004 0.2857142985
82871  -34.701  9.926  -47.651 0.5714285970
83976  -32.621  11.776  -48.299 0.7142857313
86973  -29.972  15.132  -52.138 0.8571428657
88897  -27.551  17.229  -54.707 0.4285714328
87970  -27.865  16.788  -54.452 0.5714285970
83978  -34.587  11.425  -48.341 0.2857142985
87932  -30.788  15.589  -51.814 0.8571428657
88893  -29.234  16.755  -54.017 0.8571428657
87915  -32.829  15.352  -50.867 0.5714285970
92020  -26.675  19.558  -56.643 0.2857142985
89802  -31.568  17.871  -53.205 0.4285714328
90870  -30.724  18.529  -54.073 0.4285714328
95933  -27.679  23.607  -54.122 0.1428571492
93070  -29.462  20.208  -56.596 0.2857142985
57525  -27.379  -12.353  -36.487 0.1428571492
59699  -28.914  -10.935  -37.014 0.1428571492
60933  -29.090  -8.960  -39.216 0.1428571492
60915  -28.631  -9.567  -38.801 0.2857142985
63344  -30.187  -7.145  -40.671 0.1428571492
64429  -31.436  -6.242  -40.575 0.1428571492
65470  -31.927  -5.562  -40.946 0.1428571492
65502  -30.712  -4.664  -43.527 0.2857142985
66435  -32.059  -3.948  -43.139 0.2857142985
68379  -32.781  -2.383  -43.442 0.2857142985
70499  -35.289  -0.332  -44.680 0.2857142985
69491  -27.486  -1.119  -48.156 0.5714285970
144302  -32.164  -1.368  -43.947 0.2857142985
70551  -26.272  0.070  -49.014 0.2857142985
73837  -36.020  2.161  -46.265 0.2857142985
73860  -36.427  2.927  -47.579 0.2857142985
73870  -28.500  2.083  -48.864 0.5714285970
75031  -26.048  3.100  -50.803 0.4285714328
73893  -27.070  2.614  -50.438 0.5714285970
74992  -35.896  3.608  -46.411 0.4285714328
77250  -26.047  5.307  -51.709 0.2857142985
76153  -27.072  4.769  -51.355 0.5714285970
76104  -35.982  4.372  -46.764 0.2857142985
76084  -33.284  4.241  -45.617 0.4285714328
77251  -26.409  5.922  -51.845 0.2857142985
77190  -36.090  5.090  -47.137 0.1428571492
78259  -35.841  6.461  -47.231 0.4285714328
79416  -34.694  7.013  -46.595 0.4285714328
78260  -36.176  6.488  -47.840 0.1428571492
83992  -30.359  11.337  -49.295 0.8571428657
79441  -35.865  7.782  -47.964 0.1428571492
81739  -33.196  9.678  -47.289 0.5714285970
83977  -33.590  11.628  -48.134 0.5714285970
85924  -33.084  13.567  -49.419 0.7142857313
87949  -30.289  15.869  -52.506 0.8571428657
141199  -35.772  12.331  -50.362 0.2857142985
85006  -35.477  13.066  -50.329 0.1428571492
85940  -33.651  13.996  -49.832 0.4285714328
86962  -34.663  14.692  -50.850 0.1428571492
88871  -31.590  17.154  -52.630 0.5714285970
87937  -34.988  15.103  -51.587 0.1428571492
88872  -33.388  16.723  -52.144 0.1428571492
154413  -33.861  17.562  -53.362 0.1428571492
88884  -30.954  17.379  -53.098 0.5714285970
88885  -33.672  17.207  -52.688 0.1428571492
90872  -32.445  18.301  -53.579 0.1428571492
92021  -28.672  19.610  -56.510 0.2857142985
92022  -29.430  19.510  -55.863 0.2857142985
92002  -31.670  19.357  -54.937 0.2857142985
90895  -32.518  19.219  -55.037 0.1428571492
92017  -32.842  19.386  -55.872 0.1428571492
92025  -32.321  19.862  -56.438 0.1428571492
134164  -28.849  20.783  -57.731 0.2857142985
93095  -29.667  20.930  -57.858 0.2857142985
93081  -31.168  20.623  -57.515 0.1428571492
156718  -29.218  -11.244  -36.649 0.1428571492
139681  -30.457  -7.401  -40.001 0.1428571492
70510  -35.733  -0.098  -45.244 0.2857142985
81758  -36.049  9.457  -49.105 0.2857142985
93082  -31.989  20.379  -57.859 0.1428571492
94141  -29.281  21.431  -59.108 0.2857142985
57523  -25.504  -13.155  -37.005 0.2857142985
58610  -27.697  -11.837  -36.834 0.1428571492
58611  -28.630  -11.599  -36.580 0.1428571492
60898  -28.955  -9.906  -38.054 0.1428571492
62201  -28.805  -7.990  -41.718 0.1428571492
64463  -30.169  -5.702  -43.322 0.2857142985
65490  -30.977  -5.036  -43.165 0.2857142985
66448  -30.925  -3.965  -43.675 0.2857142985
71531  -32.065  -0.099  -44.492 0.4285714328
147858  -34.798  5.753  -46.188 0.4285714328
82887  -31.714  11.095  -48.230 0.7142857313
80573  -29.380  8.418  -49.551 0.8571428657
79439  -29.832  7.222  -48.738 0.8571428657
84000  -29.220  11.119  -50.480 0.8571428657
89813  -28.471  17.382  -54.910 0.7142857313
135713  -27.703  18.448  -56.221 0.5714285970
90898  -27.088  19.295  -56.728 0.2857142985
155249  -26.330  20.150  -55.936 0.2857142985
137421  -27.542  -4.320  -45.580 0.5714285970
68378  -31.926  -2.828  -43.599 0.2857142985
138118  -34.056  2.659  -45.135 0.4285714328
78289  -28.794  7.033  -49.923 0.5714285970
85952  -30.174  14.125  -51.069 0.8571428657
92012  -26.433  19.919  -56.483 0.2857142985
94080  -26.743  21.295  -54.425 0.2857142985
76120  -29.427  4.672  -48.607 0.8571428657
152472  -26.400  22.237  -56.163 0.2857142985
95949  -26.512  23.745  -56.207 0.1428571492
145800  -26.593  22.918  -55.855 0.2857142985
94985  -26.828  22.084  -54.769 0.1428571492
154039  -26.299  21.319  -56.881 0.2857142985
92045  -27.935  20.422  -57.636 0.2857142985
93091  -26.604  21.340  -58.156 0.2857142985
92032  -28.096  19.729  -56.932 0.2857142985
93071  -30.242  20.630  -57.119 0.1428571492
93072  -31.035  20.440  -56.744 0.1428571492
92030  -26.809  20.092  -57.132 0.2857142985
92033  -32.559  19.948  -57.312 0.1428571492
92015  -31.160  19.734  -55.489 0.1428571492
93080  -29.384  20.592  -57.256 0.1428571492
136380  -32.075  18.926  -54.307 0.1428571492
90894  -29.698  19.026  -55.226 0.4285714328
90901  -28.585  19.001  -56.064 0.5714285970
90886  -33.867  18.286  -54.728 0.1428571492
92014  -30.347  19.497  -55.345 0.2857142985
92016  -32.015  19.669  -55.624 0.2857142985
90883  -30.332  18.897  -54.671 0.4285714328
89815  -29.998  18.139  -54.192 0.5714285970
88856  -31.984  16.634  -52.094 0.4285714328
87934  -32.728  15.836  -51.271 0.5714285970
87933  -31.796  15.949  -51.574 0.7142857313
87950  -31.156  16.331  -52.225 0.7142857313
86945  -33.456  14.569  -50.249 0.5714285970
85925  -33.933  13.416  -49.454 0.4285714328
86942  -30.826  14.591  -50.915 0.8571428657
78288  -28.335  6.560  -50.411 0.5714285970
80595  -27.710  8.502  -51.308 0.4285714328
79474  -27.745  7.497  -51.145 0.4285714328
83993  -31.018  12.063  -49.156 0.8571428657
85923  -32.220  13.543  -49.534 0.8571428657
84992  -33.314  12.983  -48.990 0.4285714328
86944  -32.566  14.794  -50.435 0.8571428657
84972  -32.551  12.521  -48.744 0.7142857313
71586  -27.376  0.684  -49.252 0.5714285970
72709  -27.162  1.295  -49.706 0.4285714328
73871  -28.772  2.874  -48.848 0.7142857313
73881  -28.351  3.299  -49.544 0.7142857313
75022  -28.496  4.055  -49.620 0.7142857313
75033  -27.290  3.455  -50.627 0.4285714328
76154  -27.603  5.060  -51.040 0.5714285970
75032  -26.631  3.249  -50.799 0.4285714328
138750  -25.543  3.312  -50.812 0.2857142985
77222  -29.158  5.770  -49.363 0.7142857313
149545  -33.326  10.407  -47.526 0.5714285970
82888  -32.807  10.972  -47.754 0.7142857313
159381  -27.682  -0.516  -48.377 0.5714285970
147210  -27.116  -0.581  -48.579 0.5714285970
146198  -35.172  7.361  -46.979 0.4285714328
72650  -33.541  1.245  -44.696 0.2857142985
77175  -33.722  4.789  -45.670 0.4285714328
78246  -35.550  6.002  -46.728 0.4285714328
149580  -31.368  -4.310  -43.321 0.2857142985
71534  -34.307  0.783  -44.718 0.2857142985
71533  -33.647  0.429  -44.438 0.2857142985
72663  -35.365  1.171  -45.418 0.2857142985
134456  -32.900  0.106  -44.348 0.2857142985
73848  -35.855  2.955  -46.130 0.4285714328
63345  -30.923  -6.871  -40.226 0.1428571492
64428  -30.657  -6.525  -41.004 0.1428571492
69428  -33.382  -1.772  -43.520 0.2857142985
66424  -32.293  -4.188  -42.708 0.2857142985
56367  -27.596  -13.277  -35.319 0.1428571492
57506  -28.250  -12.758  -35.651 0.1428571492
79432  -35.764  7.153  -47.492 0.2857142985
94982  -27.713  22.739  -53.529 0.1428571492
57526  -28.058  -12.253  -36.247 0.1428571492
59700  -29.751  -10.850  -36.782 0.1428571492
94077  -27.443  21.780  -53.160 0.1428571492
86987  -27.735  15.217  -53.214 0.5714285970
85965  -26.976  13.353  -52.545 0.4285714328
86981  -27.435  14.279  -52.722 0.5714285970
85032  -27.207  12.747  -52.471 0.4285714328
86982  -28.080  14.670  -52.938 0.5714285970
86988  -28.175  15.600  -53.579 0.4285714328
84015  -27.701  11.683  -52.121 0.4285714328
84024  -27.458  12.175  -52.352 0.4285714328
135777  -26.779  11.959  -52.501 0.4285714328
85033  -27.822  12.982  -52.388 0.5714285970
85967  -28.227  13.818  -52.546 0.5714285970
85966  -27.641  13.628  -52.561 0.5714285970
82902  -28.327  9.909  -51.039 0.5714285970
157915  -36.621  -0.199  -47.175 0.1428571492
72677  -36.348  1.333  -46.752 0.1428571492
72688  -36.580  1.419  -47.619 0.1428571492
62219  -26.945  -7.976  -43.237 0.2857142985
69492  -36.501  -2.434  -48.885 0.1428571492
70529  -36.628  -0.978  -47.708 0.1428571492
136367  -36.476  -1.785  -49.237 0.1428571492
70541  -36.543  -1.005  -48.632 0.1428571492
151489  -37.086  -1.932  -50.291 0.1428571492
62210  -26.474  -8.680  -42.694 0.2857142985
70500  -36.155  -0.681  -45.131 0.1428571492
145748  -36.688  -0.941  -45.824 0.1428571492
69480  -36.685  -1.707  -47.491 0.1428571492
68441  -37.230  -3.020  -49.567 0.1428571492
70555  -40.293  -0.821  -49.160 0.1428571492
68448  -39.121  -2.295  -50.179 0.1428571492
69503  -40.146  -1.276  -49.990 0.1428571492
60963  -26.378  -9.300  -42.156 0.2857142985
60962  -25.661  -9.133  -42.228 0.2857142985
68368  -34.881  -2.362  -42.621 0.1428571492
68382  -35.459  -1.957  -43.196 0.1428571492
69430  -35.105  -1.292  -43.545 0.1428571492
69444  -35.678  -0.911  -44.320 0.1428571492
153920  -37.087  -2.200  -46.532 0.1428571492
69445  -36.506  -1.317  -44.871 0.1428571492
68431  -36.907  -3.213  -47.855 0.1428571492
69454  -36.992  -1.634  -45.698 0.1428571492
67444  -37.711  -3.529  -49.130 0.1428571492
68444  -40.170  -2.335  -49.170 0.1428571492
69502  -39.886  -2.057  -49.852 0.1428571492
60953  -25.214  -9.670  -41.621 0.2857142985
59771  -25.494  -10.243  -41.206 0.2857142985
67377  -33.463  -3.294  -42.437 0.1428571492
67379  -35.288  -2.809  -42.022 0.1428571492
69431  -36.206  -1.652  -43.954 0.1428571492
68406  -37.318  -2.582  -46.016 0.1428571492
67438  -37.481  -3.959  -48.280 0.1428571492
68443  -39.465  -2.870  -49.513 0.1428571492
139562  -38.529  -4.016  -48.815 0.1428571492
71566  -39.932  0.605  -48.190 0.1428571492
71578  -40.166  -0.154  -48.482 0.1428571492
67378  -34.373  -2.995  -42.157 0.1428571492
67365  -33.828  -3.670  -41.526 0.1428571492
68370  -36.436  -2.706  -42.705 0.1428571492
67367  -35.711  -3.241  -41.464 0.1428571492
68407  -37.574  -3.207  -45.460 0.1428571492
68369  -35.758  -2.458  -42.628 0.1428571492
68419  -37.567  -3.511  -46.478 0.1428571492
68383  -36.827  -2.360  -43.942 0.1428571492
144950  -37.436  -3.773  -47.373 0.1428571492
68437  -40.420  -2.486  -48.400 0.1428571492
67445  -39.504  -3.547  -48.929 0.1428571492
70542  -40.320  -0.839  -48.134 0.1428571492
69494  -40.386  -1.641  -48.660 0.1428571492
66402  -33.776  -4.321  -40.744 0.1428571492
65482  -32.481  -4.823  -41.379 0.1428571492
66415  -36.866  -4.071  -41.243 0.1428571492
67358  -36.100  -3.702  -40.922 0.1428571492
66414  -34.598  -3.874  -40.788 0.1428571492
67380  -36.825  -3.193  -42.401 0.1428571492
68360  -36.121  -2.899  -42.087 0.1428571492
67366  -34.840  -3.303  -41.436 0.1428571492
67421  -37.903  -4.249  -46.036 0.1428571492
67410  -37.841  -3.857  -44.931 0.1428571492
67432  -37.892  -4.470  -47.587 0.1428571492
67440  -39.496  -4.171  -48.468 0.1428571492
67431  -37.739  -4.291  -46.934 0.1428571492
152367  -40.010  -2.971  -48.885 0.1428571492
66405  -37.234  -4.817  -40.924 0.1428571492
67357  -35.465  -4.123  -40.296 0.1428571492
66436  -37.950  -4.403  -43.474 0.1428571492
66416  -37.491  -4.574  -41.741 0.1428571492
67411  -38.077  -4.612  -45.341 0.1428571492
67396  -38.088  -4.509  -44.489 0.1428571492
66476  -38.383  -4.980  -47.713 0.1428571492
67369  -37.181  -3.842  -42.032 0.1428571492
68384  -37.392  -2.984  -44.379 0.1428571492
68395  -37.066  -2.177  -44.882 0.1428571492
69429  -34.109  -1.499  -43.529 0.1428571492
71567  -40.112  -0.033  -47.660 0.1428571492
152323  -40.261  -1.650  -49.402 0.1428571492
68436  -36.797  -3.157  -48.841 0.1428571492
71547  -35.824  0.456  -45.624 0.1428571492
151439  -36.642  -0.184  -47.974 0.1428571492
59772  -26.174  -10.262  -41.223 0.2857142985
67441  -40.255  -3.398  -48.289 0.1428571492
69481  -40.490  -1.673  -47.628 0.1428571492
71556  -39.859  0.778  -47.243 0.1428571492
72689  -39.678  1.449  -47.758 0.1428571492
82918  -27.642  10.961  -51.898 0.4285714328
71577  -40.041  0.282  -49.240 0.1428571492
69510  -38.832  -1.747  -50.740 0.1428571492
71588  -40.133  -0.444  -50.029 0.1428571492
146153  -36.661  0.657  -48.234 0.1428571492
143769  -36.401  2.176  -47.120 0.1428571492
86986  -27.161  14.843  -52.871 0.4285714328
87969  -27.550  16.548  -54.050 0.4285714328
94142  -29.956  21.489  -59.692 0.1428571492
60954  -25.960  -9.810  -41.772 0.2857142985
134391  -28.483  21.375  -59.044 0.1428571492
150017  -36.347  0.340  -46.430 0.1428571492
68367  -33.973  -2.582  -42.804 0.1428571492
66413  -33.178  -4.284  -41.290 0.1428571492
74993  -36.248  3.665  -47.170 0.1428571492
76111  -36.321  4.428  -47.599 0.1428571492
70511  -36.260  -0.263  -45.775 0.1428571492
154320  -36.578  0.577  -47.318 0.1428571492
69493  -36.716  -2.452  -49.644 0.1428571492
68430  -36.584  -2.531  -48.162 0.1428571492
70519  -36.658  -0.749  -46.673 0.1428571492
69501  -37.480  -2.451  -50.111 0.1428571492
70554  -36.519  -0.945  -49.585 0.1428571492
69508  -37.158  -1.189  -50.846 0.1428571492
153060  -38.309  -2.276  -50.364 0.1428571492
158577  -36.644  -1.099  -45.343 0.1428571492
69466  -36.875  -1.579  -46.592 0.1428571492
68442  -38.273  -2.922  -49.804 0.1428571492
68418  -36.858  -2.381  -47.301 0.1428571492
69511  -39.592  -1.588  -50.448 0.1428571492
68381  -34.502  -1.954  -43.183 0.1428571492
149881  -37.223  -2.940  -46.955 0.1428571492
67449  -38.721  -3.465  -49.310 0.1428571492
139091  -36.305  -2.301  -43.275 0.1428571492
65483  -33.107  -4.695  -40.774 0.1428571492
153844  -35.346  -3.593  -40.931 0.1428571492
67395  -37.711  -3.663  -43.876 0.1428571492
67394  -37.058  -2.904  -43.300 0.1428571492
67381  -37.458  -3.674  -42.889 0.1428571492
66459  -38.137  -5.133  -47.001 0.1428571492
67439  -38.409  -4.547  -48.207 0.1428571492
66425  -37.710  -4.411  -42.555 0.1428571492
55273  -23.841  -14.825  -35.915 0.1428571492
55289  -25.209  -14.132  -35.761 0.1428571492
54203  -23.237  -14.884  -36.243 0.1428571492
55288  -24.461  -14.298  -36.216 0.1428571492
56385  -25.147  -13.685  -36.519 0.1428571492
56384  -24.261  -13.944  -36.935 0.1428571492
57540  -24.600  -13.087  -38.043 0.1428571492
158782  -25.078  -12.655  -38.404 0.1428571492
57560  -24.393  -12.612  -38.722 0.1428571492
57574  -24.597  -11.960  -39.368 0.1428571492
57561  -25.192  -12.220  -38.965 0.1428571492
58670  -25.939  -11.035  -40.124 0.1428571492
158591  -23.178  -11.973  -38.828 0.1428571492
147323  -24.036  -11.638  -39.574 0.1428571492
58657  -24.633  -11.291  -40.024 0.1428571492
142695  -25.039  -10.697  -40.647 0.1428571492
60941  -23.934  -9.842  -40.871 0.1428571492
60951  -23.661  -9.235  -41.284 0.1428571492
60961  -24.877  -9.156  -41.928 0.1428571492
62209  -25.703  -8.492  -42.717 0.2857142985
62218  -26.117  -8.022  -43.122 0.1428571492
136124  -26.974  -7.416  -43.627 0.1428571492
63369  -25.285  -7.940  -43.005 0.2857142985
64472  -26.725  -6.402  -44.298 0.2857142985
159531  -26.780  -3.098  -47.117 0.4285714328
68429  -27.747  -2.241  -47.262 0.4285714328
69477  -27.274  -1.808  -47.786 0.4285714328
81770  -27.417  9.182  -51.616 0.2857142985
82916  -26.361  9.839  -52.370 0.2857142985
82910  -28.244  10.707  -51.403 0.2857142985
85029  -24.446  12.418  -52.528 0.2857142985
141850  -26.174  13.159  -52.564 0.2857142985
143405  -26.749  13.960  -52.585 0.2857142985
86980  -26.415  14.503  -52.609 0.4285714328
63368  -24.395  -7.746  -42.778 0.1428571492
63381  -25.697  -7.425  -43.479 0.2857142985
63396  -27.281  -6.948  -43.905 0.1428571492
56412  -23.798  -13.169  -38.211 0.1428571492
57573  -23.846  -12.100  -39.104 0.1428571492
59760  -23.241  -10.186  -40.256 0.1428571492
60952  -24.429  -9.493  -41.453 0.1428571492
62200  -24.157  -8.893  -41.847 0.1428571492
62208  -24.853  -8.537  -42.418 0.1428571492
64460  -24.424  -6.568  -43.715 0.2857142985
63394  -26.043  -7.033  -43.825 0.2857142985
64461  -25.320  -6.693  -43.952 0.2857142985
139695  -26.052  -6.502  -44.230 0.2857142985
65510  -26.855  -5.704  -44.714 0.2857142985
65523  -27.057  -4.923  -45.259 0.4285714328
66457  -26.911  -4.261  -46.001 0.4285714328
67437  -25.824  -3.050  -47.116 0.2857142985
141145  -27.201  7.717  -51.668 0.2857142985
80609  -26.160  8.026  -52.456 0.2857142985
81784  -26.931  9.492  -51.995 0.2857142985
81795  -25.646  9.349  -52.547 0.2857142985
82917  -27.002  10.402  -52.113 0.2857142985
84023  -27.056  11.323  -52.309 0.2857142985
84022  -25.054  11.487  -52.608 0.2857142985
143768  -24.579  11.871  -52.574 0.2857142985
65509  -26.156  -5.854  -44.715 0.2857142985
80610  -26.907  8.466  -51.966 0.2857142985
81783  -26.304  8.949  -52.360 0.2857142985
79485  -25.095  7.233  -52.456 0.2857142985
82925  -25.287  9.974  -52.611 0.2857142985
148906  -24.632  10.906  -52.610 0.2857142985
82926  -26.369  10.646  -52.426 0.2857142985
144953  -26.355  11.301  -52.484 0.2857142985
84021  -24.207  11.345  -52.557 0.2857142985
80618  -24.368  8.821  -52.523 0.2857142985
81793  -24.211  9.528  -52.558 0.2857142985
82924  -24.564  10.189  -52.616 0.2857142985
66471  -26.834  -3.640  -46.624 0.4285714328
68415  -27.456  -3.038  -46.823 0.4285714328
57575  -25.407  -11.589  -39.640 0.1428571492
59762  -25.737  -10.684  -40.707 0.1428571492
56399  -24.831  -13.413  -37.341 0.1428571492
85031  -26.452  12.518  -52.547 0.2857142985
143436  -25.957  11.723  -52.569 0.2857142985
63382  -26.427  -7.494  -43.536 0.1428571492
59770  -24.736  -10.096  -41.054 0.1428571492
56398  -24.039  -13.615  -37.634 0.1428571492
59750  -23.712  -11.036  -39.888 0.1428571492
59761  -24.214  -10.565  -40.490 0.1428571492
63380  -24.858  -7.265  -43.376 0.2857142985
66470  -26.193  -4.102  -46.344 0.4285714328
85030  -25.424  12.324  -52.589 0.2857142985
148285  -26.434  -4.633  -45.726 0.4285714328
81792  -23.739  10.036  -52.457 0.2857142985
69476  -26.188  -1.887  -47.845 0.2857142985
144069  -26.710  -2.050  -47.759 0.2857142985
70552  -26.848  0.132  -49.051 0.2857142985
95038  -25.777  22.881  -60.986 0.1428571492
94168  -26.147  22.340  -61.130 0.1428571492
93125  -26.423  21.882  -59.765 0.1428571492
93111  -27.331  21.340  -58.958 0.1428571492
153169  -27.772  21.396  -59.289 0.1428571492
145897  -25.700  23.835  -61.304 0.1428571492
93110  -26.878  21.612  -59.307 0.1428571492
143977  -26.338  22.478  -58.385 0.1428571492
96850  -25.982  24.773  -58.261 0.1428571492
70540  -26.496  -0.543  -48.639 0.2857142985
70539  -25.955  -0.448  -48.666 0.2857142985
93112  -28.109  21.550  -59.950 0.1428571492
94169  -26.681  22.365  -61.572 0.1428571492
93093  -27.835  21.079  -58.565 0.1428571492
93126  -26.600  21.795  -60.224 0.1428571492
135929  -27.281  21.567  -59.941 0.1428571492
92044  -27.331  20.843  -58.158 0.1428571492
142819  -26.461  21.743  -58.018 0.1428571492
145613  -26.087  23.213  -59.106 0.1428571492
95960  -26.042  24.008  -58.746 0.1428571492
147497  -26.252  23.273  -58.331 0.1428571492
95948  -26.379  23.792  -57.024 0.1428571492
95000  -26.322  22.864  -57.496 0.1428571492
93092  -26.838  21.370  -58.582 0.1428571492
68428  -27.061  -2.531  -47.437 0.2857142985
94155  -26.074  22.083  -60.422 0.1428571492
95974  -25.586  23.659  -60.553 0.1428571492
94156  -26.404  22.016  -60.850 0.1428571492
94124  -26.436  22.015  -58.798 0.1428571492
147695  -25.836  22.508  -60.129 0.1428571492
96873  -25.546  24.565  -61.103 0.1428571492
95016  -26.120  22.521  -59.376 0.1428571492
93135  -26.946  21.841  -60.873 0.1428571492
80594  -23.276  8.360  -51.869 0.1428571492
80608  -25.420  7.878  -52.556 0.1428571492
80619  -25.096  8.634  -52.575 0.1428571492
82915  -23.215  10.641  -52.153 0.1428571492
83999  -21.443  11.440  -50.921 0.1428571492
84006  -22.063  11.118  -51.247 0.1428571492
79486  -25.835  7.107  -52.441 0.1428571492
84020  -23.462  11.283  -52.282 0.1428571492
85013  -21.813  11.943  -51.222 0.1428571492
85949  -23.012  12.447  -51.926 0.1428571492
85950  -23.071  13.144  -51.812 0.2857142985
73892  -26.479  2.484  -50.474 0.2857142985
73891  -25.658  2.622  -50.482 0.1428571492
77237  -24.524  5.487  -51.509 0.1428571492
134409  -25.777  5.814  -51.931 0.1428571492
135428  -24.913  6.767  -52.279 0.1428571492
83995  -35.338  11.576  -49.083 0.1428571492
85028  -23.850  11.845  -52.457 0.1428571492
86978  -24.682  13.816  -52.337 0.1428571492
86969  -23.741  13.652  -52.085 0.1428571492
87947  -25.881  15.089  -52.479 0.2857142985
152068  -25.234  17.724  -51.596 0.2857142985
89778  -24.645  17.263  -51.065 0.2857142985
90850  -25.606  18.551  -51.626 0.2857142985
93037  -26.778  19.799  -49.882 0.1428571492
86970  -24.430  14.379  -52.155 0.2857142985
146585  -26.703  16.817  -53.397 0.2857142985
88869  -24.962  16.169  -51.879 0.2857142985
88855  -24.449  16.423  -51.313 0.2857142985
159569  -26.376  17.292  -53.120 0.2857142985
89786  -25.069  16.964  -51.671 0.2857142985
90868  -26.295  18.009  -53.083 0.2857142985
91980  -25.948  19.189  -51.284 0.1428571492
90846  -24.689  18.323  -49.976 0.2857142985
94068  -27.387  20.772  -51.935 0.1428571492
94069  -27.933  21.304  -51.632 0.1428571492
88840  -23.860  16.901  -49.792 0.1428571492
143780  -22.673  13.152  -51.466 0.2857142985
89773  -24.297  17.552  -50.189 0.2857142985
90847  -25.309  18.778  -50.678 0.1428571492
91976  -25.867  19.289  -50.396 0.1428571492
91975  -25.128  18.895  -49.700 0.1428571492
85935  -21.970  12.097  -51.195 0.2857142985
90839  -23.649  18.332  -48.429 0.1428571492
91972  -26.250  19.566  -49.222 0.1428571492
91970  -24.877  18.961  -48.656 0.1428571492
133363  -21.503  11.800  -48.471 0.1428571492
84002  -35.826  11.676  -49.965 0.1428571492
80575  -36.110  8.808  -48.876 0.1428571492
76151  -25.756  4.903  -51.576 0.1428571492
78298  -24.021  6.351  -51.628 0.1428571492
82898  -35.895  10.777  -49.544 0.1428571492
78297  -23.355  7.103  -51.450 0.1428571492
144341  -22.009  9.242  -50.803 0.1428571492
81780  -22.804  9.842  -51.779 0.1428571492
82895  -21.648  10.721  -50.722 0.1428571492
84014  -22.889  11.308  -51.867 0.1428571492
150551  -21.607  11.893  -50.932 0.1428571492
85023  -23.676  12.341  -52.331 0.1428571492
85948  -22.261  12.428  -51.303 0.2857142985
86958  -23.948  14.607  -51.855 0.1428571492
87931  -24.245  15.524  -51.577 0.1428571492
90840  -23.997  18.768  -48.010 0.1428571492
89770  -24.084  17.992  -49.321 0.2857142985
90843  -24.433  18.513  -48.976 0.1428571492
91971  -25.636  19.278  -49.404 0.1428571492
91962  -25.533  19.294  -48.386 0.1428571492
91977  -26.206  19.534  -49.913 0.1428571492
146033  -35.777  10.084  -48.872 0.1428571492
82891  -35.327  10.790  -48.591 0.1428571492
155979  -26.358  19.560  -51.089 0.1428571492
90858  -25.778  17.970  -52.241 0.2857142985
93043  -27.627  20.626  -51.115 0.1428571492
87957  -26.819  15.392  -52.935 0.2857142985
142879  -25.460  4.474  -51.414 0.1428571492
75030  -25.115  3.910  -51.040 0.1428571492
88882  -27.085  16.263  -53.519 0.2857142985
78312  -26.337  6.655  -52.130 0.1428571492
80568  -36.168  8.029  -48.633 0.1428571492
85964  -25.212  13.215  -52.546 0.1428571492
148520  -26.055  13.764  -52.547 0.1428571492
86979  -25.576  14.126  -52.453 0.1428571492
79484  -24.459  7.368  -52.311 0.1428571492
144623  -22.785  9.156  -51.610 0.1428571492
82908  -22.532  10.438  -51.632 0.1428571492
80581  -22.341  8.476  -51.000 0.1428571492
79472  -22.770  7.749  -51.283 0.1428571492
148706  -22.777  10.846  -51.835 0.1428571492
84005  -21.839  10.862  -51.022 0.1428571492
85014  -22.146  11.752  -51.297 0.1428571492
85022  -23.158  11.891  -52.030 0.1428571492
78310  -25.232  6.194  -52.075 0.1428571492
85958  -23.037  12.074  -51.949 0.1428571492
85960  -24.107  13.011  -52.394 0.1428571492
77248  -24.851  5.895  -51.810 0.1428571492
86957  -23.253  13.882  -51.620 0.2857142985
87946  -24.874  15.197  -52.090 0.2857142985
86971  -25.090  14.516  -52.280 0.2857142985
89787  -25.506  17.380  -52.063 0.2857142985
156626  -23.972  17.507  -49.509 0.1428571492
90849  -24.910  18.079  -50.889 0.2857142985
143404  -25.707  16.000  -52.309 0.2857142985
88881  -26.487  16.040  -52.852 0.2857142985
150894  -26.176  16.724  -52.725 0.2857142985
140598  -25.561  16.782  -52.207 0.2857142985
140650  -24.113  16.680  -50.640 0.1428571492
89798  -25.963  17.374  -52.571 0.2857142985
94073  -27.670  21.521  -52.377 0.1428571492
87930  -23.539  14.834  -51.337 0.1428571492
64449  -23.165  -6.665  -42.780 0.1428571492
64471  -24.678  -5.992  -44.274 0.1428571492
65499  -22.612  -5.039  -43.429 0.1428571492
66443  -22.696  -4.329  -44.022 0.1428571492
66444  -23.317  -4.251  -44.669 0.1428571492
65507  -24.023  -5.451  -44.389 0.1428571492
67406  -23.235  -3.571  -45.054 0.1428571492
66445  -23.980  -4.748  -44.853 0.1428571492
65521  -25.621  -5.283  -45.163 0.1428571492
67417  -23.834  -3.371  -45.736 0.1428571492
67428  -25.059  -3.703  -46.381 0.1428571492
68414  -25.184  -2.983  -46.927 0.1428571492
153082  -25.663  -3.592  -46.685 0.1428571492
67416  -23.116  -2.812  -45.479 0.1428571492
68413  -24.451  -2.455  -46.823 0.1428571492
69475  -25.553  -1.637  -47.834 0.1428571492
70550  -25.805  0.142  -48.982 0.1428571492
146330  -26.069  0.499  -49.337 0.1428571492
86956  -22.332  13.099  -51.187 0.1428571492
65508  -24.789  -5.235  -44.927 0.1428571492
65522  -26.310  -5.208  -45.251 0.1428571492
64458  -22.899  -5.885  -43.066 0.1428571492
65506  -23.322  -4.928  -44.233 0.1428571492
72708  -26.598  1.225  -49.770 0.1428571492
68427  -26.346  -2.662  -47.413 0.1428571492
64470  -24.043  -5.995  -43.937 0.1428571492
63379  -23.991  -7.014  -43.114 0.1428571492
135144  -25.435  -5.935  -44.564 0.1428571492
66456  -25.864  -4.684  -45.733 0.1428571492
68426  -25.687  -2.431  -47.449 0.1428571492
64459  -23.643  -6.314  -43.430 0.1428571492
65500  -23.427  -5.603  -43.760 0.1428571492
66454  -23.899  -4.062  -45.295 0.1428571492
67418  -24.496  -3.838  -45.870 0.1428571492
66455  -24.573  -4.462  -45.428 0.1428571492
65520  -25.227  -4.669  -45.580 0.1428571492
67427  -24.475  -3.203  -46.374 0.1428571492
68402  -23.776  -2.629  -46.215 0.1428571492
66469  -25.497  -4.165  -46.149 0.1428571492
67405  -22.456  -3.045  -44.608 0.1428571492
63366  -22.646  -7.058  -42.148 0.1428571492
55286  -22.953  -14.564  -36.697 0.1428571492
58669  -25.362  -11.104  -40.256 0.1428571492
59722  -27.734  -10.859  -38.001 0.4285714328
59764  -26.971  -10.264  -40.372 0.2857142985
63371  -29.153  -7.190  -42.840 0.7142857313
63395  -26.603  -6.982  -43.900 0.2857142985
66468  -24.984  -4.181  -45.920 0.1428571492
67368  -36.495  -3.443  -41.648 0.1428571492
67429  -26.254  -3.380  -46.920 0.2857142985
71585  -26.448  0.615  -49.420 0.1428571492
73880  -28.134  2.412  -49.483 0.7142857313
73894  -27.701  2.902  -50.078 0.5714285970
74991  -32.039  3.861  -46.088 0.7142857313
75041  -25.734  3.827  -51.168 0.1428571492
75043  -26.842  4.021  -51.101 0.5714285970
76085  -34.008  4.270  -45.558 0.4285714328
76152  -26.342  4.601  -51.466 0.1428571492
77230  -28.678  6.184  -49.938 0.5714285970
77238  -25.194  5.170  -51.615 0.1428571492
77249  -25.490  5.538  -51.775 0.1428571492
78296  -22.865  7.172  -51.064 0.1428571492
78299  -27.050  6.748  -51.664 0.4285714328
78308  -23.814  7.072  -51.789 0.1428571492
78309  -24.461  6.708  -52.024 0.1428571492
78311  -25.813  6.331  -52.189 0.1428571492
79417  -35.366  6.755  -46.874 0.4285714328
79433  -36.251  7.179  -48.384 0.1428571492
79452  -36.432  7.499  -49.233 0.1428571492
79463  -28.855  7.882  -50.033 0.8571428657
79473  -23.285  7.697  -51.686 0.1428571492
79483  -23.837  7.545  -52.064 0.1428571492
79487  -26.581  7.419  -52.127 0.1428571492
80567  -30.356  8.701  -48.528 1.0000000000
80572  -21.913  8.523  -50.417 0.1428571492
80592  -22.370  9.198  -51.239 0.1428571492
80593  -22.763  8.429  -51.476 0.1428571492
80605  -23.266  9.144  -51.972 0.1428571492
80606  -23.881  8.299  -52.325 0.1428571492
80607  -24.672  7.981  -52.523 0.1428571492
80620  -25.730  8.548  -52.539 0.2857142985
81752  -35.688  9.401  -48.437 0.2857142985
81757  -29.912  9.636  -49.172 1.0000000000
81769  -22.395  9.876  -51.446 0.1428571492
81781  -23.222  9.896  -52.122 0.2857142985
81782  -23.736  9.274  -52.362 0.2857142985
81794  -24.846  9.404  -52.593 0.2857142985
82869  -32.704  10.218  -47.539 0.7142857313
82870  -34.024  10.178  -47.482 0.5714285970
82894  -21.353  10.593  -50.111 0.1428571492
82901  -21.865  10.637  -51.029 0.1428571492
82907  -22.164  10.507  -51.299 0.1428571492
82909  -27.637  10.021  -51.605 0.2857142985
82914  -23.080  10.289  -52.093 0.1428571492
82923  -23.907  10.728  -52.520 0.1428571492
84001  -29.772  11.753  -50.056 0.8571428657
84013  -22.466  11.325  -51.537 0.1428571492
84974  -34.165  12.055  -48.559 0.4285714328
84991  -32.570  13.107  -49.128 0.4285714328
85021  -22.644  11.813  -51.635 0.1428571492
85936  -29.999  13.238  -50.632 1.0000000000
85938  -31.866  14.134  -50.043 0.8571428657
85959  -23.255  12.641  -52.044 0.1428571492
86960  -30.445  14.838  -51.488 0.8571428657
87914  -32.104  15.337  -50.953 0.7142857313
87916  -33.408  15.125  -50.692 0.5714285970
87935  -33.353  15.569  -51.114 0.2857142985
87963  -27.432  15.715  -53.431 0.2857142985
88883  -29.841  16.680  -53.455 0.7142857313
88903  -27.858  17.608  -55.311 0.8571428657
89804  -33.091  17.718  -53.090 0.1428571492
90884  -31.210  19.004  -54.392 0.2857142985
92055  -27.046  21.195  -58.579 0.1428571492
93073  -31.780  20.285  -56.990 0.1428571492
93109  -26.600  21.795  -59.043 0.1428571492
94125  -29.097  21.190  -58.421 0.2857142985
94140  -26.199  22.095  -59.633 0.1428571492
141010  -25.364  6.666  -52.313 0.1428571492
142009  -36.494  -1.809  -48.369 0.1428571492
142766  -26.454  -11.382  -38.871 0.2857142985
143835  -30.472  5.305  -47.641 0.8571428657
144485  -28.017  4.978  -50.579 0.5714285970
145704  -26.072  2.359  -50.434 0.1428571492
146605  -22.603  11.925  -51.652 0.1428571492
147698  -25.518  10.796  -52.588 0.2857142985
148554  -21.635  9.308  -50.272 0.1428571492
148718  -21.312  9.430  -49.728 0.1428571492
148898  -22.322  10.918  -51.458 0.1428571492
149433  -25.911  4.322  -51.411 0.1428571492
151499  -28.287  -8.278  -42.220 0.5714285970
152246  -30.270  9.304  -48.729 1.0000000000
153699  -27.833  -6.672  -43.965 0.2857142985
154836  -29.235  10.438  -50.253 0.8571428657
155744  -34.954  6.408  -46.478 0.4285714328
158308  -25.850  10.127  -52.558 0.2857142985
159305  -34.340  13.796  -49.935 0.1428571492
159521  -35.858  5.524  -46.896 0.4285714328
