#!ascii label  , from subject ICBM2009cNolinAsym vox2ras=TkReg
408
67408  -30.217  -3.587  -44.123 0.0000000000
70553  -27.519  0.049  -48.741 0.0000000000
85032  -27.207  12.747  -52.471 0.0000000000
140486  -28.957  9.712  -50.365 0.0000000000
78258  -31.189  6.781  -47.270 0.0000000000
73834  -33.131  2.647  -45.217 0.0000000000
86980  -26.415  14.503  -52.609 0.0000000000
80566  -29.857  8.123  -48.906 0.0000000000
76131  -28.268  4.531  -50.125 0.0000000000
69465  -29.062  -1.254  -46.457 0.0000000000
72675  -30.275  1.792  -46.656 0.0000000000
70509  -31.239  -0.278  -44.844 0.0000000000
60964  -27.036  -9.055  -42.261 0.0000000000
137421  -27.542  -4.320  -45.580 0.0000000000
92000  -26.536  19.182  -54.252 0.0000000000
89812  -26.844  17.889  -54.685 0.0000000000
88899  -28.097  17.127  -54.842 0.0000000000
87959  -29.174  16.051  -53.547 0.0000000000
87932  -30.788  15.589  -51.814 0.0000000000
84007  -28.200  11.522  -51.736 0.0000000000
85922  -31.327  13.415  -49.746 0.0000000000
83976  -32.621  11.776  -48.299 0.0000000000
81740  -34.227  9.338  -47.241 0.0000000000
79416  -34.694  7.013  -46.595 0.0000000000
75001  -29.443  3.328  -48.117 0.0000000000
76101  -32.526  4.344  -45.948 0.0000000000
77229  -28.041  5.740  -50.666 0.0000000000
75042  -26.230  3.848  -51.171 0.0000000000
68404  -29.270  -2.374  -45.363 0.0000000000
70517  -29.757  -0.779  -45.928 0.0000000000
150944  -30.864  -1.929  -44.353 0.0000000000
58631  -27.156  -11.580  -37.618 0.0000000000
59739  -27.461  -10.553  -38.777 0.0000000000
59753  -27.873  -9.916  -39.177 0.0000000000
66471  -26.834  -3.640  -46.624 0.0000000000
148285  -26.434  -4.633  -45.726 0.0000000000
88902  -27.524  17.817  -55.394 0.0000000000
85965  -26.976  13.353  -52.545 0.0000000000
86988  -28.175  15.600  -53.579 0.0000000000
86983  -28.740  14.620  -52.758 0.0000000000
87949  -30.289  15.869  -52.506 0.0000000000
86972  -29.346  14.653  -52.409 0.0000000000
82903  -28.777  10.532  -50.781 0.0000000000
85004  -29.669  12.429  -50.525 0.0000000000
138403  -30.416  12.082  -49.614 0.0000000000
84990  -31.733  12.783  -49.178 0.0000000000
82886  -30.761  10.751  -48.668 0.0000000000
79427  -30.973  7.454  -47.584 0.0000000000
80555  -31.548  9.000  -47.640 0.0000000000
79429  -32.608  8.194  -46.916 0.0000000000
79431  -34.527  7.835  -46.831 0.0000000000
79414  -32.704  7.239  -46.551 0.0000000000
154766  -26.877  0.754  -49.494 0.0000000000
72721  -27.451  2.058  -49.902 0.0000000000
72698  -28.535  1.443  -48.492 0.0000000000
73833  -31.649  2.446  -45.811 0.0000000000
73847  -31.152  2.879  -46.337 0.0000000000
74975  -32.678  3.539  -45.621 0.0000000000
77175  -33.722  4.789  -45.670 0.0000000000
74977  -34.734  3.041  -45.364 0.0000000000
141328  -28.222  -8.597  -41.549 0.0000000000
63370  -27.626  -7.955  -43.151 0.0000000000
134421  -28.662  -7.796  -42.539 0.0000000000
64462  -29.317  -6.288  -43.597 0.0000000000
80582  -28.334  8.175  -50.662 0.0000000000
81756  -29.422  9.245  -49.680 0.0000000000
79462  -28.323  7.289  -50.525 0.0000000000
78278  -29.281  6.674  -49.355 0.0000000000
77213  -29.560  5.388  -48.692 0.0000000000
70527  -28.119  -0.783  -47.925 0.0000000000
71575  -28.572  0.792  -48.129 0.0000000000
71555  -29.701  0.522  -46.636 0.0000000000
157021  -31.231  0.979  -45.415 0.0000000000
71546  -31.877  1.225  -45.043 0.0000000000
60943  -28.089  -9.095  -40.634 0.0000000000
69490  -26.756  -1.325  -48.202 0.0000000000
68429  -27.747  -2.241  -47.262 0.0000000000
67430  -28.022  -3.225  -46.193 0.0000000000
67407  -29.271  -3.715  -44.665 0.0000000000
93062  -26.516  20.590  -55.035 0.0000000000
91983  -26.120  18.659  -52.521 0.0000000000
90869  -26.556  18.345  -54.055 0.0000000000
89825  -27.338  18.478  -56.130 0.0000000000
90892  -28.194  18.294  -55.911 0.0000000000
89821  -28.664  17.961  -55.200 0.0000000000
87964  -27.855  16.034  -53.856 0.0000000000
88892  -28.616  16.867  -54.447 0.0000000000
89815  -29.998  18.139  -54.192 0.0000000000
88884  -30.954  17.379  -53.098 0.0000000000
88871  -31.590  17.154  -52.630 0.0000000000
88857  -32.700  16.452  -51.791 0.0000000000
84024  -27.458  12.175  -52.352 0.0000000000
85951  -29.462  13.548  -51.441 0.0000000000
86942  -30.826  14.591  -50.915 0.0000000000
87915  -32.829  15.352  -50.867 0.0000000000
85940  -33.651  13.996  -49.832 0.0000000000
83994  -34.764  12.075  -48.872 0.0000000000
139742  -31.211  10.194  -48.233 0.0000000000
149545  -33.326  10.407  -47.526 0.0000000000
75033  -27.290  3.455  -50.627 0.0000000000
75022  -28.496  4.055  -49.620 0.0000000000
76121  -29.960  4.998  -48.109 0.0000000000
73859  -29.908  2.891  -47.392 0.0000000000
75003  -30.884  4.180  -46.932 0.0000000000
77186  -31.966  5.417  -46.522 0.0000000000
77188  -33.757  5.581  -45.850 0.0000000000
141875  -35.499  5.127  -46.478 0.0000000000
65511  -27.612  -5.541  -44.618 0.0000000000
65513  -29.238  -5.199  -44.102 0.0000000000
66447  -30.332  -4.356  -43.842 0.0000000000
68391  -29.697  -2.860  -44.679 0.0000000000
68405  -30.126  -1.944  -44.888 0.0000000000
68392  -30.558  -2.637  -44.266 0.0000000000
68393  -31.354  -2.377  -43.962 0.0000000000
67409  -31.125  -3.180  -43.827 0.0000000000
58632  -28.098  -11.197  -37.247 0.0000000000
58646  -27.003  -11.164  -38.445 0.0000000000
86982  -28.080  14.670  -52.938 0.0000000000
85966  -27.641  13.628  -52.561 0.0000000000
85967  -28.227  13.818  -52.546 0.0000000000
81771  -27.907  9.352  -51.271 0.0000000000
82902  -28.327  9.909  -51.039 0.0000000000
84000  -29.220  11.119  -50.480 0.0000000000
83991  -29.641  10.852  -49.799 0.0000000000
83992  -30.359  11.337  -49.295 0.0000000000
82897  -30.068  10.421  -49.195 0.0000000000
78268  -30.439  6.768  -48.000 0.0000000000
79428  -31.735  7.604  -47.062 0.0000000000
79413  -31.849  6.808  -46.765 0.0000000000
71586  -27.376  0.684  -49.252 0.0000000000
72697  -27.893  1.481  -49.279 0.0000000000
71574  -28.016  0.710  -48.739 0.0000000000
72662  -32.300  2.006  -45.272 0.0000000000
149185  -32.303  2.788  -45.544 0.0000000000
74976  -33.791  3.499  -45.369 0.0000000000
138118  -34.056  2.659  -45.135 0.0000000000
79474  -27.745  7.497  -51.145 0.0000000000
141180  -27.792  6.568  -50.986 0.0000000000
76154  -27.603  5.060  -51.040 0.0000000000
77221  -28.520  5.326  -50.012 0.0000000000
77222  -29.158  5.770  -49.363 0.0000000000
69479  -28.594  -1.020  -47.248 0.0000000000
70528  -28.634  -0.338  -47.526 0.0000000000
136915  -29.259  -0.329  -46.752 0.0000000000
70508  -30.485  -0.485  -45.366 0.0000000000
70518  -30.069  0.081  -46.014 0.0000000000
71544  -30.850  0.325  -45.444 0.0000000000
71545  -31.568  0.492  -44.935 0.0000000000
71532  -32.328  0.655  -44.637 0.0000000000
71531  -32.065  -0.099  -44.492 0.0000000000
57542  -26.302  -12.221  -37.675 0.0000000000
57524  -26.141  -12.701  -37.027 0.0000000000
60931  -27.605  -9.761  -40.043 0.0000000000
62177  -28.740  -8.752  -39.961 0.0000000000
69477  -27.274  -1.808  -47.786 0.0000000000
67419  -27.511  -3.741  -46.149 0.0000000000
158473  -28.323  -3.795  -45.390 0.0000000000
144205  -26.561  19.706  -53.502 0.0000000000
93051  -26.683  20.509  -54.017 0.0000000000
154198  -26.568  19.917  -54.391 0.0000000000
92013  -26.550  19.608  -55.132 0.0000000000
89799  -26.649  17.547  -53.800 0.0000000000
136528  -26.701  18.719  -54.998 0.0000000000
90891  -26.980  18.308  -55.598 0.0000000000
155555  -26.903  18.906  -56.295 0.0000000000
88898  -27.788  17.332  -54.963 0.0000000000
89826  -27.762  18.000  -55.811 0.0000000000
89820  -28.108  17.672  -55.399 0.0000000000
89813  -28.471  17.382  -54.910 0.0000000000
86986  -27.161  14.843  -52.871 0.0000000000
135230  -28.558  15.934  -53.760 0.0000000000
87966  -28.741  16.354  -54.030 0.0000000000
88893  -29.234  16.755  -54.017 0.0000000000
89814  -29.167  17.513  -54.518 0.0000000000
89800  -29.855  17.375  -53.816 0.0000000000
89801  -30.683  17.895  -53.585 0.0000000000
146409  -30.383  17.198  -53.358 0.0000000000
88870  -30.566  16.688  -52.879 0.0000000000
87950  -31.156  16.331  -52.225 0.0000000000
88856  -31.984  16.634  -52.094 0.0000000000
87933  -31.796  15.949  -51.574 0.0000000000
82918  -27.642  10.961  -51.898 0.0000000000
84015  -27.701  11.683  -52.121 0.0000000000
85024  -28.142  12.367  -52.088 0.0000000000
85025  -28.771  12.974  -51.769 0.0000000000
85015  -28.699  12.123  -51.465 0.0000000000
135402  -30.618  13.194  -50.048 0.0000000000
85937  -30.869  13.948  -50.391 0.0000000000
86943  -31.558  14.691  -50.625 0.0000000000
86944  -32.566  14.794  -50.435 0.0000000000
86945  -33.456  14.569  -50.249 0.0000000000
85939  -32.804  14.157  -49.846 0.0000000000
84972  -32.551  12.521  -48.744 0.0000000000
84992  -33.314  12.983  -48.990 0.0000000000
84973  -33.427  12.305  -48.588 0.0000000000
84993  -34.278  12.700  -49.044 0.0000000000
83977  -33.590  11.628  -48.134 0.0000000000
80574  -29.862  8.903  -49.097 0.0000000000
81750  -30.475  9.941  -48.674 0.0000000000
81751  -30.857  9.361  -48.210 0.0000000000
80556  -32.476  8.961  -47.272 0.0000000000
81738  -32.231  9.656  -47.535 0.0000000000
81739  -33.196  9.678  -47.289 0.0000000000
82890  -34.685  10.594  -47.904 0.0000000000
82871  -34.701  9.926  -47.651 0.0000000000
146198  -35.172  7.361  -46.979 0.0000000000
78259  -35.841  6.461  -47.231 0.0000000000
75031  -26.048  3.100  -50.803 0.0000000000
73871  -28.772  2.874  -48.848 0.0000000000
73881  -28.351  3.299  -49.544 0.0000000000
75012  -28.982  3.905  -48.851 0.0000000000
76120  -29.427  4.672  -48.607 0.0000000000
75013  -29.699  4.225  -48.084 0.0000000000
72674  -29.717  1.224  -46.947 0.0000000000
72686  -29.109  1.379  -47.712 0.0000000000
72687  -29.742  2.032  -47.229 0.0000000000
74990  -31.396  3.665  -46.444 0.0000000000
74989  -30.652  3.324  -46.871 0.0000000000
76100  -31.762  4.506  -46.463 0.0000000000
77202  -31.084  5.155  -47.038 0.0000000000
140327  -32.408  4.956  -46.178 0.0000000000
77187  -32.764  5.606  -46.111 0.0000000000
77174  -33.034  4.948  -45.773 0.0000000000
76103  -35.380  4.229  -46.098 0.0000000000
76102  -34.577  4.836  -45.822 0.0000000000
76104  -35.982  4.372  -46.764 0.0000000000
64475  -28.900  -5.964  -44.032 0.0000000000
65501  -29.560  -5.686  -43.784 0.0000000000
151629  -30.063  -5.064  -43.772 0.0000000000
157878  -30.489  -5.130  -43.445 0.0000000000
77240  -27.265  5.664  -51.420 0.0000000000
76153  -27.072  4.769  -51.355 0.0000000000
76142  -27.581  4.345  -50.780 0.0000000000
68417  -28.812  -2.046  -46.120 0.0000000000
69453  -29.522  -1.578  -45.673 0.0000000000
70507  -30.150  -1.176  -45.305 0.0000000000
70494  -30.849  -1.158  -44.701 0.0000000000
70495  -31.744  -0.869  -44.335 0.0000000000
69440  -31.506  -1.616  -44.141 0.0000000000
68394  -32.084  -2.027  -43.729 0.0000000000
57543  -26.908  -12.228  -37.002 0.0000000000
59752  -27.224  -10.378  -39.584 0.0000000000
59740  -28.181  -10.193  -38.386 0.0000000000
159531  -26.780  -3.098  -47.117 0.0000000000
66470  -26.193  -4.102  -46.344 0.0000000000
66457  -26.911  -4.261  -46.001 0.0000000000
65523  -27.057  -4.923  -45.259 0.0000000000
159066  -26.402  19.245  -52.794 0.0000000000
142737  -27.243  17.689  -54.956 0.0000000000
88891  -27.134  17.131  -54.209 0.0000000000
88897  -27.551  17.229  -54.707 0.0000000000
87970  -27.865  16.788  -54.452 0.0000000000
86987  -27.735  15.217  -53.214 0.0000000000
86981  -27.435  14.279  -52.722 0.0000000000
87958  -28.653  15.366  -53.302 0.0000000000
87960  -29.840  16.130  -53.051 0.0000000000
87948  -29.412  15.388  -52.856 0.0000000000
86973  -29.972  15.132  -52.138 0.0000000000
84008  -28.713  11.313  -51.125 0.0000000000
132864  -29.201  11.901  -50.793 0.0000000000
85005  -30.203  12.563  -50.068 0.0000000000
84989  -30.855  12.701  -49.593 0.0000000000
85923  -32.220  13.543  -49.534 0.0000000000
83993  -31.018  12.063  -49.156 0.0000000000
83975  -31.752  11.986  -48.649 0.0000000000
83974  -31.099  11.453  -48.767 0.0000000000
79440  -30.504  7.871  -48.204 0.0000000000
80554  -30.846  8.639  -47.991 0.0000000000
134605  -31.219  8.175  -47.595 0.0000000000
143791  -31.905  8.397  -47.286 0.0000000000
80557  -33.368  8.809  -47.000 0.0000000000
147022  -34.119  8.548  -46.938 0.0000000000
79430  -33.530  8.000  -46.694 0.0000000000
79415  -33.828  7.183  -46.437 0.0000000000
72720  -26.828  1.874  -50.111 0.0000000000
72709  -27.162  1.295  -49.706 0.0000000000
73870  -28.500  2.083  -48.864 0.0000000000
72676  -30.947  2.051  -46.262 0.0000000000
73846  -30.440  2.507  -46.771 0.0000000000
74974  -31.839  3.221  -45.928 0.0000000000
76084  -33.284  4.241  -45.617 0.0000000000
76086  -34.660  3.898  -45.628 0.0000000000
74978  -35.390  3.410  -45.816 0.0000000000
74992  -35.896  3.608  -46.411 0.0000000000
73848  -35.855  2.955  -46.130 0.0000000000
134063  -27.719  -8.645  -42.251 0.0000000000
62211  -27.313  -8.455  -42.783 0.0000000000
62212  -28.001  -8.158  -42.773 0.0000000000
139261  -28.330  -7.498  -43.282 0.0000000000
63385  -28.496  -6.697  -43.750 0.0000000000
152398  -29.014  -6.896  -43.367 0.0000000000
141303  -29.642  -6.516  -43.070 0.0000000000
80595  -27.710  8.502  -51.308 0.0000000000
81762  -28.354  9.080  -50.783 0.0000000000
82896  -29.523  10.044  -49.736 0.0000000000
80583  -28.882  8.762  -50.161 0.0000000000
80573  -29.380  8.418  -49.551 0.0000000000
79451  -29.345  7.565  -49.418 0.0000000000
78288  -28.335  6.560  -50.411 0.0000000000
78289  -28.794  7.033  -49.923 0.0000000000
79439  -29.832  7.222  -48.738 0.0000000000
78267  -29.726  6.273  -48.690 0.0000000000
77214  -30.156  5.785  -48.095 0.0000000000
159381  -27.682  -0.516  -48.377 0.0000000000
71564  -28.233  0.020  -48.185 0.0000000000
71565  -29.030  0.463  -47.425 0.0000000000
151471  -30.528  1.090  -46.127 0.0000000000
72661  -31.417  1.652  -45.643 0.0000000000
73821  -33.069  1.887  -44.894 0.0000000000
73822  -33.808  1.990  -44.977 0.0000000000
72649  -32.668  1.328  -44.778 0.0000000000
70496  -32.694  -0.756  -44.063 0.0000000000
56386  -25.968  -13.161  -36.401 0.0000000000
60955  -27.509  -9.160  -41.576 0.0000000000
60942  -27.277  -9.722  -40.907 0.0000000000
62190  -28.908  -8.267  -40.696 0.0000000000
147210  -27.116  -0.581  -48.579 0.0000000000
69491  -27.486  -1.119  -48.156 0.0000000000
69478  -27.969  -1.499  -47.627 0.0000000000
69464  -28.412  -1.788  -46.924 0.0000000000
68415  -27.456  -3.038  -46.823 0.0000000000
68416  -28.194  -2.559  -46.572 0.0000000000
68403  -28.590  -2.850  -45.799 0.0000000000
67420  -28.985  -3.090  -45.128 0.0000000000
91990  -26.428  18.860  -53.361 0.0000000000
147346  -26.605  19.246  -55.956 0.0000000000
135713  -27.703  18.448  -56.221 0.0000000000
90900  -27.975  18.984  -56.486 0.0000000000
90901  -28.585  19.001  -56.064 0.0000000000
90893  -28.973  18.682  -55.533 0.0000000000
90894  -29.698  19.026  -55.226 0.0000000000
87969  -27.550  16.548  -54.050 0.0000000000
87965  -28.241  16.377  -54.155 0.0000000000
90882  -29.448  18.382  -54.867 0.0000000000
90883  -30.332  18.897  -54.671 0.0000000000
90870  -30.724  18.529  -54.073 0.0000000000
89802  -31.568  17.871  -53.205 0.0000000000
135777  -26.779  11.959  -52.501 0.0000000000
85033  -27.822  12.982  -52.388 0.0000000000
85961  -28.341  13.203  -52.226 0.0000000000
85962  -28.924  13.868  -52.196 0.0000000000
86959  -29.704  14.365  -51.802 0.0000000000
85016  -29.275  12.703  -51.105 0.0000000000
85952  -30.174  14.125  -51.069 0.0000000000
86961  -31.233  15.196  -51.193 0.0000000000
87934  -32.728  15.836  -51.271 0.0000000000
85924  -33.084  13.567  -49.419 0.0000000000
85925  -33.933  13.416  -49.454 0.0000000000
85941  -34.756  13.256  -49.752 0.0000000000
84994  -35.246  12.443  -49.551 0.0000000000
82887  -31.714  11.095  -48.230 0.0000000000
81737  -31.542  9.714  -47.851 0.0000000000
82868  -32.003  10.338  -47.774 0.0000000000
82888  -32.807  10.972  -47.754 0.0000000000
82889  -33.861  10.924  -47.739 0.0000000000
80558  -34.857  8.617  -47.297 0.0000000000
75032  -26.631  3.249  -50.799 0.0000000000
73893  -27.070  2.614  -50.438 0.0000000000
75021  -27.960  3.744  -50.184 0.0000000000
76132  -28.926  4.809  -49.331 0.0000000000
77201  -30.817  5.970  -47.505 0.0000000000
73858  -29.138  2.294  -48.090 0.0000000000
75002  -30.156  3.766  -47.469 0.0000000000
76110  -30.373  4.608  -47.531 0.0000000000
78242  -31.532  6.055  -46.932 0.0000000000
78243  -32.326  6.261  -46.468 0.0000000000
78244  -33.261  6.406  -46.206 0.0000000000
78245  -34.231  6.418  -46.226 0.0000000000
147858  -34.798  5.753  -46.188 0.0000000000
78246  -35.550  6.002  -46.728 0.0000000000
66458  -27.946  -4.763  -44.969 0.0000000000
64474  -28.108  -6.122  -44.174 0.0000000000
65512  -28.428  -5.376  -44.404 0.0000000000
66446  -28.790  -4.542  -44.578 0.0000000000
138427  -29.664  -4.427  -44.178 0.0000000000
59722  -27.734  -10.859  -38.001 0.0000000000
63371  -29.153  -7.190  -42.840 0.0000000000
73849  -36.167  2.926  -46.754 0.0000000000
73880  -28.134  2.412  -49.483 0.0000000000
73894  -27.701  2.902  -50.078 0.0000000000
74991  -32.039  3.861  -46.088 0.0000000000
75043  -26.842  4.021  -51.101 0.0000000000
76085  -34.008  4.270  -45.558 0.0000000000
77230  -28.678  6.184  -49.938 0.0000000000
78299  -27.050  6.748  -51.664 0.0000000000
79417  -35.366  6.755  -46.874 0.0000000000
79463  -28.855  7.882  -50.033 0.0000000000
80567  -30.356  8.701  -48.528 0.0000000000
81757  -29.912  9.636  -49.172 0.0000000000
82869  -32.704  10.218  -47.539 0.0000000000
82870  -34.024  10.178  -47.482 0.0000000000
84001  -29.772  11.753  -50.056 0.0000000000
84974  -34.165  12.055  -48.559 0.0000000000
84991  -32.570  13.107  -49.128 0.0000000000
85936  -29.999  13.238  -50.632 0.0000000000
85938  -31.866  14.134  -50.043 0.0000000000
86960  -30.445  14.838  -51.488 0.0000000000
87914  -32.104  15.337  -50.953 0.0000000000
87916  -33.408  15.125  -50.692 0.0000000000
88883  -29.841  16.680  -53.455 0.0000000000
88903  -27.858  17.608  -55.311 0.0000000000
143835  -30.472  5.305  -47.641 0.0000000000
144485  -28.017  4.978  -50.579 0.0000000000
151499  -28.287  -8.278  -42.220 0.0000000000
152246  -30.270  9.304  -48.729 0.0000000000
154836  -29.235  10.438  -50.253 0.0000000000
155744  -34.954  6.408  -46.478 0.0000000000
159521  -35.858  5.524  -46.896 0.0000000000
