#!ascii label  , from subject ICBM2009cNolinAsym vox2ras=TkReg
1243
58996  33.267  -7.724  29.500 0.0000000000
79078  47.206  9.421  9.166 0.0000000000
68890  37.619  0.580  18.328 0.0000000000
53542  12.785  -13.749  44.549 0.0000000000
60222  26.916  -7.315  34.343 0.0000000000
74520  38.228  4.877  16.527 0.0000000000
56800  18.623  -10.155  38.514 0.0000000000
53558  17.486  -13.660  42.366 0.0000000000
56837  22.583  -10.006  36.665 0.0000000000
79092  52.180  10.083  7.682 0.0000000000
65678  35.364  -3.116  29.191 0.0000000000
65712  35.365  -2.515  25.230 0.0000000000
61549  38.363  -6.221  29.603 0.0000000000
84564  49.760  14.469  6.675 0.0000000000
82388  53.647  12.408  2.965 0.0000000000
80135  43.386  10.434  12.255 0.0000000000
75740  47.425  6.555  12.613 0.0000000000
74556  42.231  6.046  14.013 0.0000000000
69981  43.108  1.394  17.499 0.0000000000
56845  32.045  -10.090  34.985 0.0000000000
140818  12.214  -16.628  48.941 0.0000000000
50181  8.003  -16.872  51.109 0.0000000000
51304  6.647  -15.251  54.932 0.0000000000
61528  29.026  -6.180  31.376 0.0000000000
157479  27.437  -11.031  35.160 0.0000000000
69917  32.696  1.607  22.720 0.0000000000
68797  39.612  -0.645  25.024 0.0000000000
86479  56.520  16.750  0.460 0.0000000000
79086  50.087  9.523  8.318 0.0000000000
77974  49.679  8.106  10.190 0.0000000000
62669  34.209  -6.089  28.573 0.0000000000
61580  36.103  -6.101  27.385 0.0000000000
60294  36.316  -7.417  29.480 0.0000000000
82346  46.689  12.256  9.055 0.0000000000
83470  48.709  14.289  9.505 0.0000000000
82360  48.256  12.403  7.408 0.0000000000
81286  50.339  11.448  6.252 0.0000000000
134731  5.688  -18.542  55.670 0.0000000000
77957  42.422  7.999  12.751 0.0000000000
77935  40.437  8.376  14.788 0.0000000000
71056  37.792  2.502  17.108 0.0000000000
71076  39.975  3.224  15.726 0.0000000000
142822  40.229  0.451  17.828 0.0000000000
67749  40.947  -0.530  20.251 0.0000000000
150466  15.050  -14.007  43.307 0.0000000000
53529  17.378  -13.686  45.737 0.0000000000
142467  14.454  -15.047  45.584 0.0000000000
142086  14.457  -15.098  48.577 0.0000000000
51369  12.492  -15.611  46.392 0.0000000000
52457  9.120  -14.590  50.136 0.0000000000
135854  7.026  -16.455  53.018 0.0000000000
60220  28.151  -7.845  33.392 0.0000000000
57847  27.603  -9.514  32.054 0.0000000000
142438  25.252  -8.722  33.286 0.0000000000
159017  22.650  -11.117  38.796 0.0000000000
56797  25.074  -10.169  39.191 0.0000000000
141538  39.605  -2.117  26.988 0.0000000000
67692  37.454  -1.694  24.792 0.0000000000
76826  39.709  8.063  17.665 0.0000000000
153903  36.938  5.248  18.877 0.0000000000
73334  35.562  3.655  18.851 0.0000000000
147965  20.647  -12.626  39.572 0.0000000000
54600  19.752  -13.181  42.602 0.0000000000
54628  17.646  -12.555  40.214 0.0000000000
55702  15.659  -11.804  41.341 0.0000000000
132824  14.187  -10.627  43.619 0.0000000000
60225  23.901  -7.318  34.127 0.0000000000
60194  22.054  -6.970  36.023 0.0000000000
56825  20.295  -10.647  37.078 0.0000000000
67661  33.756  -1.439  29.849 0.0000000000
67678  32.484  -0.310  27.462 0.0000000000
65695  34.633  -2.903  27.004 0.0000000000
62690  37.990  -4.737  27.044 0.0000000000
140459  52.881  16.013  3.531 0.0000000000
83513  51.329  13.645  4.220 0.0000000000
81295  52.777  11.176  5.071 0.0000000000
79066  44.778  10.170  10.491 0.0000000000
76895  47.359  7.607  10.572 0.0000000000
76886  44.242  8.058  11.523 0.0000000000
75723  44.501  6.352  13.161 0.0000000000
73371  44.485  4.354  15.207 0.0000000000
74532  40.091  5.358  14.965 0.0000000000
72216  42.182  3.380  15.364 0.0000000000
58943  32.521  -8.589  32.446 0.0000000000
152970  35.199  -8.046  32.354 0.0000000000
137735  45.652  12.263  12.197 0.0000000000
54525  11.405  -13.073  46.710 0.0000000000
52479  10.311  -15.112  47.419 0.0000000000
50194  10.077  -17.205  49.403 0.0000000000
48892  10.211  -18.073  52.861 0.0000000000
47896  7.965  -18.564  52.439 0.0000000000
48857  6.106  -18.011  53.884 0.0000000000
50135  5.134  -17.281  54.997 0.0000000000
50121  3.661  -16.189  55.851 0.0000000000
61538  30.955  -6.210  29.889 0.0000000000
56898  30.045  -9.156  31.427 0.0000000000
55790  29.257  -11.162  34.497 0.0000000000
56848  25.220  -10.002  35.793 0.0000000000
68858  34.647  0.746  20.242 0.0000000000
67704  32.734  -0.750  24.696 0.0000000000
67725  35.524  -0.411  22.864 0.0000000000
67736  37.633  -0.590  21.487 0.0000000000
60238  38.078  -7.081  32.333 0.0000000000
84593  57.619  15.144  -1.130 0.0000000000
83532  54.670  14.109  1.344 0.0000000000
82411  56.557  12.925  0.404 0.0000000000
79088  48.439  9.603  8.531 0.0000000000
77996  49.698  8.939  9.068 0.0000000000
77990  48.842  8.673  9.335 0.0000000000
60314  33.436  -6.865  28.641 0.0000000000
148636  34.960  -7.057  28.229 0.0000000000
60295  34.930  -7.878  29.802 0.0000000000
81269  46.939  11.028  8.621 0.0000000000
82353  47.309  12.551  8.557 0.0000000000
81278  47.608  11.183  8.093 0.0000000000
146258  48.793  10.611  7.636 0.0000000000
135029  4.760  -18.573  56.285 0.0000000000
79016  41.476  9.678  15.232 0.0000000000
152570  41.008  9.400  15.763 0.0000000000
68902  37.740  1.239  17.836 0.0000000000
69984  38.917  1.335  17.169 0.0000000000
68900  39.225  0.630  17.686 0.0000000000
68871  40.966  -0.114  18.947 0.0000000000
67782  39.241  -0.268  18.849 0.0000000000
53541  13.433  -13.716  44.007 0.0000000000
52496  14.902  -14.522  44.261 0.0000000000
52491  13.645  -14.866  45.039 0.0000000000
52485  13.729  -15.310  45.867 0.0000000000
52492  11.984  -14.613  45.622 0.0000000000
135769  27.871  -7.669  34.336 0.0000000000
60234  26.591  -8.157  32.927 0.0000000000
60223  25.429  -7.315  33.449 0.0000000000
55715  22.638  -11.550  40.515 0.0000000000
148149  32.354  1.924  28.483 0.0000000000
67675  40.327  -0.812  27.235 0.0000000000
151564  36.677  4.720  18.408 0.0000000000
73320  36.346  5.155  19.722 0.0000000000
54642  19.780  -12.227  38.584 0.0000000000
136936  19.254  -12.891  39.811 0.0000000000
55734  18.422  -11.754  39.040 0.0000000000
56772  16.159  -10.395  41.022 0.0000000000
56757  15.769  -9.945  41.830 0.0000000000
55686  14.485  -11.654  42.525 0.0000000000
61473  22.888  -6.031  36.189 0.0000000000
58863  19.097  -8.709  38.610 0.0000000000
148950  20.227  -8.717  37.253 0.0000000000
57786  19.614  -10.393  37.455 0.0000000000
55747  20.281  -11.865  38.002 0.0000000000
66648  33.971  -1.929  28.423 0.0000000000
64708  35.038  -3.065  28.274 0.0000000000
61564  37.304  -6.442  28.331 0.0000000000
62678  37.460  -5.381  27.293 0.0000000000
62666  38.446  -5.447  28.425 0.0000000000
63735  39.229  -4.335  28.111 0.0000000000
63722  39.852  -5.012  30.156 0.0000000000
84555  49.462  14.555  7.481 0.0000000000
85517  51.338  15.098  5.002 0.0000000000
84568  50.396  14.162  5.540 0.0000000000
148505  51.282  10.622  6.595 0.0000000000
81297  51.434  11.695  5.284 0.0000000000
151779  52.388  10.535  6.495 0.0000000000
80144  44.261  10.452  11.036 0.0000000000
77978  44.915  9.276  10.486 0.0000000000
77966  43.455  8.840  11.697 0.0000000000
76859  42.120  7.366  13.276 0.0000000000
76858  43.025  7.193  12.945 0.0000000000
74555  43.071  6.043  13.859 0.0000000000
74543  44.552  5.465  14.158 0.0000000000
73384  43.241  4.822  14.615 0.0000000000
75675  38.677  6.639  17.282 0.0000000000
76842  39.426  7.167  15.869 0.0000000000
139539  39.073  5.668  15.733 0.0000000000
71066  40.968  2.220  16.087 0.0000000000
72217  41.268  3.513  15.301 0.0000000000
71064  42.785  2.205  16.399 0.0000000000
72207  43.822  3.082  15.980 0.0000000000
56866  32.149  -9.348  33.662 0.0000000000
58923  33.373  -8.530  33.455 0.0000000000
80113  44.112  11.303  13.955 0.0000000000
81230  44.569  11.482  12.224 0.0000000000
80143  44.780  10.983  10.772 0.0000000000
53556  18.995  -13.441  42.311 0.0000000000
53537  18.197  -13.573  44.099 0.0000000000
51347  13.462  -15.776  49.350 0.0000000000
52456  14.049  -15.156  50.033 0.0000000000
51339  13.298  -15.774  50.230 0.0000000000
51340  12.581  -16.396  50.384 0.0000000000
139352  11.151  -12.671  48.532 0.0000000000
138806  10.835  -13.623  47.293 0.0000000000
53504  10.051  -13.985  48.815 0.0000000000
51342  8.310  -16.027  50.543 0.0000000000
51349  9.033  -16.104  49.237 0.0000000000
48927  9.019  -17.610  50.465 0.0000000000
48926  9.822  -17.833  50.746 0.0000000000
48910  9.163  -18.109  51.283 0.0000000000
47895  8.702  -18.612  52.515 0.0000000000
144469  8.001  -18.126  51.817 0.0000000000
51315  6.668  -15.792  54.180 0.0000000000
50166  6.621  -17.315  53.297 0.0000000000
50150  6.163  -16.834  54.033 0.0000000000
50151  5.651  -17.458  54.430 0.0000000000
50134  5.618  -16.581  54.752 0.0000000000
63715  30.501  -4.570  32.042 0.0000000000
136869  31.068  -4.797  31.074 0.0000000000
158794  29.325  -6.371  30.702 0.0000000000
58987  30.030  -7.816  30.606 0.0000000000
60255  29.254  -7.833  30.935 0.0000000000
56870  27.388  -10.464  33.165 0.0000000000
55805  28.843  -10.932  33.724 0.0000000000
55779  28.722  -11.320  35.224 0.0000000000
58900  23.074  -8.465  35.026 0.0000000000
57819  23.874  -8.766  34.633 0.0000000000
57796  23.815  -9.490  35.975 0.0000000000
132362  26.141  -10.470  38.313 0.0000000000
75755  47.165  6.838  11.842 0.0000000000
76881  48.753  7.093  11.425 0.0000000000
75739  48.263  6.561  12.764 0.0000000000
72154  33.303  3.434  22.449 0.0000000000
71034  33.695  2.724  20.779 0.0000000000
69951  33.511  1.663  21.101 0.0000000000
65704  33.632  -2.206  26.023 0.0000000000
67694  32.411  -0.534  25.629 0.0000000000
66691  33.922  -1.971  25.150 0.0000000000
68799  38.274  -1.199  24.865 0.0000000000
67710  35.515  -0.711  23.680 0.0000000000
67724  37.427  -0.466  23.676 0.0000000000
67737  36.728  -0.464  21.725 0.0000000000
68827  39.018  -0.427  23.405 0.0000000000
67722  39.360  -0.505  22.358 0.0000000000
60231  36.666  -7.679  32.855 0.0000000000
85532  56.557  15.923  -0.132 0.0000000000
84573  52.851  14.394  2.756 0.0000000000
84577  53.281  15.030  2.396 0.0000000000
83526  53.487  13.993  2.262 0.0000000000
82402  56.219  12.470  1.144 0.0000000000
81325  56.924  12.094  0.874 0.0000000000
57768  18.692  -9.178  38.877 0.0000000000
56785  17.772  -10.098  39.623 0.0000000000
79094  50.497  9.972  7.717 0.0000000000
79084  52.109  9.754  8.484 0.0000000000
79076  50.751  9.154  8.907 0.0000000000
63729  35.316  -4.532  28.483 0.0000000000
63737  35.491  -4.866  27.534 0.0000000000
155850  35.363  -5.697  27.616 0.0000000000
61565  36.406  -6.636  27.980 0.0000000000
60293  37.204  -7.131  29.792 0.0000000000
82332  48.447  14.032  10.615 0.0000000000
82345  47.656  13.234  8.764 0.0000000000
83488  48.324  13.218  7.607 0.0000000000
82359  48.804  13.021  6.873 0.0000000000
83506  49.821  12.896  5.826 0.0000000000
81287  49.645  11.665  6.528 0.0000000000
80178  50.155  10.539  7.167 0.0000000000
47842  6.951  -18.451  56.117 0.0000000000
80125  42.674  10.186  13.386 0.0000000000
79045  42.518  9.519  12.849 0.0000000000
79032  41.975  9.649  13.645 0.0000000000
77943  41.360  8.376  13.598 0.0000000000
75727  40.912  7.138  14.080 0.0000000000
72199  37.887  3.525  16.767 0.0000000000
72220  38.985  3.963  15.894 0.0000000000
71068  38.515  2.851  16.494 0.0000000000
69996  40.374  1.649  16.548 0.0000000000
138857  41.599  1.072  17.245 0.0000000000
68887  41.676  0.231  18.630 0.0000000000
68856  42.225  -0.030  19.909 0.0000000000
56832  32.208  -10.631  36.124 0.0000000000
53551  15.873  -13.904  42.997 0.0000000000
53538  17.424  -13.831  43.977 0.0000000000
137879  16.206  -14.246  44.509 0.0000000000
53523  15.818  -14.417  45.825 0.0000000000
52475  15.483  -14.545  47.325 0.0000000000
51361  13.186  -15.854  47.095 0.0000000000
51362  12.466  -16.258  47.735 0.0000000000
53495  10.291  -13.294  49.881 0.0000000000
52449  9.040  -14.422  51.034 0.0000000000
51335  7.972  -15.954  51.470 0.0000000000
50173  7.574  -16.727  51.815 0.0000000000
52430  8.148  -14.639  53.189 0.0000000000
52431  7.665  -15.009  53.650 0.0000000000
52411  7.127  -14.460  55.239 0.0000000000
61520  28.675  -7.503  32.117 0.0000000000
60257  28.279  -8.429  31.572 0.0000000000
149164  27.808  -8.396  32.248 0.0000000000
57848  26.809  -9.253  32.526 0.0000000000
56872  26.025  -10.027  33.757 0.0000000000
132550  22.846  -10.671  38.129 0.0000000000
140359  23.875  -9.865  37.307 0.0000000000
56812  23.360  -10.622  38.941 0.0000000000
134508  47.221  6.163  13.989 0.0000000000
70980  32.565  2.430  25.314 0.0000000000
66687  37.979  -2.193  25.558 0.0000000000
66689  36.117  -2.145  24.869 0.0000000000
66675  38.964  -1.798  26.092 0.0000000000
68780  39.643  -1.247  25.964 0.0000000000
86467  55.999  17.610  1.695 0.0000000000
47846  3.651  -19.005  56.125 0.0000000000
75664  39.772  7.098  19.096 0.0000000000
74509  38.251  6.130  17.651 0.0000000000
73343  37.489  5.262  17.778 0.0000000000
72191  36.812  3.986  17.778 0.0000000000
152863  36.645  3.158  17.882 0.0000000000
69975  36.368  1.599  18.414 0.0000000000
55700  21.904  -12.224  41.582 0.0000000000
54598  21.292  -12.622  42.182 0.0000000000
54612  20.334  -12.953  40.949 0.0000000000
53565  18.959  -13.376  41.477 0.0000000000
53566  18.150  -13.495  41.698 0.0000000000
55717  17.289  -11.590  39.992 0.0000000000
55718  16.768  -12.058  40.497 0.0000000000
53567  16.262  -13.158  41.606 0.0000000000
54601  14.950  -12.604  42.242 0.0000000000
54586  14.237  -12.670  42.873 0.0000000000
55656  13.246  -11.872  44.211 0.0000000000
61499  25.280  -6.632  34.136 0.0000000000
61486  24.352  -5.959  35.276 0.0000000000
60211  22.538  -7.267  35.323 0.0000000000
57811  21.791  -8.685  35.953 0.0000000000
58873  21.161  -7.450  37.112 0.0000000000
157977  21.154  -8.773  36.407 0.0000000000
56838  21.670  -10.155  36.588 0.0000000000
151611  21.458  -11.270  37.576 0.0000000000
55732  21.464  -12.244  39.539 0.0000000000
68758  32.620  0.121  30.179 0.0000000000
69849  32.264  1.068  29.164 0.0000000000
67669  32.900  -0.652  28.870 0.0000000000
66649  33.542  -1.874  27.668 0.0000000000
65703  34.443  -2.753  26.272 0.0000000000
63743  35.864  -4.647  26.884 0.0000000000
63750  36.240  -4.299  26.375 0.0000000000
63758  37.044  -3.461  25.711 0.0000000000
64724  38.248  -3.409  26.324 0.0000000000
64705  40.268  -3.269  28.631 0.0000000000
85519  52.478  16.171  4.510 0.0000000000
84570  51.987  14.690  3.656 0.0000000000
142767  52.398  13.068  3.389 0.0000000000
82375  50.845  12.429  5.130 0.0000000000
82381  51.403  12.328  4.693 0.0000000000
150169  46.012  9.622  9.764 0.0000000000
77991  47.452  8.696  9.552 0.0000000000
77993  45.715  9.120  10.068 0.0000000000
76897  45.685  8.068  10.743 0.0000000000
75757  45.616  7.188  11.639 0.0000000000
76873  43.345  7.933  12.233 0.0000000000
75743  44.489  6.830  12.587 0.0000000000
75722  45.308  6.372  12.995 0.0000000000
74542  45.571  5.565  14.277 0.0000000000
74530  45.948  5.180  15.074 0.0000000000
76833  39.674  8.046  16.438 0.0000000000
75709  39.877  6.931  15.065 0.0000000000
74547  40.702  5.843  14.554 0.0000000000
72219  39.674  3.826  15.605 0.0000000000
73374  40.954  4.261  14.995 0.0000000000
73385  42.348  4.758  14.629 0.0000000000
72214  43.792  3.773  15.424 0.0000000000
137736  32.640  -8.166  30.768 0.0000000000
58984  34.353  -8.163  31.214 0.0000000000
136095  33.888  -8.244  32.174 0.0000000000
58922  34.919  -8.180  33.608 0.0000000000
81250  45.888  12.213  10.398 0.0000000000
81262  45.833  11.286  9.733 0.0000000000
55641  12.762  -12.044  45.110 0.0000000000
55610  12.415  -11.577  46.975 0.0000000000
53524  11.893  -13.100  45.831 0.0000000000
52487  11.312  -14.731  46.294 0.0000000000
52478  10.924  -15.291  46.895 0.0000000000
51364  10.866  -16.289  47.865 0.0000000000
52464  9.268  -14.998  49.110 0.0000000000
50201  10.286  -16.612  48.532 0.0000000000
50193  10.862  -17.037  49.082 0.0000000000
50187  11.127  -17.397  50.599 0.0000000000
146427  11.076  -17.520  51.866 0.0000000000
47866  8.255  -18.942  54.012 0.0000000000
50165  7.188  -17.440  52.463 0.0000000000
48875  6.842  -18.208  53.171 0.0000000000
133334  6.705  -18.934  54.588 0.0000000000
47868  6.052  -18.635  54.483 0.0000000000
47869  5.546  -18.467  55.128 0.0000000000
133384  4.726  -17.778  55.228 0.0000000000
51294  5.251  -15.338  55.994 0.0000000000
50136  4.319  -16.943  55.421 0.0000000000
133409  3.621  -17.128  55.539 0.0000000000
61551  32.398  -6.307  29.298 0.0000000000
62647  31.438  -5.418  30.073 0.0000000000
60276  31.985  -7.212  29.617 0.0000000000
134516  31.629  -8.347  31.108 0.0000000000
57861  30.925  -8.948  31.671 0.0000000000
56886  30.664  -9.914  32.812 0.0000000000
56899  28.942  -9.870  31.925 0.0000000000
135919  30.062  -10.452  33.112 0.0000000000
56854  30.915  -10.595  34.430 0.0000000000
58927  24.736  -8.209  33.474 0.0000000000
57828  25.272  -9.448  33.818 0.0000000000
56847  26.131  -10.467  35.490 0.0000000000
56821  24.627  -9.911  37.568 0.0000000000
55757  26.301  -10.532  37.271 0.0000000000
55756  27.306  -10.981  37.145 0.0000000000
77975  48.785  8.123  10.002 0.0000000000
73322  35.082  4.473  20.297 0.0000000000
69963  35.136  1.853  19.083 0.0000000000
68873  36.212  0.311  19.243 0.0000000000
68774  32.286  0.463  27.078 0.0000000000
68790  32.228  0.809  25.045 0.0000000000
68800  32.401  0.655  24.173 0.0000000000
67702  34.796  -1.051  24.032 0.0000000000
67711  34.358  -0.594  23.397 0.0000000000
151478  33.412  0.389  22.318 0.0000000000
68842  34.310  0.384  21.226 0.0000000000
67754  36.058  -0.328  20.848 0.0000000000
134008  37.270  -0.326  19.688 0.0000000000
136724  39.207  -0.711  20.800 0.0000000000
58982  35.723  -7.925  31.052 0.0000000000
134525  36.937  -7.449  31.203 0.0000000000
61526  38.695  -6.442  31.298 0.0000000000
61517  39.354  -6.378  32.565 0.0000000000
62631  39.782  -5.673  31.371 0.0000000000
85551  58.380  15.989  -1.449 0.0000000000
85529  54.464  15.591  1.464 0.0000000000
85528  55.148  15.636  0.911 0.0000000000
82404  54.851  13.224  1.610 0.0000000000
83531  55.277  13.690  1.040 0.0000000000
84584  56.073  14.942  0.046 0.0000000000
83534  56.938  13.449  -0.297 0.0000000000
83542  57.999  13.350  -1.087 0.0000000000
79089  47.720  9.781  8.668 0.0000000000
77997  48.855  9.146  8.852 0.0000000000
79077  48.091  9.090  9.060 0.0000000000
60297  32.985  -7.213  28.998 0.0000000000
60296  33.720  -7.381  28.908 0.0000000000
58995  34.084  -7.844  29.583 0.0000000000
80170  47.026  10.181  8.844 0.0000000000
80169  47.589  10.467  8.395 0.0000000000
80168  48.110  10.089  8.294 0.0000000000
47855  4.294  -18.598  55.867 0.0000000000
68901  38.354  0.891  17.735 0.0000000000
143265  38.604  0.161  18.347 0.0000000000
67783  38.549  -0.313  19.012 0.0000000000
52498  13.301  -14.325  44.489 0.0000000000
52499  12.681  -14.436  45.016 0.0000000000
152396  12.410  -13.803  44.919 0.0000000000
139842  26.298  -7.549  33.409 0.0000000000
150706  26.009  -7.032  33.945 0.0000000000
55699  22.586  -11.793  41.916 0.0000000000
55698  23.098  -11.297  41.337 0.0000000000
69844  32.384  1.889  29.469 0.0000000000
56814  18.748  -11.176  38.431 0.0000000000
55733  19.063  -11.918  38.555 0.0000000000
57777  19.127  -9.611  37.971 0.0000000000
56813  19.138  -10.730  37.900 0.0000000000
55748  19.425  -11.615  38.063 0.0000000000
65679  34.960  -2.485  29.184 0.0000000000
64707  35.266  -3.868  28.070 0.0000000000
61563  38.077  -6.086  28.766 0.0000000000
62667  37.764  -5.822  27.966 0.0000000000
62656  38.714  -5.639  29.203 0.0000000000
62655  39.321  -5.284  29.684 0.0000000000
62643  38.909  -5.806  29.894 0.0000000000
84554  50.235  15.153  7.256 0.0000000000
84563  50.261  14.700  6.207 0.0000000000
84562  50.803  14.882  5.617 0.0000000000
80176  51.827  10.292  6.981 0.0000000000
80188  51.822  10.718  6.259 0.0000000000
80187  52.742  10.325  7.113 0.0000000000
155964  8.093  -18.521  55.612 0.0000000000
80134  43.966  10.826  11.767 0.0000000000
79053  43.685  9.844  11.423 0.0000000000
75726  41.662  6.740  13.829 0.0000000000
75725  42.546  6.642  13.519 0.0000000000
74544  43.622  5.443  14.174 0.0000000000
74545  42.739  5.414  14.259 0.0000000000
74519  38.439  5.701  16.554 0.0000000000
73363  38.800  4.814  15.923 0.0000000000
69994  42.323  1.536  16.925 0.0000000000
71065  41.912  2.140  16.232 0.0000000000
69993  43.136  1.875  16.920 0.0000000000
57817  32.417  -9.538  34.474 0.0000000000
80123  43.975  11.167  12.752 0.0000000000
81240  44.467  11.120  11.411 0.0000000000
53557  18.251  -13.590  42.519 0.0000000000
153024  18.670  -13.517  42.997 0.0000000000
53549  17.978  -13.703  43.252 0.0000000000
51355  12.818  -16.227  48.693 0.0000000000
51348  12.734  -16.305  49.542 0.0000000000
142728  11.819  -16.848  49.551 0.0000000000
53510  10.658  -13.360  48.176 0.0000000000
50189  8.472  -17.022  50.365 0.0000000000
48911  8.360  -17.710  51.165 0.0000000000
47913  8.549  -18.321  51.852 0.0000000000
48912  7.742  -17.545  51.700 0.0000000000
151620  6.181  -15.976  54.652 0.0000000000
62614  29.402  -5.846  32.615 0.0000000000
62613  29.906  -5.156  32.875 0.0000000000
62624  29.552  -5.183  31.895 0.0000000000
61527  29.561  -5.558  30.847 0.0000000000
60279  29.623  -7.058  30.536 0.0000000000
136332  29.067  -7.068  31.008 0.0000000000
55793  27.134  -10.842  34.583 0.0000000000
55792  27.886  -11.117  34.661 0.0000000000
55768  28.473  -11.388  36.189 0.0000000000
55780  27.922  -11.220  35.541 0.0000000000
57797  22.993  -9.471  36.076 0.0000000000
57809  23.393  -9.077  35.421 0.0000000000
75754  48.028  6.734  11.982 0.0000000000
72140  32.894  2.950  23.741 0.0000000000
72139  33.291  3.556  23.299 0.0000000000
152841  32.749  2.296  22.634 0.0000000000
71023  33.171  2.302  21.587 0.0000000000
69934  32.849  2.075  22.168 0.0000000000
65713  34.478  -2.480  25.505 0.0000000000
66692  33.308  -1.750  25.507 0.0000000000
156364  38.809  -0.830  24.841 0.0000000000
68813  37.546  -0.892  24.286 0.0000000000
68812  38.184  -0.798  24.523 0.0000000000
68828  38.238  -0.420  23.580 0.0000000000
68811  38.867  -0.558  24.446 0.0000000000
86478  57.196  16.925  0.048 0.0000000000
83520  53.065  13.323  2.838 0.0000000000
82395  53.841  13.055  2.385 0.0000000000
58851  18.978  -8.366  39.438 0.0000000000
144208  18.541  -8.782  39.777 0.0000000000
58839  18.885  -8.050  40.328 0.0000000000
144742  50.823  9.604  8.248 0.0000000000
149330  49.961  8.482  9.716 0.0000000000
77988  50.437  8.717  9.516 0.0000000000
63730  35.118  -5.021  28.904 0.0000000000
62668  35.012  -5.489  28.178 0.0000000000
153805  35.186  -7.356  28.649 0.0000000000
60312  35.795  -7.186  28.495 0.0000000000
60311  36.808  -7.000  28.827 0.0000000000
82334  46.665  12.840  10.212 0.0000000000
82333  47.579  13.487  10.429 0.0000000000
145490  47.233  13.078  9.390 0.0000000000
82361  47.666  12.019  7.924 0.0000000000
82352  47.802  12.908  8.032 0.0000000000
82368  49.399  12.464  6.362 0.0000000000
81288  48.915  11.959  6.896 0.0000000000
79095  49.536  10.147  7.746 0.0000000000
81276  49.312  11.005  7.106 0.0000000000
47843  6.119  -18.476  56.182 0.0000000000
80115  42.473  10.263  14.136 0.0000000000
79017  40.839  9.130  14.978 0.0000000000
77934  40.991  8.742  14.200 0.0000000000
77944  40.823  7.977  14.078 0.0000000000
69983  39.822  1.132  17.137 0.0000000000
69997  39.445  1.810  16.602 0.0000000000
69982  40.771  1.039  17.168 0.0000000000
68899  41.248  0.573  17.805 0.0000000000
67763  40.571  -0.420  19.542 0.0000000000
152680  41.490  -0.207  19.578 0.0000000000
67748  41.748  -0.358  20.615 0.0000000000
80114  43.152  10.720  14.105 0.0000000000
53539  16.502  -14.077  43.845 0.0000000000
53540  15.551  -14.281  43.909 0.0000000000
52490  14.604  -14.784  44.833 0.0000000000
53531  15.539  -14.548  44.843 0.0000000000
136188  15.142  -14.770  45.472 0.0000000000
52483  15.172  -14.783  46.327 0.0000000000
52476  14.692  -15.026  47.030 0.0000000000
52484  14.421  -15.190  46.279 0.0000000000
51368  13.217  -15.556  46.298 0.0000000000
144219  12.226  -15.954  46.937 0.0000000000
52440  8.859  -14.356  51.873 0.0000000000
52450  8.444  -15.120  51.250 0.0000000000
52441  8.198  -15.073  52.219 0.0000000000
52429  8.758  -14.156  52.750 0.0000000000
52422  7.339  -14.929  54.389 0.0000000000
60219  28.676  -7.642  34.413 0.0000000000
61498  28.995  -7.410  33.686 0.0000000000
61510  29.264  -6.684  33.140 0.0000000000
61511  28.768  -7.431  32.789 0.0000000000
60232  28.180  -7.961  32.471 0.0000000000
58925  26.076  -8.585  32.934 0.0000000000
57827  25.937  -9.323  33.117 0.0000000000
56871  26.601  -9.941  33.041 0.0000000000
144731  38.499  -2.197  26.003 0.0000000000
66674  39.156  -2.068  26.453 0.0000000000
67676  39.947  -1.066  26.618 0.0000000000
68773  40.075  -1.050  26.479 0.0000000000
47856  3.136  -18.434  55.487 0.0000000000
74508  38.931  6.658  18.396 0.0000000000
145855  37.497  5.552  18.676 0.0000000000
73353  37.282  4.187  17.339 0.0000000000
73344  37.065  4.895  18.045 0.0000000000
157189  36.001  3.817  18.494 0.0000000000
73345  36.359  3.891  18.210 0.0000000000
72185  36.015  3.175  18.326 0.0000000000
72192  36.468  2.441  18.154 0.0000000000
71048  35.730  2.332  18.577 0.0000000000
54624  20.948  -12.680  40.296 0.0000000000
54611  21.166  -12.623  41.212 0.0000000000
54625  20.088  -12.908  40.075 0.0000000000
54637  18.459  -12.525  39.635 0.0000000000
54626  19.354  -13.194  40.736 0.0000000000
54627  18.491  -13.043  40.331 0.0000000000
53575  18.534  -13.318  40.994 0.0000000000
53576  17.796  -13.205  40.884 0.0000000000
56802  17.743  -11.134  39.470 0.0000000000
56786  17.264  -10.561  40.027 0.0000000000
55701  16.119  -11.446  40.917 0.0000000000
54615  16.240  -12.467  41.097 0.0000000000
153087  16.622  -13.050  41.218 0.0000000000
54616  15.594  -12.552  41.660 0.0000000000
53568  15.655  -13.321  42.186 0.0000000000
56742  14.403  -10.870  42.996 0.0000000000
55670  13.879  -11.590  43.383 0.0000000000
54587  13.529  -12.776  43.569 0.0000000000
61485  25.340  -6.138  35.224 0.0000000000
143242  24.904  -5.757  35.899 0.0000000000
61474  22.348  -6.365  36.455 0.0000000000
61488  22.650  -6.513  35.714 0.0000000000
58901  22.399  -8.169  35.364 0.0000000000
58902  21.894  -7.751  35.848 0.0000000000
57776  19.961  -9.632  37.184 0.0000000000
148691  20.660  -9.196  36.699 0.0000000000
57799  21.348  -9.417  36.391 0.0000000000
56839  20.794  -10.039  36.694 0.0000000000
56824  21.182  -10.793  37.011 0.0000000000
54634  20.712  -12.276  38.792 0.0000000000
141730  21.505  -11.912  38.722 0.0000000000
55716  21.828  -12.160  40.593 0.0000000000
67662  32.976  -0.776  29.737 0.0000000000
68759  32.478  0.131  29.521 0.0000000000
65688  34.228  -2.471  27.672 0.0000000000
65696  33.851  -2.418  26.903 0.0000000000
64727  35.137  -3.295  26.435 0.0000000000
62680  35.874  -5.442  27.156 0.0000000000
64716  35.460  -4.202  27.167 0.0000000000
62691  37.231  -4.816  26.737 0.0000000000
62692  36.657  -4.750  26.623 0.0000000000
63749  36.985  -4.202  26.188 0.0000000000
63759  36.462  -3.781  25.896 0.0000000000
63748  37.765  -4.199  26.473 0.0000000000
64715  38.520  -3.958  26.876 0.0000000000
63734  39.764  -4.129  28.758 0.0000000000
64706  39.721  -3.520  28.061 0.0000000000
83479  49.515  14.839  9.465 0.0000000000
85516  51.877  15.855  5.255 0.0000000000
84571  51.497  14.477  4.254 0.0000000000
83512  51.808  13.781  3.683 0.0000000000
81299  49.996  12.110  5.974 0.0000000000
155465  50.322  12.499  5.530 0.0000000000
81298  50.664  11.856  5.659 0.0000000000
81296  52.115  11.294  5.273 0.0000000000
81306  52.137  11.809  4.597 0.0000000000
79065  45.413  9.864  10.070 0.0000000000
77964  44.899  8.440  10.859 0.0000000000
76885  45.190  7.693  11.248 0.0000000000
76871  44.891  7.191  11.920 0.0000000000
77956  42.738  8.774  12.399 0.0000000000
75724  43.827  6.675  13.025 0.0000000000
75744  43.735  7.204  12.551 0.0000000000
158426  45.095  6.760  12.437 0.0000000000
75705  45.649  5.976  13.671 0.0000000000
75706  44.923  5.949  13.643 0.0000000000
74531  45.030  5.019  14.825 0.0000000000
77919  40.263  8.791  17.150 0.0000000000
75694  39.454  6.334  15.461 0.0000000000
74548  40.006  6.117  14.909 0.0000000000
75708  40.472  6.650  14.540 0.0000000000
72208  39.240  3.171  16.011 0.0000000000
73373  41.848  4.116  14.972 0.0000000000
73386  41.491  4.813  14.667 0.0000000000
73372  42.885  4.062  15.070 0.0000000000
58964  32.508  -8.403  31.645 0.0000000000
58963  33.351  -8.257  31.376 0.0000000000
136592  33.102  -8.361  32.086 0.0000000000
58911  33.604  -8.596  34.210 0.0000000000
153078  34.127  -8.325  33.569 0.0000000000
81249  46.429  12.742  11.336 0.0000000000
134971  45.706  12.249  11.361 0.0000000000
81251  45.343  11.561  10.585 0.0000000000
80153  45.315  10.690  10.170 0.0000000000
79080  45.895  10.321  9.685 0.0000000000
54599  20.450  -12.941  42.439 0.0000000000
151418  21.050  -12.737  43.054 0.0000000000
54585  20.190  -12.949  43.340 0.0000000000
135272  16.965  -13.918  44.708 0.0000000000
52461  14.623  -14.825  49.464 0.0000000000
154396  13.242  -11.260  44.939 0.0000000000
54524  11.865  -12.203  47.366 0.0000000000
54541  12.039  -12.341  46.432 0.0000000000
53525  11.504  -13.862  45.982 0.0000000000
53517  10.730  -14.481  46.999 0.0000000000
153759  10.682  -15.739  47.402 0.0000000000
51356  10.147  -15.852  47.876 0.0000000000
52463  9.655  -14.068  49.725 0.0000000000
50195  9.097  -17.039  49.645 0.0000000000
50202  9.562  -16.641  49.001 0.0000000000
150133  11.021  -17.334  49.823 0.0000000000
50188  10.385  -17.567  50.232 0.0000000000
48909  10.209  -17.947  51.784 0.0000000000
50172  10.957  -17.552  52.665 0.0000000000
47878  8.414  -18.830  53.146 0.0000000000
47877  9.380  -18.533  53.193 0.0000000000
51330  7.322  -16.395  52.430 0.0000000000
47880  6.659  -18.747  53.841 0.0000000000
48858  5.430  -18.077  54.735 0.0000000000
48841  4.842  -18.252  55.373 0.0000000000
51295  4.488  -15.804  55.885 0.0000000000
50137  3.115  -16.814  55.569 0.0000000000
135549  32.769  -5.846  29.428 0.0000000000
62648  30.421  -5.364  30.402 0.0000000000
61552  31.690  -6.012  29.597 0.0000000000
60277  31.309  -7.160  29.871 0.0000000000
58985  31.984  -7.787  30.172 0.0000000000
58986  30.994  -7.802  30.476 0.0000000000
58966  30.529  -8.462  31.015 0.0000000000
57846  30.423  -9.553  32.087 0.0000000000
57845  31.190  -9.346  32.438 0.0000000000
57864  27.971  -8.919  31.676 0.0000000000
57863  28.392  -9.388  31.681 0.0000000000
56889  28.243  -10.041  32.125 0.0000000000
56868  29.207  -10.611  33.048 0.0000000000
55804  29.655  -10.856  33.818 0.0000000000
56855  30.334  -10.667  33.925 0.0000000000
55789  30.159  -11.057  34.680 0.0000000000
55776  31.009  -10.953  35.320 0.0000000000
55777  30.241  -11.356  35.641 0.0000000000
61500  24.481  -6.800  34.008 0.0000000000
60224  24.661  -7.506  33.614 0.0000000000
58912  24.131  -8.084  33.910 0.0000000000
57808  24.441  -9.600  35.706 0.0000000000
57818  24.664  -9.483  34.779 0.0000000000
56858  25.574  -10.058  34.667 0.0000000000
56811  23.809  -10.098  38.162 0.0000000000
56810  24.770  -10.027  38.436 0.0000000000
138609  26.699  -10.719  38.970 0.0000000000
55744  26.994  -10.825  38.069 0.0000000000
77977  46.952  8.238  10.071 0.0000000000
77976  47.839  8.096  10.041 0.0000000000
73298  34.550  4.441  21.282 0.0000000000
69950  34.113  1.763  20.212 0.0000000000
71033  34.307  2.799  19.942 0.0000000000
69964  34.729  1.471  19.642 0.0000000000
68874  35.361  0.942  19.339 0.0000000000
67670  32.604  -0.277  28.227 0.0000000000
68766  32.397  0.410  27.990 0.0000000000
68782  32.207  0.450  25.936 0.0000000000
140366  32.322  0.064  24.927 0.0000000000
141403  32.561  -0.097  24.255 0.0000000000
67693  36.214  -1.681  24.561 0.0000000000
66704  35.206  -1.418  24.370 0.0000000000
67701  35.848  -1.156  24.226 0.0000000000
151406  34.982  -0.497  23.178 0.0000000000
67726  34.569  -0.304  22.695 0.0000000000
67727  33.753  -0.124  22.763 0.0000000000
68829  33.997  0.071  22.025 0.0000000000
67739  34.855  -0.180  21.923 0.0000000000
67753  36.968  -0.496  20.672 0.0000000000
67766  36.422  -0.217  19.941 0.0000000000
67752  37.838  -0.629  20.453 0.0000000000
67751  38.646  -0.668  20.249 0.0000000000
67735  38.450  -0.684  21.140 0.0000000000
67721  40.209  -0.523  22.211 0.0000000000
58983  35.113  -8.027  30.700 0.0000000000
58961  35.304  -8.018  31.609 0.0000000000
60239  37.380  -7.431  32.575 0.0000000000
60254  36.676  -7.648  31.918 0.0000000000
60253  37.466  -7.297  31.728 0.0000000000
60252  38.119  -6.891  31.516 0.0000000000
62620  39.962  -5.879  32.207 0.0000000000
62630  40.627  -5.227  31.801 0.0000000000
85543  57.301  16.078  -0.549 0.0000000000
85542  57.925  16.319  -0.888 0.0000000000
152541  57.877  14.184  -1.309 0.0000000000
84576  54.018  14.734  1.733 0.0000000000
85526  53.854  15.939  2.171 0.0000000000
84580  54.669  14.925  1.220 0.0000000000
82403  55.521  12.828  1.400 0.0000000000
83530  55.897  13.310  0.726 0.0000000000
84585  55.673  14.221  0.488 0.0000000000
83535  56.280  13.899  0.078 0.0000000000
79087  49.217  9.545  8.405 0.0000000000
77989  49.398  8.449  9.647 0.0000000000
141222  33.954  -6.555  28.473 0.0000000000
61567  34.803  -6.344  28.017 0.0000000000
60313  34.191  -6.950  28.431 0.0000000000
137520  34.619  -7.475  28.904 0.0000000000
141525  35.447  -7.561  29.236 0.0000000000
143234  46.409  11.475  9.097 0.0000000000
157903  46.748  11.617  8.752 0.0000000000
81277  48.341  11.369  7.505 0.0000000000
80180  48.180  10.617  7.976 0.0000000000
80179  48.705  10.081  8.074 0.0000000000
47844  5.376  -18.487  56.274 0.0000000000
79023  42.004  10.000  14.644 0.0000000000
79015  42.205  10.098  15.609 0.0000000000
77928  40.313  8.796  15.845 0.0000000000
69986  37.459  1.847  17.692 0.0000000000
69998  38.612  2.067  16.765 0.0000000000
69985  38.114  1.625  17.331 0.0000000000
68888  40.866  0.171  18.368 0.0000000000
68889  39.491  0.144  18.261 0.0000000000
67781  40.161  -0.100  18.741 0.0000000000
67764  39.720  -0.491  19.498 0.0000000000
53552  14.233  -13.699  43.402 0.0000000000
52504  14.754  -14.247  43.772 0.0000000000
52497  14.110  -14.385  44.211 0.0000000000
51375  12.806  -15.190  45.686 0.0000000000
52486  12.010  -15.215  46.039 0.0000000000
60233  27.449  -8.207  32.755 0.0000000000
60221  27.179  -7.815  33.450 0.0000000000
137457  25.859  -7.923  33.084 0.0000000000
58926  25.271  -8.023  33.206 0.0000000000
141753  22.205  -11.799  39.864 0.0000000000
56799  22.854  -11.165  39.644 0.0000000000
70961  32.524  2.106  27.406 0.0000000000
65693  40.142  -1.849  27.570 0.0000000000
66661  39.866  -1.385  26.940 0.0000000000
66647  40.283  -1.164  27.430 0.0000000000
73332  36.919  5.325  19.301 0.0000000000
73333  36.162  4.519  18.846 0.0000000000
73321  35.608  4.467  19.524 0.0000000000
54635  19.951  -12.653  39.288 0.0000000000
54636  19.156  -12.422  39.111 0.0000000000
56771  16.838  -9.947  40.618 0.0000000000
56773  15.527  -10.949  41.446 0.0000000000
55685  15.116  -11.690  41.852 0.0000000000
61475  21.769  -6.819  36.795 0.0000000000
144433  19.947  -7.729  38.568 0.0000000000
60168  20.407  -7.852  37.758 0.0000000000
58862  19.640  -8.580  37.990 0.0000000000
55758  20.711  -11.368  37.460 0.0000000000
55759  19.855  -11.203  37.533 0.0000000000
66634  34.312  -1.937  29.171 0.0000000000
65687  34.611  -2.474  28.408 0.0000000000
142372  34.793  -2.906  27.695 0.0000000000
61579  36.949  -6.051  27.558 0.0000000000
62679  36.626  -5.400  27.020 0.0000000000
62677  38.192  -5.180  27.700 0.0000000000
63742  38.648  -4.506  27.536 0.0000000000
63736  38.725  -4.895  28.128 0.0000000000
62665  39.145  -4.924  28.837 0.0000000000
63721  40.486  -4.409  30.215 0.0000000000
83480  49.075  14.469  8.470 0.0000000000
138559  50.548  15.530  8.119 0.0000000000
83504  50.874  14.113  4.841 0.0000000000
80189  50.645  10.843  6.646 0.0000000000
81285  51.142  11.174  6.055 0.0000000000
80202  51.792  11.111  5.717 0.0000000000
80201  52.475  10.870  5.821 0.0000000000
80200  53.305  10.824  5.616 0.0000000000
134073  53.051  10.609  6.341 0.0000000000
79052  44.309  9.747  10.834 0.0000000000
77965  44.166  9.013  11.037 0.0000000000
145222  41.788  8.021  13.177 0.0000000000
148835  43.279  6.504  13.369 0.0000000000
74554  43.968  6.048  13.617 0.0000000000
73383  44.120  4.899  14.632 0.0000000000
76834  39.164  7.309  16.898 0.0000000000
75685  38.970  6.462  16.245 0.0000000000
74533  39.472  5.060  15.356 0.0000000000
71075  40.681  2.969  15.675 0.0000000000
71074  41.574  2.799  15.713 0.0000000000
71073  42.451  2.726  15.862 0.0000000000
72215  43.059  3.262  15.589 0.0000000000
71072  43.166  2.706  16.052 0.0000000000
57844  31.921  -9.042  32.864 0.0000000000
58924  32.653  -8.771  33.210 0.0000000000
57825  32.854  -8.930  33.988 0.0000000000
81204  45.197  11.791  14.341 0.0000000000
81218  44.824  11.712  13.304 0.0000000000
81229  45.305  12.035  12.708 0.0000000000
81239  45.036  11.743  11.559 0.0000000000
53547  19.327  -13.286  43.165 0.0000000000
53548  18.772  -13.410  43.706 0.0000000000
52462  14.067  -15.322  49.167 0.0000000000
51334  13.066  -15.781  51.089 0.0000000000
50178  12.418  -16.452  51.273 0.0000000000
54507  11.799  -12.055  48.407 0.0000000000
54508  11.239  -12.800  47.733 0.0000000000
53511  10.306  -14.256  47.749 0.0000000000
51341  8.795  -15.544  49.860 0.0000000000
50196  8.687  -16.372  49.865 0.0000000000
48937  9.633  -17.488  50.053 0.0000000000
48893  9.369  -18.389  52.201 0.0000000000
138294  7.137  -15.650  53.621 0.0000000000
155879  6.664  -16.395  53.587 0.0000000000
62635  30.101  -4.873  31.162 0.0000000000
61539  29.948  -6.220  30.266 0.0000000000
60278  30.434  -7.058  30.169 0.0000000000
58967  29.585  -8.547  31.063 0.0000000000
152491  27.679  -10.149  32.462 0.0000000000
56869  28.305  -10.561  32.915 0.0000000000
55806  28.055  -10.920  33.786 0.0000000000
55791  28.551  -11.131  34.376 0.0000000000
55778  29.570  -11.336  35.222 0.0000000000
133364  29.428  -11.499  36.096 0.0000000000
58913  23.451  -7.942  34.456 0.0000000000
146333  24.051  -9.264  35.316 0.0000000000
56796  25.492  -10.355  39.783 0.0000000000
56809  25.457  -10.239  38.588 0.0000000000
134187  25.866  -10.418  39.127 0.0000000000
76883  46.845  7.230  11.143 0.0000000000
76882  47.750  7.129  11.241 0.0000000000
75753  48.741  6.769  12.211 0.0000000000
73276  33.795  4.126  22.827 0.0000000000
73299  33.813  3.968  21.918 0.0000000000
72169  33.892  3.635  21.168 0.0000000000
72170  33.377  3.175  21.632 0.0000000000
68859  33.951  1.033  20.819 0.0000000000
66663  33.095  -1.702  26.811 0.0000000000
66664  32.653  -0.946  26.984 0.0000000000
66676  33.032  -1.672  26.022 0.0000000000
66693  32.848  -1.260  25.485 0.0000000000
66706  33.396  -1.410  24.874 0.0000000000
68789  37.579  -1.466  24.699 0.0000000000
67700  36.778  -1.525  24.508 0.0000000000
132586  36.530  -0.566  23.644 0.0000000000
67738  35.790  -0.333  21.873 0.0000000000
141290  36.564  -0.381  22.779 0.0000000000
132295  37.491  -0.410  22.619 0.0000000000
67723  38.438  -0.497  22.321 0.0000000000
153766  39.030  -0.624  21.595 0.0000000000
58920  36.064  -7.879  33.262 0.0000000000
58939  35.918  -7.906  32.364 0.0000000000
58919  36.643  -7.697  33.598 0.0000000000
60230  37.294  -7.514  33.430 0.0000000000
133661  38.040  -7.255  33.190 0.0000000000
85522  52.779  15.268  3.036 0.0000000000
159044  53.218  15.765  2.839 0.0000000000
83525  54.197  13.634  1.862 0.0000000000
82410  57.261  12.513  0.133 0.0000000000
81335  57.692  11.769  0.658 0.0000000000
56801  18.192  -10.664  38.969 0.0000000000
57769  18.266  -9.642  39.264 0.0000000000
57760  18.072  -9.184  40.092 0.0000000000
58850  19.454  -7.999  39.008 0.0000000000
79093  51.404  9.909  7.817 0.0000000000
79085  51.352  9.523  8.517 0.0000000000
135321  51.641  9.279  9.166 0.0000000000
77987  51.151  8.823  9.726 0.0000000000
64700  35.586  -3.781  29.280 0.0000000000
61581  35.515  -6.060  27.550 0.0000000000
61566  35.537  -6.601  27.830 0.0000000000
61550  37.644  -6.635  29.225 0.0000000000
61537  37.973  -6.715  30.114 0.0000000000
82344  47.924  13.723  9.524 0.0000000000
83471  48.267  13.741  8.464 0.0000000000
83487  48.793  13.878  7.549 0.0000000000
140568  49.283  13.858  6.747 0.0000000000
83496  49.837  13.816  6.001 0.0000000000
142268  49.394  13.216  6.313 0.0000000000
80190  50.021  11.099  6.748 0.0000000000
80177  50.962  10.303  7.120 0.0000000000
47852  7.365  -18.762  55.318 0.0000000000
80124  43.315  10.709  13.165 0.0000000000
80136  42.923  10.109  12.708 0.0000000000
77942  41.951  8.797  13.068 0.0000000000
79024  41.400  9.396  14.349 0.0000000000
79033  41.468  9.026  13.701 0.0000000000
76860  41.408  7.591  13.619 0.0000000000
73352  37.761  4.531  16.896 0.0000000000
73364  38.359  4.174  16.347 0.0000000000
72209  38.588  3.517  16.272 0.0000000000
71067  39.955  2.469  16.081 0.0000000000
69995  41.331  1.550  16.636 0.0000000000
68886  42.605  0.501  18.743 0.0000000000
68870  42.924  0.324  19.582 0.0000000000
144950  42.188  0.146  19.279 0.0000000000
151372  43.469  0.340  20.178 0.0000000000
56846  31.776  -10.587  35.494 0.0000000000
155281  32.340  -10.230  35.580 0.0000000000
53550  16.967  -13.881  43.092 0.0000000000
53530  16.420  -14.138  45.311 0.0000000000
52469  14.173  -15.399  47.602 0.0000000000
52477  13.913  -15.459  46.666 0.0000000000
51354  13.586  -15.762  48.327 0.0000000000
50199  12.116  -16.506  48.336 0.0000000000
53488  9.793  -13.614  50.814 0.0000000000
52458  8.687  -15.124  50.530 0.0000000000
51329  7.683  -15.917  52.149 0.0000000000
51323  7.568  -15.550  52.895 0.0000000000
61519  29.031  -6.666  32.197 0.0000000000
61529  28.820  -7.213  31.606 0.0000000000
60240  28.342  -8.039  31.833 0.0000000000
60241  27.841  -8.626  31.923 0.0000000000
58944  27.423  -8.996  32.027 0.0000000000
58945  27.132  -8.684  32.464 0.0000000000
56890  27.144  -9.882  32.541 0.0000000000
56856  26.792  -10.501  33.814 0.0000000000
56836  23.468  -9.788  36.676 0.0000000000
56822  23.126  -10.192  37.370 0.0000000000
134238  24.228  -10.192  39.111 0.0000000000
56798  23.738  -10.579  39.789 0.0000000000
138688  24.675  -10.287  40.011 0.0000000000
75721  46.781  6.322  13.262 0.0000000000
75720  47.711  6.383  13.435 0.0000000000
72130  32.913  3.072  24.637 0.0000000000
70988  32.535  2.293  24.198 0.0000000000
65711  36.241  -2.598  25.183 0.0000000000
66688  37.128  -2.167  25.111 0.0000000000
67691  38.150  -1.852  25.366 0.0000000000
150972  38.297  -1.687  25.227 0.0000000000
66662  39.521  -1.374  26.378 0.0000000000
67685  38.945  -1.848  25.834 0.0000000000
68781  39.021  -1.576  25.605 0.0000000000
68788  38.466  -1.465  25.114 0.0000000000
68798  38.985  -0.938  25.055 0.0000000000
86474  55.806  16.680  0.958 0.0000000000
81311  53.432  11.901  3.646 0.0000000000
151576  3.629  -18.447  55.625 0.0000000000
75674  39.325  7.283  18.085 0.0000000000
74501  38.041  5.958  17.853 0.0000000000
74510  37.903  5.385  17.154 0.0000000000
72200  37.221  3.246  17.380 0.0000000000
71057  37.089  2.503  17.717 0.0000000000
69974  37.138  1.311  18.148 0.0000000000
139869  20.609  -12.881  41.704 0.0000000000
54613  19.786  -13.185  41.740 0.0000000000
55735  17.869  -11.979  39.606 0.0000000000
56787  16.677  -11.003  40.436 0.0000000000
54614  16.990  -12.895  40.833 0.0000000000
134589  17.109  -13.357  41.527 0.0000000000
53559  16.549  -13.605  42.269 0.0000000000
53560  14.946  -13.464  42.745 0.0000000000
54557  12.942  -12.886  44.341 0.0000000000
61484  26.151  -6.693  34.801 0.0000000000
135960  24.632  -6.323  34.586 0.0000000000
61501  23.780  -6.537  34.645 0.0000000000
61487  23.420  -6.072  35.584 0.0000000000
134898  23.052  -6.676  35.113 0.0000000000
60210  23.217  -7.227  34.693 0.0000000000
147438  22.883  -7.812  34.906 0.0000000000
57810  22.590  -8.933  35.598 0.0000000000
57798  22.116  -9.506  36.109 0.0000000000
58874  20.795  -8.345  36.916 0.0000000000
58889  21.358  -8.079  36.392 0.0000000000
56823  22.150  -10.716  37.308 0.0000000000
55745  22.005  -11.363  38.211 0.0000000000
55746  21.140  -11.777  38.068 0.0000000000
55731  22.146  -11.672  39.101 0.0000000000
148870  32.378  0.949  29.816 0.0000000000
68765  32.394  0.267  28.785 0.0000000000
67677  32.927  -1.048  27.796 0.0000000000
67668  33.559  -1.383  29.136 0.0000000000
146695  33.387  -1.391  28.409 0.0000000000
64734  35.113  -2.966  25.795 0.0000000000
64726  35.594  -3.970  26.593 0.0000000000
62693  36.257  -4.929  26.805 0.0000000000
64733  35.765  -3.573  25.933 0.0000000000
64732  36.349  -3.221  25.516 0.0000000000
136021  35.707  -3.000  25.500 0.0000000000
65710  37.091  -2.734  25.368 0.0000000000
65702  38.565  -2.649  26.247 0.0000000000
64723  39.036  -2.941  26.770 0.0000000000
64714  39.180  -3.710  27.429 0.0000000000
65686  40.093  -2.720  28.035 0.0000000000
85523  52.354  15.433  3.688 0.0000000000
85520  51.869  15.348  4.363 0.0000000000
158615  52.437  14.783  3.217 0.0000000000
84574  52.378  14.002  3.166 0.0000000000
155161  53.016  12.534  3.295 0.0000000000
83505  50.387  13.281  5.282 0.0000000000
83514  51.021  13.077  4.616 0.0000000000
82380  51.738  12.792  4.041 0.0000000000
81312  52.617  12.220  3.843 0.0000000000
79079  46.490  9.848  9.345 0.0000000000
77992  46.540  9.016  9.687 0.0000000000
138031  46.128  8.460  10.248 0.0000000000
156397  45.442  8.655  10.446 0.0000000000
76896  46.491  7.799  10.619 0.0000000000
76884  46.012  7.450  11.148 0.0000000000
75756  46.324  7.001  11.739 0.0000000000
75741  46.585  6.617  12.424 0.0000000000
79044  43.070  9.579  12.167 0.0000000000
76872  44.111  7.435  12.128 0.0000000000
75742  45.700  6.757  12.273 0.0000000000
139248  46.088  6.403  12.857 0.0000000000
141118  46.048  6.160  13.368 0.0000000000
75704  46.408  5.948  14.028 0.0000000000
74541  46.406  5.566  14.671 0.0000000000
76841  39.907  7.835  15.378 0.0000000000
76850  40.342  7.494  14.600 0.0000000000
143664  41.042  6.468  14.242 0.0000000000
75707  41.453  5.979  14.230 0.0000000000
73376  39.394  4.418  15.554 0.0000000000
73375  40.087  4.506  15.186 0.0000000000
72218  40.420  3.704  15.374 0.0000000000
73387  40.732  5.016  14.756 0.0000000000
154962  41.242  5.402  14.488 0.0000000000
74546  41.908  5.390  14.345 0.0000000000
137023  32.794  -7.954  30.013 0.0000000000
144986  33.564  -8.109  30.357 0.0000000000
58962  34.687  -8.124  32.026 0.0000000000
58942  33.221  -8.422  32.733 0.0000000000
58941  34.596  -8.184  32.809 0.0000000000
58940  35.394  -8.032  33.002 0.0000000000
82335  46.170  12.067  9.604 0.0000000000
80163  46.392  10.676  9.174 0.0000000000
150407  20.300  -12.861  44.204 0.0000000000
54558  12.347  -13.112  45.026 0.0000000000
55626  12.534  -11.719  46.072 0.0000000000
140186  12.266  -12.445  45.662 0.0000000000
53532  12.048  -13.839  45.321 0.0000000000
137230  11.063  -13.926  46.602 0.0000000000
51370  11.670  -15.529  46.556 0.0000000000
51363  11.423  -16.016  47.229 0.0000000000
50207  11.614  -16.405  47.908 0.0000000000
50200  11.348  -16.746  48.538 0.0000000000
52470  9.781  -15.018  48.138 0.0000000000
51357  9.515  -15.927  48.496 0.0000000000
50186  11.779  -16.929  50.523 0.0000000000
50179  11.608  -17.087  51.429 0.0000000000
50180  10.732  -17.637  51.070 0.0000000000
50171  11.628  -16.991  52.435 0.0000000000
47851  8.195  -18.725  54.991 0.0000000000
48894  7.585  -18.072  52.150 0.0000000000
48874  7.361  -18.334  52.643 0.0000000000
47879  7.484  -18.844  53.280 0.0000000000
47867  7.397  -19.022  54.285 0.0000000000
47853  6.317  -18.731  55.311 0.0000000000
47854  5.063  -18.486  55.729 0.0000000000
52412  6.416  -14.729  55.617 0.0000000000
51305  5.855  -15.566  55.326 0.0000000000
51306  5.071  -16.281  55.384 0.0000000000
48842  4.049  -17.906  55.515 0.0000000000
145886  33.209  -0.815  30.381 0.0000000000
143724  33.654  -5.826  29.196 0.0000000000
61568  33.298  -6.355  28.913 0.0000000000
60315  32.866  -6.732  28.926 0.0000000000
62658  32.079  -5.775  29.625 0.0000000000
60298  32.393  -6.924  29.221 0.0000000000
58997  32.549  -7.513  29.524 0.0000000000
58965  31.770  -8.744  32.044 0.0000000000
57826  31.400  -9.678  33.257 0.0000000000
56853  31.630  -10.042  34.172 0.0000000000
58968  28.718  -8.613  31.348 0.0000000000
57862  29.187  -9.272  31.440 0.0000000000
56887  29.681  -9.724  31.909 0.0000000000
141903  28.827  -10.302  32.447 0.0000000000
56888  29.469  -10.208  32.445 0.0000000000
155738  30.071  -10.031  32.434 0.0000000000
56867  30.844  -10.260  33.610 0.0000000000
132542  31.480  -10.470  34.881 0.0000000000
57829  24.601  -8.802  33.892 0.0000000000
56857  26.403  -10.500  34.587 0.0000000000
55781  26.878  -10.797  35.298 0.0000000000
56835  24.432  -9.763  36.592 0.0000000000
56834  25.355  -10.112  36.916 0.0000000000
56820  25.460  -10.182  37.853 0.0000000000
56833  25.964  -10.406  36.348 0.0000000000
55770  26.804  -10.776  36.232 0.0000000000
140608  27.350  -11.002  35.713 0.0000000000
55755  28.147  -11.325  37.022 0.0000000000
147411  48.197  8.503  9.564 0.0000000000
76894  48.295  7.538  10.617 0.0000000000
76893  49.219  7.586  10.698 0.0000000000
75719  48.560  6.533  13.567 0.0000000000
132399  35.805  5.044  20.184 0.0000000000
72177  34.881  3.575  19.587 0.0000000000
72178  34.345  3.642  20.459 0.0000000000
157290  34.679  2.851  19.482 0.0000000000
71040  35.088  2.795  19.025 0.0000000000
68892  36.022  0.985  18.817 0.0000000000
68891  36.712  0.785  18.612 0.0000000000
69859  32.358  1.228  27.713 0.0000000000
69869  32.328  1.321  26.706 0.0000000000
67686  32.378  -0.352  26.560 0.0000000000
145817  32.297  1.451  25.663 0.0000000000
69894  32.322  1.515  24.653 0.0000000000
69903  32.466  1.504  23.677 0.0000000000
66690  35.016  -1.932  24.812 0.0000000000
66705  34.283  -1.487  24.501 0.0000000000
67703  33.626  -0.935  24.089 0.0000000000
135201  32.893  -0.471  23.967 0.0000000000
67713  32.709  0.106  23.616 0.0000000000
68814  33.061  0.276  22.919 0.0000000000
68830  32.961  0.894  22.400 0.0000000000
68843  33.500  0.814  21.614 0.0000000000
68841  35.154  -0.002  20.991 0.0000000000
68857  35.555  0.123  20.021 0.0000000000
157426  36.722  -0.058  19.443 0.0000000000
67784  37.854  -0.121  18.938 0.0000000000
67765  38.169  -0.504  19.607 0.0000000000
154229  39.315  -0.655  20.076 0.0000000000
67750  40.053  -0.646  20.387 0.0000000000
67734  39.770  -0.651  21.417 0.0000000000
67733  40.778  -0.608  21.219 0.0000000000
152525  34.425  -8.070  30.311 0.0000000000
60275  35.807  -7.753  30.257 0.0000000000
58960  35.997  -7.875  31.604 0.0000000000
60274  36.311  -7.708  31.086 0.0000000000
146282  36.699  -7.458  30.438 0.0000000000
60273  37.531  -7.114  30.804 0.0000000000
60272  38.208  -6.687  30.843 0.0000000000
61536  38.686  -6.224  30.477 0.0000000000
60229  38.755  -7.036  33.859 0.0000000000
61508  38.711  -6.819  32.910 0.0000000000
61518  38.709  -6.644  32.068 0.0000000000
61525  39.289  -6.189  31.766 0.0000000000
61535  39.168  -6.017  31.089 0.0000000000
62642  39.426  -5.599  30.502 0.0000000000
62641  40.202  -5.098  30.852 0.0000000000
86469  54.335  16.969  2.623 0.0000000000
85525  54.909  16.613  1.654 0.0000000000
151188  54.450  12.887  2.081 0.0000000000
84579  55.148  14.591  0.872 0.0000000000
85534  55.563  15.043  0.490 0.0000000000
85533  55.902  15.850  0.383 0.0000000000
84583  56.802  14.750  -0.525 0.0000000000
82423  57.631  12.952  -0.523 0.0000000000
83543  57.427  13.933  -0.874 0.0000000000
55769  27.663  -11.143  36.312 0.0000000000
60195  21.631  -7.408  36.417 0.0000000000
60256  28.713  -7.875  31.328 0.0000000000
60299  31.767  -6.599  29.517 0.0000000000
61512  24.923  -6.974  33.670 0.0000000000
62581  23.465  -5.669  36.506 0.0000000000
64717  35.103  -3.517  27.249 0.0000000000
64725  37.573  -3.661  26.065 0.0000000000
65694  39.674  -2.796  27.434 0.0000000000
65709  37.894  -2.921  25.839 0.0000000000
66677  32.676  -1.118  26.250 0.0000000000
67684  39.661  -1.269  26.225 0.0000000000
67709  36.674  -0.979  24.188 0.0000000000
67712  33.338  -0.347  23.412 0.0000000000
68787  39.424  -1.320  25.643 0.0000000000
68810  39.585  -0.412  24.250 0.0000000000
68815  32.663  0.833  23.230 0.0000000000
68872  37.042  0.135  18.989 0.0000000000
69850  32.305  1.013  28.468 0.0000000000
69916  33.028  1.535  21.886 0.0000000000
69976  35.696  1.519  18.809 0.0000000000
69987  36.923  1.942  18.050 0.0000000000
70997  32.622  2.252  23.287 0.0000000000
71012  32.962  2.711  22.193 0.0000000000
71041  34.628  2.232  19.528 0.0000000000
72155  32.899  2.883  22.917 0.0000000000
81268  47.120  11.762  8.444 0.0000000000
137265  43.711  4.379  14.983 0.0000000000
140644  38.937  -0.539  19.520 0.0000000000
142355  39.827  -4.626  29.507 0.0000000000
143615  40.568  -1.336  27.986 0.0000000000
144189  27.439  -10.828  33.992 0.0000000000
145509  37.200  -1.968  24.917 0.0000000000
146564  39.135  2.457  16.344 0.0000000000
153200  29.146  -5.883  31.985 0.0000000000
153587  22.410  -11.806  41.188 0.0000000000
156049  30.078  -4.786  32.469 0.0000000000
157637  35.556  2.996  18.628 0.0000000000
158243  33.843  -8.320  32.953 0.0000000000
158738  39.605  5.693  15.237 0.0000000000
