#!ascii label  , from subject ICBM2009cNolinAsym vox2ras=TkReg
1954
136965  11.819  -16.186  54.726 0.0000000000
73351  47.379  4.626  17.309 0.0000000000
54609  31.655  -12.434  40.994 0.0000000000
61362  41.719  -6.816  42.805 0.0000000000
55683  22.736  -11.799  42.736 0.0000000000
56606  20.734  -11.332  54.761 0.0000000000
81283  57.335  11.410  7.188 0.0000000000
80083  58.248  10.786  16.965 0.0000000000
66614  42.212  -1.104  30.462 0.0000000000
83552  58.938  13.240  -2.057 0.0000000000
55582  31.689  -11.403  48.228 0.0000000000
154699  15.157  -13.470  53.820 0.0000000000
142105  58.348  10.551  11.769 0.0000000000
77955  53.330  8.106  12.241 0.0000000000
71009  49.283  2.641  22.913 0.0000000000
75609  53.388  6.703  22.662 0.0000000000
68805  44.102  0.453  23.167 0.0000000000
60187  37.885  -7.667  35.644 0.0000000000
57751  36.886  -9.761  41.443 0.0000000000
56677  27.380  -11.118  49.187 0.0000000000
56583  26.066  -11.049  55.073 0.0000000000
54518  22.079  -12.464  48.177 0.0000000000
145948  16.586  -13.773  48.001 0.0000000000
56766  26.871  -10.893  41.330 0.0000000000
83501  62.843  13.336  5.662 0.0000000000
83452  63.111  13.541  10.724 0.0000000000
77904  52.631  8.208  17.882 0.0000000000
72078  44.509  2.527  30.798 0.0000000000
63652  43.816  -4.665  36.484 0.0000000000
80237  58.772  10.692  1.766 0.0000000000
81330  63.575  12.073  -0.158 0.0000000000
82453  65.126  11.965  -3.234 0.0000000000
56629  31.783  -10.744  52.115 0.0000000000
52418  13.506  -14.711  54.087 0.0000000000
55455  14.947  -11.969  57.666 0.0000000000
53427  12.585  -13.776  57.485 0.0000000000
79064  52.881  9.386  10.106 0.0000000000
72121  49.927  2.810  25.851 0.0000000000
72111  52.292  3.644  25.897 0.0000000000
50095  6.389  -17.077  58.636 0.0000000000
151372  43.469  0.340  20.178 0.0000000000
55740  32.168  -11.659  38.217 0.0000000000
56806  34.029  -10.086  37.985 0.0000000000
140433  34.395  -11.847  41.034 0.0000000000
55636  24.943  -11.315  45.815 0.0000000000
55587  24.236  -11.762  48.689 0.0000000000
54552  22.064  -12.421  45.242 0.0000000000
56769  24.450  -10.736  41.838 0.0000000000
56716  26.782  -11.030  45.271 0.0000000000
56603  23.192  -10.973  54.121 0.0000000000
82374  60.075  11.783  6.457 0.0000000000
84541  62.903  13.764  7.938 0.0000000000
83478  60.007  13.162  8.334 0.0000000000
80111  58.466  10.299  14.534 0.0000000000
82293  61.141  12.727  14.812 0.0000000000
75693  47.209  5.867  14.759 0.0000000000
75700  50.002  7.072  15.301 0.0000000000
75660  49.800  6.267  17.868 0.0000000000
68772  40.208  -0.837  27.130 0.0000000000
144498  41.898  0.168  26.958 0.0000000000
69833  43.404  1.098  30.785 0.0000000000
60146  39.965  -7.883  39.336 0.0000000000
61467  40.581  -6.889  36.195 0.0000000000
61414  43.279  -6.430  39.435 0.0000000000
80209  55.275  10.792  4.746 0.0000000000
81318  55.563  11.665  2.620 0.0000000000
132964  57.842  10.406  4.335 0.0000000000
80205  61.207  10.819  4.191 0.0000000000
82467  62.052  12.641  -5.411 0.0000000000
82457  61.957  11.822  -3.789 0.0000000000
82433  64.137  12.395  -1.706 0.0000000000
81341  61.150  11.111  -1.052 0.0000000000
54551  31.857  -12.356  44.919 0.0000000000
136386  34.795  -12.988  44.914 0.0000000000
55596  34.168  -11.941  48.118 0.0000000000
55513  17.948  -12.306  53.865 0.0000000000
141146  19.845  -10.948  57.591 0.0000000000
154142  17.536  -11.236  57.496 0.0000000000
139764  54.068  10.673  7.039 0.0000000000
81259  57.569  11.777  9.449 0.0000000000
80152  54.545  10.295  9.862 0.0000000000
79043  55.841  9.010  12.267 0.0000000000
79022  56.014  8.894  14.583 0.0000000000
72176  47.907  3.148  19.989 0.0000000000
74471  50.041  5.117  19.956 0.0000000000
73266  51.493  4.513  22.567 0.0000000000
63721  40.486  -4.409  30.215 0.0000000000
63580  44.792  -4.215  44.113 0.0000000000
48840  9.788  -17.760  55.585 0.0000000000
52386  10.685  -15.236  57.783 0.0000000000
50093  8.406  -16.456  58.283 0.0000000000
71061  44.912  2.688  17.192 0.0000000000
69960  45.844  1.595  19.920 0.0000000000
69914  47.087  1.542  22.976 0.0000000000
70979  47.154  1.971  26.108 0.0000000000
58899  34.858  -8.233  35.204 0.0000000000
58856  36.955  -8.442  39.001 0.0000000000
60102  39.228  -8.215  41.856 0.0000000000
55646  37.292  -11.617  44.830 0.0000000000
58757  38.441  -9.046  45.244 0.0000000000
56631  29.891  -10.560  52.418 0.0000000000
55493  28.702  -11.325  54.716 0.0000000000
56633  26.451  -10.897  52.247 0.0000000000
56650  23.687  -11.612  51.656 0.0000000000
55553  20.992  -12.113  50.839 0.0000000000
54555  19.443  -12.950  45.531 0.0000000000
54522  18.731  -12.891  47.671 0.0000000000
154721  18.138  -12.721  50.815 0.0000000000
53493  15.943  -13.706  50.390 0.0000000000
52437  14.122  -14.734  51.627 0.0000000000
51328  12.279  -16.464  52.167 0.0000000000
55754  29.371  -11.698  37.738 0.0000000000
55744  26.994  -10.825  38.069 0.0000000000
55695  29.430  -11.814  41.253 0.0000000000
55633  29.469  -11.667  44.736 0.0000000000
56687  29.388  -11.126  48.654 0.0000000000
81257  64.204  11.544  9.248 0.0000000000
138957  60.478  13.015  11.858 0.0000000000
76869  50.373  7.071  12.522 0.0000000000
76837  52.806  7.820  14.973 0.0000000000
78993  54.901  9.154  17.443 0.0000000000
76804  52.253  7.548  19.912 0.0000000000
78968  54.676  9.284  20.275 0.0000000000
68808  41.439  -0.152  23.898 0.0000000000
70969  44.365  1.445  27.038 0.0000000000
72088  47.505  3.158  29.678 0.0000000000
62608  41.276  -5.406  33.246 0.0000000000
64657  43.445  -3.338  33.875 0.0000000000
65601  45.027  -3.037  40.800 0.0000000000
65623  45.126  -2.223  36.823 0.0000000000
152340  44.210  0.206  33.511 0.0000000000
70892  45.093  2.032  33.454 0.0000000000
73163  46.685  3.859  33.646 0.0000000000
81344  58.750  11.805  -0.265 0.0000000000
80234  61.298  10.449  1.167 0.0000000000
82391  63.546  12.959  2.492 0.0000000000
55505  32.429  -11.596  53.341 0.0000000000
51314  12.442  -15.691  54.415 0.0000000000
53452  13.148  -14.344  55.586 0.0000000000
52395  12.215  -14.810  56.417 0.0000000000
72106  49.715  3.185  27.340 0.0000000000
72105  50.616  3.575  27.433 0.0000000000
134032  4.949  -18.411  57.068 0.0000000000
55725  32.301  -12.046  39.661 0.0000000000
55724  33.322  -11.652  39.504 0.0000000000
54622  33.031  -12.380  40.902 0.0000000000
55653  23.458  -11.649  43.985 0.0000000000
55638  23.519  -11.746  45.233 0.0000000000
54583  22.277  -12.249  43.903 0.0000000000
55714  23.354  -10.961  40.493 0.0000000000
55682  23.261  -11.385  42.235 0.0000000000
56739  24.864  -10.908  43.534 0.0000000000
56605  21.647  -11.100  54.565 0.0000000000
56571  22.246  -10.839  56.307 0.0000000000
81282  58.289  11.376  6.958 0.0000000000
82356  59.597  12.309  7.560 0.0000000000
82357  58.895  12.047  7.903 0.0000000000
80091  58.354  10.636  16.066 0.0000000000
81178  59.601  11.642  16.331 0.0000000000
74518  47.097  5.271  16.052 0.0000000000
75683  48.510  5.973  16.685 0.0000000000
74506  48.642  5.504  17.626 0.0000000000
148138  40.951  -1.348  28.606 0.0000000000
67660  41.472  -0.411  28.510 0.0000000000
69842  41.982  -0.150  28.671 0.0000000000
68742  42.808  0.221  30.730 0.0000000000
60130  40.865  -7.723  40.605 0.0000000000
60143  42.144  -7.290  39.478 0.0000000000
61381  42.567  -6.821  41.505 0.0000000000
80198  55.701  10.724  5.444 0.0000000000
132973  56.282  10.619  4.634 0.0000000000
80196  57.464  10.701  5.792 0.0000000000
80195  58.994  10.643  5.349 0.0000000000
82458  60.949  12.285  -3.828 0.0000000000
82445  60.524  12.109  -2.730 0.0000000000
153042  61.872  11.400  -2.228 0.0000000000
150735  60.123  11.949  -1.880 0.0000000000
55616  31.368  -11.882  46.281 0.0000000000
54533  32.864  -12.362  46.050 0.0000000000
55580  33.517  -11.536  48.709 0.0000000000
54437  16.587  -12.767  53.490 0.0000000000
55482  17.526  -11.824  55.398 0.0000000000
55483  16.715  -11.959  55.648 0.0000000000
55427  14.740  -11.769  59.483 0.0000000000
55425  16.279  -11.531  59.651 0.0000000000
80174  53.469  10.430  7.563 0.0000000000
159103  54.265  10.674  8.657 0.0000000000
80167  53.575  10.358  8.515 0.0000000000
77972  52.638  8.771  10.825 0.0000000000
79051  54.023  9.020  11.153 0.0000000000
77953  54.547  8.453  12.440 0.0000000000
152739  56.223  8.927  13.873 0.0000000000
77940  54.638  8.287  13.293 0.0000000000
71030  48.340  2.789  21.215 0.0000000000
72168  49.593  3.641  21.436 0.0000000000
72151  50.380  3.525  22.556 0.0000000000
133829  53.904  10.699  6.180 0.0000000000
50104  9.287  -16.865  57.282 0.0000000000
48822  8.718  -17.549  56.808 0.0000000000
152357  44.288  2.349  17.015 0.0000000000
71046  45.608  2.218  18.531 0.0000000000
69971  44.514  1.571  18.425 0.0000000000
68854  43.573  0.235  20.891 0.0000000000
69933  45.255  1.013  21.082 0.0000000000
69901  45.591  0.981  23.123 0.0000000000
69885  46.905  1.609  24.768 0.0000000000
142567  45.960  1.316  25.035 0.0000000000
57816  33.080  -9.029  34.791 0.0000000000
57758  35.955  -9.813  40.285 0.0000000000
57783  35.321  -8.864  37.943 0.0000000000
58832  36.891  -8.797  39.799 0.0000000000
58831  38.420  -8.368  40.439 0.0000000000
58819  38.063  -8.904  41.682 0.0000000000
54531  35.560  -12.820  46.530 0.0000000000
54562  36.216  -12.706  44.918 0.0000000000
54545  37.122  -12.246  46.233 0.0000000000
57692  38.880  -9.699  47.363 0.0000000000
60040  39.772  -7.869  46.029 0.0000000000
134382  28.324  -10.810  50.526 0.0000000000
140985  28.384  -10.606  51.968 0.0000000000
56660  27.426  -10.907  50.617 0.0000000000
55588  23.397  -12.019  48.666 0.0000000000
55549  24.299  -11.694  50.191 0.0000000000
55550  23.362  -11.900  50.257 0.0000000000
55538  22.482  -11.855  51.278 0.0000000000
54488  21.318  -12.435  49.211 0.0000000000
139886  19.544  -13.063  43.985 0.0000000000
53515  16.640  -13.826  47.175 0.0000000000
54540  17.947  -13.334  46.459 0.0000000000
54506  17.681  -13.175  48.477 0.0000000000
135782  18.865  -12.682  49.202 0.0000000000
54492  17.245  -13.283  49.116 0.0000000000
134816  17.252  -12.919  50.989 0.0000000000
53500  16.637  -13.479  49.694 0.0000000000
135002  12.887  -15.818  51.948 0.0000000000
133364  29.428  -11.499  36.096 0.0000000000
55768  28.473  -11.388  36.189 0.0000000000
56796  25.492  -10.355  39.783 0.0000000000
56782  27.089  -10.918  40.504 0.0000000000
55730  28.053  -11.331  39.376 0.0000000000
146305  28.198  -11.411  41.882 0.0000000000
151023  29.148  -11.681  43.195 0.0000000000
55665  28.400  -11.428  43.506 0.0000000000
56707  27.219  -11.176  46.748 0.0000000000
55603  27.993  -11.235  46.934 0.0000000000
56688  28.600  -11.129  48.536 0.0000000000
56658  29.810  -10.797  50.233 0.0000000000
56599  27.359  -10.970  54.462 0.0000000000
53413  10.008  -14.057  60.078 0.0000000000
53412  10.759  -13.827  59.774 0.0000000000
83491  64.138  13.268  6.536 0.0000000000
154270  63.161  13.581  9.324 0.0000000000
83464  63.847  12.834  9.033 0.0000000000
82328  63.630  12.705  10.236 0.0000000000
81233  63.594  12.005  11.460 0.0000000000
80149  57.775  11.421  10.292 0.0000000000
82330  58.912  12.319  10.029 0.0000000000
81234  59.437  11.688  11.805 0.0000000000
83418  62.268  13.125  14.154 0.0000000000
76831  51.171  7.464  16.612 0.0000000000
76839  51.473  7.503  15.236 0.0000000000
77927  52.733  8.081  15.988 0.0000000000
77914  54.212  8.554  16.121 0.0000000000
77894  54.057  8.899  17.934 0.0000000000
74452  51.566  5.565  21.507 0.0000000000
75634  51.311  6.506  19.991 0.0000000000
75623  52.429  6.665  21.435 0.0000000000
68810  39.585  -0.412  24.250 0.0000000000
152989  43.200  1.332  28.541 0.0000000000
69865  42.735  0.690  27.293 0.0000000000
70946  44.392  2.056  28.628 0.0000000000
70945  45.377  2.240  28.421 0.0000000000
72090  45.534  2.838  29.865 0.0000000000
58908  36.119  -7.878  34.132 0.0000000000
134666  37.932  -7.410  34.051 0.0000000000
61465  42.390  -6.161  36.638 0.0000000000
61493  41.057  -6.155  34.852 0.0000000000
62587  42.265  -5.413  35.034 0.0000000000
134079  42.313  -4.758  33.805 0.0000000000
63672  43.282  -4.305  34.898 0.0000000000
159259  44.721  -3.860  41.890 0.0000000000
67559  45.677  -0.331  37.539 0.0000000000
66562  45.120  -1.316  35.754 0.0000000000
68694  45.145  0.611  35.373 0.0000000000
69801  44.564  1.347  33.355 0.0000000000
70882  45.441  1.753  35.033 0.0000000000
81316  57.128  11.165  2.283 0.0000000000
81334  58.474  11.478  0.451 0.0000000000
80244  59.803  10.722  0.732 0.0000000000
80236  59.573  10.531  1.493 0.0000000000
82379  62.157  12.226  5.040 0.0000000000
153877  62.375  11.485  3.229 0.0000000000
83519  63.474  13.110  3.931 0.0000000000
83518  64.080  13.349  3.606 0.0000000000
82465  63.967  11.956  -4.738 0.0000000000
82420  64.215  12.468  -0.788 0.0000000000
82418  64.984  12.449  -0.117 0.0000000000
82399  64.784  12.761  1.248 0.0000000000
56672  32.226  -10.893  49.955 0.0000000000
56671  33.099  -10.927  50.170 0.0000000000
56628  33.290  -11.010  51.886 0.0000000000
53470  14.614  -13.731  54.181 0.0000000000
54403  15.373  -12.544  56.121 0.0000000000
54418  14.222  -13.337  55.865 0.0000000000
54390  13.721  -12.879  57.477 0.0000000000
54368  13.447  -12.470  59.298 0.0000000000
77987  51.151  8.823  9.726 0.0000000000
76879  51.096  7.815  11.145 0.0000000000
70985  49.593  2.527  24.401 0.0000000000
72128  50.884  3.106  24.790 0.0000000000
72120  50.723  3.090  25.620 0.0000000000
152090  52.257  4.098  27.286 0.0000000000
135127  7.128  -17.536  57.444 0.0000000000
48824  6.241  -17.623  57.740 0.0000000000
48819  5.607  -17.606  58.530 0.0000000000
69972  43.173  1.000  18.285 0.0000000000
68840  42.746  0.002  22.027 0.0000000000
56831  32.902  -10.020  36.077 0.0000000000
134634  33.496  -10.730  38.049 0.0000000000
56792  34.654  -10.616  39.478 0.0000000000
56765  35.696  -11.175  41.484 0.0000000000
56700  25.820  -11.285  47.049 0.0000000000
55566  26.042  -11.319  48.909 0.0000000000
55605  25.140  -11.445  47.563 0.0000000000
55607  23.499  -11.922  47.237 0.0000000000
136746  21.980  -12.512  47.224 0.0000000000
53509  15.817  -14.179  48.282 0.0000000000
52476  14.692  -15.026  47.030 0.0000000000
138688  24.675  -10.287  40.011 0.0000000000
142458  25.784  -10.689  42.213 0.0000000000
56736  27.004  -10.973  43.708 0.0000000000
56738  25.642  -10.815  43.578 0.0000000000
56717  26.287  -11.073  45.684 0.0000000000
56602  24.754  -10.924  54.502 0.0000000000
83503  61.336  12.808  6.466 0.0000000000
84560  62.842  13.687  6.747 0.0000000000
83494  60.869  13.055  7.167 0.0000000000
83484  61.352  13.796  8.316 0.0000000000
83465  61.420  14.036  9.960 0.0000000000
80122  58.590  10.281  13.550 0.0000000000
81222  59.641  11.509  12.693 0.0000000000
81197  59.726  11.522  14.566 0.0000000000
155504  60.947  12.515  15.684 0.0000000000
75719  48.560  6.533  13.567 0.0000000000
75702  48.736  6.477  14.968 0.0000000000
153029  49.810  6.891  16.560 0.0000000000
76823  51.058  7.242  17.499 0.0000000000
76763  54.342  7.810  22.827 0.0000000000
68779  40.065  -1.012  26.090 0.0000000000
69892  40.614  -0.518  25.756 0.0000000000
69857  41.476  0.101  27.084 0.0000000000
70949  42.419  0.352  28.785 0.0000000000
70924  43.718  1.641  30.291 0.0000000000
60174  39.354  -7.756  37.672 0.0000000000
141316  39.305  -7.399  36.040 0.0000000000
138828  40.895  -7.429  37.926 0.0000000000
61433  42.144  -6.967  38.212 0.0000000000
62546  43.559  -5.814  38.198 0.0000000000
81310  54.322  11.698  3.346 0.0000000000
82387  54.370  12.339  2.598 0.0000000000
81309  55.212  11.350  3.322 0.0000000000
132681  57.133  10.663  3.530 0.0000000000
80217  58.412  10.345  3.578 0.0000000000
133075  59.298  10.289  3.085 0.0000000000
80216  59.343  10.264  3.926 0.0000000000
81292  60.376  11.419  5.792 0.0000000000
82468  61.100  12.871  -4.853 0.0000000000
132685  62.485  12.013  -4.554 0.0000000000
81368  63.604  12.015  -3.221 0.0000000000
82443  64.884  12.309  -2.846 0.0000000000
81355  63.402  11.983  -2.230 0.0000000000
81356  62.535  11.462  -1.704 0.0000000000
81340  62.756  11.413  -0.694 0.0000000000
54581  31.726  -12.532  43.216 0.0000000000
54593  33.274  -12.823  42.675 0.0000000000
54565  33.248  -12.845  44.580 0.0000000000
155681  34.313  -12.655  46.730 0.0000000000
54500  35.883  -12.418  48.554 0.0000000000
55496  19.153  -11.702  54.457 0.0000000000
56573  20.454  -11.000  56.365 0.0000000000
56591  18.841  -11.459  55.976 0.0000000000
56560  19.050  -10.945  57.386 0.0000000000
56550  16.330  -11.508  58.002 0.0000000000
56535  17.356  -11.241  59.103 0.0000000000
80184  55.425  11.025  6.771 0.0000000000
81273  57.424  11.752  8.031 0.0000000000
81267  55.750  11.364  8.392 0.0000000000
80160  56.085  11.020  9.785 0.0000000000
80142  56.639  10.502  10.669 0.0000000000
79073  53.747  9.831  10.015 0.0000000000
79061  55.278  9.802  10.825 0.0000000000
79047  57.088  9.676  11.987 0.0000000000
153840  57.543  9.527  13.473 0.0000000000
133195  57.186  9.519  14.982 0.0000000000
79000  56.812  9.712  16.305 0.0000000000
73327  48.041  4.078  18.866 0.0000000000
73339  49.192  5.102  18.905 0.0000000000
73312  49.677  4.456  20.355 0.0000000000
73289  50.566  4.532  21.442 0.0000000000
74432  52.479  5.593  22.596 0.0000000000
72126  52.070  3.883  24.067 0.0000000000
73251  53.242  4.871  24.078 0.0000000000
74413  53.563  5.620  23.680 0.0000000000
64697  41.275  -2.689  29.827 0.0000000000
62494  43.509  -5.426  43.291 0.0000000000
81305  53.082  11.537  4.358 0.0000000000
80211  53.587  11.039  4.900 0.0000000000
80199  54.755  10.784  5.583 0.0000000000
85558  59.223  15.560  -2.635 0.0000000000
136464  58.669  15.409  -2.036 0.0000000000
50132  11.280  -16.798  55.044 0.0000000000
51290  11.381  -15.817  56.340 0.0000000000
51291  10.720  -16.243  56.645 0.0000000000
51268  9.496  -15.642  58.481 0.0000000000
52370  8.736  -14.936  60.102 0.0000000000
50106  7.683  -16.841  58.004 0.0000000000
139636  46.066  4.340  16.335 0.0000000000
73362  44.692  3.664  15.937 0.0000000000
72197  46.374  3.475  17.658 0.0000000000
72190  46.812  3.217  18.511 0.0000000000
71038  47.321  2.673  19.910 0.0000000000
71021  47.682  2.218  21.485 0.0000000000
69962  44.647  1.006  19.922 0.0000000000
69931  46.485  1.427  21.653 0.0000000000
71011  47.803  2.004  22.516 0.0000000000
70986  48.693  2.197  24.602 0.0000000000
70965  48.450  2.460  26.438 0.0000000000
72107  48.843  3.000  27.617 0.0000000000
58898  35.816  -7.968  35.691 0.0000000000
57794  34.355  -8.994  36.731 0.0000000000
58884  35.744  -8.134  36.622 0.0000000000
146805  37.060  -7.925  36.791 0.0000000000
58843  38.303  -8.090  38.936 0.0000000000
60131  39.983  -7.936  40.773 0.0000000000
60115  40.451  -7.659  42.000 0.0000000000
54591  35.086  -12.585  42.866 0.0000000000
55675  36.357  -11.626  42.795 0.0000000000
56750  36.715  -10.845  42.516 0.0000000000
56706  38.089  -10.781  46.656 0.0000000000
57723  37.774  -10.200  44.590 0.0000000000
57734  37.849  -9.786  43.624 0.0000000000
58793  39.133  -8.379  43.710 0.0000000000
60075  39.805  -7.801  44.190 0.0000000000
61345  41.042  -6.844  44.156 0.0000000000
55507  30.782  -11.089  53.750 0.0000000000
56597  29.147  -10.854  54.079 0.0000000000
56617  27.760  -10.798  53.602 0.0000000000
156382  26.461  -10.844  53.095 0.0000000000
133886  25.889  -11.270  50.680 0.0000000000
56634  25.523  -11.109  51.995 0.0000000000
158367  24.772  -11.033  53.139 0.0000000000
56620  23.492  -11.223  53.267 0.0000000000
55508  22.018  -11.502  52.936 0.0000000000
55525  20.576  -11.832  52.489 0.0000000000
136385  20.982  -12.743  43.914 0.0000000000
54570  20.941  -12.742  44.960 0.0000000000
54537  20.625  -12.683  46.662 0.0000000000
54556  18.474  -13.228  45.768 0.0000000000
54538  19.263  -12.903  46.363 0.0000000000
54520  20.457  -12.560  48.035 0.0000000000
54489  20.385  -12.464  49.393 0.0000000000
150856  19.688  -12.381  50.692 0.0000000000
55526  19.748  -12.010  52.715 0.0000000000
54448  18.427  -12.458  52.296 0.0000000000
54450  16.794  -12.841  52.661 0.0000000000
53485  15.602  -13.591  52.350 0.0000000000
154210  15.239  -14.276  49.846 0.0000000000
53486  14.827  -14.214  51.628 0.0000000000
53479  14.883  -13.919  52.497 0.0000000000
52427  13.733  -14.745  53.176 0.0000000000
51327  12.714  -15.814  52.785 0.0000000000
51322  12.131  -16.384  53.058 0.0000000000
50164  10.895  -17.535  53.585 0.0000000000
48873  10.200  -18.048  53.837 0.0000000000
132371  30.873  -11.318  36.072 0.0000000000
55742  30.739  -11.902  38.243 0.0000000000
151095  30.532  -12.100  40.044 0.0000000000
132971  28.683  -11.528  38.256 0.0000000000
55728  29.632  -11.815  39.337 0.0000000000
54596  30.810  -12.269  41.696 0.0000000000
55678  30.530  -12.147  42.577 0.0000000000
55632  30.434  -11.867  45.100 0.0000000000
156218  30.755  -11.711  46.645 0.0000000000
55634  28.498  -11.406  45.358 0.0000000000
55601  29.557  -11.455  47.152 0.0000000000
55583  30.766  -11.379  48.086 0.0000000000
56657  30.647  -10.713  50.607 0.0000000000
56630  30.808  -10.626  52.274 0.0000000000
53429  11.515  -14.136  58.265 0.0000000000
54380  12.209  -13.131  59.047 0.0000000000
83483  63.834  13.305  7.216 0.0000000000
82343  58.390  12.204  9.276 0.0000000000
83455  60.059  13.318  10.082 0.0000000000
83453  61.589  13.974  10.823 0.0000000000
82310  60.720  12.897  12.771 0.0000000000
83433  61.976  13.769  12.568 0.0000000000
83431  63.098  13.129  12.049 0.0000000000
76880  50.330  7.313  11.649 0.0000000000
134751  51.833  7.461  12.713 0.0000000000
75718  49.445  6.757  13.709 0.0000000000
76856  51.709  7.371  13.597 0.0000000000
76846  53.087  7.774  13.968 0.0000000000
77925  54.401  8.380  15.210 0.0000000000
79001  55.548  9.185  16.549 0.0000000000
80085  56.863  10.217  17.863 0.0000000000
74495  50.199  5.832  19.055 0.0000000000
75647  51.105  6.754  19.097 0.0000000000
76812  52.157  7.696  19.153 0.0000000000
77862  53.706  8.252  21.183 0.0000000000
77873  53.370  8.351  20.256 0.0000000000
77885  53.982  9.001  18.873 0.0000000000
78984  55.465  9.711  18.998 0.0000000000
152342  56.191  10.132  19.069 0.0000000000
67720  41.042  -0.490  22.204 0.0000000000
68806  43.329  0.296  23.613 0.0000000000
69891  41.781  0.096  25.691 0.0000000000
69890  42.421  0.308  25.224 0.0000000000
69888  44.175  0.826  24.995 0.0000000000
69862  45.763  1.532  25.987 0.0000000000
70943  47.294  2.594  28.095 0.0000000000
72087  48.489  3.378  29.317 0.0000000000
61480  39.694  -6.849  34.964 0.0000000000
62630  40.627  -5.227  31.801 0.0000000000
159429  41.868  -3.986  31.866 0.0000000000
65656  42.555  -2.292  31.501 0.0000000000
63599  44.025  -5.042  41.943 0.0000000000
62524  44.217  -5.245  40.238 0.0000000000
63627  44.470  -4.589  38.756 0.0000000000
65606  45.182  -2.797  39.080 0.0000000000
64641  44.700  -3.513  37.190 0.0000000000
65630  44.403  -2.701  35.192 0.0000000000
66569  44.134  -1.688  33.855 0.0000000000
147810  43.236  -0.566  32.227 0.0000000000
68729  43.678  0.842  32.426 0.0000000000
153379  44.177  1.414  32.315 0.0000000000
72067  44.765  2.503  31.905 0.0000000000
72022  46.249  2.561  35.204 0.0000000000
73164  46.162  3.299  33.837 0.0000000000
72066  45.677  3.264  31.669 0.0000000000
132412  47.086  3.653  31.183 0.0000000000
83553  58.344  13.791  -1.654 0.0000000000
82435  58.613  12.872  -1.361 0.0000000000
81342  60.298  11.214  -0.742 0.0000000000
80249  60.848  10.828  -0.267 0.0000000000
80242  62.127  10.829  0.663 0.0000000000
136146  60.637  10.287  2.337 0.0000000000
81315  62.746  11.597  1.864 0.0000000000
82401  63.278  12.171  1.368 0.0000000000
83523  64.642  13.311  2.475 0.0000000000
55490  31.131  -11.736  54.207 0.0000000000
55489  31.955  -11.931  54.054 0.0000000000
52408  12.563  -14.871  55.753 0.0000000000
52420  12.222  -15.506  55.223 0.0000000000
72098  50.037  3.707  28.215 0.0000000000
55710  31.517  -12.276  40.245 0.0000000000
55709  32.939  -12.093  40.203 0.0000000000
54608  32.315  -12.571  41.346 0.0000000000
55669  22.824  -11.857  43.532 0.0000000000
54597  22.215  -12.208  43.169 0.0000000000
55668  23.515  -11.446  43.123 0.0000000000
56623  20.957  -11.409  53.946 0.0000000000
56588  21.930  -10.901  55.400 0.0000000000
153393  21.234  -11.058  55.260 0.0000000000
149811  57.670  11.073  6.515 0.0000000000
82367  59.010  11.757  7.350 0.0000000000
81179  58.919  11.170  16.593 0.0000000000
81170  58.950  11.316  17.464 0.0000000000
73359  47.391  5.110  16.667 0.0000000000
74507  47.946  5.312  17.059 0.0000000000
73350  48.025  4.945  17.714 0.0000000000
66631  41.361  -1.392  29.200 0.0000000000
66632  40.862  -0.919  28.086 0.0000000000
66615  41.811  -1.059  29.683 0.0000000000
67659  41.970  -0.421  29.303 0.0000000000
67648  42.303  -0.370  30.146 0.0000000000
61382  41.805  -7.075  41.921 0.0000000000
61399  41.869  -7.337  40.920 0.0000000000
61361  42.432  -6.581  42.381 0.0000000000
80183  56.883  10.976  6.392 0.0000000000
80197  56.582  10.652  5.560 0.0000000000
83560  59.341  13.602  -2.796 0.0000000000
82446  59.683  12.661  -2.400 0.0000000000
55599  31.364  -11.659  47.251 0.0000000000
55598  32.380  -11.708  47.549 0.0000000000
55581  32.621  -11.431  48.449 0.0000000000
54438  15.764  -12.988  53.793 0.0000000000
54428  16.425  -12.627  54.323 0.0000000000
54429  15.829  -12.775  54.620 0.0000000000
80187  52.742  10.325  7.113 0.0000000000
80175  52.823  10.149  8.034 0.0000000000
77962  52.671  8.171  11.631 0.0000000000
77961  53.492  8.595  11.474 0.0000000000
141343  53.934  8.379  12.127 0.0000000000
77954  53.941  8.148  12.798 0.0000000000
71010  48.622  2.568  22.094 0.0000000000
72152  49.566  3.207  22.158 0.0000000000
72138  49.938  3.052  22.919 0.0000000000
71063  43.660  2.376  16.544 0.0000000000
71055  43.779  1.895  17.252 0.0000000000
71054  44.538  2.047  17.695 0.0000000000
69980  43.853  1.465  17.954 0.0000000000
68821  44.238  0.420  22.242 0.0000000000
68804  44.899  0.709  22.728 0.0000000000
136093  45.568  1.056  24.101 0.0000000000
69902  44.811  0.767  23.591 0.0000000000
56779  36.223  -10.080  41.008 0.0000000000
57765  36.298  -9.254  39.892 0.0000000000
57757  36.738  -9.363  40.577 0.0000000000
57756  37.451  -9.142  41.183 0.0000000000
57750  37.587  -9.483  41.918 0.0000000000
54513  36.624  -12.486  47.700 0.0000000000
54530  36.479  -12.608  46.843 0.0000000000
54529  37.280  -12.223  47.174 0.0000000000
134707  27.777  -10.983  49.870 0.0000000000
135062  27.002  -11.062  49.917 0.0000000000
55589  22.684  -12.285  48.611 0.0000000000
151001  22.859  -12.178  49.400 0.0000000000
54502  22.079  -12.393  48.950 0.0000000000
143895  21.990  -12.309  49.711 0.0000000000
159262  21.499  -12.478  48.568 0.0000000000
53514  17.326  -13.436  47.716 0.0000000000
53508  17.080  -13.460  48.432 0.0000000000
134499  16.549  -13.694  48.824 0.0000000000
56783  26.380  -10.722  40.757 0.0000000000
56795  26.338  -10.637  39.915 0.0000000000
55697  27.679  -11.195  41.153 0.0000000000
55680  28.648  -11.543  42.610 0.0000000000
55681  27.902  -11.261  42.710 0.0000000000
56689  27.791  -11.142  48.450 0.0000000000
56698  27.465  -11.182  47.614 0.0000000000
56676  28.145  -11.058  49.188 0.0000000000
159285  28.430  -10.956  49.785 0.0000000000
56582  26.769  -11.083  55.003 0.0000000000
52356  9.605  -14.454  61.251 0.0000000000
53399  9.934  -13.975  60.771 0.0000000000
83500  63.377  13.401  5.298 0.0000000000
84566  63.922  13.526  5.528 0.0000000000
153555  63.549  13.516  5.704 0.0000000000
84532  62.884  13.727  9.890 0.0000000000
84517  63.205  13.471  10.008 0.0000000000
83451  63.352  13.185  10.685 0.0000000000
82318  63.507  12.643  11.095 0.0000000000
83439  63.258  13.025  11.566 0.0000000000
80140  58.043  11.006  11.033 0.0000000000
81235  58.807  11.229  11.362 0.0000000000
135333  51.848  7.763  17.400 0.0000000000
76830  51.982  7.838  16.410 0.0000000000
77916  52.637  8.186  16.942 0.0000000000
77903  53.349  8.534  17.442 0.0000000000
75610  52.760  6.325  22.253 0.0000000000
142718  43.510  1.615  29.334 0.0000000000
70947  43.678  1.716  28.687 0.0000000000
70933  44.126  2.136  29.383 0.0000000000
70932  44.952  2.448  29.257 0.0000000000
72091  44.654  2.570  30.043 0.0000000000
58896  37.187  -7.697  35.238 0.0000000000
58907  37.065  -7.621  34.326 0.0000000000
60218  37.838  -7.547  34.863 0.0000000000
144899  42.953  -5.672  36.557 0.0000000000
62572  42.519  -5.679  35.865 0.0000000000
62571  43.240  -5.158  36.125 0.0000000000
63664  42.907  -4.965  35.371 0.0000000000
63663  43.587  -4.481  35.693 0.0000000000
67568  45.532  -0.296  36.631 0.0000000000
68687  45.451  0.522  36.143 0.0000000000
69781  45.387  1.230  35.652 0.0000000000
70871  45.728  1.670  35.855 0.0000000000
80238  57.954  10.913  2.058 0.0000000000
153729  57.420  11.463  1.465 0.0000000000
81335  57.692  11.769  0.658 0.0000000000
81324  58.216  11.194  1.234 0.0000000000
80245  59.004  10.933  0.977 0.0000000000
82371  62.577  12.914  5.355 0.0000000000
82378  62.879  12.749  4.426 0.0000000000
83511  63.180  13.176  4.853 0.0000000000
138991  63.722  13.310  4.470 0.0000000000
154746  64.494  11.920  -4.196 0.0000000000
82463  64.853  11.767  -4.207 0.0000000000
146595  65.195  11.490  -3.905 0.0000000000
82419  64.694  12.564  -0.414 0.0000000000
82409  64.348  12.623  0.122 0.0000000000
82408  64.741  12.630  0.414 0.0000000000
132457  64.440  12.807  1.018 0.0000000000
56656  31.615  -10.743  50.644 0.0000000000
56655  32.452  -10.803  50.779 0.0000000000
56641  32.531  -10.821  51.566 0.0000000000
53461  13.936  -14.002  54.482 0.0000000000
53450  14.471  -13.536  55.025 0.0000000000
53451  13.790  -13.859  55.347 0.0000000000
53440  12.771  -14.210  56.481 0.0000000000
54406  13.271  -13.498  56.988 0.0000000000
54391  13.126  -13.174  57.700 0.0000000000
54378  13.483  -12.711  58.373 0.0000000000
146081  12.900  -12.777  58.905 0.0000000000
151016  50.567  8.294  10.228 0.0000000000
77973  51.478  8.461  10.469 0.0000000000
70976  49.343  2.490  25.256 0.0000000000
70975  50.153  2.778  25.023 0.0000000000
48832  6.564  -18.008  56.834 0.0000000000
153988  5.439  -17.952  57.677 0.0000000000
48816  4.884  -18.001  58.904 0.0000000000
55765  31.940  -11.046  36.659 0.0000000000
56819  32.681  -10.697  36.882 0.0000000000
55739  32.855  -11.115  37.822 0.0000000000
55708  33.734  -11.876  40.456 0.0000000000
55723  34.182  -11.271  39.858 0.0000000000
55707  34.468  -11.483  40.469 0.0000000000
56781  34.859  -10.900  40.228 0.0000000000
55706  35.003  -11.307  40.912 0.0000000000
56709  25.688  -11.209  46.177 0.0000000000
55621  25.037  -11.395  46.673 0.0000000000
55624  22.934  -12.010  45.852 0.0000000000
55623  23.598  -11.836  46.534 0.0000000000
55608  22.844  -12.174  46.819 0.0000000000
54535  22.116  -12.423  46.236 0.0000000000
56784  23.860  -10.801  41.158 0.0000000000
150921  24.043  -10.580  40.486 0.0000000000
141909  24.641  -10.545  40.945 0.0000000000
56768  25.272  -10.581  41.548 0.0000000000
56754  25.391  -10.748  42.883 0.0000000000
56729  24.649  -11.135  44.260 0.0000000000
56728  25.423  -10.949  44.376 0.0000000000
56718  25.565  -11.105  45.320 0.0000000000
138370  23.923  -10.906  54.677 0.0000000000
147559  23.606  -10.871  55.432 0.0000000000
82373  60.899  12.164  6.154 0.0000000000
82365  60.551  12.420  6.758 0.0000000000
82349  59.464  12.610  8.095 0.0000000000
83485  60.712  13.427  7.923 0.0000000000
83477  60.621  13.643  8.716 0.0000000000
83476  61.325  13.977  9.129 0.0000000000
80110  59.168  10.834  14.050 0.0000000000
80101  59.095  10.971  14.945 0.0000000000
81186  60.343  12.149  16.067 0.0000000000
75703  48.037  6.311  14.343 0.0000000000
75692  48.073  6.105  15.264 0.0000000000
75672  49.213  6.141  17.307 0.0000000000
75682  49.268  6.509  16.587 0.0000000000
75671  49.803  6.646  17.158 0.0000000000
76832  50.408  7.106  16.881 0.0000000000
76824  50.405  6.780  17.715 0.0000000000
138471  40.461  -0.731  26.667 0.0000000000
69868  40.728  -0.532  26.376 0.0000000000
69858  40.762  -0.353  26.852 0.0000000000
69841  42.429  0.058  29.288 0.0000000000
69847  42.188  0.049  28.777 0.0000000000
70935  42.744  0.489  29.466 0.0000000000
70934  43.041  1.091  29.489 0.0000000000
142278  43.665  1.431  30.751 0.0000000000
60160  39.689  -7.832  38.487 0.0000000000
60173  40.188  -7.625  37.837 0.0000000000
60159  40.651  -7.694  38.673 0.0000000000
61415  42.752  -6.918  39.818 0.0000000000
60157  42.007  -7.277  38.824 0.0000000000
61432  42.666  -6.865  38.936 0.0000000000
62547  42.865  -6.478  38.119 0.0000000000
61431  43.712  -5.876  39.042 0.0000000000
80220  54.801  11.087  4.052 0.0000000000
80219  55.675  10.883  3.946 0.0000000000
132989  57.093  10.534  4.144 0.0000000000
132853  56.496  10.754  3.751 0.0000000000
80218  57.618  10.484  3.707 0.0000000000
80228  57.634  10.620  2.956 0.0000000000
80208  58.691  10.349  4.510 0.0000000000
81293  59.477  11.156  6.032 0.0000000000
80194  59.822  10.825  5.412 0.0000000000
81376  62.796  11.794  -3.776 0.0000000000
81369  62.524  11.628  -2.867 0.0000000000
81371  61.038  11.489  -1.983 0.0000000000
81357  61.738  11.237  -1.588 0.0000000000
80255  62.011  11.041  -0.960 0.0000000000
54566  31.745  -12.437  44.098 0.0000000000
54580  32.293  -12.675  43.697 0.0000000000
140606  32.457  -12.665  44.368 0.0000000000
54516  34.008  -12.349  47.243 0.0000000000
147539  33.801  -12.636  46.337 0.0000000000
158086  34.711  -12.384  47.684 0.0000000000
54515  34.804  -12.669  47.025 0.0000000000
54501  35.024  -12.188  48.393 0.0000000000
55512  18.669  -12.039  53.687 0.0000000000
55480  19.205  -11.527  55.303 0.0000000000
55481  18.403  -11.688  55.128 0.0000000000
56576  17.796  -11.359  56.855 0.0000000000
56575  18.516  -11.234  56.738 0.0000000000
56561  18.164  -11.012  57.499 0.0000000000
56547  18.531  -10.955  58.223 0.0000000000
56548  17.632  -11.029  58.255 0.0000000000
55470  15.163  -12.299  56.866 0.0000000000
55469  15.751  -12.096  56.521 0.0000000000
55454  15.798  -11.813  57.297 0.0000000000
80173  54.776  10.962  7.345 0.0000000000
81275  55.526  11.251  7.608 0.0000000000
137411  54.708  10.740  9.204 0.0000000000
80161  55.422  11.105  9.124 0.0000000000
80151  55.230  10.663  9.808 0.0000000000
137509  55.711  10.364  10.425 0.0000000000
79075  52.426  9.538  9.374 0.0000000000
150348  53.066  9.796  9.542 0.0000000000
77952  55.071  8.824  11.950 0.0000000000
79050  54.708  9.259  11.183 0.0000000000
79049  55.566  9.325  11.485 0.0000000000
79048  56.341  9.448  11.755 0.0000000000
79041  57.366  9.502  12.788 0.0000000000
79042  56.614  9.233  12.552 0.0000000000
79021  56.701  9.184  14.344 0.0000000000
139083  56.507  9.180  15.020 0.0000000000
79011  57.227  9.767  15.743 0.0000000000
79012  56.656  9.409  15.631 0.0000000000
72182  48.305  3.719  19.644 0.0000000000
73326  48.742  4.426  19.246 0.0000000000
73313  48.968  4.111  20.055 0.0000000000
73267  50.811  4.188  22.194 0.0000000000
74433  51.839  5.226  22.223 0.0000000000
73265  52.162  4.869  22.945 0.0000000000
72119  51.525  3.344  25.317 0.0000000000
72127  51.527  3.435  24.473 0.0000000000
72118  52.227  3.694  24.915 0.0000000000
73245  53.584  4.502  24.879 0.0000000000
74399  54.864  5.913  24.589 0.0000000000
63728  40.380  -3.866  29.368 0.0000000000
64698  40.794  -2.959  29.224 0.0000000000
64689  40.913  -3.528  29.971 0.0000000000
80185  54.700  10.807  6.482 0.0000000000
156762  55.313  10.815  6.072 0.0000000000
50133  10.610  -17.328  55.339 0.0000000000
51303  10.988  -16.537  55.840 0.0000000000
50119  10.314  -17.012  56.170 0.0000000000
51283  9.046  -16.318  57.993 0.0000000000
51282  9.732  -16.170  57.670 0.0000000000
52380  8.985  -15.263  59.289 0.0000000000
51269  8.639  -15.886  58.755 0.0000000000
50107  6.877  -17.120  58.119 0.0000000000
50088  7.124  -16.649  58.774 0.0000000000
73369  46.358  4.917  15.827 0.0000000000
73370  45.458  4.478  15.618 0.0000000000
71062  44.451  2.886  16.533 0.0000000000
72206  45.207  3.321  16.694 0.0000000000
72205  45.958  3.798  16.919 0.0000000000
72198  45.636  3.088  17.403 0.0000000000
71052  46.019  2.811  18.131 0.0000000000
69961  45.791  1.905  19.247 0.0000000000
71045  46.298  2.480  18.895 0.0000000000
71039  46.515  2.124  19.794 0.0000000000
71032  47.089  2.146  20.642 0.0000000000
68885  43.302  0.704  18.963 0.0000000000
140081  43.892  1.087  18.708 0.0000000000
68869  43.871  0.697  19.539 0.0000000000
153844  46.294  1.252  22.480 0.0000000000
69932  45.808  1.144  21.704 0.0000000000
69930  47.061  1.685  22.064 0.0000000000
70996  47.781  1.860  23.454 0.0000000000
152610  48.376  2.081  23.853 0.0000000000
70987  47.780  1.910  24.418 0.0000000000
70978  47.556  1.949  25.379 0.0000000000
138549  47.812  2.177  26.169 0.0000000000
70954  48.327  2.644  27.157 0.0000000000
152575  47.904  2.390  26.768 0.0000000000
58910  34.436  -8.319  34.329 0.0000000000
58909  35.279  -8.101  34.295 0.0000000000
57785  33.878  -9.725  37.145 0.0000000000
57795  33.644  -9.453  36.374 0.0000000000
57784  34.569  -9.296  37.552 0.0000000000
58857  36.241  -8.531  38.310 0.0000000000
58870  35.888  -8.332  37.421 0.0000000000
149647  36.364  -8.032  36.932 0.0000000000
58855  37.165  -8.175  38.219 0.0000000000
58854  37.989  -8.017  38.199 0.0000000000
142858  37.622  -8.208  38.785 0.0000000000
58818  38.602  -8.494  41.361 0.0000000000
60117  39.217  -8.130  41.007 0.0000000000
60116  39.847  -7.913  41.566 0.0000000000
60101  39.821  -7.885  42.366 0.0000000000
54579  33.892  -12.981  43.993 0.0000000000
54592  34.243  -12.769  42.712 0.0000000000
54578  34.524  -12.878  43.441 0.0000000000
55647  36.762  -12.170  44.419 0.0000000000
54576  36.106  -12.580  44.006 0.0000000000
55661  36.594  -11.968  43.580 0.0000000000
55660  37.116  -11.463  44.053 0.0000000000
57700  38.518  -9.568  46.603 0.0000000000
57701  38.096  -10.158  46.283 0.0000000000
57711  38.040  -9.620  45.119 0.0000000000
57722  38.147  -9.348  44.476 0.0000000000
57733  38.393  -9.001  43.730 0.0000000000
58776  38.740  -8.709  44.529 0.0000000000
60057  39.751  -7.793  45.105 0.0000000000
60087  40.429  -7.383  43.739 0.0000000000
56614  30.370  -10.729  53.110 0.0000000000
56596  29.929  -10.887  53.957 0.0000000000
56615  29.510  -10.669  53.247 0.0000000000
56632  27.475  -10.741  52.102 0.0000000000
147521  28.060  -10.662  52.751 0.0000000000
56618  27.177  -10.786  52.907 0.0000000000
151106  26.889  -10.839  53.696 0.0000000000
55586  25.162  -11.483  48.554 0.0000000000
56662  26.142  -11.298  49.871 0.0000000000
55567  25.462  -11.444  49.392 0.0000000000
55536  23.940  -11.654  50.946 0.0000000000
55535  24.643  -11.552  50.857 0.0000000000
56649  24.452  -11.464  51.643 0.0000000000
140700  25.576  -10.952  52.895 0.0000000000
56635  24.765  -11.204  52.418 0.0000000000
135217  24.209  -11.136  52.980 0.0000000000
56636  23.806  -11.427  52.401 0.0000000000
55539  21.621  -11.885  51.446 0.0000000000
55523  22.248  -11.712  52.124 0.0000000000
55524  21.407  -11.742  52.291 0.0000000000
55540  20.785  -11.954  51.652 0.0000000000
54571  19.884  -12.930  44.805 0.0000000000
150407  20.300  -12.861  44.204 0.0000000000
150152  20.224  -12.830  45.469 0.0000000000
54554  20.784  -12.714  45.918 0.0000000000
133114  20.033  -12.788  46.142 0.0000000000
53528  17.886  -13.577  44.834 0.0000000000
53529  17.378  -13.686  45.737 0.0000000000
54539  18.597  -13.049  46.770 0.0000000000
134240  19.242  -12.847  47.097 0.0000000000
54521  19.722  -12.664  47.732 0.0000000000
133910  20.030  -12.553  48.554 0.0000000000
54490  19.592  -12.570  49.102 0.0000000000
140011  18.496  -12.710  49.993 0.0000000000
140043  19.477  -12.514  49.924 0.0000000000
54474  18.987  -12.509  50.717 0.0000000000
54459  19.464  -12.347  51.351 0.0000000000
55542  19.215  -12.290  52.120 0.0000000000
55527  18.956  -12.195  52.910 0.0000000000
54476  16.459  -13.261  51.198 0.0000000000
54462  17.001  -12.867  51.826 0.0000000000
54463  16.249  -13.201  52.062 0.0000000000
137300  15.629  -13.705  51.475 0.0000000000
52468  14.967  -14.774  47.964 0.0000000000
53502  15.180  -14.528  48.927 0.0000000000
52455  14.430  -14.678  50.859 0.0000000000
157751  14.433  -14.427  52.221 0.0000000000
53471  14.301  -14.319  52.890 0.0000000000
52438  13.887  -14.752  52.378 0.0000000000
51321  12.586  -15.809  53.622 0.0000000000
50172  10.957  -17.552  52.665 0.0000000000
48892  10.211  -18.073  52.861 0.0000000000
133107  29.697  -11.638  36.956 0.0000000000
55753  30.392  -11.762  37.484 0.0000000000
55743  29.997  -11.871  38.392 0.0000000000
55727  30.601  -11.996  39.000 0.0000000000
55756  27.306  -10.981  37.145 0.0000000000
134208  27.915  -11.240  37.937 0.0000000000
132400  28.181  -11.354  38.676 0.0000000000
55696  28.623  -11.575  40.958 0.0000000000
55712  28.733  -11.602  39.894 0.0000000000
55711  29.512  -11.841  40.423 0.0000000000
55694  30.191  -12.012  41.047 0.0000000000
135844  29.862  -11.935  41.977 0.0000000000
135621  29.062  -11.637  43.911 0.0000000000
55664  29.702  -11.831  43.729 0.0000000000
140605  30.609  -11.811  45.938 0.0000000000
136690  29.825  -11.692  45.671 0.0000000000
56726  26.925  -10.988  44.581 0.0000000000
55651  27.791  -11.225  44.317 0.0000000000
55635  27.462  -11.167  45.262 0.0000000000
55585  29.086  -11.250  47.856 0.0000000000
55602  28.757  -11.359  47.048 0.0000000000
55584  29.900  -11.305  47.975 0.0000000000
56686  30.202  -11.118  48.782 0.0000000000
56674  30.452  -10.900  49.617 0.0000000000
140986  29.305  -10.563  51.659 0.0000000000
56643  30.287  -10.586  51.564 0.0000000000
55492  29.500  -11.412  54.575 0.0000000000
56559  20.465  -10.941  57.125 0.0000000000
136585  20.992  -10.899  56.738 0.0000000000
56544  21.230  -10.986  57.397 0.0000000000
51281  11.046  -15.499  57.084 0.0000000000
52385  11.423  -14.753  57.597 0.0000000000
53404  11.303  -13.411  60.295 0.0000000000
53411  11.515  -13.530  59.497 0.0000000000
54370  11.999  -12.915  59.995 0.0000000000
54363  12.807  -12.655  60.589 0.0000000000
54356  12.518  -12.984  61.440 0.0000000000
84550  63.149  13.725  7.169 0.0000000000
84549  63.602  13.544  6.814 0.0000000000
84540  63.443  13.525  7.649 0.0000000000
150763  63.796  12.688  9.514 0.0000000000
81265  57.214  11.766  8.733 0.0000000000
82351  57.902  12.010  8.661 0.0000000000
82329  59.600  12.697  10.533 0.0000000000
136827  59.463  12.923  9.798 0.0000000000
82319  60.255  13.168  10.960 0.0000000000
83454  60.802  13.725  10.461 0.0000000000
83442  60.997  13.629  11.365 0.0000000000
81211  60.329  12.190  14.193 0.0000000000
81221  60.236  12.174  13.215 0.0000000000
82302  60.938  12.831  13.735 0.0000000000
83424  62.165  13.474  13.404 0.0000000000
83423  62.562  13.099  13.453 0.0000000000
83432  62.438  13.471  12.610 0.0000000000
136516  62.783  13.178  12.579 0.0000000000
83430  63.103  12.891  12.366 0.0000000000
76870  49.530  6.991  12.115 0.0000000000
142730  49.603  7.294  11.319 0.0000000000
134252  51.134  7.346  12.119 0.0000000000
75701  49.403  6.779  14.660 0.0000000000
75717  50.149  7.028  14.301 0.0000000000
135484  52.049  7.606  14.881 0.0000000000
76848  51.556  7.404  14.441 0.0000000000
76847  52.291  7.574  14.195 0.0000000000
77933  53.726  8.059  14.606 0.0000000000
79002  54.750  8.895  16.586 0.0000000000
133621  56.270  9.595  16.831 0.0000000000
78992  55.763  9.519  17.443 0.0000000000
74485  49.823  5.349  19.267 0.0000000000
74484  50.334  5.574  19.544 0.0000000000
76790  51.893  7.047  20.167 0.0000000000
76805  51.707  7.151  19.514 0.0000000000
76813  51.596  7.288  18.740 0.0000000000
78958  54.840  9.219  21.119 0.0000000000
77861  54.137  8.824  20.704 0.0000000000
77872  53.991  8.953  19.800 0.0000000000
77886  53.326  8.566  19.281 0.0000000000
78980  54.683  9.319  19.392 0.0000000000
68825  40.541  -0.424  22.920 0.0000000000
68824  41.215  -0.348  23.063 0.0000000000
67719  41.906  -0.289  22.295 0.0000000000
68807  42.437  0.055  23.618 0.0000000000
69866  41.281  -0.260  26.767 0.0000000000
69880  41.184  -0.255  26.123 0.0000000000
134663  41.801  0.054  26.383 0.0000000000
70970  43.515  1.164  27.211 0.0000000000
132506  43.092  0.778  26.617 0.0000000000
69878  43.570  0.841  25.811 0.0000000000
69889  43.249  0.543  25.114 0.0000000000
69877  44.481  1.115  25.650 0.0000000000
69876  45.240  1.284  25.558 0.0000000000
70968  45.351  1.644  26.873 0.0000000000
70931  45.944  2.606  29.078 0.0000000000
70944  46.386  2.413  28.247 0.0000000000
70930  46.928  2.735  28.936 0.0000000000
72100  47.829  2.972  28.717 0.0000000000
60202  39.823  -7.057  35.731 0.0000000000
60203  39.071  -7.262  35.312 0.0000000000
61479  40.446  -6.665  35.335 0.0000000000
62599  41.313  -5.687  34.067 0.0000000000
61506  40.096  -6.316  33.808 0.0000000000
61516  40.017  -6.098  33.036 0.0000000000
62619  40.651  -5.613  32.711 0.0000000000
62618  41.264  -5.056  32.524 0.0000000000
64664  42.985  -3.626  33.411 0.0000000000
63699  42.064  -4.164  32.442 0.0000000000
64671  42.720  -3.503  32.736 0.0000000000
64678  42.293  -3.343  31.875 0.0000000000
65643  43.261  -2.974  33.179 0.0000000000
63581  44.092  -4.822  43.725 0.0000000000
62503  43.560  -5.585  42.393 0.0000000000
63589  43.968  -4.876  42.818 0.0000000000
64621  44.760  -3.780  41.150 0.0000000000
148556  44.459  -4.473  41.513 0.0000000000
64626  44.815  -3.755  40.245 0.0000000000
63617  44.550  -4.530  39.751 0.0000000000
64631  44.849  -3.681  39.252 0.0000000000
65616  45.363  -1.946  37.523 0.0000000000
65611  45.385  -2.136  38.846 0.0000000000
65612  45.191  -2.596  38.232 0.0000000000
64636  44.870  -3.371  37.936 0.0000000000
143546  44.803  -2.928  36.641 0.0000000000
64650  44.464  -3.182  35.954 0.0000000000
65629  44.893  -2.277  35.975 0.0000000000
67575  44.917  -0.805  35.008 0.0000000000
66568  44.519  -1.247  34.343 0.0000000000
67585  44.108  -0.767  33.560 0.0000000000
152440  43.661  -0.904  32.892 0.0000000000
67613  43.333  0.347  32.174 0.0000000000
67597  43.713  0.050  32.858 0.0000000000
147602  44.920  1.703  33.577 0.0000000000
70901  44.615  1.648  32.915 0.0000000000
72056  44.629  2.125  32.116 0.0000000000
70900  44.868  2.074  32.795 0.0000000000
72009  46.729  2.812  36.077 0.0000000000
73124  47.170  3.445  35.955 0.0000000000
73150  46.389  3.162  34.505 0.0000000000
144496  45.337  3.022  32.378 0.0000000000
72053  46.039  3.459  32.346 0.0000000000
72065  46.501  3.665  31.820 0.0000000000
73179  46.768  3.944  32.701 0.0000000000
84601  58.222  14.809  -1.676 0.0000000000
82394  55.069  12.366  2.123 0.0000000000
82422  58.314  12.523  -0.717 0.0000000000
83542  57.999  13.350  -1.087 0.0000000000
82421  59.025  12.113  -0.944 0.0000000000
81343  59.512  11.477  -0.494 0.0000000000
132852  60.632  10.591  0.503 0.0000000000
81332  60.045  10.944  -0.025 0.0000000000
80243  61.443  10.681  0.239 0.0000000000
80225  60.049  10.254  3.476 0.0000000000
153999  60.058  10.240  2.692 0.0000000000
136245  60.844  10.337  3.046 0.0000000000
82386  63.043  12.560  3.229 0.0000000000
154360  62.736  11.837  2.588 0.0000000000
82392  63.175  12.423  2.192 0.0000000000
82400  63.833  12.868  1.715 0.0000000000
83524  64.093  13.252  2.391 0.0000000000
83517  64.742  13.346  3.222 0.0000000000
82477  62.130  13.457  -6.169 0.0000000000
82476  62.850  12.902  -6.177 0.0000000000
82432  64.665  12.455  -2.176 0.0000000000
51313  12.898  -15.238  54.063 0.0000000000
53462  13.463  -14.391  54.867 0.0000000000
52419  12.830  -14.907  54.845 0.0000000000
72114  49.658  2.906  26.543 0.0000000000
72113  50.464  3.177  26.560 0.0000000000
132428  31.979  -11.903  38.940 0.0000000000
133293  32.652  -11.686  38.864 0.0000000000
55693  33.770  -12.304  41.268 0.0000000000
55652  24.023  -11.459  44.617 0.0000000000
55637  24.229  -11.502  45.464 0.0000000000
152700  23.337  -11.757  44.614 0.0000000000
55654  22.833  -11.940  44.260 0.0000000000
54568  22.348  -12.255  44.546 0.0000000000
56770  23.700  -10.999  41.817 0.0000000000
56755  24.663  -10.828  42.682 0.0000000000
56740  24.223  -11.085  43.119 0.0000000000
55667  24.125  -11.274  43.774 0.0000000000
156488  22.359  -11.053  54.119 0.0000000000
56587  22.757  -10.843  55.514 0.0000000000
81281  59.195  11.464  6.721 0.0000000000
82366  59.805  12.033  7.045 0.0000000000
80102  58.562  10.591  15.334 0.0000000000
81188  59.018  11.088  15.778 0.0000000000
74528  47.520  5.707  15.610 0.0000000000
74517  47.775  5.578  16.323 0.0000000000
74505  49.277  5.825  17.927 0.0000000000
67667  40.652  -0.618  27.648 0.0000000000
68763  40.928  -0.303  27.759 0.0000000000
69848  41.460  -0.112  27.932 0.0000000000
68757  41.527  -0.165  28.240 0.0000000000
148403  42.541  0.058  29.929 0.0000000000
69826  43.088  0.657  30.753 0.0000000000
60145  40.796  -7.760  39.634 0.0000000000
60144  41.461  -7.552  39.158 0.0000000000
60129  41.584  -7.548  39.995 0.0000000000
154461  42.233  -7.252  40.173 0.0000000000
61380  43.252  -6.413  41.115 0.0000000000
134239  57.211  10.487  4.930 0.0000000000
132655  58.088  10.481  5.176 0.0000000000
81294  58.432  10.968  6.099 0.0000000000
83559  60.032  12.912  -3.296 0.0000000000
81370  61.464  11.689  -2.928 0.0000000000
81358  60.471  11.473  -1.370 0.0000000000
54534  32.021  -12.193  45.761 0.0000000000
55615  32.193  -11.947  46.632 0.0000000000
55597  33.305  -11.804  47.815 0.0000000000
55514  17.181  -12.446  54.060 0.0000000000
55498  17.714  -12.015  54.582 0.0000000000
55499  16.976  -12.241  54.857 0.0000000000
56577  17.111  -11.522  57.027 0.0000000000
55442  14.830  -11.822  58.586 0.0000000000
142819  15.616  -11.671  58.258 0.0000000000
153301  54.167  10.705  7.911 0.0000000000
80162  54.032  10.367  9.271 0.0000000000
79063  53.478  9.170  10.710 0.0000000000
77960  54.306  8.727  11.714 0.0000000000
79031  56.069  8.869  13.127 0.0000000000
77939  55.298  8.599  12.805 0.0000000000
77931  55.465  8.559  13.831 0.0000000000
77924  55.243  8.617  14.875 0.0000000000
72175  48.529  3.338  20.522 0.0000000000
72174  49.271  3.832  20.811 0.0000000000
72153  48.986  3.222  21.375 0.0000000000
72150  51.094  3.837  22.941 0.0000000000
73239  52.953  4.041  25.322 0.0000000000
80186  53.444  10.530  6.838 0.0000000000
50120  9.541  -17.398  56.500 0.0000000000
50105  8.540  -16.930  57.592 0.0000000000
71053  45.297  2.472  17.864 0.0000000000
71047  45.023  2.004  18.269 0.0000000000
69970  45.124  1.730  18.864 0.0000000000
68853  44.148  0.540  20.381 0.0000000000
133943  44.395  0.511  21.249 0.0000000000
69915  45.524  0.985  22.384 0.0000000000
69900  46.352  1.243  23.470 0.0000000000
69899  47.062  1.551  23.888 0.0000000000
69886  46.386  1.320  24.251 0.0000000000
69875  46.640  1.697  25.646 0.0000000000
57815  33.875  -8.635  35.026 0.0000000000
57767  35.072  -9.904  39.131 0.0000000000
57775  34.817  -9.600  38.356 0.0000000000
57766  35.740  -9.541  39.529 0.0000000000
57773  36.252  -8.901  39.230 0.0000000000
58844  37.743  -8.386  39.574 0.0000000000
135495  37.527  -8.769  40.435 0.0000000000
153762  37.988  -8.693  41.036 0.0000000000
58807  38.677  -8.661  42.157 0.0000000000
54547  35.365  -12.934  45.515 0.0000000000
54563  35.449  -12.892  44.523 0.0000000000
54546  36.333  -12.701  45.877 0.0000000000
55630  36.927  -12.250  45.305 0.0000000000
55629  37.482  -11.627  45.680 0.0000000000
58727  39.411  -9.231  47.557 0.0000000000
58756  39.084  -8.359  45.446 0.0000000000
148368  28.970  -10.561  52.576 0.0000000000
56646  27.875  -10.740  51.334 0.0000000000
56647  26.976  -10.876  51.407 0.0000000000
55568  24.724  -11.620  49.422 0.0000000000
55569  23.823  -11.866  49.442 0.0000000000
55537  23.168  -11.783  51.125 0.0000000000
147478  22.716  -11.929  50.679 0.0000000000
55552  21.925  -12.077  50.569 0.0000000000
55570  21.159  -12.351  50.018 0.0000000000
54572  18.875  -13.219  44.677 0.0000000000
53522  16.579  -13.947  46.260 0.0000000000
53521  17.311  -13.569  46.769 0.0000000000
54523  17.977  -13.201  47.220 0.0000000000
132544  18.013  -13.100  47.912 0.0000000000
54505  18.417  -12.897  48.484 0.0000000000
54491  18.019  -12.919  49.215 0.0000000000
134428  17.478  -12.976  50.026 0.0000000000
54475  16.738  -13.260  50.449 0.0000000000
52447  13.744  -15.208  50.931 0.0000000000
52448  13.538  -15.279  51.769 0.0000000000
50178  12.418  -16.452  51.273 0.0000000000
133106  28.956  -11.544  36.931 0.0000000000
138609  26.699  -10.719  38.970 0.0000000000
56794  27.285  -10.953  39.633 0.0000000000
56808  27.528  -11.060  38.777 0.0000000000
55713  27.902  -11.286  40.250 0.0000000000
143028  28.997  -11.686  41.863 0.0000000000
157780  29.288  -11.750  42.509 0.0000000000
55650  28.640  -11.478  44.370 0.0000000000
141379  26.999  -11.113  45.932 0.0000000000
55620  27.772  -11.238  46.097 0.0000000000
56697  28.285  -11.202  47.745 0.0000000000
56675  29.643  -10.959  49.427 0.0000000000
146494  28.890  -11.014  49.269 0.0000000000
56645  29.151  -10.719  50.763 0.0000000000
52368  10.295  -14.443  59.201 0.0000000000
142491  10.874  -14.619  58.365 0.0000000000
53405  10.585  -13.745  60.535 0.0000000000
145541  62.834  13.773  9.015 0.0000000000
142318  63.287  13.544  8.546 0.0000000000
84531  63.456  13.338  9.126 0.0000000000
137440  63.526  13.099  9.760 0.0000000000
82327  63.933  12.186  9.747 0.0000000000
81245  63.730  12.115  10.584 0.0000000000
81258  58.203  11.914  9.924 0.0000000000
81247  58.505  11.622  10.590 0.0000000000
81246  59.189  11.971  10.944 0.0000000000
82320  59.808  12.461  11.405 0.0000000000
82283  61.905  12.931  14.874 0.0000000000
82292  61.715  13.164  14.074 0.0000000000
152640  49.758  6.860  12.910 0.0000000000
76840  50.809  7.376  15.774 0.0000000000
76849  50.819  7.276  14.827 0.0000000000
157587  51.497  7.611  15.923 0.0000000000
76838  52.092  7.743  15.569 0.0000000000
77926  53.556  8.202  15.572 0.0000000000
77915  53.425  8.399  16.513 0.0000000000
77902  54.103  8.766  17.004 0.0000000000
74469  51.378  5.960  20.787 0.0000000000
74470  50.745  5.605  20.184 0.0000000000
75633  51.890  6.604  20.707 0.0000000000
76789  52.436  7.276  20.677 0.0000000000
78979  55.267  9.717  19.952 0.0000000000
68826  39.833  -0.419  23.192 0.0000000000
68809  40.483  -0.294  23.896 0.0000000000
70960  42.785  0.867  27.935 0.0000000000
70959  43.356  1.302  27.959 0.0000000000
150267  43.904  1.501  27.650 0.0000000000
70958  44.717  1.812  27.760 0.0000000000
72089  46.476  2.971  29.722 0.0000000000
61466  41.522  -6.699  36.672 0.0000000000
61478  41.224  -6.448  35.743 0.0000000000
62588  41.776  -5.937  35.383 0.0000000000
144562  41.697  -5.721  34.722 0.0000000000
62598  42.007  -5.279  34.313 0.0000000000
63674  41.766  -5.207  33.691 0.0000000000
63673  42.640  -4.821  34.570 0.0000000000
64658  42.979  -4.121  34.033 0.0000000000
157652  43.542  -3.706  34.500 0.0000000000
63588  44.524  -4.205  43.201 0.0000000000
64608  45.130  -3.551  43.401 0.0000000000
65587  45.446  -2.978  42.726 0.0000000000
65593  45.082  -3.088  41.820 0.0000000000
66555  45.514  -1.171  37.047 0.0000000000
66556  45.252  -1.628  36.475 0.0000000000
146877  45.393  -0.962  36.316 0.0000000000
67569  45.262  -0.317  35.733 0.0000000000
148261  44.963  0.029  34.998 0.0000000000
68707  44.538  0.821  33.827 0.0000000000
68706  44.883  0.725  34.604 0.0000000000
69800  44.974  1.429  34.188 0.0000000000
135389  45.282  1.957  34.141 0.0000000000
81317  56.332  11.428  2.452 0.0000000000
82393  55.866  12.031  1.873 0.0000000000
81326  56.636  11.747  1.674 0.0000000000
81333  59.257  11.201  0.228 0.0000000000
153003  60.371  10.422  1.272 0.0000000000
81303  61.633  11.389  4.650 0.0000000000
80214  61.817  11.088  3.840 0.0000000000
81302  62.412  11.902  4.108 0.0000000000
82385  63.731  13.199  3.070 0.0000000000
82466  63.102  12.159  -5.271 0.0000000000
82464  64.356  11.799  -4.959 0.0000000000
149762  64.648  12.505  -1.271 0.0000000000
82417  65.263  12.147  0.149 0.0000000000
55565  31.964  -11.108  49.095 0.0000000000
55564  32.871  -11.142  49.314 0.0000000000
56654  33.250  -10.880  51.033 0.0000000000
55521  32.894  -11.270  52.665 0.0000000000
54430  15.190  -13.149  54.605 0.0000000000
54417  14.877  -12.942  55.508 0.0000000000
54404  14.676  -12.789  56.381 0.0000000000
53439  13.540  -13.739  56.180 0.0000000000
54405  13.914  -13.066  56.631 0.0000000000
54389  14.465  -12.587  57.191 0.0000000000
55456  14.242  -12.359  58.027 0.0000000000
55443  14.053  -12.023  58.928 0.0000000000
55428  13.939  -11.984  59.801 0.0000000000
135321  51.641  9.279  9.166 0.0000000000
77986  52.021  9.014  10.057 0.0000000000
157518  52.023  8.639  10.617 0.0000000000
77963  51.965  8.277  11.096 0.0000000000
76878  51.896  7.776  11.845 0.0000000000
142338  49.077  2.335  23.729 0.0000000000
70994  49.822  2.748  23.589 0.0000000000
70984  50.354  2.893  24.213 0.0000000000
72112  51.366  3.364  26.180 0.0000000000
155798  51.169  3.529  26.897 0.0000000000
73231  51.891  3.716  26.757 0.0000000000
73230  52.689  4.034  26.684 0.0000000000
152753  7.276  -17.926  56.734 0.0000000000
47842  6.951  -18.451  56.117 0.0000000000
47837  5.765  -18.177  56.946 0.0000000000
48815  5.482  -17.572  59.431 0.0000000000
68839  43.558  0.190  21.733 0.0000000000
68822  43.279  0.167  22.729 0.0000000000
56818  33.401  -10.444  37.425 0.0000000000
56807  33.287  -11.214  38.582 0.0000000000
150546  33.847  -10.682  38.480 0.0000000000
136068  34.423  -10.335  38.734 0.0000000000
56791  35.307  -10.219  39.896 0.0000000000
56780  35.585  -10.593  40.710 0.0000000000
56764  36.400  -10.548  41.704 0.0000000000
135122  26.852  -11.208  48.401 0.0000000000
148202  26.688  -11.204  49.263 0.0000000000
55604  25.946  -11.323  47.978 0.0000000000
55606  24.553  -11.665  47.953 0.0000000000
55622  24.311  -11.573  46.257 0.0000000000
140611  24.288  -11.666  47.155 0.0000000000
133809  23.821  -11.872  47.919 0.0000000000
153101  22.913  -12.195  47.812 0.0000000000
53516  15.961  -14.236  46.744 0.0000000000
133662  16.084  -14.075  47.515 0.0000000000
52475  15.483  -14.545  47.325 0.0000000000
134381  25.551  -10.501  40.630 0.0000000000
56767  26.071  -10.686  41.433 0.0000000000
56752  27.139  -10.982  42.841 0.0000000000
145107  26.586  -10.852  42.143 0.0000000000
56753  26.262  -10.821  43.053 0.0000000000
56737  26.253  -10.864  44.031 0.0000000000
56727  26.211  -10.964  44.880 0.0000000000
56708  26.443  -11.166  46.500 0.0000000000
56699  26.628  -11.216  47.385 0.0000000000
83502  62.183  13.095  6.106 0.0000000000
84567  62.941  13.496  5.977 0.0000000000
83492  62.529  13.499  6.398 0.0000000000
84561  62.259  13.675  7.135 0.0000000000
133192  61.496  13.575  7.518 0.0000000000
84552  62.061  13.827  7.934 0.0000000000
155068  62.369  13.895  9.105 0.0000000000
84533  62.478  13.883  9.765 0.0000000000
84519  62.619  13.867  10.594 0.0000000000
80132  58.541  10.345  12.645 0.0000000000
81223  59.043  10.950  12.202 0.0000000000
80121  59.167  10.830  13.112 0.0000000000
81212  59.730  11.468  13.628 0.0000000000
81187  59.672  11.603  15.466 0.0000000000
81196  60.344  12.184  15.145 0.0000000000
146250  49.283  6.727  15.365 0.0000000000
75691  48.787  6.392  15.837 0.0000000000
75690  49.521  6.850  15.982 0.0000000000
75681  50.170  7.148  16.154 0.0000000000
74431  53.759  6.371  23.338 0.0000000000
68786  39.934  -1.000  25.727 0.0000000000
69893  40.103  -0.858  25.682 0.0000000000
69882  40.518  -0.688  25.895 0.0000000000
69867  41.126  -0.317  26.735 0.0000000000
143878  41.739  0.077  27.139 0.0000000000
137797  41.911  0.093  27.983 0.0000000000
69856  42.162  0.314  28.046 0.0000000000
70948  42.769  0.957  28.712 0.0000000000
72079  44.172  2.159  30.834 0.0000000000
58881  38.000  -7.816  36.572 0.0000000000
138882  38.628  -7.566  35.929 0.0000000000
60186  39.078  -7.644  36.759 0.0000000000
60185  39.883  -7.322  36.501 0.0000000000
61450  40.634  -7.243  37.131 0.0000000000
60158  41.457  -7.369  38.396 0.0000000000
61449  41.492  -7.057  37.624 0.0000000000
61448  42.278  -6.604  37.413 0.0000000000
62557  43.057  -5.956  37.319 0.0000000000
158169  43.674  -5.422  37.524 0.0000000000
81308  56.014  11.145  3.197 0.0000000000
80229  56.788  10.929  3.035 0.0000000000
80227  58.565  10.485  2.610 0.0000000000
80226  59.394  10.380  2.265 0.0000000000
136243  60.064  10.345  4.200 0.0000000000
80207  59.583  10.447  4.734 0.0000000000
80206  60.616  10.820  4.861 0.0000000000
81291  61.265  11.756  5.455 0.0000000000
82372  61.761  12.530  5.816 0.0000000000
83576  60.620  13.834  -5.007 0.0000000000
83567  60.366  13.264  -4.216 0.0000000000
141822  61.684  12.263  -4.521 0.0000000000
82456  63.408  11.907  -4.267 0.0000000000
82455  64.214  12.081  -3.812 0.0000000000
82454  64.757  12.142  -3.528 0.0000000000
82444  64.460  12.312  -2.995 0.0000000000
149219  64.109  12.343  -2.467 0.0000000000
81339  63.461  11.988  -1.242 0.0000000000
54595  31.589  -12.514  41.674 0.0000000000
54594  32.247  -12.693  42.307 0.0000000000
158195  32.512  -12.760  43.114 0.0000000000
152663  33.060  -12.885  43.674 0.0000000000
133594  34.069  -12.983  44.779 0.0000000000
54550  32.637  -12.565  45.196 0.0000000000
54549  33.475  -12.768  45.428 0.0000000000
54548  34.354  -12.933  45.557 0.0000000000
54514  35.650  -12.610  47.612 0.0000000000
55579  34.401  -11.716  49.013 0.0000000000
55561  35.197  -11.875  50.310 0.0000000000
55578  35.369  -12.067  49.413 0.0000000000
55684  22.081  -12.214  42.410 0.0000000000
55495  20.090  -11.567  54.178 0.0000000000
56589  20.545  -11.181  55.562 0.0000000000
56607  19.906  -11.448  55.036 0.0000000000
56590  19.707  -11.315  55.959 0.0000000000
56574  19.779  -11.014  56.838 0.0000000000
56592  18.066  -11.542  56.057 0.0000000000
156040  19.177  -11.193  56.589 0.0000000000
143426  19.334  -10.962  58.207 0.0000000000
55484  16.024  -12.266  55.886 0.0000000000
55468  16.443  -11.815  56.518 0.0000000000
56562  16.993  -11.314  57.779 0.0000000000
55441  16.205  -11.434  58.825 0.0000000000
56549  16.860  -11.239  58.557 0.0000000000
81284  56.285  11.284  7.069 0.0000000000
144340  56.737  11.552  7.681 0.0000000000
81274  56.148  11.484  7.814 0.0000000000
81266  56.552  11.612  8.401 0.0000000000
80166  54.911  11.040  8.335 0.0000000000
81261  56.062  11.414  9.015 0.0000000000
81260  56.719  11.517  9.243 0.0000000000
81248  56.989  11.260  10.062 0.0000000000
80150  57.390  10.881  10.677 0.0000000000
80141  57.476  10.298  11.359 0.0000000000
79083  52.885  9.991  8.885 0.0000000000
79074  53.445  10.103  9.263 0.0000000000
152444  54.108  9.407  10.700 0.0000000000
79062  54.573  9.802  10.478 0.0000000000
152497  55.058  10.202  10.290 0.0000000000
79060  56.058  9.862  11.064 0.0000000000
151311  56.736  9.923  11.351 0.0000000000
80133  57.852  9.960  12.245 0.0000000000
79040  58.019  9.845  13.092 0.0000000000
79029  57.997  9.820  13.894 0.0000000000
79030  56.851  9.216  13.466 0.0000000000
139984  57.371  9.466  14.126 0.0000000000
79020  57.802  9.804  14.585 0.0000000000
80103  57.886  10.094  15.377 0.0000000000
80092  57.569  10.192  16.411 0.0000000000
73341  47.735  4.370  18.122 0.0000000000
73340  48.488  4.837  18.398 0.0000000000
73325  49.426  4.744  19.619 0.0000000000
73290  49.926  4.198  21.090 0.0000000000
73311  50.315  4.862  20.685 0.0000000000
72137  50.592  3.215  23.410 0.0000000000
72136  51.363  3.595  23.702 0.0000000000
73253  51.815  4.156  23.292 0.0000000000
73246  52.773  4.229  24.483 0.0000000000
73252  52.501  4.515  23.684 0.0000000000
74414  52.840  5.241  23.325 0.0000000000
152291  53.114  5.987  22.983 0.0000000000
74412  54.233  6.094  23.984 0.0000000000
65685  40.608  -2.186  28.428 0.0000000000
65677  41.092  -2.049  29.170 0.0000000000
65669  41.748  -2.403  30.340 0.0000000000
61328  42.245  -6.179  44.193 0.0000000000
61343  42.315  -6.334  43.261 0.0000000000
62486  43.565  -5.383  44.212 0.0000000000
81311  53.432  11.901  3.646 0.0000000000
81304  53.939  11.318  4.182 0.0000000000
80210  54.398  10.896  4.813 0.0000000000
153926  53.997  10.808  5.418 0.0000000000
132529  56.021  10.890  6.199 0.0000000000
84600  58.751  14.409  -2.322 0.0000000000
51302  11.623  -16.034  55.536 0.0000000000
153365  10.406  -15.908  57.351 0.0000000000
51292  9.985  -16.596  56.927 0.0000000000
158119  10.096  -15.580  57.948 0.0000000000
52379  9.638  -14.930  58.991 0.0000000000
52369  9.527  -14.687  59.711 0.0000000000
48823  7.954  -17.520  57.178 0.0000000000
50094  7.859  -16.226  58.835 0.0000000000
51257  8.145  -15.638  59.647 0.0000000000
51251  8.190  -15.374  60.579 0.0000000000
51247  8.388  -15.385  61.284 0.0000000000
74529  46.781  5.416  15.316 0.0000000000
73360  46.760  4.668  16.592 0.0000000000
73361  45.487  3.911  16.290 0.0000000000
159335  46.359  4.233  16.763 0.0000000000
72196  46.657  4.113  17.183 0.0000000000
72189  47.060  3.936  17.891 0.0000000000
152738  47.447  3.774  18.521 0.0000000000
72183  47.555  3.315  19.230 0.0000000000
72184  46.912  2.750  19.259 0.0000000000
71031  47.824  2.703  20.622 0.0000000000
135674  44.558  1.234  19.160 0.0000000000
146000  45.237  1.422  19.557 0.0000000000
69949  44.764  0.851  20.583 0.0000000000
69948  45.340  1.216  20.298 0.0000000000
69947  46.201  1.486  20.776 0.0000000000
71022  46.919  1.771  21.312 0.0000000000
70995  48.528  2.185  23.073 0.0000000000
70977  48.457  2.247  25.563 0.0000000000
70964  49.147  2.606  26.087 0.0000000000
70953  49.029  2.781  26.870 0.0000000000
152422  49.305  3.313  28.078 0.0000000000
132291  49.277  3.552  28.795 0.0000000000
58921  35.572  -8.023  33.654 0.0000000000
58897  36.425  -7.793  34.976 0.0000000000
145183  36.632  -7.809  35.635 0.0000000000
57807  32.686  -9.687  35.256 0.0000000000
57806  33.374  -9.240  35.577 0.0000000000
57805  34.125  -8.735  35.890 0.0000000000
57793  35.097  -8.595  37.110 0.0000000000
58885  34.956  -8.356  36.233 0.0000000000
58883  36.474  -7.912  36.279 0.0000000000
58882  37.218  -7.800  36.018 0.0000000000
58867  38.476  -7.867  37.488 0.0000000000
60161  38.823  -7.925  38.313 0.0000000000
60147  39.112  -7.981  39.121 0.0000000000
145484  38.574  -8.157  39.623 0.0000000000
60132  39.337  -8.023  40.053 0.0000000000
159329  40.190  -7.897  40.077 0.0000000000
135601  40.450  -7.771  41.299 0.0000000000
60114  41.100  -7.508  41.527 0.0000000000
60100  41.089  -7.272  42.387 0.0000000000
54607  33.100  -12.650  41.728 0.0000000000
54606  33.931  -12.623  41.993 0.0000000000
55677  34.728  -12.406  42.136 0.0000000000
54577  35.330  -12.771  43.667 0.0000000000
55662  35.890  -12.308  43.163 0.0000000000
55676  35.596  -11.936  42.274 0.0000000000
56751  36.175  -11.248  42.135 0.0000000000
57743  37.053  -10.081  42.237 0.0000000000
55614  37.772  -11.562  46.654 0.0000000000
56715  37.849  -10.890  45.981 0.0000000000
56725  37.674  -10.944  45.159 0.0000000000
56734  37.440  -10.674  43.830 0.0000000000
56749  37.294  -10.369  43.026 0.0000000000
57742  37.732  -9.720  42.696 0.0000000000
58808  38.148  -9.139  42.414 0.0000000000
137546  38.670  -8.829  42.962 0.0000000000
60089  39.245  -8.323  42.714 0.0000000000
58775  39.273  -8.178  44.595 0.0000000000
60088  39.803  -7.868  43.252 0.0000000000
133246  40.438  -7.528  42.832 0.0000000000
61363  41.032  -7.032  43.251 0.0000000000
61344  41.670  -6.631  43.686 0.0000000000
56616  28.636  -10.700  53.427 0.0000000000
56598  28.259  -10.921  54.209 0.0000000000
56600  26.442  -10.937  54.428 0.0000000000
56661  26.603  -11.065  50.646 0.0000000000
140765  26.114  -11.074  51.367 0.0000000000
55548  25.213  -11.467  50.242 0.0000000000
56648  25.279  -11.358  51.243 0.0000000000
140521  25.996  -10.888  53.726 0.0000000000
56601  25.597  -10.925  54.445 0.0000000000
56619  25.137  -10.941  53.719 0.0000000000
136283  24.199  -10.973  53.753 0.0000000000
55522  23.050  -11.655  51.946 0.0000000000
56637  22.883  -11.495  52.727 0.0000000000
56621  22.626  -11.274  53.500 0.0000000000
55509  21.165  -11.558  53.111 0.0000000000
157230  21.671  -12.488  42.875 0.0000000000
54584  21.665  -12.526  43.547 0.0000000000
54569  21.724  -12.531  44.354 0.0000000000
54553  21.461  -12.593  45.767 0.0000000000
54536  21.358  -12.604  46.491 0.0000000000
158048  21.139  -12.611  47.137 0.0000000000
53537  18.197  -13.573  44.099 0.0000000000
133115  19.894  -12.725  46.901 0.0000000000
153915  20.509  -12.621  47.394 0.0000000000
54519  21.218  -12.541  47.878 0.0000000000
54503  20.816  -12.508  48.610 0.0000000000
54472  20.316  -12.344  50.332 0.0000000000
54473  20.205  -12.206  51.127 0.0000000000
55541  19.999  -12.118  51.917 0.0000000000
55510  20.333  -11.726  53.339 0.0000000000
55511  19.475  -11.855  53.549 0.0000000000
55528  18.183  -12.406  53.096 0.0000000000
54461  17.855  -12.680  51.660 0.0000000000
54449  17.610  -12.629  52.474 0.0000000000
54436  17.390  -12.577  53.275 0.0000000000
54451  16.080  -13.161  52.911 0.0000000000
53469  15.392  -13.531  53.131 0.0000000000
53501  15.879  -13.948  49.335 0.0000000000
158214  14.709  -14.618  50.193 0.0000000000
53494  15.088  -14.127  50.725 0.0000000000
153562  15.222  -13.867  51.985 0.0000000000
135496  14.728  -13.851  53.359 0.0000000000
140734  14.138  -14.218  53.689 0.0000000000
52439  13.351  -15.276  52.581 0.0000000000
52428  13.134  -15.242  53.382 0.0000000000
139384  12.001  -16.317  53.907 0.0000000000
50171  11.628  -16.991  52.435 0.0000000000
50163  11.521  -16.965  53.360 0.0000000000
50148  11.457  -16.938  54.223 0.0000000000
50149  10.809  -17.487  54.492 0.0000000000
48855  10.055  -17.937  54.697 0.0000000000
145651  9.598  -18.399  54.083 0.0000000000
48856  9.138  -18.453  54.751 0.0000000000
55766  31.515  -11.028  36.082 0.0000000000
55752  31.223  -11.458  36.836 0.0000000000
55767  30.316  -11.550  36.514 0.0000000000
132783  31.339  -11.725  37.772 0.0000000000
55741  31.371  -11.928  38.586 0.0000000000
55726  31.380  -12.104  39.403 0.0000000000
152745  28.608  -11.488  37.582 0.0000000000
55729  28.761  -11.557  39.019 0.0000000000
151126  29.291  -11.698  38.551 0.0000000000
149833  31.257  -12.386  41.308 0.0000000000
140607  31.305  -12.443  42.425 0.0000000000
54582  31.006  -12.271  43.075 0.0000000000
54567  31.063  -12.210  43.766 0.0000000000
55679  29.818  -11.897  42.896 0.0000000000
55663  30.412  -12.043  43.380 0.0000000000
55648  31.116  -12.123  44.592 0.0000000000
55631  31.237  -12.012  45.432 0.0000000000
55666  27.644  -11.161  43.418 0.0000000000
55619  28.441  -11.361  46.336 0.0000000000
55618  29.189  -11.518  46.227 0.0000000000
159007  29.241  -11.561  45.498 0.0000000000
55617  30.048  -11.633  46.491 0.0000000000
55600  30.395  -11.529  47.274 0.0000000000
56685  31.063  -11.120  48.924 0.0000000000
56673  31.323  -10.867  49.786 0.0000000000
56642  31.179  -10.643  51.431 0.0000000000
56613  31.257  -10.846  52.971 0.0000000000
56572  21.275  -10.896  56.018 0.0000000000
147560  21.571  -10.898  56.705 0.0000000000
52409  11.940  -15.339  56.007 0.0000000000
53441  12.086  -14.451  57.063 0.0000000000
53417  12.110  -13.665  58.249 0.0000000000
53419  11.029  -13.950  58.914 0.0000000000
53418  11.702  -13.691  58.802 0.0000000000
54379  12.727  -13.179  58.280 0.0000000000
54369  12.786  -12.698  59.660 0.0000000000
136976  13.362  -12.395  60.026 0.0000000000
84559  63.302  13.614  6.381 0.0000000000
82358  58.231  11.913  8.151 0.0000000000
148946  59.425  12.835  8.643 0.0000000000
82342  59.112  12.696  9.216 0.0000000000
83467  59.872  13.243  9.171 0.0000000000
83466  60.654  13.749  9.572 0.0000000000
84507  62.612  13.827  11.299 0.0000000000
82311  60.031  12.281  12.296 0.0000000000
82301  61.502  13.346  13.161 0.0000000000
83434  61.246  13.515  12.268 0.0000000000
83441  61.769  13.919  11.705 0.0000000000
84501  62.354  13.821  11.867 0.0000000000
83440  63.087  13.432  11.302 0.0000000000
76892  50.098  7.713  10.858 0.0000000000
76868  52.591  7.785  12.454 0.0000000000
75738  49.065  6.692  12.867 0.0000000000
76857  50.953  7.157  13.924 0.0000000000
132275  51.080  7.146  13.026 0.0000000000
76855  52.474  7.601  13.324 0.0000000000
76854  53.236  7.857  13.065 0.0000000000
77941  53.876  8.045  13.660 0.0000000000
77932  54.581  8.263  14.248 0.0000000000
77913  55.007  8.784  15.810 0.0000000000
79013  55.897  9.042  15.527 0.0000000000
134268  56.245  9.360  16.179 0.0000000000
80093  56.888  10.033  17.034 0.0000000000
80084  57.548  10.470  17.414 0.0000000000
74497  49.054  5.412  18.285 0.0000000000
75648  50.715  6.093  19.383 0.0000000000
75659  50.442  6.336  18.550 0.0000000000
76814  50.994  6.998  18.294 0.0000000000
148168  51.520  7.403  18.055 0.0000000000
139202  52.054  7.794  18.338 0.0000000000
75622  53.054  7.033  21.959 0.0000000000
76774  53.389  7.651  21.620 0.0000000000
76788  53.046  7.822  20.909 0.0000000000
137998  54.395  8.686  21.576 0.0000000000
77874  52.748  7.838  20.282 0.0000000000
77887  52.735  8.063  19.617 0.0000000000
77896  52.688  8.183  18.775 0.0000000000
77895  53.317  8.608  18.365 0.0000000000
78985  54.740  9.267  18.460 0.0000000000
143398  55.389  9.506  18.116 0.0000000000
80068  55.962  10.122  19.785 0.0000000000
78991  56.105  9.913  18.235 0.0000000000
80075  57.514  10.678  18.345 0.0000000000
80074  58.233  11.032  17.914 0.0000000000
67732  41.572  -0.434  21.533 0.0000000000
68796  40.176  -0.459  24.833 0.0000000000
68795  40.904  -0.212  24.833 0.0000000000
68794  41.815  0.091  24.764 0.0000000000
146810  42.402  0.379  26.690 0.0000000000
68793  42.859  0.299  24.427 0.0000000000
68792  43.906  0.575  24.168 0.0000000000
158291  44.711  0.867  24.339 0.0000000000
69887  45.041  1.068  24.935 0.0000000000
70967  46.429  1.890  26.618 0.0000000000
70957  45.860  2.042  27.555 0.0000000000
70956  46.825  2.272  27.427 0.0000000000
70955  47.626  2.485  27.343 0.0000000000
70942  48.101  2.785  27.896 0.0000000000
72099  48.641  3.165  28.404 0.0000000000
60204  38.390  -7.478  35.281 0.0000000000
60217  38.519  -7.313  34.660 0.0000000000
61494  40.253  -6.476  34.552 0.0000000000
61495  39.546  -6.712  34.201 0.0000000000
63710  40.908  -4.510  31.117 0.0000000000
157324  41.677  -4.662  32.469 0.0000000000
62629  41.466  -4.535  31.902 0.0000000000
63720  41.082  -3.915  30.621 0.0000000000
64688  41.480  -3.239  30.498 0.0000000000
65657  41.977  -2.858  31.052 0.0000000000
65668  42.182  -1.959  30.773 0.0000000000
62504  42.947  -5.978  42.818 0.0000000000
62525  43.793  -5.876  40.691 0.0000000000
63598  44.418  -4.345  42.336 0.0000000000
62514  44.171  -5.191  41.105 0.0000000000
62536  43.796  -5.901  39.840 0.0000000000
62535  44.168  -5.274  39.381 0.0000000000
63628  44.084  -5.063  38.024 0.0000000000
63639  43.996  -4.814  37.259 0.0000000000
150699  45.354  -2.458  40.452 0.0000000000
66538  45.722  -1.130  40.027 0.0000000000
147563  45.461  -2.095  39.694 0.0000000000
147538  45.084  -2.957  39.908 0.0000000000
147488  44.964  -3.254  38.591 0.0000000000
63638  44.502  -4.213  37.780 0.0000000000
63651  44.298  -4.133  36.898 0.0000000000
64646  44.073  -3.926  36.155 0.0000000000
64651  43.909  -3.627  35.265 0.0000000000
145310  43.903  -3.012  34.499 0.0000000000
65636  44.733  -1.782  35.103 0.0000000000
65637  44.284  -2.180  34.441 0.0000000000
65642  43.798  -2.472  33.718 0.0000000000
65649  43.483  -2.268  33.011 0.0000000000
66585  42.928  -1.509  31.920 0.0000000000
66597  42.575  -1.336  31.168 0.0000000000
67632  42.605  -0.454  30.897 0.0000000000
68741  43.112  0.684  31.260 0.0000000000
69825  43.471  1.064  31.424 0.0000000000
68719  44.097  0.843  33.112 0.0000000000
69816  43.757  1.170  32.061 0.0000000000
142696  44.164  1.758  31.641 0.0000000000
72068  44.384  2.150  31.442 0.0000000000
153201  44.522  2.418  31.299 0.0000000000
70881  46.077  2.173  35.705 0.0000000000
72033  46.053  2.661  34.546 0.0000000000
73134  46.618  3.028  35.204 0.0000000000
72044  45.324  2.393  33.347 0.0000000000
134433  45.572  2.876  33.232 0.0000000000
139374  44.918  2.824  31.504 0.0000000000
72077  45.305  3.007  30.765 0.0000000000
72076  46.230  3.358  31.059 0.0000000000
132762  46.851  3.281  30.438 0.0000000000
72064  47.947  3.914  31.252 0.0000000000
72075  47.680  3.509  30.541 0.0000000000
82434  59.340  12.419  -1.629 0.0000000000
81359  59.778  11.749  -1.179 0.0000000000
80248  61.532  10.883  -0.438 0.0000000000
81331  62.791  11.351  0.203 0.0000000000
153495  63.270  11.915  0.640 0.0000000000
80235  60.129  10.301  1.967 0.0000000000
158681  60.772  10.318  1.787 0.0000000000
153146  61.700  10.707  3.069 0.0000000000
80223  62.250  11.045  2.439 0.0000000000
80233  62.152  10.831  1.567 0.0000000000
81323  62.757  11.394  1.046 0.0000000000
81322  63.843  12.487  0.788 0.0000000000
83529  64.502  13.123  1.793 0.0000000000
152446  64.300  13.395  2.930 0.0000000000
83522  65.031  13.147  2.613 0.0000000000
52360  9.431  -14.506  60.474 0.0000000000
52387  10.158  -15.048  58.443 0.0000000000
52396  11.674  -15.103  56.754 0.0000000000
52461  14.623  -14.825  49.464 0.0000000000
53398  10.381  -13.874  61.249 0.0000000000
53428  11.912  -14.116  57.690 0.0000000000
54364  11.845  -12.961  60.864 0.0000000000
54416  15.584  -12.710  55.327 0.0000000000
54460  18.688  -12.502  51.494 0.0000000000
54504  19.224  -12.689  48.456 0.0000000000
54512  37.406  -12.328  48.043 0.0000000000
54517  33.088  -12.128  46.937 0.0000000000
54532  34.685  -12.844  46.292 0.0000000000
54564  34.694  -12.955  44.200 0.0000000000
54610  30.987  -12.271  40.884 0.0000000000
54623  32.290  -12.357  40.546 0.0000000000
55467  17.304  -11.665  56.266 0.0000000000
55497  18.390  -11.910  54.361 0.0000000000
55500  16.275  -12.467  55.133 0.0000000000
55551  22.583  -12.122  50.104 0.0000000000
55639  22.817  -11.989  44.970 0.0000000000
55649  30.363  -11.950  44.221 0.0000000000
55691  34.982  -11.844  41.556 0.0000000000
55692  34.371  -12.232  41.586 0.0000000000
55751  32.058  -11.346  37.346 0.0000000000
56586  23.214  -10.876  54.902 0.0000000000
56604  22.531  -10.915  54.753 0.0000000000
56622  21.789  -11.308  53.708 0.0000000000
56644  29.854  -10.642  50.979 0.0000000000
56659  29.067  -10.881  49.993 0.0000000000
56696  38.336  -11.052  47.294 0.0000000000
56719  24.810  -11.235  44.976 0.0000000000
56735  36.925  -11.166  43.291 0.0000000000
56756  23.954  -11.039  42.475 0.0000000000
56793  33.944  -10.956  39.110 0.0000000000
57712  37.895  -10.196  45.490 0.0000000000
57774  35.560  -9.200  38.756 0.0000000000
58740  38.966  -8.996  46.961 0.0000000000
58794  38.186  -9.306  43.080 0.0000000000
58868  37.567  -7.970  37.460 0.0000000000
58869  36.703  -8.114  37.527 0.0000000000
60128  42.700  -6.924  40.639 0.0000000000
60216  39.112  -7.037  34.602 0.0000000000
61329  41.670  -6.516  44.473 0.0000000000
61360  43.101  -6.227  41.961 0.0000000000
61398  43.312  -6.465  40.260 0.0000000000
61507  39.407  -6.563  33.400 0.0000000000
62515  43.696  -5.771  41.544 0.0000000000
62545  44.025  -5.342  38.678 0.0000000000
62556  43.485  -5.308  36.867 0.0000000000
62573  41.882  -6.180  36.066 0.0000000000
62609  40.666  -5.862  33.508 0.0000000000
62620  39.962  -5.879  32.207 0.0000000000
63608  44.527  -4.514  40.662 0.0000000000
63687  42.515  -4.190  33.230 0.0000000000
63688  41.846  -4.792  33.055 0.0000000000
64614  44.868  -3.632  42.600 0.0000000000
64645  44.507  -3.554  36.560 0.0000000000
64679  41.612  -3.808  31.262 0.0000000000
65617  44.992  -2.758  37.392 0.0000000000
65650  42.966  -2.525  32.397 0.0000000000
66574  43.811  -1.642  33.250 0.0000000000
66584  43.379  -1.586  32.595 0.0000000000
67584  44.635  -0.131  34.237 0.0000000000
67614  42.992  0.157  31.511 0.0000000000
67666  41.142  -0.236  28.092 0.0000000000
67747  42.304  -0.200  21.382 0.0000000000
68730  43.321  0.814  31.816 0.0000000000
68756  42.030  -0.204  28.926 0.0000000000
68764  40.585  -0.408  27.365 0.0000000000
68771  41.022  -0.071  27.477 0.0000000000
68820  45.028  0.791  21.895 0.0000000000
68823  42.455  -0.048  22.751 0.0000000000
68855  42.748  0.058  20.548 0.0000000000
69780  45.686  1.226  36.430 0.0000000000
69790  45.114  1.226  35.002 0.0000000000
69815  44.141  1.261  32.665 0.0000000000
69834  42.961  0.586  30.142 0.0000000000
69855  42.218  0.356  27.503 0.0000000000
69863  44.868  1.373  26.247 0.0000000000
69864  43.960  1.144  26.438 0.0000000000
69879  42.581  0.431  25.969 0.0000000000
69881  41.093  -0.361  26.103 0.0000000000
70870  46.042  1.828  36.569 0.0000000000
70909  44.411  1.711  32.262 0.0000000000
70910  43.950  1.388  31.815 0.0000000000
70917  43.935  1.799  31.034 0.0000000000
70918  43.770  1.424  31.248 0.0000000000
70923  44.061  2.152  30.149 0.0000000000
70925  43.305  1.096  30.199 0.0000000000
70966  47.294  2.206  26.733 0.0000000000
72023  45.762  2.237  34.725 0.0000000000
72034  45.545  2.346  34.002 0.0000000000
72043  45.798  2.785  33.925 0.0000000000
72054  46.054  3.394  33.056 0.0000000000
72055  45.051  2.472  32.642 0.0000000000
72167  50.141  3.875  21.813 0.0000000000
73288  51.154  4.925  21.878 0.0000000000
74451  52.156  5.924  21.878 0.0000000000
74453  50.937  5.259  21.090 0.0000000000
74496  49.693  5.733  18.547 0.0000000000
75684  48.112  6.000  15.961 0.0000000000
75737  50.300  6.993  13.392 0.0000000000
76764  53.686  7.397  22.362 0.0000000000
76775  52.861  7.300  21.320 0.0000000000
80215  60.667  10.479  3.894 0.0000000000
80224  61.403  10.468  2.208 0.0000000000
80247  62.132  10.951  -0.173 0.0000000000
81272  58.188  11.663  7.619 0.0000000000
81319  54.904  11.853  2.794 0.0000000000
81375  65.386  11.370  -3.315 0.0000000000
82309  63.380  12.505  11.950 0.0000000000
82350  58.785  12.303  8.550 0.0000000000
83486  60.131  12.887  7.693 0.0000000000
83493  61.777  13.338  6.783 0.0000000000
83495  60.208  12.551  7.242 0.0000000000
84500  62.735  13.544  11.799 0.0000000000
84506  62.893  13.719  11.055 0.0000000000
84508  62.130  14.071  10.998 0.0000000000
84518  62.957  13.702  10.487 0.0000000000
84520  62.110  14.033  10.306 0.0000000000
84534  61.975  14.017  9.513 0.0000000000
84542  62.504  13.848  8.388 0.0000000000
84543  61.954  13.948  8.742 0.0000000000
84551  62.661  13.785  7.546 0.0000000000
84557  64.126  13.389  5.790 0.0000000000
84558  63.764  13.541  6.086 0.0000000000
132283  42.987  0.068  21.311 0.0000000000
132901  50.963  3.218  24.106 0.0000000000
133224  53.049  4.055  26.055 0.0000000000
134127  43.239  -6.322  38.739 0.0000000000
135732  33.304  -10.078  36.778 0.0000000000
138792  11.108  -13.481  61.034 0.0000000000
139387  43.927  1.698  28.153 0.0000000000
139464  48.837  6.554  14.259 0.0000000000
139710  31.896  -10.711  51.315 0.0000000000
140557  65.288  12.962  3.079 0.0000000000
142813  38.711  -8.942  46.101 0.0000000000
144180  35.697  -7.953  34.858 0.0000000000
146710  27.392  -11.102  42.008 0.0000000000
147239  25.113  -10.652  42.234 0.0000000000
148099  38.233  -9.552  45.805 0.0000000000
148408  45.459  -1.847  38.299 0.0000000000
148431  44.756  -3.833  38.461 0.0000000000
148513  41.343  -1.235  28.920 0.0000000000
148646  37.493  -10.997  44.478 0.0000000000
148663  42.861  -0.712  31.545 0.0000000000
150251  16.541  -11.614  57.301 0.0000000000
150862  28.600  -10.657  51.288 0.0000000000
151233  46.066  3.121  30.370 0.0000000000
152691  41.196  -0.137  25.489 0.0000000000
153037  41.898  -0.199  23.128 0.0000000000
153935  23.719  -11.725  45.878 0.0000000000
154245  40.664  -6.081  34.166 0.0000000000
154373  32.551  -10.919  52.239 0.0000000000
154997  56.370  9.852  17.475 0.0000000000
156518  25.002  -11.277  51.834 0.0000000000
156530  45.334  -1.749  36.963 0.0000000000
156577  51.894  6.137  21.250 0.0000000000
156660  33.801  -12.906  43.288 0.0000000000
157019  48.125  2.063  24.991 0.0000000000
157158  39.836  -7.545  37.175 0.0000000000
158025  61.248  10.623  3.601 0.0000000000
158343  41.552  -1.869  29.718 0.0000000000
158566  50.627  7.295  16.361 0.0000000000
158582  32.760  -11.458  38.355 0.0000000000
158832  41.881  -1.663  30.199 0.0000000000
159122  35.967  -10.590  41.229 0.0000000000
