#!ascii label  , from subject ICBM2009cNolinAsym vox2ras=TkReg
1385
67430  13.940  -0.853  60.138 0.0000000000
145381  6.104  -14.287  40.951 0.0000000000
135591  3.841  -8.896  59.065 0.0000000000
64572  1.821  -2.837  52.291 0.0000000000
69740  4.313  0.533  43.801 0.0000000000
136044  8.457  -5.466  61.352 0.0000000000
66458  5.582  -1.508  59.487 0.0000000000
62392  17.539  -4.781  58.256 0.0000000000
152106  12.571  -7.356  59.487 0.0000000000
55430  7.084  -11.144  59.159 0.0000000000
75259  2.998  6.468  53.623 0.0000000000
153683  2.729  -0.357  47.893 0.0000000000
77628  5.068  8.002  48.784 0.0000000000
55503  1.529  -11.742  54.650 0.0000000000
58693  1.929  -9.018  50.663 0.0000000000
62416  3.167  -5.610  55.530 0.0000000000
70666  3.117  2.290  56.596 0.0000000000
58750  6.166  -7.861  46.625 0.0000000000
61391  8.250  -6.366  41.123 0.0000000000
62584  4.398  -4.761  36.868 0.0000000000
68660  8.448  0.798  39.930 0.0000000000
64515  11.141  -3.204  61.267 0.0000000000
67428  9.982  -1.219  60.614 0.0000000000
64521  16.076  -3.183  59.969 0.0000000000
61197  14.867  -6.150  59.127 0.0000000000
63489  13.766  -4.608  60.540 0.0000000000
156195  10.970  -6.231  61.151 0.0000000000
145498  3.631  7.313  51.224 0.0000000000
56567  2.094  -10.224  56.480 0.0000000000
58653  1.855  -8.527  55.030 0.0000000000
61205  3.207  -6.655  57.870 0.0000000000
69601  6.655  1.601  58.500 0.0000000000
148685  4.253  -0.041  58.222 0.0000000000
56532  5.388  -9.948  59.994 0.0000000000
54384  5.118  -12.196  58.313 0.0000000000
55448  3.250  -11.317  57.983 0.0000000000
53446  1.925  -13.043  55.982 0.0000000000
61257  3.862  -5.988  51.663 0.0000000000
58719  3.691  -8.182  48.409 0.0000000000
62444  3.678  -5.148  49.985 0.0000000000
68624  3.469  -0.030  45.342 0.0000000000
62491  3.572  -4.329  44.509 0.0000000000
63605  4.255  -3.527  41.979 0.0000000000
136161  6.047  -4.861  38.920 0.0000000000
65609  4.240  -2.109  40.053 0.0000000000
59912  5.632  -6.938  60.422 0.0000000000
62389  4.600  -5.283  59.442 0.0000000000
65497  7.251  -3.020  60.854 0.0000000000
68493  7.797  -0.028  59.727 0.0000000000
61212  18.324  -6.044  56.438 0.0000000000
59944  16.573  -7.395  54.285 0.0000000000
59922  15.840  -6.809  56.886 0.0000000000
159120  13.394  -8.351  56.651 0.0000000000
57639  9.557  -9.440  59.588 0.0000000000
154082  7.717  -8.511  60.712 0.0000000000
152401  1.710  2.124  53.134 0.0000000000
66507  1.917  -1.602  49.485 0.0000000000
153176  2.047  3.312  50.392 0.0000000000
74180  4.022  3.990  48.334 0.0000000000
74198  4.793  4.769  46.548 0.0000000000
157148  16.270  0.032  58.499 0.0000000000
59938  22.010  -6.905  53.861 0.0000000000
62403  23.543  -4.950  56.020 0.0000000000
64540  19.351  -3.786  57.544 0.0000000000
66461  18.072  -1.486  58.403 0.0000000000
52442  1.299  -14.841  52.129 0.0000000000
54479  1.381  -12.863  50.524 0.0000000000
133452  1.396  -10.917  52.368 0.0000000000
59957  2.575  -7.164  53.304 0.0000000000
64564  2.534  -3.856  54.123 0.0000000000
140862  3.956  -3.377  58.154 0.0000000000
66482  2.603  -1.512  56.292 0.0000000000
68543  1.900  0.835  54.922 0.0000000000
72921  2.721  4.180  55.121 0.0000000000
55611  1.952  -11.481  47.353 0.0000000000
56731  3.780  -10.946  45.270 0.0000000000
56743  5.635  -10.728  43.643 0.0000000000
62461  3.232  -4.871  47.182 0.0000000000
60083  8.147  -6.854  44.318 0.0000000000
56774  8.235  -9.907  41.171 0.0000000000
57787  8.040  -9.276  37.628 0.0000000000
58891  5.486  -8.473  36.020 0.0000000000
140383  7.575  8.444  46.257 0.0000000000
75367  5.962  5.614  44.512 0.0000000000
74214  7.297  4.750  42.882 0.0000000000
69756  5.488  1.179  41.979 0.0000000000
66551  4.498  -1.784  38.100 0.0000000000
65493  12.706  -2.458  61.059 0.0000000000
66449  12.133  -1.252  60.526 0.0000000000
147085  13.164  -0.509  60.012 0.0000000000
66446  15.324  -1.733  60.059 0.0000000000
134882  14.525  -4.146  60.316 0.0000000000
65499  13.955  -2.394  60.537 0.0000000000
64514  12.350  -4.023  61.204 0.0000000000
52518  5.490  -15.101  40.391 0.0000000000
53583  6.271  -14.206  39.473 0.0000000000
57647  2.816  -9.769  57.732 0.0000000000
58644  2.659  -8.204  57.188 0.0000000000
59921  3.226  -7.438  58.169 0.0000000000
58658  18.133  -7.601  52.860 0.0000000000
57641  4.438  -9.415  59.388 0.0000000000
56543  4.164  -10.678  58.974 0.0000000000
57642  3.789  -9.882  58.902 0.0000000000
55460  2.761  -11.173  57.344 0.0000000000
63535  2.397  -4.026  52.181 0.0000000000
62443  3.711  -5.386  50.914 0.0000000000
63540  2.433  -3.960  50.543 0.0000000000
69736  3.831  0.634  44.852 0.0000000000
141032  3.539  -1.220  44.149 0.0000000000
66531  3.745  -1.230  42.831 0.0000000000
63615  4.133  -2.959  41.353 0.0000000000
67530  4.143  -0.989  42.282 0.0000000000
137554  7.048  -5.848  61.165 0.0000000000
62381  6.668  -5.236  61.036 0.0000000000
63484  7.724  -4.260  61.201 0.0000000000
67435  8.646  -0.427  60.057 0.0000000000
69590  8.996  1.017  58.757 0.0000000000
61206  17.767  -5.897  57.048 0.0000000000
61213  17.466  -6.379  56.226 0.0000000000
134406  16.992  -6.083  57.299 0.0000000000
150625  13.759  -6.830  59.189 0.0000000000
59918  14.343  -7.135  58.093 0.0000000000
132921  13.094  -8.052  58.234 0.0000000000
58635  10.844  -8.684  59.608 0.0000000000
62378  10.080  -5.684  61.380 0.0000000000
59904  9.556  -7.462  61.071 0.0000000000
145462  7.824  -6.872  61.169 0.0000000000
58625  6.665  -7.852  60.947 0.0000000000
72940  2.066  4.119  53.347 0.0000000000
70710  1.685  2.723  51.801 0.0000000000
74119  2.170  4.906  52.026 0.0000000000
76499  4.320  7.638  50.027 0.0000000000
75319  3.752  5.396  49.390 0.0000000000
75329  4.203  5.910  48.379 0.0000000000
144381  4.423  4.254  47.257 0.0000000000
76536  4.729  7.012  47.630 0.0000000000
63499  20.284  -4.551  56.703 0.0000000000
53475  1.308  -13.435  53.130 0.0000000000
54454  1.322  -12.485  52.392 0.0000000000
133717  1.424  -11.274  53.853 0.0000000000
59935  2.534  -6.940  55.159 0.0000000000
59947  2.173  -7.571  54.578 0.0000000000
137831  2.930  -6.177  54.918 0.0000000000
62431  3.438  -5.211  53.872 0.0000000000
63518  3.296  -4.761  55.147 0.0000000000
65503  5.268  -3.415  59.715 0.0000000000
64531  4.404  -3.783  58.779 0.0000000000
66460  4.591  -2.319  58.940 0.0000000000
69615  3.813  1.479  57.420 0.0000000000
67462  3.205  -0.701  57.307 0.0000000000
146689  2.876  0.930  56.589 0.0000000000
67473  2.333  -0.760  55.844 0.0000000000
69633  2.504  1.037  55.997 0.0000000000
70685  2.221  2.326  54.993 0.0000000000
152544  3.151  3.631  56.230 0.0000000000
133512  15.034  -7.916  54.133 0.0000000000
58670  15.688  -7.976  52.229 0.0000000000
55445  8.241  -11.327  58.284 0.0000000000
54393  8.349  -12.177  57.123 0.0000000000
54382  7.055  -12.225  58.059 0.0000000000
53422  4.559  -12.607  58.044 0.0000000000
53432  5.368  -13.463  57.358 0.0000000000
54422  1.663  -12.553  55.232 0.0000000000
53474  1.399  -13.860  54.024 0.0000000000
56665  1.615  -10.695  50.424 0.0000000000
54509  1.635  -12.602  48.903 0.0000000000
56692  1.859  -10.554  48.863 0.0000000000
58735  4.473  -8.160  47.406 0.0000000000
57705  3.453  -9.383  46.396 0.0000000000
57717  4.358  -9.537  45.354 0.0000000000
57740  4.746  -10.762  44.460 0.0000000000
58789  6.444  -8.680  44.912 0.0000000000
67500  2.097  -0.790  48.807 0.0000000000
157026  2.829  -3.508  48.404 0.0000000000
64587  2.992  -3.171  47.083 0.0000000000
135251  5.483  -5.814  42.818 0.0000000000
61338  6.080  -5.890  44.662 0.0000000000
61373  7.972  -6.381  42.776 0.0000000000
58816  8.010  -8.632  42.590 0.0000000000
145837  8.830  -7.948  41.048 0.0000000000
57770  8.572  -9.819  39.595 0.0000000000
60141  8.722  -7.000  39.612 0.0000000000
61462  5.116  -4.930  37.937 0.0000000000
60180  6.392  -6.702  36.949 0.0000000000
61476  5.386  -6.242  36.554 0.0000000000
77653  8.966  8.358  45.201 0.0000000000
76553  6.570  7.407  45.507 0.0000000000
76559  7.720  7.256  44.312 0.0000000000
71957  8.576  2.992  40.861 0.0000000000
69754  8.171  2.088  41.705 0.0000000000
70809  6.781  2.282  42.712 0.0000000000
68649  7.110  1.145  41.359 0.0000000000
68673  4.848  -0.718  40.094 0.0000000000
67544  5.759  -0.378  39.148 0.0000000000
63482  9.750  -4.158  61.455 0.0000000000
149677  9.363  -3.433  61.335 0.0000000000
65496  10.495  -2.580  61.194 0.0000000000
64529  16.654  -3.529  59.380 0.0000000000
62394  16.010  -5.526  58.677 0.0000000000
63494  15.681  -4.576  59.581 0.0000000000
62383  14.505  -5.533  59.766 0.0000000000
61194  13.082  -5.992  60.332 0.0000000000
59909  11.532  -7.221  60.336 0.0000000000
62377  12.447  -5.667  60.897 0.0000000000
63480  11.111  -4.710  61.348 0.0000000000
77580  4.017  7.831  53.486 0.0000000000
76485  3.049  6.888  52.422 0.0000000000
77584  4.670  8.426  52.293 0.0000000000
77589  5.438  8.846  51.033 0.0000000000
77596  6.265  9.119  49.776 0.0000000000
55474  1.826  -10.936  56.069 0.0000000000
56595  1.612  -10.260  54.765 0.0000000000
57652  1.997  -9.391  56.293 0.0000000000
58648  2.490  -7.798  56.487 0.0000000000
62401  3.304  -5.542  56.768 0.0000000000
68503  6.132  0.240  59.189 0.0000000000
67452  4.789  -0.541  58.708 0.0000000000
151704  5.312  1.268  58.313 0.0000000000
151732  4.971  1.976  58.005 0.0000000000
146493  4.641  2.887  57.722 0.0000000000
72905  4.299  4.748  57.155 0.0000000000
56540  6.649  -10.558  59.703 0.0000000000
55447  6.655  -11.718  58.618 0.0000000000
55432  5.423  -11.257  59.117 0.0000000000
54373  4.564  -11.887  58.384 0.0000000000
54396  3.502  -12.484  57.606 0.0000000000
53445  2.868  -13.352  56.895 0.0000000000
54385  3.035  -11.937  57.548 0.0000000000
138659  1.956  -11.600  56.274 0.0000000000
59986  2.958  -7.395  51.001 0.0000000000
145075  2.734  -8.557  49.524 0.0000000000
59985  3.682  -6.899  50.640 0.0000000000
59996  4.510  -7.040  49.512 0.0000000000
61284  5.661  -6.192  48.885 0.0000000000
144827  3.212  -0.781  46.446 0.0000000000
64591  3.131  -2.990  46.276 0.0000000000
65568  3.349  -2.043  45.208 0.0000000000
62501  4.008  -4.106  43.692 0.0000000000
61394  6.021  -5.127  41.197 0.0000000000
134179  6.710  -5.341  39.904 0.0000000000
61411  5.696  -4.449  40.596 0.0000000000
62542  5.023  -4.132  39.128 0.0000000000
153927  4.412  -4.105  38.032 0.0000000000
68677  8.812  0.783  38.997 0.0000000000
67553  7.348  -0.329  37.914 0.0000000000
68685  8.372  0.100  37.395 0.0000000000
59916  4.635  -7.724  59.829 0.0000000000
59917  4.071  -7.082  59.349 0.0000000000
61196  5.433  -6.132  60.287 0.0000000000
64525  6.014  -4.021  60.432 0.0000000000
143196  6.020  -2.723  60.160 0.0000000000
66443  8.629  -2.193  61.033 0.0000000000
146619  7.610  -1.555  60.379 0.0000000000
67446  6.626  -0.460  59.624 0.0000000000
145098  7.561  0.667  59.209 0.0000000000
59930  18.897  -6.804  54.677 0.0000000000
59955  17.751  -7.415  53.622 0.0000000000
59932  17.392  -6.912  55.280 0.0000000000
61208  15.455  -6.650  57.600 0.0000000000
58646  14.604  -7.618  56.460 0.0000000000
58652  13.792  -8.427  55.354 0.0000000000
56553  9.455  -10.420  58.473 0.0000000000
56538  8.260  -10.271  59.436 0.0000000000
58628  10.535  -8.257  60.164 0.0000000000
57631  9.299  -8.981  60.238 0.0000000000
56529  7.890  -9.743  60.122 0.0000000000
57634  6.668  -9.205  60.400 0.0000000000
152041  5.335  -8.363  60.227 0.0000000000
149625  1.505  -0.082  52.406 0.0000000000
65551  1.678  -2.257  51.076 0.0000000000
149862  1.506  0.167  51.047 0.0000000000
68585  1.652  0.804  50.383 0.0000000000
150055  2.642  1.402  48.683 0.0000000000
74140  2.741  5.347  50.598 0.0000000000
144678  3.361  3.693  49.164 0.0000000000
69717  3.187  1.657  47.859 0.0000000000
70765  3.788  2.451  46.901 0.0000000000
71904  4.379  2.846  46.338 0.0000000000
71915  4.573  2.407  45.450 0.0000000000
67441  15.268  -0.461  59.307 0.0000000000
59952  20.420  -7.284  53.377 0.0000000000
134784  25.192  -5.340  55.235 0.0000000000
132517  24.680  -4.253  56.264 0.0000000000
62411  24.184  -5.344  55.444 0.0000000000
61216  22.608  -6.180  54.908 0.0000000000
61217  21.623  -6.091  55.168 0.0000000000
61226  19.666  -6.676  54.683 0.0000000000
133270  19.075  -5.066  57.166 0.0000000000
153023  18.261  -4.470  58.058 0.0000000000
64532  19.098  -3.047  57.974 0.0000000000
64533  18.223  -3.111  58.497 0.0000000000
65504  17.333  -2.370  59.152 0.0000000000
67440  16.546  -1.141  59.181 0.0000000000
132983  1.362  -12.000  50.897 0.0000000000
149208  1.689  -9.464  51.530 0.0000000000
57663  1.638  -9.736  54.219 0.0000000000
148100  1.656  -9.055  53.022 0.0000000000
59977  2.163  -7.940  52.128 0.0000000000
61236  3.128  -6.535  52.920 0.0000000000
133684  3.338  -4.992  53.043 0.0000000000
64568  2.091  -3.305  53.507 0.0000000000
62395  3.620  -6.061  58.327 0.0000000000
63498  3.787  -5.158  58.076 0.0000000000
150748  3.567  -3.996  57.016 0.0000000000
66463  3.987  -1.478  58.293 0.0000000000
65519  3.244  -2.312  57.363 0.0000000000
143951  2.714  -3.109  56.024 0.0000000000
65534  2.296  -2.421  55.349 0.0000000000
147409  1.808  -1.689  54.116 0.0000000000
66495  1.684  -1.417  53.216 0.0000000000
149624  1.679  0.899  53.561 0.0000000000
154575  2.090  3.062  54.447 0.0000000000
74098  2.762  4.940  54.624 0.0000000000
74067  3.871  5.262  56.554 0.0000000000
138780  3.713  6.242  55.648 0.0000000000
76473  3.733  7.105  54.573 0.0000000000
53442  8.083  -13.110  56.109 0.0000000000
54383  6.264  -12.299  58.144 0.0000000000
57696  2.204  -10.154  47.731 0.0000000000
56722  2.815  -11.073  46.131 0.0000000000
55704  6.220  -12.267  42.188 0.0000000000
64577  2.269  -3.163  49.899 0.0000000000
62453  4.366  -5.350  48.791 0.0000000000
61296  6.341  -6.017  47.651 0.0000000000
62482  3.582  -5.265  45.707 0.0000000000
61311  5.412  -5.664  46.480 0.0000000000
60070  7.656  -6.955  45.615 0.0000000000
58803  7.365  -8.600  43.787 0.0000000000
56760  6.786  -10.670  42.513 0.0000000000
54617  7.186  -12.569  41.105 0.0000000000
147152  7.870  -12.377  39.791 0.0000000000
153886  7.249  -6.535  37.708 0.0000000000
58876  6.900  -8.440  36.632 0.0000000000
78722  7.163  9.205  48.776 0.0000000000
133874  8.688  9.348  47.726 0.0000000000
136849  6.492  8.467  47.563 0.0000000000
76545  5.625  7.266  46.581 0.0000000000
75360  5.083  5.168  45.488 0.0000000000
73061  5.155  3.173  45.022 0.0000000000
75366  6.799  5.753  43.829 0.0000000000
71925  5.407  3.226  43.855 0.0000000000
70812  4.632  0.980  43.397 0.0000000000
67537  4.598  -1.092  40.853 0.0000000000
66547  4.301  -2.139  38.825 0.0000000000
64643  4.155  -3.266  37.327 0.0000000000
65633  4.176  -2.787  35.975 0.0000000000
66448  13.573  -1.682  60.424 0.0000000000
137173  13.021  -1.086  60.335 0.0000000000
66447  14.430  -1.706  60.244 0.0000000000
65498  14.817  -2.505  60.294 0.0000000000
151174  13.303  -2.272  60.784 0.0000000000
53571  5.600  -14.491  41.758 0.0000000000
52512  5.754  -14.699  41.026 0.0000000000
53578  5.899  -14.693  40.140 0.0000000000
53577  6.420  -14.057  40.390 0.0000000000
57646  3.229  -9.141  58.328 0.0000000000
58640  2.876  -8.200  57.965 0.0000000000
58639  3.482  -8.180  58.538 0.0000000000
59965  19.050  -7.566  52.758 0.0000000000
59954  18.683  -7.358  53.512 0.0000000000
143197  3.270  -9.999  58.269 0.0000000000
149101  1.998  -3.431  51.860 0.0000000000
63536  2.387  -4.037  51.459 0.0000000000
157399  1.791  -2.774  51.613 0.0000000000
135275  4.182  0.928  44.515 0.0000000000
68633  3.904  0.109  44.274 0.0000000000
68642  3.954  -0.342  43.607 0.0000000000
67531  3.853  -1.153  42.653 0.0000000000
68641  4.141  -0.176  43.352 0.0000000000
136037  7.841  -5.996  61.244 0.0000000000
62380  7.563  -5.153  61.234 0.0000000000
138230  8.290  -4.753  61.338 0.0000000000
62399  17.348  -5.447  57.705 0.0000000000
156292  17.071  -5.230  58.214 0.0000000000
59915  13.182  -7.116  59.328 0.0000000000
59919  13.597  -7.293  58.588 0.0000000000
58632  12.818  -7.689  58.932 0.0000000000
58637  12.263  -8.356  58.556 0.0000000000
58634  11.548  -8.473  59.172 0.0000000000
58633  12.137  -7.899  59.372 0.0000000000
62379  9.286  -5.626  61.418 0.0000000000
61189  8.703  -6.392  61.280 0.0000000000
74108  2.276  4.932  53.065 0.0000000000
72950  1.947  4.235  52.515 0.0000000000
74118  2.504  5.611  52.459 0.0000000000
76513  4.484  7.413  49.198 0.0000000000
76525  4.607  7.213  48.393 0.0000000000
76537  4.345  6.411  48.018 0.0000000000
76524  5.212  7.723  48.001 0.0000000000
53466  1.337  -12.955  53.871 0.0000000000
54443  1.306  -12.608  53.150 0.0000000000
54442  1.366  -12.122  53.815 0.0000000000
140761  2.805  -6.364  55.571 0.0000000000
62424  3.334  -5.419  54.665 0.0000000000
145609  5.653  -2.243  59.757 0.0000000000
65507  4.831  -3.031  59.224 0.0000000000
65506  5.110  -2.226  59.345 0.0000000000
70665  3.607  2.192  57.121 0.0000000000
68523  3.401  0.815  57.217 0.0000000000
69616  3.212  1.584  56.899 0.0000000000
69632  2.740  1.730  56.191 0.0000000000
70676  2.783  2.487  56.081 0.0000000000
71805  3.069  2.983  56.366 0.0000000000
55429  7.931  -11.018  59.076 0.0000000000
55446  7.456  -11.552  58.469 0.0000000000
52391  4.029  -13.666  57.252 0.0000000000
53433  4.633  -13.251  57.561 0.0000000000
54432  1.476  -12.513  54.444 0.0000000000
53465  1.513  -13.211  54.633 0.0000000000
57673  1.824  -9.938  50.240 0.0000000000
56679  1.726  -10.744  49.634 0.0000000000
57679  1.930  -9.939  49.335 0.0000000000
60034  5.144  -7.727  47.590 0.0000000000
58751  5.016  -8.215  46.862 0.0000000000
58770  5.237  -8.656  45.972 0.0000000000
58790  5.399  -9.042  45.109 0.0000000000
58769  6.344  -8.292  45.774 0.0000000000
159036  2.411  -0.524  48.309 0.0000000000
141036  2.846  -1.797  47.709 0.0000000000
61375  5.959  -5.702  42.041 0.0000000000
156826  6.378  -5.959  42.873 0.0000000000
61392  7.596  -6.128  41.719 0.0000000000
60111  8.652  -7.160  41.563 0.0000000000
148041  8.911  -7.890  40.105 0.0000000000
61407  8.229  -6.221  40.130 0.0000000000
62567  4.686  -4.905  37.355 0.0000000000
60198  4.748  -6.174  35.941 0.0000000000
77652  10.033  8.469  44.864 0.0000000000
77664  8.206  7.849  44.712 0.0000000000
77663  8.955  7.835  44.333 0.0000000000
69764  8.560  1.558  40.634 0.0000000000
70825  8.332  2.910  41.631 0.0000000000
155655  8.384  1.833  41.224 0.0000000000
69746  7.339  1.773  42.049 0.0000000000
68661  7.821  0.888  40.707 0.0000000000
68671  6.325  0.031  39.913 0.0000000000
68670  7.505  0.326  39.964 0.0000000000
144873  10.698  -3.987  61.393 0.0000000000
64516  10.177  -3.330  61.339 0.0000000000
65495  11.282  -2.305  61.144 0.0000000000
67431  12.488  -0.579  60.086 0.0000000000
63493  16.361  -4.350  59.280 0.0000000000
63487  15.931  -3.870  59.894 0.0000000000
151176  14.333  -4.909  60.218 0.0000000000
135470  13.772  -5.383  60.268 0.0000000000
61193  13.883  -5.971  60.061 0.0000000000
144051  12.295  -6.382  60.491 0.0000000000
62384  13.127  -5.145  60.767 0.0000000000
145060  11.821  -3.470  61.244 0.0000000000
158280  11.863  -4.535  61.234 0.0000000000
144874  11.522  -3.974  61.292 0.0000000000
63481  10.381  -4.600  61.443 0.0000000000
77585  4.003  7.977  52.633 0.0000000000
78695  6.145  9.278  51.539 0.0000000000
139551  6.725  9.478  50.970 0.0000000000
78704  6.144  9.206  50.617 0.0000000000
78703  6.874  9.482  50.241 0.0000000000
56581  1.778  -10.073  55.648 0.0000000000
59926  2.825  -7.370  57.382 0.0000000000
138016  2.683  -6.925  56.681 0.0000000000
61209  2.942  -6.411  57.117 0.0000000000
69592  6.747  0.834  59.017 0.0000000000
68511  5.423  0.556  58.655 0.0000000000
69593  6.013  1.053  58.665 0.0000000000
70658  5.523  2.820  58.122 0.0000000000
71790  5.012  3.668  57.890 0.0000000000
72904  4.777  4.314  57.569 0.0000000000
56531  6.236  -9.962  60.189 0.0000000000
56541  5.833  -10.595  59.597 0.0000000000
55434  3.979  -11.415  58.386 0.0000000000
55433  4.671  -11.266  58.875 0.0000000000
53423  3.976  -12.271  58.100 0.0000000000
146938  3.526  -11.932  58.002 0.0000000000
54397  2.894  -12.647  57.187 0.0000000000
56566  2.577  -10.399  57.134 0.0000000000
55461  2.257  -11.043  56.678 0.0000000000
61258  3.468  -6.683  51.357 0.0000000000
145234  4.292  -5.766  50.346 0.0000000000
61275  4.349  -6.426  50.119 0.0000000000
149892  4.755  -5.960  49.805 0.0000000000
61274  4.999  -6.346  49.371 0.0000000000
62447  4.406  -5.543  49.639 0.0000000000
152049  3.300  -0.071  46.100 0.0000000000
141034  3.325  -1.444  45.836 0.0000000000
144826  3.388  -0.705  45.575 0.0000000000
63595  3.629  -2.780  43.059 0.0000000000
150506  3.650  -3.070  43.567 0.0000000000
62511  4.154  -3.815  42.897 0.0000000000
61377  4.865  -4.774  42.523 0.0000000000
62520  4.719  -4.255  42.057 0.0000000000
61395  5.902  -4.775  40.948 0.0000000000
136613  5.286  -4.271  41.169 0.0000000000
64629  4.142  -2.503  40.743 0.0000000000
62543  4.796  -3.738  39.731 0.0000000000
148428  4.505  -3.461  39.377 0.0000000000
62553  4.657  -3.935  38.816 0.0000000000
63636  4.344  -3.426  38.639 0.0000000000
148364  8.895  2.282  39.268 0.0000000000
69772  9.078  1.681  38.479 0.0000000000
68684  8.963  0.756  37.940 0.0000000000
68689  9.020  0.822  36.874 0.0000000000
59913  5.257  -7.549  60.238 0.0000000000
147049  4.796  -6.787  60.020 0.0000000000
64520  6.569  -4.050  60.768 0.0000000000
63486  6.310  -4.663  60.693 0.0000000000
140841  5.756  -3.388  60.135 0.0000000000
65501  6.726  -2.548  60.391 0.0000000000
146499  9.496  -2.598  61.201 0.0000000000
64517  8.647  -3.054  61.223 0.0000000000
66442  9.261  -1.691  60.876 0.0000000000
66451  8.459  -1.388  60.533 0.0000000000
67436  7.819  -0.770  60.156 0.0000000000
67437  7.058  -0.973  60.110 0.0000000000
67445  7.255  -0.402  59.828 0.0000000000
68502  7.017  0.161  59.476 0.0000000000
132898  18.843  -6.173  56.001 0.0000000000
59931  18.264  -6.766  54.981 0.0000000000
61220  18.190  -6.432  55.663 0.0000000000
61214  16.652  -6.466  56.637 0.0000000000
59927  16.827  -6.785  55.921 0.0000000000
59928  16.187  -7.035  56.178 0.0000000000
155096  15.451  -5.988  58.752 0.0000000000
61202  15.816  -6.181  58.165 0.0000000000
61203  14.996  -6.538  58.317 0.0000000000
59925  13.765  -7.663  57.751 0.0000000000
59924  14.412  -7.414  57.332 0.0000000000
58641  14.013  -8.018  56.993 0.0000000000
58647  13.924  -8.218  56.177 0.0000000000
57655  11.709  -9.640  56.647 0.0000000000
57638  10.333  -9.279  59.301 0.0000000000
56536  9.950  -9.972  59.011 0.0000000000
56537  9.097  -10.099  59.224 0.0000000000
59902  11.129  -6.845  60.957 0.0000000000
59910  10.820  -7.549  60.470 0.0000000000
59903  10.354  -7.219  61.010 0.0000000000
58629  8.289  -8.228  60.879 0.0000000000
58622  9.152  -8.242  60.743 0.0000000000
57632  8.359  -8.917  60.434 0.0000000000
57633  7.463  -9.122  60.429 0.0000000000
58630  7.039  -8.508  60.735 0.0000000000
59906  6.299  -7.101  60.868 0.0000000000
58631  6.266  -8.478  60.500 0.0000000000
58626  5.946  -7.731  60.509 0.0000000000
68564  1.550  0.564  52.769 0.0000000000
68575  1.477  0.395  51.912 0.0000000000
69678  1.533  1.228  52.150 0.0000000000
70721  1.779  2.585  50.750 0.0000000000
69699  1.690  1.645  50.577 0.0000000000
70733  1.948  2.145  49.992 0.0000000000
69707  1.953  1.375  49.596 0.0000000000
145581  2.249  2.800  49.871 0.0000000000
76492  3.113  6.796  51.575 0.0000000000
75289  2.862  6.092  51.074 0.0000000000
76501  3.336  6.593  50.706 0.0000000000
153846  3.662  4.694  49.300 0.0000000000
74156  3.292  4.388  49.524 0.0000000000
74168  3.739  4.157  48.925 0.0000000000
144757  3.166  2.237  48.510 0.0000000000
71873  3.585  3.074  48.324 0.0000000000
70753  3.511  2.408  47.642 0.0000000000
71883  3.886  2.947  47.521 0.0000000000
74190  4.566  4.792  47.160 0.0000000000
71892  4.320  3.141  46.813 0.0000000000
73038  4.585  3.446  46.459 0.0000000000
154403  4.384  2.515  45.912 0.0000000000
73037  4.888  3.768  46.094 0.0000000000
67451  15.639  0.086  58.729 0.0000000000
68506  15.232  0.473  58.257 0.0000000000
68505  15.898  0.475  58.051 0.0000000000
59950  22.296  -7.182  53.193 0.0000000000
142798  21.710  -7.425  52.554 0.0000000000
59951  21.336  -7.190  53.398 0.0000000000
63507  23.820  -4.155  56.375 0.0000000000
64549  24.441  -3.571  56.568 0.0000000000
62402  24.240  -4.746  56.044 0.0000000000
62412  23.164  -5.507  55.444 0.0000000000
61218  20.813  -5.981  55.473 0.0000000000
152296  20.765  -6.541  54.654 0.0000000000
64539  20.151  -3.877  57.095 0.0000000000
62397  19.682  -5.070  56.757 0.0000000000
63500  19.580  -4.435  57.158 0.0000000000
63501  18.859  -4.443  57.607 0.0000000000
65518  19.469  -2.252  57.441 0.0000000000
65509  18.639  -2.274  58.182 0.0000000000
65510  17.968  -2.298  58.737 0.0000000000
64527  17.683  -2.835  58.971 0.0000000000
66462  17.566  -1.796  58.902 0.0000000000
67450  16.901  -0.492  58.547 0.0000000000
139935  16.087  -0.482  59.049 0.0000000000
66457  15.714  -1.127  59.549 0.0000000000
52451  1.284  -14.756  51.459 0.0000000000
52452  1.319  -14.137  51.768 0.0000000000
55531  1.373  -11.691  51.815 0.0000000000
134314  1.450  -10.881  51.629 0.0000000000
56639  1.513  -10.240  51.956 0.0000000000
57659  1.729  -9.433  54.936 0.0000000000
150787  1.720  -9.025  54.291 0.0000000000
59958  2.104  -7.699  53.728 0.0000000000
58663  1.860  -8.344  53.415 0.0000000000
59967  2.165  -7.782  52.964 0.0000000000
153785  1.875  -8.391  52.768 0.0000000000
59966  2.680  -7.218  52.527 0.0000000000
63524  3.109  -4.639  54.365 0.0000000000
63528  2.904  -4.499  53.595 0.0000000000
152504  2.444  -3.917  53.352 0.0000000000
61200  4.380  -6.195  59.431 0.0000000000
61201  3.856  -6.408  58.983 0.0000000000
62390  3.976  -5.594  58.896 0.0000000000
64535  4.009  -4.207  58.122 0.0000000000
63502  3.726  -4.481  57.485 0.0000000000
64542  3.717  -3.695  57.555 0.0000000000
152644  4.902  0.133  58.571 0.0000000000
67453  4.282  -0.854  58.415 0.0000000000
67461  3.755  -0.738  57.954 0.0000000000
66473  2.892  -1.520  57.019 0.0000000000
66472  3.474  -1.500  57.651 0.0000000000
65520  2.813  -2.329  56.641 0.0000000000
146709  3.190  -3.218  56.989 0.0000000000
65530  2.526  -2.213  56.016 0.0000000000
140280  1.981  -0.021  55.214 0.0000000000
147642  1.967  -0.957  55.153 0.0000000000
149612  1.840  -1.208  54.476 0.0000000000
157056  1.707  -0.289  53.882 0.0000000000
68556  1.638  0.142  53.461 0.0000000000
68550  1.763  0.300  54.248 0.0000000000
71814  2.666  3.202  55.489 0.0000000000
71823  2.465  3.693  54.730 0.0000000000
72931  2.244  3.870  54.087 0.0000000000
72910  3.635  4.294  56.559 0.0000000000
59956  16.853  -7.499  53.666 0.0000000000
58659  17.218  -7.648  52.961 0.0000000000
58660  16.292  -7.751  53.023 0.0000000000
54409  7.791  -12.678  56.912 0.0000000000
54371  5.768  -11.827  58.620 0.0000000000
146501  5.656  -12.390  58.161 0.0000000000
52443  1.315  -14.154  52.592 0.0000000000
145983  1.794  -11.610  48.039 0.0000000000
133653  1.741  -12.885  48.249 0.0000000000
54526  1.878  -12.319  47.584 0.0000000000
54542  2.314  -12.167  46.786 0.0000000000
58720  2.948  -8.694  48.697 0.0000000000
57688  2.538  -9.493  48.204 0.0000000000
58737  3.043  -8.874  47.868 0.0000000000
57719  3.186  -10.043  45.945 0.0000000000
155915  2.878  -10.492  46.174 0.0000000000
140422  3.221  -10.709  45.713 0.0000000000
156473  3.343  -12.111  45.818 0.0000000000
56746  4.046  -11.634  45.101 0.0000000000
135094  5.250  -10.311  44.123 0.0000000000
55671  4.979  -11.559  44.219 0.0000000000
56761  5.419  -11.465  43.578 0.0000000000
55688  5.608  -11.988  42.917 0.0000000000
137902  5.903  -11.103  43.043 0.0000000000
66504  1.680  -1.529  50.451 0.0000000000
65555  1.888  -2.373  50.178 0.0000000000
63550  2.914  -4.314  47.630 0.0000000000
63546  3.030  -4.345  48.508 0.0000000000
62454  3.470  -4.858  48.163 0.0000000000
62459  5.179  -5.567  48.409 0.0000000000
62471  5.001  -5.523  47.352 0.0000000000
63575  3.285  -3.909  45.042 0.0000000000
63566  2.901  -4.173  45.841 0.0000000000
62483  3.121  -4.679  45.255 0.0000000000
145737  7.116  -5.902  44.571 0.0000000000
61324  5.809  -5.765  45.616 0.0000000000
143033  7.459  -6.340  45.267 0.0000000000
61323  7.241  -6.429  46.358 0.0000000000
58788  7.357  -8.235  44.593 0.0000000000
58787  7.987  -7.721  44.111 0.0000000000
58828  8.102  -9.228  41.884 0.0000000000
57747  7.481  -9.607  42.467 0.0000000000
56759  7.652  -10.262  41.835 0.0000000000
56775  7.271  -11.056  41.807 0.0000000000
56789  7.867  -11.022  41.055 0.0000000000
55720  7.712  -12.061  40.640 0.0000000000
55719  8.199  -11.532  40.059 0.0000000000
56815  8.319  -9.983  38.510 0.0000000000
57789  6.928  -10.602  36.947 0.0000000000
61426  6.344  -5.027  39.561 0.0000000000
142060  7.439  -5.877  38.874 0.0000000000
61442  7.005  -5.908  38.304 0.0000000000
60196  6.096  -7.299  36.519 0.0000000000
58877  6.605  -7.566  36.676 0.0000000000
58890  6.125  -8.244  36.335 0.0000000000
57812  5.197  -9.068  35.767 0.0000000000
142066  9.357  9.251  46.956 0.0000000000
77643  8.532  8.989  46.892 0.0000000000
77635  7.994  9.054  47.434 0.0000000000
77644  7.775  8.735  46.847 0.0000000000
76534  6.166  7.958  46.921 0.0000000000
159134  6.596  8.092  46.447 0.0000000000
76561  6.123  6.681  45.263 0.0000000000
158036  5.532  6.360  45.721 0.0000000000
75352  5.574  5.853  45.193 0.0000000000
73049  5.164  3.919  45.201 0.0000000000
73048  5.270  4.359  44.767 0.0000000000
74213  7.998  5.112  42.062 0.0000000000
75373  8.335  5.779  41.931 0.0000000000
75365  7.849  6.103  43.167 0.0000000000
76568  8.195  6.779  43.509 0.0000000000
74207  6.772  5.109  43.469 0.0000000000
69747  5.951  1.747  42.611 0.0000000000
155036  6.296  3.011  43.250 0.0000000000
146340  5.323  2.012  43.153 0.0000000000
70799  5.094  2.354  43.736 0.0000000000
156942  4.793  1.020  42.798 0.0000000000
68652  4.639  -0.165  42.089 0.0000000000
132515  4.797  0.109  41.709 0.0000000000
67546  4.765  -1.022  39.522 0.0000000000
67547  4.673  -1.279  39.869 0.0000000000
66541  4.602  -1.590  39.098 0.0000000000
65614  4.235  -2.433  38.433 0.0000000000
66552  4.342  -2.243  37.334 0.0000000000
67564  5.432  -0.624  37.017 0.0000000000
65494  11.921  -2.790  61.161 0.0000000000
66439  12.048  -1.978  61.036 0.0000000000
67444  12.793  -0.047  59.636 0.0000000000
66445  15.760  -2.523  60.063 0.0000000000
64522  15.235  -3.370  60.195 0.0000000000
64523  14.282  -3.206  60.507 0.0000000000
63477  13.704  -3.842  60.803 0.0000000000
63478  13.154  -4.404  61.067 0.0000000000
64513  13.131  -3.753  61.113 0.0000000000
144249  12.557  -3.265  61.177 0.0000000000
53584  5.722  -14.564  39.188 0.0000000000
136607  6.602  -13.666  38.945 0.0000000000
57651  2.450  -9.602  56.963 0.0000000000
144547  2.733  -8.985  57.507 0.0000000000
56533  4.874  -9.870  59.588 0.0000000000
56542  4.981  -10.535  59.351 0.0000000000
135082  4.465  -10.077  59.257 0.0000000000
56555  3.618  -10.645  58.354 0.0000000000
56556  2.923  -10.610  57.856 0.0000000000
63534  3.011  -4.702  52.120 0.0000000000
62439  3.525  -5.299  51.697 0.0000000000
63539  2.970  -4.691  51.166 0.0000000000
149243  3.033  -4.587  50.273 0.0000000000
151084  3.772  1.069  45.329 0.0000000000
142954  3.551  -0.611  44.761 0.0000000000
67516  3.763  -0.554  43.961 0.0000000000
66525  3.653  -1.196  43.380 0.0000000000
64618  3.601  -2.322  42.766 0.0000000000
64617  3.780  -2.831  42.353 0.0000000000
65597  3.671  -1.890  42.370 0.0000000000
65596  3.845  -1.767  41.910 0.0000000000
65604  4.084  -1.890  41.190 0.0000000000
61191  6.660  -6.429  61.057 0.0000000000
61192  6.066  -6.317  60.728 0.0000000000
153651  6.444  -5.857  60.980 0.0000000000
63485  6.958  -4.513  61.095 0.0000000000
64519  7.103  -3.738  61.031 0.0000000000
66450  9.185  -1.019  60.493 0.0000000000
68492  9.209  0.039  59.727 0.0000000000
68501  8.536  0.444  59.368 0.0000000000
62398  18.485  -5.520  56.948 0.0000000000
156029  17.199  -6.228  56.764 0.0000000000
61207  16.217  -6.307  57.443 0.0000000000
59914  14.293  -6.705  58.796 0.0000000000
58642  13.239  -8.226  57.357 0.0000000000
57637  11.088  -9.183  58.984 0.0000000000
61187  10.438  -6.392  61.194 0.0000000000
135592  9.829  -6.870  61.178 0.0000000000
144017  9.235  -6.924  61.207 0.0000000000
58623  8.557  -7.478  61.131 0.0000000000
58624  7.592  -7.846  61.065 0.0000000000
59905  7.026  -7.124  61.113 0.0000000000
70706  1.744  2.838  52.810 0.0000000000
136768  1.635  2.040  52.408 0.0000000000
71837  1.799  3.510  52.127 0.0000000000
72959  1.956  4.178  51.560 0.0000000000
76500  3.791  7.128  50.354 0.0000000000
76515  3.672  6.303  49.867 0.0000000000
76514  3.990  6.888  49.524 0.0000000000
75318  3.987  6.083  49.081 0.0000000000
74167  4.067  4.623  48.699 0.0000000000
158521  4.181  4.286  48.169 0.0000000000
157467  4.295  5.395  48.138 0.0000000000
75339  4.376  5.541  47.686 0.0000000000
75348  4.650  5.406  46.972 0.0000000000
59937  22.793  -6.922  53.746 0.0000000000
152058  23.132  -4.393  56.247 0.0000000000
62406  20.301  -5.194  56.327 0.0000000000
63510  20.882  -4.014  56.598 0.0000000000
151707  17.615  -0.838  58.340 0.0000000000
53482  1.317  -13.325  52.197 0.0000000000
158122  1.300  -12.960  52.726 0.0000000000
55518  1.324  -11.692  52.946 0.0000000000
56627  1.395  -10.748  53.198 0.0000000000
59936  2.218  -7.735  55.541 0.0000000000
59946  2.688  -6.725  54.422 0.0000000000
153630  2.477  -7.131  53.966 0.0000000000
148355  2.909  -6.568  53.699 0.0000000000
145587  3.229  -6.031  54.165 0.0000000000
132893  2.859  -4.128  54.846 0.0000000000
64530  4.929  -3.875  59.446 0.0000000000
63495  4.626  -4.457  59.242 0.0000000000
65508  4.228  -2.812  58.554 0.0000000000
68513  4.002  0.762  57.789 0.0000000000
147935  3.596  0.041  57.563 0.0000000000
68524  2.927  0.113  56.974 0.0000000000
67472  2.732  -0.690  56.589 0.0000000000
68533  2.502  0.187  56.115 0.0000000000
68534  2.246  0.707  55.536 0.0000000000
146407  2.310  1.504  55.411 0.0000000000
72911  2.991  4.205  55.859 0.0000000000
58654  15.984  -7.623  53.822 0.0000000000
58661  15.331  -7.912  53.156 0.0000000000
55444  9.059  -11.115  58.133 0.0000000000
54381  7.851  -12.060  57.751 0.0000000000
54394  7.251  -12.520  57.444 0.0000000000
53421  5.189  -12.857  57.970 0.0000000000
53456  1.705  -13.447  55.328 0.0000000000
52433  1.338  -14.233  53.317 0.0000000000
133117  1.472  -11.994  50.079 0.0000000000
54495  1.536  -12.708  49.591 0.0000000000
55573  1.606  -11.479  49.599 0.0000000000
55592  1.732  -11.339  48.842 0.0000000000
56702  1.883  -10.831  48.053 0.0000000000
58736  3.800  -8.471  47.628 0.0000000000
58752  3.959  -8.680  46.890 0.0000000000
58771  4.207  -8.953  46.144 0.0000000000
151608  3.630  -10.232  45.429 0.0000000000
57730  4.171  -10.455  44.913 0.0000000000
57729  4.816  -9.915  44.631 0.0000000000
57728  5.675  -9.507  44.418 0.0000000000
65558  2.178  -2.425  49.203 0.0000000000
141037  2.272  -1.677  48.566 0.0000000000
64584  2.859  -3.221  47.943 0.0000000000
63551  2.835  -3.750  47.285 0.0000000000
61340  4.406  -5.370  44.103 0.0000000000
61357  5.204  -5.873  43.766 0.0000000000
61355  7.343  -6.030  43.534 0.0000000000
61354  7.997  -6.455  43.739 0.0000000000
60098  8.290  -7.129  43.404 0.0000000000
60112  8.441  -7.135  42.442 0.0000000000
58815  8.551  -8.118  41.985 0.0000000000
58827  8.542  -8.877  41.219 0.0000000000
56788  8.372  -10.470  40.316 0.0000000000
58840  8.797  -8.835  39.805 0.0000000000
140460  8.657  -9.145  39.039 0.0000000000
57778  8.491  -8.954  38.365 0.0000000000
61444  5.855  -5.310  38.047 0.0000000000
61459  6.142  -5.919  37.464 0.0000000000
61460  5.757  -5.826  37.250 0.0000000000
60181  5.895  -6.541  36.751 0.0000000000
144801  5.548  -7.454  36.159 0.0000000000
157018  9.733  8.750  45.591 0.0000000000
133850  8.301  8.616  46.163 0.0000000000
77655  6.999  8.078  45.945 0.0000000000
77654  7.875  8.227  45.548 0.0000000000
76560  6.880  7.029  44.756 0.0000000000
75359  6.403  6.289  44.565 0.0000000000
73066  7.970  4.376  42.069 0.0000000000
71935  7.835  3.379  42.325 0.0000000000
73067  7.040  3.821  42.992 0.0000000000
71936  7.197  2.970  42.824 0.0000000000
156153  6.661  1.806  42.362 0.0000000000
68650  6.070  0.877  41.314 0.0000000000
68651  5.171  0.506  41.430 0.0000000000
68663  5.670  0.261  40.668 0.0000000000
68672  5.290  -0.312  39.981 0.0000000000
67556  5.015  -0.886  38.566 0.0000000000
138217  9.039  -4.836  61.474 0.0000000000
63483  8.663  -3.986  61.357 0.0000000000
137332  9.957  -1.898  61.058 0.0000000000
66440  11.399  -1.578  60.836 0.0000000000
67427  10.816  -1.121  60.571 0.0000000000
63492  17.185  -4.240  58.971 0.0000000000
62387  16.725  -4.993  58.730 0.0000000000
135816  16.092  -5.009  59.187 0.0000000000
62388  15.370  -5.347  59.276 0.0000000000
63488  15.317  -4.208  60.071 0.0000000000
62382  15.087  -4.847  60.015 0.0000000000
61198  14.119  -6.267  59.422 0.0000000000
61199  13.459  -6.488  59.703 0.0000000000
59907  12.765  -6.908  60.035 0.0000000000
59908  12.092  -7.397  59.935 0.0000000000
151808  12.094  -6.951  60.299 0.0000000000
61195  11.743  -6.703  60.614 0.0000000000
61186  11.721  -6.160  61.048 0.0000000000
63479  12.499  -4.880  61.121 0.0000000000
146927  11.752  -5.256  61.191 0.0000000000
135584  10.933  -5.653  61.262 0.0000000000
138219  10.469  -5.132  61.406 0.0000000000
138218  9.827  -4.997  61.484 0.0000000000
76477  3.520  7.154  53.749 0.0000000000
75270  2.804  6.325  52.825 0.0000000000
76484  3.523  7.381  52.927 0.0000000000
76491  3.536  7.403  52.090 0.0000000000
77591  4.052  7.972  51.754 0.0000000000
78688  5.954  9.228  52.432 0.0000000000
77590  4.742  8.394  51.410 0.0000000000
77599  4.174  7.841  50.882 0.0000000000
77598  4.832  8.295  50.529 0.0000000000
77613  4.926  8.157  49.659 0.0000000000
77612  5.699  8.561  49.291 0.0000000000
156816  1.546  -10.920  54.500 0.0000000000
135412  1.670  -11.003  55.224 0.0000000000
57656  1.843  -9.181  55.585 0.0000000000
58645  2.400  -8.753  56.727 0.0000000000
58649  2.007  -8.535  56.000 0.0000000000
146771  2.532  -6.990  55.971 0.0000000000
62408  2.922  -6.173  56.248 0.0000000000
155749  3.212  -5.544  56.156 0.0000000000
67447  5.884  -0.647  59.408 0.0000000000
67448  5.236  -0.859  59.147 0.0000000000
142089  5.372  -0.160  59.006 0.0000000000
68512  4.730  0.787  58.220 0.0000000000
69602  5.804  1.860  58.277 0.0000000000
156960  4.854  1.371  58.109 0.0000000000
69603  4.431  1.427  57.855 0.0000000000
70659  4.230  2.144  57.585 0.0000000000
70664  3.924  2.879  57.283 0.0000000000
71794  3.570  3.395  56.777 0.0000000000
71793  4.237  3.758  57.313 0.0000000000
55431  6.221  -11.242  59.173 0.0000000000
54372  5.091  -11.687  58.669 0.0000000000
53434  4.017  -12.955  57.690 0.0000000000
53435  3.498  -13.180  57.276 0.0000000000
54410  2.462  -12.802  56.555 0.0000000000
54398  2.485  -11.926  56.839 0.0000000000
54411  1.949  -12.268  56.158 0.0000000000
55488  1.741  -11.696  55.516 0.0000000000
58692  2.425  -8.136  50.773 0.0000000000
58703  2.437  -8.519  50.178 0.0000000000
59998  3.042  -7.721  50.171 0.0000000000
60016  3.575  -7.820  49.317 0.0000000000
61267  4.001  -6.189  50.899 0.0000000000
59997  3.895  -7.168  50.012 0.0000000000
60015  4.354  -7.530  48.881 0.0000000000
60014  5.226  -6.939  48.870 0.0000000000
140095  5.639  -7.176  48.141 0.0000000000
60013  5.876  -6.519  48.470 0.0000000000
146374  3.080  -0.023  47.050 0.0000000000
141035  3.188  -1.588  46.745 0.0000000000
64598  3.308  -2.761  45.437 0.0000000000
63576  3.421  -3.203  44.836 0.0000000000
65576  3.403  -1.897  44.388 0.0000000000
152395  3.630  -3.559  44.197 0.0000000000
151745  3.962  -4.702  44.089 0.0000000000
62500  4.363  -4.768  43.386 0.0000000000
61376  5.397  -5.182  41.969 0.0000000000
61393  6.576  -5.684  41.393 0.0000000000
61408  7.264  -5.757  40.637 0.0000000000
133369  6.389  -5.219  40.504 0.0000000000
61409  6.274  -4.927  40.312 0.0000000000
136162  6.226  -4.799  39.687 0.0000000000
62532  4.663  -3.551  40.813 0.0000000000
61428  5.636  -4.368  39.634 0.0000000000
61427  5.869  -4.595  39.247 0.0000000000
61446  5.389  -4.534  38.768 0.0000000000
62552  4.801  -4.461  38.223 0.0000000000
62568  4.499  -4.505  37.554 0.0000000000
70847  8.803  2.442  40.179 0.0000000000
146132  8.131  0.286  39.316 0.0000000000
68678  8.243  0.121  38.460 0.0000000000
68690  8.319  0.296  36.382 0.0000000000
53570  5.886  -13.854  41.745 0.0000000000
58636  3.977  -7.959  59.268 0.0000000000
144089  4.809  -5.952  59.961 0.0000000000
62385  5.965  -5.462  60.572 0.0000000000
62386  5.208  -5.342  60.093 0.0000000000
63491  5.034  -4.598  59.780 0.0000000000
64526  5.420  -3.995  59.987 0.0000000000
65502  5.425  -2.828  59.733 0.0000000000
66454  6.160  -1.973  60.061 0.0000000000
64518  7.872  -3.456  61.147 0.0000000000
66444  7.952  -2.677  61.031 0.0000000000
66452  8.005  -2.021  60.751 0.0000000000
65500  7.415  -2.294  60.584 0.0000000000
66453  6.874  -1.760  60.246 0.0000000000
67438  6.344  -1.196  59.850 0.0000000000
149213  7.259  1.222  58.804 0.0000000000
69591  8.047  1.245  58.699 0.0000000000
59941  19.219  -7.104  54.119 0.0000000000
59942  18.303  -7.149  54.305 0.0000000000
159202  17.809  -7.040  54.765 0.0000000000
59943  17.335  -7.241  54.390 0.0000000000
141664  16.750  -7.255  54.828 0.0000000000
59945  15.912  -7.448  54.735 0.0000000000
139947  14.386  -8.184  54.781 0.0000000000
62393  16.614  -5.712  58.056 0.0000000000
158559  14.898  -7.062  57.732 0.0000000000
59923  15.119  -7.181  57.101 0.0000000000
59929  15.396  -7.243  56.351 0.0000000000
58650  15.036  -7.563  55.815 0.0000000000
58651  14.499  -8.000  55.613 0.0000000000
58656  13.712  -8.640  54.529 0.0000000000
57654  12.379  -9.235  56.303 0.0000000000
56565  9.792  -10.714  57.734 0.0000000000
56554  8.667  -10.713  58.770 0.0000000000
58627  11.426  -8.008  59.954 0.0000000000
57630  10.129  -8.965  60.054 0.0000000000
59911  10.059  -7.880  60.655 0.0000000000
139433  9.820  -8.430  60.338 0.0000000000
57640  8.732  -9.597  59.903 0.0000000000
56539  7.462  -10.446  59.610 0.0000000000
56530  7.019  -9.952  60.223 0.0000000000
57635  5.861  -9.177  60.269 0.0000000000
57636  5.011  -9.309  60.053 0.0000000000
144652  4.553  -8.613  59.656 0.0000000000
66497  1.594  -1.399  52.270 0.0000000000
150129  1.670  -2.149  51.887 0.0000000000
67494  1.494  -0.537  51.782 0.0000000000
146428  1.565  -0.688  50.772 0.0000000000
146521  1.592  1.885  51.500 0.0000000000
67497  1.686  0.007  50.153 0.0000000000
68594  1.936  -0.039  49.272 0.0000000000
146373  2.163  0.680  48.980 0.0000000000
68602  2.589  0.677  48.430 0.0000000000
75280  2.734  6.234  51.971 0.0000000000
74128  2.318  4.800  51.047 0.0000000000
72974  2.273  4.030  50.542 0.0000000000
75303  3.213  5.810  50.215 0.0000000000
142863  2.910  4.069  49.842 0.0000000000
72987  2.668  3.489  49.819 0.0000000000
71863  3.035  2.883  49.207 0.0000000000
151340  2.991  0.990  48.083 0.0000000000
68610  3.211  0.973  47.273 0.0000000000
145631  3.427  1.314  46.580 0.0000000000
138880  3.669  1.820  46.363 0.0000000000
73026  4.167  3.342  47.344 0.0000000000
71893  4.124  2.704  46.667 0.0000000000
70787  3.863  1.609  45.722 0.0000000000
70786  4.191  1.966  45.572 0.0000000000
69735  3.991  1.232  45.081 0.0000000000
70801  4.326  1.719  44.980 0.0000000000
67429  14.892  -0.973  59.950 0.0000000000
67442  14.452  -0.329  59.494 0.0000000000
68494  14.883  0.209  58.906 0.0000000000
59953  19.540  -7.313  53.425 0.0000000000
63517  24.933  -4.831  55.843 0.0000000000
61224  23.173  -6.489  54.250 0.0000000000
140405  22.472  -6.585  54.227 0.0000000000
62413  22.255  -5.531  55.546 0.0000000000
61225  21.792  -6.492  54.467 0.0000000000
146364  20.820  -7.078  53.955 0.0000000000
59940  20.084  -7.054  54.117 0.0000000000
62407  19.076  -5.588  56.501 0.0000000000
62391  18.191  -5.116  57.555 0.0000000000
159341  20.189  -2.601  57.008 0.0000000000
65517  19.804  -3.144  57.315 0.0000000000
64541  18.651  -3.804  58.071 0.0000000000
63497  17.928  -4.003  58.522 0.0000000000
64534  17.508  -3.473  59.002 0.0000000000
64528  17.152  -2.953  59.231 0.0000000000
65505  16.547  -2.597  59.495 0.0000000000
67439  17.302  -1.227  58.791 0.0000000000
66455  16.951  -1.796  59.248 0.0000000000
66456  16.176  -1.817  59.616 0.0000000000
54466  1.324  -12.639  51.514 0.0000000000
55545  1.445  -11.215  50.939 0.0000000000
56653  1.587  -10.305  51.091 0.0000000000
156030  1.741  -9.686  50.898 0.0000000000
56611  1.518  -10.461  53.980 0.0000000000
57665  1.559  -9.852  53.327 0.0000000000
147551  1.673  -9.102  53.745 0.0000000000
57668  1.600  -9.626  52.440 0.0000000000
58672  1.768  -8.820  52.212 0.0000000000
58683  1.979  -8.510  51.421 0.0000000000
58682  2.437  -7.832  51.387 0.0000000000
59976  2.813  -7.265  51.743 0.0000000000
61247  3.298  -6.574  52.128 0.0000000000
139866  3.490  -5.876  53.380 0.0000000000
159167  3.627  -5.692  52.470 0.0000000000
63529  2.677  -4.296  52.837 0.0000000000
141684  2.137  -3.546  52.712 0.0000000000
137354  1.858  -2.886  52.985 0.0000000000
59920  3.653  -7.486  58.749 0.0000000000
61204  3.627  -6.832  58.573 0.0000000000
63496  4.210  -4.748  58.770 0.0000000000
62396  3.374  -5.832  57.593 0.0000000000
62400  3.588  -5.148  57.344 0.0000000000
63511  3.456  -4.881  56.026 0.0000000000
66459  4.699  -1.475  58.888 0.0000000000
143353  4.245  -2.072  58.553 0.0000000000
65511  3.770  -2.281  58.059 0.0000000000
146343  3.608  -2.955  57.706 0.0000000000
64543  3.287  -3.983  56.396 0.0000000000
64554  2.979  -4.044  55.597 0.0000000000
64560  2.453  -3.321  54.965 0.0000000000
66483  2.285  -1.596  55.605 0.0000000000
65539  1.991  -2.478  54.536 0.0000000000
64565  2.099  -3.098  54.178 0.0000000000
65543  1.841  -2.444  53.615 0.0000000000
65547  1.709  -2.184  52.713 0.0000000000
67490  1.563  -0.692  52.648 0.0000000000
147883  1.560  -0.129  52.916 0.0000000000
69668  1.632  1.438  52.967 0.0000000000
69657  1.938  1.640  54.622 0.0000000000
134224  1.758  1.727  53.769 0.0000000000
70699  1.815  2.566  53.678 0.0000000000
71829  1.896  3.376  53.597 0.0000000000
72939  2.438  4.566  53.892 0.0000000000
140537  2.618  5.213  53.839 0.0000000000
74073  3.318  4.981  55.979 0.0000000000
150259  3.589  5.643  55.970 0.0000000000
74085  3.207  5.569  55.262 0.0000000000
75260  2.911  5.897  54.295 0.0000000000
151502  3.338  6.609  54.234 0.0000000000
77575  4.015  7.608  54.188 0.0000000000
68495  14.086  0.329  58.996 0.0000000000
58668  17.565  -7.806  52.252 0.0000000000
151627  17.072  -7.966  51.780 0.0000000000
54395  6.581  -12.707  57.589 0.0000000000
53430  7.052  -13.111  57.082 0.0000000000
133124  1.638  -13.258  48.983 0.0000000000
58721  2.388  -9.341  49.016 0.0000000000
57689  2.017  -10.000  48.490 0.0000000000
56712  2.144  -10.749  47.221 0.0000000000
57695  2.677  -9.648  47.436 0.0000000000
57707  2.430  -10.244  47.135 0.0000000000
55627  2.381  -11.315  46.690 0.0000000000
55643  2.858  -11.763  46.222 0.0000000000
53533  3.276  -13.290  46.128 0.0000000000
56745  4.368  -11.202  44.790 0.0000000000
54619  6.134  -13.081  41.865 0.0000000000
153240  1.945  -3.181  50.936 0.0000000000
63542  3.064  -4.440  49.385 0.0000000000
64581  2.590  -3.193  48.882 0.0000000000
62448  3.622  -4.975  49.112 0.0000000000
62452  5.177  -5.819  49.172 0.0000000000
61283  6.117  -6.062  48.364 0.0000000000
60033  6.311  -6.583  47.818 0.0000000000
65563  3.156  -2.423  46.949 0.0000000000
63558  2.875  -3.664  46.455 0.0000000000
62472  3.775  -5.273  46.734 0.0000000000
61325  4.488  -5.640  45.334 0.0000000000
62481  4.370  -5.529  46.303 0.0000000000
61310  6.483  -5.890  46.686 0.0000000000
60032  6.743  -6.330  47.178 0.0000000000
60071  7.045  -7.409  46.232 0.0000000000
58768  7.236  -7.824  45.403 0.0000000000
58804  6.557  -9.066  44.140 0.0000000000
57738  6.715  -9.473  43.474 0.0000000000
58802  7.985  -8.139  43.320 0.0000000000
152480  7.403  -9.025  43.078 0.0000000000
57748  6.255  -10.301  43.205 0.0000000000
56776  6.736  -11.557  42.063 0.0000000000
150103  6.810  -12.190  41.717 0.0000000000
54618  6.600  -12.857  41.521 0.0000000000
54630  6.863  -13.356  40.740 0.0000000000
54638  6.871  -13.643  39.767 0.0000000000
54643  7.303  -12.936  38.971 0.0000000000
61423  8.157  -6.273  39.189 0.0000000000
60169  8.389  -7.396  38.195 0.0000000000
58864  8.328  -8.250  37.856 0.0000000000
60170  6.981  -6.975  37.138 0.0000000000
148974  7.195  -7.755  36.919 0.0000000000
57788  7.225  -9.483  36.848 0.0000000000
57801  6.443  -9.946  36.483 0.0000000000
78702  7.662  9.632  49.882 0.0000000000
78712  7.023  9.359  49.438 0.0000000000
77611  6.485  8.933  48.979 0.0000000000
77626  6.842  8.864  48.230 0.0000000000
77627  5.923  8.414  48.346 0.0000000000
77636  5.813  8.070  47.613 0.0000000000
76546  4.983  6.754  46.952 0.0000000000
75347  4.780  5.971  46.650 0.0000000000
76554  5.869  7.031  45.902 0.0000000000
75353  5.041  5.688  45.973 0.0000000000
74197  4.914  4.828  45.948 0.0000000000
74204  5.048  4.154  45.725 0.0000000000
71914  4.949  2.880  45.397 0.0000000000
146186  4.482  1.393  44.298 0.0000000000
76569  7.297  6.557  44.023 0.0000000000
74208  5.941  4.967  44.134 0.0000000000
73058  6.418  4.458  43.515 0.0000000000
71924  6.099  3.764  43.532 0.0000000000
73059  5.615  4.095  44.079 0.0000000000
73060  5.210  3.595  44.606 0.0000000000
70800  4.832  1.902  44.019 0.0000000000
68640  4.404  0.139  42.977 0.0000000000
67529  4.436  -0.829  41.753 0.0000000000
135821  4.327  -1.568  40.777 0.0000000000
158601  4.811  -0.649  40.614 0.0000000000
66542  4.477  -1.663  39.768 0.0000000000
144490  4.298  -2.123  39.204 0.0000000000
144306  4.236  -2.657  38.995 0.0000000000
63648  4.229  -3.698  37.711 0.0000000000
148728  4.182  -4.466  36.461 0.0000000000
67554  6.197  -0.460  38.279 0.0000000000
138206  4.986  -0.886  37.707 0.0000000000
66558  4.504  -1.820  37.016 0.0000000000
65626  4.227  -2.701  36.832 0.0000000000
62583  4.262  -5.086  36.031 0.0000000000
51336  1.271  -15.428  51.600 0.0000000000
52519  5.176  -15.469  40.174 0.0000000000
53569  6.351  -13.611  41.245 0.0000000000
54559  3.024  -12.518  46.268 0.0000000000
54629  7.438  -12.954  40.196 0.0000000000
55687  6.203  -11.512  42.567 0.0000000000
55703  7.297  -11.746  41.438 0.0000000000
55736  8.010  -11.934  39.061 0.0000000000
56744  5.233  -11.001  44.066 0.0000000000
57706  2.823  -9.900  46.646 0.0000000000
57718  3.709  -9.642  45.811 0.0000000000
57739  5.961  -9.933  43.811 0.0000000000
57762  8.582  -9.439  40.484 0.0000000000
57800  6.499  -9.096  36.444 0.0000000000
58657  1.852  -8.306  54.153 0.0000000000
58664  21.169  -7.723  51.951 0.0000000000
58704  2.123  -9.186  49.805 0.0000000000
58753  3.192  -9.108  47.110 0.0000000000
58852  8.751  -8.040  38.939 0.0000000000
58875  7.638  -8.441  37.124 0.0000000000
59939  21.342  -6.884  54.113 0.0000000000
60035  4.618  -7.738  48.139 0.0000000000
60053  6.769  -7.025  47.064 0.0000000000
60054  5.959  -7.441  47.424 0.0000000000
60069  7.927  -6.673  44.957 0.0000000000
60084  7.850  -7.353  44.893 0.0000000000
60125  8.758  -7.035  40.612 0.0000000000
60154  8.542  -6.969  38.794 0.0000000000
60179  7.748  -7.378  37.493 0.0000000000
61188  9.601  -6.320  61.292 0.0000000000
61190  7.280  -6.443  61.158 0.0000000000
61337  7.734  -6.333  44.426 0.0000000000
61339  5.085  -5.849  44.660 0.0000000000
61356  6.272  -5.954  43.697 0.0000000000
61358  4.850  -5.326  43.053 0.0000000000
61372  8.235  -6.605  41.933 0.0000000000
61374  7.019  -5.982  42.402 0.0000000000
61396  5.396  -4.635  41.555 0.0000000000
61410  6.016  -4.618  40.041 0.0000000000
61424  7.424  -5.719  39.637 0.0000000000
61425  6.780  -5.439  39.115 0.0000000000
61441  7.870  -6.529  38.291 0.0000000000
61443  6.343  -5.406  38.427 0.0000000000
61445  5.608  -4.873  38.465 0.0000000000
61458  6.650  -6.175  37.619 0.0000000000
61461  5.456  -5.386  37.549 0.0000000000
62451  5.758  -5.855  48.669 0.0000000000
62460  4.095  -5.270  47.794 0.0000000000
62470  5.905  -5.750  48.083 0.0000000000
62473  3.073  -4.838  46.197 0.0000000000
62490  3.650  -5.096  44.743 0.0000000000
62510  4.437  -4.331  42.952 0.0000000000
62521  4.888  -3.931  41.277 0.0000000000
62531  5.157  -3.978  40.301 0.0000000000
63490  5.661  -4.685  60.243 0.0000000000
63503  3.561  -4.672  56.817 0.0000000000
63543  2.615  -3.863  49.620 0.0000000000
63547  2.833  -3.809  48.056 0.0000000000
63557  2.829  -4.291  46.732 0.0000000000
63567  3.124  -3.469  45.639 0.0000000000
63585  3.542  -2.901  44.084 0.0000000000
63594  3.799  -3.238  42.932 0.0000000000
63625  4.403  -3.190  40.261 0.0000000000
63659  4.150  -3.854  36.904 0.0000000000
64524  6.511  -3.372  60.515 0.0000000000
64606  3.427  -2.547  44.622 0.0000000000
64611  3.555  -2.611  43.446 0.0000000000
64624  3.825  -2.275  41.837 0.0000000000
64634  4.261  -2.893  39.659 0.0000000000
64639  4.167  -3.040  38.104 0.0000000000
64648  4.106  -3.279  36.530 0.0000000000
65492  13.465  -3.004  61.030 0.0000000000
65561  2.581  -2.473  48.329 0.0000000000
65566  3.270  -2.218  46.070 0.0000000000
65583  3.489  -1.778  43.631 0.0000000000
65590  3.601  -1.716  42.919 0.0000000000
65620  4.207  -2.683  37.586 0.0000000000
66438  12.801  -1.794  60.696 0.0000000000
66441  10.619  -1.727  61.012 0.0000000000
66491  1.939  -1.730  54.890 0.0000000000
66501  1.563  -1.436  51.378 0.0000000000
66530  3.811  -1.479  42.352 0.0000000000
66536  4.074  -1.498  41.651 0.0000000000
66559  4.378  -2.298  36.470 0.0000000000
67443  13.619  -0.139  59.590 0.0000000000
67486  1.745  -0.943  53.899 0.0000000000
67523  3.985  -0.700  42.947 0.0000000000
67524  3.824  -0.836  43.172 0.0000000000
67536  4.718  -0.954  40.355 0.0000000000
67538  4.325  -1.237  41.436 0.0000000000
67543  7.113  -0.149  39.025 0.0000000000
67545  4.978  -0.696  39.287 0.0000000000
67548  4.503  -1.388  40.523 0.0000000000
67555  5.223  -0.625  38.449 0.0000000000
67557  4.721  -1.343  38.831 0.0000000000
68617  3.329  0.634  46.434 0.0000000000
68629  3.626  0.582  45.280 0.0000000000
68653  4.252  -0.520  42.598 0.0000000000
68662  6.766  0.574  40.658 0.0000000000
68664  4.938  -0.222  40.805 0.0000000000
68665  4.701  -0.615  41.174 0.0000000000
69687  1.530  1.024  51.270 0.0000000000
69728  3.552  1.114  45.882 0.0000000000
69741  4.079  0.229  44.049 0.0000000000
69748  5.090  1.389  42.666 0.0000000000
69755  6.443  1.430  41.947 0.0000000000
69757  4.856  0.808  42.158 0.0000000000
69758  4.679  0.488  42.514 0.0000000000
69765  7.981  1.487  41.342 0.0000000000
69768  8.947  1.566  39.610 0.0000000000
70684  2.557  2.239  55.619 0.0000000000
70694  1.922  2.276  54.316 0.0000000000
70776  4.045  2.286  46.213 0.0000000000
70808  7.697  2.527  42.313 0.0000000000
70810  5.975  2.320  43.092 0.0000000000
70811  4.909  1.583  43.310 0.0000000000
70836  8.577  2.295  41.079 0.0000000000
71795  3.448  2.755  56.835 0.0000000000
71843  1.846  3.417  51.190 0.0000000000
71926  5.038  2.772  44.370 0.0000000000
71927  4.759  2.323  44.817 0.0000000000
72930  2.553  4.259  54.482 0.0000000000
73000  3.769  3.690  48.515 0.0000000000
73012  3.959  3.496  47.942 0.0000000000
73025  4.368  3.713  47.004 0.0000000000
73050  5.088  3.518  45.582 0.0000000000
73051  4.749  3.049  45.919 0.0000000000
74074  2.960  4.787  55.407 0.0000000000
74127  2.504  5.517  51.519 0.0000000000
74141  2.761  4.636  50.190 0.0000000000
74155  3.203  5.054  49.835 0.0000000000
74179  4.293  4.755  47.911 0.0000000000
74191  4.638  4.141  46.639 0.0000000000
74202  5.357  5.095  44.903 0.0000000000
74203  5.058  4.561  45.365 0.0000000000
75338  4.542  6.188  47.306 0.0000000000
75346  5.269  6.503  46.306 0.0000000000
75354  4.830  5.297  46.438 0.0000000000
75374  7.564  5.438  42.945 0.0000000000
76478  3.119  6.885  53.125 0.0000000000
76526  4.209  6.631  48.761 0.0000000000
76535  5.387  7.490  47.277 0.0000000000
76544  6.292  7.679  46.201 0.0000000000
76552  7.356  7.681  45.113 0.0000000000
77579  4.630  8.366  53.191 0.0000000000
77583  5.349  8.892  51.925 0.0000000000
77597  5.538  8.727  50.155 0.0000000000
77625  7.294  8.824  47.508 0.0000000000
77645  6.962  8.441  46.767 0.0000000000
78721  7.733  9.229  48.187 0.0000000000
133116  1.591  -12.037  49.243 0.0000000000
133361  9.703  8.030  44.209 0.0000000000
134313  1.533  -11.289  50.196 0.0000000000
134335  1.697  -12.130  48.464 0.0000000000
135968  6.836  -5.911  45.590 0.0000000000
136368  19.715  -5.507  56.270 0.0000000000
136515  1.789  -0.775  49.815 0.0000000000
138350  3.686  0.057  44.704 0.0000000000
139395  5.007  -5.460  36.958 0.0000000000
139526  5.527  -0.586  37.759 0.0000000000
139722  1.804  1.099  54.218 0.0000000000
140937  1.479  -10.270  52.655 0.0000000000
141033  3.431  -1.324  44.976 0.0000000000
141305  4.310  -2.213  38.029 0.0000000000
142901  2.674  5.742  53.354 0.0000000000
144380  2.481  2.151  49.310 0.0000000000
144828  2.952  -0.911  47.344 0.0000000000
144829  2.524  -0.997  48.096 0.0000000000
146375  2.885  0.346  47.903 0.0000000000
146413  3.407  1.837  47.053 0.0000000000
146592  2.354  0.003  48.488 0.0000000000
147270  3.819  -3.524  43.492 0.0000000000
147461  1.817  -0.521  54.466 0.0000000000
148674  4.593  -5.329  36.466 0.0000000000
148917  4.303  -4.258  37.265 0.0000000000
148932  4.038  -1.277  42.106 0.0000000000
149301  2.795  -3.825  48.795 0.0000000000
149645  4.229  3.945  47.704 0.0000000000
149871  1.646  -0.561  53.322 0.0000000000
150292  2.952  -2.626  47.638 0.0000000000
150594  1.851  0.574  49.664 0.0000000000
150751  4.164  -2.974  37.078 0.0000000000
151161  4.094  2.887  47.061 0.0000000000
151619  2.545  -10.652  46.647 0.0000000000
152010  1.852  3.606  52.900 0.0000000000
152740  3.469  -2.355  43.886 0.0000000000
153007  8.772  -8.604  40.560 0.0000000000
153177  3.982  0.612  44.576 0.0000000000
153423  4.883  4.313  46.185 0.0000000000
153488  4.186  5.358  48.622 0.0000000000
153703  1.449  -11.624  50.524 0.0000000000
154546  8.306  -7.795  42.773 0.0000000000
155992  5.969  -5.734  47.341 0.0000000000
156236  3.436  0.459  45.785 0.0000000000
157251  5.529  2.622  43.425 0.0000000000
157528  2.114  -12.707  47.057 0.0000000000
158165  6.900  -9.818  42.929 0.0000000000
158518  3.511  -2.184  43.305 0.0000000000
159388  3.864  -2.852  58.138 0.0000000000
