#!ascii label  , from subject ICBM2009cNolinAsym vox2ras=TkReg
1197
141020  49.483  46.638  -11.719 0.0000000000
115908  53.349  52.611  -13.051 0.0000000000
107850  56.329  42.035  -3.155 0.0000000000
110091  43.515  44.757  -9.403 0.0000000000
149697  47.116  42.574  -7.148 0.0000000000
110154  50.154  44.211  -18.278 0.0000000000
117369  47.579  54.861  -10.954 0.0000000000
151930  46.910  52.304  -17.891 0.0000000000
106609  52.672  40.131  1.348 0.0000000000
103728  51.449  35.746  -2.989 0.0000000000
111659  55.040  45.994  -12.910 0.0000000000
111582  53.048  45.936  -6.780 0.0000000000
145152  54.486  49.116  -6.050 0.0000000000
111530  53.105  47.104  -0.550 0.0000000000
118676  50.448  57.137  -18.365 0.0000000000
112405  52.649  46.456  -18.249 0.0000000000
106017  49.413  39.499  -5.877 0.0000000000
110845  46.106  46.092  -10.325 0.0000000000
110076  45.335  44.488  -8.673 0.0000000000
110815  48.240  45.635  -8.622 0.0000000000
110906  49.773  46.127  -15.016 0.0000000000
111688  46.236  47.062  -13.292 0.0000000000
116681  44.359  53.352  -13.467 0.0000000000
105938  54.281  39.346  3.161 0.0000000000
104539  55.354  36.894  0.591 0.0000000000
104512  56.432  36.353  2.721 0.0000000000
116719  53.035  53.119  -22.225 0.0000000000
113717  54.720  49.266  -13.118 0.0000000000
113041  55.728  47.913  -10.240 0.0000000000
114384  53.012  50.699  -9.793 0.0000000000
113642  48.908  49.343  -3.340 0.0000000000
114311  51.689  50.474  -2.459 0.0000000000
112277  50.640  47.606  -1.257 0.0000000000
109217  51.179  43.666  0.281 0.0000000000
115164  50.871  51.482  -14.139 0.0000000000
113756  48.891  49.455  -17.645 0.0000000000
113734  53.617  49.240  -15.431 0.0000000000
110929  54.848  46.125  -16.216 0.0000000000
110043  55.503  43.448  -5.094 0.0000000000
108549  52.001  42.343  -5.607 0.0000000000
107255  53.721  40.403  -5.378 0.0000000000
107894  44.282  41.109  -7.418 0.0000000000
106697  46.535  39.463  -7.599 0.0000000000
108625  51.271  42.199  -21.577 0.0000000000
109350  46.096  43.267  -19.286 0.0000000000
117386  50.672  54.687  -11.580 0.0000000000
116627  52.065  54.372  -8.598 0.0000000000
119901  43.336  58.557  -15.821 0.0000000000
119268  46.662  57.667  -17.436 0.0000000000
115925  47.211  52.037  -14.024 0.0000000000
139401  54.930  41.651  0.110 0.0000000000
107247  51.857  40.091  -2.187 0.0000000000
105306  51.727  37.798  -0.550 0.0000000000
103719  54.480  35.998  -2.590 0.0000000000
111662  51.932  46.405  -12.745 0.0000000000
136384  51.047  46.482  -9.407 0.0000000000
111613  54.066  46.404  -10.134 0.0000000000
111579  55.578  46.457  -6.403 0.0000000000
111565  55.411  46.044  -3.363 0.0000000000
114348  52.782  51.511  -5.785 0.0000000000
112966  54.021  48.559  -2.440 0.0000000000
110747  55.189  45.102  -0.389 0.0000000000
108494  53.667  43.021  1.692 0.0000000000
107215  51.504  40.735  1.072 0.0000000000
119281  51.202  58.077  -20.438 0.0000000000
115966  52.132  52.579  -20.615 0.0000000000
115232  49.774  51.031  -20.059 0.0000000000
110970  51.748  45.146  -21.156 0.0000000000
148602  53.608  43.463  -18.586 0.0000000000
110916  53.466  44.920  -15.459 0.0000000000
110055  50.391  44.712  -6.143 0.0000000000
107890  48.627  40.923  -6.793 0.0000000000
106029  47.121  38.176  -7.218 0.0000000000
106005  49.231  38.178  -3.434 0.0000000000
139086  48.045  46.675  -11.253 0.0000000000
110826  47.407  45.738  -9.291 0.0000000000
154222  48.885  46.404  -10.169 0.0000000000
111685  49.520  46.520  -13.843 0.0000000000
111701  47.693  46.674  -14.286 0.0000000000
158456  47.551  47.008  -12.649 0.0000000000
111646  46.383  46.928  -11.906 0.0000000000
105923  54.370  38.300  4.948 0.0000000000
105258  55.698  37.944  3.276 0.0000000000
104500  55.756  36.893  4.688 0.0000000000
105342  43.728  37.181  -8.354 0.0000000000
114396  54.050  51.322  -12.998 0.0000000000
150876  54.200  50.372  -12.169 0.0000000000
134772  53.355  51.620  -11.310 0.0000000000
112969  48.427  48.206  -2.189 0.0000000000
112968  49.577  48.610  -2.154 0.0000000000
115921  52.270  52.306  -13.661 0.0000000000
114424  52.135  50.455  -14.950 0.0000000000
114412  53.558  50.835  -14.538 0.0000000000
113733  54.302  49.358  -14.946 0.0000000000
109255  56.417  42.558  -4.859 0.0000000000
108546  55.708  41.845  -5.800 0.0000000000
107864  55.776  40.898  -5.280 0.0000000000
110078  42.690  44.404  -9.127 0.0000000000
109304  43.166  43.771  -8.557 0.0000000000
109282  46.638  43.268  -7.443 0.0000000000
156271  45.158  42.475  -7.626 0.0000000000
149605  45.755  41.961  -7.424 0.0000000000
106683  45.652  39.980  -7.490 0.0000000000
107892  46.497  41.379  -7.312 0.0000000000
109360  50.479  43.050  -19.536 0.0000000000
158883  48.109  42.551  -20.685 0.0000000000
110156  48.044  44.097  -18.821 0.0000000000
110848  43.753  45.812  -10.476 0.0000000000
110850  42.154  45.515  -10.351 0.0000000000
138055  49.169  55.013  -11.110 0.0000000000
118035  50.541  55.892  -10.050 0.0000000000
118027  48.495  55.563  -9.339 0.0000000000
116662  46.130  54.146  -11.642 0.0000000000
115916  45.789  52.660  -13.727 0.0000000000
116671  47.604  53.398  -12.084 0.0000000000
115904  49.056  52.940  -12.546 0.0000000000
155350  53.449  40.698  0.385 0.0000000000
107222  52.570  40.123  -0.156 0.0000000000
106626  52.618  39.612  0.686 0.0000000000
104544  56.841  36.169  -1.024 0.0000000000
149760  55.451  36.469  -0.991 0.0000000000
104558  56.346  36.176  -2.322 0.0000000000
111661  53.759  46.137  -12.506 0.0000000000
111640  53.466  46.325  -11.486 0.0000000000
111638  54.806  46.220  -11.496 0.0000000000
113026  55.043  48.755  -8.593 0.0000000000
112340  55.649  47.589  -8.145 0.0000000000
113005  55.402  47.828  -6.344 0.0000000000
111573  55.489  46.328  -5.494 0.0000000000
112326  54.869  47.843  -4.201 0.0000000000
115867  51.618  53.366  -7.242 0.0000000000
135188  52.283  52.241  -7.306 0.0000000000
115106  51.815  52.412  -5.543 0.0000000000
112952  52.405  48.807  -1.413 0.0000000000
113629  53.212  49.975  -2.150 0.0000000000
112291  53.250  48.299  -1.341 0.0000000000
111550  54.308  46.836  -1.084 0.0000000000
111522  54.144  46.024  0.183 0.0000000000
109992  54.966  44.342  1.173 0.0000000000
151839  53.816  45.182  0.960 0.0000000000
108511  50.107  42.620  -0.160 0.0000000000
154453  51.481  42.113  0.701 0.0000000000
119927  51.157  58.427  -18.874 0.0000000000
118087  52.427  55.745  -20.039 0.0000000000
117427  51.586  54.953  -19.484 0.0000000000
117422  46.487  54.838  -18.353 0.0000000000
118678  47.279  56.507  -18.158 0.0000000000
116698  47.296  53.152  -18.640 0.0000000000
113093  50.633  48.090  -17.367 0.0000000000
113762  49.228  49.392  -19.180 0.0000000000
141458  50.182  47.586  -19.376 0.0000000000
113773  50.290  48.541  -20.472 0.0000000000
111743  51.857  45.801  -19.641 0.0000000000
110964  52.782  44.337  -20.176 0.0000000000
110958  53.563  45.040  -18.865 0.0000000000
110889  55.156  45.642  -14.463 0.0000000000
110109  54.612  45.130  -15.449 0.0000000000
110891  54.354  45.482  -14.031 0.0000000000
110904  52.456  45.678  -14.416 0.0000000000
158068  52.566  46.443  -8.232 0.0000000000
110809  50.365  45.751  -7.336 0.0000000000
110800  51.820  45.586  -6.464 0.0000000000
107877  51.653  40.906  -6.208 0.0000000000
108555  50.436  41.856  -6.096 0.0000000000
107265  49.525  40.230  -6.472 0.0000000000
106681  48.295  39.568  -6.990 0.0000000000
106027  48.285  39.031  -6.714 0.0000000000
106000  50.156  38.285  -2.140 0.0000000000
106653  50.500  39.370  -3.110 0.0000000000
104568  49.242  36.511  -3.043 0.0000000000
143570  44.771  45.490  -9.933 0.0000000000
142931  44.340  44.464  -8.967 0.0000000000
110088  45.871  45.113  -9.059 0.0000000000
110075  46.239  44.625  -8.397 0.0000000000
110062  47.487  44.416  -7.629 0.0000000000
110932  49.801  45.287  -16.937 0.0000000000
111632  44.897  46.315  -10.976 0.0000000000
105948  53.160  39.887  1.959 0.0000000000
105291  53.881  37.961  1.253 0.0000000000
137808  55.132  37.977  2.098 0.0000000000
104525  56.352  36.535  1.195 0.0000000000
112359  55.489  47.326  -12.645 0.0000000000
112357  55.487  46.827  -11.801 0.0000000000
113046  55.216  48.505  -11.564 0.0000000000
113695  54.621  49.227  -10.324 0.0000000000
113686  53.711  49.880  -8.044 0.0000000000
114338  49.951  50.880  -4.983 0.0000000000
114326  51.146  51.260  -3.973 0.0000000000
114318  50.401  50.205  -3.256 0.0000000000
155108  51.381  48.797  -1.641 0.0000000000
112276  51.778  47.694  -1.006 0.0000000000
110737  52.352  45.793  0.027 0.0000000000
151546  50.825  45.838  -0.548 0.0000000000
110008  49.778  44.513  -0.564 0.0000000000
108513  48.662  42.795  -0.854 0.0000000000
119915  49.808  59.309  -17.280 0.0000000000
114427  48.254  50.662  -15.785 0.0000000000
115190  47.846  50.800  -17.507 0.0000000000
136810  49.941  50.030  -15.405 0.0000000000
142598  51.195  49.049  -16.064 0.0000000000
113091  52.875  47.613  -16.987 0.0000000000
111731  54.084  46.123  -17.560 0.0000000000
113080  54.527  47.843  -15.851 0.0000000000
113072  55.180  47.423  -14.982 0.0000000000
110787  54.446  45.102  -5.478 0.0000000000
110046  52.912  43.946  -5.236 0.0000000000
109264  53.995  42.717  -5.411 0.0000000000
145215  53.411  41.102  -6.164 0.0000000000
107257  52.010  40.465  -5.752 0.0000000000
138822  52.356  35.455  -5.040 0.0000000000
103739  50.584  35.516  -4.229 0.0000000000
141346  42.659  41.066  -7.261 0.0000000000
157684  44.358  43.366  -8.113 0.0000000000
147523  43.922  41.811  -7.557 0.0000000000
107280  43.139  40.266  -7.309 0.0000000000
106684  44.440  39.411  -7.509 0.0000000000
106699  44.826  38.740  -7.670 0.0000000000
106045  45.129  38.086  -7.696 0.0000000000
108647  48.863  41.986  -22.480 0.0000000000
108628  47.068  42.306  -21.376 0.0000000000
159035  52.407  53.999  -12.275 0.0000000000
115896  52.765  53.832  -10.619 0.0000000000
117349  51.753  55.367  -10.220 0.0000000000
117320  51.270  55.325  -8.625 0.0000000000
115868  50.194  53.041  -7.375 0.0000000000
115109  49.097  51.349  -6.671 0.0000000000
155474  48.238  50.069  -5.299 0.0000000000
119260  45.020  57.809  -16.730 0.0000000000
118072  45.619  56.083  -17.789 0.0000000000
136591  45.737  53.458  -17.451 0.0000000000
115173  47.180  51.564  -15.419 0.0000000000
115156  49.166  51.843  -13.732 0.0000000000
115911  50.920  52.801  -13.037 0.0000000000
107842  55.725  42.178  -1.535 0.0000000000
107244  54.662  40.789  -3.511 0.0000000000
107237  53.392  40.749  -1.692 0.0000000000
106643  51.161  39.169  -1.301 0.0000000000
104555  51.162  36.836  -1.520 0.0000000000
104547  53.086  37.078  -0.013 0.0000000000
104553  53.111  36.523  -0.905 0.0000000000
103727  52.667  35.636  -3.376 0.0000000000
111663  50.319  46.631  -12.015 0.0000000000
149861  50.372  46.510  -10.534 0.0000000000
111641  51.713  46.589  -11.271 0.0000000000
111614  53.004  46.566  -9.571 0.0000000000
111592  54.046  46.424  -8.182 0.0000000000
112353  55.775  47.213  -9.845 0.0000000000
111602  55.400  46.881  -8.265 0.0000000000
111580  54.986  46.080  -6.692 0.0000000000
110797  55.277  45.886  -5.844 0.0000000000
158504  55.647  44.677  -4.572 0.0000000000
110027  56.261  43.811  -3.408 0.0000000000
136831  52.526  52.390  -9.550 0.0000000000
114376  52.545  51.306  -8.045 0.0000000000
158327  53.660  50.094  -6.282 0.0000000000
114324  52.646  51.316  -3.902 0.0000000000
113652  53.495  50.256  -3.671 0.0000000000
113651  53.998  49.488  -4.100 0.0000000000
112322  54.557  47.809  -3.108 0.0000000000
110771  55.488  45.468  -2.418 0.0000000000
109239  56.057  43.244  -1.710 0.0000000000
109214  55.563  43.016  0.711 0.0000000000
108493  54.570  42.290  1.740 0.0000000000
133582  53.516  40.991  1.247 0.0000000000
156136  52.012  43.969  0.610 0.0000000000
107824  52.447  42.090  1.212 0.0000000000
107214  52.575  40.662  1.207 0.0000000000
105949  52.297  39.834  1.805 0.0000000000
118684  52.617  55.851  -20.794 0.0000000000
115979  52.926  52.474  -21.494 0.0000000000
113127  52.434  48.744  -22.285 0.0000000000
138537  48.116  51.997  -18.896 0.0000000000
117428  50.661  54.980  -19.288 0.0000000000
115231  50.823  51.300  -20.459 0.0000000000
113118  51.542  47.453  -21.777 0.0000000000
111756  51.640  45.216  -22.090 0.0000000000
110174  52.398  43.309  -21.301 0.0000000000
108611  52.749  42.695  -19.923 0.0000000000
109336  51.858  43.397  -18.340 0.0000000000
110956  54.335  44.649  -17.728 0.0000000000
150832  53.697  44.162  -16.870 0.0000000000
110127  51.944  44.228  -17.129 0.0000000000
110918  51.272  45.421  -15.704 0.0000000000
111684  51.252  46.347  -13.395 0.0000000000
111608  49.641  46.218  -8.882 0.0000000000
110811  48.639  45.311  -7.782 0.0000000000
110057  48.651  44.109  -6.751 0.0000000000
110048  50.896  44.134  -5.677 0.0000000000
109270  49.217  43.314  -6.241 0.0000000000
107880  47.843  42.306  -6.829 0.0000000000
107287  47.292  39.852  -7.441 0.0000000000
106696  47.189  38.943  -7.535 0.0000000000
107252  53.808  40.423  -4.160 0.0000000000
158717  51.091  39.779  -4.581 0.0000000000
152569  48.989  38.725  -4.860 0.0000000000
104570  49.593  35.550  -4.333 0.0000000000
106019  48.033  38.335  -5.964 0.0000000000
102924  55.646  35.511  3.493 0.0000000000
137011  56.445  34.845  0.714 0.0000000000
111628  48.234  46.430  -10.406 0.0000000000
111644  48.978  46.535  -11.013 0.0000000000
111664  49.539  46.695  -12.384 0.0000000000
141018  48.105  46.893  -12.937 0.0000000000
111665  48.712  46.775  -12.062 0.0000000000
111666  47.776  46.963  -12.090 0.0000000000
105922  55.085  38.065  4.910 0.0000000000
115154  53.683  51.900  -13.434 0.0000000000
134017  53.758  51.499  -12.217 0.0000000000
115151  53.647  52.189  -12.756 0.0000000000
115155  53.203  52.200  -13.563 0.0000000000
115162  52.849  51.892  -14.032 0.0000000000
115161  53.524  51.502  -14.048 0.0000000000
114404  54.047  51.116  -13.729 0.0000000000
107859  56.550  42.052  -4.024 0.0000000000
107863  56.480  41.875  -4.886 0.0000000000
107860  56.262  41.454  -4.306 0.0000000000
110077  43.530  44.251  -8.902 0.0000000000
108569  45.802  42.853  -7.592 0.0000000000
108568  46.497  42.306  -7.328 0.0000000000
141858  47.190  41.774  -7.143 0.0000000000
109347  49.800  43.639  -19.031 0.0000000000
109348  48.736  43.606  -19.315 0.0000000000
110155  49.113  44.226  -18.566 0.0000000000
110830  43.559  45.346  -9.931 0.0000000000
110849  42.992  45.661  -10.424 0.0000000000
110831  42.783  45.120  -9.792 0.0000000000
117368  48.540  54.955  -11.011 0.0000000000
117350  49.254  55.464  -10.577 0.0000000000
117351  48.199  55.332  -10.348 0.0000000000
116661  47.084  54.110  -11.573 0.0000000000
116672  46.604  53.315  -12.353 0.0000000000
116660  48.056  54.191  -11.515 0.0000000000
116659  49.075  54.298  -11.493 0.0000000000
106608  53.076  40.254  0.988 0.0000000000
104551  56.294  36.334  -1.429 0.0000000000
111660  54.595  45.982  -12.721 0.0000000000
111639  54.328  46.162  -11.907 0.0000000000
158913  54.809  46.135  -12.222 0.0000000000
113019  54.794  49.007  -7.662 0.0000000000
113018  55.319  48.331  -7.893 0.0000000000
113013  55.021  48.601  -6.834 0.0000000000
112329  55.211  47.835  -5.305 0.0000000000
113006  54.846  48.545  -5.744 0.0000000000
157288  51.145  52.829  -6.480 0.0000000000
115117  51.614  52.865  -6.404 0.0000000000
115107  51.023  52.420  -5.941 0.0000000000
112275  52.661  47.797  -0.922 0.0000000000
112292  52.809  48.320  -1.216 0.0000000000
112274  53.281  47.587  -0.930 0.0000000000
112273  53.823  47.064  -0.772 0.0000000000
111529  53.683  46.745  -0.421 0.0000000000
110735  53.974  45.538  0.671 0.0000000000
111523  53.526  46.288  0.020 0.0000000000
107832  49.737  41.806  -0.238 0.0000000000
119914  50.260  59.435  -17.773 0.0000000000
119928  50.680  58.941  -18.395 0.0000000000
119273  50.815  57.953  -18.337 0.0000000000
118682  51.592  56.382  -19.089 0.0000000000
118083  51.231  55.690  -19.138 0.0000000000
116699  46.389  53.123  -17.885 0.0000000000
116703  46.791  53.993  -18.433 0.0000000000
112400  51.082  47.383  -17.959 0.0000000000
113100  50.051  47.905  -18.484 0.0000000000
112407  50.692  47.142  -18.868 0.0000000000
112413  51.224  46.548  -19.273 0.0000000000
157374  52.015  46.227  -18.888 0.0000000000
132840  52.830  45.012  -19.529 0.0000000000
111737  52.927  45.681  -18.778 0.0000000000
111680  55.106  45.761  -13.759 0.0000000000
110890  54.932  45.457  -14.226 0.0000000000
110880  54.817  45.690  -13.487 0.0000000000
111681  54.329  45.812  -13.232 0.0000000000
111583  52.227  46.026  -7.071 0.0000000000
156182  52.425  45.763  -6.600 0.0000000000
107264  50.364  40.281  -6.256 0.0000000000
107878  50.738  40.955  -6.352 0.0000000000
106670  49.556  39.836  -6.232 0.0000000000
106680  48.860  39.735  -6.544 0.0000000000
142816  48.831  39.321  -6.175 0.0000000000
104556  50.416  36.755  -2.078 0.0000000000
105311  49.877  37.465  -2.286 0.0000000000
104567  49.872  36.038  -2.933 0.0000000000
110846  45.231  45.925  -10.393 0.0000000000
110828  45.565  45.538  -9.760 0.0000000000
110817  46.728  45.242  -8.801 0.0000000000
110816  47.449  45.307  -8.562 0.0000000000
110074  47.070  44.815  -8.183 0.0000000000
110812  47.842  45.046  -8.002 0.0000000000
110919  50.114  45.769  -15.684 0.0000000000
137260  49.344  45.778  -16.138 0.0000000000
111712  49.162  46.131  -15.384 0.0000000000
134288  46.665  46.839  -14.088 0.0000000000
136156  46.938  46.653  -14.824 0.0000000000
111630  46.232  46.593  -11.102 0.0000000000
111647  45.493  46.685  -11.612 0.0000000000
111631  45.584  46.347  -10.859 0.0000000000
110847  44.477  45.885  -10.471 0.0000000000
105947  53.956  39.434  2.210 0.0000000000
105275  54.732  38.863  2.585 0.0000000000
105257  56.198  37.108  3.051 0.0000000000
105274  55.903  37.418  2.304 0.0000000000
105273  56.357  36.652  2.198 0.0000000000
104524  56.692  36.033  1.600 0.0000000000
117441  52.380  54.944  -21.959 0.0000000000
141445  52.062  54.244  -22.657 0.0000000000
113054  55.165  48.357  -13.272 0.0000000000
113048  55.195  48.397  -12.417 0.0000000000
136533  53.398  50.714  -10.692 0.0000000000
113704  54.006  49.992  -11.054 0.0000000000
113696  53.745  49.929  -9.858 0.0000000000
113690  53.863  49.686  -8.870 0.0000000000
114375  53.098  50.405  -8.791 0.0000000000
114328  49.409  50.258  -4.426 0.0000000000
114327  50.366  50.711  -4.020 0.0000000000
113641  49.849  49.431  -2.816 0.0000000000
112955  49.875  48.178  -1.751 0.0000000000
113626  50.662  48.709  -1.848 0.0000000000
112954  50.870  48.357  -1.581 0.0000000000
112946  51.249  48.097  -1.338 0.0000000000
111532  51.073  47.130  -0.934 0.0000000000
110750  50.473  46.511  -0.849 0.0000000000
132985  49.061  45.249  -0.939 0.0000000000
134502  48.772  44.425  -0.874 0.0000000000
109228  49.277  43.490  -0.614 0.0000000000
109229  48.369  43.633  -0.954 0.0000000000
114414  50.140  50.677  -14.744 0.0000000000
114426  49.082  50.318  -15.558 0.0000000000
113735  52.817  49.762  -15.369 0.0000000000
113736  51.624  49.636  -15.493 0.0000000000
113747  52.141  49.008  -15.958 0.0000000000
113083  52.483  48.325  -16.507 0.0000000000
113746  53.095  48.792  -15.939 0.0000000000
112389  53.748  47.478  -16.715 0.0000000000
113081  53.893  48.238  -16.041 0.0000000000
113722  54.704  49.340  -13.878 0.0000000000
113726  54.699  48.945  -14.570 0.0000000000
113721  55.117  48.310  -14.058 0.0000000000
113053  55.389  47.429  -13.581 0.0000000000
110044  54.964  44.366  -5.171 0.0000000000
110045  54.103  44.157  -5.217 0.0000000000
157634  54.808  43.475  -5.243 0.0000000000
107254  54.722  40.708  -5.842 0.0000000000
107868  54.414  41.035  -6.201 0.0000000000
107256  53.676  40.791  -6.036 0.0000000000
107263  52.551  40.831  -6.029 0.0000000000
134070  52.906  40.523  -5.738 0.0000000000
107896  42.219  41.806  -7.428 0.0000000000
107895  43.055  41.798  -7.511 0.0000000000
109303  43.973  43.832  -8.500 0.0000000000
109302  44.801  43.861  -8.356 0.0000000000
146508  44.870  41.681  -7.471 0.0000000000
108570  44.341  42.630  -7.771 0.0000000000
142219  43.538  41.068  -7.355 0.0000000000
107279  44.119  40.279  -7.385 0.0000000000
148793  45.132  39.410  -7.596 0.0000000000
106698  45.718  38.956  -7.685 0.0000000000
108634  51.215  42.476  -22.439 0.0000000000
134633  50.428  42.047  -22.196 0.0000000000
109363  47.326  42.792  -20.304 0.0000000000
108615  47.523  42.337  -21.052 0.0000000000
109364  46.293  42.703  -20.009 0.0000000000
109365  45.291  42.660  -19.649 0.0000000000
116667  51.967  54.025  -12.360 0.0000000000
159332  52.539  54.360  -11.666 0.0000000000
117365  51.653  55.018  -11.093 0.0000000000
117337  50.813  55.830  -9.041 0.0000000000
116622  50.625  53.996  -7.682 0.0000000000
115120  48.711  51.746  -7.430 0.0000000000
114350  48.461  50.555  -6.084 0.0000000000
120567  44.581  59.607  -15.714 0.0000000000
119900  44.207  58.464  -16.175 0.0000000000
118672  44.913  56.244  -17.331 0.0000000000
117417  44.816  54.813  -17.343 0.0000000000
117423  45.586  55.004  -17.941 0.0000000000
115915  46.685  52.570  -13.313 0.0000000000
115166  46.858  51.890  -14.819 0.0000000000
115174  46.532  51.924  -15.574 0.0000000000
142383  47.604  51.588  -14.657 0.0000000000
152303  48.518  51.331  -14.426 0.0000000000
115924  48.111  51.829  -13.861 0.0000000000
116669  50.024  54.059  -11.788 0.0000000000
115903  50.032  53.234  -12.427 0.0000000000
116668  51.034  53.850  -12.288 0.0000000000
116678  51.831  53.313  -12.857 0.0000000000
108510  55.423  42.073  -0.472 0.0000000000
107843  55.109  41.683  -1.362 0.0000000000
107844  54.097  41.141  -0.588 0.0000000000
106627  51.846  39.308  -0.434 0.0000000000
106642  51.816  39.783  -1.224 0.0000000000
105997  51.346  38.505  -0.803 0.0000000000
105308  51.090  37.689  -1.131 0.0000000000
158879  51.604  37.178  -0.973 0.0000000000
105292  53.226  37.922  0.691 0.0000000000
105304  54.089  37.126  0.551 0.0000000000
104559  55.230  36.301  -1.848 0.0000000000
104552  54.377  36.439  -1.001 0.0000000000
104560  53.840  36.194  -1.775 0.0000000000
103720  53.278  35.862  -2.533 0.0000000000
103726  53.915  35.718  -3.306 0.0000000000
103736  53.566  35.569  -4.062 0.0000000000
136158  54.481  35.655  -3.918 0.0000000000
133179  51.388  46.581  -11.968 0.0000000000
111642  50.829  46.566  -11.201 0.0000000000
111625  53.271  46.449  -10.574 0.0000000000
150819  53.150  46.503  -8.594 0.0000000000
111604  54.027  46.493  -9.165 0.0000000000
156246  55.662  47.977  -10.990 0.0000000000
112355  55.710  47.182  -10.835 0.0000000000
158252  55.638  47.138  -7.591 0.0000000000
111590  55.410  46.668  -7.267 0.0000000000
111591  54.881  46.457  -7.732 0.0000000000
144499  54.852  45.622  -5.920 0.0000000000
111569  55.500  46.159  -4.512 0.0000000000
110779  55.681  45.289  -4.208 0.0000000000
110773  56.033  44.401  -4.027 0.0000000000
110774  55.771  45.160  -3.429 0.0000000000
149685  52.635  53.398  -9.841 0.0000000000
115142  53.008  52.703  -10.773 0.0000000000
115878  52.282  53.454  -8.743 0.0000000000
115116  52.272  52.315  -6.214 0.0000000000
114364  52.678  51.455  -6.901 0.0000000000
136683  53.194  50.726  -6.500 0.0000000000
114347  53.314  50.665  -5.398 0.0000000000
114317  51.197  50.811  -3.244 0.0000000000
115089  51.742  51.368  -3.672 0.0000000000
114316  51.999  51.104  -2.965 0.0000000000
112967  53.484  49.225  -2.036 0.0000000000
152274  53.322  50.243  -2.813 0.0000000000
113640  53.693  49.670  -3.145 0.0000000000
145361  54.223  48.786  -3.433 0.0000000000
110769  54.779  45.934  -0.721 0.0000000000
111549  54.963  46.171  -1.562 0.0000000000
110768  55.301  45.315  -1.322 0.0000000000
110023  55.762  44.645  -2.017 0.0000000000
110020  55.591  44.497  -1.075 0.0000000000
151346  55.852  43.146  -0.915 0.0000000000
110006  55.519  44.264  -0.150 0.0000000000
109986  54.679  43.750  1.644 0.0000000000
108492  54.907  43.009  1.795 0.0000000000
156122  54.108  42.572  1.807 0.0000000000
107823  54.255  41.522  1.435 0.0000000000
107817  53.583  42.012  1.589 0.0000000000
110738  51.572  45.410  -0.147 0.0000000000
109995  52.472  44.851  0.536 0.0000000000
137689  51.057  41.380  0.643 0.0000000000
145391  51.992  41.365  1.080 0.0000000000
106610  51.935  40.267  1.454 0.0000000000
105964  52.305  40.104  1.614 0.0000000000
119956  50.691  58.739  -20.018 0.0000000000
149252  49.529  59.724  -19.553 0.0000000000
119957  49.662  58.957  -20.168 0.0000000000
118686  51.816  57.380  -20.745 0.0000000000
116712  52.286  53.467  -20.456 0.0000000000
116711  52.656  53.671  -20.849 0.0000000000
115229  52.582  52.015  -21.137 0.0000000000
114501  52.721  49.561  -22.173 0.0000000000
114502  52.497  50.903  -21.303 0.0000000000
114452  48.381  50.124  -17.584 0.0000000000
115202  47.846  51.393  -18.351 0.0000000000
132516  48.218  50.663  -18.329 0.0000000000
144401  49.429  50.148  -19.788 0.0000000000
114479  49.022  50.815  -19.462 0.0000000000
115956  49.633  52.560  -19.691 0.0000000000
115216  50.207  51.952  -20.035 0.0000000000
115955  50.648  52.843  -19.917 0.0000000000
114492  50.360  50.238  -20.459 0.0000000000
111748  51.335  45.954  -20.680 0.0000000000
113119  50.863  47.729  -21.077 0.0000000000
112419  51.207  46.765  -21.345 0.0000000000
137078  51.471  45.983  -21.709 0.0000000000
110175  51.996  43.736  -22.022 0.0000000000
110168  52.192  44.265  -21.337 0.0000000000
109358  53.576  43.493  -19.220 0.0000000000
109373  53.243  43.329  -19.868 0.0000000000
108607  53.247  42.986  -19.213 0.0000000000
108608  52.577  42.788  -19.254 0.0000000000
109344  53.019  43.091  -18.572 0.0000000000
111730  54.503  46.100  -16.945 0.0000000000
110945  54.363  45.350  -17.529 0.0000000000
143101  54.609  45.558  -16.769 0.0000000000
110111  54.005  44.793  -15.564 0.0000000000
110117  53.528  44.599  -16.049 0.0000000000
110137  52.844  43.837  -17.336 0.0000000000
110118  52.750  44.365  -16.572 0.0000000000
110931  51.689  44.819  -16.417 0.0000000000
110917  52.543  44.987  -15.755 0.0000000000
111683  52.454  46.044  -13.623 0.0000000000
111698  51.537  45.997  -14.237 0.0000000000
140255  50.996  46.532  -12.637 0.0000000000
111616  50.234  46.440  -9.691 0.0000000000
111607  50.499  46.335  -8.785 0.0000000000
110802  49.904  45.164  -6.804 0.0000000000
110810  49.486  45.530  -7.540 0.0000000000
110060  49.038  44.915  -7.062 0.0000000000
110056  49.509  44.389  -6.426 0.0000000000
137245  52.152  43.347  -5.368 0.0000000000
110047  51.802  44.172  -5.459 0.0000000000
109266  51.376  43.330  -5.510 0.0000000000
139659  49.888  41.281  -6.390 0.0000000000
108551  50.115  42.861  -5.914 0.0000000000
139901  49.091  41.516  -6.499 0.0000000000
108557  48.708  42.377  -6.474 0.0000000000
107879  48.429  41.676  -6.692 0.0000000000
107891  47.909  41.280  -6.974 0.0000000000
107275  48.048  40.260  -7.132 0.0000000000
106682  47.795  38.901  -7.198 0.0000000000
106695  47.789  39.456  -7.317 0.0000000000
106043  46.563  38.159  -7.500 0.0000000000
105340  45.869  37.392  -7.547 0.0000000000
107245  53.644  40.664  -2.923 0.0000000000
152432  52.979  40.396  -3.508 0.0000000000
107253  52.036  40.169  -3.388 0.0000000000
106002  49.864  38.865  -3.380 0.0000000000
136649  51.151  39.804  -3.727 0.0000000000
106657  50.435  39.425  -4.051 0.0000000000
106660  50.510  39.622  -5.130 0.0000000000
106004  49.602  38.935  -4.337 0.0000000000
144903  50.558  35.375  -5.119 0.0000000000
103749  49.502  35.291  -5.294 0.0000000000
153130  46.766  46.459  -10.664 0.0000000000
111620  46.968  46.118  -10.040 0.0000000000
111629  47.462  46.480  -10.594 0.0000000000
111619  47.678  46.207  -9.949 0.0000000000
111618  48.364  46.132  -9.550 0.0000000000
111699  49.892  46.275  -14.480 0.0000000000
111700  49.078  46.406  -14.579 0.0000000000
111686  48.527  46.679  -13.828 0.0000000000
155690  47.881  46.815  -13.584 0.0000000000
111687  47.227  46.970  -13.236 0.0000000000
158487  46.560  47.080  -12.645 0.0000000000
111667  47.102  47.042  -12.313 0.0000000000
111645  47.106  46.802  -11.393 0.0000000000
105931  54.095  39.038  4.143 0.0000000000
105937  55.096  38.821  3.417 0.0000000000
105930  54.857  38.740  4.257 0.0000000000
105921  55.534  37.616  4.659 0.0000000000
104499  56.211  36.658  3.705 0.0000000000
157316  54.542  49.870  -13.560 0.0000000000
113711  54.673  49.317  -12.324 0.0000000000
144166  53.742  50.827  -11.558 0.0000000000
113634  48.764  48.782  -2.638 0.0000000000
112278  49.570  47.431  -1.461 0.0000000000
115163  51.971  51.709  -14.089 0.0000000000
114413  51.485  50.975  -14.553 0.0000000000
115171  52.526  51.240  -14.471 0.0000000000
114423  53.045  50.716  -14.806 0.0000000000
137106  53.561  50.150  -15.013 0.0000000000
148984  53.956  49.619  -15.111 0.0000000000
114422  53.973  50.203  -14.763 0.0000000000
114403  54.364  50.315  -13.915 0.0000000000
109261  56.078  42.953  -5.011 0.0000000000
109262  55.810  42.538  -5.391 0.0000000000
108545  56.227  42.169  -5.396 0.0000000000
107251  54.825  40.527  -4.821 0.0000000000
109301  45.778  43.809  -7.985 0.0000000000
109283  45.036  43.179  -7.903 0.0000000000
149620  44.925  40.672  -7.405 0.0000000000
107893  45.709  41.013  -7.365 0.0000000000
107277  46.518  40.408  -7.413 0.0000000000
158001  50.498  42.306  -20.785 0.0000000000
108626  49.624  42.254  -21.096 0.0000000000
109361  49.396  43.110  -19.820 0.0000000000
109362  48.363  43.025  -20.067 0.0000000000
149003  47.052  43.800  -19.099 0.0000000000
110865  42.435  46.005  -11.043 0.0000000000
110832  41.817  44.926  -9.673 0.0000000000
110079  41.732  44.271  -8.988 0.0000000000
157793  50.485  55.176  -11.166 0.0000000000
117366  50.981  55.195  -11.149 0.0000000000
118045  50.312  55.582  -10.672 0.0000000000
118026  49.442  55.900  -9.357 0.0000000000
116673  45.589  53.569  -12.356 0.0000000000
116680  45.200  53.155  -13.177 0.0000000000
116679  45.949  52.979  -12.966 0.0000000000
115906  47.318  52.836  -12.709 0.0000000000
115905  48.120  52.822  -12.605 0.0000000000
115913  48.631  52.338  -13.191 0.0000000000
116670  48.533  53.475  -12.000 0.0000000000
141793  49.345  53.553  -12.018 0.0000000000
141101  54.259  41.200  0.756 0.0000000000
153661  53.206  40.568  -0.658 0.0000000000
105985  52.063  38.632  -0.038 0.0000000000
104545  56.098  36.540  -0.382 0.0000000000
104546  54.889  36.627  -0.226 0.0000000000
103718  55.538  36.111  -2.689 0.0000000000
140391  52.904  46.244  -12.859 0.0000000000
136393  52.548  46.443  -11.967 0.0000000000
111624  54.169  46.245  -11.039 0.0000000000
111623  54.826  46.314  -10.636 0.0000000000
113035  55.303  48.545  -9.624 0.0000000000
113025  55.579  48.121  -8.784 0.0000000000
113012  55.515  47.767  -7.293 0.0000000000
112334  55.652  47.119  -6.837 0.0000000000
112328  55.595  47.081  -5.916 0.0000000000
112325  55.398  47.020  -4.900 0.0000000000
112321  55.167  46.974  -3.806 0.0000000000
115879  51.834  53.922  -7.953 0.0000000000
115131  52.048  53.097  -7.677 0.0000000000
151315  51.988  52.866  -6.882 0.0000000000
115105  52.353  51.997  -5.220 0.0000000000
113631  52.069  49.945  -1.838 0.0000000000
113630  52.769  50.087  -1.938 0.0000000000
113623  52.582  49.439  -1.617 0.0000000000
149258  53.258  48.879  -1.618 0.0000000000
112950  53.700  48.288  -1.711 0.0000000000
145306  54.112  47.512  -1.529 0.0000000000
112290  53.701  47.613  -1.199 0.0000000000
111528  54.242  46.406  -0.405 0.0000000000
110748  54.671  45.595  0.035 0.0000000000
110733  55.109  44.775  0.451 0.0000000000
110734  54.550  45.191  0.703 0.0000000000
109993  54.256  44.689  1.223 0.0000000000
109207  53.947  43.892  1.639 0.0000000000
109227  50.238  43.465  -0.211 0.0000000000
107831  50.588  42.018  0.232 0.0000000000
148301  49.771  60.277  -18.953 0.0000000000
119938  50.962  59.040  -19.248 0.0000000000
119937  51.430  58.345  -19.655 0.0000000000
138584  52.134  57.275  -19.962 0.0000000000
118681  51.794  57.112  -19.257 0.0000000000
118082  52.003  55.676  -19.434 0.0000000000
116705  51.815  54.110  -19.926 0.0000000000
118671  46.443  56.750  -17.837 0.0000000000
118670  47.241  57.255  -17.795 0.0000000000
118078  47.243  55.571  -18.475 0.0000000000
158570  47.197  54.760  -18.617 0.0000000000
113094  49.580  48.696  -17.698 0.0000000000
142352  49.053  49.192  -18.357 0.0000000000
113101  49.420  48.680  -18.684 0.0000000000
113109  49.760  48.402  -19.542 0.0000000000
113774  49.791  49.322  -20.082 0.0000000000
113108  50.328  47.665  -20.122 0.0000000000
111744  51.033  46.393  -19.967 0.0000000000
158246  52.216  44.678  -20.771 0.0000000000
110963  53.534  44.438  -19.234 0.0000000000
110153  53.924  44.100  -18.900 0.0000000000
111711  55.149  46.066  -15.481 0.0000000000
110914  54.956  45.667  -15.675 0.0000000000
110901  54.934  45.365  -14.894 0.0000000000
110902  54.648  45.226  -14.804 0.0000000000
110903  53.974  45.132  -14.918 0.0000000000
147493  52.978  45.261  -14.957 0.0000000000
110892  53.351  45.558  -14.223 0.0000000000
111682  53.593  45.876  -13.409 0.0000000000
111605  52.293  46.519  -8.758 0.0000000000
111595  50.877  46.182  -7.988 0.0000000000
110808  51.307  45.939  -7.189 0.0000000000
110801  50.825  45.418  -6.577 0.0000000000
107870  51.361  41.556  -6.025 0.0000000000
151641  50.019  40.657  -6.451 0.0000000000
136396  49.355  40.762  -6.584 0.0000000000
107274  48.807  40.211  -6.767 0.0000000000
106028  47.548  38.225  -6.730 0.0000000000
106650  50.631  39.130  -2.164 0.0000000000
106652  51.185  39.763  -2.735 0.0000000000
139050  50.102  38.809  -2.691 0.0000000000
106003  49.655  38.196  -2.743 0.0000000000
110829  44.147  45.530  -10.065 0.0000000000
110090  44.218  45.096  -9.599 0.0000000000
110089  45.017  45.006  -9.344 0.0000000000
110827  46.436  45.635  -9.538 0.0000000000
110063  46.723  44.154  -7.810 0.0000000000
151393  47.224  43.811  -7.394 0.0000000000
137305  50.328  44.653  -17.582 0.0000000000
110139  49.462  44.776  -17.812 0.0000000000
152492  47.886  45.879  -16.566 0.0000000000
111713  47.558  46.454  -15.280 0.0000000000
111668  45.835  47.004  -12.494 0.0000000000
111648  44.552  46.570  -11.678 0.0000000000
111633  44.101  46.237  -11.033 0.0000000000
142635  44.595  53.746  -12.429 0.0000000000
116663  45.162  54.351  -11.598 0.0000000000
153696  45.823  54.792  -11.086 0.0000000000
105963  53.037  39.971  1.368 0.0000000000
105984  52.768  38.827  0.710 0.0000000000
105962  53.471  39.063  1.421 0.0000000000
105276  54.315  38.551  1.842 0.0000000000
105290  54.732  37.557  1.352 0.0000000000
105259  55.352  38.282  2.765 0.0000000000
105289  55.686  37.190  1.372 0.0000000000
104538  56.143  36.712  0.541 0.0000000000
104537  56.675  36.285  -0.026 0.0000000000
111658  55.323  46.432  -12.664 0.0000000000
143419  55.113  46.329  -12.045 0.0000000000
113045  55.578  47.670  -11.681 0.0000000000
113042  55.263  48.554  -10.681 0.0000000000
113703  54.638  49.262  -11.376 0.0000000000
113689  54.548  49.232  -9.271 0.0000000000
113685  54.422  49.334  -8.332 0.0000000000
113677  54.302  49.444  -6.745 0.0000000000
115100  50.455  51.617  -5.492 0.0000000000
115099  51.317  51.960  -5.130 0.0000000000
114337  50.801  51.400  -4.655 0.0000000000
113632  51.387  49.851  -2.121 0.0000000000
113633  50.669  49.296  -2.210 0.0000000000
113625  51.412  49.291  -1.831 0.0000000000
112953  51.718  48.594  -1.440 0.0000000000
112945  52.152  48.270  -1.208 0.0000000000
133681  52.498  47.325  -0.709 0.0000000000
111524  52.671  46.568  -0.277 0.0000000000
111531  51.957  47.090  -0.703 0.0000000000
110007  50.686  45.035  -0.383 0.0000000000
141628  50.649  44.225  -0.148 0.0000000000
108512  49.412  42.616  -0.516 0.0000000000
142072  48.912  41.981  -0.736 0.0000000000
119929  50.250  58.641  -17.798 0.0000000000
115179  47.532  51.089  -16.503 0.0000000000
115191  47.345  51.531  -17.650 0.0000000000
114438  48.373  50.335  -16.581 0.0000000000
114437  49.283  49.840  -16.175 0.0000000000
113749  49.465  49.276  -16.798 0.0000000000
114425  50.965  50.199  -15.123 0.0000000000
113737  50.372  49.465  -15.865 0.0000000000
113748  50.395  48.793  -16.685 0.0000000000
113092  51.780  47.800  -17.144 0.0000000000
112399  52.250  47.131  -17.710 0.0000000000
111732  53.483  46.109  -18.067 0.0000000000
112398  53.403  46.815  -17.471 0.0000000000
112397  54.189  46.752  -16.947 0.0000000000
112387  54.778  46.999  -16.130 0.0000000000
113074  54.173  48.778  -15.414 0.0000000000
113073  54.743  48.304  -15.209 0.0000000000
112379  55.239  46.650  -15.246 0.0000000000
145695  55.377  46.667  -14.572 0.0000000000
156164  55.398  46.763  -13.959 0.0000000000
110798  53.971  45.689  -6.206 0.0000000000
110788  53.394  44.992  -5.537 0.0000000000
109265  52.819  42.834  -5.378 0.0000000000
108547  54.861  41.666  -5.932 0.0000000000
158646  54.013  41.503  -5.983 0.0000000000
108548  53.114  41.859  -5.720 0.0000000000
107869  52.364  41.295  -6.014 0.0000000000
107258  51.674  40.619  -6.027 0.0000000000
106668  51.094  40.135  -5.925 0.0000000000
103738  51.669  35.519  -4.032 0.0000000000
103729  50.612  35.704  -3.384 0.0000000000
146940  51.349  35.437  -4.857 0.0000000000
109284  43.673  43.231  -8.124 0.0000000000
108571  43.401  42.517  -7.817 0.0000000000
106685  43.586  39.438  -7.424 0.0000000000
107278  44.867  39.951  -7.452 0.0000000000
106046  44.300  37.914  -7.826 0.0000000000
108627  48.494  42.178  -21.307 0.0000000000
140047  47.750  42.113  -21.581 0.0000000000
110140  48.433  44.769  -18.057 0.0000000000
110141  47.233  44.640  -18.322 0.0000000000
115902  53.025  53.272  -12.616 0.0000000000
115901  53.312  52.965  -12.403 0.0000000000
115899  52.750  54.130  -11.426 0.0000000000
116655  52.352  54.643  -10.434 0.0000000000
116646  52.367  54.346  -9.512 0.0000000000
118024  51.090  55.770  -9.749 0.0000000000
117336  51.523  55.525  -9.393 0.0000000000
116628  51.589  54.650  -8.253 0.0000000000
116621  51.315  54.048  -7.683 0.0000000000
115118  51.090  53.333  -6.991 0.0000000000
115108  50.071  51.856  -6.315 0.0000000000
114349  49.515  51.082  -5.839 0.0000000000
114339  49.022  50.425  -5.236 0.0000000000
113653  48.574  49.878  -4.624 0.0000000000
119919  46.009  58.213  -16.913 0.0000000000
119270  44.770  56.947  -16.977 0.0000000000
119269  45.606  57.114  -17.347 0.0000000000
117416  45.994  54.044  -17.990 0.0000000000
115942  46.432  52.406  -17.304 0.0000000000
115927  45.642  52.506  -14.661 0.0000000000
115939  45.651  52.721  -16.337 0.0000000000
115938  46.276  52.196  -16.455 0.0000000000
115937  46.848  51.791  -17.022 0.0000000000
132259  47.833  51.111  -15.362 0.0000000000
115172  48.875  50.816  -14.950 0.0000000000
115165  49.665  51.323  -14.230 0.0000000000
115912  49.698  52.492  -13.100 0.0000000000
115923  50.315  52.014  -13.662 0.0000000000
142674  51.822  52.709  -13.324 0.0000000000
115910  52.404  52.842  -13.220 0.0000000000
107841  56.033  42.333  -2.247 0.0000000000
107851  55.967  41.540  -3.185 0.0000000000
143335  55.675  41.777  -2.289 0.0000000000
107853  54.367  41.148  -2.147 0.0000000000
107246  52.699  40.437  -2.512 0.0000000000
107238  52.538  40.320  -1.399 0.0000000000
106649  51.270  39.621  -1.911 0.0000000000
105998  50.719  38.411  -1.503 0.0000000000
105309  50.485  37.553  -1.719 0.0000000000
104562  51.194  36.164  -2.169 0.0000000000
105305  52.446  37.834  0.068 0.0000000000
104548  52.259  37.096  -0.545 0.0000000000
134088  53.861  36.709  -0.304 0.0000000000
104554  52.051  36.632  -1.216 0.0000000000
103721  52.163  35.891  -2.418 0.0000000000
103737  52.709  35.519  -4.278 0.0000000000
111643  49.919  46.552  -11.131 0.0000000000
157091  51.348  46.566  -10.337 0.0000000000
111626  52.466  46.542  -10.964 0.0000000000
133003  52.381  46.569  -10.194 0.0000000000
111615  51.886  46.548  -9.503 0.0000000000
111593  52.991  46.312  -7.682 0.0000000000
111581  54.049  46.137  -7.209 0.0000000000
111637  55.254  46.530  -11.167 0.0000000000
111622  55.342  46.679  -10.253 0.0000000000
111612  54.834  46.443  -9.716 0.0000000000
112347  55.720  47.347  -8.976 0.0000000000
111611  55.344  46.811  -9.319 0.0000000000
111603  54.844  46.554  -8.745 0.0000000000
110786  55.099  45.223  -5.359 0.0000000000
136600  55.405  44.516  -4.926 0.0000000000
110785  55.417  45.442  -5.008 0.0000000000
110035  55.862  43.863  -4.683 0.0000000000
110034  56.339  43.331  -4.343 0.0000000000
109249  56.465  43.125  -3.637 0.0000000000
109244  56.288  43.341  -2.706 0.0000000000
115143  52.881  51.517  -10.256 0.0000000000
115140  52.268  52.252  -8.412 0.0000000000
114379  52.540  51.322  -9.179 0.0000000000
114363  53.099  50.594  -7.578 0.0000000000
140088  53.684  50.010  -7.114 0.0000000000
113678  53.912  49.746  -5.712 0.0000000000
115097  52.348  51.675  -4.548 0.0000000000
114336  52.793  51.423  -4.798 0.0000000000
114309  52.930  50.538  -2.548 0.0000000000
114323  53.088  50.830  -3.307 0.0000000000
114335  53.204  50.856  -4.242 0.0000000000
113665  53.673  50.066  -4.689 0.0000000000
113664  54.268  49.284  -5.155 0.0000000000
112996  54.580  48.641  -4.655 0.0000000000
111562  54.614  46.947  -1.846 0.0000000000
111561  55.098  46.334  -2.353 0.0000000000
110022  56.096  44.060  -2.583 0.0000000000
108531  56.227  42.694  -2.449 0.0000000000
108525  55.929  42.707  -1.539 0.0000000000
148280  55.695  42.659  -0.421 0.0000000000
107830  55.395  42.221  0.529 0.0000000000
109991  55.452  43.907  0.711 0.0000000000
108501  55.222  42.564  1.396 0.0000000000
107822  54.902  41.773  1.155 0.0000000000
110736  53.265  45.592  0.469 0.0000000000
109994  53.505  44.718  1.123 0.0000000000
109216  52.934  43.793  1.237 0.0000000000
108503  51.973  43.031  0.830 0.0000000000
108502  52.904  42.784  1.402 0.0000000000
150342  52.876  41.378  1.295 0.0000000000
105939  53.371  39.510  2.673 0.0000000000
141717  53.544  39.286  3.443 0.0000000000
117437  52.674  54.554  -21.285 0.0000000000
118685  52.420  56.611  -20.384 0.0000000000
117433  52.644  54.266  -20.840 0.0000000000
115978  53.066  52.897  -21.766 0.0000000000
115243  52.964  51.566  -21.705 0.0000000000
112439  52.057  47.000  -22.936 0.0000000000
119265  49.574  58.488  -17.536 0.0000000000
115946  47.558  52.176  -18.482 0.0000000000
159162  48.575  50.554  -18.924 0.0000000000
118084  50.255  55.712  -18.985 0.0000000000
149005  50.939  54.247  -19.549 0.0000000000
115954  51.588  53.160  -20.167 0.0000000000
115230  51.897  51.619  -20.767 0.0000000000
113785  50.495  49.370  -20.629 0.0000000000
143048  51.131  49.838  -20.879 0.0000000000
144163  51.965  49.959  -21.271 0.0000000000
113128  51.795  48.310  -21.753 0.0000000000
154550  52.136  47.799  -22.444 0.0000000000
110986  51.666  45.550  -22.992 0.0000000000
110977  51.701  44.519  -22.563 0.0000000000
145290  51.843  42.451  -21.677 0.0000000000
110167  52.852  43.595  -20.435 0.0000000000
108624  52.127  42.392  -20.843 0.0000000000
152254  51.272  42.255  -20.806 0.0000000000
154525  51.022  42.520  -20.113 0.0000000000
109345  51.644  42.883  -19.209 0.0000000000
109346  50.875  43.540  -18.695 0.0000000000
111736  53.870  45.501  -18.225 0.0000000000
110957  54.079  44.720  -18.406 0.0000000000
109343  54.047  43.834  -18.032 0.0000000000
110126  54.229  44.517  -16.850 0.0000000000
109333  54.032  44.048  -17.431 0.0000000000
109334  53.512  43.616  -17.828 0.0000000000
109335  52.689  43.401  -18.067 0.0000000000
142287  52.137  43.737  -17.713 0.0000000000
110138  51.202  44.092  -17.831 0.0000000000
110128  50.945  44.738  -17.037 0.0000000000
135514  50.640  45.300  -16.354 0.0000000000
110905  50.697  45.929  -14.887 0.0000000000
135417  51.916  45.554  -15.007 0.0000000000
136267  50.493  46.313  -14.001 0.0000000000
141720  50.162  46.619  -13.060 0.0000000000
111627  49.602  46.440  -10.352 0.0000000000
111617  49.264  46.302  -9.593 0.0000000000
111609  48.911  46.044  -8.970 0.0000000000
111596  49.969  46.024  -8.109 0.0000000000
110814  49.128  45.824  -8.294 0.0000000000
110061  48.237  44.652  -7.364 0.0000000000
109281  47.855  43.935  -7.088 0.0000000000
109272  47.462  43.203  -7.053 0.0000000000
110789  52.339  44.896  -5.650 0.0000000000
110054  51.400  44.971  -5.910 0.0000000000
108550  50.964  42.533  -5.741 0.0000000000
109269  50.071  43.851  -5.906 0.0000000000
109271  48.255  43.226  -6.673 0.0000000000
107276  47.265  40.816  -7.253 0.0000000000
156121  46.459  38.755  -7.651 0.0000000000
106044  45.912  38.189  -7.656 0.0000000000
107861  55.595  40.976  -4.033 0.0000000000
152315  52.814  40.259  -4.555 0.0000000000
106656  51.825  40.047  -4.508 0.0000000000
106655  52.353  40.250  -5.286 0.0000000000
106659  51.507  40.014  -5.306 0.0000000000
106007  49.581  39.315  -5.302 0.0000000000
136762  49.723  35.785  -3.543 0.0000000000
105315  48.762  37.293  -3.410 0.0000000000
104573  48.493  35.858  -4.275 0.0000000000
135886  48.233  37.063  -4.000 0.0000000000
106018  48.849  38.954  -5.544 0.0000000000
103684  55.972  36.210  4.205 0.0000000000
103691  56.172  35.637  2.920 0.0000000000
102931  56.387  35.209  1.546 0.0000000000
103700  56.676  35.527  1.547 0.0000000000
102930  56.783  35.208  0.937 0.0000000000
103690  56.334  36.027  3.320 0.0000000000
104536  57.099  35.881  -0.627 0.0000000000
104561  52.678  36.174  -1.757 0.0000000000
104563  49.780  36.677  -2.564 0.0000000000
104566  50.487  36.079  -2.609 0.0000000000
104571  48.808  36.219  -3.607 0.0000000000
105236  55.229  37.334  5.307 0.0000000000
105247  55.907  37.442  3.957 0.0000000000
105313  49.292  37.391  -2.820 0.0000000000
105929  55.422  38.187  4.111 0.0000000000
106008  48.766  38.102  -4.141 0.0000000000
106669  50.139  39.770  -5.891 0.0000000000
107852  55.314  41.319  -2.777 0.0000000000
107866  56.158  41.427  -5.616 0.0000000000
107867  55.389  41.128  -6.016 0.0000000000
108504  50.908  42.818  0.290 0.0000000000
108537  56.472  42.604  -3.378 0.0000000000
108544  56.537  42.564  -4.234 0.0000000000
108556  49.556  42.189  -6.214 0.0000000000
108612  51.967  42.490  -20.018 0.0000000000
108613  50.012  42.637  -20.342 0.0000000000
108614  48.982  42.609  -20.569 0.0000000000
108616  46.650  42.489  -20.746 0.0000000000
108629  46.231  42.473  -21.038 0.0000000000
108635  49.392  41.888  -21.927 0.0000000000
108636  48.313  41.900  -21.977 0.0000000000
108646  49.702  42.107  -22.806 0.0000000000
109206  54.380  43.084  1.860 0.0000000000
109215  55.220  43.434  1.392 0.0000000000
109226  55.709  43.447  -0.096 0.0000000000
109240  55.813  43.744  -0.931 0.0000000000
109263  55.190  42.583  -5.515 0.0000000000
109267  50.649  43.369  -5.690 0.0000000000
109332  54.252  44.321  -17.535 0.0000000000
109349  47.718  43.418  -19.560 0.0000000000
109359  53.194  43.066  -19.736 0.0000000000
109374  52.772  42.959  -20.479 0.0000000000
109380  52.244  42.761  -21.278 0.0000000000
109996  51.428  44.520  0.129 0.0000000000
110019  55.975  43.916  -1.819 0.0000000000
110028  55.964  44.598  -2.993 0.0000000000
110110  54.382  44.992  -15.374 0.0000000000
110116  54.234  44.697  -16.044 0.0000000000
110152  54.180  44.188  -18.212 0.0000000000
110163  53.416  43.824  -19.612 0.0000000000
110749  51.574  46.382  -0.499 0.0000000000
110799  52.695  45.494  -6.135 0.0000000000
110900  55.109  45.612  -15.110 0.0000000000
110915  54.806  45.348  -15.526 0.0000000000
110930  54.718  45.398  -16.194 0.0000000000
110933  48.691  45.666  -16.714 0.0000000000
110965  52.119  45.124  -20.347 0.0000000000
111566  54.873  46.977  -2.745 0.0000000000
111594  51.920  46.334  -7.923 0.0000000000
111606  51.391  46.431  -8.723 0.0000000000
111679  55.350  46.099  -14.033 0.0000000000
111697  55.336  46.020  -14.821 0.0000000000
112311  54.325  47.718  -2.160 0.0000000000
112366  55.409  46.585  -13.349 0.0000000000
112380  54.949  47.315  -15.599 0.0000000000
112386  55.019  46.618  -15.774 0.0000000000
112388  54.340  47.321  -16.389 0.0000000000
112396  54.571  46.662  -16.545 0.0000000000
112406  51.610  46.792  -18.492 0.0000000000
112414  50.575  46.988  -19.701 0.0000000000
112420  50.774  46.876  -20.498 0.0000000000
112429  51.693  46.846  -22.179 0.0000000000
112947  50.212  47.901  -1.507 0.0000000000
112951  52.906  48.899  -1.487 0.0000000000
113034  55.745  47.861  -9.492 0.0000000000
113062  55.293  47.435  -14.311 0.0000000000
113063  55.071  48.129  -14.667 0.0000000000
113082  53.288  48.105  -16.436 0.0000000000
113084  51.439  48.497  -16.592 0.0000000000
113136  52.500  48.391  -22.789 0.0000000000
113622  53.067  49.485  -1.726 0.0000000000
113624  51.979  49.174  -1.557 0.0000000000
113757  48.686  49.919  -18.472 0.0000000000
113784  51.198  48.993  -21.193 0.0000000000
113794  52.230  49.271  -21.720 0.0000000000
113802  52.691  49.018  -22.729 0.0000000000
114310  52.389  50.607  -2.407 0.0000000000
114312  50.895  50.042  -2.636 0.0000000000
114315  52.601  51.070  -3.048 0.0000000000
114319  49.633  49.958  -3.630 0.0000000000
114325  52.252  51.369  -3.508 0.0000000000
114395  54.391  50.290  -13.173 0.0000000000
114410  54.336  49.915  -14.453 0.0000000000
114411  53.987  50.749  -14.303 0.0000000000
114451  48.794  49.770  -16.948 0.0000000000
114465  48.903  50.143  -19.190 0.0000000000
114491  51.527  50.643  -20.841 0.0000000000
115092  52.117  51.616  -4.110 0.0000000000
115093  51.552  51.643  -4.383 0.0000000000
115098  51.967  52.019  -4.768 0.0000000000
115146  53.423  52.448  -11.918 0.0000000000
115180  46.935  51.623  -16.156 0.0000000000
115217  49.252  51.663  -19.649 0.0000000000
115218  48.455  51.327  -19.049 0.0000000000
115898  53.138  53.356  -11.593 0.0000000000
115909  52.914  52.800  -13.124 0.0000000000
115914  47.663  52.350  -13.277 0.0000000000
115920  52.772  52.404  -13.535 0.0000000000
115922  51.413  52.173  -13.658 0.0000000000
115964  52.881  53.213  -21.334 0.0000000000
115965  52.647  52.910  -20.949 0.0000000000
115967  51.242  52.257  -20.342 0.0000000000
116629  50.945  54.773  -8.103 0.0000000000
116658  53.080  53.616  -12.098 0.0000000000
116666  52.729  53.971  -12.139 0.0000000000
116677  52.519  53.481  -12.677 0.0000000000
116693  45.893  52.813  -17.086 0.0000000000
116706  51.062  53.578  -19.789 0.0000000000
116716  52.848  53.860  -21.319 0.0000000000
117319  51.931  55.022  -8.921 0.0000000000
117335  52.051  55.085  -9.665 0.0000000000
117364  52.272  54.736  -11.140 0.0000000000
117367  49.860  54.970  -11.230 0.0000000000
117384  52.201  54.420  -11.807 0.0000000000
117385  51.465  54.587  -11.741 0.0000000000
117426  52.236  54.961  -19.895 0.0000000000
117434  52.407  54.263  -20.391 0.0000000000
117440  52.852  54.012  -22.039 0.0000000000
118025  50.297  56.003  -9.468 0.0000000000
118034  51.083  55.560  -10.485 0.0000000000
118036  49.801  55.942  -9.969 0.0000000000
118037  48.863  55.717  -9.832 0.0000000000
118075  50.821  56.415  -18.771 0.0000000000
118079  46.400  55.801  -18.187 0.0000000000
118086  52.563  54.987  -20.566 0.0000000000
118089  52.605  55.242  -21.200 0.0000000000
118675  51.199  57.100  -18.709 0.0000000000
118690  52.168  56.555  -21.219 0.0000000000
119272  51.481  57.787  -18.974 0.0000000000
119274  50.032  57.832  -17.970 0.0000000000
119278  51.753  57.694  -19.611 0.0000000000
119280  51.778  57.856  -20.144 0.0000000000
119939  50.236  59.389  -19.470 0.0000000000
120612  50.550  59.650  -18.781 0.0000000000
132352  51.810  36.276  -1.782 0.0000000000
132459  55.879  35.285  2.441 0.0000000000
133870  48.367  46.407  -14.976 0.0000000000
134650  50.430  42.106  -21.436 0.0000000000
135320  51.127  40.567  -6.176 0.0000000000
135357  55.988  41.976  -2.491 0.0000000000
135580  54.523  44.901  -16.966 0.0000000000
135698  56.005  35.787  3.732 0.0000000000
139066  52.945  50.520  -22.037 0.0000000000
140224  50.100  54.320  -19.392 0.0000000000
141019  49.084  46.742  -13.032 0.0000000000
141344  51.708  46.171  -22.595 0.0000000000
144231  52.176  56.461  -19.620 0.0000000000
144371  56.521  35.816  2.379 0.0000000000
146142  54.519  44.995  -16.153 0.0000000000
146608  50.623  35.268  -6.044 0.0000000000
147518  46.873  43.169  -19.676 0.0000000000
149917  45.055  55.519  -17.549 0.0000000000
150999  52.418  43.051  -18.678 0.0000000000
151237  48.947  49.739  -3.998 0.0000000000
151590  49.757  43.037  -0.387 0.0000000000
152635  53.763  49.243  -2.642 0.0000000000
152959  49.972  45.556  -16.275 0.0000000000
153004  52.580  50.048  -21.690 0.0000000000
153094  54.230  49.519  -7.573 0.0000000000
153252  55.507  36.341  4.899 0.0000000000
153704  48.404  46.548  -14.427 0.0000000000
154842  55.259  46.079  -13.345 0.0000000000
155010  53.004  53.429  -21.725 0.0000000000
155958  56.270  41.337  -5.132 0.0000000000
156452  53.157  51.307  -14.383 0.0000000000
156632  50.429  59.538  -18.250 0.0000000000
157025  54.638  39.104  3.747 0.0000000000
157078  52.964  40.337  -5.333 0.0000000000
157092  53.942  43.799  -18.607 0.0000000000
157753  52.037  45.277  -6.009 0.0000000000
158201  56.357  35.498  2.144 0.0000000000
158377  53.476  49.732  -2.482 0.0000000000
159172  51.461  55.596  -9.768 0.0000000000
159240  47.347  51.322  -15.870 0.0000000000
