#!ascii label  , from subject ICBM2009cNolinAsym vox2ras=TkReg
951
54425  31.377  -12.520  54.466 0.0000000000
73204  49.919  4.022  29.140 0.0000000000
75568  58.620  5.813  25.284 0.0000000000
67525  49.985  -0.180  40.081 0.0000000000
54499  36.664  -12.504  48.461 0.0000000000
51326  35.487  -15.424  52.346 0.0000000000
74363  55.381  5.704  28.250 0.0000000000
74290  54.645  4.793  33.292 0.0000000000
65571  46.510  -3.219  43.365 0.0000000000
56682  41.252  -10.593  47.719 0.0000000000
81175  62.295  10.906  16.307 0.0000000000
80031  57.732  10.186  23.101 0.0000000000
69774  45.930  1.322  37.305 0.0000000000
75412  49.965  5.593  36.359 0.0000000000
55533  34.561  -11.664  51.489 0.0000000000
52414  33.355  -14.441  53.953 0.0000000000
73211  52.094  4.852  28.762 0.0000000000
146288  54.844  5.741  30.912 0.0000000000
75480  52.945  6.411  31.808 0.0000000000
58772  47.948  -8.201  43.090 0.0000000000
52454  38.485  -14.171  49.891 0.0000000000
56670  39.256  -11.429  48.100 0.0000000000
52459  40.527  -14.011  48.146 0.0000000000
82266  61.044  12.143  17.376 0.0000000000
77892  61.795  9.302  17.723 0.0000000000
81150  60.680  11.197  19.242 0.0000000000
157602  55.965  7.027  24.972 0.0000000000
77857  54.697  8.513  22.440 0.0000000000
151873  58.091  8.523  24.474 0.0000000000
148717  59.056  8.217  23.000 0.0000000000
137671  58.767  5.358  23.612 0.0000000000
153770  48.136  -1.734  41.959 0.0000000000
68646  46.347  -0.261  41.203 0.0000000000
70816  48.240  1.488  40.383 0.0000000000
72008  47.329  3.320  36.796 0.0000000000
71960  49.780  2.981  38.726 0.0000000000
71990  51.677  4.003  36.630 0.0000000000
68674  51.452  0.628  38.411 0.0000000000
53484  36.551  -13.608  51.176 0.0000000000
73244  54.379  4.788  25.346 0.0000000000
75554  57.121  5.981  26.686 0.0000000000
74353  57.037  4.991  29.018 0.0000000000
72063  56.346  3.422  31.231 0.0000000000
62455  44.095  -6.677  45.898 0.0000000000
62475  46.576  -5.887  44.688 0.0000000000
63578  48.119  -5.019  42.804 0.0000000000
63596  50.214  -3.997  39.917 0.0000000000
150698  51.583  -3.027  38.163 0.0000000000
61303  41.275  -7.122  46.523 0.0000000000
56694  42.942  -9.873  46.159 0.0000000000
77930  62.569  8.836  14.307 0.0000000000
80053  57.489  10.952  20.422 0.0000000000
78955  59.958  9.666  21.155 0.0000000000
76803  58.739  7.566  19.917 0.0000000000
74313  49.603  5.160  32.531 0.0000000000
75421  52.461  5.464  34.889 0.0000000000
72021  53.553  3.331  35.320 0.0000000000
52404  30.996  -13.900  54.955 0.0000000000
54424  32.148  -12.782  54.232 0.0000000000
52415  32.487  -14.515  54.268 0.0000000000
132572  51.280  4.745  29.158 0.0000000000
74344  52.443  5.851  30.300 0.0000000000
74346  50.976  5.258  30.810 0.0000000000
53489  39.549  -13.931  49.032 0.0000000000
146034  59.489  11.615  17.047 0.0000000000
81159  60.733  11.583  18.663 0.0000000000
81161  59.152  11.500  18.515 0.0000000000
76738  57.217  7.063  25.357 0.0000000000
76747  56.930  8.064  25.082 0.0000000000
76736  58.313  6.710  24.940 0.0000000000
76754  58.648  6.958  24.197 0.0000000000
146292  49.036  -0.911  40.982 0.0000000000
138142  48.240  -0.176  41.329 0.0000000000
156591  49.290  0.860  40.373 0.0000000000
71948  49.154  2.652  39.451 0.0000000000
69759  50.158  1.139  39.527 0.0000000000
156906  50.651  1.777  38.657 0.0000000000
67540  51.071  -0.301  39.086 0.0000000000
54457  35.726  -12.657  51.461 0.0000000000
52436  36.061  -14.736  51.987 0.0000000000
51333  37.102  -15.224  50.673 0.0000000000
156117  53.719  4.572  27.327 0.0000000000
73238  53.703  4.325  25.735 0.0000000000
74382  55.091  5.107  26.817 0.0000000000
74381  55.812  5.550  26.544 0.0000000000
75544  56.085  5.741  27.939 0.0000000000
75529  57.013  5.673  28.208 0.0000000000
75530  56.406  5.792  28.568 0.0000000000
152553  54.737  5.601  31.915 0.0000000000
74331  55.564  4.935  31.257 0.0000000000
143688  55.323  4.474  32.474 0.0000000000
70908  55.902  2.256  32.084 0.0000000000
72031  55.177  2.876  33.394 0.0000000000
138716  45.522  -7.840  45.663 0.0000000000
142088  45.639  -6.343  45.281 0.0000000000
60036  46.256  -7.178  45.038 0.0000000000
61342  48.284  -6.700  42.798 0.0000000000
136933  49.174  -4.194  41.155 0.0000000000
57675  40.100  -10.508  47.988 0.0000000000
58726  39.948  -8.792  47.619 0.0000000000
60001  41.320  -8.484  47.151 0.0000000000
59999  42.619  -8.201  46.554 0.0000000000
138819  42.262  -10.209  46.684 0.0000000000
140932  61.998  12.502  15.481 0.0000000000
143520  62.658  10.125  15.021 0.0000000000
76809  61.206  8.474  18.075 0.0000000000
78948  55.897  9.565  22.444 0.0000000000
78958  54.840  9.219  21.119 0.0000000000
80046  56.418  10.273  21.335 0.0000000000
80068  55.962  10.122  19.785 0.0000000000
80045  58.082  11.049  21.588 0.0000000000
81129  58.955  11.152  21.431 0.0000000000
145160  58.994  10.398  22.481 0.0000000000
75620  58.342  7.117  21.480 0.0000000000
76772  58.991  7.609  21.684 0.0000000000
64603  45.522  -3.693  43.937 0.0000000000
65592  45.709  -2.351  42.112 0.0000000000
68675  45.904  0.255  38.981 0.0000000000
66544  45.622  -1.323  38.961 0.0000000000
74254  48.513  4.585  37.083 0.0000000000
73133  47.001  3.579  35.183 0.0000000000
74282  47.770  4.702  34.723 0.0000000000
73161  48.135  4.787  33.256 0.0000000000
155147  49.575  5.672  34.151 0.0000000000
75433  50.990  6.154  34.317 0.0000000000
75422  51.241  5.679  35.653 0.0000000000
70869  51.648  2.323  36.888 0.0000000000
70867  52.778  3.533  35.887 0.0000000000
69788  52.594  2.321  35.805 0.0000000000
69798  53.815  1.537  34.669 0.0000000000
54433  34.289  -12.909  53.132 0.0000000000
51318  34.280  -15.287  53.307 0.0000000000
48878  34.486  -16.936  52.679 0.0000000000
51319  33.535  -15.670  53.625 0.0000000000
74365  53.683  5.413  28.826 0.0000000000
152142  55.421  5.882  29.447 0.0000000000
75517  54.114  6.055  30.088 0.0000000000
142818  53.776  6.390  31.583 0.0000000000
76634  53.760  6.106  32.882 0.0000000000
54485  38.141  -12.939  49.257 0.0000000000
55577  38.153  -12.045  48.053 0.0000000000
54484  38.936  -13.050  49.078 0.0000000000
54482  39.875  -12.827  48.362 0.0000000000
55555  41.252  -11.887  47.717 0.0000000000
55574  42.084  -11.759  47.051 0.0000000000
52466  41.774  -13.781  47.076 0.0000000000
82264  61.729  11.728  16.775 0.0000000000
80090  62.242  10.045  16.730 0.0000000000
140705  61.479  10.878  17.860 0.0000000000
80064  61.290  10.318  18.699 0.0000000000
140902  60.862  9.542  19.388 0.0000000000
75602  54.279  6.750  23.676 0.0000000000
76755  55.527  8.062  24.178 0.0000000000
77849  56.687  9.171  24.196 0.0000000000
78940  57.995  9.737  23.745 0.0000000000
78938  59.021  9.436  23.049 0.0000000000
77848  58.595  8.868  23.841 0.0000000000
75607  58.641  6.469  23.155 0.0000000000
66517  47.196  -1.928  42.428 0.0000000000
152592  46.769  -1.626  42.366 0.0000000000
68631  47.313  -0.650  41.897 0.0000000000
68656  46.979  0.787  40.864 0.0000000000
70840  46.748  1.724  38.958 0.0000000000
145117  46.783  2.384  37.457 0.0000000000
73089  47.934  3.094  38.700 0.0000000000
73088  48.777  3.926  38.156 0.0000000000
74239  49.614  4.322  37.681 0.0000000000
74250  50.712  4.713  36.835 0.0000000000
71974  50.594  2.990  37.989 0.0000000000
70858  51.254  2.272  37.556 0.0000000000
67558  51.761  0.817  37.146 0.0000000000
55562  34.537  -11.545  49.928 0.0000000000
54487  36.009  -12.479  50.260 0.0000000000
54486  37.051  -12.928  49.793 0.0000000000
53491  37.884  -14.015  50.299 0.0000000000
50175  37.785  -15.653  49.728 0.0000000000
74398  55.463  5.793  25.233 0.0000000000
145293  56.904  6.397  25.766 0.0000000000
75553  57.729  5.735  26.491 0.0000000000
74371  58.225  5.016  26.830 0.0000000000
73209  57.979  4.568  28.000 0.0000000000
72085  57.717  3.486  28.961 0.0000000000
75497  55.663  5.468  30.175 0.0000000000
74329  56.792  4.243  30.149 0.0000000000
62478  43.061  -5.946  45.557 0.0000000000
63563  44.423  -5.229  45.166 0.0000000000
63561  45.644  -4.866  44.980 0.0000000000
64592  46.308  -4.277  44.277 0.0000000000
60073  47.338  -7.124  44.083 0.0000000000
62485  47.503  -5.737  43.801 0.0000000000
64599  47.093  -3.491  43.322 0.0000000000
64607  48.022  -3.149  42.487 0.0000000000
65584  48.968  -2.182  41.271 0.0000000000
153443  50.428  -2.313  39.760 0.0000000000
66532  50.901  -1.734  39.191 0.0000000000
147179  51.011  -3.495  38.759 0.0000000000
61301  42.748  -6.838  46.265 0.0000000000
58723  44.034  -8.205  46.100 0.0000000000
145573  44.952  -9.501  45.434 0.0000000000
155954  42.541  -11.812  46.497 0.0000000000
55612  44.045  -11.517  44.964 0.0000000000
79039  63.001  9.657  12.656 0.0000000000
81162  58.246  11.180  18.902 0.0000000000
144762  59.015  11.468  20.263 0.0000000000
81137  60.183  10.685  20.474 0.0000000000
76784  60.460  8.854  19.833 0.0000000000
77854  59.686  9.478  21.812 0.0000000000
76786  59.688  8.209  20.839 0.0000000000
75643  59.848  7.844  18.808 0.0000000000
147564  45.658  -1.777  40.660 0.0000000000
72064  47.947  3.914  31.252 0.0000000000
73196  49.724  4.472  30.831 0.0000000000
74311  51.216  5.848  32.059 0.0000000000
132373  52.460  6.297  33.550 0.0000000000
75419  53.359  5.311  34.247 0.0000000000
74260  51.633  4.910  35.990 0.0000000000
73131  53.222  4.470  35.081 0.0000000000
73147  54.333  3.964  34.180 0.0000000000
70891  54.741  2.210  33.851 0.0000000000
66543  51.733  -1.655  38.347 0.0000000000
146381  52.130  -0.798  37.288 0.0000000000
53460  30.848  -13.072  54.954 0.0000000000
53459  31.560  -13.349  54.593 0.0000000000
73212  50.658  4.231  28.737 0.0000000000
73202  51.123  5.048  29.994 0.0000000000
73203  50.536  4.492  29.569 0.0000000000
81169  59.790  11.738  17.808 0.0000000000
80074  58.233  11.032  17.914 0.0000000000
75569  58.145  5.983  25.739 0.0000000000
76737  57.748  6.872  25.300 0.0000000000
75586  58.774  5.952  24.659 0.0000000000
74387  59.015  5.219  25.101 0.0000000000
67526  49.548  -0.433  40.468 0.0000000000
67517  48.970  -0.139  40.823 0.0000000000
68643  49.493  0.319  40.356 0.0000000000
68655  49.642  1.012  40.041 0.0000000000
68654  50.095  0.376  39.851 0.0000000000
133559  50.624  0.390  39.359 0.0000000000
67533  50.522  -0.408  39.605 0.0000000000
52424  35.382  -14.681  52.573 0.0000000000
155426  35.718  -14.164  52.280 0.0000000000
50170  35.571  -16.226  52.089 0.0000000000
73219  54.285  4.775  27.131 0.0000000000
74374  54.817  5.298  27.685 0.0000000000
74373  55.635  5.542  27.397 0.0000000000
75531  55.784  5.922  28.820 0.0000000000
75442  54.520  5.276  32.915 0.0000000000
75457  54.848  5.312  32.242 0.0000000000
74289  54.964  4.878  32.664 0.0000000000
73159  55.484  3.916  32.623 0.0000000000
73160  55.112  4.359  33.027 0.0000000000
57697  45.623  -8.333  45.627 0.0000000000
58738  46.003  -7.852  45.369 0.0000000000
57709  46.271  -8.552  45.072 0.0000000000
57674  40.668  -10.490  47.943 0.0000000000
57684  39.928  -9.882  48.009 0.0000000000
57683  40.480  -9.831  47.945 0.0000000000
58725  40.682  -8.467  47.434 0.0000000000
57682  41.054  -9.825  47.719 0.0000000000
57681  41.569  -9.767  47.252 0.0000000000
137504  41.761  -10.419  47.232 0.0000000000
82272  62.328  11.652  15.671 0.0000000000
82282  62.273  12.267  15.184 0.0000000000
80100  62.518  11.079  15.645 0.0000000000
80099  62.690  10.886  15.121 0.0000000000
79010  62.491  10.209  15.869 0.0000000000
78947  56.760  9.974  22.852 0.0000000000
78956  56.334  10.078  22.070 0.0000000000
80039  57.231  10.524  22.152 0.0000000000
80037  58.982  10.871  22.048 0.0000000000
80038  58.356  10.610  22.513 0.0000000000
75621  57.703  6.588  21.378 0.0000000000
65572  46.151  -3.288  43.528 0.0000000000
65580  45.759  -3.129  43.280 0.0000000000
65579  46.072  -2.736  42.903 0.0000000000
68681  45.872  0.574  38.093 0.0000000000
68686  45.694  0.515  37.028 0.0000000000
74262  48.873  5.023  36.744 0.0000000000
74272  48.040  4.869  35.554 0.0000000000
74271  48.842  5.400  35.571 0.0000000000
74280  49.211  5.622  34.820 0.0000000000
74270  49.651  5.786  35.667 0.0000000000
75423  50.516  5.882  35.744 0.0000000000
75411  50.642  5.508  36.277 0.0000000000
69778  51.939  2.204  36.277 0.0000000000
69789  51.976  1.737  35.769 0.0000000000
69799  52.812  1.707  35.269 0.0000000000
54423  32.940  -13.081  54.037 0.0000000000
55504  33.239  -11.839  53.152 0.0000000000
53468  33.670  -13.577  53.642 0.0000000000
53467  34.525  -13.760  53.164 0.0000000000
52426  34.055  -14.438  53.493 0.0000000000
139469  33.667  -15.018  53.725 0.0000000000
137158  51.407  4.375  28.354 0.0000000000
73222  51.469  3.969  27.523 0.0000000000
132339  52.193  4.429  27.960 0.0000000000
73210  52.950  4.887  28.363 0.0000000000
74366  52.828  5.335  29.150 0.0000000000
74332  52.342  6.089  31.062 0.0000000000
155299  52.771  6.136  30.653 0.0000000000
76656  54.207  6.161  32.066 0.0000000000
75460  53.517  6.368  32.441 0.0000000000
143814  38.378  -13.700  49.852 0.0000000000
54467  38.876  -13.358  49.311 0.0000000000
52460  40.003  -14.119  48.592 0.0000000000
53499  39.449  -13.386  48.958 0.0000000000
53498  40.088  -13.455  48.458 0.0000000000
54481  40.605  -12.536  47.951 0.0000000000
53497  40.853  -13.269  47.919 0.0000000000
54480  41.275  -12.549  47.673 0.0000000000
81177  60.320  12.027  17.056 0.0000000000
82275  61.134  12.341  16.512 0.0000000000
82274  61.683  12.218  16.266 0.0000000000
82265  61.432  11.961  17.057 0.0000000000
81166  61.634  11.192  17.304 0.0000000000
155489  61.495  11.551  17.385 0.0000000000
81158  61.056  11.225  18.520 0.0000000000
81149  60.989  10.761  19.016 0.0000000000
80065  60.892  10.176  19.426 0.0000000000
81136  60.598  10.725  19.740 0.0000000000
76749  55.400  7.281  24.493 0.0000000000
76756  54.718  7.455  23.720 0.0000000000
76748  56.118  7.752  24.844 0.0000000000
77840  57.560  8.589  24.801 0.0000000000
77841  57.021  8.851  24.785 0.0000000000
78934  57.458  9.261  24.336 0.0000000000
77839  58.070  9.206  24.204 0.0000000000
75601  58.819  5.987  23.913 0.0000000000
76761  58.760  7.227  23.438 0.0000000000
148028  58.459  5.800  22.988 0.0000000000
66516  47.790  -2.195  42.330 0.0000000000
67512  47.254  -1.228  42.159 0.0000000000
67511  47.570  -1.334  42.080 0.0000000000
69750  48.287  0.984  40.696 0.0000000000
69743  47.949  0.407  41.170 0.0000000000
70817  47.833  1.411  40.455 0.0000000000
69761  46.700  1.172  39.981 0.0000000000
70829  47.740  1.797  40.024 0.0000000000
70849  47.187  2.406  38.696 0.0000000000
71951  47.885  2.301  39.601 0.0000000000
71947  49.463  2.593  39.306 0.0000000000
73075  49.127  3.143  39.081 0.0000000000
73087  49.349  3.538  38.513 0.0000000000
74229  49.264  3.965  38.141 0.0000000000
73086  49.712  3.587  38.276 0.0000000000
73097  50.065  3.916  37.815 0.0000000000
73085  50.043  3.447  38.155 0.0000000000
69766  51.012  1.232  38.556 0.0000000000
70848  50.924  2.024  38.179 0.0000000000
69769  51.331  1.435  38.041 0.0000000000
69773  51.549  1.559  37.379 0.0000000000
68680  51.720  0.795  37.882 0.0000000000
56640  33.943  -11.166  51.246 0.0000000000
55547  33.885  -11.112  50.450 0.0000000000
55546  34.588  -11.526  50.753 0.0000000000
54444  36.028  -13.237  51.693 0.0000000000
55532  35.360  -12.076  51.047 0.0000000000
54471  36.053  -12.624  50.927 0.0000000000
54470  36.678  -12.971  50.547 0.0000000000
54469  37.470  -13.275  50.056 0.0000000000
53483  37.221  -13.853  50.729 0.0000000000
74400  54.146  5.245  24.474 0.0000000000
157912  54.877  5.318  25.053 0.0000000000
74380  56.457  5.902  26.227 0.0000000000
75570  57.491  6.248  25.852 0.0000000000
148398  58.243  5.407  26.388 0.0000000000
75541  57.806  5.337  27.012 0.0000000000
75513  57.053  5.325  28.671 0.0000000000
74352  57.518  5.048  28.243 0.0000000000
141369  57.520  4.669  28.641 0.0000000000
73200  58.121  3.704  28.246 0.0000000000
74342  57.188  4.452  29.316 0.0000000000
151320  55.225  5.803  29.818 0.0000000000
75498  55.321  5.681  30.196 0.0000000000
73175  56.035  3.936  31.524 0.0000000000
74330  56.126  4.732  30.667 0.0000000000
73184  56.880  3.487  30.410 0.0000000000
140663  57.108  2.906  30.303 0.0000000000
72062  56.647  2.844  30.892 0.0000000000
62466  43.260  -6.340  45.948 0.0000000000
62477  43.695  -5.500  45.045 0.0000000000
62464  44.588  -6.076  45.588 0.0000000000
62462  46.094  -6.049  44.968 0.0000000000
63552  45.752  -5.538  45.100 0.0000000000
62476  46.301  -5.392  44.791 0.0000000000
63560  46.106  -4.819  44.767 0.0000000000
63559  46.510  -4.823  44.469 0.0000000000
58754  47.058  -7.814  44.303 0.0000000000
141846  47.487  -7.801  43.778 0.0000000000
62493  48.191  -5.831  42.829 0.0000000000
145836  47.835  -6.146  43.394 0.0000000000
62484  47.775  -5.414  43.327 0.0000000000
136863  47.228  -4.339  43.615 0.0000000000
63568  47.698  -4.607  43.227 0.0000000000
63579  47.589  -3.738  43.015 0.0000000000
136832  48.155  -4.085  42.633 0.0000000000
63597  49.690  -4.374  40.500 0.0000000000
64612  48.976  -3.191  41.337 0.0000000000
64620  49.693  -3.534  40.507 0.0000000000
65591  49.714  -2.458  40.487 0.0000000000
64619  50.290  -3.076  39.855 0.0000000000
65599  50.662  -2.790  39.392 0.0000000000
64625  50.676  -3.512  39.289 0.0000000000
55576  38.883  -11.761  48.264 0.0000000000
56684  38.648  -11.352  47.923 0.0000000000
60039  40.522  -7.517  46.361 0.0000000000
60074  40.467  -7.252  44.796 0.0000000000
144333  41.290  -6.722  45.071 0.0000000000
61313  41.682  -6.683  45.936 0.0000000000
61302  42.052  -6.892  46.517 0.0000000000
57691  42.801  -9.280  46.332 0.0000000000
58724  43.307  -8.118  46.310 0.0000000000
57690  43.591  -8.950  46.076 0.0000000000
57699  44.376  -8.653  45.954 0.0000000000
56704  43.956  -9.601  45.752 0.0000000000
145364  62.836  10.200  14.123 0.0000000000
79028  62.783  9.546  13.719 0.0000000000
76853  62.392  8.200  13.311 0.0000000000
80072  61.877  10.049  17.537 0.0000000000
76763  54.342  7.810  22.827 0.0000000000
76773  53.986  8.093  22.022 0.0000000000
80067  56.735  10.472  19.631 0.0000000000
80076  56.813  10.353  18.737 0.0000000000
80066  57.484  10.834  19.311 0.0000000000
81152  59.027  11.513  19.509 0.0000000000
81153  58.283  11.236  19.872 0.0000000000
80044  59.546  10.434  21.622 0.0000000000
81127  59.820  10.643  21.095 0.0000000000
80043  59.990  10.223  21.000 0.0000000000
78954  60.324  9.769  20.496 0.0000000000
78966  60.249  9.289  20.585 0.0000000000
78946  59.340  9.763  22.393 0.0000000000
77855  59.411  9.073  22.539 0.0000000000
76787  58.880  7.634  20.736 0.0000000000
76802  59.461  7.878  19.858 0.0000000000
67527  46.308  -0.946  41.728 0.0000000000
66534  45.887  -1.644  41.549 0.0000000000
147358  45.954  -0.966  40.973 0.0000000000
71993  47.039  2.786  37.104 0.0000000000
73149  46.773  3.715  34.440 0.0000000000
74314  48.850  5.079  32.940 0.0000000000
136278  48.196  4.310  31.978 0.0000000000
73177  48.926  4.694  32.165 0.0000000000
73188  48.876  4.254  31.274 0.0000000000
73187  49.647  4.807  31.682 0.0000000000
73186  50.331  5.008  31.211 0.0000000000
74312  50.408  5.363  32.094 0.0000000000
75432  51.778  5.883  34.923 0.0000000000
75446  51.702  6.271  33.901 0.0000000000
75431  52.440  5.782  34.494 0.0000000000
152902  52.967  5.860  33.867 0.0000000000
133973  52.938  5.559  34.341 0.0000000000
73110  50.826  4.324  37.043 0.0000000000
74249  51.226  4.672  36.529 0.0000000000
73109  51.291  4.307  36.725 0.0000000000
72006  53.081  4.016  35.485 0.0000000000
72020  53.800  3.795  34.822 0.0000000000
73130  53.783  4.494  34.476 0.0000000000
72019  54.437  3.186  34.350 0.0000000000
70878  54.456  2.429  34.371 0.0000000000
68703  54.098  1.018  34.023 0.0000000000
65610  51.491  -2.352  38.445 0.0000000000
66537  51.301  -1.685  38.793 0.0000000000
65615  51.827  -2.415  38.009 0.0000000000
54435  32.711  -12.286  53.752 0.0000000000
53457  32.985  -13.844  54.109 0.0000000000
53458  32.295  -13.617  54.303 0.0000000000
52416  31.680  -14.181  54.574 0.0000000000
73223  50.805  4.030  28.019 0.0000000000
74356  52.015  5.307  29.649 0.0000000000
74345  51.708  5.560  30.506 0.0000000000
74333  51.506  5.748  31.303 0.0000000000
52453  39.027  -14.382  49.391 0.0000000000
51346  38.977  -15.127  49.031 0.0000000000
51337  39.579  -14.578  48.808 0.0000000000
81168  60.617  11.915  17.966 0.0000000000
81160  60.128  11.753  18.668 0.0000000000
81151  60.333  11.557  19.398 0.0000000000
76739  56.591  7.132  25.241 0.0000000000
76746  57.477  7.720  25.121 0.0000000000
76745  57.894  7.722  24.858 0.0000000000
77838  58.351  7.810  24.350 0.0000000000
66522  48.483  -1.299  41.556 0.0000000000
67519  48.163  -0.780  41.648 0.0000000000
68634  48.542  0.029  41.025 0.0000000000
69749  48.773  0.933  40.589 0.0000000000
71938  48.549  2.045  39.925 0.0000000000
70814  49.085  1.594  40.180 0.0000000000
70827  49.181  2.097  39.808 0.0000000000
70838  49.797  2.502  39.086 0.0000000000
71959  50.092  2.818  38.579 0.0000000000
70837  50.212  1.992  39.024 0.0000000000
147764  50.643  1.160  39.038 0.0000000000
68666  51.571  -0.138  38.661 0.0000000000
54458  35.084  -12.177  51.833 0.0000000000
54445  35.416  -12.838  52.117 0.0000000000
53476  36.214  -13.945  51.787 0.0000000000
52446  36.725  -14.191  51.201 0.0000000000
52434  36.630  -14.927  51.229 0.0000000000
133224  53.049  4.055  26.055 0.0000000000
73229  53.592  4.328  26.670 0.0000000000
73237  54.433  4.666  26.248 0.0000000000
74389  55.210  5.195  25.847 0.0000000000
74372  56.414  5.759  27.113 0.0000000000
75543  56.838  5.842  27.683 0.0000000000
75542  57.356  5.638  27.301 0.0000000000
75514  56.456  5.657  29.059 0.0000000000
75478  54.811  5.664  31.399 0.0000000000
136063  55.170  5.544  30.814 0.0000000000
132543  55.122  5.338  31.478 0.0000000000
74310  55.330  4.844  31.940 0.0000000000
73158  55.876  3.467  32.018 0.0000000000
72052  56.206  2.809  31.647 0.0000000000
72041  55.803  2.804  32.284 0.0000000000
70899  55.477  2.410  32.852 0.0000000000
152535  55.313  1.998  33.077 0.0000000000
61285  44.418  -7.192  45.917 0.0000000000
61300  44.674  -6.571  45.697 0.0000000000
132886  45.559  -6.956  45.464 0.0000000000
61298  45.960  -6.728  45.190 0.0000000000
61297  46.369  -6.503  44.861 0.0000000000
60086  48.174  -7.461  42.968 0.0000000000
62492  48.524  -5.423  42.298 0.0000000000
63577  48.462  -4.713  42.340 0.0000000000
62502  48.915  -5.718  41.593 0.0000000000
136927  49.332  -5.050  40.979 0.0000000000
56669  39.664  -11.289  48.005 0.0000000000
56695  38.821  -10.500  47.667 0.0000000000
57685  39.361  -9.981  47.896 0.0000000000
58739  39.332  -8.453  46.472 0.0000000000
60023  40.088  -8.144  46.967 0.0000000000
148448  41.295  -7.988  47.050 0.0000000000
60021  41.846  -7.838  46.839 0.0000000000
60000  41.952  -8.354  46.843 0.0000000000
57680  42.131  -9.568  46.739 0.0000000000
157958  62.791  11.372  14.555 0.0000000000
149125  62.864  10.873  14.404 0.0000000000
79019  62.618  9.389  14.741 0.0000000000
77893  61.551  8.821  17.898 0.0000000000
77856  55.426  8.992  22.909 0.0000000000
78949  55.096  9.158  22.004 0.0000000000
78957  55.639  9.703  21.462 0.0000000000
78967  55.232  9.590  20.679 0.0000000000
80055  55.801  10.025  20.612 0.0000000000
134814  57.114  10.723  21.213 0.0000000000
81140  58.531  11.281  20.780 0.0000000000
80036  59.619  9.996  21.744 0.0000000000
76762  58.867  7.490  22.614 0.0000000000
76771  59.349  8.296  22.084 0.0000000000
75631  58.036  7.136  20.439 0.0000000000
63580  44.792  -4.215  44.113 0.0000000000
68668  46.061  0.436  39.806 0.0000000000
67541  45.802  -0.393  39.451 0.0000000000
67550  45.757  -0.404  38.494 0.0000000000
66549  45.607  -1.182  37.968 0.0000000000
73111  48.029  4.226  36.844 0.0000000000
73124  47.170  3.445  35.955 0.0000000000
73123  47.626  4.125  35.971 0.0000000000
73132  47.397  4.193  35.042 0.0000000000
73148  47.292  4.287  34.236 0.0000000000
73162  47.395  4.346  33.434 0.0000000000
74294  47.898  4.841  34.041 0.0000000000
74293  48.771  5.274  33.895 0.0000000000
74292  49.541  5.449  33.383 0.0000000000
74291  50.253  5.654  32.982 0.0000000000
75448  50.231  5.896  33.848 0.0000000000
134227  51.124  6.036  35.087 0.0000000000
134919  51.872  5.529  35.304 0.0000000000
70857  51.482  3.184  36.968 0.0000000000
70868  52.202  2.937  36.278 0.0000000000
70880  53.180  2.852  35.666 0.0000000000
70879  53.946  2.620  35.028 0.0000000000
69787  53.520  2.175  35.240 0.0000000000
55534  33.981  -11.377  51.858 0.0000000000
55520  33.644  -11.549  52.449 0.0000000000
55519  34.373  -11.838  52.198 0.0000000000
52425  34.781  -14.555  53.098 0.0000000000
51317  35.023  -15.222  52.943 0.0000000000
50153  34.809  -16.066  52.838 0.0000000000
151728  34.046  -16.007  53.295 0.0000000000
51309  33.046  -15.210  54.048 0.0000000000
73221  53.053  4.410  27.486 0.0000000000
73220  53.871  4.987  27.922 0.0000000000
74364  54.557  5.565  28.530 0.0000000000
75532  54.980  5.884  28.960 0.0000000000
75533  54.345  5.824  29.349 0.0000000000
75516  54.856  5.918  29.861 0.0000000000
75500  54.500  6.055  30.526 0.0000000000
74355  52.790  5.693  29.780 0.0000000000
152206  53.931  6.281  30.792 0.0000000000
132397  54.406  6.139  31.179 0.0000000000
76646  54.522  5.830  31.992 0.0000000000
75459  54.131  5.872  32.644 0.0000000000
75443  54.042  5.582  33.186 0.0000000000
57708  46.663  -9.158  44.443 0.0000000000
54498  37.518  -12.656  48.877 0.0000000000
54512  37.406  -12.328  48.043 0.0000000000
55560  38.443  -12.447  48.651 0.0000000000
55559  38.921  -12.254  48.490 0.0000000000
55558  39.358  -12.161  48.294 0.0000000000
54483  39.348  -12.855  48.691 0.0000000000
142475  39.848  -11.648  47.993 0.0000000000
55557  40.308  -11.623  47.924 0.0000000000
55556  40.800  -11.718  47.865 0.0000000000
56666  41.267  -11.295  47.772 0.0000000000
56681  41.588  -11.017  47.583 0.0000000000
54497  41.674  -12.092  47.459 0.0000000000
141191  41.699  -12.652  47.345 0.0000000000
52473  42.322  -13.659  46.574 0.0000000000
82273  62.024  12.002  16.017 0.0000000000
81176  61.992  11.412  16.548 0.0000000000
80081  61.904  10.734  17.018 0.0000000000
80082  61.659  10.680  17.589 0.0000000000
80073  61.540  10.455  18.089 0.0000000000
81167  61.357  11.224  17.886 0.0000000000
81157  61.297  10.816  18.363 0.0000000000
78983  61.577  9.880  18.250 0.0000000000
78978  61.243  9.729  18.842 0.0000000000
77883  61.145  9.076  18.712 0.0000000000
77884  60.750  9.090  19.373 0.0000000000
75608  53.984  7.105  23.119 0.0000000000
77851  55.043  8.300  23.332 0.0000000000
77842  56.352  8.515  24.561 0.0000000000
77850  55.844  8.784  23.792 0.0000000000
78942  56.282  9.396  23.346 0.0000000000
78941  57.200  9.689  23.712 0.0000000000
80030  58.537  10.106  23.050 0.0000000000
78939  58.542  9.613  23.421 0.0000000000
153755  59.010  8.806  23.274 0.0000000000
77847  58.799  8.030  23.743 0.0000000000
151263  58.542  6.851  22.347 0.0000000000
74448  58.086  6.295  22.262 0.0000000000
66513  46.839  -2.591  42.849 0.0000000000
66519  46.570  -2.199  42.605 0.0000000000
66518  47.030  -1.930  42.512 0.0000000000
67513  46.897  -0.863  42.038 0.0000000000
68638  46.792  -0.371  41.709 0.0000000000
68635  47.962  -0.127  41.465 0.0000000000
68645  47.126  0.288  41.345 0.0000000000
152681  46.763  0.199  41.230 0.0000000000
144814  46.209  0.992  39.035 0.0000000000
69770  46.260  1.505  38.178 0.0000000000
70859  46.370  1.951  37.399 0.0000000000
70850  46.759  2.130  38.108 0.0000000000
71976  47.143  2.675  37.918 0.0000000000
73099  47.861  3.450  38.064 0.0000000000
71950  48.404  2.558  39.496 0.0000000000
144454  48.321  3.510  38.409 0.0000000000
73098  48.284  3.911  37.817 0.0000000000
74241  48.666  4.341  37.562 0.0000000000
74253  48.924  4.790  37.063 0.0000000000
74252  49.587  4.759  37.210 0.0000000000
75405  50.088  5.165  36.766 0.0000000000
74251  50.133  4.678  37.184 0.0000000000
74237  50.350  4.319  37.371 0.0000000000
71991  51.218  3.696  37.107 0.0000000000
149010  50.521  2.480  38.376 0.0000000000
137424  50.892  2.868  37.717 0.0000000000
69779  51.765  1.467  36.537 0.0000000000
138439  36.190  -12.503  48.081 0.0000000000
55578  35.369  -12.067  49.413 0.0000000000
140750  36.400  -12.584  49.280 0.0000000000
53492  37.688  -13.604  50.195 0.0000000000
52445  37.324  -14.515  50.669 0.0000000000
52444  37.942  -14.489  50.155 0.0000000000
51338  38.360  -14.918  49.704 0.0000000000
75588  54.791  6.689  24.230 0.0000000000
75587  55.460  6.512  24.806 0.0000000000
74388  55.863  5.730  25.851 0.0000000000
75571  56.158  6.337  25.421 0.0000000000
75552  58.743  5.281  25.823 0.0000000000
74370  58.561  5.018  26.362 0.0000000000
147873  58.554  4.231  26.909 0.0000000000
75528  57.469  5.374  27.799 0.0000000000
74362  57.889  5.024  27.490 0.0000000000
136506  56.030  5.534  29.808 0.0000000000
133254  56.348  5.334  29.493 0.0000000000
75477  55.601  5.170  30.846 0.0000000000
75496  56.113  5.132  30.144 0.0000000000
74343  56.585  4.845  29.798 0.0000000000
73194  57.325  3.818  29.565 0.0000000000
62495  42.911  -5.839  43.749 0.0000000000
63572  44.237  -4.935  44.562 0.0000000000
63553  45.158  -5.474  45.294 0.0000000000
63562  45.117  -4.887  45.081 0.0000000000
63571  44.817  -4.668  44.771 0.0000000000
150416  45.602  -4.420  44.688 0.0000000000
64601  46.196  -3.779  43.967 0.0000000000
64600  46.577  -3.681  43.705 0.0000000000
58774  46.856  -8.481  44.437 0.0000000000
60055  46.778  -7.199  44.611 0.0000000000
61312  46.895  -6.482  44.516 0.0000000000
61326  47.815  -6.868  43.477 0.0000000000
61327  47.432  -6.323  43.987 0.0000000000
62474  47.077  -5.672  44.280 0.0000000000
143527  46.937  -4.922  44.172 0.0000000000
63570  46.718  -4.267  43.940 0.0000000000
65570  46.956  -3.205  43.257 0.0000000000
65569  47.172  -2.648  42.814 0.0000000000
65578  47.542  -2.872  42.686 0.0000000000
65577  48.057  -2.344  42.233 0.0000000000
63587  48.657  -4.080  41.928 0.0000000000
65585  48.469  -2.658  41.908 0.0000000000
142282  48.541  -1.967  41.688 0.0000000000
66521  49.387  -1.580  40.763 0.0000000000
66527  49.665  -1.030  40.478 0.0000000000
140342  50.118  -0.796  40.067 0.0000000000
66533  50.570  -1.231  39.605 0.0000000000
157789  50.603  -1.821  39.570 0.0000000000
143054  50.954  -2.879  39.004 0.0000000000
64630  51.290  -3.572  38.320 0.0000000000
62522  50.683  -4.691  38.891 0.0000000000
63616  50.974  -4.124  38.558 0.0000000000
55595  37.996  -11.801  47.600 0.0000000000
56705  38.431  -10.255  47.015 0.0000000000
62488  42.160  -6.232  45.213 0.0000000000
62467  42.512  -6.437  46.050 0.0000000000
62456  43.403  -6.756  46.070 0.0000000000
60020  42.485  -7.699  46.585 0.0000000000
60019  43.152  -7.631  46.343 0.0000000000
147865  43.638  -7.193  46.156 0.0000000000
60017  44.492  -7.738  45.973 0.0000000000
57698  45.000  -8.817  45.789 0.0000000000
57710  45.680  -9.035  45.380 0.0000000000
56680  41.953  -11.006  47.229 0.0000000000
55594  42.463  -10.953  46.562 0.0000000000
56693  43.051  -10.509  45.975 0.0000000000
151566  42.899  -11.434  46.041 0.0000000000
138773  43.532  -10.884  45.534 0.0000000000
56703  44.422  -10.372  45.108 0.0000000000
54426  30.599  -12.277  54.717 0.0000000000
136347  59.726  11.656  19.283 0.0000000000
136738  59.749  11.469  20.062 0.0000000000
81139  59.353  11.275  20.851 0.0000000000
81138  59.928  11.063  20.737 0.0000000000
133547  60.318  11.160  19.986 0.0000000000
80052  60.449  10.241  20.196 0.0000000000
144199  60.540  9.382  19.953 0.0000000000
134872  60.452  8.372  19.140 0.0000000000
80029  59.014  9.988  22.782 0.0000000000
155499  59.771  8.899  21.593 0.0000000000
77860  59.954  9.253  21.193 0.0000000000
77871  60.076  8.853  20.705 0.0000000000
76785  60.177  8.489  20.025 0.0000000000
72086  49.227  3.820  29.592 0.0000000000
66528  46.082  -1.695  42.085 0.0000000000
65600  45.480  -2.397  41.247 0.0000000000
73178  47.696  4.342  32.656 0.0000000000
72074  48.430  3.788  30.580 0.0000000000
149789  49.129  4.052  30.365 0.0000000000
132863  49.829  4.254  29.982 0.0000000000
73195  50.418  4.737  30.401 0.0000000000
156957  50.875  5.441  31.488 0.0000000000
75481  52.054  6.204  31.967 0.0000000000
75447  50.949  6.101  33.440 0.0000000000
75462  51.716  6.226  32.915 0.0000000000
75461  52.699  6.389  32.699 0.0000000000
76635  53.176  6.236  33.211 0.0000000000
153156  53.762  5.820  33.177 0.0000000000
74278  54.175  5.173  33.541 0.0000000000
75404  50.662  5.105  36.611 0.0000000000
134060  51.537  5.236  35.831 0.0000000000
74259  52.168  5.167  35.414 0.0000000000
72007  52.307  4.092  36.011 0.0000000000
136072  52.133  4.811  35.672 0.0000000000
75420  52.841  5.230  34.829 0.0000000000
74268  53.305  4.846  34.738 0.0000000000
74279  53.787  5.029  34.123 0.0000000000
148027  54.255  4.645  33.882 0.0000000000
72032  54.815  3.395  33.815 0.0000000000
142481  54.787  2.632  33.896 0.0000000000
69795  55.019  1.917  33.407 0.0000000000
69797  54.410  1.423  34.000 0.0000000000
68714  54.483  1.261  33.535 0.0000000000
67532  50.986  -1.061  39.165 0.0000000000
67539  51.496  -0.945  38.760 0.0000000000
67549  51.996  -0.729  38.205 0.0000000000
65621  51.964  -2.465  37.459 0.0000000000
66548  52.064  -1.679  37.796 0.0000000000
143477  52.028  0.074  37.685 0.0000000000
157697  51.947  0.110  36.981 0.0000000000
50154  34.110  -16.519  53.080 0.0000000000
52435  36.398  -14.426  51.539 0.0000000000
53490  39.001  -13.794  49.506 0.0000000000
53506  41.983  -13.133  46.987 0.0000000000
53507  41.478  -13.202  47.465 0.0000000000
54434  33.483  -12.616  53.453 0.0000000000
54447  34.028  -12.108  52.908 0.0000000000
54455  36.985  -13.399  50.648 0.0000000000
54456  36.361  -13.063  51.127 0.0000000000
54468  38.241  -13.325  49.646 0.0000000000
55563  33.733  -11.278  49.591 0.0000000000
55575  41.632  -11.486  47.547 0.0000000000
55613  43.415  -11.969  45.568 0.0000000000
56667  40.800  -11.112  47.914 0.0000000000
56668  40.255  -11.070  47.953 0.0000000000
56683  39.145  -10.906  48.035 0.0000000000
57676  39.589  -10.642  47.980 0.0000000000
57732  48.070  -8.899  42.554 0.0000000000
58705  42.702  -8.736  46.463 0.0000000000
58706  42.035  -8.941  46.804 0.0000000000
58707  41.426  -9.103  47.219 0.0000000000
58708  40.856  -9.154  47.613 0.0000000000
58709  40.280  -9.205  47.887 0.0000000000
58710  39.789  -9.388  47.876 0.0000000000
58722  44.944  -8.126  45.899 0.0000000000
58755  46.538  -7.846  44.840 0.0000000000
60018  43.856  -7.655  46.156 0.0000000000
60022  40.926  -7.704  46.994 0.0000000000
60037  45.755  -7.360  45.448 0.0000000000
60038  45.139  -7.470  45.721 0.0000000000
60056  40.254  -7.461  45.611 0.0000000000
60072  47.768  -7.483  43.494 0.0000000000
61286  42.954  -7.205  46.349 0.0000000000
61287  42.304  -7.283  46.562 0.0000000000
61288  41.649  -7.454  46.781 0.0000000000
61299  45.119  -6.788  45.597 0.0000000000
61314  40.863  -7.030  45.760 0.0000000000
61341  48.587  -6.219  42.220 0.0000000000
62463  45.179  -6.089  45.453 0.0000000000
62465  43.933  -6.213  45.748 0.0000000000
62487  42.923  -5.802  44.708 0.0000000000
63554  44.541  -5.634  45.405 0.0000000000
63569  47.380  -5.112  43.790 0.0000000000
63586  48.816  -4.889  41.734 0.0000000000
63606  50.755  -3.914  39.070 0.0000000000
63626  51.167  -4.220  38.156 0.0000000000
64593  45.968  -4.299  44.537 0.0000000000
64594  45.339  -4.256  44.537 0.0000000000
64602  45.835  -3.863  44.160 0.0000000000
64613  48.446  -3.407  42.125 0.0000000000
64635  51.475  -3.658  37.928 0.0000000000
65573  45.927  -3.331  43.644 0.0000000000
65586  45.997  -2.448  42.695 0.0000000000
65598  50.797  -2.294  39.271 0.0000000000
65605  51.126  -2.312  38.864 0.0000000000
66514  46.516  -2.695  42.918 0.0000000000
66523  46.428  -1.992  42.462 0.0000000000
66526  50.132  -1.582  40.110 0.0000000000
67510  48.032  -1.235  41.856 0.0000000000
67518  48.452  -0.597  41.356 0.0000000000
67520  46.681  -1.165  42.131 0.0000000000
67534  45.960  -0.265  40.407 0.0000000000
68630  47.623  -0.686  41.821 0.0000000000
68636  47.592  -0.151  41.577 0.0000000000
68637  46.973  -0.188  41.605 0.0000000000
68644  48.903  0.592  40.647 0.0000000000
68657  46.425  0.409  40.658 0.0000000000
68667  51.086  0.469  38.881 0.0000000000
68679  51.837  0.122  38.251 0.0000000000
68702  54.263  0.983  33.594 0.0000000000
69742  48.330  0.396  40.961 0.0000000000
69744  47.539  0.341  41.268 0.0000000000
69751  47.905  0.907  40.816 0.0000000000
69752  47.473  0.841  40.875 0.0000000000
69760  47.369  1.362  40.364 0.0000000000
69785  54.535  1.839  34.061 0.0000000000
69786  54.247  1.955  34.586 0.0000000000
69796  54.616  1.597  33.683 0.0000000000
70813  49.173  1.369  40.240 0.0000000000
70815  48.606  1.584  40.285 0.0000000000
70826  49.641  1.861  39.615 0.0000000000
70828  47.949  1.975  39.897 0.0000000000
70839  47.346  1.955  39.577 0.0000000000
70890  55.070  2.231  33.465 0.0000000000
70916  56.894  2.354  30.519 0.0000000000
71937  49.051  1.987  39.971 0.0000000000
71949  48.857  2.623  39.526 0.0000000000
71961  47.861  2.782  39.046 0.0000000000
71962  47.639  2.617  39.049 0.0000000000
71975  47.519  2.954  38.367 0.0000000000
71992  47.455  3.203  37.638 0.0000000000
72042  55.514  3.178  32.764 0.0000000000
72073  48.697  3.683  29.979 0.0000000000
73074  49.416  3.112  38.923 0.0000000000
73076  48.786  3.119  39.121 0.0000000000
73077  48.381  3.102  38.977 0.0000000000
73096  50.442  3.890  37.590 0.0000000000
73112  47.843  3.771  37.339 0.0000000000
73121  52.531  4.509  35.602 0.0000000000
73122  51.790  4.502  36.152 0.0000000000
73145  55.203  3.662  33.258 0.0000000000
73146  54.762  4.165  33.607 0.0000000000
73176  55.651  4.207  32.006 0.0000000000
73185  56.371  4.061  30.920 0.0000000000
73189  47.338  4.056  31.917 0.0000000000
73201  57.759  4.121  28.705 0.0000000000
74228  49.574  3.905  38.068 0.0000000000
74238  49.863  4.239  37.770 0.0000000000
74240  49.165  4.392  37.678 0.0000000000
74261  51.159  5.029  36.355 0.0000000000
74263  48.249  4.712  36.448 0.0000000000
74269  52.712  4.878  35.246 0.0000000000
74281  48.380  5.174  34.766 0.0000000000
74309  55.843  4.478  31.394 0.0000000000
74354  53.512  5.767  29.587 0.0000000000
74361  58.275  4.609  27.221 0.0000000000
75413  49.499  5.153  36.803 0.0000000000
75424  49.266  5.436  36.302 0.0000000000
75430  53.761  5.377  33.755 0.0000000000
75434  50.175  6.013  34.835 0.0000000000
75444  53.341  5.927  33.438 0.0000000000
75445  52.199  6.122  34.272 0.0000000000
75458  54.450  5.617  32.484 0.0000000000
75463  50.880  5.891  32.678 0.0000000000
75479  54.623  5.869  31.360 0.0000000000
75499  54.850  5.862  30.563 0.0000000000
75501  53.241  6.085  30.300 0.0000000000
75515  55.843  5.798  29.449 0.0000000000
76625  52.786  6.052  33.818 0.0000000000
76800  60.782  8.650  18.879 0.0000000000
76801  60.059  8.151  19.533 0.0000000000
76844  62.480  8.475  13.798 0.0000000000
80054  56.570  10.428  20.496 0.0000000000
81122  59.275  10.221  22.204 0.0000000000
81128  59.507  10.880  21.494 0.0000000000
81185  62.601  11.528  15.021 0.0000000000
81195  62.794  11.886  14.310 0.0000000000
82258  61.221  11.727  17.896 0.0000000000
132881  53.172  6.334  31.024 0.0000000000
132929  53.462  5.638  33.710 0.0000000000
136339  48.635  5.141  36.172 0.0000000000
139021  46.517  2.333  36.711 0.0000000000
140012  60.613  9.821  19.910 0.0000000000
140943  61.481  9.361  18.315 0.0000000000
142224  48.969  3.616  38.568 0.0000000000
142553  47.611  3.793  36.595 0.0000000000
145798  43.858  -5.823  45.576 0.0000000000
146458  54.114  3.057  34.811 0.0000000000
147262  51.281  -2.940  38.582 0.0000000000
147393  51.136  5.364  36.131 0.0000000000
148593  35.620  -13.540  52.228 0.0000000000
149128  58.570  4.629  26.620 0.0000000000
149658  48.174  3.460  30.031 0.0000000000
151225  48.699  3.455  38.677 0.0000000000
151852  48.276  4.203  37.361 0.0000000000
152004  48.356  4.643  32.597 0.0000000000
152486  59.267  10.533  22.011 0.0000000000
152953  46.684  -5.328  44.518 0.0000000000
153734  39.794  -12.250  48.148 0.0000000000
154715  39.549  -8.705  47.163 0.0000000000
155011  51.429  5.440  35.751 0.0000000000
155999  46.560  -6.818  44.762 0.0000000000
156039  52.071  3.629  36.367 0.0000000000
156335  39.285  -11.758  48.163 0.0000000000
156505  48.858  -1.546  41.287 0.0000000000
157672  43.315  -8.589  46.230 0.0000000000
157971  58.102  4.122  28.131 0.0000000000
158003  51.621  6.132  34.564 0.0000000000
158536  40.251  -12.190  47.984 0.0000000000
158718  46.957  -0.685  41.986 0.0000000000
