#!ascii label  , from subject ICBM2009cNolinAsym vox2ras=TkReg
1236
60109  20.940  -6.157  43.015 0.0000000000
62458  36.263  -5.342  47.067 0.0000000000
78997  42.501  10.137  17.539 0.0000000000
69844  32.384  1.889  29.469 0.0000000000
65624  38.458  -1.702  38.329 0.0000000000
86459  53.694  17.578  5.683 0.0000000000
74455  42.852  6.773  21.896 0.0000000000
152490  37.050  5.779  20.930 0.0000000000
57736  16.437  -8.620  43.126 0.0000000000
60079  28.646  -7.146  44.263 0.0000000000
58833  30.902  -6.952  40.905 0.0000000000
62550  23.391  -5.249  38.246 0.0000000000
82323  48.301  13.508  12.099 0.0000000000
61281  25.802  -6.412  48.316 0.0000000000
140984  20.084  -8.397  47.667 0.0000000000
135998  47.806  12.716  16.293 0.0000000000
58718  14.519  -8.632  48.731 0.0000000000
53503  10.768  -12.994  49.133 0.0000000000
75548  36.497  6.709  27.827 0.0000000000
68731  35.965  0.117  34.130 0.0000000000
139020  35.252  -5.523  32.739 0.0000000000
63646  33.400  -4.833  37.271 0.0000000000
74390  42.784  7.665  24.271 0.0000000000
73271  39.727  6.123  21.893 0.0000000000
75596  39.349  7.495  24.236 0.0000000000
75603  45.559  8.365  23.597 0.0000000000
58839  18.885  -8.050  40.328 0.0000000000
57761  17.493  -9.572  40.324 0.0000000000
58814  18.317  -7.556  42.534 0.0000000000
62499  24.729  -5.382  43.357 0.0000000000
62517  25.752  -5.418  41.702 0.0000000000
61389  22.102  -5.433  41.372 0.0000000000
60167  20.467  -7.123  38.625 0.0000000000
80107  42.848  10.470  15.067 0.0000000000
77897  44.308  10.316  19.645 0.0000000000
80088  44.610  11.390  17.155 0.0000000000
81204  45.197  11.791  14.341 0.0000000000
58688  19.684  -8.119  50.743 0.0000000000
140982  17.744  -8.416  47.941 0.0000000000
133103  17.010  -8.071  51.112 0.0000000000
56609  12.214  -10.084  54.205 0.0000000000
142960  12.402  -10.418  51.716 0.0000000000
54452  10.998  -12.085  52.003 0.0000000000
52429  8.758  -14.156  52.750 0.0000000000
53454  8.278  -13.360  55.282 0.0000000000
70884  37.353  2.314  37.033 0.0000000000
67586  37.654  -0.787  35.932 0.0000000000
65658  36.775  -2.213  32.827 0.0000000000
63676  37.370  -4.361  34.789 0.0000000000
58872  28.575  -7.254  37.791 0.0000000000
61417  31.938  -4.900  40.253 0.0000000000
60189  29.949  -6.821  36.852 0.0000000000
62593  31.086  -5.319  35.330 0.0000000000
155433  33.834  5.199  29.075 0.0000000000
73240  34.093  5.182  25.910 0.0000000000
70972  32.553  2.205  26.386 0.0000000000
87445  57.779  19.349  3.056 0.0000000000
86464  54.898  17.747  3.126 0.0000000000
75661  42.358  7.814  20.231 0.0000000000
74499  39.334  6.581  19.293 0.0000000000
77875  44.988  9.123  21.584 0.0000000000
60061  32.447  -7.486  45.638 0.0000000000
60090  33.968  -6.820  43.902 0.0000000000
58810  29.854  -8.015  42.541 0.0000000000
60138  27.520  -5.926  39.801 0.0000000000
61472  24.971  -5.522  36.662 0.0000000000
82313  50.560  13.569  13.700 0.0000000000
83457  50.972  14.714  11.373 0.0000000000
84544  51.098  15.812  8.731 0.0000000000
85512  51.899  16.196  6.204 0.0000000000
61322  23.497  -6.485  45.192 0.0000000000
58762  20.502  -7.425  44.997 0.0000000000
144228  23.383  -7.390  47.881 0.0000000000
147296  26.992  -6.285  46.149 0.0000000000
81226  47.791  12.763  14.014 0.0000000000
58765  18.491  -8.016  45.344 0.0000000000
150277  15.186  -8.944  45.346 0.0000000000
56711  13.468  -10.436  46.259 0.0000000000
57666  14.164  -8.569  51.643 0.0000000000
153103  12.821  -10.658  49.087 0.0000000000
52389  5.196  -14.196  56.951 0.0000000000
76722  39.487  7.658  27.357 0.0000000000
73191  34.506  4.909  31.316 0.0000000000
72045  35.552  3.706  34.498 0.0000000000
69835  33.535  0.938  32.000 0.0000000000
67649  34.957  -1.290  31.758 0.0000000000
63711  36.472  -4.060  30.902 0.0000000000
62645  33.232  -5.571  29.977 0.0000000000
62516  34.784  -4.608  42.357 0.0000000000
63622  35.811  -4.018  39.706 0.0000000000
132645  36.725  -4.186  37.757 0.0000000000
62592  34.449  -5.474  35.033 0.0000000000
63704  32.011  -4.684  32.621 0.0000000000
140130  36.087  6.453  24.288 0.0000000000
141076  34.382  4.618  22.323 0.0000000000
133214  42.608  8.042  24.980 0.0000000000
74405  40.686  7.299  23.482 0.0000000000
75560  40.793  8.012  25.757 0.0000000000
75575  44.050  8.085  24.832 0.0000000000
60124  19.822  -6.620  41.469 0.0000000000
58826  18.738  -7.742  41.128 0.0000000000
141259  19.536  -6.714  42.731 0.0000000000
61352  22.702  -5.994  43.512 0.0000000000
61369  22.792  -5.354  41.989 0.0000000000
61390  21.229  -5.759  41.656 0.0000000000
60139  20.478  -6.178  41.068 0.0000000000
79005  42.348  10.171  16.543 0.0000000000
77905  43.403  10.168  18.755 0.0000000000
78994  44.686  11.274  18.007 0.0000000000
78996  43.235  10.455  17.736 0.0000000000
80096  43.478  10.739  15.904 0.0000000000
55485  11.038  -11.105  54.967 0.0000000000
55516  11.261  -11.269  53.278 0.0000000000
54440  10.233  -12.379  53.202 0.0000000000
53480  9.817  -13.004  52.757 0.0000000000
54441  9.685  -12.822  53.483 0.0000000000
53473  8.662  -13.871  53.632 0.0000000000
68696  38.308  0.137  37.339 0.0000000000
66564  37.981  -1.455  36.945 0.0000000000
64659  37.379  -2.504  35.518 0.0000000000
64653  37.362  -3.044  36.460 0.0000000000
62479  36.675  -4.626  45.647 0.0000000000
60192  27.720  -7.283  36.360 0.0000000000
58886  29.448  -7.102  37.327 0.0000000000
60207  28.491  -7.638  35.275 0.0000000000
152812  29.273  -7.341  34.476 0.0000000000
72094  32.933  3.586  29.283 0.0000000000
72109  32.980  3.817  27.595 0.0000000000
86457  53.723  17.614  6.711 0.0000000000
87435  55.084  18.599  6.756 0.0000000000
87438  55.149  18.600  5.730 0.0000000000
87447  55.616  18.399  3.623 0.0000000000
87443  54.658  17.938  4.137 0.0000000000
75650  42.779  7.392  20.793 0.0000000000
75663  40.738  7.366  19.617 0.0000000000
74475  41.166  6.403  20.893 0.0000000000
73273  38.172  6.109  21.653 0.0000000000
134761  38.205  5.972  19.861 0.0000000000
137180  37.476  5.723  19.970 0.0000000000
74434  43.920  7.337  22.694 0.0000000000
75635  44.113  7.923  21.594 0.0000000000
157747  43.551  8.394  20.606 0.0000000000
57746  16.599  -9.333  41.451 0.0000000000
56741  14.737  -9.996  43.287 0.0000000000
58781  30.156  -7.711  45.053 0.0000000000
133565  30.797  -8.015  43.827 0.0000000000
60092  29.194  -7.456  43.722 0.0000000000
61387  25.100  -5.144  40.251 0.0000000000
61403  26.780  -5.590  40.394 0.0000000000
61420  25.358  -5.046  39.267 0.0000000000
145975  26.515  -5.615  37.645 0.0000000000
62549  24.250  -5.214  37.876 0.0000000000
61456  22.141  -6.172  37.270 0.0000000000
66633  34.553  -1.934  29.895 0.0000000000
140134  49.213  13.689  12.301 0.0000000000
82321  51.152  14.059  12.907 0.0000000000
82322  49.847  14.031  11.941 0.0000000000
84546  49.908  15.155  8.429 0.0000000000
84554  50.235  15.153  7.256 0.0000000000
157004  51.561  16.150  7.348 0.0000000000
61295  24.810  -6.502  47.043 0.0000000000
60050  23.350  -7.147  46.493 0.0000000000
60030  24.210  -7.005  47.494 0.0000000000
61293  26.468  -6.260  47.625 0.0000000000
61320  25.158  -6.043  45.659 0.0000000000
150122  49.017  12.964  15.123 0.0000000000
81201  47.825  12.645  15.314 0.0000000000
81229  45.305  12.035  12.708 0.0000000000
58744  20.389  -8.240  46.381 0.0000000000
58764  19.269  -7.902  45.291 0.0000000000
142029  18.985  -8.444  46.740 0.0000000000
151389  15.751  -8.272  48.390 0.0000000000
150997  16.360  -8.375  47.117 0.0000000000
57693  15.016  -8.697  46.997 0.0000000000
56720  14.058  -9.894  45.930 0.0000000000
56690  13.770  -9.731  47.629 0.0000000000
57664  13.888  -8.693  52.572 0.0000000000
139617  11.602  -11.629  50.788 0.0000000000
56664  12.678  -10.514  50.362 0.0000000000
54493  12.010  -11.677  49.226 0.0000000000
55591  12.372  -11.454  47.901 0.0000000000
73197  35.246  5.743  30.912 0.0000000000
69804  36.465  1.483  35.539 0.0000000000
70894  36.293  2.566  35.716 0.0000000000
147351  35.158  1.609  34.026 0.0000000000
70911  34.663  2.698  33.431 0.0000000000
69818  34.949  0.816  33.392 0.0000000000
67635  34.196  -0.726  31.650 0.0000000000
67617  35.493  -0.515  33.008 0.0000000000
63701  36.942  -4.593  32.435 0.0000000000
64681  36.859  -3.452  31.471 0.0000000000
153421  36.350  -5.032  31.955 0.0000000000
156701  34.715  -5.376  30.338 0.0000000000
62622  34.594  -5.485  32.248 0.0000000000
60105  32.528  -7.122  42.365 0.0000000000
140079  34.132  -5.942  43.060 0.0000000000
158817  32.436  -6.057  41.535 0.0000000000
62548  32.409  -4.663  38.625 0.0000000000
62537  33.876  -4.137  39.996 0.0000000000
63634  34.571  -4.577  38.330 0.0000000000
63632  36.370  -4.247  38.387 0.0000000000
63644  35.235  -4.938  37.603 0.0000000000
62576  35.505  -5.400  36.177 0.0000000000
63656  34.035  -5.105  36.605 0.0000000000
141206  30.335  -5.165  33.533 0.0000000000
63693  31.386  -4.674  33.591 0.0000000000
157576  38.018  7.232  27.980 0.0000000000
75582  37.444  7.287  25.735 0.0000000000
74383  35.733  6.480  26.389 0.0000000000
72129  33.287  3.644  24.153 0.0000000000
73255  33.777  4.217  23.732 0.0000000000
87449  58.211  18.740  1.764 0.0000000000
73268  42.447  6.773  22.595 0.0000000000
73292  41.119  6.326  21.789 0.0000000000
74418  41.363  6.791  22.777 0.0000000000
74437  39.322  6.451  22.334 0.0000000000
74439  37.868  6.384  22.391 0.0000000000
75573  45.346  8.284  24.723 0.0000000000
75605  44.135  7.657  23.733 0.0000000000
57759  18.408  -8.407  40.598 0.0000000000
57744  18.021  -8.060  41.729 0.0000000000
57735  17.352  -8.050  43.048 0.0000000000
61333  26.947  -6.072  44.097 0.0000000000
61348  27.370  -6.202  43.350 0.0000000000
62507  25.174  -5.325  42.609 0.0000000000
157073  24.124  -5.252  41.335 0.0000000000
62541  22.493  -5.307  39.808 0.0000000000
61439  21.949  -5.913  38.142 0.0000000000
61422  21.196  -6.019  39.651 0.0000000000
60153  20.004  -7.173  39.464 0.0000000000
82333  47.579  13.487  10.429 0.0000000000
59982  25.422  -6.828  49.968 0.0000000000
143633  46.076  11.776  19.142 0.0000000000
80087  46.392  12.257  17.535 0.0000000000
80094  46.189  12.075  16.165 0.0000000000
81192  46.784  12.228  15.684 0.0000000000
80105  45.305  11.682  15.771 0.0000000000
134629  43.752  11.056  15.004 0.0000000000
134380  19.954  -8.272  49.273 0.0000000000
140983  18.681  -8.469  47.662 0.0000000000
58698  18.419  -8.220  49.844 0.0000000000
58699  17.511  -8.237  49.692 0.0000000000
58700  16.051  -8.210  50.011 0.0000000000
154556  13.187  -9.337  52.561 0.0000000000
56625  12.338  -10.127  53.422 0.0000000000
55544  11.497  -11.494  51.619 0.0000000000
54464  11.033  -12.204  51.122 0.0000000000
53488  9.793  -13.614  50.814 0.0000000000
69802  37.590  0.720  36.495 0.0000000000
151224  36.900  -0.035  35.261 0.0000000000
139615  36.039  -1.049  33.225 0.0000000000
66586  36.881  -1.598  34.264 0.0000000000
64666  37.458  -3.464  33.862 0.0000000000
63690  36.969  -4.902  33.353 0.0000000000
137018  29.606  -6.790  39.703 0.0000000000
60148  31.497  -5.437  40.580 0.0000000000
60164  29.711  -6.080  38.546 0.0000000000
61435  30.916  -5.074  38.608 0.0000000000
62563  31.353  -5.242  37.442 0.0000000000
63658  32.388  -4.911  36.074 0.0000000000
61482  30.424  -6.190  35.409 0.0000000000
61497  29.559  -6.827  34.043 0.0000000000
74368  35.147  6.199  28.524 0.0000000000
141215  35.266  6.184  27.023 0.0000000000
73225  33.902  5.337  27.686 0.0000000000
72116  33.098  3.862  26.513 0.0000000000
88484  57.213  19.405  3.845 0.0000000000
87446  56.703  18.854  3.077 0.0000000000
77899  42.273  9.068  19.199 0.0000000000
77908  41.082  9.258  17.826 0.0000000000
157572  40.810  8.328  18.959 0.0000000000
73316  39.586  6.002  20.768 0.0000000000
73342  38.048  5.910  18.795 0.0000000000
76765  46.203  9.032  23.618 0.0000000000
77863  46.153  9.648  22.806 0.0000000000
78970  45.803  10.416  21.599 0.0000000000
140757  44.854  9.752  20.955 0.0000000000
77898  43.017  9.310  19.402 0.0000000000
60041  34.334  -6.731  46.353 0.0000000000
61316  35.032  -6.055  45.214 0.0000000000
139346  33.515  -7.123  44.986 0.0000000000
58796  32.199  -7.628  43.561 0.0000000000
58822  30.554  -8.016  41.862 0.0000000000
61366  27.937  -6.758  41.994 0.0000000000
60136  28.412  -7.164  40.737 0.0000000000
143929  29.056  -7.436  40.133 0.0000000000
60165  28.180  -6.631  38.754 0.0000000000
60178  27.196  -6.232  37.458 0.0000000000
61470  26.298  -6.392  35.894 0.0000000000
84522  52.725  15.672  11.424 0.0000000000
83469  49.905  14.875  10.285 0.0000000000
84536  51.439  15.659  9.938 0.0000000000
85499  52.927  16.530  9.705 0.0000000000
85504  52.672  16.663  8.630 0.0000000000
85511  52.445  16.707  6.650 0.0000000000
86458  53.009  17.127  6.164 0.0000000000
86462  53.250  16.742  4.084 0.0000000000
61353  22.360  -6.396  44.193 0.0000000000
60096  21.042  -6.505  43.923 0.0000000000
152258  21.843  -7.150  44.936 0.0000000000
60052  21.769  -7.788  46.113 0.0000000000
58729  21.727  -8.094  47.656 0.0000000000
59994  24.335  -7.196  49.172 0.0000000000
58695  21.452  -8.125  49.431 0.0000000000
58674  21.355  -7.971  51.234 0.0000000000
61276  35.831  -5.800  48.433 0.0000000000
60024  33.704  -7.118  47.151 0.0000000000
150396  32.226  -7.485  47.121 0.0000000000
60046  29.538  -7.442  46.148 0.0000000000
150520  28.509  -7.079  46.826 0.0000000000
61318  27.548  -6.533  45.537 0.0000000000
141892  25.597  -5.759  44.971 0.0000000000
61335  24.125  -6.013  44.651 0.0000000000
81213  50.296  13.355  15.222 0.0000000000
81224  49.209  13.052  14.382 0.0000000000
81236  47.791  13.110  12.891 0.0000000000
81217  46.674  12.337  14.518 0.0000000000
81227  46.966  12.666  13.291 0.0000000000
81237  46.956  12.899  12.292 0.0000000000
58783  19.643  -7.047  44.353 0.0000000000
58785  18.393  -7.432  44.040 0.0000000000
57724  17.106  -7.958  43.866 0.0000000000
58732  18.059  -8.453  46.981 0.0000000000
58767  16.843  -8.256  45.571 0.0000000000
57715  15.572  -8.802  44.626 0.0000000000
56730  14.416  -10.006  44.175 0.0000000000
56721  13.600  -10.557  45.374 0.0000000000
58680  15.559  -8.113  51.331 0.0000000000
58691  14.674  -8.436  50.209 0.0000000000
57672  13.557  -9.385  50.274 0.0000000000
156763  13.709  -9.455  48.772 0.0000000000
55609  12.950  -10.959  47.504 0.0000000000
52397  6.935  -14.088  56.066 0.0000000000
76731  41.043  8.175  26.955 0.0000000000
74357  36.471  6.689  29.072 0.0000000000
74348  35.405  6.099  30.074 0.0000000000
72092  33.986  4.790  30.477 0.0000000000
72081  33.491  3.749  30.837 0.0000000000
72057  35.013  3.868  33.425 0.0000000000
70919  33.606  3.016  31.662 0.0000000000
69836  32.982  1.140  31.217 0.0000000000
68750  32.898  0.100  30.813 0.0000000000
67650  34.404  -1.389  31.074 0.0000000000
144294  35.279  -2.449  30.155 0.0000000000
66598  36.197  -1.621  32.635 0.0000000000
65670  35.995  -2.503  31.067 0.0000000000
64690  36.016  -3.842  30.254 0.0000000000
62644  35.037  -5.243  29.636 0.0000000000
143724  33.654  -5.826  29.196 0.0000000000
64637  38.346  -2.179  38.775 0.0000000000
61330  35.651  -4.937  44.515 0.0000000000
62497  36.077  -4.383  43.963 0.0000000000
63593  36.404  -3.851  42.736 0.0000000000
61400  33.183  -5.088  41.402 0.0000000000
62526  34.721  -4.044  41.376 0.0000000000
63602  36.816  -3.155  41.259 0.0000000000
63619  37.267  -2.981  39.773 0.0000000000
158283  37.181  -3.352  38.503 0.0000000000
63653  37.561  -2.800  37.676 0.0000000000
63655  37.246  -3.948  36.442 0.0000000000
133917  36.139  -5.456  35.016 0.0000000000
62602  34.528  -5.509  34.068 0.0000000000
140575  32.568  -5.000  35.109 0.0000000000
63679  32.882  -5.095  34.201 0.0000000000
62623  33.691  -5.347  32.670 0.0000000000
63703  32.839  -5.097  32.108 0.0000000000
75580  39.135  7.578  25.170 0.0000000000
74407  37.773  7.148  24.059 0.0000000000
74422  36.505  6.249  23.152 0.0000000000
74394  34.676  5.628  25.334 0.0000000000
74441  35.116  5.456  23.166 0.0000000000
146486  35.818  5.610  22.034 0.0000000000
132451  53.532  16.478  3.125 0.0000000000
143029  42.457  8.267  25.718 0.0000000000
75559  41.785  8.081  25.215 0.0000000000
76730  41.826  8.277  26.263 0.0000000000
75558  43.174  8.306  25.661 0.0000000000
60110  19.993  -6.458  42.412 0.0000000000
61370  21.864  -5.940  42.958 0.0000000000
145788  21.956  -5.651  42.218 0.0000000000
61371  21.284  -5.884  42.429 0.0000000000
60123  20.568  -6.115  42.038 0.0000000000
79006  41.635  9.788  16.179 0.0000000000
77917  41.717  9.845  17.208 0.0000000000
77906  42.719  9.810  18.539 0.0000000000
79004  43.053  10.506  16.744 0.0000000000
55502  10.484  -11.618  54.499 0.0000000000
55517  10.651  -11.776  53.661 0.0000000000
54431  9.991  -12.354  54.095 0.0000000000
53463  9.253  -13.098  54.075 0.0000000000
66557  38.716  -0.910  38.296 0.0000000000
66563  38.421  -1.116  37.684 0.0000000000
65632  38.065  -1.771  37.351 0.0000000000
64652  37.676  -2.465  36.953 0.0000000000
65625  38.018  -2.172  37.744 0.0000000000
63549  37.495  -4.516  47.069 0.0000000000
62468  36.869  -4.888  46.572 0.0000000000
60209  26.995  -7.038  35.565 0.0000000000
60191  28.377  -7.579  36.157 0.0000000000
60208  27.762  -7.474  35.338 0.0000000000
135769  27.871  -7.669  34.336 0.0000000000
70936  32.717  2.754  29.824 0.0000000000
70937  32.613  2.844  28.942 0.0000000000
87436  54.391  18.116  6.235 0.0000000000
87433  54.459  18.075  7.241 0.0000000000
87439  54.473  18.060  5.193 0.0000000000
87442  55.344  18.527  4.681 0.0000000000
74473  42.690  6.903  21.332 0.0000000000
74486  42.260  6.888  20.849 0.0000000000
74474  41.968  6.572  21.094 0.0000000000
132940  37.683  5.890  20.809 0.0000000000
73319  37.039  5.601  20.193 0.0000000000
73296  36.436  5.483  20.562 0.0000000000
74454  43.392  7.063  22.263 0.0000000000
75613  43.884  7.434  22.080 0.0000000000
74472  43.246  7.069  21.784 0.0000000000
75636  43.378  7.391  21.410 0.0000000000
140637  16.217  -9.143  42.263 0.0000000000
56757  15.769  -9.945  41.830 0.0000000000
56758  14.951  -10.588  42.294 0.0000000000
57737  15.503  -9.454  42.787 0.0000000000
60078  29.494  -7.527  44.504 0.0000000000
62529  24.217  -5.114  39.719 0.0000000000
62539  24.257  -5.096  38.775 0.0000000000
61438  25.157  -5.152  38.299 0.0000000000
62565  23.449  -5.420  37.375 0.0000000000
62566  22.690  -5.620  37.736 0.0000000000
65678  35.364  -3.116  29.191 0.0000000000
138266  48.659  13.811  11.547 0.0000000000
84553  50.847  15.397  6.522 0.0000000000
61282  24.942  -6.639  47.886 0.0000000000
61294  25.616  -6.279  47.363 0.0000000000
80086  47.204  12.519  16.861 0.0000000000
156856  48.305  12.943  16.191 0.0000000000
81190  48.199  12.840  15.788 0.0000000000
81191  47.445  12.493  15.615 0.0000000000
58730  20.488  -8.322  47.100 0.0000000000
58745  19.612  -8.264  46.123 0.0000000000
58731  19.837  -8.408  46.919 0.0000000000
58734  15.707  -8.372  47.506 0.0000000000
57686  14.882  -8.555  48.005 0.0000000000
57694  14.348  -9.153  47.352 0.0000000000
57687  14.107  -9.140  48.259 0.0000000000
58662  14.405  -8.276  53.314 0.0000000000
54477  11.085  -12.423  50.125 0.0000000000
55572  11.833  -11.703  49.951 0.0000000000
54494  11.413  -12.227  49.232 0.0000000000
54507  11.799  -12.055  48.407 0.0000000000
69811  35.975  0.891  34.688 0.0000000000
70902  35.756  1.994  34.921 0.0000000000
69817  35.500  0.667  33.960 0.0000000000
68743  34.916  0.117  32.845 0.0000000000
68732  35.507  0.111  33.485 0.0000000000
63702  36.159  -5.322  32.749 0.0000000000
62621  35.551  -5.378  32.003 0.0000000000
58820  31.549  -6.737  41.344 0.0000000000
60118  32.902  -6.443  42.036 0.0000000000
60119  32.217  -6.645  41.727 0.0000000000
63635  33.466  -4.588  38.261 0.0000000000
63624  33.843  -4.351  39.110 0.0000000000
63645  34.280  -4.888  37.481 0.0000000000
62560  34.920  -5.223  36.801 0.0000000000
75565  36.514  6.808  27.019 0.0000000000
74375  35.855  6.495  27.360 0.0000000000
134986  42.422  6.976  23.126 0.0000000000
74417  41.878  6.729  22.690 0.0000000000
132244  41.879  6.919  23.098 0.0000000000
75595  40.142  7.571  24.060 0.0000000000
74419  40.085  6.835  22.796 0.0000000000
74420  39.264  6.897  22.895 0.0000000000
143331  38.597  6.676  22.699 0.0000000000
74406  38.702  7.141  23.521 0.0000000000
76742  45.960  8.501  25.364 0.0000000000
75592  44.118  7.854  24.202 0.0000000000
74402  42.954  7.334  23.659 0.0000000000
74416  43.117  7.099  23.062 0.0000000000
58813  18.566  -7.586  41.835 0.0000000000
57752  18.317  -8.079  41.238 0.0000000000
147581  17.704  -8.069  42.380 0.0000000000
61350  25.627  -5.406  43.399 0.0000000000
62519  23.693  -5.292  41.924 0.0000000000
61388  23.214  -5.236  41.134 0.0000000000
62530  23.272  -5.192  40.173 0.0000000000
61405  22.340  -5.330  40.522 0.0000000000
142496  21.842  -5.591  39.964 0.0000000000
61406  21.323  -5.748  40.625 0.0000000000
60140  19.867  -6.865  40.504 0.0000000000
58838  19.401  -7.639  39.972 0.0000000000
77888  44.804  10.465  20.106 0.0000000000
78987  44.845  11.182  18.994 0.0000000000
80079  45.452  11.765  17.877 0.0000000000
149823  45.169  11.711  17.302 0.0000000000
136147  45.830  12.107  16.993 0.0000000000
80095  45.310  11.761  16.600 0.0000000000
145248  44.706  11.417  16.409 0.0000000000
133102  20.021  -8.211  50.131 0.0000000000
134379  18.925  -8.322  49.171 0.0000000000
58697  19.311  -8.219  49.931 0.0000000000
133104  17.822  -8.112  50.619 0.0000000000
133100  16.872  -8.184  50.276 0.0000000000
150154  16.663  -8.243  49.458 0.0000000000
57662  12.667  -9.474  54.669 0.0000000000
56608  12.806  -9.543  53.898 0.0000000000
54439  10.857  -11.907  52.836 0.0000000000
55530  11.412  -11.362  52.438 0.0000000000
54465  10.415  -12.733  51.493 0.0000000000
54478  10.533  -12.846  50.692 0.0000000000
53481  9.313  -13.637  52.347 0.0000000000
151946  9.370  -13.828  51.601 0.0000000000
53464  8.485  -13.600  54.477 0.0000000000
52421  8.049  -14.351  54.059 0.0000000000
52410  7.880  -14.118  54.921 0.0000000000
68708  37.798  -0.004  36.425 0.0000000000
69792  38.034  0.782  37.152 0.0000000000
68709  37.263  0.300  35.843 0.0000000000
68720  37.304  -0.365  35.558 0.0000000000
146639  36.951  -1.114  34.646 0.0000000000
67598  37.288  -0.931  35.205 0.0000000000
64660  37.275  -3.192  35.553 0.0000000000
64665  37.238  -3.027  34.701 0.0000000000
63675  37.468  -3.695  34.707 0.0000000000
63689  37.480  -4.222  33.936 0.0000000000
137963  37.137  -4.859  34.163 0.0000000000
58860  28.919  -7.293  38.588 0.0000000000
58845  29.899  -6.078  39.502 0.0000000000
158515  29.170  -7.064  38.560 0.0000000000
140713  29.783  -6.424  37.662 0.0000000000
60188  30.280  -6.055  37.258 0.0000000000
61452  30.811  -5.425  37.717 0.0000000000
61468  30.895  -5.806  37.038 0.0000000000
157772  31.328  -5.385  36.779 0.0000000000
61469  30.424  -6.353  36.491 0.0000000000
73213  34.411  5.678  29.021 0.0000000000
73224  34.494  5.842  28.133 0.0000000000
73214  33.835  5.272  28.531 0.0000000000
134590  32.725  2.995  27.034 0.0000000000
70971  32.787  2.977  26.161 0.0000000000
87451  55.836  18.132  2.635 0.0000000000
86468  55.166  17.464  2.303 0.0000000000
76817  41.929  8.281  19.661 0.0000000000
76825  41.376  8.775  18.912 0.0000000000
74498  40.294  6.805  19.806 0.0000000000
75664  39.772  7.098  19.096 0.0000000000
73293  40.164  6.066  21.517 0.0000000000
73315  40.654  6.179  21.175 0.0000000000
73331  37.583  5.704  19.428 0.0000000000
147514  37.924  5.866  19.272 0.0000000000
75589  45.991  8.570  24.115 0.0000000000
76757  46.376  8.942  24.114 0.0000000000
76758  45.986  8.694  23.729 0.0000000000
76791  45.088  8.684  22.006 0.0000000000
77858  45.904  9.069  23.011 0.0000000000
77864  45.549  9.206  22.272 0.0000000000
78960  45.913  9.934  22.184 0.0000000000
145217  45.398  9.793  21.606 0.0000000000
76806  44.432  9.041  21.011 0.0000000000
75649  43.042  8.088  20.429 0.0000000000
76815  43.314  8.786  20.105 0.0000000000
76816  42.674  8.520  19.870 0.0000000000
60042  33.638  -7.127  46.246 0.0000000000
60059  33.941  -7.009  45.555 0.0000000000
60060  33.214  -7.252  45.619 0.0000000000
136135  31.502  -7.945  43.238 0.0000000000
58797  30.668  -8.059  42.886 0.0000000000
133099  31.352  -7.836  42.334 0.0000000000
58823  29.779  -8.023  41.775 0.0000000000
158751  26.695  -5.763  41.875 0.0000000000
61367  27.220  -6.102  42.492 0.0000000000
146345  26.827  -5.433  39.737 0.0000000000
60122  27.466  -6.119  40.732 0.0000000000
60137  28.112  -6.631  40.217 0.0000000000
58836  28.903  -7.540  40.713 0.0000000000
60150  28.072  -6.401  39.416 0.0000000000
58849  28.464  -6.859  39.421 0.0000000000
60151  27.769  -6.036  38.886 0.0000000000
61454  25.761  -5.586  37.139 0.0000000000
61453  26.434  -6.074  36.867 0.0000000000
61471  25.634  -5.895  36.297 0.0000000000
61440  21.183  -6.393  38.647 0.0000000000
61457  21.465  -6.601  37.637 0.0000000000
136448  20.893  -7.068  37.950 0.0000000000
82304  51.563  13.867  14.405 0.0000000000
83445  51.242  14.443  12.187 0.0000000000
83444  51.853  14.538  12.551 0.0000000000
83456  51.641  14.780  11.879 0.0000000000
84523  51.765  15.313  11.114 0.0000000000
83470  48.709  14.289  9.505 0.0000000000
83459  49.286  14.478  10.429 0.0000000000
153173  50.488  15.488  8.709 0.0000000000
84537  50.437  15.321  9.599 0.0000000000
85500  52.032  16.205  9.229 0.0000000000
85505  51.814  16.305  8.021 0.0000000000
85508  51.926  16.381  7.096 0.0000000000
85515  52.424  16.522  5.644 0.0000000000
60095  21.795  -6.750  44.379 0.0000000000
60081  22.567  -6.829  44.888 0.0000000000
60031  22.931  -7.510  47.087 0.0000000000
60051  22.570  -7.459  46.320 0.0000000000
58728  22.143  -7.876  46.947 0.0000000000
60012  22.504  -7.776  47.728 0.0000000000
148960  25.016  -6.991  49.428 0.0000000000
58684  22.902  -7.692  50.119 0.0000000000
153624  22.149  -8.026  48.955 0.0000000000
58685  22.280  -7.914  50.455 0.0000000000
58686  21.511  -8.084  50.391 0.0000000000
133558  34.793  -6.463  48.086 0.0000000000
60044  31.012  -7.651  46.649 0.0000000000
60029  27.931  -6.770  47.334 0.0000000000
60048  27.852  -6.754  46.362 0.0000000000
153611  26.901  -6.180  45.431 0.0000000000
61319  26.128  -5.989  45.773 0.0000000000
61321  24.334  -6.219  45.465 0.0000000000
140716  24.845  -5.861  45.003 0.0000000000
61336  23.166  -6.203  44.374 0.0000000000
76826  39.709  8.063  17.665 0.0000000000
81215  48.433  12.833  14.633 0.0000000000
81225  48.568  13.052  13.755 0.0000000000
80112  46.060  12.088  14.748 0.0000000000
81203  46.798  12.256  15.157 0.0000000000
81228  46.092  12.423  13.062 0.0000000000
81238  46.275  12.599  12.276 0.0000000000
60082  21.158  -7.021  44.646 0.0000000000
58782  20.335  -6.765  44.179 0.0000000000
58784  19.099  -7.398  44.516 0.0000000000
58786  17.890  -7.747  44.580 0.0000000000
156741  17.764  -7.653  43.705 0.0000000000
58733  17.145  -8.412  47.116 0.0000000000
58749  15.756  -8.465  46.619 0.0000000000
58748  16.573  -8.354  46.388 0.0000000000
57702  15.874  -8.457  45.637 0.0000000000
57714  16.308  -8.299  44.928 0.0000000000
57726  15.005  -9.372  43.973 0.0000000000
57727  14.801  -9.381  44.789 0.0000000000
55640  13.066  -11.147  45.724 0.0000000000
158611  14.943  -8.160  51.730 0.0000000000
58681  14.766  -8.297  51.019 0.0000000000
58690  15.410  -8.212  50.530 0.0000000000
57669  14.110  -8.780  50.694 0.0000000000
56638  12.523  -10.121  52.507 0.0000000000
56651  12.982  -9.795  51.669 0.0000000000
56678  13.125  -10.195  49.788 0.0000000000
56663  13.092  -9.935  50.727 0.0000000000
57678  13.610  -9.478  49.430 0.0000000000
56691  13.308  -10.095  48.817 0.0000000000
140104  13.300  -10.266  47.953 0.0000000000
55590  12.886  -10.803  48.350 0.0000000000
53443  7.315  -13.324  56.422 0.0000000000
52388  5.862  -14.006  56.935 0.0000000000
52398  6.158  -14.325  56.282 0.0000000000
134777  38.593  7.678  29.176 0.0000000000
74347  36.447  6.671  30.002 0.0000000000
142165  35.867  6.408  29.456 0.0000000000
73198  34.740  5.491  30.495 0.0000000000
72080  33.860  4.148  31.271 0.0000000000
70895  35.733  2.869  34.973 0.0000000000
69828  33.798  1.858  32.341 0.0000000000
70912  34.150  2.774  32.586 0.0000000000
69829  33.325  1.904  31.618 0.0000000000
68749  33.454  0.044  31.507 0.0000000000
66617  34.702  -1.832  30.524 0.0000000000
66616  35.167  -1.907  31.081 0.0000000000
66587  36.553  -1.594  33.458 0.0000000000
152260  36.634  -2.816  31.463 0.0000000000
63723  36.416  -3.269  30.852 0.0000000000
143118  35.541  -4.501  29.617 0.0000000000
63724  35.955  -4.471  30.471 0.0000000000
62633  33.916  -5.439  30.655 0.0000000000
148810  34.176  -5.549  29.769 0.0000000000
135549  32.769  -5.846  29.428 0.0000000000
61317  34.551  -6.295  44.786 0.0000000000
151093  35.352  -5.427  45.028 0.0000000000
61331  34.902  -5.739  44.328 0.0000000000
155716  34.529  -5.278  42.937 0.0000000000
61346  34.713  -5.499  43.473 0.0000000000
62506  35.179  -4.833  43.072 0.0000000000
141618  35.906  -4.386  43.253 0.0000000000
62505  35.738  -4.180  42.554 0.0000000000
61402  32.270  -5.451  41.039 0.0000000000
135916  32.491  -4.957  40.627 0.0000000000
63614  34.822  -3.982  40.309 0.0000000000
62527  33.833  -4.353  40.976 0.0000000000
63613  35.686  -3.713  40.647 0.0000000000
63604  35.629  -3.814  41.701 0.0000000000
135999  36.379  -3.417  40.953 0.0000000000
63611  36.871  -3.233  40.299 0.0000000000
63612  36.472  -3.652  39.993 0.0000000000
63631  36.919  -3.719  38.588 0.0000000000
63642  37.067  -3.586  38.034 0.0000000000
63641  37.375  -3.084  38.014 0.0000000000
146575  37.048  -4.113  37.107 0.0000000000
62591  35.343  -5.524  35.392 0.0000000000
157891  35.996  -5.437  35.691 0.0000000000
62601  35.373  -5.556  34.517 0.0000000000
62579  31.563  -5.124  36.109 0.0000000000
63667  31.817  -4.898  35.259 0.0000000000
158114  31.687  -4.596  33.135 0.0000000000
63691  32.858  -5.071  33.140 0.0000000000
62612  33.692  -5.342  33.633 0.0000000000
76732  40.139  7.866  26.730 0.0000000000
75561  39.744  7.737  25.877 0.0000000000
76733  39.417  7.636  26.622 0.0000000000
74391  36.883  7.045  24.834 0.0000000000
75598  37.769  7.303  24.912 0.0000000000
135116  37.042  6.752  23.683 0.0000000000
74384  34.827  5.859  26.329 0.0000000000
73247  34.119  4.951  25.038 0.0000000000
73276  33.795  4.126  22.827 0.0000000000
73275  34.412  4.830  23.275 0.0000000000
152269  34.851  5.094  22.681 0.0000000000
156472  35.331  5.433  22.569 0.0000000000
73274  35.048  5.143  21.984 0.0000000000
87448  59.108  19.236  1.991 0.0000000000
87455  58.838  18.684  1.280 0.0000000000
87454  59.578  19.110  1.532 0.0000000000
159044  53.218  15.765  2.839 0.0000000000
75577  41.992  7.724  24.354 0.0000000000
75594  41.486  7.436  23.795 0.0000000000
75578  40.994  7.785  24.454 0.0000000000
75576  43.360  8.038  24.891 0.0000000000
58825  19.281  -7.332  40.891 0.0000000000
58812  19.219  -7.057  41.866 0.0000000000
134133  18.929  -7.072  42.646 0.0000000000
62509  23.309  -5.591  43.033 0.0000000000
62508  24.087  -5.325  42.731 0.0000000000
152755  22.635  -5.652  42.709 0.0000000000
79015  42.205  10.098  15.609 0.0000000000
78988  44.098  10.621  18.876 0.0000000000
78995  43.944  10.892  17.908 0.0000000000
79003  43.887  11.010  16.806 0.0000000000
79014  42.825  10.380  15.974 0.0000000000
58676  19.185  -8.014  51.398 0.0000000000
133101  18.839  -8.119  50.640 0.0000000000
54453  10.340  -12.525  52.366 0.0000000000
53472  9.252  -13.418  53.177 0.0000000000
53453  9.024  -13.063  54.994 0.0000000000
68695  38.698  0.310  38.013 0.0000000000
67577  38.053  -0.724  36.906 0.0000000000
66570  37.761  -1.366  36.183 0.0000000000
66575  37.523  -1.272  35.533 0.0000000000
65638  37.734  -2.058  36.385 0.0000000000
155000  37.455  -2.699  36.206 0.0000000000
63665  37.329  -3.741  35.732 0.0000000000
58888  28.301  -7.397  36.930 0.0000000000
58871  29.055  -7.212  37.896 0.0000000000
58887  28.896  -7.549  36.941 0.0000000000
133686  28.901  -7.627  36.021 0.0000000000
60190  29.415  -7.334  36.391 0.0000000000
60205  30.009  -7.061  35.896 0.0000000000
60219  28.676  -7.642  34.413 0.0000000000
72101  33.351  4.537  29.050 0.0000000000
72108  33.312  4.615  28.120 0.0000000000
72102  32.907  3.748  28.525 0.0000000000
70950  32.665  2.922  28.019 0.0000000000
86454  53.838  17.614  7.698 0.0000000000
87430  54.578  18.044  8.208 0.0000000000
87441  56.262  19.006  4.171 0.0000000000
75662  41.613  7.571  19.962 0.0000000000
138353  42.015  7.187  20.461 0.0000000000
75651  41.221  7.001  20.184 0.0000000000
74488  40.752  6.575  20.389 0.0000000000
73272  38.938  6.067  21.758 0.0000000000
73294  39.277  5.941  21.274 0.0000000000
73295  38.470  5.931  21.046 0.0000000000
73318  38.012  5.917  20.248 0.0000000000
132538  44.910  7.918  23.440 0.0000000000
75611  45.231  8.141  22.998 0.0000000000
75625  44.474  7.840  22.182 0.0000000000
76792  44.593  8.535  21.545 0.0000000000
76793  44.019  8.422  21.031 0.0000000000
149895  43.496  7.889  20.960 0.0000000000
57754  17.239  -9.183  40.950 0.0000000000
58741  31.832  -7.679  45.596 0.0000000000
58759  32.085  -7.654  44.939 0.0000000000
58780  30.832  -7.906  44.686 0.0000000000
58798  29.909  -7.865  43.550 0.0000000000
58811  29.218  -7.616  42.952 0.0000000000
61386  25.877  -5.392  40.768 0.0000000000
61385  26.697  -5.700  41.173 0.0000000000
61404  26.063  -5.244  39.976 0.0000000000
61419  26.381  -5.169  39.320 0.0000000000
61418  27.111  -5.480  39.077 0.0000000000
61437  26.285  -5.204  38.498 0.0000000000
153584  25.777  -5.304  37.814 0.0000000000
61455  25.030  -5.318  37.485 0.0000000000
62580  24.197  -5.629  36.123 0.0000000000
62581  23.465  -5.669  36.506 0.0000000000
62582  22.790  -5.820  36.901 0.0000000000
67661  33.756  -1.439  29.849 0.0000000000
132322  50.158  13.780  12.733 0.0000000000
83446  50.566  14.232  12.075 0.0000000000
83458  50.025  14.485  11.175 0.0000000000
83479  49.515  14.839  9.465 0.0000000000
84545  51.057  15.819  7.528 0.0000000000
85509  51.440  15.958  6.755 0.0000000000
85513  51.368  15.589  5.881 0.0000000000
61309  23.820  -6.686  45.979 0.0000000000
60066  23.039  -7.065  45.710 0.0000000000
60049  24.082  -6.836  46.736 0.0000000000
157402  23.599  -7.188  47.146 0.0000000000
61306  26.304  -6.154  46.745 0.0000000000
61307  25.430  -6.165  46.478 0.0000000000
61308  24.594  -6.367  46.242 0.0000000000
81189  48.868  13.044  15.664 0.0000000000
81200  48.330  12.807  15.272 0.0000000000
81216  47.809  12.639  14.817 0.0000000000
138846  45.821  12.198  13.834 0.0000000000
58743  20.949  -8.006  45.809 0.0000000000
135987  19.748  -7.534  44.962 0.0000000000
58763  20.122  -8.027  45.543 0.0000000000
151725  18.945  -8.212  45.912 0.0000000000
142062  16.636  -8.323  47.952 0.0000000000
57703  15.128  -8.807  46.103 0.0000000000
57716  14.610  -9.335  45.605 0.0000000000
57704  14.490  -9.237  46.457 0.0000000000
56710  13.942  -9.818  46.801 0.0000000000
58671  14.693  -8.184  52.436 0.0000000000
55543  12.096  -11.026  51.322 0.0000000000
56652  12.531  -10.413  51.048 0.0000000000
55554  12.220  -11.068  50.534 0.0000000000
55571  12.445  -11.012  49.686 0.0000000000
138496  12.365  -11.249  48.780 0.0000000000
144520  35.859  6.290  30.620 0.0000000000
74335  35.831  6.101  31.377 0.0000000000
73190  35.189  5.364  31.836 0.0000000000
70893  36.951  1.948  36.370 0.0000000000
70885  36.922  2.833  36.585 0.0000000000
70903  35.222  2.767  34.279 0.0000000000
69819  34.449  1.740  33.131 0.0000000000
69827  34.232  0.878  32.720 0.0000000000
68744  34.194  0.077  32.178 0.0000000000
67634  34.869  -0.613  32.335 0.0000000000
64673  37.265  -3.005  33.077 0.0000000000
64680  37.003  -2.837  32.119 0.0000000000
64674  37.226  -3.673  32.223 0.0000000000
137220  36.743  -4.316  31.633 0.0000000000
63712  36.048  -4.974  31.148 0.0000000000
153161  35.452  -5.037  30.386 0.0000000000
62632  34.874  -5.380  31.210 0.0000000000
141853  33.766  -5.380  31.649 0.0000000000
60091  33.348  -7.100  43.483 0.0000000000
60103  33.754  -6.593  43.216 0.0000000000
60104  33.189  -6.916  42.731 0.0000000000
61365  33.503  -6.232  42.620 0.0000000000
61384  33.335  -5.699  42.021 0.0000000000
61416  32.543  -4.683  39.780 0.0000000000
62538  33.226  -4.437  39.731 0.0000000000
63623  34.940  -4.209  39.229 0.0000000000
153092  35.913  -4.212  38.949 0.0000000000
63633  35.571  -4.513  38.332 0.0000000000
63643  36.114  -4.714  37.662 0.0000000000
62558  36.557  -4.742  37.001 0.0000000000
62559  35.821  -5.158  36.943 0.0000000000
62577  34.660  -5.380  35.952 0.0000000000
62603  30.536  -5.464  34.385 0.0000000000
63681  31.262  -4.910  34.474 0.0000000000
63694  30.804  -4.916  33.812 0.0000000000
63706  30.559  -4.680  33.040 0.0000000000
63705  31.239  -4.528  32.751 0.0000000000
63714  31.353  -4.554  32.009 0.0000000000
63715  30.501  -4.570  32.042 0.0000000000
157164  38.376  7.348  27.516 0.0000000000
75546  38.723  7.469  27.010 0.0000000000
144312  37.942  7.284  27.225 0.0000000000
75583  36.587  6.958  26.028 0.0000000000
74392  35.985  6.610  25.328 0.0000000000
141507  33.286  3.736  24.902 0.0000000000
73248  33.717  4.271  24.604 0.0000000000
87450  57.530  18.821  2.321 0.0000000000
74435  42.967  6.845  22.433 0.0000000000
159354  41.834  6.467  21.810 0.0000000000
147614  41.832  6.547  22.210 0.0000000000
73269  41.243  6.547  22.319 0.0000000000
73270  40.509  6.309  22.046 0.0000000000
74404  41.443  7.079  23.260 0.0000000000
74438  38.591  6.312  22.169 0.0000000000
151666  37.325  6.014  21.722 0.0000000000
75572  45.978  8.494  24.666 0.0000000000
75590  45.423  8.268  24.089 0.0000000000
75574  44.693  8.143  24.782 0.0000000000
75591  44.704  7.989  24.059 0.0000000000
74415  43.866  7.362  23.230 0.0000000000
135280  43.455  7.118  22.735 0.0000000000
57753  17.864  -8.688  40.922 0.0000000000
139217  17.412  -8.624  41.610 0.0000000000
57745  16.951  -8.588  42.282 0.0000000000
60080  27.853  -6.606  43.961 0.0000000000
61349  26.614  -5.754  43.344 0.0000000000
61368  26.228  -5.531  42.559 0.0000000000
62518  24.625  -5.294  41.898 0.0000000000
153872  24.932  -5.273  41.099 0.0000000000
133602  24.147  -5.192  40.620 0.0000000000
62540  23.159  -5.167  39.197 0.0000000000
62551  22.612  -5.458  38.497 0.0000000000
61421  22.002  -5.613  39.139 0.0000000000
142489  20.653  -6.628  39.326 0.0000000000
60152  20.560  -6.435  40.119 0.0000000000
133564  48.061  13.656  11.263 0.0000000000
61273  25.639  -6.650  49.208 0.0000000000
141666  26.229  -6.535  49.810 0.0000000000
80069  46.587  12.049  19.280 0.0000000000
80077  46.545  12.207  18.393 0.0000000000
80078  45.784  11.796  18.564 0.0000000000
81182  47.068  12.369  16.195 0.0000000000
80104  46.155  12.014  15.419 0.0000000000
149717  45.523  11.816  15.067 0.0000000000
80106  44.325  11.243  15.825 0.0000000000
132607  44.709  11.524  15.012 0.0000000000
80113  44.112  11.303  13.955 0.0000000000
58713  20.440  -8.311  48.431 0.0000000000
58714  19.417  -8.401  48.328 0.0000000000
58715  18.459  -8.396  48.466 0.0000000000
157473  17.889  -8.369  48.584 0.0000000000
134377  17.280  -8.307  48.798 0.0000000000
157643  16.445  -8.256  48.763 0.0000000000
58716  15.859  -8.230  49.212 0.0000000000
58717  15.107  -8.320  48.910 0.0000000000
56624  12.869  -9.599  53.181 0.0000000000
55515  11.888  -10.729  52.910 0.0000000000
55529  12.012  -10.876  52.090 0.0000000000
53487  9.869  -13.232  51.910 0.0000000000
69793  37.610  1.523  36.968 0.0000000000
69803  37.125  1.077  36.087 0.0000000000
69810  36.692  0.591  35.363 0.0000000000
68721  36.442  0.066  34.749 0.0000000000
67616  35.992  -0.458  33.680 0.0000000000
67600  36.349  -0.383  34.268 0.0000000000
67615  36.511  -0.969  34.043 0.0000000000
65652  36.935  -2.235  33.729 0.0000000000
65651  37.179  -2.203  34.684 0.0000000000
63700  37.507  -3.992  33.057 0.0000000000
155517  36.262  -5.358  33.414 0.0000000000
134489  30.307  -6.531  40.289 0.0000000000
60135  31.105  -6.124  40.799 0.0000000000
60149  30.654  -5.638  40.072 0.0000000000
60162  31.137  -5.027  39.699 0.0000000000
60176  29.436  -6.800  38.164 0.0000000000
60175  30.194  -5.623  38.055 0.0000000000
61451  31.495  -4.954  38.219 0.0000000000
62562  32.068  -4.870  37.712 0.0000000000
63647  32.615  -4.827  37.039 0.0000000000
62578  31.859  -4.973  36.889 0.0000000000
61483  29.828  -6.990  34.917 0.0000000000
61509  29.858  -5.873  33.582 0.0000000000
74367  35.836  6.478  28.107 0.0000000000
74376  35.205  6.237  27.723 0.0000000000
73233  34.037  5.333  26.809 0.0000000000
73234  33.604  4.691  26.407 0.0000000000
73241  33.537  4.310  25.558 0.0000000000
72122  33.005  3.403  25.522 0.0000000000
86467  55.999  17.610  1.695 0.0000000000
77907  41.933  9.569  18.284 0.0000000000
77909  40.541  8.558  18.295 0.0000000000
76818  41.133  8.025  19.410 0.0000000000
75673  40.235  7.851  18.841 0.0000000000
73314  41.521  6.397  21.394 0.0000000000
73328  40.221  6.251  20.582 0.0000000000
74489  39.784  6.418  19.978 0.0000000000
154280  38.805  6.020  20.170 0.0000000000
73329  39.260  6.159  20.113 0.0000000000
74490  38.855  6.259  19.452 0.0000000000
74500  38.522  6.237  18.636 0.0000000000
76766  45.721  8.625  23.256 0.0000000000
144075  46.466  9.527  23.453 0.0000000000
78981  45.445  10.622  20.776 0.0000000000
77889  44.286  9.684  20.368 0.0000000000
76807  43.876  8.966  20.493 0.0000000000
77890  43.714  9.688  19.715 0.0000000000
61304  35.575  -5.861  46.677 0.0000000000
60058  35.024  -6.245  46.013 0.0000000000
146798  34.464  -6.492  45.441 0.0000000000
60077  33.453  -7.143  44.281 0.0000000000
58778  32.315  -7.556  44.265 0.0000000000
58777  32.807  -7.393  43.887 0.0000000000
58795  32.700  -7.346  43.111 0.0000000000
58809  32.054  -7.589  42.752 0.0000000000
134490  31.846  -7.294  41.994 0.0000000000
134651  30.660  -7.602  41.158 0.0000000000
60094  27.956  -6.646  42.924 0.0000000000
60106  28.581  -7.232  42.467 0.0000000000
60107  27.390  -6.189  41.556 0.0000000000
60121  27.958  -6.764  41.129 0.0000000000
58824  29.200  -7.746  42.089 0.0000000000
134080  29.307  -7.835  41.289 0.0000000000
133323  30.049  -7.923  41.151 0.0000000000
58834  30.252  -7.343  40.655 0.0000000000
58847  29.308  -7.304  39.863 0.0000000000
58848  28.898  -7.197  39.419 0.0000000000
144181  28.187  -6.909  38.136 0.0000000000
61436  27.231  -5.722  38.230 0.0000000000
60166  27.818  -6.389  38.103 0.0000000000
60177  27.795  -6.988  37.376 0.0000000000
60193  27.061  -6.733  36.624 0.0000000000
61484  26.151  -6.693  34.801 0.0000000000
69843  32.576  1.385  30.348 0.0000000000
85490  53.229  16.301  10.763 0.0000000000
82331  49.234  14.117  11.365 0.0000000000
83468  50.452  14.930  10.610 0.0000000000
84524  51.007  15.182  10.535 0.0000000000
84535  52.350  15.978  10.375 0.0000000000
85503  53.481  17.050  9.138 0.0000000000
86452  53.249  17.154  8.152 0.0000000000
85507  52.516  16.738  7.617 0.0000000000
86455  53.085  17.188  7.172 0.0000000000
86461  53.799  17.461  4.631 0.0000000000
86460  53.046  16.966  5.113 0.0000000000
60108  21.760  -6.270  43.699 0.0000000000
60068  21.414  -7.499  45.336 0.0000000000
60067  22.212  -7.331  45.545 0.0000000000
139586  21.211  -8.145  46.810 0.0000000000
140093  20.892  -8.273  47.698 0.0000000000
59993  25.008  -6.847  48.721 0.0000000000
60010  24.253  -7.124  48.316 0.0000000000
134588  23.529  -7.445  48.818 0.0000000000
59995  23.629  -7.446  49.687 0.0000000000
60011  22.754  -7.732  48.504 0.0000000000
157819  22.122  -8.020  48.244 0.0000000000
58712  21.354  -8.177  48.509 0.0000000000
134789  20.801  -8.223  49.060 0.0000000000
58696  20.722  -8.174  49.891 0.0000000000
58687  20.583  -8.097  50.766 0.0000000000
145923  20.707  -7.949  51.482 0.0000000000
58675  20.014  -8.004  51.436 0.0000000000
62457  36.960  -5.053  47.510 0.0000000000
61289  35.803  -5.856  47.609 0.0000000000
61290  35.184  -6.236  47.424 0.0000000000
61291  34.522  -6.648  47.301 0.0000000000
141221  32.858  -7.360  46.532 0.0000000000
60025  32.802  -7.330  47.512 0.0000000000
60043  31.889  -7.606  46.396 0.0000000000
58742  31.279  -7.734  45.895 0.0000000000
60062  30.124  -7.618  45.820 0.0000000000
60064  28.748  -7.222  45.126 0.0000000000
145761  29.237  -7.313  46.775 0.0000000000
60047  28.754  -7.210  46.037 0.0000000000
60065  28.002  -6.870  44.890 0.0000000000
155173  27.318  -6.308  44.801 0.0000000000
145805  26.050  -5.585  44.189 0.0000000000
61334  24.957  -5.534  44.218 0.0000000000
61351  23.856  -5.644  43.721 0.0000000000
77918  40.955  9.399  16.677 0.0000000000
82295  51.485  13.804  14.999 0.0000000000
147700  51.035  13.616  14.260 0.0000000000
81214  49.760  13.174  14.890 0.0000000000
82306  49.922  13.275  14.218 0.0000000000
82314  49.493  13.359  13.441 0.0000000000
82315  48.683  13.348  12.918 0.0000000000
81202  47.331  12.457  14.978 0.0000000000
136737  47.207  12.518  14.304 0.0000000000
135713  46.573  12.442  13.852 0.0000000000
82324  47.377  13.229  11.522 0.0000000000
60097  20.207  -6.475  43.309 0.0000000000
58799  19.532  -6.769  43.478 0.0000000000
58800  18.812  -7.171  43.544 0.0000000000
58801  18.083  -7.628  43.176 0.0000000000
157085  19.405  -8.458  47.474 0.0000000000
58746  18.292  -8.320  46.116 0.0000000000
58747  17.455  -8.363  46.275 0.0000000000
58766  17.703  -8.144  45.444 0.0000000000
57713  17.037  -8.045  44.760 0.0000000000
57725  16.313  -8.356  44.129 0.0000000000
142426  15.683  -9.013  43.673 0.0000000000
157353  15.192  -9.415  43.409 0.0000000000
135773  14.205  -9.991  45.048 0.0000000000
55655  13.756  -10.802  44.366 0.0000000000
58689  16.205  -8.133  50.822 0.0000000000
58701  15.262  -8.270  49.723 0.0000000000
58702  14.591  -8.520  49.418 0.0000000000
57667  13.516  -9.080  51.918 0.0000000000
57670  13.523  -9.205  51.151 0.0000000000
57671  14.113  -8.941  49.859 0.0000000000
57677  14.098  -9.005  49.081 0.0000000000
153609  13.611  -9.717  48.284 0.0000000000
56701  13.376  -10.354  47.127 0.0000000000
55625  12.996  -11.047  46.622 0.0000000000
53455  7.588  -13.709  55.651 0.0000000000
52411  7.127  -14.460  55.239 0.0000000000
52412  6.416  -14.729  55.617 0.0000000000
53444  6.566  -13.666  56.661 0.0000000000
75535  37.934  7.342  28.850 0.0000000000
75536  37.107  6.916  28.423 0.0000000000
75537  36.363  6.639  28.437 0.0000000000
74358  35.817  6.445  28.817 0.0000000000
74359  35.194  6.126  29.299 0.0000000000
73205  34.596  5.599  29.828 0.0000000000
73206  33.858  5.045  29.603 0.0000000000
72093  33.320  3.899  29.984 0.0000000000
152648  35.226  4.916  32.759 0.0000000000
73180  34.719  4.445  32.336 0.0000000000
72058  34.511  3.527  32.763 0.0000000000
72069  34.184  3.837  31.986 0.0000000000
70926  33.052  2.585  30.793 0.0000000000
137600  33.606  -0.806  30.994 0.0000000000
67651  34.008  -1.441  30.461 0.0000000000
67633  35.545  -1.136  32.472 0.0000000000
66599  35.719  -1.766  31.842 0.0000000000
65659  36.414  -2.265  31.999 0.0000000000
64699  35.779  -3.172  30.193 0.0000000000
64700  35.586  -3.781  29.280 0.0000000000
63730  35.118  -5.021  28.904 0.0000000000
62657  34.544  -5.573  28.964 0.0000000000
65619  38.244  -2.017  38.177 0.0000000000
62469  36.148  -5.216  46.159 0.0000000000
62480  35.972  -5.027  45.295 0.0000000000
62489  36.446  -4.381  44.752 0.0000000000
62498  35.391  -4.959  43.755 0.0000000000
63592  36.797  -3.301  42.234 0.0000000000
60133  32.802  -5.706  41.530 0.0000000000
61383  33.903  -4.856  41.844 0.0000000000
62528  33.052  -4.699  40.561 0.0000000000
63603  36.352  -3.578  41.942 0.0000000000
63601  37.185  -2.825  41.620 0.0000000000
63620  36.916  -3.466  39.447 0.0000000000
136136  37.260  -3.212  39.001 0.0000000000
148920  37.684  -2.780  39.292 0.0000000000
63629  37.852  -2.684  38.948 0.0000000000
64642  38.015  -2.364  38.214 0.0000000000
150316  37.815  -2.449  37.732 0.0000000000
63654  37.351  -3.196  36.884 0.0000000000
62589  37.189  -4.519  35.592 0.0000000000
62575  36.300  -5.194  36.298 0.0000000000
62590  36.654  -5.150  35.619 0.0000000000
63677  36.932  -5.071  34.855 0.0000000000
62600  36.367  -5.352  34.098 0.0000000000
62610  35.485  -5.529  33.531 0.0000000000
63657  33.212  -4.952  36.394 0.0000000000
63666  33.044  -5.024  35.673 0.0000000000
157939  33.810  -5.342  35.075 0.0000000000
63680  32.011  -4.782  34.375 0.0000000000
132743  33.293  -5.201  35.050 0.0000000000
63678  33.763  -5.353  34.514 0.0000000000
62611  34.522  -5.508  33.156 0.0000000000
62634  32.825  -5.226  30.941 0.0000000000
63713  31.990  -4.839  31.567 0.0000000000
148969  31.906  -5.066  30.701 0.0000000000
62646  32.328  -5.435  30.062 0.0000000000
75579  40.014  7.782  24.896 0.0000000000
75581  38.296  7.455  25.464 0.0000000000
75597  38.498  7.384  24.536 0.0000000000
138995  37.878  6.777  23.177 0.0000000000
74421  37.288  6.477  22.945 0.0000000000
154327  37.138  6.214  22.502 0.0000000000
74393  35.323  6.177  25.493 0.0000000000
151214  35.623  6.336  24.927 0.0000000000
74409  34.604  5.378  24.621 0.0000000000
74424  34.837  5.432  23.926 0.0000000000
74423  35.584  5.930  23.657 0.0000000000
134584  35.822  5.804  22.831 0.0000000000
74440  36.559  5.952  22.298 0.0000000000
74457  36.501  5.746  21.428 0.0000000000
86465  54.014  17.267  3.601 0.0000000000
86469  54.335  16.969  2.623 0.0000000000
85526  53.854  15.939  2.171 0.0000000000
58758  32.825  -7.373  44.784 0.0000000000
58760  31.422  -7.807  45.138 0.0000000000
58761  30.755  -7.775  45.458 0.0000000000
58779  31.625  -7.853  44.234 0.0000000000
58821  31.198  -7.464  41.543 0.0000000000
58835  29.524  -7.660  40.535 0.0000000000
58837  28.669  -7.183  40.107 0.0000000000
58846  29.813  -7.158  40.200 0.0000000000
58858  29.443  -6.649  38.952 0.0000000000
58859  29.157  -7.099  39.186 0.0000000000
58861  28.581  -7.066  38.669 0.0000000000
60063  29.468  -7.464  45.454 0.0000000000
60076  34.075  -6.799  44.732 0.0000000000
60093  28.578  -7.133  43.385 0.0000000000
60120  28.587  -7.345  41.493 0.0000000000
60134  31.869  -6.042  41.189 0.0000000000
60163  30.356  -5.465  39.099 0.0000000000
60206  29.255  -7.487  35.334 0.0000000000
61305  27.157  -6.357  47.024 0.0000000000
61315  35.492  -5.619  45.736 0.0000000000
61332  34.341  -6.390  44.281 0.0000000000
61347  34.281  -6.198  43.703 0.0000000000
61364  33.979  -5.458  42.525 0.0000000000
61401  32.715  -5.198  41.092 0.0000000000
61434  31.739  -4.782  39.215 0.0000000000
61481  30.984  -5.733  36.222 0.0000000000
61496  30.060  -6.286  34.466 0.0000000000
62561  32.778  -4.697  37.803 0.0000000000
62564  24.221  -5.380  37.004 0.0000000000
62574  36.923  -4.671  36.320 0.0000000000
63621  36.512  -3.943  39.169 0.0000000000
63630  37.452  -2.995  38.550 0.0000000000
63640  37.764  -2.664  38.322 0.0000000000
63692  32.131  -4.735  33.527 0.0000000000
64638  38.208  -2.360  38.794 0.0000000000
64647  37.602  -2.650  37.143 0.0000000000
64672  37.169  -2.807  33.998 0.0000000000
65631  38.361  -1.679  37.968 0.0000000000
65644  37.518  -1.810  35.525 0.0000000000
66576  37.247  -1.482  34.965 0.0000000000
67576  38.501  -0.352  37.695 0.0000000000
67599  36.818  -0.559  34.809 0.0000000000
72036  35.996  3.414  35.272 0.0000000000
72115  33.436  4.643  27.208 0.0000000000
73232  34.634  5.834  27.283 0.0000000000
73254  34.230  4.848  24.205 0.0000000000
73291  42.385  6.617  22.080 0.0000000000
73297  35.595  5.232  21.070 0.0000000000
73317  38.699  5.949  20.540 0.0000000000
73330  38.465  6.069  19.619 0.0000000000
74401  43.625  7.481  23.677 0.0000000000
74403  42.164  7.265  23.636 0.0000000000
74408  35.216  5.958  24.602 0.0000000000
74436  40.073  6.430  22.287 0.0000000000
74456  42.230  6.589  21.590 0.0000000000
74487  41.615  6.729  20.659 0.0000000000
75547  37.221  6.996  27.559 0.0000000000
75562  38.898  7.591  26.091 0.0000000000
75563  38.078  7.416  26.387 0.0000000000
75564  37.270  7.150  26.700 0.0000000000
75593  43.498  7.734  24.232 0.0000000000
75604  44.382  7.685  23.519 0.0000000000
75612  44.333  7.565  23.125 0.0000000000
76777  44.791  8.228  22.060 0.0000000000
82305  50.459  13.387  14.552 0.0000000000
132565  37.259  -3.419  37.322 0.0000000000
133941  50.969  13.550  14.831 0.0000000000
134378  18.060  -8.314  49.112 0.0000000000
135074  18.655  -7.646  44.763 0.0000000000
137604  33.062  -4.504  39.126 0.0000000000
138283  38.792  7.476  27.765 0.0000000000
138470  39.691  7.254  23.441 0.0000000000
139810  40.878  6.915  22.927 0.0000000000
141105  26.489  -5.928  44.890 0.0000000000
144068  40.702  6.624  22.492 0.0000000000
145900  46.584  12.296  16.715 0.0000000000
145938  34.943  -6.353  46.755 0.0000000000
146765  33.778  -5.222  35.689 0.0000000000
147249  28.132  -6.995  45.593 0.0000000000
150568  30.240  -7.842  44.332 0.0000000000
151461  30.673  -7.683  46.100 0.0000000000
156859  23.304  -5.435  42.475 0.0000000000
158104  35.372  -6.145  48.088 0.0000000000
159339  37.514  -2.785  37.297 0.0000000000
