#!ascii label  , from subject ICBM2009cNolinAsym vox2ras=TkReg
986
100476  44.748  31.569  3.774 0.0000000000
99780  49.595  30.611  -8.497 0.0000000000
103820  54.567  35.579  -10.669 0.0000000000
94720  48.775  24.290  -16.924 0.0000000000
96458  44.615  26.584  -1.348 0.0000000000
103716  57.244  35.576  -2.280 0.0000000000
99055  49.973  28.986  -15.474 0.0000000000
102225  42.594  34.044  -14.035 0.0000000000
153430  53.032  33.495  -1.001 0.0000000000
100505  47.922  31.310  -1.906 0.0000000000
95576  47.632  25.778  -6.809 0.0000000000
102974  48.968  34.496  -9.799 0.0000000000
154907  47.087  33.674  -16.431 0.0000000000
101367  54.402  32.670  -9.972 0.0000000000
101446  51.527  32.266  -18.670 0.0000000000
104622  43.677  36.150  -11.610 0.0000000000
101290  48.785  32.724  1.907 0.0000000000
99717  46.371  31.792  1.511 0.0000000000
96480  45.822  26.880  -4.316 0.0000000000
103760  53.214  35.528  -6.773 0.0000000000
103762  50.693  35.230  -6.995 0.0000000000
103822  51.730  34.781  -10.680 0.0000000000
103011  48.047  34.427  -13.175 0.0000000000
141026  50.609  34.373  -14.571 0.0000000000
100512  51.595  32.243  -4.952 0.0000000000
101320  53.843  32.823  -5.095 0.0000000000
100550  51.801  31.811  -8.821 0.0000000000
97434  50.647  27.275  -18.160 0.0000000000
99839  51.101  29.876  -17.596 0.0000000000
98293  49.300  28.302  -19.381 0.0000000000
99069  47.869  29.289  -17.877 0.0000000000
95656  47.165  25.613  -16.793 0.0000000000
93654  46.592  23.954  -12.513 0.0000000000
98945  42.301  29.897  3.076 0.0000000000
98959  44.542  29.404  1.131 0.0000000000
103756  56.663  35.352  -6.740 0.0000000000
97399  48.511  27.444  -11.134 0.0000000000
99806  49.784  30.346  -12.131 0.0000000000
96552  49.558  26.835  -14.067 0.0000000000
95654  52.069  25.922  -17.171 0.0000000000
102925  54.473  34.961  3.175 0.0000000000
102107  51.097  33.664  3.304 0.0000000000
149237  50.071  32.654  -0.890 0.0000000000
99744  49.242  31.203  -5.001 0.0000000000
98973  45.630  29.174  -1.941 0.0000000000
98990  46.786  29.064  -5.197 0.0000000000
98220  48.063  28.779  -7.861 0.0000000000
95602  48.647  25.713  -9.630 0.0000000000
99705  39.780  30.154  5.099 0.0000000000
104581  47.593  35.444  -5.622 0.0000000000
103797  45.724  35.015  -8.862 0.0000000000
103835  45.316  35.071  -12.465 0.0000000000
102241  44.759  34.425  -15.580 0.0000000000
100589  45.654  31.439  -13.425 0.0000000000
132353  55.644  34.001  -1.250 0.0000000000
102162  56.935  33.880  -5.998 0.0000000000
102206  56.768  34.221  -11.494 0.0000000000
100579  51.981  31.868  -12.825 0.0000000000
145740  54.216  32.848  -14.381 0.0000000000
103034  54.307  34.341  -15.386 0.0000000000
102257  49.124  33.026  -17.747 0.0000000000
99057  47.002  29.846  -15.477 0.0000000000
138743  42.475  36.607  -11.729 0.0000000000
104613  43.866  35.987  -10.542 0.0000000000
100474  46.132  32.186  3.389 0.0000000000
99710  45.535  31.768  2.584 0.0000000000
133038  54.616  35.630  -9.208 0.0000000000
103792  52.581  35.305  -9.099 0.0000000000
103821  52.819  35.102  -10.892 0.0000000000
102995  51.645  34.584  -12.030 0.0000000000
157303  52.896  34.881  -13.281 0.0000000000
99763  50.248  31.129  -7.123 0.0000000000
154458  51.610  31.787  -7.066 0.0000000000
100551  51.013  31.449  -8.411 0.0000000000
95662  50.102  25.505  -18.325 0.0000000000
97440  50.219  27.605  -18.857 0.0000000000
96582  48.507  26.154  -18.353 0.0000000000
96576  47.823  26.339  -17.926 0.0000000000
94721  48.015  24.641  -16.620 0.0000000000
94702  47.351  24.213  -14.828 0.0000000000
93683  48.274  23.836  -15.301 0.0000000000
98961  43.198  28.978  1.685 0.0000000000
103735  55.490  35.713  -4.221 0.0000000000
103743  56.923  35.302  -4.754 0.0000000000
142107  49.274  25.739  -11.639 0.0000000000
96547  48.826  26.933  -12.278 0.0000000000
137637  50.220  25.379  -12.999 0.0000000000
95647  52.021  25.698  -16.121 0.0000000000
94718  53.373  25.067  -17.330 0.0000000000
94727  52.437  25.119  -17.550 0.0000000000
100489  48.282  32.146  0.283 0.0000000000
101294  49.820  32.814  0.748 0.0000000000
100498  49.282  32.152  -1.803 0.0000000000
100508  49.659  31.882  -3.558 0.0000000000
99739  48.265  31.049  -3.752 0.0000000000
98187  45.120  28.449  0.004 0.0000000000
98967  45.509  29.184  -0.234 0.0000000000
98191  44.915  28.094  -1.406 0.0000000000
157920  47.022  26.061  -5.846 0.0000000000
97357  46.049  27.564  -4.772 0.0000000000
97373  46.821  27.388  -5.983 0.0000000000
98996  47.734  29.249  -6.375 0.0000000000
97380  47.487  27.505  -7.367 0.0000000000
96521  47.957  26.775  -8.832 0.0000000000
95593  48.486  25.302  -8.353 0.0000000000
93593  50.750  23.676  -8.616 0.0000000000
103794  49.716  34.817  -8.171 0.0000000000
103763  48.918  34.988  -5.957 0.0000000000
135254  48.623  34.682  -7.555 0.0000000000
103779  46.819  34.916  -7.463 0.0000000000
103810  47.343  34.507  -9.022 0.0000000000
152968  46.227  34.573  -10.488 0.0000000000
102986  47.459  34.359  -10.723 0.0000000000
103040  47.392  34.455  -15.083 0.0000000000
103041  46.347  34.587  -15.261 0.0000000000
102240  45.551  34.082  -15.934 0.0000000000
101407  45.355  32.272  -14.043 0.0000000000
101417  46.281  32.467  -15.388 0.0000000000
102118  53.964  34.338  1.281 0.0000000000
102117  55.559  34.514  0.632 0.0000000000
102130  54.620  33.697  -1.416 0.0000000000
138883  54.011  32.686  -7.564 0.0000000000
101326  55.360  33.135  -5.746 0.0000000000
151568  55.469  33.117  -8.135 0.0000000000
102180  56.989  33.884  -8.513 0.0000000000
101376  56.063  33.278  -10.476 0.0000000000
99041  49.473  29.345  -13.535 0.0000000000
99805  50.440  30.961  -12.638 0.0000000000
99820  50.616  30.642  -14.633 0.0000000000
143869  51.889  31.421  -18.053 0.0000000000
100592  53.014  32.326  -15.603 0.0000000000
100606  53.078  32.604  -17.263 0.0000000000
101422  54.905  33.813  -15.093 0.0000000000
102253  52.907  33.609  -17.504 0.0000000000
144291  52.113  34.122  -17.169 0.0000000000
102262  50.632  33.001  -18.461 0.0000000000
97423  46.535  27.335  -16.269 0.0000000000
99056  47.383  29.771  -16.432 0.0000000000
98273  45.900  27.774  -14.993 0.0000000000
99050  46.091  28.911  -14.080 0.0000000000
154457  56.948  35.953  0.424 0.0000000000
103847  42.158  35.962  -13.234 0.0000000000
103846  42.992  36.126  -13.384 0.0000000000
101264  49.257  33.162  4.506 0.0000000000
101278  47.679  32.685  3.989 0.0000000000
100486  47.156  32.114  1.359 0.0000000000
99727  46.849  31.115  0.182 0.0000000000
148979  45.126  26.914  -2.804 0.0000000000
150743  52.215  35.415  -6.651 0.0000000000
103793  50.816  34.988  -8.404 0.0000000000
102973  49.995  34.641  -9.830 0.0000000000
102998  48.181  34.331  -11.483 0.0000000000
134300  49.899  34.411  -11.956 0.0000000000
103024  49.752  34.347  -13.863 0.0000000000
103039  49.024  34.276  -15.342 0.0000000000
101315  52.002  32.758  -3.481 0.0000000000
101306  53.527  33.189  -3.003 0.0000000000
101329  52.438  32.432  -5.102 0.0000000000
101350  53.185  32.365  -7.869 0.0000000000
149297  53.429  32.404  -9.553 0.0000000000
138963  50.638  27.674  -17.468 0.0000000000
99054  50.421  29.566  -16.044 0.0000000000
149907  50.790  29.002  -17.817 0.0000000000
99073  50.686  29.414  -18.825 0.0000000000
99854  50.353  30.168  -19.343 0.0000000000
139949  49.206  31.114  -18.935 0.0000000000
97443  48.218  28.060  -18.722 0.0000000000
96572  46.848  26.645  -16.820 0.0000000000
95650  46.131  25.662  -15.625 0.0000000000
93653  47.535  23.658  -12.886 0.0000000000
99713  43.510  30.805  3.314 0.0000000000
99720  44.446  30.839  2.068 0.0000000000
98952  43.510  29.741  1.976 0.0000000000
98182  44.378  28.490  1.053 0.0000000000
138697  44.221  26.935  0.356 0.0000000000
103746  54.054  35.525  -5.394 0.0000000000
103758  55.388  35.523  -6.923 0.0000000000
133039  55.586  35.642  -9.458 0.0000000000
99014  48.620  29.164  -9.462 0.0000000000
99793  49.674  30.520  -10.314 0.0000000000
99028  48.784  29.003  -11.186 0.0000000000
98250  49.027  28.507  -12.949 0.0000000000
97417  49.540  27.642  -14.550 0.0000000000
95628  51.173  25.263  -14.285 0.0000000000
96557  50.619  26.536  -15.677 0.0000000000
96565  50.341  27.184  -16.083 0.0000000000
96571  51.411  26.450  -17.386 0.0000000000
139740  50.853  25.527  -18.157 0.0000000000
144708  49.977  24.364  -17.539 0.0000000000
93681  49.729  23.380  -16.139 0.0000000000
102106  52.684  34.297  3.094 0.0000000000
102120  52.247  33.660  0.422 0.0000000000
101283  50.435  33.294  2.456 0.0000000000
101293  50.665  33.025  0.396 0.0000000000
101297  51.504  33.161  -0.998 0.0000000000
101316  51.138  32.572  -3.263 0.0000000000
100522  50.075  31.487  -5.337 0.0000000000
99764  49.557  30.745  -6.719 0.0000000000
98949  45.227  30.694  1.056 0.0000000000
99731  46.369  30.478  -0.196 0.0000000000
99737  46.648  30.338  -1.977 0.0000000000
98198  45.507  28.206  -3.560 0.0000000000
98975  46.263  29.581  -3.445 0.0000000000
99740  47.496  30.672  -3.367 0.0000000000
99756  47.946  30.224  -5.132 0.0000000000
98995  48.345  29.725  -6.769 0.0000000000
99007  48.442  29.224  -8.510 0.0000000000
149318  48.228  28.409  -9.088 0.0000000000
95612  48.743  25.877  -10.306 0.0000000000
137450  49.242  25.391  -10.758 0.0000000000
94618  49.249  24.562  -8.428 0.0000000000
94646  50.435  24.220  -10.202 0.0000000000
99702  42.367  30.744  4.477 0.0000000000
98939  41.050  29.929  4.161 0.0000000000
98165  38.845  28.843  4.292 0.0000000000
104574  47.849  36.672  -4.531 0.0000000000
144602  46.750  36.388  -6.378 0.0000000000
104612  44.636  35.472  -10.458 0.0000000000
103836  44.277  35.762  -12.339 0.0000000000
103855  44.136  35.621  -14.289 0.0000000000
103012  46.970  34.524  -12.882 0.0000000000
103042  45.297  34.992  -14.918 0.0000000000
102234  43.721  34.218  -15.012 0.0000000000
102129  57.139  34.584  -1.710 0.0000000000
152171  54.748  33.314  -3.745 0.0000000000
135602  56.447  33.700  -3.684 0.0000000000
102146  57.425  34.576  -3.693 0.0000000000
102952  57.304  34.788  -6.466 0.0000000000
146229  56.857  35.182  -9.459 0.0000000000
103818  56.058  35.426  -11.221 0.0000000000
99792  50.344  31.085  -10.764 0.0000000000
100564  51.933  31.894  -10.850 0.0000000000
101379  53.649  32.440  -11.244 0.0000000000
99819  51.330  31.218  -15.245 0.0000000000
100586  53.151  32.382  -14.422 0.0000000000
101397  54.515  32.768  -12.801 0.0000000000
101403  55.713  33.545  -13.077 0.0000000000
103006  55.560  34.764  -13.440 0.0000000000
103843  54.764  35.232  -13.113 0.0000000000
137534  52.987  34.722  -14.788 0.0000000000
103051  50.786  34.269  -16.157 0.0000000000
103065  48.305  33.696  -16.646 0.0000000000
100612  48.722  31.694  -18.218 0.0000000000
100608  47.702  31.604  -16.718 0.0000000000
100602  47.032  31.803  -15.841 0.0000000000
99042  46.341  29.895  -13.930 0.0000000000
93655  45.707  24.217  -12.236 0.0000000000
104605  43.297  36.347  -10.057 0.0000000000
156744  43.784  36.109  -9.759 0.0000000000
100461  45.278  31.914  4.530 0.0000000000
100475  45.431  31.880  3.586 0.0000000000
103804  54.307  35.636  -9.908 0.0000000000
103791  53.683  35.543  -9.371 0.0000000000
137310  53.941  35.353  -11.243 0.0000000000
103833  53.328  35.083  -11.888 0.0000000000
100543  50.950  31.467  -7.528 0.0000000000
99771  50.258  31.108  -8.008 0.0000000000
94730  49.347  24.861  -17.798 0.0000000000
95670  49.281  25.712  -18.392 0.0000000000
95663  48.663  25.454  -17.947 0.0000000000
94731  48.364  24.961  -17.375 0.0000000000
150337  48.305  24.157  -16.181 0.0000000000
104550  56.941  36.015  -1.899 0.0000000000
103717  56.977  35.832  -2.685 0.0000000000
150263  56.982  35.642  -3.343 0.0000000000
103724  57.322  35.373  -3.022 0.0000000000
95622  49.985  25.185  -12.070 0.0000000000
95623  49.537  25.862  -12.578 0.0000000000
157858  54.017  25.247  -17.046 0.0000000000
102216  43.067  33.483  -13.514 0.0000000000
100494  48.323  31.930  -0.548 0.0000000000
159308  48.725  32.221  -0.230 0.0000000000
100499  48.510  31.823  -1.397 0.0000000000
100504  48.676  31.693  -2.311 0.0000000000
100510  48.084  31.200  -2.836 0.0000000000
97340  44.592  27.200  -0.694 0.0000000000
98188  44.833  27.951  -0.587 0.0000000000
97347  44.710  27.338  -1.494 0.0000000000
96490  47.174  26.260  -6.265 0.0000000000
96503  47.029  26.880  -6.312 0.0000000000
97372  47.176  27.474  -6.590 0.0000000000
96502  47.317  26.706  -6.856 0.0000000000
96513  47.639  26.456  -7.647 0.0000000000
95584  48.058  25.534  -7.622 0.0000000000
103808  49.373  34.706  -9.042 0.0000000000
140348  48.784  34.648  -8.375 0.0000000000
103809  48.378  34.560  -9.021 0.0000000000
103795  47.744  34.623  -8.109 0.0000000000
102975  47.938  34.386  -9.825 0.0000000000
159267  46.800  34.451  -10.536 0.0000000000
103054  47.049  34.290  -15.990 0.0000000000
103055  46.169  34.226  -16.057 0.0000000000
102239  46.411  33.732  -16.231 0.0000000000
101427  45.813  33.406  -15.889 0.0000000000
102125  53.074  33.755  -0.111 0.0000000000
102124  53.997  33.781  -0.654 0.0000000000
102131  53.658  33.485  -1.557 0.0000000000
138205  54.621  32.795  -9.108 0.0000000000
101356  54.731  32.871  -8.259 0.0000000000
153181  55.427  33.075  -8.922 0.0000000000
101365  56.108  33.317  -9.558 0.0000000000
101377  55.333  32.925  -10.744 0.0000000000
99048  49.710  29.179  -14.530 0.0000000000
99040  49.959  30.056  -14.082 0.0000000000
99047  50.193  29.814  -15.067 0.0000000000
100618  51.804  31.894  -18.457 0.0000000000
100611  52.441  32.294  -17.908 0.0000000000
101432  53.549  33.175  -17.056 0.0000000000
102254  52.285  33.264  -18.042 0.0000000000
102261  51.542  32.865  -18.527 0.0000000000
97424  45.918  27.090  -15.473 0.0000000000
98272  46.346  28.035  -15.647 0.0000000000
97418  45.438  27.236  -14.641 0.0000000000
104623  43.041  36.495  -11.765 0.0000000000
104633  42.548  36.431  -12.511 0.0000000000
104632  43.387  36.285  -12.565 0.0000000000
101266  47.567  32.676  5.013 0.0000000000
100482  46.222  32.082  2.393 0.0000000000
100481  47.020  32.310  2.231 0.0000000000
100490  47.384  31.796  0.601 0.0000000000
99724  46.587  31.432  0.802 0.0000000000
143361  52.692  35.459  -5.975 0.0000000000
103806  52.190  35.022  -9.951 0.0000000000
149609  51.667  35.133  -8.515 0.0000000000
135996  51.452  34.985  -9.140 0.0000000000
103807  50.398  34.836  -9.072 0.0000000000
103823  51.065  34.773  -9.876 0.0000000000
154466  49.982  34.461  -11.217 0.0000000000
102983  50.626  34.596  -10.705 0.0000000000
103008  51.925  34.637  -12.954 0.0000000000
103009  50.849  34.455  -12.487 0.0000000000
140724  51.039  34.459  -13.601 0.0000000000
142729  49.585  34.332  -14.664 0.0000000000
101323  51.355  32.417  -4.103 0.0000000000
101322  52.231  32.591  -4.298 0.0000000000
100520  51.880  32.189  -5.764 0.0000000000
100542  51.695  31.771  -7.911 0.0000000000
100531  52.375  32.100  -7.405 0.0000000000
100541  52.460  32.104  -8.312 0.0000000000
101358  53.233  32.366  -8.751 0.0000000000
100549  52.615  32.149  -9.185 0.0000000000
98279  50.575  28.426  -17.232 0.0000000000
98286  50.673  28.191  -18.204 0.0000000000
97441  49.441  27.565  -19.205 0.0000000000
98292  50.343  28.602  -18.951 0.0000000000
153542  49.840  28.821  -19.417 0.0000000000
99081  50.322  29.396  -19.255 0.0000000000
98300  49.259  29.056  -19.393 0.0000000000
99074  49.285  29.735  -19.310 0.0000000000
98294  48.727  28.563  -19.157 0.0000000000
96577  47.314  26.195  -17.326 0.0000000000
140714  47.442  26.924  -17.693 0.0000000000
157864  46.927  26.095  -16.841 0.0000000000
95649  46.668  25.330  -15.987 0.0000000000
94713  46.890  24.725  -15.526 0.0000000000
93673  47.980  23.760  -14.403 0.0000000000
93662  47.427  23.915  -13.876 0.0000000000
99714  42.724  30.483  3.630 0.0000000000
99721  43.820  30.507  2.394 0.0000000000
99722  43.089  30.196  2.748 0.0000000000
98183  43.700  28.332  1.353 0.0000000000
97318  43.974  27.772  1.086 0.0000000000
97327  44.339  27.672  0.722 0.0000000000
141025  55.738  35.561  -5.954 0.0000000000
134297  55.570  35.542  -7.987 0.0000000000
136974  56.288  35.507  -8.106 0.0000000000
98238  48.518  28.257  -10.743 0.0000000000
99021  48.729  29.081  -10.333 0.0000000000
98246  48.605  28.204  -11.548 0.0000000000
96546  49.206  26.718  -12.985 0.0000000000
97406  48.851  27.553  -12.662 0.0000000000
97414  49.174  27.598  -13.550 0.0000000000
98257  49.360  28.444  -14.023 0.0000000000
94687  51.713  24.863  -13.942 0.0000000000
95637  51.845  25.230  -14.994 0.0000000000
95648  51.385  26.254  -16.405 0.0000000000
96564  50.906  26.796  -16.700 0.0000000000
93697  51.915  24.439  -17.523 0.0000000000
94728  51.458  25.138  -17.854 0.0000000000
94729  50.427  24.882  -17.958 0.0000000000
93698  50.818  24.205  -17.456 0.0000000000
93680  50.586  23.435  -16.677 0.0000000000
102096  51.696  34.067  4.233 0.0000000000
132667  52.343  34.278  3.826 0.0000000000
136280  51.902  34.012  3.179 0.0000000000
132335  52.261  34.016  2.404 0.0000000000
151953  51.421  33.622  2.178 0.0000000000
101276  49.380  33.158  3.592 0.0000000000
101284  49.528  33.082  2.654 0.0000000000
101299  49.931  32.706  -0.161 0.0000000000
101298  50.726  32.923  -0.538 0.0000000000
101292  51.472  33.282  -0.060 0.0000000000
101303  50.677  32.787  -1.482 0.0000000000
101309  50.919  32.714  -2.420 0.0000000000
100515  49.050  31.394  -4.111 0.0000000000
100514  49.870  31.694  -4.438 0.0000000000
99754  49.444  30.934  -5.856 0.0000000000
98950  44.696  30.311  1.297 0.0000000000
99719  45.023  31.176  1.809 0.0000000000
98958  44.983  29.774  0.813 0.0000000000
98970  45.593  29.236  -1.057 0.0000000000
98963  45.780  29.913  0.121 0.0000000000
98966  45.956  29.843  -0.596 0.0000000000
99733  46.537  30.393  -1.025 0.0000000000
98969  46.065  29.801  -1.501 0.0000000000
96473  45.507  26.685  -3.544 0.0000000000
97352  45.286  27.526  -3.208 0.0000000000
97358  45.594  27.496  -3.978 0.0000000000
98199  46.226  28.544  -4.693 0.0000000000
98197  45.917  28.834  -3.907 0.0000000000
98980  46.499  29.376  -4.352 0.0000000000
99741  46.752  30.261  -2.952 0.0000000000
99747  46.928  30.100  -3.891 0.0000000000
99746  47.695  30.485  -4.277 0.0000000000
98979  47.194  29.828  -4.764 0.0000000000
98221  47.734  28.351  -7.430 0.0000000000
98213  47.905  29.044  -7.154 0.0000000000
99002  48.432  29.523  -7.597 0.0000000000
98227  48.090  28.433  -8.431 0.0000000000
144797  48.314  25.910  -9.022 0.0000000000
96527  48.330  26.540  -9.767 0.0000000000
95611  49.191  25.128  -9.887 0.0000000000
94605  50.024  23.911  -8.139 0.0000000000
93609  50.535  23.939  -9.436 0.0000000000
93624  51.153  23.773  -9.917 0.0000000000
100465  42.013  31.050  5.197 0.0000000000
99704  40.661  30.300  4.906 0.0000000000
98947  40.648  29.353  3.521 0.0000000000
98940  40.104  29.624  4.353 0.0000000000
103764  48.252  34.764  -6.547 0.0000000000
104580  48.144  35.565  -4.970 0.0000000000
105325  47.529  36.916  -5.224 0.0000000000
105324  48.260  37.939  -4.908 0.0000000000
105330  47.113  36.984  -6.034 0.0000000000
104588  47.133  35.493  -6.262 0.0000000000
103796  46.496  34.810  -8.238 0.0000000000
103812  45.149  35.234  -9.605 0.0000000000
102988  45.780  34.745  -11.311 0.0000000000
103825  44.937  35.254  -11.380 0.0000000000
103845  43.802  36.009  -13.454 0.0000000000
103014  44.607  35.550  -13.487 0.0000000000
133400  47.848  34.383  -12.293 0.0000000000
103056  45.410  34.530  -15.661 0.0000000000
143933  44.796  34.859  -15.425 0.0000000000
103043  44.271  34.879  -15.282 0.0000000000
102242  44.146  34.495  -15.327 0.0000000000
101409  43.813  33.255  -13.835 0.0000000000
102223  44.003  33.615  -14.749 0.0000000000
152797  55.235  35.218  3.129 0.0000000000
102122  55.813  34.317  -0.325 0.0000000000
135663  55.798  34.889  1.537 0.0000000000
133641  56.627  34.655  -0.168 0.0000000000
102936  57.103  34.821  -0.840 0.0000000000
102937  56.553  34.396  -1.044 0.0000000000
156225  53.813  32.954  -4.480 0.0000000000
102144  54.464  33.344  -3.114 0.0000000000
101312  54.530  33.134  -4.479 0.0000000000
133617  56.309  33.484  -5.924 0.0000000000
102148  56.280  33.593  -4.526 0.0000000000
102152  56.820  33.833  -5.113 0.0000000000
102147  57.068  33.984  -4.148 0.0000000000
149061  57.154  34.201  -5.407 0.0000000000
102946  57.307  34.659  -5.342 0.0000000000
102161  57.227  34.299  -6.129 0.0000000000
102197  56.909  34.228  -10.598 0.0000000000
102971  57.216  34.803  -9.202 0.0000000000
102972  57.062  34.778  -10.097 0.0000000000
103802  56.544  35.217  -10.472 0.0000000000
103817  56.525  35.066  -11.511 0.0000000000
99800  49.721  30.455  -11.218 0.0000000000
99785  50.317  31.102  -9.836 0.0000000000
100588  51.188  31.491  -13.189 0.0000000000
100580  51.262  31.527  -12.201 0.0000000000
149296  51.945  31.850  -12.253 0.0000000000
100563  52.766  32.169  -11.470 0.0000000000
100570  52.668  32.159  -12.364 0.0000000000
99833  50.960  30.189  -16.672 0.0000000000
99826  50.751  30.441  -15.664 0.0000000000
99825  51.417  31.043  -16.284 0.0000000000
101406  53.678  32.583  -13.741 0.0000000000
101398  53.646  32.517  -12.986 0.0000000000
101405  54.421  32.845  -13.616 0.0000000000
101396  55.287  33.042  -12.577 0.0000000000
101404  55.189  33.212  -13.510 0.0000000000
103047  54.650  34.049  -15.432 0.0000000000
103032  55.369  34.192  -14.285 0.0000000000
103020  55.241  34.519  -14.102 0.0000000000
103853  55.056  34.933  -13.708 0.0000000000
103021  54.582  34.702  -14.422 0.0000000000
103022  53.613  34.917  -14.038 0.0000000000
144589  53.871  34.714  -14.892 0.0000000000
155356  50.812  33.905  -17.127 0.0000000000
103063  51.250  34.105  -16.875 0.0000000000
135380  50.340  34.006  -16.738 0.0000000000
103064  49.279  33.803  -16.794 0.0000000000
102248  48.685  33.407  -17.115 0.0000000000
99068  48.416  29.757  -18.501 0.0000000000
99841  48.083  30.175  -17.720 0.0000000000
99834  47.746  30.516  -16.906 0.0000000000
99827  47.404  30.726  -16.043 0.0000000000
101434  47.883  32.623  -16.984 0.0000000000
99828  47.025  30.851  -15.307 0.0000000000
100595  46.600  31.421  -14.884 0.0000000000
99821  46.700  30.396  -14.656 0.0000000000
98259  44.972  27.918  -13.110 0.0000000000
98258  45.525  28.419  -13.584 0.0000000000
94675  45.925  24.357  -13.121 0.0000000000
104614  42.713  36.561  -10.932 0.0000000000
135511  43.296  36.304  -11.019 0.0000000000
100459  46.823  32.457  4.190 0.0000000000
100460  46.031  32.171  4.376 0.0000000000
99718  45.669  31.471  1.646 0.0000000000
103774  53.832  35.541  -7.566 0.0000000000
141022  52.770  35.451  -7.480 0.0000000000
134296  53.470  35.499  -8.454 0.0000000000
102982  51.392  34.635  -11.287 0.0000000000
103834  52.272  34.795  -11.518 0.0000000000
103007  52.655  34.834  -12.442 0.0000000000
138533  52.400  34.749  -13.899 0.0000000000
100521  50.974  31.821  -5.727 0.0000000000
158764  51.504  31.904  -6.358 0.0000000000
100533  50.908  31.566  -6.674 0.0000000000
100558  51.078  31.497  -9.344 0.0000000000
96580  50.411  26.758  -18.522 0.0000000000
95669  49.925  26.189  -18.635 0.0000000000
148956  49.231  26.340  -18.728 0.0000000000
137721  48.817  26.948  -18.897 0.0000000000
151842  48.321  27.406  -18.730 0.0000000000
95664  47.917  25.680  -17.572 0.0000000000
94722  47.303  24.932  -16.335 0.0000000000
94712  47.663  24.390  -15.819 0.0000000000
93672  48.677  23.348  -14.411 0.0000000000
98954  41.907  29.308  2.554 0.0000000000
98953  42.715  29.529  2.279 0.0000000000
98177  42.365  28.807  1.941 0.0000000000
104565  56.263  35.914  -3.247 0.0000000000
103734  56.614  35.624  -4.058 0.0000000000
140335  56.493  35.379  -5.814 0.0000000000
96541  48.746  26.637  -11.566 0.0000000000
97407  48.633  27.480  -11.914 0.0000000000
96540  49.091  26.364  -12.205 0.0000000000
95630  49.795  26.050  -13.544 0.0000000000
95636  52.906  25.398  -15.752 0.0000000000
95646  53.538  25.516  -16.557 0.0000000000
134271  52.865  25.590  -16.764 0.0000000000
136744  52.775  25.492  -17.303 0.0000000000
93696  52.751  24.592  -17.458 0.0000000000
102097  50.827  33.735  4.283 0.0000000000
100484  48.954  32.565  0.998 0.0000000000
100488  49.142  32.466  0.141 0.0000000000
100493  49.214  32.319  -0.795 0.0000000000
101304  49.858  32.470  -1.429 0.0000000000
101310  50.079  32.422  -2.144 0.0000000000
100503  49.454  32.041  -2.684 0.0000000000
100509  48.853  31.565  -3.217 0.0000000000
97326  44.791  28.393  0.566 0.0000000000
98964  45.229  29.241  0.421 0.0000000000
98190  45.205  28.607  -0.752 0.0000000000
138541  45.314  28.724  -1.460 0.0000000000
96479  46.299  26.540  -4.951 0.0000000000
97366  46.452  27.238  -5.435 0.0000000000
98207  46.585  28.104  -5.504 0.0000000000
98206  47.166  28.734  -5.946 0.0000000000
98215  47.033  28.020  -6.166 0.0000000000
98214  47.446  28.359  -6.736 0.0000000000
97379  47.819  27.999  -7.993 0.0000000000
148078  47.955  27.718  -8.672 0.0000000000
97385  47.700  27.172  -8.152 0.0000000000
96512  47.968  26.069  -8.315 0.0000000000
95601  48.857  25.198  -9.099 0.0000000000
93592  51.701  23.442  -8.536 0.0000000000
136335  50.412  35.032  -7.699 0.0000000000
152744  49.902  35.134  -6.307 0.0000000000
103777  49.545  34.916  -7.052 0.0000000000
103778  47.491  34.743  -7.064 0.0000000000
132493  46.477  34.643  -9.132 0.0000000000
103811  45.948  34.710  -9.718 0.0000000000
102987  46.626  34.483  -11.120 0.0000000000
103000  46.305  34.601  -12.061 0.0000000000
149771  48.477  34.381  -14.352 0.0000000000
103025  47.228  34.543  -14.117 0.0000000000
102232  44.992  33.788  -15.664 0.0000000000
101419  44.603  33.476  -15.115 0.0000000000
101418  45.355  32.907  -15.043 0.0000000000
100596  46.002  31.949  -14.404 0.0000000000
102113  54.192  34.645  2.239 0.0000000000
102112  54.905  34.609  1.465 0.0000000000
148677  54.632  34.334  0.735 0.0000000000
102123  54.817  34.149  -0.007 0.0000000000
150711  54.976  33.975  -0.734 0.0000000000
101338  54.183  32.741  -6.714 0.0000000000
101319  54.683  33.010  -5.215 0.0000000000
148798  54.915  32.945  -6.458 0.0000000000
101325  55.727  33.172  -6.638 0.0000000000
102163  56.594  33.589  -6.861 0.0000000000
102172  57.070  33.921  -7.479 0.0000000000
101355  56.216  33.407  -8.560 0.0000000000
102189  56.626  33.719  -10.123 0.0000000000
102198  56.551  33.731  -11.046 0.0000000000
99033  49.313  29.525  -12.559 0.0000000000
99813  49.842  30.222  -13.087 0.0000000000
99812  50.491  30.838  -13.623 0.0000000000
99832  51.612  30.921  -17.333 0.0000000000
149197  52.088  31.551  -16.753 0.0000000000
100607  52.363  31.861  -17.394 0.0000000000
100600  52.798  32.168  -16.611 0.0000000000
101424  53.702  32.857  -16.379 0.0000000000
101415  54.720  33.283  -14.879 0.0000000000
101423  54.391  33.407  -15.681 0.0000000000
103048  54.247  34.008  -16.031 0.0000000000
103049  53.689  34.199  -16.299 0.0000000000
103050  52.981  34.401  -16.163 0.0000000000
149952  52.754  33.959  -17.285 0.0000000000
103070  51.303  33.807  -17.498 0.0000000000
137037  50.758  33.478  -17.910 0.0000000000
98280  47.359  28.901  -17.057 0.0000000000
150537  47.666  29.723  -17.194 0.0000000000
98281  46.838  28.187  -16.494 0.0000000000
99063  46.965  29.010  -16.126 0.0000000000
154972  46.639  28.871  -15.428 0.0000000000
99049  46.530  29.387  -14.703 0.0000000000
98266  45.712  28.058  -14.333 0.0000000000
97415  45.166  27.547  -13.868 0.0000000000
103712  57.170  35.746  -1.528 0.0000000000
104624  42.042  36.590  -12.004 0.0000000000
103858  41.975  35.146  -13.523 0.0000000000
103028  42.571  34.786  -14.063 0.0000000000
101277  48.529  32.937  3.776 0.0000000000
101285  48.640  32.876  2.828 0.0000000000
100473  46.928  32.417  3.192 0.0000000000
100472  47.767  32.654  3.004 0.0000000000
100480  47.887  32.511  2.078 0.0000000000
100485  48.046  32.335  1.193 0.0000000000
100495  47.599  31.541  -0.152 0.0000000000
100500  47.753  31.415  -0.998 0.0000000000
96465  44.817  26.752  -2.127 0.0000000000
95541  45.267  25.977  -2.670 0.0000000000
95548  45.751  25.876  -3.479 0.0000000000
96472  45.987  26.163  -4.145 0.0000000000
95554  46.529  25.652  -4.600 0.0000000000
95564  46.864  25.835  -5.374 0.0000000000
142130  47.333  25.577  -5.931 0.0000000000
95575  48.144  25.060  -6.983 0.0000000000
103748  51.590  35.379  -5.770 0.0000000000
103761  51.366  35.347  -6.568 0.0000000000
103775  52.241  35.309  -8.113 0.0000000000
141908  51.745  35.334  -7.282 0.0000000000
102985  48.545  34.348  -10.605 0.0000000000
102984  49.545  34.466  -10.567 0.0000000000
102997  49.163  34.378  -11.342 0.0000000000
134299  48.852  34.387  -12.322 0.0000000000
102996  50.723  34.500  -11.595 0.0000000000
103010  49.888  34.365  -12.893 0.0000000000
141077  48.988  34.372  -13.287 0.0000000000
139317  47.977  34.293  -15.530 0.0000000000
156434  47.690  34.164  -16.098 0.0000000000
101301  52.409  33.159  -2.135 0.0000000000
102140  53.221  33.276  -2.259 0.0000000000
101314  52.890  32.889  -3.660 0.0000000000
101321  53.153  32.743  -4.522 0.0000000000
101328  53.103  32.581  -5.278 0.0000000000
100532  52.199  32.136  -6.541 0.0000000000
101340  52.700  32.385  -5.878 0.0000000000
101339  53.215  32.444  -6.762 0.0000000000
101357  53.922  32.626  -8.455 0.0000000000
152036  53.908  32.570  -9.169 0.0000000000
97429  50.299  27.886  -16.493 0.0000000000
98270  50.273  28.717  -16.348 0.0000000000
99062  50.658  29.274  -16.978 0.0000000000
155525  50.671  28.921  -18.446 0.0000000000
99067  50.997  29.594  -18.310 0.0000000000
99066  51.081  30.154  -18.756 0.0000000000
99847  50.929  30.629  -19.122 0.0000000000
100619  51.145  31.542  -19.013 0.0000000000
158041  50.630  31.608  -19.175 0.0000000000
99848  49.715  30.495  -19.324 0.0000000000
99075  48.784  29.362  -19.106 0.0000000000
99076  48.244  28.883  -18.631 0.0000000000
97435  47.822  27.509  -18.261 0.0000000000
97436  47.431  27.639  -17.682 0.0000000000
98288  47.252  28.085  -17.269 0.0000000000
97430  47.037  27.454  -17.059 0.0000000000
96566  46.344  26.650  -16.078 0.0000000000
94704  45.710  24.941  -14.535 0.0000000000
93663  46.744  24.128  -13.400 0.0000000000
94689  46.826  24.285  -14.145 0.0000000000
100477  44.004  31.270  3.984 0.0000000000
99712  44.254  31.121  3.035 0.0000000000
98951  44.175  29.984  1.632 0.0000000000
98960  43.965  29.131  1.440 0.0000000000
97334  44.662  27.623  0.106 0.0000000000
96452  44.424  26.367  -0.643 0.0000000000
134695  53.356  35.514  -4.822 0.0000000000
141023  53.668  35.511  -6.093 0.0000000000
103745  55.110  35.600  -5.228 0.0000000000
141024  54.708  35.555  -6.077 0.0000000000
103759  54.249  35.557  -6.831 0.0000000000
103790  54.615  35.563  -8.270 0.0000000000
103789  55.337  35.612  -8.762 0.0000000000
103803  55.106  35.692  -10.102 0.0000000000
99006  48.965  30.002  -8.988 0.0000000000
99786  49.634  30.562  -9.407 0.0000000000
99013  49.103  29.874  -9.885 0.0000000000
99020  49.164  29.797  -10.768 0.0000000000
99027  49.242  29.683  -11.645 0.0000000000
98251  48.707  28.130  -12.232 0.0000000000
98245  48.868  28.861  -12.027 0.0000000000
98264  49.665  28.368  -14.996 0.0000000000
94688  50.939  24.981  -13.429 0.0000000000
95629  50.521  25.590  -13.988 0.0000000000
95638  51.064  25.802  -15.161 0.0000000000
96551  50.212  26.276  -14.582 0.0000000000
96558  49.971  27.004  -15.088 0.0000000000
97422  49.910  27.718  -15.510 0.0000000000
98271  49.970  28.313  -15.777 0.0000000000
97428  50.626  27.297  -16.890 0.0000000000
133813  50.888  26.960  -17.525 0.0000000000
96575  51.091  26.513  -18.041 0.0000000000
96570  51.642  26.136  -17.735 0.0000000000
137577  51.371  25.924  -18.020 0.0000000000
95661  50.685  26.083  -18.344 0.0000000000
94719  49.456  24.218  -17.233 0.0000000000
93692  49.347  23.887  -16.707 0.0000000000
93691  49.948  23.834  -17.031 0.0000000000
102105  53.549  34.604  3.101 0.0000000000
102114  53.128  34.252  2.072 0.0000000000
102119  53.072  34.027  0.895 0.0000000000
102126  52.265  33.459  -0.543 0.0000000000
101263  50.035  33.429  4.372 0.0000000000
101275  50.239  33.368  3.447 0.0000000000
101289  49.679  32.956  1.697 0.0000000000
101288  50.581  33.169  1.413 0.0000000000
101287  51.437  33.419  0.971 0.0000000000
102132  52.291  33.288  -1.387 0.0000000000
101308  51.786  32.897  -2.680 0.0000000000
101317  50.283  32.331  -2.999 0.0000000000
100507  50.495  32.178  -3.859 0.0000000000
100513  50.718  31.995  -4.742 0.0000000000
100534  50.208  31.264  -6.236 0.0000000000
99772  49.583  30.659  -7.597 0.0000000000
99711  44.912  31.441  2.798 0.0000000000
99725  45.848  31.086  0.909 0.0000000000
98957  45.466  30.235  0.549 0.0000000000
99728  46.107  30.711  0.383 0.0000000000
99730  47.050  30.958  -0.573 0.0000000000
99732  47.212  30.865  -1.470 0.0000000000
97346  44.975  27.636  -2.325 0.0000000000
98194  45.259  28.474  -2.170 0.0000000000
98976  45.647  28.919  -2.937 0.0000000000
98200  45.785  28.143  -4.226 0.0000000000
98972  46.141  29.707  -2.470 0.0000000000
99736  47.347  30.786  -2.421 0.0000000000
99745  48.477  30.839  -4.637 0.0000000000
98989  47.490  29.519  -5.578 0.0000000000
98988  48.201  29.930  -5.942 0.0000000000
99755  48.686  30.603  -5.496 0.0000000000
99765  48.860  30.366  -6.333 0.0000000000
99773  48.963  30.177  -7.179 0.0000000000
99001  48.941  30.084  -8.072 0.0000000000
98233  48.401  28.316  -9.907 0.0000000000
97394  48.354  27.450  -10.297 0.0000000000
147925  48.144  27.530  -9.450 0.0000000000
96534  48.538  26.642  -10.692 0.0000000000
95617  48.810  26.002  -11.019 0.0000000000
94663  49.803  24.970  -11.230 0.0000000000
94631  49.412  24.686  -9.213 0.0000000000
140487  49.933  24.146  -8.937 0.0000000000
94630  49.861  24.452  -9.694 0.0000000000
94647  49.784  24.752  -10.441 0.0000000000
147818  50.300  24.489  -10.856 0.0000000000
100463  43.699  31.445  4.839 0.0000000000
99701  43.192  31.009  4.214 0.0000000000
99703  41.526  30.503  4.716 0.0000000000
99715  41.913  30.178  3.933 0.0000000000
98946  41.467  29.649  3.317 0.0000000000
98941  39.243  29.499  4.743 0.0000000000
153122  39.476  29.115  4.159 0.0000000000
156909  39.792  28.420  3.248 0.0000000000
105331  46.810  37.227  -6.719 0.0000000000
104589  46.564  35.811  -6.789 0.0000000000
105339  46.353  37.074  -7.178 0.0000000000
104604  44.342  35.839  -9.494 0.0000000000
103826  44.262  35.739  -11.273 0.0000000000
103824  45.424  34.933  -10.478 0.0000000000
103856  43.435  35.716  -14.137 0.0000000000
103864  43.234  35.125  -14.464 0.0000000000
102999  47.225  34.390  -11.736 0.0000000000
103013  46.018  34.754  -13.011 0.0000000000
103026  46.211  34.789  -14.007 0.0000000000
103027  45.387  35.153  -13.745 0.0000000000
103854  44.764  35.379  -14.370 0.0000000000
103863  43.840  35.301  -14.812 0.0000000000
102235  43.176  34.471  -14.537 0.0000000000
102224  43.314  33.827  -14.379 0.0000000000
101408  44.611  32.879  -14.199 0.0000000000
103707  57.013  35.524  0.746 0.0000000000
102933  57.314  35.140  -0.717 0.0000000000
103711  57.391  35.316  -1.913 0.0000000000
102139  54.244  33.428  -2.277 0.0000000000
102138  55.054  33.513  -2.625 0.0000000000
152825  55.806  33.666  -2.527 0.0000000000
102149  55.418  33.260  -4.883 0.0000000000
102143  55.527  33.509  -3.225 0.0000000000
102137  56.545  33.812  -2.855 0.0000000000
102136  57.172  34.321  -2.521 0.0000000000
102135  57.449  34.619  -2.961 0.0000000000
144949  57.558  34.974  -3.018 0.0000000000
103732  57.320  35.116  -4.234 0.0000000000
134964  56.980  35.066  -5.829 0.0000000000
103755  57.073  35.166  -7.049 0.0000000000
102179  57.309  34.339  -7.960 0.0000000000
103770  57.099  35.205  -8.012 0.0000000000
103771  56.720  35.398  -7.670 0.0000000000
136137  56.277  35.477  -9.518 0.0000000000
133329  55.863  35.577  -10.306 0.0000000000
103819  55.407  35.621  -10.984 0.0000000000
99779  50.296  31.091  -8.912 0.0000000000
100565  51.110  31.533  -10.304 0.0000000000
99799  50.405  31.023  -11.690 0.0000000000
100572  51.149  31.488  -11.240 0.0000000000
100557  52.016  31.908  -9.846 0.0000000000
100556  52.801  32.182  -10.605 0.0000000000
101368  53.608  32.435  -10.376 0.0000000000
100594  51.266  31.365  -14.193 0.0000000000
100601  52.136  31.704  -15.903 0.0000000000
100593  52.099  31.912  -14.847 0.0000000000
100587  52.053  31.935  -13.774 0.0000000000
101389  53.645  32.454  -12.123 0.0000000000
101378  54.504  32.665  -10.998 0.0000000000
101387  55.338  32.944  -11.682 0.0000000000
101395  55.914  33.375  -12.280 0.0000000000
102215  56.156  33.907  -12.723 0.0000000000
101414  55.232  33.625  -14.323 0.0000000000
102222  55.832  33.993  -13.440 0.0000000000
102214  56.489  34.316  -12.248 0.0000000000
103841  55.844  35.121  -12.684 0.0000000000
140912  55.214  35.395  -12.510 0.0000000000
148874  54.367  35.319  -12.251 0.0000000000
103844  53.758  35.108  -12.990 0.0000000000
103023  51.816  34.565  -14.640 0.0000000000
103036  52.468  34.531  -15.517 0.0000000000
103037  51.316  34.406  -15.434 0.0000000000
103038  50.153  34.298  -15.357 0.0000000000
103053  48.450  34.073  -16.167 0.0000000000
102249  47.826  33.374  -16.753 0.0000000000
101448  49.974  32.377  -18.783 0.0000000000
101441  49.237  32.425  -18.312 0.0000000000
100613  48.187  31.108  -17.538 0.0000000000
155593  48.197  31.928  -17.440 0.0000000000
101433  48.574  32.481  -17.683 0.0000000000
101435  47.181  33.199  -16.505 0.0000000000
101426  46.645  32.925  -16.149 0.0000000000
99814  46.319  30.951  -13.997 0.0000000000
99043  45.839  29.344  -13.345 0.0000000000
93682  48.901  23.774  -16.117 0.0000000000
93671  49.124  23.306  -15.296 0.0000000000
95655  47.738  25.158  -16.967 0.0000000000
95660  51.958  25.661  -17.556 0.0000000000
96491  46.786  26.596  -5.756 0.0000000000
96581  49.685  26.872  -18.898 0.0000000000
96583  48.061  26.844  -18.407 0.0000000000
97442  48.762  27.782  -19.125 0.0000000000
98181  44.826  29.015  0.809 0.0000000000
98265  46.221  28.492  -14.843 0.0000000000
98287  47.690  28.326  -17.978 0.0000000000
99082  49.783  29.601  -19.425 0.0000000000
99838  51.422  30.467  -18.180 0.0000000000
99840  48.588  30.683  -18.368 0.0000000000
99846  51.422  31.021  -18.650 0.0000000000
99849  48.960  30.201  -19.040 0.0000000000
100571  51.935  31.855  -11.712 0.0000000000
100578  52.851  32.260  -13.329 0.0000000000
100620  50.028  31.570  -19.179 0.0000000000
100621  49.416  31.869  -18.777 0.0000000000
100625  50.489  31.018  -19.284 0.0000000000
101265  48.463  32.883  4.776 0.0000000000
101302  51.597  33.030  -1.866 0.0000000000
101307  52.633  33.042  -2.872 0.0000000000
101313  53.842  33.108  -3.854 0.0000000000
101327  54.302  32.824  -5.902 0.0000000000
101348  55.970  33.272  -7.556 0.0000000000
101349  55.004  32.944  -7.330 0.0000000000
101366  55.364  32.968  -9.814 0.0000000000
101386  56.017  33.292  -11.399 0.0000000000
101388  54.534  32.695  -11.916 0.0000000000
101413  55.559  33.697  -13.716 0.0000000000
101416  53.985  32.821  -15.284 0.0000000000
101425  47.304  32.473  -16.465 0.0000000000
101431  54.008  33.593  -16.414 0.0000000000
101438  53.006  33.049  -17.734 0.0000000000
101439  52.178  32.642  -18.280 0.0000000000
101440  49.783  32.857  -18.295 0.0000000000
101447  50.807  32.222  -18.949 0.0000000000
102095  52.457  34.471  4.617 0.0000000000
102115  52.247  33.845  1.485 0.0000000000
102142  57.164  34.147  -3.301 0.0000000000
102151  57.261  34.350  -4.634 0.0000000000
102153  56.075  33.448  -5.239 0.0000000000
102171  57.317  34.339  -7.028 0.0000000000
102173  56.620  33.607  -7.802 0.0000000000
102181  56.649  33.697  -9.295 0.0000000000
102187  57.241  34.406  -8.750 0.0000000000
102188  57.040  34.206  -9.547 0.0000000000
102207  56.426  33.773  -11.928 0.0000000000
102230  55.539  33.975  -14.056 0.0000000000
102231  55.289  33.987  -14.552 0.0000000000
102233  44.290  34.029  -15.413 0.0000000000
102238  54.474  33.818  -15.736 0.0000000000
102246  53.498  33.574  -17.091 0.0000000000
102247  49.447  33.467  -17.398 0.0000000000
102250  46.763  33.986  -16.293 0.0000000000
102255  51.488  33.408  -18.084 0.0000000000
102256  49.992  33.298  -17.905 0.0000000000
102934  57.077  35.025  0.105 0.0000000000
102941  57.516  34.881  -2.312 0.0000000000
102944  57.411  34.805  -4.352 0.0000000000
102959  57.368  34.850  -7.491 0.0000000000
102966  57.337  34.843  -8.390 0.0000000000
102976  46.880  34.450  -9.899 0.0000000000
102981  56.864  34.720  -11.037 0.0000000000
102994  56.369  34.845  -12.263 0.0000000000
103005  56.040  34.483  -12.993 0.0000000000
103019  55.605  34.306  -13.747 0.0000000000
103033  55.003  34.234  -14.800 0.0000000000
103035  53.469  34.538  -15.561 0.0000000000
103044  43.718  34.778  -14.995 0.0000000000
103052  49.651  34.149  -16.089 0.0000000000
103060  53.826  33.890  -16.617 0.0000000000
103061  53.357  33.949  -17.011 0.0000000000
103062  52.893  34.204  -16.793 0.0000000000
103066  47.518  33.904  -16.400 0.0000000000
103069  52.191  33.738  -17.655 0.0000000000
103071  50.279  33.693  -17.353 0.0000000000
103706  57.228  35.491  -0.207 0.0000000000
103709  57.298  35.427  -1.119 0.0000000000
103715  57.447  35.215  -2.518 0.0000000000
103725  55.061  35.867  -3.342 0.0000000000
103733  57.177  35.340  -3.806 0.0000000000
103742  57.242  35.010  -4.837 0.0000000000
103744  56.144  35.552  -5.011 0.0000000000
103747  53.206  35.494  -5.472 0.0000000000
103757  56.179  35.478  -6.582 0.0000000000
103772  56.211  35.486  -7.365 0.0000000000
103773  54.745  35.538  -7.529 0.0000000000
103776  51.259  35.172  -7.838 0.0000000000
103786  57.092  35.145  -8.757 0.0000000000
103787  56.655  35.393  -8.621 0.0000000000
103788  56.012  35.602  -8.760 0.0000000000
103805  53.443  35.419  -10.157 0.0000000000
103831  56.135  35.233  -11.970 0.0000000000
103832  54.911  35.542  -11.617 0.0000000000
103842  55.356  35.132  -13.154 0.0000000000
103857  42.707  35.534  -13.868 0.0000000000
103862  44.480  35.199  -14.949 0.0000000000
104544  56.841  36.169  -1.024 0.0000000000
132311  55.499  33.422  -4.090 0.0000000000
133802  48.383  33.016  -17.274 0.0000000000
134172  53.911  34.070  0.339 0.0000000000
134298  54.344  35.578  -4.620 0.0000000000
134415  55.642  35.463  -11.876 0.0000000000
136261  53.467  32.603  -5.859 0.0000000000
136388  52.007  34.345  -16.350 0.0000000000
138177  45.283  28.176  -2.866 0.0000000000
141623  54.857  33.158  -14.179 0.0000000000
142605  46.521  26.010  -16.280 0.0000000000
143184  55.134  34.936  2.346 0.0000000000
145506  53.520  25.464  -17.057 0.0000000000
145722  55.306  33.686  -2.006 0.0000000000
145787  57.466  35.044  -3.659 0.0000000000
146658  44.416  26.880  -0.133 0.0000000000
148887  57.102  33.977  -6.683 0.0000000000
149985  56.427  33.981  -1.969 0.0000000000
151671  50.712  29.933  -19.112 0.0000000000
151864  52.881  32.222  -9.903 0.0000000000
152267  54.423  35.056  -13.710 0.0000000000
152650  57.412  35.028  -1.462 0.0000000000
153339  49.815  33.439  5.110 0.0000000000
153554  56.692  34.645  -11.765 0.0000000000
154322  52.921  33.342  -1.680 0.0000000000
155568  47.787  26.610  -8.249 0.0000000000
156146  53.765  32.651  -6.300 0.0000000000
156532  49.879  28.143  -19.279 0.0000000000
157132  46.670  28.521  -15.924 0.0000000000
158431  47.216  25.355  -5.432 0.0000000000
158493  56.187  34.571  0.236 0.0000000000
159174  44.721  27.662  -1.032 0.0000000000
