#!ascii label  , from subject ICBM2009cNolinAsym vox2ras=TkReg
682
66371  21.156  -2.486  -44.424 0.0000000000
75126  28.471  5.779  -48.640 0.0000000000
86903  25.831  16.404  -52.686 0.0000000000
80734  19.497  10.365  -49.693 0.0000000000
61118  23.902  -8.031  -42.064 0.0000000000
64458  27.276  -4.757  -45.101 0.0000000000
69542  24.069  0.338  -48.665 0.0000000000
75150  21.341  5.751  -50.307 0.0000000000
81802  26.166  11.029  -50.769 0.0000000000
85977  31.380  15.356  -53.833 0.0000000000
89984  24.144  20.091  -55.168 0.0000000000
63419  22.571  -5.378  -43.459 0.0000000000
135050  25.384  -6.556  -43.666 0.0000000000
136398  24.452  -4.224  -45.326 0.0000000000
73964  20.062  4.395  -47.736 0.0000000000
76315  18.812  6.402  -46.882 0.0000000000
82909  22.143  12.175  -53.160 0.0000000000
147134  23.068  9.911  -52.954 0.0000000000
83979  26.151  13.611  -51.289 0.0000000000
85021  29.980  14.328  -50.745 0.0000000000
86900  28.406  17.026  -51.860 0.0000000000
91916  22.938  20.924  -54.218 0.0000000000
153046  22.605  19.024  -53.369 0.0000000000
90955  23.488  21.475  -55.810 0.0000000000
156347  25.821  2.321  -49.549 0.0000000000
68454  27.039  -0.326  -47.658 0.0000000000
72807  28.940  3.065  -47.990 0.0000000000
85973  22.479  15.056  -53.308 0.0000000000
78531  31.497  8.387  -49.890 0.0000000000
68419  20.250  -0.120  -44.880 0.0000000000
67374  22.757  -1.447  -46.638 0.0000000000
70576  21.464  1.464  -47.634 0.0000000000
71727  23.093  3.039  -50.138 0.0000000000
75157  25.030  5.386  -51.378 0.0000000000
78545  20.614  8.184  -50.687 0.0000000000
77481  23.705  7.171  -52.322 0.0000000000
78535  27.581  8.363  -49.481 0.0000000000
80740  30.614  10.900  -49.877 0.0000000000
86919  22.972  17.348  -53.617 0.0000000000
88969  25.607  18.290  -53.594 0.0000000000
92943  24.952  22.845  -57.648 0.0000000000
91927  27.213  21.432  -55.761 0.0000000000
89974  28.562  19.755  -54.193 0.0000000000
88982  30.470  18.301  -55.635 0.0000000000
66407  25.817  -2.142  -46.908 0.0000000000
66372  20.519  -1.955  -43.759 0.0000000000
65429  20.756  -3.224  -43.154 0.0000000000
64462  21.843  -3.948  -44.004 0.0000000000
152634  23.283  -4.583  -44.627 0.0000000000
65451  22.534  -3.268  -45.247 0.0000000000
85042  24.275  14.282  -52.920 0.0000000000
83990  24.212  12.871  -52.782 0.0000000000
137496  25.684  14.728  -52.012 0.0000000000
85957  27.760  15.441  -51.117 0.0000000000
86901  27.312  16.669  -51.927 0.0000000000
92915  23.109  22.069  -55.266 0.0000000000
91921  22.980  21.328  -55.009 0.0000000000
155186  23.335  22.449  -55.906 0.0000000000
73973  26.934  4.563  -49.290 0.0000000000
71696  27.239  2.794  -48.529 0.0000000000
146172  28.535  3.945  -48.289 0.0000000000
150235  21.420  13.662  -52.735 0.0000000000
85043  21.279  14.680  -52.538 0.0000000000
62300  22.291  -6.636  -41.930 0.0000000000
59847  22.656  -8.137  -41.193 0.0000000000
59833  24.516  -8.988  -40.888 0.0000000000
154149  25.255  -8.082  -41.820 0.0000000000
63417  26.433  -5.790  -44.228 0.0000000000
62309  26.943  -6.117  -42.583 0.0000000000
69516  21.135  0.460  -46.453 0.0000000000
148536  20.450  1.957  -46.627 0.0000000000
75139  20.661  5.023  -49.107 0.0000000000
72824  21.550  3.649  -49.230 0.0000000000
75149  21.935  4.727  -50.373 0.0000000000
72846  23.871  3.794  -50.832 0.0000000000
75159  23.676  5.211  -51.542 0.0000000000
78524  18.778  8.476  -48.042 0.0000000000
79622  19.657  9.418  -49.759 0.0000000000
80760  24.739  10.441  -52.023 0.0000000000
79649  23.615  8.784  -52.756 0.0000000000
79647  24.873  9.043  -51.995 0.0000000000
78551  25.968  8.459  -50.777 0.0000000000
80743  27.333  9.696  -49.708 0.0000000000
80732  29.220  10.161  -49.345 0.0000000000
81791  29.045  11.688  -49.721 0.0000000000
85963  30.813  15.187  -51.995 0.0000000000
83977  31.221  13.608  -51.629 0.0000000000
89979  23.348  19.369  -54.389 0.0000000000
87938  22.620  17.894  -53.378 0.0000000000
88978  23.579  18.555  -54.177 0.0000000000
87936  23.979  17.841  -53.976 0.0000000000
89977  24.562  19.393  -54.653 0.0000000000
90930  28.111  20.316  -54.643 0.0000000000
90938  29.295  20.222  -55.687 0.0000000000
89972  29.941  19.130  -54.762 0.0000000000
150521  23.563  -0.769  -47.663 0.0000000000
66409  24.173  -1.887  -47.048 0.0000000000
67396  25.298  -1.099  -47.694 0.0000000000
69527  28.883  -0.367  -47.700 0.0000000000
67382  28.324  -1.726  -47.296 0.0000000000
63409  21.555  -5.317  -42.346 0.0000000000
62312  23.294  -6.663  -42.754 0.0000000000
61131  24.433  -7.441  -42.639 0.0000000000
62337  24.128  -5.928  -43.926 0.0000000000
63430  25.298  -5.466  -44.718 0.0000000000
63441  26.139  -4.834  -45.447 0.0000000000
73951  19.534  4.356  -46.817 0.0000000000
75128  19.573  5.086  -47.447 0.0000000000
76334  19.895  6.523  -49.007 0.0000000000
81812  20.969  11.108  -52.124 0.0000000000
79652  21.316  9.615  -52.026 0.0000000000
81820  22.363  11.238  -53.071 0.0000000000
148119  24.973  12.052  -51.919 0.0000000000
155751  26.065  12.339  -51.095 0.0000000000
82874  28.346  12.450  -50.040 0.0000000000
83967  27.698  13.773  -50.594 0.0000000000
85955  29.300  15.527  -51.098 0.0000000000
86909  30.828  16.525  -53.098 0.0000000000
89959  22.520  19.581  -52.468 0.0000000000
132724  22.914  20.147  -54.134 0.0000000000
89986  23.175  20.441  -55.068 0.0000000000
90954  23.879  21.303  -56.002 0.0000000000
150917  25.205  1.607  -49.546 0.0000000000
69540  25.450  0.270  -48.554 0.0000000000
70591  26.978  1.276  -48.115 0.0000000000
70590  28.193  1.087  -47.770 0.0000000000
81805  20.170  11.669  -51.201 0.0000000000
82899  20.873  12.478  -52.121 0.0000000000
144954  22.784  13.742  -53.473 0.0000000000
152940  23.904  15.643  -53.364 0.0000000000
61116  25.879  -7.572  -41.809 0.0000000000
77435  29.624  7.195  -48.618 0.0000000000
75124  30.337  5.557  -48.623 0.0000000000
66382  20.838  -1.682  -44.631 0.0000000000
66397  22.127  -1.859  -45.865 0.0000000000
156069  21.404  -0.852  -45.785 0.0000000000
68444  22.605  -0.130  -47.528 0.0000000000
69543  22.899  0.497  -48.233 0.0000000000
146640  20.993  2.526  -47.780 0.0000000000
147419  22.281  2.380  -49.005 0.0000000000
70605  23.793  1.938  -49.742 0.0000000000
71725  24.618  2.661  -50.324 0.0000000000
154464  25.527  3.615  -50.384 0.0000000000
75147  26.128  5.199  -50.412 0.0000000000
77438  19.412  7.178  -48.593 0.0000000000
77449  20.408  6.966  -49.878 0.0000000000
79640  21.322  8.861  -51.688 0.0000000000
77471  21.684  7.567  -51.510 0.0000000000
76358  22.591  6.535  -51.704 0.0000000000
76356  24.565  5.923  -51.735 0.0000000000
76345  26.228  6.636  -50.480 0.0000000000
77448  27.248  7.063  -49.570 0.0000000000
78533  29.364  8.730  -48.912 0.0000000000
79618  30.643  9.480  -49.504 0.0000000000
82872  30.597  12.400  -50.406 0.0000000000
138317  22.518  15.991  -53.334 0.0000000000
152087  23.761  16.339  -53.545 0.0000000000
87935  25.308  17.450  -53.433 0.0000000000
91954  24.067  22.236  -56.830 0.0000000000
91941  25.094  21.983  -56.407 0.0000000000
92933  25.673  22.472  -57.099 0.0000000000
91929  25.578  21.526  -55.825 0.0000000000
90932  26.699  20.551  -54.739 0.0000000000
89968  27.044  19.311  -53.606 0.0000000000
88957  27.062  17.974  -52.807 0.0000000000
88955  28.847  18.164  -52.632 0.0000000000
88964  30.265  18.145  -53.746 0.0000000000
134205  31.000  16.813  -54.885 0.0000000000
65463  23.528  -3.015  -45.989 0.0000000000
65461  25.200  -3.223  -46.268 0.0000000000
65448  26.708  -3.968  -46.162 0.0000000000
67384  26.741  -1.603  -47.200 0.0000000000
65458  27.639  -3.002  -46.718 0.0000000000
66353  20.415  -2.547  -42.964 0.0000000000
65440  20.891  -2.841  -43.701 0.0000000000
65428  21.237  -3.552  -43.565 0.0000000000
65439  21.488  -3.244  -44.240 0.0000000000
65438  22.175  -3.603  -44.640 0.0000000000
65452  21.818  -2.935  -44.931 0.0000000000
85964  25.083  14.944  -52.618 0.0000000000
153355  25.839  15.585  -52.292 0.0000000000
157182  26.402  15.716  -51.937 0.0000000000
86902  26.485  16.216  -52.163 0.0000000000
73962  27.694  5.184  -48.870 0.0000000000
143246  27.735  4.294  -48.631 0.0000000000
141291  28.719  4.832  -48.448 0.0000000000
61119  23.143  -7.714  -41.801 0.0000000000
61120  22.305  -7.290  -41.494 0.0000000000
59846  23.426  -8.452  -41.441 0.0000000000
59845  24.176  -8.584  -41.524 0.0000000000
59844  24.921  -8.524  -41.419 0.0000000000
61117  24.629  -8.108  -42.024 0.0000000000
63428  26.847  -5.293  -44.736 0.0000000000
63416  27.122  -5.461  -43.953 0.0000000000
64447  27.682  -4.917  -43.696 0.0000000000
64457  27.879  -4.390  -44.405 0.0000000000
70565  20.154  1.595  -45.887 0.0000000000
71672  19.964  2.357  -46.076 0.0000000000
141121  20.813  5.570  -49.620 0.0000000000
155647  21.565  4.334  -49.717 0.0000000000
73986  22.725  4.783  -50.979 0.0000000000
75161  22.142  5.588  -50.957 0.0000000000
79611  19.168  9.731  -48.945 0.0000000000
148512  25.446  10.757  -51.410 0.0000000000
156772  24.770  9.734  -52.031 0.0000000000
80752  25.843  10.097  -50.998 0.0000000000
79638  26.120  9.437  -50.689 0.0000000000
80744  26.634  10.205  -50.267 0.0000000000
140388  27.595  10.610  -49.755 0.0000000000
81793  27.046  11.247  -50.241 0.0000000000
85969  31.152  15.578  -52.915 0.0000000000
85040  31.310  14.635  -52.605 0.0000000000
89978  23.838  19.331  -54.635 0.0000000000
89983  24.970  19.994  -54.952 0.0000000000
90953  28.917  20.804  -56.962 0.0000000000
90963  29.370  20.218  -57.483 0.0000000000
90952  29.431  20.218  -56.584 0.0000000000
68457  23.846  -0.377  -48.111 0.0000000000
68442  24.135  -1.096  -47.620 0.0000000000
68456  24.564  -0.537  -48.130 0.0000000000
68437  30.099  -0.441  -47.717 0.0000000000
68438  29.331  -0.813  -47.642 0.0000000000
63420  21.869  -4.996  -43.074 0.0000000000
64437  21.249  -4.549  -42.621 0.0000000000
63408  22.242  -5.689  -42.779 0.0000000000
62313  22.597  -6.353  -42.487 0.0000000000
62326  22.937  -6.057  -43.137 0.0000000000
62325  23.696  -6.350  -43.352 0.0000000000
63418  23.317  -5.697  -43.745 0.0000000000
154680  24.086  -4.753  -44.815 0.0000000000
63431  24.504  -5.430  -44.520 0.0000000000
63443  24.876  -4.861  -45.026 0.0000000000
63442  25.595  -4.918  -45.268 0.0000000000
64472  25.215  -4.330  -45.519 0.0000000000
76314  19.165  5.778  -47.176 0.0000000000
135682  19.659  5.778  -48.202 0.0000000000
76324  19.281  6.469  -47.926 0.0000000000
81821  21.775  11.572  -52.822 0.0000000000
151540  21.424  11.150  -52.503 0.0000000000
82908  22.825  12.178  -53.358 0.0000000000
83980  25.437  13.493  -51.770 0.0000000000
82897  24.303  12.170  -52.537 0.0000000000
82887  25.624  12.734  -51.474 0.0000000000
83968  26.868  13.457  -50.801 0.0000000000
85025  26.903  14.173  -50.977 0.0000000000
86893  27.962  16.216  -51.409 0.0000000000
85956  28.492  15.746  -51.116 0.0000000000
86892  28.928  16.292  -51.434 0.0000000000
86891  29.732  16.111  -51.565 0.0000000000
86899  29.591  16.878  -51.979 0.0000000000
91907  22.930  20.865  -53.315 0.0000000000
90914  22.792  20.210  -52.883 0.0000000000
90924  22.875  20.359  -53.601 0.0000000000
91931  23.191  21.732  -55.609 0.0000000000
90934  22.979  20.615  -54.799 0.0000000000
90945  23.105  21.002  -55.357 0.0000000000
90944  23.550  20.696  -55.459 0.0000000000
70592  26.025  1.439  -48.887 0.0000000000
71697  26.654  2.115  -48.703 0.0000000000
156593  28.059  2.692  -48.094 0.0000000000
145283  27.606  2.021  -48.081 0.0000000000
71695  28.650  2.039  -47.856 0.0000000000
70589  29.220  1.250  -47.893 0.0000000000
132120  19.633  11.036  -49.990 0.0000000000
141578  19.897  11.834  -50.665 0.0000000000
82888  20.336  12.765  -51.518 0.0000000000
85053  21.901  14.463  -53.072 0.0000000000
154701  22.456  14.287  -53.366 0.0000000000
142288  23.710  14.890  -53.320 0.0000000000
85972  23.191  15.568  -53.508 0.0000000000
61130  25.167  -7.136  -43.029 0.0000000000
143739  25.176  -7.693  -42.395 0.0000000000
61129  25.674  -7.262  -42.581 0.0000000000
62298  27.125  -6.356  -41.692 0.0000000000
77434  30.387  7.499  -48.809 0.0000000000
68409  20.014  -0.330  -44.168 0.0000000000
133548  20.558  -0.878  -44.777 0.0000000000
67366  21.302  -1.326  -45.417 0.0000000000
149718  20.916  -0.585  -45.451 0.0000000000
69528  21.590  0.770  -47.282 0.0000000000
68445  21.891  0.082  -46.999 0.0000000000
151266  22.229  0.434  -47.629 0.0000000000
69544  22.134  1.008  -47.970 0.0000000000
72800  20.012  3.677  -47.212 0.0000000000
72799  20.490  3.080  -47.552 0.0000000000
72823  22.361  3.133  -49.643 0.0000000000
71715  21.774  2.932  -48.952 0.0000000000
71714  23.090  2.337  -49.604 0.0000000000
70606  22.796  1.739  -48.966 0.0000000000
70613  24.219  2.307  -50.119 0.0000000000
71726  23.681  2.645  -50.178 0.0000000000
73996  24.775  4.556  -51.115 0.0000000000
143423  24.898  3.748  -50.731 0.0000000000
73985  25.262  4.234  -50.754 0.0000000000
73984  25.826  4.426  -50.450 0.0000000000
75148  25.453  4.908  -50.908 0.0000000000
139640  19.280  8.734  -48.905 0.0000000000
78523  19.096  7.875  -48.288 0.0000000000
78536  19.596  7.850  -49.208 0.0000000000
77450  19.867  7.235  -49.372 0.0000000000
77462  20.235  7.690  -49.935 0.0000000000
79662  21.737  9.876  -52.489 0.0000000000
133938  20.942  9.433  -51.560 0.0000000000
79651  21.788  8.973  -52.214 0.0000000000
139661  23.280  7.889  -52.595 0.0000000000
152866  22.591  7.910  -52.386 0.0000000000
76369  22.582  7.181  -52.022 0.0000000000
77470  22.189  7.173  -51.735 0.0000000000
157949  22.988  6.671  -51.998 0.0000000000
76357  23.257  6.053  -51.781 0.0000000000
76368  24.128  6.506  -52.051 0.0000000000
78544  26.748  8.196  -50.008 0.0000000000
77459  26.118  7.451  -50.602 0.0000000000
77458  26.677  7.282  -49.998 0.0000000000
76344  26.701  6.657  -49.923 0.0000000000
147417  27.235  7.708  -49.630 0.0000000000
78520  28.974  7.909  -48.736 0.0000000000
78534  28.426  8.541  -49.092 0.0000000000
80741  29.657  10.939  -49.587 0.0000000000
80731  30.197  10.213  -49.492 0.0000000000
79627  31.044  10.157  -49.870 0.0000000000
80739  31.583  10.110  -50.574 0.0000000000
150370  31.242  10.717  -50.324 0.0000000000
150545  28.992  13.247  -50.143 0.0000000000
82873  29.548  12.499  -50.024 0.0000000000
83965  30.083  13.382  -50.440 0.0000000000
89960  22.356  18.994  -52.821 0.0000000000
88972  22.370  18.413  -53.097 0.0000000000
87939  22.086  17.564  -52.828 0.0000000000
153591  22.476  17.229  -53.248 0.0000000000
86914  22.050  16.581  -52.982 0.0000000000
86904  21.468  16.153  -52.555 0.0000000000
86913  22.633  16.737  -53.363 0.0000000000
88970  24.736  17.992  -53.888 0.0000000000
87937  23.592  17.140  -53.742 0.0000000000
138302  24.417  17.057  -53.630 0.0000000000
92944  24.119  22.736  -57.431 0.0000000000
92934  24.629  22.365  -56.972 0.0000000000
91942  24.254  21.845  -56.447 0.0000000000
141957  27.526  21.990  -57.026 0.0000000000
92942  26.543  22.602  -57.682 0.0000000000
136923  26.987  21.902  -56.355 0.0000000000
91940  26.085  22.025  -56.378 0.0000000000
91928  26.447  21.641  -55.876 0.0000000000
90933  25.817  20.355  -54.786 0.0000000000
133743  27.625  19.898  -54.062 0.0000000000
89967  28.073  19.325  -53.575 0.0000000000
88968  26.551  18.539  -53.310 0.0000000000
88967  27.536  18.710  -53.130 0.0000000000
88956  28.007  18.196  -52.627 0.0000000000
89966  29.047  19.198  -53.701 0.0000000000
151425  30.158  18.989  -55.472 0.0000000000
134137  30.372  18.424  -54.731 0.0000000000
87941  30.714  17.547  -54.323 0.0000000000
87945  30.720  17.625  -55.275 0.0000000000
66396  22.976  -2.362  -46.189 0.0000000000
152746  23.449  -1.929  -46.758 0.0000000000
66408  25.023  -2.087  -46.984 0.0000000000
66394  24.694  -2.580  -46.612 0.0000000000
66393  25.567  -2.696  -46.632 0.0000000000
65460  26.120  -3.416  -46.353 0.0000000000
66392  26.413  -2.767  -46.712 0.0000000000
68455  26.127  -0.350  -47.881 0.0000000000
68440  26.856  -1.004  -47.466 0.0000000000
66389  28.525  -2.160  -47.068 0.0000000000
66404  27.939  -2.055  -47.162 0.0000000000
136069  28.241  -2.790  -46.644 0.0000000000
65446  27.875  -3.461  -46.257 0.0000000000
64449  21.539  -4.268  -43.338 0.0000000000
64448  22.214  -4.658  -43.730 0.0000000000
63432  22.918  -5.024  -44.084 0.0000000000
64461  22.541  -4.306  -44.362 0.0000000000
64474  22.879  -3.909  -44.954 0.0000000000
64473  23.653  -4.085  -45.138 0.0000000000
84002  23.197  13.077  -53.420 0.0000000000
84001  23.870  13.340  -53.099 0.0000000000
85041  25.053  14.000  -52.293 0.0000000000
85034  25.682  14.075  -51.735 0.0000000000
85959  26.271  14.470  -51.487 0.0000000000
85958  26.345  15.219  -51.752 0.0000000000
86894  27.022  15.790  -51.630 0.0000000000
91915  23.135  21.480  -53.807 0.0000000000
91920  23.048  21.720  -54.582 0.0000000000
91944  23.503  22.235  -56.277 0.0000000000
72821  26.072  3.178  -49.766 0.0000000000
71711  26.520  2.797  -49.148 0.0000000000
72809  26.891  3.604  -49.032 0.0000000000
72808  27.877  3.429  -48.350 0.0000000000
144840  29.432  3.979  -48.282 0.0000000000
85044  20.797  14.070  -52.121 0.0000000000
62301  21.694  -6.542  -41.473 0.0000000000
62290  21.008  -6.328  -40.769 0.0000000000
61121  21.560  -7.156  -40.895 0.0000000000
59848  22.030  -7.788  -40.902 0.0000000000
59823  24.903  -9.267  -40.157 0.0000000000
59832  25.293  -8.710  -40.665 0.0000000000
62324  26.102  -6.370  -43.722 0.0000000000
139076  26.399  -6.469  -43.076 0.0000000000
62323  26.739  -5.961  -43.444 0.0000000000
69506  19.959  0.581  -45.000 0.0000000000
68431  20.641  0.115  -45.653 0.0000000000
69517  20.400  0.874  -45.802 0.0000000000
69529  20.862  1.306  -46.734 0.0000000000
70577  20.929  1.970  -47.310 0.0000000000
73963  20.567  4.418  -48.530 0.0000000000
157428  20.961  3.867  -48.682 0.0000000000
72825  21.091  4.382  -49.176 0.0000000000
72838  22.004  3.913  -49.933 0.0000000000
72837  22.710  3.867  -50.426 0.0000000000
72836  23.524  3.423  -50.530 0.0000000000
73999  23.367  4.193  -50.891 0.0000000000
73998  23.809  4.417  -51.184 0.0000000000
75158  24.357  5.236  -51.522 0.0000000000
147921  19.939  8.487  -49.860 0.0000000000
80761  24.049  10.513  -52.597 0.0000000000
79660  23.117  9.301  -52.898 0.0000000000
79648  24.293  9.557  -52.456 0.0000000000
144019  24.288  8.646  -52.468 0.0000000000
78561  24.639  8.046  -52.197 0.0000000000
148936  24.986  7.373  -51.876 0.0000000000
78552  25.259  8.259  -51.589 0.0000000000
79628  27.224  8.927  -49.705 0.0000000000
79621  27.910  9.160  -49.379 0.0000000000
80733  28.226  9.990  -49.433 0.0000000000
80742  28.607  10.842  -49.535 0.0000000000
81790  30.137  11.689  -49.915 0.0000000000
85031  30.445  14.722  -51.321 0.0000000000
83978  30.697  13.925  -51.100 0.0000000000
85030  31.061  14.343  -51.779 0.0000000000
83988  31.440  13.765  -52.392 0.0000000000
145193  22.948  19.388  -53.933 0.0000000000
88971  22.822  18.639  -53.560 0.0000000000
88979  23.204  18.853  -53.946 0.0000000000
87943  23.116  18.178  -53.755 0.0000000000
87942  23.445  17.808  -53.854 0.0000000000
88977  24.252  18.628  -54.306 0.0000000000
88976  25.064  18.817  -54.160 0.0000000000
91939  27.796  21.565  -56.434 0.0000000000
90940  27.482  20.825  -55.126 0.0000000000
91938  28.090  21.128  -55.853 0.0000000000
90939  28.498  20.598  -55.367 0.0000000000
89982  28.969  20.068  -54.888 0.0000000000
89973  29.375  19.483  -54.449 0.0000000000
89981  29.654  19.619  -55.213 0.0000000000
89992  29.867  19.574  -56.088 0.0000000000
67388  23.006  -0.784  -47.337 0.0000000000
150522  24.642  -1.579  -47.344 0.0000000000
67386  25.245  -1.626  -47.309 0.0000000000
68453  27.974  -0.398  -47.552 0.0000000000
146454  27.599  -0.931  -47.459 0.0000000000
68439  28.430  -1.112  -47.491 0.0000000000
67381  28.965  -1.517  -47.405 0.0000000000
63399  21.269  -5.727  -41.573 0.0000000000
62314  21.939  -6.041  -42.095 0.0000000000
61133  22.881  -6.992  -42.149 0.0000000000
61132  23.606  -7.328  -42.431 0.0000000000
61143  23.930  -6.921  -42.952 0.0000000000
61142  24.544  -6.657  -43.412 0.0000000000
62336  24.932  -6.067  -44.144 0.0000000000
64460  23.691  -5.286  -44.329 0.0000000000
62335  25.705  -5.983  -44.281 0.0000000000
63429  26.102  -5.389  -44.947 0.0000000000
64459  26.648  -4.902  -45.357 0.0000000000
75127  20.172  5.103  -48.326 0.0000000000
75140  20.303  5.739  -49.015 0.0000000000
76333  20.621  6.231  -49.751 0.0000000000
81804  20.250  10.627  -51.146 0.0000000000
80746  19.954  10.035  -50.488 0.0000000000
80754  20.809  10.277  -51.733 0.0000000000
80770  21.795  10.743  -52.707 0.0000000000
80768  22.779  10.462  -53.005 0.0000000000
82907  23.639  12.338  -53.119 0.0000000000
81818  23.812  11.389  -52.795 0.0000000000
80767  23.380  10.572  -52.913 0.0000000000
81811  24.467  11.319  -52.280 0.0000000000
81803  25.673  11.755  -51.275 0.0000000000
147382  26.568  12.017  -50.694 0.0000000000
146850  27.445  12.020  -50.245 0.0000000000
82875  27.332  12.834  -50.467 0.0000000000
83966  28.524  13.714  -50.403 0.0000000000
85023  28.493  14.342  -50.581 0.0000000000
85024  27.701  14.652  -50.833 0.0000000000
85952  28.501  15.114  -50.808 0.0000000000
85032  29.858  14.982  -51.022 0.0000000000
85954  30.150  15.484  -51.472 0.0000000000
86898  30.445  16.168  -52.177 0.0000000000
86908  31.154  16.043  -53.648 0.0000000000
89970  22.744  19.655  -53.328 0.0000000000
147634  23.062  19.969  -54.619 0.0000000000
89985  23.453  19.983  -54.922 0.0000000000
90943  24.148  20.791  -55.661 0.0000000000
69552  24.418  1.009  -49.184 0.0000000000
69541  24.756  0.248  -48.695 0.0000000000
70593  25.513  0.935  -48.922 0.0000000000
69539  26.321  0.501  -48.230 0.0000000000
69538  27.455  0.377  -47.754 0.0000000000
69536  29.140  0.429  -47.827 0.0000000000
81794  19.836  10.963  -50.537 0.0000000000
152166  20.528  11.101  -51.648 0.0000000000
138068  21.251  11.870  -52.426 0.0000000000
82910  21.688  12.245  -52.831 0.0000000000
83991  20.842  13.215  -52.149 0.0000000000
84004  21.836  12.891  -53.066 0.0000000000
84003  22.470  12.945  -53.369 0.0000000000
85051  23.466  13.982  -53.322 0.0000000000
85971  24.419  15.292  -53.059 0.0000000000
85970  25.143  15.827  -52.886 0.0000000000
62310  26.347  -6.813  -42.321 0.0000000000
76322  29.064  6.436  -48.548 0.0000000000
75125  29.406  5.644  -48.481 0.0000000000
135068  29.972  6.352  -48.555 0.0000000000
66381  21.534  -2.192  -45.187 0.0000000000
67375  21.874  -1.111  -46.145 0.0000000000
68430  21.435  -0.381  -46.204 0.0000000000
68429  22.289  -0.630  -46.811 0.0000000000
137234  23.531  0.149  -48.371 0.0000000000
134918  23.551  0.669  -48.683 0.0000000000
71681  20.440  2.482  -47.038 0.0000000000
70596  21.375  2.022  -47.934 0.0000000000
72810  21.136  3.172  -48.374 0.0000000000
71698  21.580  2.445  -48.424 0.0000000000
70595  22.010  1.733  -48.391 0.0000000000
70594  22.635  1.225  -48.491 0.0000000000
69554  23.238  1.174  -48.822 0.0000000000
69553  23.855  1.211  -49.196 0.0000000000
70604  24.275  1.661  -49.673 0.0000000000
71713  24.660  2.005  -49.943 0.0000000000
71712  25.095  2.392  -50.079 0.0000000000
72835  24.147  3.104  -50.547 0.0000000000
72822  25.018  3.049  -50.451 0.0000000000
155580  25.465  2.887  -50.122 0.0000000000
73974  26.254  4.011  -49.857 0.0000000000
157798  26.385  4.723  -49.956 0.0000000000
75136  27.690  6.011  -49.058 0.0000000000
77429  18.481  7.129  -46.564 0.0000000000
77439  18.914  7.151  -47.588 0.0000000000
76347  21.037  6.657  -50.458 0.0000000000
80745  20.473  9.706  -51.130 0.0000000000
79630  20.791  8.878  -51.185 0.0000000000
79650  22.323  8.763  -52.507 0.0000000000
78553  21.720  8.248  -51.807 0.0000000000
77472  21.164  7.696  -51.053 0.0000000000
77460  21.394  7.107  -51.038 0.0000000000
76359  21.953  6.836  -51.444 0.0000000000
76346  21.687  6.379  -50.970 0.0000000000
75160  22.847  5.580  -51.469 0.0000000000
75170  23.913  5.877  -51.804 0.0000000000
156251  25.243  6.824  -51.613 0.0000000000
142506  25.197  6.161  -51.540 0.0000000000
75156  25.735  5.825  -50.916 0.0000000000
76332  26.454  6.000  -50.178 0.0000000000
76331  27.111  6.329  -49.566 0.0000000000
76323  28.328  6.434  -48.787 0.0000000000
77436  28.623  7.080  -48.777 0.0000000000
78519  29.921  8.070  -48.754 0.0000000000
78532  30.272  8.796  -49.129 0.0000000000
79620  28.809  9.367  -49.159 0.0000000000
152831  30.968  8.821  -49.529 0.0000000000
82871  31.130  13.017  -51.023 0.0000000000
81801  31.103  11.509  -50.472 0.0000000000
85974  21.811  15.493  -52.898 0.0000000000
86912  23.090  16.515  -53.579 0.0000000000
86911  24.465  16.129  -53.297 0.0000000000
86910  25.166  16.641  -53.191 0.0000000000
87928  25.809  17.057  -53.012 0.0000000000
92935  23.440  22.868  -56.568 0.0000000000
91955  23.752  22.471  -56.860 0.0000000000
91943  23.762  21.903  -56.399 0.0000000000
91930  24.591  21.373  -55.947 0.0000000000
90942  25.036  20.752  -55.370 0.0000000000
89976  25.462  19.611  -54.424 0.0000000000
89969  26.008  19.126  -53.813 0.0000000000
90931  27.309  20.348  -54.518 0.0000000000
89975  26.551  19.941  -54.209 0.0000000000
87934  26.143  17.739  -53.104 0.0000000000
87927  26.592  17.089  -52.549 0.0000000000
87926  27.613  17.469  -52.301 0.0000000000
87925  29.090  17.552  -52.295 0.0000000000
88975  29.856  18.909  -54.040 0.0000000000
88965  29.493  18.468  -53.227 0.0000000000
87933  30.023  17.785  -52.998 0.0000000000
87932  30.559  17.332  -53.437 0.0000000000
86918  31.005  16.737  -53.959 0.0000000000
86917  31.230  15.917  -54.502 0.0000000000
87947  30.591  17.666  -56.275 0.0000000000
135534  30.860  16.857  -55.807 0.0000000000
86922  31.074  16.039  -55.465 0.0000000000
85983  31.240  15.218  -55.208 0.0000000000
66380  22.312  -2.606  -45.537 0.0000000000
65464  22.903  -2.959  -45.719 0.0000000000
65449  23.996  -3.602  -45.665 0.0000000000
66395  23.843  -2.510  -46.515 0.0000000000
65462  24.337  -3.116  -46.177 0.0000000000
64483  24.814  -3.708  -45.808 0.0000000000
64482  25.586  -3.830  -45.930 0.0000000000
64470  26.435  -4.427  -45.763 0.0000000000
64469  27.047  -4.442  -45.783 0.0000000000
146924  25.335  -0.456  -48.136 0.0000000000
68441  26.040  -1.060  -47.606 0.0000000000
66406  26.592  -2.157  -46.916 0.0000000000
67383  27.623  -1.551  -47.280 0.0000000000
66405  27.332  -2.111  -47.014 0.0000000000
66391  27.160  -2.684  -46.824 0.0000000000
65459  27.055  -3.390  -46.566 0.0000000000
65447  27.304  -3.938  -46.144 0.0000000000
65437  27.732  -4.076  -45.492 0.0000000000
73961  29.854  4.807  -48.467 0.0000000000
58556  24.087  -9.515  -40.359 0.0000000000
62311  25.848  -6.843  -43.133 0.0000000000
64471  25.869  -4.392  -45.672 0.0000000000
64481  26.162  -4.000  -45.989 0.0000000000
65450  23.228  -3.484  -45.484 0.0000000000
66390  27.813  -2.494  -46.942 0.0000000000
67385  25.961  -1.628  -47.248 0.0000000000
67387  23.509  -1.343  -47.227 0.0000000000
67397  24.746  -1.190  -47.642 0.0000000000
68428  29.651  -1.067  -47.292 0.0000000000
68443  23.256  -0.253  -47.915 0.0000000000
69537  28.346  0.197  -47.665 0.0000000000
69551  24.968  0.900  -49.177 0.0000000000
72811  20.491  3.740  -48.059 0.0000000000
72834  24.596  3.274  -50.585 0.0000000000
72845  24.330  3.921  -50.903 0.0000000000
73997  24.193  4.643  -51.307 0.0000000000
75137  26.856  5.447  -49.578 0.0000000000
75138  21.241  4.980  -49.736 0.0000000000
76354  25.663  6.700  -51.106 0.0000000000
76355  24.754  6.620  -51.899 0.0000000000
77446  30.838  8.057  -49.222 0.0000000000
77447  27.824  6.771  -49.144 0.0000000000
77461  20.806  7.389  -50.549 0.0000000000
77469  25.533  7.490  -51.282 0.0000000000
77480  24.364  7.220  -52.230 0.0000000000
77482  23.083  7.189  -52.268 0.0000000000
77483  22.137  7.715  -51.936 0.0000000000
78513  18.418  8.646  -47.425 0.0000000000
78554  21.228  8.216  -51.344 0.0000000000
78562  23.981  7.904  -52.572 0.0000000000
78563  22.887  8.654  -52.748 0.0000000000
78564  22.094  8.289  -52.169 0.0000000000
79619  29.768  9.484  -49.189 0.0000000000
79629  26.648  9.166  -50.155 0.0000000000
79631  20.243  9.100  -50.533 0.0000000000
79639  25.537  9.202  -51.277 0.0000000000
79659  23.570  9.767  -52.808 0.0000000000
79661  22.623  9.516  -52.805 0.0000000000
80751  31.634  10.839  -50.951 0.0000000000
80753  25.199  9.885  -51.622 0.0000000000
80762  21.334  10.451  -52.301 0.0000000000
80769  22.220  10.202  -52.801 0.0000000000
81792  27.979  11.513  -49.818 0.0000000000
81810  25.044  11.276  -51.771 0.0000000000
81819  23.142  11.356  -53.172 0.0000000000
82898  21.331  12.721  -52.574 0.0000000000
83989  24.802  12.994  -52.161 0.0000000000
85022  29.259  14.741  -50.711 0.0000000000
85033  26.976  14.972  -51.261 0.0000000000
85052  23.013  14.578  -53.507 0.0000000000
87923  30.276  17.076  -52.646 0.0000000000
87924  29.717  17.459  -52.508 0.0000000000
88954  29.455  17.917  -52.707 0.0000000000
88966  28.520  18.741  -53.089 0.0000000000
90941  26.321  21.074  -55.288 0.0000000000
92932  26.691  22.277  -56.973 0.0000000000
136062  28.842  20.755  -56.145 0.0000000000
137232  23.305  4.826  -51.286 0.0000000000
138122  29.247  13.980  -50.446 0.0000000000
138202  20.667  11.833  -51.856 0.0000000000
138984  27.984  7.637  -49.188 0.0000000000
139357  30.681  16.822  -56.575 0.0000000000
141107  22.111  13.656  -53.273 0.0000000000
142052  28.402  17.696  -52.317 0.0000000000
144608  28.173  13.207  -50.313 0.0000000000
144679  24.666  1.456  -49.560 0.0000000000
146566  26.421  12.836  -50.953 0.0000000000
147439  23.501  6.544  -52.044 0.0000000000
149934  24.429  13.502  -52.675 0.0000000000
151089  22.111  9.432  -52.597 0.0000000000
151836  23.402  1.662  -49.312 0.0000000000
153596  22.256  6.206  -51.350 0.0000000000
156774  28.435  21.182  -56.518 0.0000000000
159370  27.384  -5.014  -44.411 0.0000000000
