#!ascii label  , from subject ICBM2009cNolinAsym vox2ras=TkReg
994
151464  19.620  2.950  -46.035 0.2500000000
71672  19.964  2.357  -46.076 0.2500000000
148536  20.450  1.957  -46.627 0.7500000000
75116  18.787  5.804  -46.317 0.2500000000
75109  18.962  5.108  -46.402 0.1250000000
76314  19.165  5.778  -47.176 0.3750000000
73951  19.534  4.356  -46.817 0.2500000000
72791  19.527  3.577  -46.377 0.2500000000
72799  20.490  3.080  -47.552 0.7500000000
71682  19.997  3.024  -46.707 0.3750000000
70577  20.929  1.970  -47.310 0.8750000000
71681  20.440  2.482  -47.038 0.8750000000
70576  21.464  1.464  -47.634 0.8750000000
75128  19.573  5.086  -47.447 0.3750000000
73964  20.062  4.395  -47.736 0.8750000000
72800  20.012  3.677  -47.212 0.7500000000
71715  21.774  2.932  -48.952 1.0000000000
72810  21.136  3.172  -48.374 1.0000000000
70595  22.010  1.733  -48.391 1.0000000000
146640  20.993  2.526  -47.780 0.8750000000
70594  22.635  1.225  -48.491 1.0000000000
76315  18.812  6.402  -46.882 0.2500000000
75127  20.172  5.103  -48.326 0.8750000000
73963  20.567  4.418  -48.530 0.8750000000
72823  22.361  3.133  -49.643 1.0000000000
72824  21.550  3.649  -49.230 1.0000000000
72825  21.091  4.382  -49.176 1.0000000000
71714  23.090  2.337  -49.604 1.0000000000
70606  22.796  1.739  -48.966 1.0000000000
147419  22.281  2.380  -49.005 1.0000000000
76304  18.570  6.144  -45.986 0.1250000000
75140  20.303  5.739  -49.015 1.0000000000
135682  19.659  5.778  -48.202 0.8750000000
75139  20.661  5.023  -49.107 1.0000000000
72836  23.524  3.423  -50.530 1.0000000000
72837  22.710  3.867  -50.426 1.0000000000
72838  22.004  3.913  -49.933 1.0000000000
155647  21.565  4.334  -49.717 1.0000000000
71726  23.681  2.645  -50.178 1.0000000000
71727  23.093  3.039  -50.138 1.0000000000
71712  25.095  2.392  -50.079 1.0000000000
70613  24.219  2.307  -50.119 1.0000000000
131871  18.341  9.767  -47.511 0.2500000000
77429  18.481  7.129  -46.564 0.2500000000
77438  19.412  7.178  -48.593 1.0000000000
77439  18.914  7.151  -47.588 0.6250000000
76334  19.895  6.523  -49.007 1.0000000000
75150  21.341  5.751  -50.307 1.0000000000
76333  20.621  6.231  -49.751 1.0000000000
72846  23.871  3.794  -50.832 1.0000000000
73999  23.367  4.193  -50.891 1.0000000000
75161  22.142  5.588  -50.957 1.0000000000
73996  24.775  4.556  -51.115 1.0000000000
72822  25.018  3.049  -50.451 1.0000000000
73985  25.262  4.234  -50.754 1.0000000000
154464  25.527  3.615  -50.384 1.0000000000
79599  18.394  9.478  -47.605 0.5000000000
79585  18.214  9.411  -47.282 0.3750000000
78498  18.149  8.748  -46.982 0.3750000000
78513  18.418  8.646  -47.425 0.5000000000
78524  18.778  8.476  -48.042 0.5000000000
78536  19.596  7.850  -49.208 0.8750000000
77450  19.867  7.235  -49.372 1.0000000000
78545  20.614  8.184  -50.687 1.0000000000
76346  21.687  6.379  -50.970 1.0000000000
77449  20.408  6.966  -49.878 1.0000000000
75170  23.913  5.877  -51.804 1.0000000000
75160  22.847  5.580  -51.469 1.0000000000
75156  25.735  5.825  -50.916 1.0000000000
75157  25.030  5.386  -51.378 1.0000000000
73984  25.826  4.426  -50.450 0.8750000000
80714  18.561  10.038  -47.919 0.5000000000
79612  18.748  9.218  -48.196 0.5000000000
79611  19.168  9.731  -48.945 0.6250000000
79622  19.657  9.418  -49.759 0.6250000000
147921  19.939  8.487  -49.860 1.0000000000
139640  19.280  8.734  -48.905 0.7500000000
77472  21.164  7.696  -51.053 1.0000000000
148936  24.986  7.373  -51.876 1.0000000000
77481  23.705  7.171  -52.322 1.0000000000
157949  22.988  6.671  -51.998 1.0000000000
77470  22.189  7.173  -51.735 1.0000000000
156251  25.243  6.824  -51.613 1.0000000000
76356  24.565  5.923  -51.735 1.0000000000
76357  23.257  6.053  -51.781 1.0000000000
77459  26.118  7.451  -50.602 0.8750000000
142506  25.197  6.161  -51.540 1.0000000000
76332  26.454  6.000  -50.178 0.8750000000
80725  18.763  9.972  -48.322 0.5000000000
79651  21.788  8.973  -52.214 1.0000000000
79640  21.322  8.861  -51.688 1.0000000000
78561  24.639  8.046  -52.197 1.0000000000
79649  23.615  8.784  -52.756 1.0000000000
77471  21.684  7.567  -51.510 1.0000000000
156772  24.770  9.734  -52.031 1.0000000000
78544  26.748  8.196  -50.008 1.0000000000
78551  25.968  8.459  -50.777 1.0000000000
79647  24.873  9.043  -51.995 1.0000000000
80724  19.119  10.332  -48.908 0.5000000000
80734  19.497  10.365  -49.693 0.8750000000
80746  19.954  10.035  -50.488 1.0000000000
81820  22.363  11.238  -53.071 1.0000000000
79662  21.737  9.876  -52.489 1.0000000000
79652  21.316  9.615  -52.026 1.0000000000
148119  24.973  12.052  -51.919 1.0000000000
81811  24.467  11.319  -52.280 1.0000000000
147382  26.568  12.017  -50.694 1.0000000000
81803  25.673  11.755  -51.275 1.0000000000
80760  24.739  10.441  -52.023 1.0000000000
80744  26.634  10.205  -50.267 1.0000000000
148512  25.446  10.757  -51.410 1.0000000000
80743  27.333  9.696  -49.708 0.8750000000
85043  21.279  14.680  -52.538 1.0000000000
85035  20.389  14.348  -51.442 0.3750000000
85053  21.901  14.463  -53.072 0.8750000000
82909  22.143  12.175  -53.160 1.0000000000
82887  25.624  12.734  -51.474 1.0000000000
82897  24.303  12.170  -52.537 1.0000000000
86904  21.468  16.153  -52.555 0.8750000000
138317  22.518  15.991  -53.334 1.0000000000
85973  22.479  15.056  -53.308 1.0000000000
154701  22.456  14.287  -53.366 1.0000000000
85972  23.191  15.568  -53.508 1.0000000000
84002  23.197  13.077  -53.420 1.0000000000
83980  25.437  13.493  -51.770 1.0000000000
85041  25.053  14.000  -52.293 1.0000000000
83979  26.151  13.611  -51.289 1.0000000000
86914  22.050  16.581  -52.982 0.7500000000
152940  23.904  15.643  -53.364 1.0000000000
153355  25.839  15.585  -52.292 1.0000000000
85964  25.083  14.944  -52.618 1.0000000000
86912  23.090  16.515  -53.579 1.0000000000
86911  24.465  16.129  -53.297 1.0000000000
85970  25.143  15.827  -52.886 1.0000000000
91906  23.397  21.363  -52.949 0.1250000000
92905  23.706  21.928  -53.493 0.1250000000
91920  23.048  21.720  -54.582 0.2500000000
91915  23.135  21.480  -53.807 0.1250000000
91921  22.980  21.328  -55.009 0.3750000000
92914  23.320  22.499  -54.836 0.2500000000
91931  23.191  21.732  -55.609 0.5000000000
92915  23.109  22.069  -55.266 0.2500000000
155186  23.335  22.449  -55.906 0.3750000000
92926  23.342  22.731  -55.592 0.2500000000
133696  23.518  23.069  -55.305 0.2500000000
94009  23.526  23.357  -55.862 0.2500000000
94017  23.410  23.144  -56.338 0.2500000000
92935  23.440  22.868  -56.568 0.3750000000
92946  23.549  23.186  -57.211 0.3750000000
132874  23.456  23.311  -56.941 0.2500000000
72784  19.314  3.328  -45.696 0.1250000000
73946  18.586  4.889  -45.570 0.1250000000
70604  24.275  1.661  -49.673 1.0000000000
80745  20.473  9.706  -51.130 0.8750000000
80761  24.049  10.513  -52.597 1.0000000000
71661  19.411  1.635  -44.819 0.1250000000
69529  20.862  1.306  -46.734 0.6250000000
68445  21.891  0.082  -46.999 0.7500000000
75110  18.619  5.517  -45.651 0.1250000000
68444  22.605  -0.130  -47.528 1.0000000000
69543  22.899  0.497  -48.233 1.0000000000
69553  23.855  1.211  -49.196 1.0000000000
150917  25.205  1.607  -49.546 1.0000000000
157841  18.202  7.424  -46.210 0.3750000000
79559  16.574  9.826  -45.195 0.2500000000
73974  26.254  4.011  -49.857 0.8750000000
76344  26.701  6.657  -49.923 0.8750000000
75147  26.128  5.199  -50.412 0.8750000000
78535  27.581  8.363  -49.481 0.8750000000
85036  20.099  14.283  -50.986 0.1250000000
83981  20.101  13.652  -51.210 0.1250000000
149563  19.303  10.652  -49.231 0.3750000000
152166  20.528  11.101  -51.648 0.6250000000
81802  26.166  11.029  -50.769 1.0000000000
79628  27.224  8.927  -49.705 0.8750000000
85974  21.811  15.493  -52.898 0.8750000000
155646  20.451  13.616  -51.674 0.3750000000
83991  20.842  13.215  -52.149 0.8750000000
85025  26.903  14.173  -50.977 1.0000000000
85959  26.271  14.470  -51.487 1.0000000000
137496  25.684  14.728  -52.012 1.0000000000
86919  22.972  17.348  -53.617 0.8750000000
87936  23.979  17.841  -53.976 1.0000000000
87935  25.308  17.450  -53.433 1.0000000000
86903  25.831  16.404  -52.686 1.0000000000
137696  23.695  21.253  -52.157 0.1250000000
91907  22.930  20.865  -53.315 0.1250000000
132724  22.914  20.147  -54.134 0.6250000000
90955  23.488  21.475  -55.810 0.5000000000
135042  23.326  22.052  -54.172 0.2500000000
91944  23.503  22.235  -56.277 0.5000000000
92913  23.909  23.188  -54.775 0.2500000000
94008  23.932  23.658  -55.401 0.2500000000
91956  23.573  22.741  -56.858 0.5000000000
95020  23.835  24.043  -56.034 0.1250000000
150047  23.526  23.700  -56.400 0.2500000000
95040  23.514  24.411  -57.836 0.2500000000
92956  23.696  23.612  -58.054 0.3750000000
95047  23.534  24.262  -58.405 0.2500000000
95033  23.700  24.299  -56.678 0.1250000000
132798  19.565  2.464  -45.424 0.1250000000
70565  20.154  1.595  -45.887 0.5000000000
73945  18.956  4.264  -45.834 0.1250000000
69528  21.590  0.770  -47.282 0.7500000000
70596  21.375  2.022  -47.934 0.8750000000
69544  22.134  1.008  -47.970 1.0000000000
157428  20.961  3.867  -48.682 1.0000000000
71698  21.580  2.445  -48.424 1.0000000000
69554  23.238  1.174  -48.822 1.0000000000
70605  23.793  1.938  -49.742 1.0000000000
76324  19.281  6.469  -47.926 0.8750000000
141121  20.813  5.570  -49.620 1.0000000000
72835  24.147  3.104  -50.547 1.0000000000
75149  21.935  4.727  -50.373 1.0000000000
71725  24.618  2.661  -50.324 1.0000000000
71713  24.660  2.005  -49.943 1.0000000000
139769  18.221  7.951  -46.603 0.3750000000
146969  18.596  7.868  -47.386 0.5000000000
76347  21.037  6.657  -50.458 1.0000000000
143423  24.898  3.748  -50.731 1.0000000000
73998  23.809  4.417  -51.184 1.0000000000
73986  22.725  4.783  -50.979 1.0000000000
75159  23.676  5.211  -51.542 1.0000000000
75158  24.357  5.236  -51.522 1.0000000000
75148  25.453  4.908  -50.908 1.0000000000
78523  19.096  7.875  -48.288 0.6250000000
77462  20.235  7.690  -49.935 1.0000000000
76358  22.591  6.535  -51.704 1.0000000000
76359  21.953  6.836  -51.444 1.0000000000
77460  21.394  7.107  -51.038 1.0000000000
76345  26.228  6.636  -50.480 0.8750000000
157798  26.385  4.723  -49.956 0.8750000000
79630  20.791  8.878  -51.185 1.0000000000
78553  21.720  8.248  -51.807 1.0000000000
78552  25.259  8.259  -51.589 1.0000000000
76368  24.128  6.506  -52.051 1.0000000000
76369  22.582  7.181  -52.022 1.0000000000
139661  23.280  7.889  -52.595 1.0000000000
77458  26.677  7.282  -49.998 0.8750000000
147134  23.068  9.911  -52.954 1.0000000000
133938  20.942  9.433  -51.560 1.0000000000
79660  23.117  9.301  -52.898 1.0000000000
79650  22.323  8.763  -52.507 1.0000000000
144019  24.288  8.646  -52.468 1.0000000000
152866  22.591  7.910  -52.386 1.0000000000
79648  24.293  9.557  -52.456 1.0000000000
80752  25.843  10.097  -50.998 1.0000000000
79638  26.120  9.437  -50.689 1.0000000000
81794  19.836  10.963  -50.537 0.6250000000
81804  20.250  10.627  -51.146 0.7500000000
80754  20.809  10.277  -51.733 1.0000000000
80770  21.795  10.743  -52.707 1.0000000000
151540  21.424  11.150  -52.503 1.0000000000
80768  22.779  10.462  -53.005 1.0000000000
82908  22.825  12.178  -53.358 1.0000000000
82907  23.639  12.338  -53.119 1.0000000000
81818  23.812  11.389  -52.795 1.0000000000
155751  26.065  12.339  -51.095 1.0000000000
80767  23.380  10.572  -52.913 1.0000000000
85044  20.797  14.070  -52.121 0.7500000000
150235  21.420  13.662  -52.735 1.0000000000
81821  21.775  11.572  -52.822 1.0000000000
84001  23.870  13.340  -53.099 1.0000000000
82910  21.688  12.245  -52.831 1.0000000000
84003  22.470  12.945  -53.369 1.0000000000
83990  24.212  12.871  -52.782 1.0000000000
86913  22.633  16.737  -53.363 0.8750000000
144954  22.784  13.742  -53.473 1.0000000000
142288  23.710  14.890  -53.320 1.0000000000
85042  24.275  14.282  -52.920 1.0000000000
85051  23.466  13.982  -53.322 1.0000000000
85034  25.682  14.075  -51.735 1.0000000000
152087  23.761  16.339  -53.545 1.0000000000
85971  24.419  15.292  -53.059 1.0000000000
86910  25.166  16.641  -53.191 1.0000000000
87937  23.592  17.140  -53.742 1.0000000000
90913  23.089  20.727  -52.338 0.1250000000
92904  23.980  22.612  -54.049 0.2500000000
91916  22.938  20.924  -54.218 0.3750000000
94016  23.531  24.006  -56.952 0.2500000000
94022  23.540  23.722  -57.565 0.2500000000
70557  19.572  1.741  -45.135 0.2500000000
150464  18.805  1.501  -44.505 0.1250000000
69495  18.260  1.240  -44.155 0.1250000000
69517  20.400  0.874  -45.802 0.6250000000
69516  21.135  0.460  -46.453 0.7500000000
151266  22.229  0.434  -47.629 1.0000000000
82889  19.944  13.102  -51.061 0.5000000000
81805  20.170  11.669  -51.201 0.6250000000
81812  20.969  11.108  -52.124 0.8750000000
138068  21.251  11.870  -52.426 0.8750000000
82888  20.336  12.765  -51.518 0.7500000000
82899  20.873  12.478  -52.121 1.0000000000
84004  21.836  12.891  -53.066 1.0000000000
87942  23.445  17.808  -53.854 1.0000000000
88970  24.736  17.992  -53.888 1.0000000000
90914  22.792  20.210  -52.883 0.3750000000
89986  23.175  20.441  -55.068 0.7500000000
90934  22.979  20.615  -54.799 0.7500000000
90945  23.105  21.002  -55.357 0.7500000000
64474  22.879  -3.909  -44.954 0.7500000000
64472  25.215  -4.330  -45.519 0.7500000000
65438  22.175  -3.603  -44.640 0.7500000000
65452  21.818  -2.935  -44.931 0.7500000000
64483  24.814  -3.708  -45.808 0.7500000000
64473  23.653  -4.085  -45.138 0.7500000000
65464  22.903  -2.959  -45.719 0.7500000000
66380  22.312  -2.606  -45.537 0.7500000000
65461  25.200  -3.223  -46.268 0.7500000000
65462  24.337  -3.116  -46.177 0.7500000000
65463  23.528  -3.015  -45.989 0.7500000000
156069  21.404  -0.852  -45.785 0.7500000000
68430  21.435  -0.381  -46.204 0.6250000000
152746  23.449  -1.929  -46.758 0.7500000000
67374  22.757  -1.447  -46.638 0.8750000000
67375  21.874  -1.111  -46.145 0.8750000000
66393  25.567  -2.696  -46.632 0.7500000000
66394  24.694  -2.580  -46.612 0.7500000000
66409  24.173  -1.887  -47.048 0.7500000000
67388  23.006  -0.784  -47.337 0.8750000000
67386  25.245  -1.626  -47.309 0.7500000000
150522  24.642  -1.579  -47.344 0.7500000000
68442  24.135  -1.096  -47.620 0.8750000000
137234  23.531  0.149  -48.371 0.8750000000
146924  25.335  -0.456  -48.136 0.7500000000
68456  24.564  -0.537  -48.130 0.8750000000
69542  24.069  0.338  -48.665 0.8750000000
69539  26.321  0.501  -48.230 0.8750000000
70593  25.513  0.935  -48.922 0.8750000000
70592  26.025  1.439  -48.887 0.8750000000
156347  25.821  2.321  -49.549 0.8750000000
156593  28.059  2.692  -48.094 0.3750000000
71696  27.239  2.794  -48.529 0.6250000000
71711  26.520  2.797  -49.148 0.7500000000
144840  29.432  3.979  -48.282 0.5000000000
72808  27.877  3.429  -48.350 0.5000000000
143246  27.735  4.294  -48.631 0.7500000000
73973  26.934  4.563  -49.290 0.7500000000
73960  30.750  4.761  -48.758 0.1250000000
73961  29.854  4.807  -48.467 0.3750000000
141291  28.719  4.832  -48.448 0.6250000000
73962  27.694  5.184  -48.870 0.6250000000
75136  27.690  6.011  -49.058 0.6250000000
73971  32.102  5.050  -49.786 0.1250000000
75123  31.028  5.438  -48.923 0.1250000000
135068  29.972  6.352  -48.555 0.1250000000
76330  31.011  7.167  -49.048 0.1250000000
77436  28.623  7.080  -48.777 0.6250000000
78520  28.974  7.909  -48.736 0.6250000000
147417  27.235  7.708  -49.630 0.7500000000
76329  31.599  6.611  -49.471 0.1250000000
77457  32.086  7.848  -50.490 0.1250000000
78532  30.272  8.796  -49.129 0.1250000000
78533  29.364  8.730  -48.912 0.5000000000
78534  28.426  8.541  -49.092 0.6250000000
79621  27.910  9.160  -49.379 0.7500000000
75134  32.123  5.990  -49.973 0.1250000000
79618  30.643  9.480  -49.504 0.5000000000
80731  30.197  10.213  -49.492 0.5000000000
80732  29.220  10.161  -49.345 0.6250000000
80733  28.226  9.990  -49.433 0.7500000000
153591  22.476  17.229  -53.248 0.6250000000
88972  22.370  18.413  -53.097 0.5000000000
87938  22.620  17.894  -53.378 0.7500000000
81790  30.137  11.689  -49.915 0.6250000000
82874  28.346  12.450  -50.040 0.6250000000
146850  27.445  12.020  -50.245 0.8750000000
81791  29.045  11.688  -49.721 0.6250000000
82873  29.548  12.499  -50.024 0.6250000000
82875  27.332  12.834  -50.467 0.8750000000
85958  26.345  15.219  -51.752 0.8750000000
157182  26.402  15.716  -51.937 0.8750000000
83966  28.524  13.714  -50.403 0.7500000000
85024  27.701  14.652  -50.833 0.8750000000
85957  27.760  15.441  -51.117 0.8750000000
86894  27.022  15.790  -51.630 0.8750000000
86901  27.312  16.669  -51.927 0.8750000000
82886  31.244  12.196  -50.916 0.3750000000
82872  30.597  12.400  -50.406 0.5000000000
83965  30.083  13.382  -50.440 0.5000000000
85023  28.493  14.342  -50.581 0.6250000000
82885  31.459  12.366  -51.469 0.2500000000
82871  31.130  13.017  -51.023 0.3750000000
85021  29.980  14.328  -50.745 0.5000000000
88971  22.822  18.639  -53.560 0.6250000000
88979  23.204  18.853  -53.946 0.7500000000
87943  23.116  18.178  -53.755 0.7500000000
88977  24.252  18.628  -54.306 0.8750000000
87928  25.809  17.057  -53.012 0.8750000000
87934  26.143  17.739  -53.104 0.7500000000
87927  26.592  17.089  -52.549 0.8750000000
85952  28.501  15.114  -50.808 0.6250000000
85956  28.492  15.746  -51.116 0.7500000000
83978  30.697  13.925  -51.100 0.3750000000
85031  30.445  14.722  -51.321 0.5000000000
86900  28.406  17.026  -51.860 0.7500000000
83977  31.221  13.608  -51.629 0.2500000000
153046  22.605  19.024  -53.369 0.6250000000
88978  23.579  18.555  -54.177 0.8750000000
88969  25.607  18.290  -53.594 0.8750000000
89977  24.562  19.393  -54.653 0.7500000000
88968  26.551  18.539  -53.310 0.8750000000
88956  28.007  18.196  -52.627 0.7500000000
86892  28.928  16.292  -51.434 0.5000000000
85969  31.152  15.578  -52.915 0.2500000000
86898  30.445  16.168  -52.177 0.5000000000
85954  30.150  15.484  -51.472 0.5000000000
83988  31.440  13.765  -52.392 0.2500000000
89970  22.744  19.655  -53.328 0.5000000000
147634  23.062  19.969  -54.619 0.5000000000
89985  23.453  19.983  -54.922 0.6250000000
89984  24.144  20.091  -55.168 0.7500000000
89983  24.970  19.994  -54.952 0.7500000000
90932  26.699  20.551  -54.739 0.7500000000
89976  25.462  19.611  -54.424 0.7500000000
90942  25.036  20.752  -55.370 0.7500000000
89975  26.551  19.941  -54.209 0.7500000000
89967  28.073  19.325  -53.575 0.7500000000
133743  27.625  19.898  -54.062 0.7500000000
88965  29.493  18.468  -53.227 0.5000000000
88975  29.856  18.909  -54.040 0.3750000000
89966  29.047  19.198  -53.701 0.6250000000
86908  31.154  16.043  -53.648 0.2500000000
87932  30.559  17.332  -53.437 0.3750000000
88964  30.265  18.145  -53.746 0.3750000000
90944  23.550  20.696  -55.459 0.6250000000
91930  24.591  21.373  -55.947 0.7500000000
91929  25.578  21.526  -55.825 0.7500000000
90930  28.111  20.316  -54.643 0.6250000000
89972  29.941  19.130  -54.762 0.3750000000
89982  28.969  20.068  -54.888 0.3750000000
86917  31.230  15.917  -54.502 0.1250000000
87945  30.720  17.625  -55.275 0.1250000000
134137  30.372  18.424  -54.731 0.2500000000
90954  23.879  21.303  -56.002 0.6250000000
91928  26.447  21.641  -55.876 0.7500000000
90939  28.498  20.598  -55.367 0.3750000000
90940  27.482  20.825  -55.126 0.3750000000
90931  27.309  20.348  -54.518 0.7500000000
89992  29.867  19.574  -56.088 0.2500000000
89981  29.654  19.619  -55.213 0.3750000000
87950  30.462  17.244  -57.160 0.1250000000
87947  30.591  17.666  -56.275 0.1250000000
86922  31.074  16.039  -55.465 0.1250000000
91941  25.094  21.983  -56.407 0.3750000000
136923  26.987  21.902  -56.355 0.3750000000
90964  28.908  20.845  -57.802 0.2500000000
91938  28.090  21.128  -55.853 0.3750000000
91927  27.213  21.432  -55.761 0.3750000000
88993  29.990  18.787  -58.012 0.1250000000
90952  29.431  20.218  -56.584 0.3750000000
90938  29.295  20.222  -55.687 0.3750000000
146708  30.508  16.214  -57.257 0.1250000000
88985  30.283  18.676  -56.423 0.1250000000
92944  24.119  22.736  -57.431 0.3750000000
91943  23.762  21.903  -56.399 0.3750000000
91942  24.254  21.845  -56.447 0.3750000000
92933  25.673  22.472  -57.099 0.3750000000
92934  24.629  22.365  -56.972 0.3750000000
92951  27.293  22.421  -58.227 0.3750000000
92942  26.543  22.602  -57.682 0.3750000000
91962  28.442  21.410  -58.210 0.3750000000
91952  28.326  21.454  -57.243 0.3750000000
141957  27.526  21.990  -57.026 0.3750000000
144392  29.295  18.962  -59.652 0.1250000000
90963  29.370  20.218  -57.483 0.1250000000
90970  29.255  20.279  -58.231 0.2500000000
86931  29.891  17.278  -58.583 0.1250000000
92953  25.336  23.247  -58.509 0.2500000000
137368  26.027  23.287  -59.207 0.2500000000
92943  24.952  22.845  -57.648 0.3750000000
92969  27.528  22.434  -60.097 0.1250000000
92952  26.487  22.903  -58.581 0.3750000000
140445  25.802  22.887  -57.865 0.3750000000
91969  28.080  21.883  -59.579 0.1250000000
91963  27.995  21.971  -58.674 0.2500000000
90022  28.516  19.740  -60.837 0.1250000000
91968  28.480  21.321  -59.082 0.1250000000
92955  23.972  23.284  -58.101 0.3750000000
92954  24.462  23.177  -58.099 0.3750000000
94028  25.301  23.515  -59.456 0.2500000000
92963  26.794  22.991  -59.590 0.1250000000
92964  26.096  23.378  -60.003 0.1250000000
92970  26.841  22.977  -60.544 0.1250000000
90029  28.404  19.004  -61.273 0.1250000000
91977  27.686  21.338  -61.577 0.1250000000
94052  25.287  23.594  -61.205 0.1250000000
91978  27.118  22.006  -62.036 0.1250000000
92976  25.902  23.169  -61.812 0.1250000000
90041  27.587  19.479  -62.335 0.1250000000
89018  27.982  18.641  -61.961 0.1250000000
68457  23.846  -0.377  -48.111 0.8750000000
70591  26.978  1.276  -48.115 0.6250000000
80741  29.657  10.939  -49.587 0.6250000000
83967  27.698  13.773  -50.594 0.8750000000
85955  29.300  15.527  -51.098 0.5000000000
85030  31.061  14.343  -51.779 0.3750000000
145193  22.948  19.388  -53.933 0.6250000000
89978  23.838  19.331  -54.635 0.8750000000
88976  25.064  18.817  -54.160 0.8750000000
89969  26.008  19.126  -53.813 0.7500000000
89968  27.044  19.311  -53.606 0.7500000000
86899  29.591  16.878  -51.979 0.5000000000
87933  30.023  17.785  -52.998 0.5000000000
87925  29.090  17.552  -52.295 0.7500000000
86909  30.828  16.525  -53.098 0.5000000000
90014  28.989  19.791  -60.037 0.1250000000
92975  26.654  22.761  -61.481 0.1250000000
90990  27.704  20.400  -61.988 0.1250000000
76322  29.064  6.436  -48.548 0.5000000000
76323  28.328  6.434  -48.787 0.6250000000
76331  27.111  6.329  -49.566 0.7500000000
79627  31.044  10.157  -49.870 0.3750000000
80740  30.614  10.900  -49.877 0.3750000000
81800  31.590  11.611  -51.429 0.2500000000
91974  28.437  21.205  -59.826 0.1250000000
157592  31.659  12.110  -52.029 0.1250000000
64460  23.691  -5.286  -44.329 0.7500000000
63432  22.918  -5.024  -44.084 0.7500000000
64462  21.843  -3.948  -44.004 0.7500000000
65439  21.488  -3.244  -44.240 0.7500000000
63430  25.298  -5.466  -44.718 0.7500000000
154680  24.086  -4.753  -44.815 0.7500000000
63441  26.139  -4.834  -45.447 0.7500000000
67366  21.302  -1.326  -45.417 0.6250000000
66397  22.127  -1.859  -45.865 0.7500000000
65460  26.120  -3.416  -46.353 0.6250000000
66407  25.817  -2.142  -46.908 0.7500000000
66406  26.592  -2.157  -46.916 0.6250000000
68455  26.127  -0.350  -47.881 0.6250000000
69538  27.455  0.377  -47.754 0.5000000000
70590  28.193  1.087  -47.770 0.3750000000
72807  28.940  3.065  -47.990 0.1250000000
147263  30.402  3.980  -48.532 0.1250000000
73959  31.466  4.839  -49.220 0.1250000000
72820  32.564  4.259  -50.292 0.1250000000
137455  32.843  5.032  -51.612 0.1250000000
75155  32.702  5.762  -51.307 0.1250000000
77456  32.453  7.098  -50.968 0.1250000000
87939  22.086  17.564  -52.828 0.3750000000
78542  32.433  7.747  -51.263 0.1250000000
150683  31.864  8.679  -50.539 0.1250000000
80739  31.583  10.110  -50.574 0.1250000000
150370  31.242  10.717  -50.324 0.2500000000
81801  31.103  11.509  -50.472 0.2500000000
89960  22.356  18.994  -52.821 0.5000000000
142149  31.635  13.073  -53.033 0.1250000000
136524  31.525  12.887  -52.041 0.2500000000
84012  31.529  13.717  -54.341 0.1250000000
85983  31.240  15.218  -55.208 0.1250000000
85990  31.024  15.283  -56.014 0.1250000000
85998  30.655  15.268  -56.834 0.1250000000
146537  30.157  15.966  -58.172 0.1250000000
85999  30.309  15.242  -57.679 0.1250000000
89001  29.175  17.957  -60.003 0.1250000000
86946  28.277  17.004  -61.307 0.1250000000
150380  24.356  22.370  -53.262 0.1250000000
94037  24.147  23.985  -59.716 0.2500000000
94047  24.225  24.239  -60.785 0.1250000000
92980  26.346  22.462  -62.347 0.1250000000
92977  25.186  23.437  -62.083 0.1250000000
91981  27.257  21.100  -62.418 0.1250000000
90996  27.218  20.189  -62.703 0.1250000000
155580  25.465  2.887  -50.122 0.7500000000
81793  27.046  11.247  -50.241 0.7500000000
140388  27.595  10.610  -49.755 0.7500000000
86902  26.485  16.216  -52.163 0.8750000000
69552  24.418  1.009  -49.184 0.8750000000
68429  22.289  -0.630  -46.811 0.7500000000
134918  23.551  0.669  -48.683 0.8750000000
72821  26.072  3.178  -49.766 0.7500000000
77448  27.248  7.063  -49.570 0.6250000000
83968  26.868  13.457  -50.801 0.8750000000
138302  24.417  17.057  -53.630 0.8750000000
91955  23.752  22.471  -56.860 0.3750000000
92945  23.848  22.851  -57.427 0.3750000000
94030  23.682  24.193  -59.152 0.1250000000
94029  23.916  23.723  -58.760 0.2500000000
65451  22.534  -3.268  -45.247 0.7500000000
64461  22.541  -4.306  -44.362 0.7500000000
152634  23.283  -4.583  -44.627 0.7500000000
136398  24.452  -4.224  -45.326 0.7500000000
63443  24.876  -4.861  -45.026 0.7500000000
63442  25.595  -4.918  -45.268 0.7500000000
64482  25.586  -3.830  -45.930 0.7500000000
66371  21.156  -2.486  -44.424 0.7500000000
66381  21.534  -2.192  -45.187 0.7500000000
65449  23.996  -3.602  -45.665 0.7500000000
66396  22.976  -2.362  -46.189 0.7500000000
66395  23.843  -2.510  -46.515 0.7500000000
149718  20.916  -0.585  -45.451 0.6250000000
66408  25.023  -2.087  -46.984 0.7500000000
150521  23.563  -0.769  -47.663 0.8750000000
67396  25.298  -1.099  -47.694 0.7500000000
68441  26.040  -1.060  -47.606 0.7500000000
69540  25.450  0.270  -48.554 0.7500000000
69541  24.756  0.248  -48.695 0.8750000000
68454  27.039  -0.326  -47.658 0.6250000000
71697  26.654  2.115  -48.703 0.7500000000
71695  28.650  2.039  -47.856 0.2500000000
145283  27.606  2.021  -48.081 0.5000000000
72809  26.891  3.604  -49.032 0.7500000000
146172  28.535  3.945  -48.289 0.5000000000
72806  30.093  3.115  -48.287 0.1250000000
75124  30.337  5.557  -48.623 0.2500000000
75125  29.406  5.644  -48.481 0.3750000000
75126  28.471  5.779  -48.640 0.6250000000
75135  31.566  5.712  -49.350 0.1250000000
75146  32.529  5.273  -50.635 0.1250000000
76320  30.898  6.268  -48.867 0.1250000000
77435  29.624  7.195  -48.618 0.5000000000
77434  30.387  7.499  -48.809 0.1250000000
77445  31.576  7.516  -49.675 0.1250000000
78519  29.921  8.070  -48.754 0.5000000000
76343  32.111  6.908  -50.169 0.1250000000
78531  31.497  8.387  -49.890 0.1250000000
152831  30.968  8.821  -49.529 0.1250000000
79620  28.809  9.367  -49.159 0.6250000000
80742  28.607  10.842  -49.535 0.6250000000
150545  28.992  13.247  -50.143 0.6250000000
86893  27.962  16.216  -51.409 0.7500000000
87926  27.613  17.469  -52.301 0.7500000000
85032  29.858  14.982  -51.022 0.5000000000
89979  23.348  19.369  -54.389 0.6250000000
88957  27.062  17.974  -52.807 0.7500000000
85963  30.813  15.187  -51.995 0.3750000000
88955  28.847  18.164  -52.632 0.6250000000
88967  27.536  18.710  -53.130 0.7500000000
86891  29.732  16.111  -51.565 0.5000000000
85977  31.380  15.356  -53.833 0.1250000000
85060  31.521  14.561  -54.077 0.1250000000
85040  31.310  14.635  -52.605 0.2500000000
84000  31.563  13.971  -53.378 0.1250000000
90943  24.148  20.791  -55.661 0.7500000000
90933  25.817  20.355  -54.786 0.7500000000
89974  28.562  19.755  -54.193 0.6250000000
89973  29.375  19.483  -54.449 0.3750000000
86918  31.005  16.737  -53.959 0.1250000000
87941  30.714  17.547  -54.323 0.3750000000
91940  26.085  22.025  -56.378 0.3750000000
151425  30.158  18.989  -55.472 0.3750000000
134205  31.000  16.813  -54.885 0.1250000000
88982  30.470  18.301  -55.635 0.1250000000
135534  30.860  16.857  -55.807 0.1250000000
90953  28.917  20.804  -56.962 0.3750000000
91939  27.796  21.565  -56.434 0.3750000000
90000  29.900  19.419  -57.158 0.2500000000
87951  30.173  17.849  -57.823 0.1250000000
86928  30.226  16.850  -57.950 0.1250000000
86925  30.838  16.086  -56.337 0.1250000000
88987  30.376  18.016  -57.003 0.1250000000
91954  24.067  22.236  -56.830 0.3750000000
87954  29.812  18.130  -58.645 0.1250000000
89000  29.627  18.956  -58.815 0.1250000000
90007  29.570  19.586  -58.125 0.1250000000
92962  27.414  22.473  -59.129 0.3750000000
91953  27.855  21.987  -57.807 0.3750000000
156857  29.517  18.321  -59.291 0.1250000000
89009  28.825  18.790  -60.565 0.1250000000
90013  29.267  19.866  -59.027 0.1250000000
90977  28.789  20.591  -59.505 0.1250000000
86935  29.566  16.714  -59.157 0.1250000000
87957  29.540  17.566  -59.267 0.1250000000
92965  24.438  23.521  -58.920 0.2500000000
91975  28.076  21.523  -60.559 0.1250000000
90984  28.173  20.572  -61.181 0.1250000000
90983  28.533  20.588  -60.339 0.1250000000
90030  28.092  19.646  -61.608 0.1250000000
94036  24.720  23.731  -59.796 0.1250000000
94045  25.342  23.619  -60.325 0.1250000000
92971  26.062  23.348  -60.911 0.1250000000
92974  27.379  22.222  -61.072 0.1250000000
89017  28.404  18.168  -61.297 0.1250000000
94054  24.165  24.173  -61.730 0.1250000000
94046  24.676  23.869  -60.558 0.1250000000
63418  23.317  -5.697  -43.745 0.7500000000
63431  24.504  -5.430  -44.520 0.7500000000
62336  24.932  -6.067  -44.144 0.7500000000
64448  22.214  -4.658  -43.730 0.7500000000
63419  22.571  -5.378  -43.459 0.7500000000
66382  20.838  -1.682  -44.631 0.5000000000
67384  26.741  -1.603  -47.200 0.6250000000
78543  32.263  8.436  -51.208 0.1250000000
77479  32.607  7.478  -52.730 0.1250000000
79626  31.442  9.309  -50.072 0.1250000000
85982  31.390  15.088  -54.527 0.1250000000
87962  28.812  17.205  -60.485 0.1250000000
143964  28.720  17.830  -60.739 0.1250000000
63420  21.869  -4.996  -43.074 0.7500000000
65440  20.891  -2.841  -43.701 0.5000000000
61142  24.544  -6.657  -43.412 0.6250000000
63417  26.433  -5.790  -44.228 0.3750000000
62335  25.705  -5.983  -44.281 0.6250000000
64458  27.276  -4.757  -45.101 0.2500000000
64459  26.648  -4.902  -45.357 0.3750000000
90924  22.875  20.359  -53.601 0.2500000000
62337  24.128  -5.928  -43.926 0.6250000000
65448  26.708  -3.968  -46.162 0.5000000000
66391  27.160  -2.684  -46.824 0.5000000000
66405  27.332  -2.111  -47.014 0.3750000000
62323  26.739  -5.961  -43.444 0.5000000000
62324  26.102  -6.370  -43.722 0.6250000000
68440  26.856  -1.004  -47.466 0.5000000000
61131  24.433  -7.441  -42.639 0.6250000000
65429  20.756  -3.224  -43.154 0.3750000000
64437  21.249  -4.549  -42.621 0.3750000000
61143  23.930  -6.921  -42.952 0.6250000000
62325  23.696  -6.350  -43.352 0.6250000000
63408  22.242  -5.689  -42.779 0.6250000000
62310  26.347  -6.813  -42.321 0.3750000000
61129  25.674  -7.262  -42.581 0.5000000000
66353  20.415  -2.547  -42.964 0.2500000000
62309  26.943  -6.117  -42.583 0.3750000000
65437  27.732  -4.076  -45.492 0.2500000000
64447  27.682  -4.917  -43.696 0.2500000000
68431  20.641  0.115  -45.653 0.3750000000
65447  27.304  -3.938  -46.144 0.2500000000
65458  27.639  -3.002  -46.718 0.3750000000
66404  27.939  -2.055  -47.162 0.2500000000
146454  27.599  -0.931  -47.459 0.2500000000
68453  27.974  -0.398  -47.552 0.2500000000
79560  16.002  9.298  -44.177 0.1250000000
132169  18.928  10.401  -48.522 0.2500000000
70589  29.220  1.250  -47.893 0.2500000000
157797  19.978  12.463  -51.026 0.3750000000
132120  19.633  11.036  -49.990 0.2500000000
85965  21.119  15.527  -52.312 0.2500000000
89959  22.520  19.581  -52.468 0.2500000000
149599  16.720  10.788  -45.336 0.1250000000
78499  18.030  8.111  -46.434 0.2500000000
69506  19.959  0.581  -45.000 0.2500000000
141578  19.897  11.834  -50.665 0.3750000000
66392  26.413  -2.767  -46.712 0.5000000000
64449  21.539  -4.268  -43.338 0.5000000000
65428  21.237  -3.552  -43.565 0.5000000000
63429  26.102  -5.389  -44.947 0.5000000000
64470  26.435  -4.427  -45.763 0.5000000000
69536  29.140  0.429  -47.827 0.2500000000
66372  20.519  -1.955  -43.759 0.3750000000
68419  20.250  -0.120  -44.880 0.2500000000
62326  22.937  -6.057  -43.137 0.6250000000
67383  27.623  -1.551  -47.280 0.2500000000
61130  25.167  -7.136  -43.029 0.6250000000
135050  25.384  -6.556  -43.666 0.5000000000
63428  26.847  -5.293  -44.736 0.2500000000
63416  27.122  -5.461  -43.953 0.2500000000
64457  27.879  -4.390  -44.405 0.2500000000
64469  27.047  -4.442  -45.783 0.3750000000
65459  27.055  -3.390  -46.566 0.3750000000
139076  26.399  -6.469  -43.076 0.5000000000
64450  20.990  -3.813  -42.900 0.3750000000
62312  23.294  -6.663  -42.754 0.6250000000
61116  25.879  -7.572  -41.809 0.3750000000
143739  25.176  -7.693  -42.395 0.5000000000
65446  27.875  -3.461  -46.257 0.2500000000
67382  28.324  -1.726  -47.296 0.2500000000
78457  16.194  8.297  -43.925 0.1250000000
61120  22.305  -7.290  -41.494 0.5000000000
59844  24.921  -8.524  -41.419 0.3750000000
61117  24.629  -8.108  -42.024 0.5000000000
61119  23.143  -7.714  -41.801 0.5000000000
59848  22.030  -7.788  -40.902 0.3750000000
62301  21.694  -6.542  -41.473 0.5000000000
61133  22.881  -6.992  -42.149 0.5000000000
62300  22.291  -6.636  -41.930 0.5000000000
63409  21.555  -5.317  -42.346 0.3750000000
62313  22.597  -6.353  -42.487 0.5000000000
59824  20.751  -8.277  -39.283 0.1250000000
145854  21.511  -7.813  -40.397 0.3750000000
63410  20.949  -4.873  -41.846 0.2500000000
58534  21.032  -9.765  -38.681 0.1250000000
58558  22.530  -9.367  -40.202 0.3750000000
59832  25.293  -8.710  -40.665 0.2500000000
59834  23.726  -9.061  -40.969 0.3750000000
59846  23.426  -8.452  -41.441 0.5000000000
59813  20.219  -8.482  -38.417 0.1250000000
59837  21.417  -8.469  -39.905 0.3750000000
59835  22.938  -8.922  -40.858 0.3750000000
62281  20.469  -6.390  -39.630 0.1250000000
63392  20.522  -5.332  -40.313 0.1250000000
140285  31.844  10.753  -51.882 0.1250000000
61132  23.606  -7.328  -42.431 0.5000000000
61118  23.902  -8.031  -42.064 0.5000000000
64438  20.698  -4.081  -42.204 0.2500000000
61107  26.332  -7.649  -40.838 0.2500000000
59847  22.656  -8.137  -41.193 0.5000000000
61121  21.560  -7.156  -40.895 0.5000000000
154149  25.255  -8.082  -41.820 0.3750000000
59845  24.176  -8.584  -41.524 0.3750000000
59833  24.516  -8.988  -40.888 0.3750000000
59836  22.124  -8.541  -40.514 0.3750000000
61109  21.009  -7.131  -40.261 0.2500000000
62290  21.008  -6.328  -40.769 0.1250000000
63400  20.706  -5.325  -40.997 0.1250000000
63399  21.269  -5.727  -41.573 0.1250000000
62314  21.939  -6.041  -42.095 0.5000000000
58549  20.707  -9.054  -38.818 0.1250000000
61089  20.350  -7.632  -38.897 0.1250000000
155775  21.022  -7.784  -39.887 0.2500000000
61099  20.598  -7.212  -39.571 0.1250000000
58535  20.433  -9.430  -38.236 0.1250000000
58559  21.884  -9.109  -39.935 0.3750000000
59823  24.903  -9.267  -40.157 0.2500000000
141816  20.662  -6.576  -40.072 0.1250000000
62291  20.581  -5.963  -40.259 0.1250000000
58547  22.076  -9.803  -39.584 0.2500000000
139826  23.650  -10.018  -39.832 0.2500000000
67358  20.290  -1.129  -44.060 0.2500000000
57573  21.599  -10.066  -39.077 0.1250000000
58548  21.334  -9.236  -39.344 0.1250000000
58557  23.292  -9.530  -40.371 0.2500000000
58546  22.858  -10.080  -39.756 0.1250000000
67359  20.009  -0.617  -43.538 0.1250000000
87929  21.525  16.873  -52.394 0.1250000000
86905  21.044  16.270  -52.022 0.1250000000
135014  21.641  17.643  -52.050 0.1250000000
87915  21.413  17.744  -51.225 0.1250000000
89949  22.188  18.969  -52.029 0.1250000000
88958  22.067  18.314  -52.427 0.1250000000
88932  21.594  18.569  -50.745 0.1250000000
88944  21.810  18.360  -51.627 0.1250000000
89937  21.980  18.981  -51.301 0.1250000000
89935  21.880  19.856  -49.754 0.1250000000
143295  20.734  15.613  -51.660 0.1250000000
65418  20.556  -3.338  -42.536 0.1250000000
67350  19.677  -1.111  -42.859 0.1250000000
82876  19.903  12.803  -50.863 0.1250000000
85960  20.538  15.531  -51.074 0.1250000000
86895  20.805  16.331  -51.321 0.1250000000
87903  21.043  17.100  -50.941 0.1250000000
87902  21.262  17.884  -50.512 0.1250000000
88925  21.402  19.304  -49.466 0.1250000000
90894  22.405  20.076  -50.597 0.1250000000
142860  20.753  14.887  -51.929 0.1250000000
70556  19.715  1.145  -45.056 0.1250000000
158429  19.464  0.793  -44.147 0.1250000000
133548  20.558  -0.878  -44.777 0.1250000000
66364  20.149  -1.733  -43.041 0.1250000000
131875  19.766  12.674  -49.459 0.1250000000
68420  19.650  0.464  -44.229 0.1250000000
68409  20.014  -0.330  -44.168 0.1250000000
152097  20.140  -1.282  -43.433 0.1250000000
68400  19.931  -0.391  -43.353 0.1250000000
157231  19.485  -1.194  -42.867 0.1250000000
87916  21.194  16.998  -51.654 0.1250000000
137915  21.337  18.600  -50.005 0.1250000000
89948  22.338  19.654  -51.514 0.1250000000
88924  21.584  19.129  -50.093 0.1250000000
87888  21.308  18.121  -50.048 0.1250000000
150404  22.540  20.348  -49.817 0.1250000000
62298  27.125  -6.356  -41.692 0.1250000000
139234  27.636  -5.676  -41.990 0.1250000000
63407  27.471  -5.432  -42.991 0.1250000000
156842  28.019  -4.831  -43.001 0.1250000000
140535  28.395  -3.666  -44.708 0.1250000000
140514  28.295  -3.480  -45.541 0.1250000000
66379  28.565  -2.957  -45.951 0.1250000000
136069  28.241  -2.790  -46.644 0.1250000000
67365  29.515  -1.771  -45.940 0.1250000000
67373  29.271  -1.727  -46.878 0.1250000000
66389  28.525  -2.160  -47.068 0.1250000000
68427  30.316  -0.554  -46.947 0.1250000000
68439  28.430  -1.112  -47.491 0.1250000000
69515  30.760  0.050  -47.393 0.1250000000
68437  30.099  -0.441  -47.717 0.1250000000
69526  29.751  -0.092  -47.947 0.1250000000
58545  25.260  -9.352  -39.352 0.1250000000
58556  24.087  -9.515  -40.359 0.1250000000
59822  25.663  -8.808  -39.844 0.1250000000
59831  26.034  -8.263  -40.350 0.1250000000
61106  27.151  -7.146  -40.409 0.1250000000
63391  27.910  -6.002  -41.071 0.1250000000
62289  27.866  -6.576  -40.404 0.1250000000
63406  28.174  -5.072  -42.313 0.1250000000
65417  28.877  -3.860  -43.101 0.1250000000
65426  29.188  -3.138  -43.820 0.1250000000
65436  28.816  -3.020  -45.019 0.1250000000
66369  29.790  -1.786  -44.825 0.1250000000
69505  30.948  0.002  -46.385 0.1250000000
69535  30.119  0.806  -48.179 0.1250000000
70575  31.031  0.897  -48.420 0.1250000000
69524  31.218  0.640  -47.804 0.1250000000
71694  29.861  1.992  -48.131 0.1250000000
62299  26.648  -6.983  -41.309 0.1250000000
69527  28.883  -0.367  -47.700 0.1250000000
64446  28.256  -4.381  -43.448 0.1250000000
67381  28.965  -1.517  -47.405 0.1250000000
61108  25.628  -8.170  -41.175 0.1250000000
61098  26.730  -7.803  -40.025 0.1250000000
155099  24.445  -9.813  -39.569 0.1250000000
64436  28.575  -4.470  -42.644 0.1250000000
65427  28.502  -3.864  -43.885 0.1250000000
66378  28.917  -2.361  -46.415 0.1250000000
67372  29.891  -1.151  -46.454 0.1250000000
66370  29.178  -2.418  -45.478 0.1250000000
68438  29.331  -0.813  -47.642 0.1250000000
69525  30.538  0.243  -48.064 0.1250000000
69514  31.387  0.590  -46.829 0.1250000000
58532  25.585  -9.455  -38.577 0.1250000000
59812  25.978  -8.873  -39.001 0.1250000000
64425  28.872  -4.690  -41.820 0.1250000000
70574  31.694  1.222  -48.142 0.1250000000
62311  25.848  -6.843  -43.133 0.5000000000
64471  25.869  -4.392  -45.672 0.7500000000
64481  26.162  -4.000  -45.989 0.5000000000
65450  23.228  -3.484  -45.484 0.7500000000
66390  27.813  -2.494  -46.942 0.2500000000
67385  25.961  -1.628  -47.248 0.6250000000
67387  23.509  -1.343  -47.227 0.8750000000
67397  24.746  -1.190  -47.642 0.7500000000
68428  29.651  -1.067  -47.292 0.1250000000
68443  23.256  -0.253  -47.915 0.8750000000
69537  28.346  0.197  -47.665 0.2500000000
69551  24.968  0.900  -49.177 0.8750000000
70546  19.096  1.152  -44.327 0.1250000000
72811  20.491  3.740  -48.059 1.0000000000
72834  24.596  3.274  -50.585 1.0000000000
72845  24.330  3.921  -50.903 1.0000000000
73997  24.193  4.643  -51.307 1.0000000000
75137  26.856  5.447  -49.578 0.6250000000
75138  21.241  4.980  -49.736 1.0000000000
76321  30.404  6.910  -48.723 0.1250000000
76342  32.473  6.267  -50.723 0.1250000000
76353  32.679  6.448  -51.581 0.1250000000
76354  25.663  6.700  -51.106 1.0000000000
76355  24.754  6.620  -51.899 1.0000000000
77446  30.838  8.057  -49.222 0.1250000000
77447  27.824  6.771  -49.144 0.6250000000
77461  20.806  7.389  -50.549 1.0000000000
77469  25.533  7.490  -51.282 1.0000000000
77480  24.364  7.220  -52.230 1.0000000000
77482  23.083  7.189  -52.268 1.0000000000
77483  22.137  7.715  -51.936 1.0000000000
78476  16.495  8.757  -44.855 0.1250000000
78550  32.530  8.021  -51.937 0.1250000000
78554  21.228  8.216  -51.344 1.0000000000
78562  23.981  7.904  -52.572 1.0000000000
78563  22.887  8.654  -52.748 1.0000000000
78564  22.094  8.289  -52.169 1.0000000000
79586  16.996  9.379  -45.890 0.2500000000
79619  29.768  9.484  -49.189 0.6250000000
79629  26.648  9.166  -50.155 1.0000000000
79631  20.243  9.100  -50.533 1.0000000000
79639  25.537  9.202  -51.277 1.0000000000
79659  23.570  9.767  -52.808 1.0000000000
79661  22.623  9.516  -52.805 1.0000000000
80751  31.634  10.839  -50.951 0.2500000000
80753  25.199  9.885  -51.622 1.0000000000
80762  21.334  10.451  -52.301 1.0000000000
80769  22.220  10.202  -52.801 1.0000000000
81792  27.979  11.513  -49.818 0.7500000000
81810  25.044  11.276  -51.771 1.0000000000
81819  23.142  11.356  -53.172 1.0000000000
82898  21.331  12.721  -52.574 1.0000000000
82906  31.613  13.184  -53.831 0.1250000000
83989  24.802  12.994  -52.161 1.0000000000
85022  29.259  14.741  -50.711 0.5000000000
85033  26.976  14.972  -51.261 1.0000000000
85050  31.439  14.831  -53.356 0.1250000000
85052  23.013  14.578  -53.507 1.0000000000
86007  29.890  15.131  -58.417 0.1250000000
87923  30.276  17.076  -52.646 0.5000000000
87924  29.717  17.459  -52.508 0.5000000000
87958  29.172  16.968  -59.856 0.1250000000
88954  29.455  17.917  -52.707 0.7500000000
88966  28.520  18.741  -53.089 0.6250000000
88988  30.213  18.575  -57.299 0.1250000000
89936  21.942  19.383  -50.651 0.1250000000
90941  26.321  21.074  -55.288 0.7500000000
90971  28.891  20.737  -58.653 0.2500000000
92932  26.691  22.277  -56.973 0.3750000000
92941  27.212  22.303  -57.527 0.3750000000
94053  24.642  23.860  -61.470 0.1250000000
131872  17.160  10.557  -45.981 0.1250000000
135131  27.315  -6.585  -40.954 0.1250000000
136062  28.842  20.755  -56.145 0.3750000000
137232  23.305  4.826  -51.286 1.0000000000
138122  29.247  13.980  -50.446 0.5000000000
138202  20.667  11.833  -51.856 0.7500000000
138984  27.984  7.637  -49.188 0.6250000000
139357  30.681  16.822  -56.575 0.1250000000
141107  22.111  13.656  -53.273 1.0000000000
142052  28.402  17.696  -52.317 0.7500000000
144608  28.173  13.207  -50.313 0.7500000000
144679  24.666  1.456  -49.560 1.0000000000
146566  26.421  12.836  -50.953 1.0000000000
147439  23.501  6.544  -52.044 1.0000000000
149934  24.429  13.502  -52.675 1.0000000000
151089  22.111  9.432  -52.597 1.0000000000
151836  23.402  1.662  -49.312 1.0000000000
153596  22.256  6.206  -51.350 1.0000000000
156774  28.435  21.182  -56.518 0.3750000000
157943  29.911  16.531  -58.571 0.1250000000
159370  27.384  -5.014  -44.411 0.2500000000
