#!ascii label  , from subject ICBM2009cNolinAsym vox2ras=TkReg
711
12258  27.463  -58.585  -32.577 0.6000000238
14538  25.536  -55.421  -24.187 0.6999999881
14550  25.317  -56.386  -25.774 0.6999999881
12170  25.715  -58.472  -27.741 0.8999999762
148002  26.166  -58.745  -29.164 0.8000000119
12205  25.796  -58.784  -30.129 0.8000000119
12259  26.603  -58.503  -32.589 0.6000000238
13011  27.039  -58.022  -33.192 0.6999999881
13029  27.964  -57.342  -33.187 0.6999999881
15369  25.666  -54.847  -25.132 0.6999999881
14527  25.567  -55.102  -23.402 0.6999999881
140296  25.458  -55.471  -25.860 0.6999999881
156872  25.307  -55.904  -26.397 0.6000000238
13722  25.183  -56.606  -26.586 0.6999999881
12924  25.169  -57.420  -26.932 0.6999999881
12941  24.783  -57.469  -27.901 0.8000000119
12953  24.740  -57.891  -28.684 0.8000000119
12206  25.038  -58.288  -29.149 0.8000000119
12226  25.471  -58.650  -30.850 0.8000000119
12244  25.597  -58.508  -31.629 0.6000000238
13012  26.288  -57.839  -32.908 0.6000000238
142125  26.939  -57.053  -33.328 0.6999999881
13815  27.977  -56.690  -33.061 0.6999999881
15362  25.774  -54.580  -24.120 0.5000000000
15355  25.732  -54.314  -23.134 0.6000000238
16104  26.169  -54.171  -25.683 0.4000000060
14564  25.560  -55.288  -26.712 0.5000000000
14590  25.130  -55.865  -28.000 0.6000000238
13736  24.942  -56.636  -27.418 0.8000000119
136402  24.517  -56.987  -29.020 0.6999999881
138777  24.497  -56.938  -30.118 0.6999999881
12991  24.855  -57.304  -31.479 0.6999999881
13803  25.648  -56.700  -32.571 0.5000000000
14646  26.561  -56.061  -32.924 0.6000000238
142290  27.218  -55.898  -32.948 0.6000000238
14645  27.594  -56.320  -33.021 0.6000000238
14643  28.895  -55.508  -32.905 0.5000000000
146624  26.632  -53.439  -23.869 0.5000000000
16079  26.311  -53.516  -23.061 0.6000000238
16069  25.631  -53.751  -22.332 0.6000000238
16080  26.166  -53.907  -23.945 0.5000000000
14576  25.599  -55.237  -27.614 0.5000000000
149810  25.528  -55.153  -28.626 0.6000000238
151344  25.390  -54.848  -29.805 0.6000000238
139828  24.827  -56.055  -31.389 0.6000000238
13787  24.970  -56.047  -31.868 0.5000000000
13804  25.282  -56.114  -32.258 0.5000000000
14647  25.915  -55.780  -32.672 0.6000000238
154792  26.844  -55.448  -32.860 0.6000000238
15432  28.224  -54.706  -33.062 0.5000000000
16180  28.666  -53.764  -33.375 0.5000000000
16179  29.717  -53.499  -33.895 0.5000000000
146741  29.316  -54.266  -33.487 0.5000000000
16850  26.071  -53.160  -22.236 0.5000000000
151890  26.510  -53.734  -25.286 0.5000000000
16103  26.663  -53.610  -26.041 0.4000000060
16117  26.794  -53.464  -27.039 0.3000000119
16130  26.315  -53.978  -27.615 0.4000000060
148185  26.040  -53.795  -28.646 0.3000000119
16129  26.624  -53.152  -28.204 0.3000000119
15393  25.923  -54.560  -28.111 0.5000000000
15403  25.227  -54.036  -30.678 0.5000000000
14627  24.964  -55.394  -31.571 0.5000000000
14636  25.126  -55.445  -31.953 0.5000000000
15435  25.694  -55.109  -32.380 0.6000000238
16183  25.992  -54.480  -32.389 0.6000000238
16181  27.670  -54.188  -32.929 0.5000000000
16849  26.693  -52.785  -22.564 0.5000000000
16859  26.961  -52.963  -23.433 0.5000000000
16866  27.692  -52.616  -24.818 0.5000000000
16874  27.671  -52.545  -25.791 0.4000000060
16889  27.191  -52.999  -26.364 0.5000000000
16888  27.614  -52.402  -26.611 0.4000000060
16902  27.224  -52.633  -27.395 0.3000000119
16136  25.994  -53.006  -29.214 0.3000000119
15402  25.662  -53.691  -29.756 0.4000000060
15411  25.000  -54.745  -31.208 0.5000000000
15416  25.159  -54.628  -31.559 0.4000000060
16182  26.760  -54.560  -32.726 0.5000000000
16943  26.887  -52.907  -32.501 0.5000000000
16958  27.775  -53.136  -32.876 0.5000000000
16956  30.070  -52.666  -34.289 0.5000000000
17740  29.588  -51.877  -33.904 0.4000000060
133216  29.093  -52.711  -33.701 0.5000000000
17636  27.038  -52.079  -22.047 0.5000000000
16848  27.440  -52.347  -22.910 0.5000000000
16858  27.640  -52.547  -23.850 0.5000000000
17660  28.209  -51.998  -25.327 0.4000000060
17672  28.116  -51.889  -26.301 0.4000000060
17683  27.759  -51.846  -27.195 0.3000000119
17698  26.660  -51.788  -28.733 0.3000000119
16145  25.474  -52.758  -29.912 0.4000000060
16922  24.865  -52.050  -30.174 0.4000000060
16929  24.633  -52.002  -30.791 0.4000000060
16154  25.019  -53.103  -30.928 0.4000000060
16161  25.217  -53.577  -31.302 0.5000000000
16944  25.628  -52.687  -31.881 0.5000000000
16168  25.707  -53.780  -32.022 0.6000000238
17729  28.167  -51.371  -32.705 0.4000000060
16957  28.314  -52.350  -33.019 0.5000000000
17643  28.110  -51.878  -23.389 0.4000000060
17659  28.694  -51.391  -24.855 0.4000000060
17652  28.225  -52.022  -24.344 0.4000000060
17671  28.655  -51.317  -25.836 0.4000000060
153747  28.431  -50.959  -26.955 0.4000000060
153525  27.053  -51.289  -28.493 0.4000000060
18528  26.344  -51.030  -29.034 0.4000000060
17699  25.786  -51.584  -29.337 0.4000000060
17711  24.855  -51.371  -29.832 0.4000000060
17712  24.425  -51.155  -30.446 0.4000000060
16937  25.008  -52.476  -31.182 0.5000000000
145621  25.053  -51.860  -31.517 0.5000000000
148479  25.442  -51.768  -31.867 0.6000000238
153776  26.360  -51.378  -32.290 0.5000000000
18559  26.495  -50.092  -32.492 0.4000000060
17730  26.953  -50.968  -32.447 0.4000000060
147129  27.819  -51.432  -22.430 0.4000000060
146320  29.072  -50.721  -25.331 0.4000000060
17651  28.624  -51.337  -23.905 0.4000000060
18495  28.953  -50.652  -26.138 0.4000000060
17697  27.672  -51.164  -27.900 0.4000000060
18537  25.288  -50.641  -29.578 0.4000000060
18538  24.475  -50.509  -30.204 0.4000000060
17718  24.329  -50.943  -30.949 0.4000000060
17723  24.556  -50.754  -31.359 0.5000000000
18561  24.685  -50.286  -31.713 0.4000000060
144481  25.971  -50.617  -32.309 0.6000000238
18479  28.879  -50.587  -23.464 0.4000000060
19339  29.343  -50.012  -24.893 0.4000000060
19346  29.264  -50.028  -25.808 0.4000000060
18515  28.538  -50.018  -27.361 0.4000000060
18516  27.983  -50.314  -27.940 0.4000000060
19378  27.495  -49.752  -28.513 0.4000000060
19379  26.657  -49.608  -29.080 0.5000000000
18527  26.199  -50.313  -29.225 0.4000000060
19391  24.694  -49.783  -30.003 0.3000000119
18544  24.273  -50.329  -30.752 0.4000000060
18551  24.417  -49.905  -31.393 0.4000000060
135687  24.727  -49.628  -31.940 0.4000000060
18560  25.138  -50.415  -32.103 0.5000000000
18472  28.436  -50.411  -22.519 0.4000000060
144467  28.964  -50.069  -26.652 0.4000000060
19367  28.197  -49.349  -27.998 0.4000000060
20178  27.344  -48.959  -28.758 0.3000000119
143906  26.043  -48.998  -29.478 0.3000000119
146512  25.096  -49.014  -29.896 0.3000000119
146705  24.336  -49.718  -30.662 0.3000000119
20216  24.794  -48.156  -31.704 0.4000000060
20215  25.201  -48.312  -32.132 0.4000000060
19338  29.518  -49.275  -24.475 0.3000000119
19345  29.467  -49.269  -25.397 0.3000000119
20147  29.256  -49.291  -26.320 0.3000000119
20166  28.645  -48.577  -27.597 0.3000000119
20167  28.038  -48.427  -28.300 0.3000000119
139982  27.414  -48.213  -28.793 0.3000000119
20179  26.627  -48.365  -29.228 0.4000000060
20995  26.199  -47.552  -29.605 0.4000000060
20190  25.624  -48.287  -29.778 0.3000000119
20191  24.831  -48.304  -30.344 0.3000000119
20200  24.397  -48.351  -31.204 0.3000000119
21011  24.618  -48.010  -31.376 0.4000000060
21989  25.401  -46.971  -32.020 0.4000000060
135028  25.703  -46.992  -32.275 0.4000000060
20983  27.111  -47.618  -29.096 0.4000000060
142722  25.998  -45.861  -30.144 0.4000000060
20996  25.315  -47.558  -30.201 0.4000000060
147796  25.146  -46.918  -30.627 0.3000000119
21968  24.917  -46.999  -31.273 0.4000000060
153668  25.365  -45.940  -31.676 0.4000000060
22977  25.674  -45.305  -32.135 0.4000000060
148241  25.555  -46.060  -32.035 0.4000000060
21988  25.804  -46.128  -32.245 0.4000000060
21960  25.505  -46.067  -30.556 0.4000000060
22945  25.372  -45.356  -30.874 0.5000000000
23923  25.311  -44.277  -31.612 0.4000000060
23936  25.615  -44.361  -32.100 0.4000000060
22989  26.592  -44.815  -32.526 0.3000000119
24883  25.662  -43.736  -32.153 0.3000000119
12243  26.920  -58.901  -31.891 0.6999999881
12952  25.126  -58.198  -28.108 0.8000000119
13013  25.688  -57.449  -32.531 0.6000000238
12974  24.657  -57.596  -30.603 0.6999999881
12245  25.025  -58.146  -31.163 0.6999999881
15431  28.717  -54.996  -33.058 0.6000000238
16118  26.329  -54.121  -26.608 0.4000000060
15386  25.968  -54.664  -27.133 0.4000000060
133244  24.983  -55.899  -29.114 0.6999999881
156853  24.650  -56.319  -29.831 0.6999999881
13014  25.135  -56.854  -32.113 0.6999999881
16875  27.088  -53.211  -25.312 0.5000000000
14617  24.908  -55.478  -31.064 0.5000000000
16169  25.396  -54.106  -31.707 0.6000000238
16167  26.261  -53.477  -32.355 0.5000000000
18526  27.100  -50.506  -28.644 0.3000000119
143587  24.238  -49.687  -31.058 0.4000000060
19332  29.079  -49.764  -23.064 0.4000000060
19392  24.495  -49.025  -30.507 0.3000000119
147392  24.847  -47.153  -30.948 0.3000000119
146607  25.230  -46.147  -31.410 0.3000000119
23935  25.896  -44.579  -32.298 0.3000000119
10702  29.436  -60.295  -23.278 0.6000000238
9995  29.477  -61.098  -23.329 0.6000000238
10721  32.079  -60.477  -24.871 0.6000000238
135437  32.379  -59.623  -24.833 0.6000000238
9300  27.592  -62.670  -23.074 0.5000000000
9978  28.212  -61.606  -22.796 0.6000000238
11381  28.298  -59.495  -23.281 0.6999999881
10703  28.718  -60.116  -23.002 0.6999999881
9996  28.799  -61.407  -23.045 0.6000000238
158910  29.938  -58.820  -24.215 0.6000000238
11395  30.413  -59.165  -24.031 0.6000000238
12138  30.669  -58.019  -24.875 0.6000000238
12124  31.039  -58.671  -24.323 0.6000000238
11408  31.839  -59.026  -24.440 0.6000000238
12904  32.259  -57.506  -24.841 0.6000000238
12920  33.011  -56.963  -25.012 0.6999999881
9980  26.887  -61.309  -22.115 0.6000000238
11382  27.453  -59.246  -22.970 0.6999999881
9283  27.055  -62.196  -22.528 0.5000000000
11364  27.933  -59.959  -22.663 0.6999999881
10689  28.299  -60.812  -22.666 0.6999999881
12140  28.601  -58.624  -25.233 0.6999999881
12126  28.778  -58.877  -24.320 0.6999999881
12139  29.618  -58.246  -25.431 0.5000000000
12153  31.210  -57.432  -25.268 0.6000000238
12921  31.347  -56.859  -25.804 0.6000000238
133764  32.102  -56.771  -25.249 0.6999999881
13721  31.662  -56.288  -26.052 0.6999999881
13719  33.509  -56.353  -25.362 0.6999999881
159238  32.979  -55.649  -25.451 0.6999999881
16133  37.185  -53.977  -28.937 0.4000000060
16126  35.230  -53.717  -26.818 0.5000000000
15377  34.098  -54.084  -26.010 0.6000000238
148015  33.745  -54.647  -25.711 0.6000000238
14563  32.850  -54.846  -25.726 0.6999999881
152346  23.691  -61.222  -21.991 0.5000000000
9966  25.234  -60.913  -21.640 0.5000000000
11365  26.379  -59.333  -22.021 0.6000000238
9981  25.315  -61.627  -21.842 0.5000000000
12104  26.811  -59.071  -22.527 0.6999999881
10677  26.315  -60.068  -21.776 0.5000000000
149098  26.787  -60.550  -21.964 0.6000000238
12116  27.357  -58.937  -23.704 0.6999999881
156100  27.791  -59.225  -23.465 0.6999999881
12141  27.609  -58.757  -25.331 0.6999999881
12922  30.646  -57.235  -26.437 0.6000000238
12938  30.923  -56.711  -27.046 0.6999999881
13734  32.044  -55.523  -26.081 0.6999999881
14574  32.005  -54.777  -26.432 0.6999999881
15378  33.195  -54.043  -25.882 0.6000000238
12107  24.449  -58.163  -21.806 0.5000000000
11368  22.802  -59.970  -22.608 0.4000000060
141503  25.070  -59.541  -21.635 0.5000000000
11366  24.185  -59.125  -21.845 0.5000000000
10679  24.750  -60.402  -21.646 0.5000000000
12118  25.952  -57.991  -22.677 0.6000000238
12105  26.277  -58.678  -22.346 0.6000000238
135142  26.254  -58.318  -24.935 0.6999999881
12117  26.672  -58.560  -23.221 0.6000000238
12128  26.796  -58.574  -24.284 0.6999999881
134401  27.185  -58.760  -26.173 0.6999999881
135180  28.681  -58.458  -26.282 0.6999999881
157876  29.350  -58.119  -27.368 0.6999999881
12154  30.256  -57.759  -25.963 0.6999999881
12939  30.409  -57.259  -27.480 0.6999999881
146944  30.569  -57.074  -28.188 0.6999999881
139288  30.878  -56.604  -28.060 0.8000000119
14575  31.555  -55.196  -27.201 0.6999999881
16887  33.105  -52.775  -26.405 0.5000000000
16127  32.042  -53.443  -26.948 0.6000000238
15385  31.631  -54.286  -27.296 0.6000000238
12108  23.537  -58.533  -22.147 0.4000000060
12868  25.597  -57.315  -22.452 0.6000000238
12100  25.120  -58.651  -21.780 0.6000000238
12878  25.878  -57.201  -23.060 0.6000000238
138824  26.070  -57.885  -23.522 0.6000000238
12905  25.772  -57.911  -25.444 0.6000000238
12157  25.895  -58.426  -26.895 0.6999999881
12156  26.474  -58.617  -26.488 0.6999999881
12168  26.959  -58.714  -27.068 0.6999999881
151994  27.815  -58.640  -26.789 0.6999999881
12184  27.288  -58.763  -28.466 0.8000000119
12183  28.026  -58.698  -28.284 0.8000000119
12181  29.437  -58.140  -28.963 0.6000000238
12962  30.343  -57.353  -29.028 0.6000000238
13758  30.741  -56.100  -29.497 0.8000000119
14589  31.157  -55.559  -28.148 0.6999999881
16899  33.560  -52.220  -26.563 0.5000000000
143230  32.484  -52.887  -26.784 0.6000000238
15392  31.061  -54.180  -28.495 0.6999999881
16900  32.735  -52.196  -27.066 0.6000000238
12869  24.780  -57.195  -22.007 0.5000000000
13661  23.691  -56.762  -21.726 0.4000000060
13662  22.589  -56.844  -21.726 0.4000000060
13659  25.524  -56.535  -22.675 0.5000000000
154974  25.743  -56.602  -23.399 0.6000000238
12890  25.760  -57.167  -23.876 0.6000000238
12906  25.412  -57.294  -26.009 0.6000000238
12923  25.597  -58.013  -26.431 0.6999999881
12169  26.283  -58.635  -27.387 0.8000000119
158905  26.631  -58.739  -28.573 0.8000000119
157577  28.102  -58.709  -29.864 0.6000000238
12224  29.103  -58.278  -30.575 0.6000000238
138315  30.089  -57.579  -29.770 0.6999999881
13771  30.531  -56.644  -30.022 0.6999999881
14603  30.586  -55.210  -29.602 0.6999999881
16901  32.011  -52.715  -27.473 0.6000000238
16144  30.705  -53.898  -29.471 0.6000000238
16143  30.826  -53.180  -29.982 0.6000000238
16135  31.060  -53.244  -28.943 0.6000000238
13676  25.340  -55.620  -22.698 0.5000000000
13660  24.711  -56.176  -22.072 0.5000000000
13675  25.586  -55.924  -23.406 0.5000000000
13688  25.579  -56.341  -24.104 0.6000000238
12204  26.627  -58.857  -30.101 0.6999999881
145238  27.216  -58.925  -30.952 0.6000000238
150297  29.317  -58.002  -31.201 0.6000000238
134992  29.672  -57.389  -31.320 0.6000000238
13772  30.103  -56.600  -30.906 0.6999999881
13786  29.675  -56.574  -31.826 0.6000000238
14604  30.319  -54.851  -30.646 0.6000000238
16153  30.519  -53.945  -30.380 0.6999999881
17682  32.715  -51.374  -27.555 0.5000000000
16928  31.242  -52.526  -30.577 0.4000000060
14528  25.370  -54.922  -22.707 0.5000000000
14500  24.132  -55.186  -21.392 0.5000000000
14501  23.580  -55.477  -20.987 0.5000000000
14502  22.326  -55.787  -20.764 0.5000000000
14485  21.733  -55.347  -20.309 0.5000000000
14487  20.016  -55.524  -20.372 0.5000000000
13010  27.865  -58.011  -33.055 0.6000000238
13008  29.257  -57.186  -32.244 0.6000000238
14635  29.575  -55.874  -32.327 0.4000000060
15415  30.157  -54.815  -31.605 0.5000000000
148684  30.820  -53.839  -31.954 0.4000000060
16152  30.888  -53.349  -31.126 0.5000000000
15344  25.201  -54.440  -22.239 0.6000000238
15328  24.538  -54.501  -21.466 0.5000000000
14483  23.241  -55.045  -20.526 0.5000000000
15310  22.826  -54.541  -20.100 0.5000000000
15312  21.197  -54.735  -19.888 0.5000000000
145168  20.373  -54.720  -19.922 0.5000000000
15313  19.569  -54.531  -19.961 0.4000000060
15330  18.042  -54.692  -20.091 0.5000000000
15331  17.194  -54.667  -19.956 0.4000000060
14509  15.864  -55.662  -19.937 0.4000000060
14489  15.159  -56.155  -19.972 0.4000000060
13813  29.075  -56.050  -32.702 0.6000000238
14642  29.514  -55.253  -32.816 0.4000000060
143202  30.410  -54.391  -32.226 0.4000000060
16159  31.402  -53.294  -32.269 0.4000000060
15308  24.122  -54.145  -20.767 0.5000000000
154616  23.755  -53.844  -20.325 0.4000000060
139240  22.350  -53.862  -19.712 0.4000000060
140901  21.567  -54.111  -19.677 0.5000000000
16831  20.151  -52.756  -19.846 0.4000000060
16045  19.006  -53.603  -20.029 0.5000000000
16832  19.327  -52.695  -20.125 0.4000000060
16061  17.447  -53.473  -20.406 0.5000000000
16060  18.247  -53.591  -20.202 0.5000000000
16062  16.438  -53.258  -20.907 0.3000000119
15333  15.408  -54.468  -20.333 0.3000000119
158894  15.001  -53.761  -20.981 0.3000000119
15430  29.514  -54.746  -33.258 0.4000000060
16039  24.230  -53.467  -20.502 0.5000000000
16040  23.648  -53.276  -20.028 0.5000000000
16041  22.910  -53.198  -19.723 0.4000000060
16842  26.279  -52.545  -21.763 0.4000000060
16828  25.072  -52.418  -20.672 0.4000000060
16815  23.380  -52.528  -19.779 0.4000000060
17608  22.087  -51.737  -19.648 0.4000000060
17629  25.801  -52.183  -21.085 0.4000000060
17616  25.366  -51.596  -20.595 0.4000000060
134046  23.796  -51.796  -19.923 0.4000000060
17615  25.984  -51.491  -20.912 0.4000000060
142654  24.109  -51.140  -20.079 0.4000000060
17619  22.493  -50.951  -19.817 0.4000000060
137970  21.529  -50.935  -19.968 0.4000000060
18448  25.737  -50.859  -20.615 0.4000000060
18450  23.932  -50.373  -20.120 0.4000000060
18451  22.928  -50.109  -20.096 0.4000000060
149165  21.478  -50.110  -20.288 0.4000000060
18465  27.686  -50.549  -21.799 0.4000000060
18467  20.162  -49.815  -20.904 0.4000000060
19313  20.524  -48.897  -21.388 0.4000000060
156581  27.446  -49.909  -21.449 0.3000000119
144596  26.237  -50.080  -20.710 0.4000000060
19296  25.561  -49.404  -20.497 0.4000000060
19298  23.659  -49.519  -20.316 0.4000000060
152200  22.917  -49.320  -20.462 0.4000000060
19299  22.034  -49.440  -20.496 0.4000000060
20097  23.368  -48.676  -20.662 0.3000000119
12257  28.339  -58.341  -32.357 0.6000000238
13009  28.591  -57.573  -32.748 0.6000000238
15421  30.271  -54.517  -33.082 0.4000000060
10710  31.416  -60.325  -24.372 0.6000000238
13720  32.563  -56.223  -25.407 0.6999999881
13735  31.289  -56.019  -27.320 0.6999999881
16125  35.774  -53.615  -27.314 0.5000000000
16886  34.450  -52.386  -26.508 0.5000000000
15376  34.860  -54.257  -26.531 0.5000000000
16114  34.495  -53.361  -26.384 0.4000000060
16116  32.729  -53.406  -26.303 0.6000000238
11352  24.292  -59.900  -21.749 0.5000000000
12167  28.626  -58.442  -27.479 0.6999999881
12129  26.338  -58.269  -24.071 0.6000000238
12951  30.005  -57.630  -28.343 0.6999999881
12950  30.723  -56.883  -28.846 0.8000000119
136100  30.891  -55.022  -28.723 0.6999999881
12870  23.681  -57.703  -21.890 0.4000000060
149200  28.751  -58.489  -29.667 0.6000000238
158439  29.925  -57.771  -29.209 0.6000000238
14616  30.402  -55.853  -30.372 0.6999999881
134785  30.872  -55.683  -28.927 0.6999999881
17681  33.376  -51.550  -26.957 0.5000000000
17670  33.999  -51.749  -26.610 0.5000000000
15400  30.700  -54.544  -29.225 0.6999999881
16128  31.518  -53.399  -27.914 0.6000000238
12225  28.199  -58.686  -30.627 0.6999999881
12223  29.721  -57.801  -30.529 0.6999999881
12973  30.159  -57.231  -30.360 0.6999999881
16912  31.561  -52.565  -28.429 0.6000000238
17696  31.714  -51.752  -28.936 0.6000000238
14520  23.993  -55.839  -21.542 0.5000000000
13645  23.087  -56.141  -21.168 0.5000000000
13646  22.085  -56.380  -21.328 0.4000000060
12256  29.051  -57.885  -31.949 0.6000000238
14626  29.994  -55.666  -31.456 0.6000000238
154248  16.403  -56.496  -20.331 0.3000000119
143093  29.914  -55.062  -32.316 0.5000000000
16166  30.948  -53.930  -32.801 0.4000000060
156498  20.074  -54.154  -19.827 0.5000000000
15315  14.959  -55.315  -20.051 0.4000000060
18447  26.449  -50.986  -21.037 0.4000000060
18449  24.851  -50.801  -20.279 0.4000000060
8052  40.404  -64.198  -29.344 0.3000000119
8721  40.825  -63.515  -28.841 0.3000000119
155360  34.902  -57.835  -34.078 0.4000000060
156972  37.030  -57.471  -34.453 0.4000000060
12277  36.757  -58.576  -35.113 0.4000000060
11492  38.387  -59.001  -34.826 0.4000000060
12987  35.245  -56.905  -32.148 0.4000000060
12988  34.475  -57.338  -32.055 0.4000000060
12971  34.303  -57.565  -31.148 0.4000000060
135073  34.868  -57.399  -30.358 0.5000000000
12221  34.337  -58.145  -30.363 0.5000000000
158796  34.693  -58.529  -29.560 0.5000000000
13799  37.607  -56.406  -33.175 0.4000000060
13025  35.636  -57.540  -34.007 0.5000000000
13006  34.927  -57.510  -33.124 0.5000000000
12199  34.569  -59.094  -29.038 0.5000000000
13024  37.255  -56.872  -33.934 0.5000000000
13004  36.467  -57.200  -33.923 0.5000000000
13812  38.014  -56.647  -34.028 0.5000000000
12276  38.096  -58.330  -34.787 0.4000000060
12275  38.802  -58.525  -34.627 0.4000000060
11485  38.864  -59.211  -34.321 0.4000000060
11473  38.839  -59.350  -33.413 0.4000000060
12238  38.413  -58.904  -31.457 0.3000000119
11447  37.486  -59.302  -29.772 0.4000000060
14615  36.730  -55.646  -30.565 0.4000000060
13755  36.045  -56.181  -30.254 0.4000000060
14602  35.905  -55.850  -29.222 0.4000000060
13767  37.218  -55.831  -31.512 0.4000000060
13785  36.079  -56.600  -32.120 0.4000000060
13768  36.387  -56.194  -31.280 0.4000000060
13770  35.368  -56.768  -30.357 0.4000000060
13757  35.349  -57.071  -29.494 0.5000000000
154983  35.055  -57.879  -29.541 0.5000000000
13783  37.264  -56.239  -32.397 0.4000000060
13784  36.733  -56.319  -32.044 0.4000000060
13005  35.843  -57.049  -33.071 0.4000000060
13745  35.481  -56.374  -28.586 0.5000000000
134487  35.252  -57.391  -28.424 0.5000000000
12949  34.995  -58.033  -27.738 0.5000000000
12164  34.734  -58.485  -27.055 0.6000000238
12151  34.471  -58.009  -26.207 0.6000000238
11425  34.489  -59.203  -27.361 0.6000000238
13718  34.323  -56.543  -25.897 0.6000000238
12165  34.209  -58.939  -26.398 0.5000000000
153216  39.328  -58.664  -34.313 0.4000000060
12136  32.647  -58.649  -24.806 0.5000000000
12237  39.142  -58.753  -32.503 0.4000000060
144363  39.161  -58.482  -31.431 0.4000000060
12220  38.149  -58.845  -30.268 0.4000000060
14586  36.190  -55.128  -28.875 0.4000000060
14587  35.694  -55.502  -28.340 0.5000000000
14588  35.291  -55.758  -27.591 0.5000000000
14572  35.114  -55.057  -26.907 0.5000000000
143078  35.050  -57.329  -27.429 0.5000000000
14561  34.472  -54.903  -26.134 0.5000000000
12919  34.524  -57.299  -26.192 0.6000000238
14562  33.925  -55.505  -25.568 0.6000000238
8069  40.986  -64.572  -30.317 0.3000000119
9359  41.139  -62.779  -28.539 0.3000000119
11421  40.913  -60.119  -28.191 0.3000000119
14614  37.407  -55.153  -30.651 0.4000000060
15398  37.506  -54.513  -29.837 0.4000000060
15399  36.783  -54.761  -29.321 0.4000000060
14601  36.458  -55.466  -29.690 0.4000000060
15382  36.133  -54.105  -27.839 0.4000000060
15383  35.521  -54.394  -27.287 0.4000000060
12152  33.967  -58.215  -25.675 0.6000000238
11406  33.539  -58.861  -25.515 0.5000000000
15390  36.480  -54.423  -28.542 0.4000000060
12970  34.889  -56.984  -31.203 0.4000000060
11437  34.210  -59.642  -28.276 0.5000000000
11433  39.448  -58.961  -28.281 0.3000000119
14600  36.978  -55.115  -30.004 0.4000000060
13746  35.154  -56.605  -27.533 0.5000000000
14573  34.788  -55.895  -26.568 0.6000000238
20205  24.447  -48.588  -31.395 0.3000000119
9282  27.798  -62.060  -22.784 0.5000000000
9299  28.397  -62.249  -23.216 0.6000000238
9965  26.062  -60.972  -21.724 0.5000000000
9979  27.645  -61.452  -22.477 0.6999999881
10003  31.583  -61.026  -24.682 0.6000000238
10678  25.549  -60.249  -21.610 0.5000000000
10680  23.973  -60.563  -21.834 0.5000000000
10690  27.462  -60.629  -22.303 0.6999999881
10691  27.047  -59.801  -22.280 0.6999999881
11351  25.790  -58.980  -21.804 0.6000000238
11367  23.617  -59.914  -22.056 0.5000000000
11379  29.944  -59.776  -23.626 0.6000000238
11380  29.149  -59.662  -23.466 0.6000000238
11394  31.227  -59.481  -24.234 0.6000000238
11396  29.540  -59.112  -23.928 0.6000000238
11397  28.803  -59.225  -23.747 0.6999999881
11494  37.623  -59.060  -35.111 0.4000000060
12106  25.332  -57.914  -22.093 0.6000000238
12115  28.072  -59.068  -23.933 0.6999999881
12125  30.214  -58.529  -24.501 0.5000000000
12127  27.412  -58.801  -24.528 0.6999999881
12137  31.646  -58.148  -24.608 0.6000000238
12142  26.095  -58.386  -25.946 0.6999999881
12155  29.422  -58.126  -26.648 0.6999999881
12166  29.917  -57.719  -27.209 0.6999999881
12180  34.786  -58.853  -28.023 0.5000000000
12182  28.703  -58.475  -28.609 0.6000000238
12185  26.163  -58.688  -28.208 0.8000000119
12186  25.540  -58.498  -28.608 0.8000000119
12201  29.570  -58.055  -29.806 0.6000000238
12202  27.920  -58.756  -29.156 0.6000000238
12203  26.999  -58.798  -29.231 0.6999999881
12227  25.043  -58.396  -30.129 0.8000000119
12241  28.699  -58.398  -31.452 0.6000000238
12242  27.842  -58.792  -31.712 0.6000000238
12260  25.871  -58.213  -32.358 0.6000000238
12903  33.269  -57.907  -25.148 0.6999999881
12937  34.825  -57.689  -26.849 0.6000000238
12940  25.323  -58.102  -27.316 0.8000000119
12960  34.989  -58.341  -28.733 0.5000000000
12961  30.508  -57.099  -29.579 0.8000000119
12963  24.615  -57.744  -29.590 0.8000000119
12990  25.252  -57.809  -31.975 0.6999999881
13023  37.821  -57.426  -34.541 0.4000000060
13028  28.370  -56.981  -32.975 0.6000000238
13030  27.085  -57.442  -33.385 0.6999999881
13031  26.657  -57.407  -33.217 0.6000000238
13032  26.141  -57.129  -32.918 0.6000000238
13634  15.708  -56.697  -20.222 0.3000000119
13635  14.844  -56.877  -20.448 0.4000000060
13704  25.521  -57.047  -24.925 0.6000000238
13733  34.817  -56.898  -26.706 0.6000000238
13747  30.927  -56.268  -28.623 0.8000000119
13748  24.746  -56.558  -28.246 0.8000000119
13756  35.641  -56.457  -29.573 0.4000000060
13769  35.637  -56.582  -31.221 0.4000000060
13773  24.696  -56.767  -31.026 0.6999999881
13800  36.738  -56.647  -32.967 0.4000000060
13801  29.291  -56.522  -32.417 0.4000000060
13802  28.848  -56.805  -32.713 0.6000000238
13814  28.516  -56.345  -32.875 0.6999999881
13816  27.426  -57.013  -33.294 0.6999999881
13817  26.568  -56.793  -33.113 0.6000000238
13818  26.075  -56.453  -32.837 0.5000000000
13819  25.655  -56.132  -32.559 0.6000000238
14484  22.532  -55.193  -20.350 0.5000000000
14486  20.874  -55.477  -20.323 0.5000000000
14508  16.853  -55.796  -20.108 0.4000000060
14510  14.259  -55.164  -20.371 0.4000000060
14519  24.720  -55.219  -22.055 0.5000000000
14549  25.409  -55.902  -24.978 0.6999999881
14577  25.256  -55.895  -27.107 0.6000000238
14605  24.948  -55.609  -30.250 0.6000000238
14644  28.220  -55.919  -32.934 0.6999999881
14648  25.452  -55.583  -32.319 0.6000000238
15309  23.515  -54.398  -20.417 0.4000000060
15311  22.038  -54.674  -19.931 0.5000000000
15314  18.761  -54.582  -20.045 0.5000000000
15329  23.873  -54.821  -20.902 0.5000000000
15332  16.230  -54.521  -20.142 0.4000000060
15334  14.635  -54.437  -20.591 0.3000000119
15379  25.862  -54.741  -26.191 0.4000000060
15384  32.338  -54.108  -26.327 0.6000000238
15391  35.924  -54.791  -28.080 0.4000000060
15401  30.518  -54.466  -29.858 0.6999999881
15410  38.039  -54.593  -30.638 0.4000000060
15422  25.566  -54.503  -32.098 0.6000000238
15423  25.312  -54.902  -32.023 0.6000000238
15433  27.426  -55.117  -32.946 0.5000000000
15434  26.271  -55.282  -32.683 0.6000000238
16043  20.688  -53.780  -19.696 0.5000000000
16044  19.770  -53.583  -19.856 0.4000000060
16058  25.431  -53.114  -21.450 0.4000000060
16059  24.701  -53.716  -21.103 0.5000000000
16063  15.630  -53.557  -21.012 0.3000000119
16070  25.077  -53.907  -21.740 0.6000000238
16089  26.595  -53.591  -24.593 0.5000000000
16090  26.116  -54.111  -24.806 0.5000000000
16115  33.565  -53.379  -26.076 0.5000000000
16146  25.196  -52.908  -30.480 0.4000000060
16160  30.441  -54.168  -31.311 0.4000000060
16829  24.243  -52.632  -20.221 0.4000000060
16843  24.756  -53.086  -20.764 0.5000000000
16867  27.118  -53.102  -24.311 0.5000000000
16913  26.900  -52.414  -28.288 0.3000000119
16914  26.291  -52.382  -28.941 0.3000000119
16920  31.285  -52.467  -29.486 0.6000000238
16921  25.484  -52.196  -29.571 0.4000000060
16942  27.230  -52.041  -32.558 0.5000000000
16945  25.385  -53.076  -31.516 0.5000000000
16959  27.051  -53.666  -32.689 0.5000000000
17607  22.961  -51.735  -19.662 0.4000000060
17617  24.587  -51.738  -20.274 0.4000000060
17618  23.378  -50.998  -19.862 0.4000000060
17627  27.127  -51.242  -21.605 0.4000000060
17628  26.470  -51.775  -21.384 0.4000000060
17635  28.442  -51.177  -23.103 0.4000000060
17684  27.275  -51.888  -28.014 0.4000000060
17731  25.627  -51.196  -32.068 0.6000000238
17732  24.969  -51.021  -31.812 0.4000000060
18452  22.089  -50.302  -20.105 0.4000000060
18466  26.991  -50.398  -21.251 0.3000000119
18478  29.323  -49.955  -23.953 0.4000000060
18487  29.057  -50.704  -24.390 0.4000000060
19297  24.648  -49.712  -20.319 0.4000000060
19300  21.020  -49.549  -20.658 0.4000000060
19309  28.036  -49.753  -21.822 0.3000000119
19310  26.914  -49.585  -21.076 0.4000000060
19331  29.417  -49.163  -23.620 0.4000000060
19354  28.864  -49.325  -27.167 0.4000000060
19390  25.601  -49.732  -29.540 0.4000000060
19400  24.261  -48.976  -31.064 0.3000000119
19407  24.378  -49.230  -31.417 0.4000000060
19414  24.686  -48.818  -31.827 0.4000000060
20098  22.591  -48.831  -20.735 0.3000000119
20155  29.122  -48.585  -26.845 0.3000000119
20192  24.429  -48.341  -30.897 0.3000000119
20982  27.845  -47.697  -28.561 0.3000000119
20997  24.738  -47.664  -30.753 0.3000000119
21003  24.573  -47.733  -31.160 0.3000000119
21024  25.236  -47.598  -32.000 0.4000000060
21025  24.999  -47.578  -31.694 0.4000000060
21959  25.889  -46.684  -30.025 0.4000000060
21961  25.213  -46.344  -30.924 0.3000000119
21975  25.182  -46.799  -31.597 0.4000000060
22953  25.263  -45.357  -31.238 0.5000000000
22962  25.338  -45.239  -31.521 0.4000000060
22976  26.004  -45.325  -32.374 0.3000000119
22978  25.458  -45.223  -31.827 0.4000000060
23910  25.306  -44.752  -30.963 0.5000000000
23916  25.210  -44.530  -31.303 0.4000000060
23945  26.202  -43.848  -32.371 0.3000000119
24884  25.339  -43.446  -31.881 0.4000000060
24890  25.832  -43.134  -32.234 0.3000000119
134454  33.921  -57.322  -25.564 0.6000000238
134504  23.182  -53.870  -20.010 0.4000000060
135926  25.905  -57.860  -24.448 0.6000000238
136048  27.501  -58.795  -29.995 0.6000000238
136099  29.373  -58.123  -28.024 0.6000000238
136277  26.768  -58.646  -25.394 0.6999999881
136645  22.976  -55.565  -20.715 0.5000000000
136998  24.727  -56.193  -30.662 0.6000000238
137247  30.152  -54.114  -33.760 0.4000000060
137774  27.470  -57.597  -33.332 0.6999999881
138408  25.542  -49.838  -32.363 0.5000000000
138546  25.069  -54.938  -30.703 0.5000000000
138615  37.279  -58.112  -34.845 0.4000000060
139625  24.825  -47.478  -31.379 0.4000000060
140002  27.045  -56.550  -33.152 0.6999999881
140957  27.881  -55.535  -32.964 0.5000000000
142151  26.227  -58.874  -31.104 0.6999999881
142182  31.822  -59.776  -24.497 0.6000000238
142826  29.467  -58.642  -24.574 0.6000000238
143908  28.074  -58.839  -24.664 0.6999999881
147080  25.111  -54.027  -31.172 0.4000000060
147531  26.753  -58.737  -27.893 0.6999999881
147938  28.977  -60.719  -23.012 0.6000000238
148018  31.281  -54.881  -27.985 0.6999999881
148094  25.425  -50.171  -20.429 0.4000000060
148170  26.209  -58.705  -31.972 0.6000000238
148568  26.172  -52.194  -32.182 0.5000000000
150313  27.959  -58.659  -25.975 0.6999999881
151068  25.843  -59.610  -21.690 0.6000000238
151098  25.510  -58.586  -29.428 0.8000000119
151185  27.560  -58.706  -27.671 0.6999999881
151826  33.829  -52.792  -26.259 0.5000000000
152458  24.294  -50.249  -31.079 0.4000000060
152893  35.505  -55.109  -27.639 0.5000000000
153566  24.652  -51.537  -31.170 0.5000000000
153954  22.244  -53.097  -19.566 0.4000000060
154670  28.782  -54.445  -33.276 0.5000000000
155676  25.756  -54.421  -29.012 0.5000000000
155811  25.754  -58.388  -22.067 0.6000000238
157293  26.681  -48.980  -29.146 0.5000000000
157693  31.726  -57.094  -25.196 0.6000000238
158125  28.457  -52.985  -33.305 0.5000000000
158947  24.853  -56.576  -31.634 0.6999999881
159090  25.065  -58.264  -28.607 0.8000000119
159435  30.729  -56.647  -29.331 0.8000000119
