#!ascii label  , from subject ICBM2009cNolinAsym vox2ras=TkReg
1910
158498  41.264  -42.508  -28.864 0.6000000238
26637  42.389  -41.251  -29.255 0.5000000000
27532  39.358  -40.585  -27.359 0.6999999881
27533  38.312  -40.614  -27.386 0.6000000238
26607  38.601  -41.330  -27.520 0.6000000238
27534  37.537  -40.586  -27.817 0.6000000238
26622  40.938  -41.204  -28.209 0.6999999881
132777  40.279  -40.889  -27.661 0.6000000238
26606  39.453  -41.539  -27.585 0.5000000000
25708  38.659  -42.226  -27.602 0.5000000000
144155  37.175  -39.745  -28.366 0.6000000238
27546  41.219  -40.357  -27.865 0.5000000000
25719  41.519  -41.651  -28.774 0.5000000000
25720  40.582  -42.275  -28.263 0.6000000238
27557  36.913  -40.197  -29.169 0.6000000238
26644  44.098  -41.467  -30.388 0.5000000000
26643  44.504  -41.454  -30.152 0.5000000000
29352  37.702  -37.834  -27.521 0.6000000238
140004  37.283  -37.900  -28.399 0.6999999881
28407  39.699  -39.675  -27.020 0.6000000238
152586  39.090  -39.329  -26.778 0.6999999881
146738  37.992  -38.552  -27.172 0.6000000238
146439  37.610  -39.143  -27.633 0.6000000238
29366  37.236  -38.819  -28.356 0.6000000238
27531  40.453  -40.047  -27.384 0.6000000238
156042  37.039  -39.128  -28.840 0.6000000238
26621  41.978  -40.687  -28.563 0.5000000000
27530  41.275  -39.739  -27.490 0.5000000000
28429  36.923  -39.431  -29.486 0.6000000238
26636  43.145  -41.037  -29.609 0.5000000000
28433  37.014  -39.519  -30.594 0.6000000238
27556  43.297  -40.771  -29.034 0.5000000000
29398  37.577  -38.805  -32.173 0.6999999881
28438  37.328  -39.614  -31.568 0.6000000238
28445  37.714  -39.765  -32.490 0.6999999881
27568  37.525  -40.458  -31.905 0.6000000238
27567  37.926  -40.610  -32.810 0.6000000238
149261  38.664  -40.184  -33.875 0.6000000238
144905  38.187  -39.980  -33.283 0.6000000238
27601  42.209  -40.521  -37.518 0.5000000000
29445  41.487  -39.378  -38.461 0.6999999881
27607  41.651  -40.832  -37.655 0.6000000238
30475  40.049  -38.760  -38.272 0.8000000119
28491  39.951  -40.121  -37.842 0.6999999881
30386  37.518  -37.081  -27.941 0.6000000238
31446  37.553  -36.382  -28.277 0.6999999881
29338  38.910  -37.816  -26.408 0.6999999881
29351  38.306  -37.867  -26.861 0.6999999881
141208  37.288  -36.928  -28.873 0.6999999881
28406  40.712  -39.308  -27.012 0.6000000238
29337  39.632  -38.078  -26.141 0.6000000238
30412  37.215  -37.151  -29.791 0.8000000119
29350  41.102  -39.006  -26.606 0.5000000000
144932  40.607  -38.912  -26.573 0.5000000000
30418  37.294  -37.327  -30.598 0.8000000119
134738  37.028  -37.895  -29.999 0.6000000238
28404  42.236  -39.704  -27.348 0.5000000000
28405  41.583  -39.452  -27.206 0.5000000000
30427  37.503  -37.515  -31.408 0.8000000119
29386  37.247  -38.081  -30.836 0.6000000238
26619  43.788  -40.849  -28.965 0.5000000000
30433  37.702  -37.855  -32.185 0.8000000119
29392  37.236  -38.821  -31.174 0.6999999881
30440  38.497  -37.821  -33.584 0.6999999881
29397  38.005  -38.268  -32.957 0.6999999881
30448  39.707  -37.840  -34.878 0.6999999881
29403  39.116  -38.279  -34.295 0.6999999881
28444  38.014  -39.156  -33.110 0.6999999881
29419  39.988  -38.823  -35.041 0.6000000238
29420  39.271  -39.198  -34.387 0.6000000238
28454  38.624  -39.518  -33.788 0.6000000238
29431  41.961  -38.940  -36.423 0.6999999881
28467  40.227  -39.993  -35.226 0.6999999881
156797  42.526  -40.181  -37.311 0.6999999881
28475  41.428  -40.527  -36.226 0.6000000238
28490  41.149  -40.249  -38.090 0.8000000119
141475  42.682  -39.827  -37.800 0.8000000119
28474  42.062  -40.740  -36.988 0.6000000238
30487  41.090  -38.377  -38.748 0.8999999762
153719  38.017  -38.902  -37.405 0.6999999881
31532  40.722  -37.307  -38.859 0.8000000119
141362  39.241  -39.197  -37.806 0.6999999881
32471  37.814  -35.578  -28.119 0.6000000238
138736  37.476  -35.982  -28.926 0.6999999881
139950  37.642  -35.085  -28.975 0.6999999881
30385  38.023  -37.131  -27.217 0.6000000238
33440  37.660  -34.769  -29.853 0.6000000238
31415  39.720  -36.411  -25.904 0.4000000060
30373  39.278  -37.240  -26.150 0.6000000238
31417  38.393  -36.448  -26.949 0.6000000238
31454  37.347  -36.394  -29.684 0.6999999881
30372  39.926  -37.368  -25.756 0.6000000238
137581  37.448  -36.044  -30.455 0.8000000119
29335  41.151  -38.606  -25.940 0.4000000060
30371  40.557  -37.742  -25.469 0.5000000000
155793  40.150  -37.950  -25.826 0.6000000238
31475  37.528  -36.625  -31.167 0.8000000119
28392  41.730  -39.249  -26.653 0.5000000000
31484  38.187  -36.531  -32.778 0.8000000119
27528  43.114  -40.181  -27.832 0.5000000000
30439  38.958  -37.411  -34.183 0.8000000119
32532  39.875  -36.404  -35.333 0.8000000119
31497  39.428  -36.935  -34.704 0.6999999881
31492  38.509  -36.991  -33.492 0.8000000119
30459  41.470  -37.846  -36.209 0.8000000119
31518  42.015  -37.271  -36.822 0.8999999762
31510  40.310  -37.357  -35.440 0.6999999881
30469  42.695  -38.396  -37.252 0.8999999762
29432  41.138  -39.434  -35.823 0.6999999881
152032  42.159  -39.969  -36.687 0.6000000238
29452  42.194  -38.762  -38.770 0.8999999762
29451  42.899  -38.461  -38.672 0.8999999762
31523  37.883  -36.760  -37.941 0.8000000119
30477  37.608  -37.526  -37.652 0.8000000119
152380  38.516  -37.433  -37.994 0.8000000119
29446  37.368  -38.185  -37.394 0.8000000119
30488  39.657  -37.825  -38.333 0.8000000119
33431  38.125  -34.554  -28.261 0.6999999881
33439  37.897  -34.222  -29.165 0.6000000238
32455  38.273  -35.722  -27.332 0.6000000238
137918  38.281  -35.073  -27.645 0.5000000000
33446  37.835  -33.960  -30.057 0.6999999881
32436  39.972  -35.343  -26.039 0.4000000060
32437  39.289  -35.177  -26.552 0.5000000000
32454  38.707  -35.104  -27.076 0.6000000238
32495  37.576  -35.283  -30.532 0.6999999881
147975  40.329  -35.879  -25.572 0.5000000000
32511  37.644  -35.729  -31.211 0.6999999881
32422  41.456  -35.340  -25.204 0.5000000000
30360  40.344  -36.686  -25.384 0.6000000238
30358  41.644  -37.020  -24.420 0.4000000060
30359  40.954  -36.853  -24.886 0.4000000060
154691  38.384  -34.834  -33.140 0.8000000119
32518  38.259  -35.573  -32.756 0.8000000119
148260  38.573  -36.182  -33.524 0.8000000119
31485  37.797  -36.996  -32.072 0.8000000119
28391  42.289  -39.588  -26.799 0.3000000119
33496  40.286  -35.013  -36.182 0.8000000119
133744  39.526  -35.336  -35.253 0.8000000119
32533  39.079  -36.001  -34.414 0.8000000119
32554  41.436  -35.724  -36.942 0.8999999762
152807  41.388  -36.469  -36.618 0.8999999762
32561  42.195  -35.307  -37.804 0.8999999762
30468  42.882  -37.529  -37.772 0.8999999762
32560  42.758  -36.137  -38.534 0.8999999762
31522  42.918  -36.841  -38.242 0.8999999762
31530  42.718  -36.840  -38.863 0.8999999762
31524  36.970  -36.994  -37.501 0.8000000119
31531  42.045  -37.106  -39.165 0.8999999762
31533  39.150  -36.952  -38.357 0.8000000119
142707  40.972  -36.415  -39.135 0.8000000119
34274  38.565  -33.878  -27.937 0.6000000238
34281  38.292  -33.672  -28.594 0.6000000238
34287  38.102  -33.398  -29.381 0.6000000238
34273  39.197  -33.735  -27.387 0.6000000238
33403  40.546  -34.538  -26.173 0.4000000060
33404  39.832  -34.556  -26.462 0.4000000060
33419  39.212  -34.493  -26.938 0.4000000060
33420  38.641  -34.457  -27.511 0.5000000000
33447  37.708  -34.557  -30.709 0.6999999881
33456  37.803  -34.551  -31.558 0.6999999881
31414  40.867  -35.109  -25.621 0.4000000060
33463  38.077  -34.705  -32.402 0.6999999881
32421  42.173  -35.075  -25.077 0.5000000000
34328  38.554  -33.675  -33.747 0.8000000119
146082  39.523  -34.241  -35.468 0.8000000119
33469  38.658  -34.487  -33.898 0.8000000119
34349  40.244  -34.169  -36.231 0.8000000119
34355  41.759  -34.321  -37.499 0.8999999762
34354  42.363  -34.007  -38.072 0.8999999762
32566  42.527  -35.899  -38.977 0.8999999762
33520  42.541  -35.141  -39.263 1.0000000000
32570  38.164  -35.221  -38.306 0.8000000119
32567  42.015  -36.118  -39.233 1.0000000000
31534  38.585  -36.119  -38.344 0.8000000119
32568  40.898  -35.669  -39.387 1.0000000000
154321  40.113  -35.851  -39.088 0.8000000119
142207  39.870  -35.228  -39.223 0.8000000119
154797  38.409  -32.966  -28.828 0.6000000238
35116  38.319  -32.508  -29.512 0.6000000238
35098  39.625  -32.898  -27.568 0.6000000238
35123  38.117  -32.319  -30.470 0.6999999881
34256  40.924  -33.989  -26.419 0.4000000060
34271  40.828  -33.486  -26.856 0.4000000060
34272  40.035  -33.447  -27.049 0.4000000060
33402  41.304  -34.377  -26.108 0.4000000060
137645  37.864  -33.106  -31.760 0.6999999881
32434  42.715  -34.457  -25.879 0.5000000000
33401  42.129  -34.203  -26.296 0.4000000060
34310  38.026  -33.327  -32.514 0.8000000119
34327  38.916  -33.757  -34.606 0.8000000119
34316  38.307  -33.130  -33.208 0.8000000119
34339  39.849  -33.322  -35.811 0.8000000119
33481  39.043  -34.595  -34.742 0.8000000119
34348  40.822  -33.627  -36.724 0.8000000119
33504  41.092  -34.680  -36.869 0.8999999762
33511  42.815  -34.554  -38.985 0.8999999762
36034  42.687  -32.656  -38.302 0.8999999762
33519  42.724  -34.457  -39.672 1.0000000000
33527  42.197  -34.854  -39.799 1.0000000000
33522  38.943  -34.777  -38.851 0.8000000119
156893  37.420  -35.321  -37.837 0.8000000119
33528  41.360  -34.759  -39.896 1.0000000000
33521  39.690  -34.484  -39.376 0.8000000119
32578  40.650  -34.981  -39.624 0.8000000119
35097  40.004  -32.138  -27.795 0.6000000238
34280  38.818  -33.088  -28.110 0.6000000238
35109  38.785  -32.285  -28.715 0.6000000238
133493  37.879  -32.909  -30.983 0.6999999881
35974  38.268  -31.537  -30.890 0.6999999881
148851  41.445  -33.113  -27.216 0.4000000060
35096  40.595  -32.785  -27.377 0.5000000000
35133  38.004  -32.297  -31.406 0.8000000119
35982  38.244  -31.550  -31.886 0.8000000119
33418  41.609  -33.760  -26.674 0.4000000060
35139  38.106  -32.464  -32.451 0.8000000119
33429  43.611  -34.464  -28.071 0.4000000060
33430  42.902  -33.875  -27.542 0.4000000060
35156  39.222  -32.824  -34.912 0.8000000119
135963  38.683  -32.971  -34.027 0.8000000119
34338  40.422  -32.762  -36.277 0.8000000119
35184  42.137  -33.103  -37.774 0.8999999762
36028  41.940  -32.132  -37.512 0.8000000119
158522  42.839  -33.596  -38.693 1.0000000000
34361  43.036  -33.833  -39.560 1.0000000000
36041  43.543  -31.552  -39.105 1.0000000000
35199  43.430  -33.089  -40.141 1.0000000000
35211  42.115  -32.867  -40.701 1.0000000000
34362  39.607  -33.685  -39.509 0.8999999762
33513  37.539  -34.625  -37.861 0.8000000119
34356  38.336  -33.394  -38.361 0.8999999762
139930  40.425  -33.470  -40.053 1.0000000000
35201  40.339  -32.532  -40.144 1.0000000000
35194  38.948  -33.119  -38.996 1.0000000000
36057  42.365  -32.086  -40.975 1.0000000000
36928  43.752  -30.760  -41.642 1.0000000000
36925  41.963  -31.125  -41.103 1.0000000000
37771  41.628  -30.325  -41.102 1.0000000000
37775  43.479  -29.872  -41.926 1.0000000000
36929  42.686  -30.546  -41.557 1.0000000000
35959  38.965  -31.542  -29.091 0.6999999881
35967  39.036  -30.895  -29.628 0.6999999881
153510  39.555  -30.402  -29.538 0.6999999881
35958  40.272  -31.414  -28.221 0.6000000238
141350  39.468  -31.752  -28.422 0.6000000238
36837  38.672  -30.852  -30.446 0.6999999881
35948  40.840  -31.954  -27.732 0.6000000238
35095  42.025  -32.719  -27.588 0.5000000000
36845  38.963  -29.922  -31.794 0.8000000119
34278  43.277  -33.780  -28.340 0.4000000060
35991  38.420  -31.597  -32.853 0.8000000119
35157  38.873  -32.140  -34.194 0.8000000119
152060  39.372  -31.929  -34.797 0.8000000119
152925  39.903  -32.202  -35.581 0.8000000119
36010  39.745  -31.272  -35.090 0.8000000119
36029  41.171  -31.470  -36.663 0.6999999881
35170  40.598  -32.074  -36.249 0.8000000119
156267  42.544  -31.861  -38.021 0.8999999762
135604  42.060  -31.129  -37.441 0.8000000119
36042  43.185  -32.148  -38.709 0.8999999762
157107  42.537  -30.629  -37.877 1.0000000000
36909  43.207  -30.665  -38.656 1.0000000000
35191  43.679  -32.358  -39.645 1.0000000000
36908  43.834  -31.079  -39.519 1.0000000000
37767  43.669  -29.619  -39.703 1.0000000000
35208  43.891  -32.272  -40.511 1.0000000000
37766  44.286  -30.283  -40.507 1.0000000000
153036  44.282  -31.557  -40.852 1.0000000000
37770  44.398  -30.073  -41.350 1.0000000000
36060  43.887  -31.423  -41.408 1.0000000000
36050  40.453  -31.580  -40.228 1.0000000000
152622  39.042  -32.368  -39.018 1.0000000000
37774  44.236  -30.074  -41.817 1.0000000000
142812  40.833  -30.698  -40.570 1.0000000000
37772  40.883  -29.738  -40.765 1.0000000000
38641  42.996  -28.880  -42.152 1.0000000000
37776  41.971  -29.533  -41.534 1.0000000000
36828  40.172  -30.189  -29.202 0.6999999881
137967  39.217  -30.276  -30.177 0.6999999881
35957  41.188  -31.292  -28.198 0.5000000000
36818  40.602  -30.680  -28.608 0.6999999881
36836  38.950  -30.272  -30.908 0.6999999881
35106  42.528  -32.327  -28.136 0.5000000000
35107  41.704  -31.985  -27.879 0.5000000000
36855  38.975  -30.081  -32.905 0.8000000119
36860  38.798  -30.925  -33.309 0.8000000119
36859  39.268  -30.332  -33.803 0.6999999881
36877  39.696  -30.485  -34.606 0.8000000119
36020  40.400  -31.352  -35.813 0.8000000119
36876  40.212  -30.567  -35.342 0.8000000119
36896  41.374  -30.473  -36.691 0.6999999881
36889  40.767  -30.607  -36.029 0.6999999881
36903  41.982  -30.196  -37.275 0.8999999762
38605  41.425  -28.501  -36.940 0.8000000119
39530  41.624  -27.965  -37.621 0.8000000119
40512  41.266  -27.085  -37.500 0.8000000119
37744  42.568  -29.988  -37.911 0.8999999762
38618  42.052  -28.723  -37.795 0.8000000119
39540  41.813  -27.497  -38.296 0.8000000119
37758  43.094  -29.818  -38.730 1.0000000000
38627  42.782  -28.922  -38.781 0.8999999762
39539  42.572  -27.956  -39.195 0.8999999762
40523  41.539  -26.749  -38.221 0.8000000119
38631  43.519  -28.779  -39.920 1.0000000000
36059  44.134  -31.668  -41.191 1.0000000000
38639  44.668  -28.252  -42.374 1.0000000000
38640  44.215  -29.029  -42.308 1.0000000000
36926  40.239  -29.952  -40.226 1.0000000000
39559  45.203  -27.391  -42.853 1.0000000000
39560  43.780  -28.236  -42.671 1.0000000000
38642  41.587  -28.377  -41.684 1.0000000000
39566  44.998  -27.593  -43.006 1.0000000000
39567  44.359  -27.582  -43.089 1.0000000000
40545  42.073  -27.109  -42.472 1.0000000000
37646  41.846  -29.803  -28.850 0.6999999881
37647  40.974  -29.948  -28.927 0.6999999881
37659  40.546  -29.498  -29.535 0.6999999881
37660  39.819  -29.805  -29.879 0.6999999881
37668  39.511  -29.589  -30.801 0.6999999881
36816  42.423  -30.450  -28.667 0.6000000238
35956  42.240  -31.356  -28.374 0.5000000000
37677  39.619  -29.107  -31.700 0.6999999881
35955  43.105  -31.927  -28.649 0.5000000000
37687  39.426  -29.337  -32.566 0.8000000119
37696  39.523  -29.574  -33.462 0.6999999881
37713  40.211  -29.779  -34.865 0.6999999881
37714  39.725  -29.836  -34.187 0.6999999881
135969  40.563  -30.031  -35.557 0.6999999881
37726  40.964  -29.885  -36.070 0.6999999881
37734  41.416  -29.698  -36.654 0.6999999881
150436  41.220  -27.705  -36.970 0.8000000119
40496  40.553  -26.348  -35.733 0.8000000119
41510  40.621  -25.390  -36.102 0.8000000119
39516  40.875  -27.017  -36.574 0.8000000119
40495  40.795  -26.105  -36.704 0.8000000119
41526  41.186  -26.019  -37.663 0.8000000119
40530  42.864  -27.210  -39.851 1.0000000000
40522  42.057  -26.982  -38.955 0.8999999762
142768  41.732  -26.136  -38.641 0.8000000119
151378  41.988  -25.606  -39.162 0.8000000119
39544  44.225  -28.598  -40.900 1.0000000000
39545  43.391  -28.030  -40.182 1.0000000000
38635  44.558  -29.072  -41.596 1.0000000000
143833  44.920  -27.585  -42.078 1.0000000000
40543  45.436  -26.728  -43.038 1.0000000000
38636  40.774  -28.813  -40.993 1.0000000000
37768  39.727  -29.545  -39.764 1.0000000000
40551  45.127  -26.351  -43.409 1.0000000000
40556  44.494  -26.115  -43.598 1.0000000000
40553  43.754  -26.658  -43.379 1.0000000000
41575  43.158  -25.130  -43.714 1.0000000000
147420  42.172  -29.066  -29.152 0.6999999881
38526  41.655  -28.512  -29.544 0.6999999881
38535  40.644  -28.416  -30.529 0.6000000238
37676  40.072  -28.798  -31.031 0.6000000238
38544  40.072  -28.476  -31.694 0.6000000238
38555  39.892  -28.615  -32.366 0.6999999881
154576  40.205  -28.531  -33.649 0.6999999881
38568  39.848  -28.869  -33.187 0.6999999881
38582  40.461  -28.483  -34.353 0.6999999881
38599  40.790  -28.726  -35.257 0.6999999881
40478  40.525  -26.879  -35.068 0.8000000119
154645  41.103  -29.233  -35.975 0.6999999881
39498  40.989  -27.895  -36.277 0.8000000119
42560  40.788  -24.559  -36.412 0.8000000119
42559  41.073  -24.483  -37.190 0.8000000119
42592  41.669  -24.328  -38.662 0.8000000119
150868  42.509  -25.626  -39.930 0.8000000119
41547  42.064  -24.815  -39.401 0.8000000119
40536  44.370  -26.546  -41.592 1.0000000000
148616  43.309  -25.613  -40.841 1.0000000000
42604  42.544  -24.206  -40.115 0.6999999881
148801  44.256  -25.400  -41.786 1.0000000000
42612  43.271  -24.687  -40.990 0.8999999762
42621  44.811  -25.185  -42.801 1.0000000000
41566  44.831  -25.572  -43.395 1.0000000000
43709  44.173  -23.620  -43.385 1.0000000000
37769  39.266  -28.980  -39.239 1.0000000000
42634  44.511  -25.034  -43.681 1.0000000000
42635  44.183  -24.734  -43.920 1.0000000000
40546  41.454  -26.386  -42.244 1.0000000000
39553  40.523  -27.814  -41.105 1.0000000000
38637  39.966  -28.251  -40.501 1.0000000000
41567  42.825  -25.822  -43.355 1.0000000000
38527  40.904  -28.784  -29.827 0.6999999881
154734  40.361  -27.775  -32.154 0.6000000238
135081  40.417  -27.678  -32.995 0.6999999881
39484  40.506  -27.745  -34.251 0.6999999881
39479  40.478  -27.327  -33.533 0.6999999881
39499  40.795  -28.060  -35.492 0.6999999881
40470  40.498  -26.921  -34.263 0.8000000119
41493  40.451  -25.443  -35.178 0.6999999881
42547  40.574  -24.619  -35.550 0.6999999881
43654  41.055  -23.806  -36.719 0.6999999881
42575  41.354  -24.384  -37.947 0.6999999881
42605  42.010  -23.859  -39.241 0.6999999881
43696  43.112  -23.626  -40.991 0.8000000119
42611  44.000  -24.378  -41.935 0.8999999762
145725  44.350  -24.027  -42.768 1.0000000000
133208  43.811  -22.824  -42.598 1.0000000000
39546  39.417  -27.698  -39.986 1.0000000000
146531  44.193  -24.237  -43.777 1.0000000000
40547  40.603  -26.228  -41.548 1.0000000000
41568  42.150  -25.008  -43.224 1.0000000000
38534  41.258  -28.095  -30.103 0.6000000238
39443  41.520  -27.494  -30.243 0.6000000238
38543  40.450  -28.074  -31.255 0.6000000238
151223  41.091  -27.007  -31.201 0.6000000238
39453  40.727  -27.451  -31.452 0.6000000238
40439  40.789  -26.780  -31.905 0.6000000238
39465  40.566  -27.046  -32.753 0.6000000238
40451  40.695  -26.209  -32.654 0.6000000238
40466  40.529  -26.537  -33.402 0.6000000238
153550  40.474  -26.144  -33.989 0.6999999881
42542  40.479  -24.647  -34.640 0.6999999881
43643  40.621  -23.884  -35.041 0.6999999881
153412  40.785  -23.846  -35.887 0.6999999881
43642  41.166  -23.012  -36.156 0.6999999881
43662  41.406  -23.137  -37.181 0.6999999881
43675  41.672  -23.442  -38.244 0.6999999881
48732  49.963  -18.793  -38.005 0.3000000119
44809  42.434  -22.509  -39.492 0.6999999881
43674  42.077  -23.116  -39.099 0.6999999881
48731  50.377  -18.451  -38.721 0.3000000119
44826  42.836  -22.658  -40.426 0.8000000119
37715  36.108  -29.770  -34.827 0.8999999762
43703  43.806  -23.494  -41.976 1.0000000000
37735  37.405  -29.196  -36.454 1.0000000000
38628  38.793  -28.409  -38.698 1.0000000000
38619  38.450  -28.816  -37.989 1.0000000000
43716  43.713  -23.125  -43.778 1.0000000000
157352  41.873  -23.652  -43.644 1.0000000000
138383  42.680  -23.593  -44.001 1.0000000000
41569  41.800  -25.691  -42.726 1.0000000000
39563  40.256  -26.856  -41.035 1.0000000000
42628  41.492  -24.190  -43.153 1.0000000000
39442  42.011  -27.080  -30.057 0.6000000238
40427  41.496  -26.929  -30.627 0.6000000238
40426  42.083  -26.217  -30.394 0.6000000238
41449  41.875  -25.417  -30.977 0.6000000238
42500  42.411  -24.744  -30.906 0.6000000238
42501  41.683  -24.638  -31.550 0.6999999881
42502  41.115  -25.070  -32.135 0.6999999881
41450  41.034  -25.863  -32.017 0.6000000238
42514  40.762  -24.814  -32.845 0.6999999881
42527  47.747  -23.942  -33.161 0.3000000119
43608  47.466  -23.226  -33.523 0.3000000119
42528  40.545  -24.693  -33.706 0.6999999881
43626  40.632  -23.872  -34.131 0.6999999881
154646  40.883  -23.297  -35.392 0.6999999881
47729  48.913  -19.405  -36.689 0.3000000119
48720  48.919  -18.528  -36.884 0.4000000060
48719  49.415  -18.214  -37.505 0.4000000060
49987  48.818  -17.682  -37.029 0.4000000060
36879  35.503  -30.237  -34.235 0.6999999881
37697  34.780  -29.817  -33.787 0.6999999881
53329  50.156  -14.674  -40.037 0.3000000119
50000  50.308  -17.548  -38.867 0.3000000119
45801  42.847  -21.802  -39.968 0.6999999881
37729  36.253  -29.075  -35.203 0.8999999762
52293  50.123  -15.378  -39.536 0.3000000119
51168  49.775  -17.004  -38.337 0.3000000119
44843  43.346  -22.671  -41.447 0.8000000119
38607  37.006  -28.393  -36.330 0.8999999762
158695  50.080  -15.949  -39.106 0.3000000119
51159  49.180  -16.444  -37.850 0.3000000119
44836  43.399  -21.438  -41.793 0.8000000119
45826  43.597  -21.145  -43.448 1.0000000000
39547  38.902  -27.116  -39.510 1.0000000000
44862  42.824  -21.681  -44.351 1.0000000000
40538  39.850  -26.022  -40.919 1.0000000000
153286  39.666  -26.574  -40.534 1.0000000000
44856  42.588  -22.502  -44.200 1.0000000000
41562  40.907  -25.557  -42.057 1.0000000000
43710  40.945  -23.195  -43.230 1.0000000000
42630  40.507  -24.001  -42.356 1.0000000000
42499  43.078  -24.267  -30.808 0.6999999881
140915  42.396  -24.000  -31.307 0.6999999881
150693  47.436  -24.217  -32.532 0.3000000119
156342  46.578  -23.470  -32.167 0.4000000060
43588  41.769  -23.749  -31.947 0.6999999881
43600  41.337  -23.594  -32.564 0.6999999881
43609  46.806  -22.695  -33.135 0.4000000060
43625  40.862  -23.166  -34.633 0.6999999881
44736  47.246  -22.456  -33.979 0.3000000119
44725  46.015  -22.089  -32.793 0.5000000000
44751  41.259  -22.313  -34.306 0.6999999881
139861  41.369  -21.915  -35.102 0.6999999881
44737  46.602  -22.026  -33.497 0.5000000000
44772  41.413  -22.095  -35.878 0.6999999881
46732  48.146  -20.170  -35.680 0.4000000060
146527  46.249  -19.777  -34.237 0.6000000238
47711  46.966  -19.496  -34.847 0.5000000000
44788  41.569  -22.286  -36.788 0.6999999881
157845  48.651  -19.979  -36.257 0.3000000119
44797  41.832  -22.457  -37.715 0.6999999881
53306  47.467  -14.808  -37.407 0.4000000060
134097  46.974  -18.644  -35.142 0.4000000060
44810  42.123  -22.494  -38.613 0.6999999881
38569  33.532  -28.665  -33.809 0.6999999881
137679  47.970  -14.450  -37.791 0.4000000060
48710  48.302  -18.040  -36.443 0.4000000060
36863  33.482  -30.247  -33.344 0.6000000238
53330  49.688  -13.952  -39.766 0.3000000119
53318  49.246  -14.811  -38.617 0.3000000119
53319  48.622  -14.591  -38.192 0.4000000060
49986  49.310  -17.336  -37.667 0.4000000060
49974  47.603  -17.575  -36.039 0.4000000060
144000  43.102  -20.832  -39.627 0.6999999881
37716  35.395  -29.257  -34.364 0.6999999881
53305  48.242  -15.093  -37.592 0.4000000060
51160  48.676  -16.809  -37.183 0.4000000060
49975  46.971  -17.140  -35.784 0.4000000060
52281  49.659  -15.399  -38.837 0.3000000119
51145  47.921  -16.336  -36.771 0.4000000060
38629  38.252  -27.847  -38.169 1.0000000000
45820  43.639  -20.933  -42.644 0.8999999762
44861  43.154  -21.483  -44.264 1.0000000000
41563  40.131  -25.389  -41.441 1.0000000000
43719  41.001  -22.359  -43.630 1.0000000000
43718  41.764  -22.887  -43.843 1.0000000000
44863  42.110  -21.323  -44.401 1.0000000000
42623  39.773  -24.510  -41.434 1.0000000000
41554  39.408  -25.266  -40.841 1.0000000000
43704  39.740  -23.545  -41.758 1.0000000000
43697  39.359  -23.956  -41.037 1.0000000000
42486  43.704  -24.677  -30.472 0.6000000238
43577  43.873  -23.965  -30.796 0.6000000238
43587  43.182  -23.559  -31.195 0.6000000238
44720  42.499  -23.239  -31.744 0.6999999881
154788  45.448  -23.760  -31.208 0.5000000000
43585  45.013  -23.057  -31.449 0.6000000238
43599  41.853  -22.967  -32.478 0.6999999881
43597  46.361  -22.950  -32.408 0.5000000000
43598  45.593  -22.612  -32.064 0.4000000060
135555  41.257  -23.206  -33.028 0.6999999881
43610  41.003  -23.147  -33.742 0.6999999881
44717  44.844  -22.400  -31.898 0.6000000238
44738  42.208  -22.140  -32.832 0.6999999881
44726  45.100  -21.929  -32.358 0.6000000238
45720  41.856  -21.735  -33.648 0.6999999881
45716  46.093  -21.264  -33.466 0.6000000238
154261  45.354  -20.741  -33.312 0.6000000238
45734  41.732  -21.369  -34.590 0.6999999881
45745  41.693  -21.345  -35.533 0.6999999881
46718  47.078  -20.325  -34.669 0.5000000000
47687  45.448  -19.729  -33.902 0.6000000238
47689  44.132  -19.553  -33.997 0.6000000238
45762  41.795  -21.462  -36.434 0.6000000238
52272  45.916  -14.827  -37.468 0.4000000060
48711  47.766  -18.506  -35.831 0.4000000060
47698  46.240  -18.854  -34.605 0.4000000060
47699  45.398  -19.046  -34.277 0.5000000000
46720  43.231  -19.853  -34.333 0.6000000238
45774  42.049  -21.620  -37.319 0.6999999881
53307  46.743  -14.559  -37.445 0.4000000060
48696  45.592  -18.403  -34.648 0.5000000000
45786  42.321  -21.765  -38.143 0.6999999881
52271  46.372  -14.925  -37.284 0.5000000000
48703  46.973  -17.803  -35.483 0.4000000060
48704  46.130  -17.948  -34.994 0.4000000060
156511  42.636  -21.293  -38.425 0.6999999881
140552  35.460  -27.776  -35.103 0.8999999762
38583  35.022  -28.363  -34.465 0.6999999881
52269  48.481  -15.929  -37.390 0.4000000060
51147  46.565  -16.570  -36.045 0.4000000060
46803  43.541  -20.050  -41.126 0.6999999881
45814  43.198  -21.056  -40.566 0.6999999881
52258  46.974  -15.953  -36.561 0.4000000060
39518  36.640  -27.507  -36.417 0.8999999762
143455  43.444  -20.026  -43.712 0.8999999762
39531  37.636  -27.338  -37.686 0.8999999762
40539  39.161  -25.931  -40.282 1.0000000000
40524  38.282  -26.557  -39.117 1.0000000000
45839  42.680  -20.611  -44.532 1.0000000000
40531  38.690  -26.250  -39.682 1.0000000000
44858  40.723  -21.501  -43.708 1.0000000000
141205  38.530  -25.614  -39.863 1.0000000000
45827  40.174  -21.184  -43.156 1.0000000000
132436  39.421  -22.450  -40.028 0.8999999762
45822  39.756  -21.804  -41.033 1.0000000000
44845  39.630  -22.561  -41.788 1.0000000000
43698  38.869  -24.119  -40.310 1.0000000000
42613  39.081  -24.638  -40.666 1.0000000000
44838  39.434  -22.854  -40.859 1.0000000000
44839  39.090  -23.336  -40.127 1.0000000000
148271  38.323  -24.483  -39.780 0.8999999762
44828  38.825  -22.904  -39.189 1.0000000000
43676  38.053  -23.536  -38.788 0.8999999762
44718  44.161  -22.578  -31.673 0.6000000238
44728  43.457  -22.200  -32.060 0.6999999881
44729  42.673  -22.512  -32.159 0.6999999881
44727  44.252  -21.982  -32.156 0.6999999881
45719  42.704  -21.355  -33.110 0.6999999881
45703  45.300  -21.321  -32.886 0.6000000238
45717  44.587  -20.745  -33.100 0.6000000238
45718  43.657  -20.926  -33.027 0.6999999881
46706  42.973  -20.588  -33.689 0.6000000238
154048  42.485  -20.450  -34.446 0.6000000238
46722  42.111  -20.659  -35.142 0.6000000238
154996  45.580  -13.710  -37.994 0.3000000119
46703  45.792  -20.375  -33.722 0.6000000238
46704  44.868  -20.076  -33.566 0.6000000238
46748  42.155  -20.734  -36.072 0.6000000238
52273  45.405  -14.525  -37.965 0.4000000060
53309  45.036  -13.905  -38.275 0.4000000060
47700  44.494  -18.942  -34.380 0.6000000238
46721  42.650  -19.927  -35.112 0.6000000238
47702  43.184  -19.349  -35.127 0.5000000000
45761  42.311  -20.809  -36.966 0.6000000238
48698  44.208  -18.391  -35.049 0.4000000060
45773  42.643  -20.902  -37.889 0.6000000238
145673  45.173  -15.469  -37.908 0.5000000000
154240  45.492  -17.316  -35.454 0.4000000060
137110  42.974  -20.683  -38.759 0.6000000238
51149  45.458  -15.920  -37.054 0.5000000000
51140  45.791  -16.523  -36.131 0.4000000060
46804  43.444  -20.033  -40.254 0.6000000238
51148  45.871  -15.876  -36.737 0.4000000060
49968  45.120  -16.813  -36.124 0.4000000060
38600  36.303  -28.202  -35.599 0.8999999762
139304  43.635  -19.983  -43.050 0.8999999762
46815  43.659  -20.046  -42.100 0.8000000119
39500  35.915  -27.163  -35.851 0.8999999762
39532  36.973  -26.918  -37.211 0.8999999762
40526  36.738  -25.786  -38.617 0.8999999762
153489  37.256  -26.471  -38.065 0.8999999762
45840  41.824  -20.207  -44.619 1.0000000000
45821  39.906  -21.478  -42.207 1.0000000000
41548  38.165  -25.195  -39.780 1.0000000000
42606  37.910  -24.868  -39.635 0.8999999762
44812  38.280  -22.605  -38.358 1.0000000000
43663  37.558  -23.044  -38.129 1.0000000000
43677  37.197  -23.980  -38.649 0.8999999762
44799  37.109  -22.488  -37.716 1.0000000000
43664  36.726  -23.385  -38.045 0.8999999762
45705  43.545  -21.588  -32.531 0.6999999881
54284  46.170  -13.039  -38.112 0.3000000119
138178  44.716  -14.079  -38.251 0.3000000119
46734  42.512  -20.147  -35.763 0.6000000238
51161  44.855  -14.635  -38.579 0.5000000000
51169  44.563  -14.674  -38.874 0.4000000060
47712  43.664  -18.568  -35.651 0.5000000000
48707  44.187  -17.822  -35.763 0.5000000000
131850  43.647  -18.413  -36.501 0.5000000000
158194  42.835  -20.152  -37.458 0.5000000000
132337  45.157  -14.860  -37.962 0.5000000000
132165  43.429  -18.833  -36.948 0.5000000000
131855  44.706  -16.065  -38.213 0.5000000000
132186  44.262  -17.430  -36.736 0.5000000000
49976  44.906  -16.237  -37.512 0.5000000000
151565  45.084  -16.380  -36.960 0.5000000000
46784  43.906  -18.498  -40.752 0.6999999881
132116  44.309  -16.729  -39.478 0.5000000000
131942  44.473  -16.463  -38.784 0.5000000000
134952  43.775  -18.942  -41.631 0.6000000238
158889  43.338  -18.656  -44.147 0.8999999762
46835  42.301  -19.389  -44.788 0.8999999762
46834  42.913  -19.494  -44.552 0.8999999762
46828  40.900  -19.413  -44.019 0.8999999762
46820  40.314  -20.468  -42.755 0.8999999762
45834  40.657  -20.475  -43.845 1.0000000000
41549  37.496  -25.171  -39.451 0.8999999762
40525  37.551  -26.118  -38.820 0.8999999762
42607  37.296  -24.926  -39.435 0.8999999762
44811  38.840  -22.160  -38.602 0.8000000119
44798  37.838  -22.141  -37.838 0.6999999881
41550  36.742  -25.099  -39.294 0.8999999762
43678  36.242  -24.321  -38.645 0.8999999762
42593  36.804  -24.776  -39.164 0.8999999762
153075  45.075  -12.965  -37.854 0.3000000119
139318  44.692  -13.565  -37.775 0.3000000119
54276  44.060  -13.676  -37.105 0.4000000060
52261  43.553  -14.313  -36.805 0.3000000119
155916  44.127  -14.311  -37.656 0.3000000119
149568  43.894  -14.974  -38.562 0.4000000060
46747  42.773  -19.943  -36.645 0.6000000238
132035  44.193  -15.280  -38.910 0.5000000000
131926  43.705  -15.589  -39.792 0.4000000060
131980  43.884  -18.063  -37.839 0.5000000000
46772  43.264  -19.598  -38.365 0.5000000000
132032  44.217  -15.976  -40.253 0.5000000000
131851  44.143  -17.569  -37.492 0.5000000000
46785  43.505  -19.389  -39.518 0.5000000000
131854  44.146  -17.397  -40.077 0.5000000000
47755  43.857  -18.255  -39.166 0.5000000000
132193  44.170  -16.285  -41.091 0.5000000000
137706  43.740  -17.049  -42.780 0.6000000238
47782  43.740  -18.567  -42.626 0.6000000238
48779  42.245  -17.082  -43.352 0.6999999881
48783  42.736  -17.285  -44.459 0.6999999881
47803  42.639  -18.529  -44.780 0.6999999881
47789  41.530  -18.093  -44.000 0.8000000119
48784  42.122  -17.813  -44.592 0.8000000119
140319  40.223  -20.720  -41.677 0.8999999762
155324  40.478  -20.202  -43.493 0.8999999762
44827  39.333  -22.042  -39.144 0.6999999881
42594  35.751  -24.998  -39.177 0.8999999762
140905  35.267  -24.458  -38.794 0.8999999762
154950  36.699  -21.956  -37.600 1.0000000000
54267  43.443  -13.573  -36.435 0.3000000119
52262  42.935  -15.083  -36.579 0.4000000060
151487  42.911  -13.964  -36.068 0.3000000119
51150  43.337  -15.206  -37.432 0.4000000060
53298  42.583  -14.595  -35.998 0.3000000119
131979  43.841  -15.340  -39.293 0.4000000060
132009  42.989  -15.890  -38.241 0.4000000060
150271  42.271  -16.743  -37.339 0.4000000060
131929  43.719  -15.747  -39.520 0.4000000060
135565  42.874  -16.234  -38.838 0.4000000060
149537  43.925  -15.777  -40.551 0.4000000060
149506  43.207  -16.073  -40.268 0.4000000060
132146  43.677  -16.043  -41.761 0.5000000000
155625  43.977  -15.830  -41.385 0.5000000000
47783  41.571  -18.176  -42.860 0.6000000238
46816  40.870  -19.572  -42.240 0.8000000119
153949  40.256  -20.917  -40.639 0.6999999881
45788  38.518  -21.757  -38.074 0.6999999881
43665  35.801  -23.573  -38.153 0.8999999762
43679  34.880  -23.625  -38.354 0.8999999762
45789  35.492  -20.921  -38.076 0.8999999762
45790  35.017  -21.892  -37.997 0.8000000119
44813  34.521  -22.725  -38.213 0.8000000119
46789  34.566  -19.695  -39.200 0.8000000119
54253  42.078  -13.865  -35.676 0.3000000119
53292  41.819  -14.649  -35.685 0.3000000119
51151  42.209  -15.936  -36.433 0.3000000119
51141  41.310  -15.806  -35.913 0.4000000060
131853  42.324  -16.925  -37.850 0.4000000060
49988  41.551  -17.609  -37.065 0.4000000060
132092  41.882  -17.728  -38.139 0.5000000000
47756  41.619  -18.565  -38.965 0.5000000000
158230  41.189  -18.862  -37.937 0.5000000000
48750  42.245  -17.451  -41.177 0.5000000000
46786  41.428  -19.204  -39.926 0.5000000000
46805  41.728  -18.557  -40.754 0.5000000000
46806  41.052  -19.838  -40.938 0.6000000238
46787  40.578  -20.445  -39.687 0.6999999881
45787  39.245  -21.479  -38.463 0.6999999881
45775  38.876  -20.974  -37.812 0.6999999881
45776  38.124  -21.250  -37.693 0.6999999881
135421  37.965  -19.874  -37.348 0.6999999881
46766  36.672  -21.058  -37.665 0.8000000119
47747  36.241  -20.079  -38.069 0.6999999881
54268  42.762  -13.259  -35.962 0.3000000119
55306  42.009  -12.883  -35.785 0.3000000119
54269  41.199  -13.354  -35.790 0.4000000060
54254  41.181  -14.263  -35.680 0.3000000119
52263  40.697  -15.452  -35.871 0.4000000060
49979  40.845  -17.371  -36.467 0.4000000060
48721  40.941  -18.520  -37.261 0.4000000060
48712  40.483  -18.124  -36.737 0.3000000119
46773  40.968  -19.695  -39.067 0.6000000238
48713  39.788  -18.366  -36.709 0.3000000119
47730  40.383  -19.317  -37.456 0.5000000000
48722  39.282  -18.864  -36.900 0.4000000060
46774  40.329  -20.332  -38.567 0.6999999881
46762  39.990  -20.068  -37.720 0.6000000238
46788  39.867  -21.034  -38.915 0.6999999881
45802  39.820  -21.493  -39.789 0.6999999881
46763  39.270  -20.337  -37.595 0.6999999881
46764  38.564  -20.304  -37.440 0.6000000238
54270  40.414  -13.853  -36.023 0.3000000119
147977  40.490  -16.089  -36.063 0.3000000119
147585  39.623  -16.162  -36.436 0.3000000119
52275  39.276  -15.307  -36.727 0.3000000119
52276  38.719  -15.116  -37.414 0.3000000119
49989  39.237  -18.089  -36.812 0.3000000119
146733  38.740  -16.061  -37.145 0.4000000060
47731  39.432  -19.611  -37.240 0.5000000000
49990  38.547  -17.653  -37.246 0.5000000000
48723  38.506  -18.575  -37.159 0.6000000238
141273  38.095  -19.190  -37.296 0.6000000238
151409  41.930  -11.072  -36.183 0.4000000060
57526  41.561  -10.649  -36.344 0.3000000119
55327  40.447  -12.900  -36.230 0.3000000119
56435  40.500  -11.899  -36.493 0.3000000119
53300  39.710  -14.465  -36.472 0.3000000119
55328  39.829  -12.527  -36.848 0.3000000119
54277  39.175  -13.907  -37.148 0.3000000119
53312  38.723  -14.362  -37.682 0.3000000119
51163  38.487  -16.874  -37.392 0.4000000060
52284  38.281  -15.512  -38.019 0.4000000060
49991  37.949  -17.965  -37.637 0.6000000238
50002  37.889  -17.170  -37.991 0.4000000060
52285  37.735  -15.792  -38.797 0.4000000060
50016  37.386  -17.021  -38.697 0.5000000000
48733  37.142  -18.702  -38.022 0.6000000238
48743  35.027  -18.511  -39.792 0.6999999881
45803  33.745  -20.294  -39.212 0.8000000119
140308  41.937  -9.869  -36.419 0.4000000060
57527  40.714  -10.895  -36.601 0.3000000119
56436  39.877  -11.829  -37.028 0.3000000119
143010  39.243  -13.042  -37.345 0.3000000119
54278  38.742  -13.569  -37.902 0.3000000119
53322  38.327  -14.154  -38.545 0.4000000060
52294  38.044  -14.964  -38.694 0.4000000060
52295  37.613  -15.085  -39.423 0.4000000060
51182  37.239  -16.443  -39.265 0.4000000060
157190  36.979  -17.147  -39.140 0.5000000000
155454  37.331  -15.717  -39.583 0.4000000060
47746  36.745  -19.308  -38.029 0.6000000238
51183  36.621  -16.794  -39.806 0.4000000060
48742  35.779  -18.455  -39.282 0.6999999881
50017  36.373  -17.653  -39.379 0.4000000060
50027  35.966  -17.120  -40.310 0.4000000060
50018  35.522  -17.843  -40.020 0.6000000238
50036  35.251  -17.386  -40.853 0.5000000000
48751  34.765  -18.068  -40.493 0.6000000238
156999  34.602  -19.064  -39.641 0.6999999881
47769  33.725  -18.838  -40.361 0.6999999881
59776  42.251  -8.686  -36.685 0.3000000119
57543  40.095  -10.710  -37.129 0.3000000119
56449  39.711  -11.328  -37.451 0.3000000119
56460  39.226  -11.433  -38.157 0.3000000119
158261  38.934  -12.085  -38.330 0.3000000119
54285  38.475  -13.260  -38.709 0.4000000060
54295  38.005  -13.666  -39.459 0.3000000119
54303  38.016  -12.899  -40.060 0.3000000119
53333  37.549  -14.398  -39.935 0.3000000119
53345  37.134  -14.387  -40.830 0.3000000119
51196  36.901  -16.051  -40.093 0.4000000060
52305  37.128  -15.190  -40.265 0.3000000119
52314  36.773  -15.003  -41.111 0.3000000119
52306  36.593  -15.668  -40.878 0.3000000119
52315  36.357  -15.290  -41.766 0.3000000119
51198  35.730  -16.705  -41.135 0.3000000119
144309  35.804  -15.760  -42.142 0.4000000060
51207  35.011  -16.858  -41.724 0.5000000000
48768  34.387  -17.637  -41.281 0.5000000000
48752  34.022  -18.334  -40.755 0.5000000000
58513  40.702  -9.222  -37.067 0.3000000119
58514  40.190  -9.901  -37.290 0.3000000119
57544  39.581  -10.566  -37.897 0.3000000119
57556  39.121  -10.858  -38.737 0.3000000119
56461  38.762  -11.662  -38.980 0.3000000119
55365  37.635  -12.858  -41.007 0.3000000119
54315  37.165  -13.637  -41.444 0.3000000119
53356  36.689  -14.463  -41.828 0.3000000119
159029  36.350  -14.826  -42.276 0.3000000119
151337  35.241  -16.201  -42.380 0.4000000060
51214  34.589  -16.552  -42.482 0.5000000000
50037  33.778  -17.558  -41.724 0.5000000000
59788  40.176  -9.010  -37.681 0.3000000119
58515  39.683  -9.664  -38.117 0.3000000119
144677  39.334  -10.177  -38.601 0.3000000119
57557  38.818  -11.033  -39.404 0.3000000119
56470  38.547  -11.536  -39.852 0.3000000119
55364  38.187  -12.085  -40.545 0.3000000119
55375  37.784  -12.143  -41.527 0.3000000119
55376  37.248  -12.830  -42.140 0.3000000119
134713  36.023  -15.120  -42.567 0.4000000060
52321  34.881  -15.994  -43.053 0.4000000060
51223  34.156  -16.290  -43.035 0.4000000060
52331  34.388  -15.608  -43.500 0.4000000060
50047  33.520  -17.156  -42.184 0.5000000000
51215  33.252  -16.477  -42.734 0.4000000060
134644  41.898  -6.758  -37.395 0.3000000119
61068  41.388  -7.448  -37.303 0.3000000119
58529  39.331  -9.543  -38.918 0.3000000119
57569  39.026  -10.285  -39.387 0.3000000119
57570  38.663  -10.815  -40.051 0.3000000119
56487  37.837  -11.576  -41.887 0.3000000119
54323  36.785  -13.665  -42.454 0.3000000119
156962  36.888  -13.093  -43.002 0.3000000119
143471  36.337  -14.391  -42.872 0.3000000119
52329  35.751  -14.836  -43.336 0.4000000060
52330  35.109  -15.278  -43.531 0.3000000119
61069  40.592  -7.421  -37.777 0.3000000119
59804  40.095  -8.165  -38.040 0.3000000119
61080  39.984  -7.380  -38.498 0.3000000119
59805  39.690  -8.877  -38.473 0.3000000119
58541  39.080  -9.491  -39.725 0.3000000119
58542  38.789  -10.064  -40.247 0.3000000119
58554  38.619  -9.725  -41.002 0.3000000119
57577  38.438  -10.645  -40.931 0.3000000119
56478  38.147  -11.463  -41.190 0.3000000119
57584  38.306  -10.144  -41.785 0.3000000119
150681  37.540  -12.023  -42.450 0.3000000119
62262  40.421  -6.647  -38.231 0.3000000119
144726  39.637  -8.115  -38.877 0.3000000119
62263  39.854  -6.640  -38.942 0.3000000119
145301  39.328  -8.121  -39.729 0.3000000119
155034  39.083  -8.821  -40.099 0.3000000119
137541  38.054  -10.949  -41.802 0.3000000119
56488  37.733  -11.313  -42.586 0.3000000119
55383  37.177  -12.485  -43.166 0.3000000119
63363  40.234  -5.924  -38.645 0.3000000119
140256  39.757  -5.926  -39.374 0.3000000119
61093  39.289  -7.426  -40.194 0.3000000119
62274  39.511  -6.675  -39.784 0.4000000060
59827  39.065  -8.175  -40.574 0.3000000119
59841  38.793  -8.272  -41.447 0.3000000119
58565  38.531  -9.178  -41.847 0.3000000119
62285  39.289  -6.734  -40.670 0.4000000060
137553  39.499  -5.975  -40.244 0.4000000060
63373  39.692  -5.215  -39.800 0.3000000119
136032  39.322  -6.046  -41.146 0.4000000060
34376  42.471  -33.564  -40.469 1.0000000000
36056  43.579  -32.082  -41.111 1.0000000000
34370  41.592  -34.140  -40.207 0.8999999762
45777  37.366  -21.624  -37.602 0.6999999881
47748  35.339  -19.887  -38.606 0.8000000119
136632  35.969  -19.201  -38.617 0.6999999881
28408  38.339  -39.282  -27.056 0.6000000238
137502  37.848  -39.921  -27.411 0.6000000238
29379  37.030  -38.507  -29.215 0.6000000238
27545  42.731  -40.409  -28.472 0.5000000000
27529  42.725  -40.072  -27.898 0.5000000000
30374  38.617  -37.177  -26.609 0.6000000238
157246  43.095  -38.278  -38.143 0.8999999762
31416  38.976  -36.485  -26.372 0.5000000000
29323  41.238  -37.922  -25.058 0.4000000060
32510  37.903  -35.291  -31.855 0.6999999881
31509  40.873  -36.868  -36.062 0.8999999762
34292  37.957  -33.128  -30.228 0.6999999881
31404  40.905  -35.940  -25.170 0.5000000000
31403  41.673  -35.947  -24.663 0.5000000000
138744  38.265  -34.018  -32.998 0.8000000119
29334  41.760  -38.928  -25.635 0.4000000060
33482  38.951  -35.155  -34.391 0.8000000119
34293  37.795  -33.733  -31.055 0.6999999881
32435  41.753  -34.718  -25.646 0.4000000060
34347  41.628  -33.541  -37.382 0.8000000119
34363  38.893  -33.945  -38.940 0.8000000119
34270  42.212  -33.410  -27.254 0.4000000060
33417  42.997  -34.306  -26.988 0.4000000060
35997  38.705  -31.636  -33.615 0.8000000119
155970  43.187  -33.243  -40.486 1.0000000000
34279  42.695  -33.187  -27.893 0.5000000000
157647  41.338  -32.496  -27.524 0.5000000000
35200  41.285  -32.327  -40.563 1.0000000000
36817  41.532  -30.564  -28.558 0.6999999881
36919  44.266  -31.021  -40.299 1.0000000000
153546  44.036  -32.109  -40.946 1.0000000000
39561  42.446  -27.902  -42.317 1.0000000000
39568  43.172  -27.387  -42.872 1.0000000000
157407  41.387  -29.091  -36.563 0.8000000119
41561  45.107  -26.163  -42.535 1.0000000000
138156  41.166  -25.064  -37.649 0.8000000119
40537  43.145  -26.478  -40.458 1.0000000000
39552  43.979  -27.559  -40.976 1.0000000000
41487  40.443  -25.451  -34.259 0.6999999881
44848  43.757  -22.452  -43.391 1.0000000000
43717  43.536  -23.619  -44.049 1.0000000000
158033  43.662  -21.794  -42.837 1.0000000000
152251  41.399  -25.428  -31.565 0.6000000238
41463  40.806  -25.500  -32.590 0.6999999881
46746  48.231  -21.078  -35.747 0.4000000060
37736  36.819  -29.073  -35.804 1.0000000000
38620  37.876  -28.277  -37.466 1.0000000000
47709  48.273  -19.365  -36.040 0.4000000060
43711  40.089  -22.932  -42.513 1.0000000000
45731  47.286  -21.165  -34.646 0.4000000060
154305  47.540  -20.017  -35.132 0.5000000000
46719  46.569  -20.754  -34.127 0.5000000000
147611  46.899  -15.191  -37.046 0.4000000060
157462  39.463  -23.307  -41.265 1.0000000000
48697  44.912  -18.363  -34.725 0.5000000000
45778  35.938  -21.879  -37.712 0.8000000119
132083  44.874  -15.107  -38.656 0.5000000000
149504  43.900  -18.056  -38.527 0.5000000000
47768  43.965  -17.419  -41.852 0.5000000000
47794  43.396  -17.872  -44.123 0.6999999881
50035  43.277  -16.635  -43.321 0.6000000238
132093  42.538  -16.811  -42.213 0.5000000000
131852  42.557  -16.847  -39.381 0.5000000000
46765  37.659  -20.724  -37.538 0.6999999881
47733  37.495  -19.322  -37.593 0.6999999881
55357  38.417  -12.271  -39.612 0.3000000119
27586  39.039  -40.776  -34.285 0.5000000000
27585  39.824  -40.863  -34.956 0.5000000000
25751  38.241  -43.137  -33.149 0.5000000000
141109  39.520  -41.470  -34.699 0.5000000000
26653  37.544  -41.995  -31.688 0.5000000000
26652  38.252  -41.466  -33.220 0.5000000000
26660  38.848  -41.539  -34.130 0.5000000000
26646  36.975  -41.012  -30.386 0.4000000060
26650  37.322  -41.149  -31.330 0.5000000000
143651  36.889  -40.885  -29.446 0.4000000060
27565  37.115  -40.328  -30.986 0.5000000000
26623  37.433  -41.292  -28.074 0.5000000000
27561  36.886  -40.226  -30.022 0.5000000000
34330  35.980  -33.312  -34.707 0.6999999881
33470  34.854  -34.420  -33.935 0.6999999881
35180  37.039  -32.870  -36.047 0.8000000119
34350  37.352  -33.317  -36.973 0.8000000119
34351  36.798  -33.804  -36.417 0.8000000119
34357  37.692  -33.753  -37.776 0.8999999762
35158  35.606  -32.807  -34.188 0.6999999881
35186  37.915  -32.771  -37.609 0.8999999762
36044  38.780  -31.606  -38.534 0.8999999762
142529  35.704  -31.988  -34.205 0.6000000238
34329  36.259  -32.566  -34.851 0.8000000119
152499  37.870  -32.023  -37.136 0.8999999762
36035  38.270  -31.918  -37.767 0.8999999762
36910  39.172  -30.780  -38.955 0.8999999762
36920  39.852  -30.606  -39.767 0.8999999762
39430  44.972  -27.792  -29.580 0.5000000000
157453  42.975  -27.762  -29.438 0.5000000000
39433  42.551  -27.451  -29.633 0.5000000000
132795  43.056  -28.995  -29.158 0.6000000238
38525  42.527  -28.230  -29.395 0.5000000000
37657  42.682  -29.718  -28.922 0.6000000238
154204  35.176  -31.562  -33.802 0.6000000238
36011  36.248  -31.621  -34.766 0.8999999762
36030  37.562  -31.598  -36.453 0.8999999762
35172  36.789  -32.113  -35.455 0.8999999762
36036  38.010  -31.312  -37.170 0.8999999762
36904  38.687  -30.654  -38.191 0.8999999762
37759  39.346  -29.902  -39.127 0.8999999762
41428  43.811  -25.957  -29.839 0.5000000000
41438  43.400  -25.339  -30.203 0.5000000000
145718  45.357  -26.346  -30.059 0.5000000000
152264  43.371  -26.504  -29.708 0.5000000000
40425  42.956  -25.984  -29.985 0.5000000000
40423  45.831  -26.903  -30.156 0.5000000000
40415  44.092  -26.707  -29.608 0.5000000000
36891  36.684  -30.366  -35.345 0.8999999762
36878  36.163  -30.718  -34.762 0.6999999881
36890  37.206  -30.906  -35.877 0.8999999762
36897  37.673  -30.685  -36.566 0.8999999762
37746  38.581  -29.772  -37.956 0.8999999762
36911  38.977  -30.101  -38.546 0.8999999762
41437  44.353  -25.289  -30.187 0.5000000000
41439  42.596  -25.410  -30.471 0.5000000000
41436  45.237  -25.649  -30.262 0.5000000000
41435  45.961  -26.097  -30.437 0.5000000000
37728  37.200  -29.965  -35.985 0.8999999762
37747  37.996  -29.282  -37.227 0.8999999762
37760  38.929  -29.336  -38.584 0.8999999762
42485  44.515  -24.486  -30.569 0.5000000000
42484  45.087  -24.961  -30.456 0.5000000000
42497  45.308  -24.380  -30.821 0.5000000000
41448  45.885  -25.160  -30.781 0.5000000000
42496  46.066  -24.269  -31.268 0.4000000060
137003  34.255  -28.246  -34.210 0.6000000238
151642  32.954  -27.411  -34.504 0.6000000238
39485  34.486  -27.542  -34.760 0.8000000119
39502  33.569  -27.018  -34.900 0.6999999881
39503  32.690  -26.854  -34.896 0.6999999881
40482  32.400  -26.258  -35.529 0.6999999881
40502  31.148  -25.988  -35.755 0.6999999881
39501  35.014  -26.990  -35.507 0.8000000119
40481  33.765  -26.416  -35.582 0.6999999881
144353  33.161  -25.996  -35.956 0.6999999881
40501  31.822  -25.861  -36.077 0.6999999881
41512  33.154  -25.669  -37.022 0.6999999881
41531  31.585  -25.202  -37.564 0.6999999881
40515  34.968  -25.771  -37.486 0.8000000119
41511  34.090  -25.741  -37.337 0.8000000119
40497  36.212  -26.644  -36.763 0.8000000119
41530  32.640  -25.352  -37.995 0.6999999881
41529  33.646  -25.502  -38.092 0.6999999881
41543  34.229  -25.327  -38.704 0.8000000119
40514  35.606  -25.742  -37.969 0.8000000119
41544  33.479  -25.156  -38.571 0.6999999881
42596  34.113  -24.967  -38.973 0.8000000119
44816  32.392  -23.101  -38.660 0.6000000238
158812  35.496  -25.235  -38.953 0.8000000119
41542  34.870  -25.149  -39.016 0.8000000119
148844  33.244  -23.445  -38.584 0.6000000238
45793  32.531  -22.149  -38.857 0.6000000238
44829  31.992  -21.616  -39.215 0.6000000238
146864  34.047  -23.564  -38.528 0.8000000119
45792  33.317  -21.821  -38.705 0.6000000238
45805  32.695  -21.335  -39.116 0.6000000238
42595  34.849  -24.916  -39.084 0.8000000119
142251  32.236  -20.832  -39.500 0.6000000238
45791  33.941  -21.101  -38.672 0.6000000238
47758  33.876  -19.367  -39.799 0.6999999881
151231  32.512  -20.240  -39.733 0.6000000238
46790  32.923  -20.604  -39.411 0.6000000238
47770  33.141  -19.226  -40.257 0.6000000238
138269  34.177  -21.895  -38.361 0.6999999881
46776  34.606  -20.496  -38.650 0.6999999881
154230  37.866  -42.356  -27.791 0.4000000060
26638  37.046  -41.494  -28.815 0.5000000000
140301  37.765  -41.306  -32.263 0.5000000000
36043  39.534  -31.756  -39.494 0.8999999762
42495  46.723  -24.985  -31.438 0.3000000119
40479  35.317  -26.357  -36.422 0.8000000119
147245  38.027  -42.207  -32.694 0.5000000000
139540  37.125  -41.821  -30.726 0.5000000000
159094  36.654  -32.736  -35.453 0.8000000119
38523  44.525  -28.383  -29.432 0.5000000000
40480  34.494  -26.377  -35.911 0.8000000119
40499  33.885  -25.979  -36.374 0.6999999881
41527  35.020  -25.465  -38.553 0.8000000119
41545  32.731  -24.907  -38.516 0.6999999881
42597  33.379  -24.790  -38.694 0.6999999881
34286  43.613  -33.504  -29.079 0.4000000060
34285  43.951  -34.186  -29.704 0.4000000060
35115  43.641  -32.494  -29.156 0.4000000060
35114  44.071  -33.108  -29.734 0.4000000060
35966  43.689  -31.508  -29.159 0.5000000000
34291  44.380  -33.809  -30.377 0.4000000060
151323  44.592  -34.421  -30.942 0.4000000060
36826  43.671  -30.599  -29.146 0.5000000000
148204  43.472  -29.779  -29.098 0.5000000000
35973  44.787  -31.642  -29.987 0.5000000000
35122  44.759  -32.595  -30.318 0.4000000060
35965  44.218  -32.046  -29.669 0.4000000060
35121  44.984  -33.544  -30.953 0.4000000060
35132  45.564  -32.562  -30.936 0.4000000060
34301  45.004  -34.457  -31.534 0.4000000060
37656  43.987  -29.102  -29.261 0.5000000000
36825  44.399  -31.012  -29.578 0.5000000000
35131  46.289  -32.532  -31.460 0.4000000060
34314  48.337  -34.011  -33.891 0.4000000060
34308  46.973  -33.858  -32.783 0.4000000060
34300  46.448  -33.408  -32.138 0.4000000060
34315  47.510  -34.242  -33.406 0.4000000060
144916  44.261  -30.016  -29.413 0.5000000000
36824  45.024  -30.305  -29.764 0.5000000000
36835  45.064  -31.033  -29.982 0.4000000060
36040  52.026  -32.217  -38.268 0.3000000119
35972  45.445  -31.593  -30.424 0.4000000060
35183  51.715  -32.791  -37.521 0.3000000119
35130  47.016  -32.324  -31.885 0.4000000060
35190  52.116  -33.157  -38.246 0.3000000119
154894  51.440  -33.239  -36.991 0.3000000119
34345  51.023  -33.177  -36.427 0.3000000119
138577  49.886  -32.984  -35.057 0.3000000119
35155  48.748  -33.164  -33.876 0.4000000060
139134  48.174  -33.246  -33.412 0.4000000060
35138  47.318  -32.887  -32.486 0.4000000060
33502  51.263  -34.058  -36.780 0.3000000119
150821  50.200  -33.637  -35.516 0.3000000119
34326  49.104  -33.749  -34.440 0.4000000060
37655  44.965  -29.303  -29.599 0.4000000060
37666  45.676  -29.805  -30.065 0.4000000060
35971  46.102  -31.041  -30.591 0.4000000060
36833  46.253  -30.255  -30.567 0.4000000060
145681  51.585  -31.168  -37.346 0.3000000119
36027  50.783  -31.006  -35.853 0.3000000119
36033  51.608  -31.975  -37.377 0.3000000119
35168  50.491  -32.024  -35.601 0.3000000119
35169  49.850  -31.895  -34.762 0.3000000119
35994  49.315  -31.526  -34.032 0.4000000060
35142  48.679  -32.274  -33.534 0.4000000060
35137  48.003  -32.538  -32.912 0.4000000060
35176  51.321  -32.548  -36.815 0.3000000119
34336  50.526  -33.004  -35.802 0.3000000119
35154  49.276  -32.586  -34.271 0.3000000119
36875  49.805  -29.776  -34.269 0.3000000119
37694  48.883  -29.673  -33.138 0.3000000119
36854  48.077  -30.234  -32.301 0.4000000060
37685  48.392  -29.558  -32.531 0.4000000060
37686  47.885  -29.720  -32.012 0.4000000060
37675  46.907  -29.877  -31.060 0.4000000060
36888  50.530  -30.377  -35.307 0.3000000119
36858  49.249  -30.129  -33.598 0.3000000119
36853  48.612  -30.545  -32.969 0.4000000060
36844  46.737  -30.909  -31.133 0.4000000060
36874  50.077  -30.499  -34.681 0.3000000119
136634  49.577  -30.651  -34.114 0.3000000119
35995  48.820  -31.350  -33.406 0.4000000060
35990  47.903  -30.998  -32.352 0.4000000060
35980  47.310  -31.385  -31.765 0.4000000060
36008  50.294  -31.158  -35.094 0.3000000119
36009  49.824  -31.142  -34.537 0.3000000119
35989  48.323  -31.608  -32.889 0.4000000060
139200  47.688  -31.952  -32.346 0.4000000060
40437  46.541  -26.767  -30.703 0.4000000060
39452  47.037  -27.544  -31.060 0.4000000060
39440  46.318  -27.610  -30.435 0.4000000060
38522  45.326  -28.430  -29.729 0.4000000060
38554  48.057  -28.295  -32.152 0.3000000119
38542  47.457  -28.457  -31.456 0.4000000060
142113  47.030  -29.082  -31.008 0.4000000060
38533  46.028  -28.401  -30.185 0.4000000060
147568  48.357  -28.820  -32.446 0.4000000060
140751  47.958  -29.045  -32.001 0.4000000060
37674  47.468  -29.420  -31.533 0.4000000060
37665  46.364  -29.264  -30.479 0.4000000060
42576  31.953  -24.928  -38.235 0.6000000238
42577  31.096  -24.751  -37.947 0.6000000238
155604  31.905  -22.371  -38.914 0.5000000000
43683  31.943  -23.834  -38.569 0.5000000000
44830  31.217  -21.993  -39.168 0.5000000000
46792  31.434  -20.962  -39.578 0.5000000000
46791  31.930  -20.244  -39.899 0.5000000000
48754  32.430  -18.977  -40.664 0.5000000000
48770  32.746  -18.273  -41.230 0.4000000060
57596  37.655  -10.560  -44.237 0.3000000119
57604  37.808  -9.996  -44.797 0.3000000119
57605  37.427  -10.666  -45.074 0.3000000119
59852  38.582  -8.347  -42.394 0.3000000119
58574  38.365  -9.060  -42.878 0.3000000119
57591  37.891  -10.244  -43.408 0.3000000119
58584  38.081  -9.435  -44.278 0.3000000119
58592  38.029  -9.302  -45.134 0.3000000119
56521  37.027  -10.602  -45.724 0.3000000119
58601  37.530  -9.202  -46.114 0.3000000119
61114  38.817  -7.555  -41.973 0.3000000119
136812  38.438  -8.446  -43.343 0.3000000119
61139  38.470  -7.972  -43.829 0.3000000119
59860  38.312  -8.651  -44.375 0.3000000119
59868  38.234  -8.514  -45.535 0.3000000119
58600  37.893  -9.140  -45.784 0.3000000119
59876  37.495  -8.675  -46.418 0.3000000119
59887  36.222  -8.472  -46.731 0.3000000119
62296  39.093  -6.800  -41.560 0.3000000119
61125  38.879  -6.854  -42.455 0.3000000119
62320  38.711  -6.879  -43.316 0.3000000119
158579  38.803  -6.352  -43.687 0.3000000119
61149  38.474  -7.739  -44.669 0.3000000119
149172  38.601  -6.952  -45.125 0.3000000119
61157  38.432  -7.656  -45.731 0.3000000119
59875  37.919  -8.681  -46.198 0.3000000119
59885  37.705  -8.170  -46.624 0.3000000119
63396  39.355  -5.355  -41.627 0.3000000119
63404  39.227  -5.453  -42.562 0.3000000119
134711  38.943  -6.197  -42.931 0.3000000119
62319  38.790  -6.231  -44.481 0.3000000119
62332  38.800  -6.164  -45.562 0.3000000119
62343  38.587  -6.957  -46.053 0.3000000119
63438  38.706  -6.395  -46.422 0.3000000119
64433  39.389  -4.659  -42.109 0.3000000119
64444  39.327  -4.762  -43.045 0.3000000119
63413  39.055  -5.597  -43.628 0.3000000119
64455  39.302  -4.763  -44.029 0.3000000119
147105  39.108  -5.415  -45.617 0.3000000119
137427  39.402  -4.015  -42.564 0.3000000119
144942  39.417  -4.060  -43.411 0.3000000119
141762  39.486  -3.362  -44.302 0.3000000119
64467  39.349  -4.672  -45.129 0.3000000119
65412  39.413  -3.310  -42.889 0.3000000119
66360  39.398  -2.750  -43.696 0.3000000119
67345  39.312  -1.806  -43.297 0.3000000119
145477  46.250  -34.421  -32.635 0.4000000060
33438  43.722  -34.402  -28.935 0.4000000060
33445  44.309  -34.950  -30.393 0.4000000060
34309  45.635  -34.479  -32.154 0.4000000060
33455  44.631  -35.268  -31.211 0.4000000060
33479  49.139  -34.825  -34.702 0.4000000060
33467  47.841  -35.004  -33.976 0.4000000060
33461  46.592  -34.882  -33.138 0.4000000060
35198  52.705  -32.860  -39.852 0.3000000119
34359  52.493  -33.516  -39.035 0.3000000119
34353  51.784  -33.665  -37.554 0.3000000119
33510  51.815  -34.722  -37.639 0.3000000119
33503  50.663  -34.675  -36.239 0.3000000119
34337  49.700  -34.084  -35.107 0.3000000119
35189  52.396  -32.038  -39.294 0.3000000119
36894  51.248  -30.695  -36.674 0.3000000119
37712  50.262  -29.181  -34.849 0.3000000119
36895  50.995  -30.131  -36.013 0.3000000119
40436  47.249  -26.621  -31.338 0.4000000060
39451  47.787  -27.432  -31.817 0.4000000060
39478  48.879  -27.990  -33.025 0.3000000119
37693  49.341  -29.277  -33.606 0.3000000119
41447  46.665  -25.874  -31.007 0.4000000060
41514  31.120  -25.522  -36.552 0.6000000238
64420  39.480  -4.554  -41.171 0.3000000119
143896  39.472  -3.790  -41.681 0.3000000119
66331  39.445  -2.931  -41.921 0.3000000119
66347  39.397  -2.426  -42.675 0.3000000119
67333  39.382  -1.637  -42.362 0.3000000119
36039  52.137  -31.398  -38.777 0.3000000119
35105  43.157  -32.878  -28.541 0.4000000060
36815  43.078  -31.012  -28.739 0.5000000000
154428  46.734  -31.766  -31.415 0.4000000060
36026  51.145  -31.689  -36.526 0.3000000119
38532  46.732  -28.392  -30.744 0.4000000060
62306  39.160  -6.121  -42.047 0.3000000119
155630  38.312  -7.464  -46.397 0.3000000119
63425  39.057  -5.467  -44.738 0.3000000119
141763  39.253  -1.002  -42.807 0.3000000119
33437  44.062  -35.033  -29.534 0.3000000119
28483  37.492  -39.549  -36.981 0.6000000238
28493  37.125  -38.731  -37.138 0.6999999881
28484  36.574  -38.969  -36.802 0.6999999881
29322  41.838  -37.950  -24.557 0.3000000119
31393  42.345  -36.358  -24.112 0.3000000119
30461  35.448  -37.352  -36.132 0.6999999881
32470  43.774  -34.629  -27.551 0.3000000119
150102  35.619  -38.572  -36.045 0.6999999881
29439  35.992  -38.344  -36.633 0.6999999881
32469  44.019  -35.114  -28.410 0.3000000119
32494  44.421  -35.693  -30.040 0.3000000119
30478  36.757  -37.650  -37.294 0.6999999881
32480  44.724  -36.062  -29.647 0.3000000119
31473  46.339  -36.375  -32.545 0.3000000119
140718  45.236  -36.544  -31.159 0.3000000119
32509  44.546  -35.765  -30.741 0.3000000119
31483  46.719  -36.339  -33.031 0.3000000119
32516  46.266  -36.149  -32.882 0.3000000119
32517  45.589  -36.290  -32.115 0.3000000119
32400  42.619  -35.536  -24.459 0.3000000119
32433  43.654  -34.529  -25.835 0.4000000060
32556  35.830  -35.924  -36.462 0.6999999881
32452  44.333  -34.964  -27.931 0.3000000119
32453  43.454  -34.397  -26.667 0.3000000119
145026  35.762  -37.075  -36.641 0.6999999881
31525  36.217  -37.171  -37.091 0.6999999881
32451  44.502  -35.514  -28.703 0.3000000119
32479  45.531  -36.086  -29.772 0.3000000119
32492  45.754  -36.444  -30.676 0.3000000119
33454  45.149  -35.453  -31.915 0.3000000119
31482  47.108  -36.475  -32.985 0.3000000119
32420  43.083  -34.828  -25.010 0.4000000060
32549  35.563  -35.703  -35.734 0.6999999881
33399  45.056  -34.512  -26.522 0.3000000119
33400  44.208  -34.582  -26.853 0.3000000119
32468  45.356  -35.549  -28.766 0.3000000119
33416  44.982  -34.731  -27.381 0.3000000119
32555  36.346  -35.649  -37.018 0.6999999881
32478  46.545  -35.790  -29.933 0.3000000119
31519  36.561  -36.431  -37.310 0.6999999881
146019  47.060  -35.350  -33.556 0.3000000119
33462  45.887  -35.459  -32.668 0.3000000119
32521  48.039  -36.074  -33.972 0.3000000119
32522  47.519  -35.806  -33.835 0.3000000119
33507  36.032  -35.199  -36.250 0.6999999881
33428  45.680  -34.910  -27.796 0.3000000119
33505  37.112  -34.199  -37.238 0.6999999881
158486  47.075  -34.995  -28.543 0.3000000119
33427  46.402  -34.995  -28.242 0.3000000119
33514  36.943  -35.040  -37.425 0.6999999881
32530  49.252  -35.729  -34.922 0.3000000119
33415  46.606  -34.659  -27.379 0.3000000119
33480  48.400  -35.559  -34.341 0.3000000119
40450  47.874  -26.443  -32.011 0.3000000119
27604  38.339  -40.544  -37.026 0.5000000000
27596  36.254  -40.309  -35.979 0.6999999881
27595  36.989  -40.840  -36.303 0.6000000238
26673  36.473  -41.354  -35.842 0.6000000238
27605  37.441  -40.377  -36.674 0.6000000238
30462  34.977  -37.662  -35.503 0.6999999881
31392  43.096  -35.994  -23.891 0.3000000119
32550  35.103  -36.209  -35.195 0.6999999881
32419  44.035  -34.794  -24.960 0.4000000060
33498  35.789  -34.901  -35.364 0.6999999881
33384  44.582  -34.545  -25.784 0.4000000060
34341  35.985  -34.079  -34.966 0.6999999881
33383  45.638  -34.598  -25.754 0.3000000119
33382  46.431  -34.611  -26.112 0.3000000119
33381  47.150  -34.814  -26.103 0.3000000119
152582  43.924  -34.985  -28.845 0.3000000119
33497  36.297  -34.354  -35.876 0.6999999881
136336  36.724  -39.855  -36.513 0.6000000238
33398  47.469  -34.742  -26.924 0.3000000119
32418  44.994  -34.821  -24.953 0.3000000119
26668  39.622  -42.414  -34.875 0.5000000000
26675  41.157  -42.040  -37.072 0.5000000000
24899  39.983  -43.700  -36.199 0.5000000000
26667  40.240  -41.841  -35.385 0.4000000060
21043  33.027  -47.353  -34.555 0.4000000060
20223  31.778  -48.624  -34.006 0.5000000000
26671  41.251  -41.985  -36.895 0.4000000060
26672  40.898  -42.222  -36.313 0.5000000000
26679  41.267  -41.473  -37.361 0.5000000000
19421  30.597  -49.723  -33.541 0.4000000060
18567  29.996  -50.349  -33.374 0.4000000060
21034  32.377  -47.927  -34.166 0.5000000000
27603  39.149  -41.600  -37.055 0.4000000060
18556  29.220  -50.118  -32.715 0.4000000060
18568  29.166  -51.261  -33.274 0.4000000060
20224  30.888  -48.863  -33.390 0.4000000060
21999  32.489  -47.185  -33.805 0.5000000000
22000  31.735  -47.421  -33.373 0.4000000060
23950  34.033  -45.283  -34.313 0.5000000000
24895  34.901  -43.980  -34.650 0.4000000060
135588  37.946  -41.274  -36.667 0.5000000000
25777  35.996  -42.866  -35.452 0.4000000060
24894  35.456  -43.421  -35.106 0.4000000060
25776  36.578  -42.367  -35.791 0.4000000060
18557  28.659  -50.634  -32.700 0.4000000060
136276  25.264  -49.069  -32.306 0.4000000060
20211  30.221  -48.273  -32.778 0.4000000060
134064  26.553  -47.307  -32.571 0.4000000060
21982  32.144  -46.648  -33.173 0.5000000000
157118  30.969  -47.357  -32.837 0.4000000060
22975  27.852  -45.694  -32.623 0.4000000060
22971  32.547  -45.808  -33.019 0.5000000000
24882  28.853  -43.877  -32.563 0.4000000060
23934  28.354  -44.548  -32.601 0.4000000060
23943  33.358  -45.558  -33.663 0.5000000000
24887  33.832  -44.064  -33.195 0.5000000000
155729  29.863  -42.434  -32.292 0.4000000060
25758  29.154  -42.366  -32.636 0.4000000060
23942  34.297  -44.470  -34.104 0.5000000000
24886  34.512  -43.536  -33.776 0.6000000238
25772  35.524  -42.410  -34.922 0.6000000238
26674  35.984  -41.854  -35.372 0.5000000000
19413  26.095  -49.319  -32.552 0.4000000060
134400  26.626  -48.139  -32.572 0.4000000060
132839  28.943  -49.176  -32.477 0.4000000060
139281  27.195  -46.766  -32.631 0.4000000060
22972  31.480  -45.921  -32.570 0.5000000000
21984  30.323  -46.832  -32.572 0.4000000060
138398  28.143  -46.909  -32.575 0.4000000060
23930  32.911  -44.734  -32.738 0.5000000000
23933  29.187  -44.621  -32.506 0.4000000060
22974  28.711  -45.356  -32.579 0.4000000060
25763  34.623  -42.500  -33.536 0.5000000000
26659  29.754  -41.620  -32.487 0.4000000060
26670  35.090  -41.938  -34.223 0.6000000238
26669  35.464  -41.378  -34.864 0.6000000238
134385  26.605  -48.865  -32.584 0.4000000060
145001  29.533  -47.738  -32.563 0.4000000060
134402  27.590  -48.778  -32.544 0.4000000060
134403  28.682  -47.639  -32.546 0.4000000060
148130  29.607  -45.242  -32.465 0.4000000060
24877  33.174  -43.541  -32.394 0.5000000000
24880  30.167  -43.786  -32.160 0.4000000060
24881  29.551  -44.033  -32.364 0.4000000060
25764  34.020  -43.039  -32.873 0.5000000000
155644  30.385  -41.419  -32.225 0.4000000060
27597  35.643  -39.867  -35.531 0.6000000238
27588  35.315  -40.395  -34.886 0.6000000238
137291  34.932  -40.913  -34.223 0.6000000238
19411  28.170  -49.786  -32.470 0.4000000060
20213  28.394  -48.307  -32.519 0.4000000060
21021  29.277  -46.974  -32.537 0.4000000060
21985  28.533  -46.206  -32.587 0.4000000060
133707  31.913  -44.606  -32.199 0.5000000000
23931  31.174  -44.997  -32.267 0.5000000000
24879  31.094  -44.036  -31.942 0.5000000000
24878  32.215  -43.873  -32.015 0.5000000000
137589  31.554  -43.210  -31.778 0.5000000000
25754  33.303  -42.469  -32.192 0.5000000000
147647  32.522  -42.007  -31.790 0.5000000000
25757  30.576  -42.988  -31.963 0.4000000060
26661  34.554  -41.454  -33.482 0.6000000238
26657  31.011  -41.330  -31.980 0.5000000000
28448  30.798  -39.837  -32.557 0.4000000060
28476  35.340  -39.035  -35.579 0.6000000238
28477  35.037  -39.515  -34.922 0.6000000238
26654  34.008  -41.055  -32.843 0.6000000238
26655  33.209  -41.306  -32.191 0.5000000000
25756  31.504  -42.221  -31.731 0.5000000000
27577  34.306  -40.389  -33.516 0.6000000238
27569  33.505  -40.277  -32.733 0.6000000238
27570  32.499  -40.342  -32.261 0.5000000000
29421  34.656  -38.720  -34.915 0.6000000238
29433  35.121  -38.313  -35.508 0.6000000238
32536  33.692  -35.887  -34.056 0.5000000000
31499  33.472  -36.750  -34.530 0.6000000238
31500  32.743  -36.882  -34.406 0.5000000000
31513  34.197  -37.251  -34.972 0.6000000238
30449  33.327  -37.344  -34.605 0.6000000238
29405  32.866  -38.116  -33.912 0.5000000000
29406  32.156  -38.166  -33.456 0.5000000000
156520  34.299  -39.751  -33.869 0.6000000238
28446  32.842  -39.450  -32.780 0.5000000000
28447  31.795  -39.615  -32.523 0.5000000000
28458  31.128  -39.092  -32.853 0.5000000000
33484  34.942  -35.052  -34.262 0.5000000000
157059  34.371  -34.351  -33.641 0.5000000000
33483  35.420  -34.612  -34.554 0.6000000238
32535  34.655  -35.725  -34.427 0.6000000238
28456  33.073  -38.686  -33.454 0.6000000238
28457  32.073  -38.823  -32.966 0.5000000000
30463  34.177  -37.931  -34.874 0.6000000238
28469  33.721  -38.446  -34.243 0.6000000238
26677  39.862  -42.545  -36.876 0.4000000060
26680  40.471  -41.801  -37.239 0.4000000060
28455  34.315  -39.223  -34.220 0.6000000238
147492  40.371  -42.678  -35.704 0.5000000000
23956  39.572  -43.899  -36.274 0.5000000000
25775  40.369  -43.116  -36.220 0.5000000000
25778  40.203  -43.142  -36.553 0.5000000000
22986  33.010  -46.496  -33.932 0.5000000000
158715  29.822  -49.731  -32.891 0.4000000060
20212  29.296  -48.351  -32.540 0.4000000060
22988  27.267  -45.268  -32.618 0.4000000060
25759  28.606  -43.058  -32.648 0.4000000060
22973  30.422  -45.519  -32.387 0.4000000060
19412  27.057  -49.536  -32.548 0.4000000060
157649  33.746  -38.910  -33.828 0.6000000238
156540  26.047  -47.118  -32.456 0.3000000119
24888  28.020  -43.759  -32.639 0.3000000119
156989  26.787  -45.451  -32.586 0.3000000119
25765  28.384  -42.263  -32.805 0.3000000119
22989  26.592  -44.815  -32.526 0.3000000119
25766  27.778  -42.879  -32.696 0.3000000119
24889  27.051  -43.647  -32.589 0.3000000119
17741  28.903  -51.897  -33.316 0.4000000060
18558  27.580  -50.396  -32.491 0.4000000060
19422  30.026  -49.045  -32.815 0.4000000060
20214  25.884  -48.566  -32.485 0.4000000060
21019  31.108  -48.028  -33.227 0.4000000060
21020  30.255  -47.548  -32.657 0.4000000060
21022  27.573  -47.675  -32.592 0.4000000060
21023  25.824  -47.701  -32.391 0.3000000119
21983  31.239  -46.770  -32.768 0.5000000000
21986  27.728  -46.294  -32.614 0.4000000060
21987  27.041  -45.958  -32.635 0.4000000060
22001  26.378  -45.708  -32.499 0.3000000119
22985  33.745  -46.025  -34.521 0.5000000000
22987  27.929  -45.088  -32.621 0.4000000060
23932  30.159  -44.613  -32.278 0.4000000060
23944  27.521  -44.532  -32.608 0.3000000119
23957  39.030  -44.579  -36.083 0.5000000000
25709  37.927  -41.752  -27.691 0.4000000060
25753  34.081  -41.973  -32.720 0.6000000238
25755  32.418  -42.901  -31.824 0.5000000000
25770  40.000  -43.311  -35.504 0.5000000000
25773  35.085  -42.989  -34.368 0.6000000238
25774  40.794  -42.493  -36.748 0.5000000000
25779  39.280  -43.264  -36.551 0.4000000060
26605  40.184  -41.678  -27.825 0.6000000238
26608  37.915  -41.135  -27.618 0.6000000238
26620  42.768  -40.744  -29.028 0.5000000000
26635  43.854  -41.126  -29.726 0.5000000000
26656  32.039  -41.237  -31.825 0.5000000000
26658  30.479  -41.988  -32.022 0.4000000060
26662  28.872  -41.600  -32.865 0.4000000060
26676  40.662  -42.490  -36.882 0.5000000000
27544  43.229  -40.469  -28.405 0.5000000000
27547  37.088  -40.705  -28.581 0.5000000000
27571  31.406  -40.483  -32.174 0.5000000000
27572  30.350  -40.767  -32.427 0.4000000060
27575  38.446  -40.738  -33.598 0.6000000238
27576  34.717  -40.013  -34.293 0.6000000238
27587  35.857  -40.839  -35.426 0.6000000238
27593  41.481  -41.444  -36.654 0.4000000060
27594  40.770  -41.196  -35.802 0.4000000060
27602  41.593  -41.313  -37.172 0.5000000000
27606  36.003  -39.250  -36.193 0.6000000238
27608  40.753  -40.940  -37.649 0.5000000000
27609  39.549  -40.825  -37.439 0.4000000060
28390  42.687  -39.904  -27.441 0.3000000119
28393  39.878  -38.931  -26.539 0.6000000238
28418  41.999  -39.943  -27.923 0.5000000000
28468  39.242  -40.053  -34.410 0.6000000238
28482  42.154  -40.134  -38.066 0.8000000119
28492  38.708  -39.823  -37.425 0.6999999881
29336  40.487  -38.471  -26.142 0.5000000000
29404  38.557  -38.687  -33.684 0.6999999881
29422  33.110  -37.798  -34.360 0.6000000238
29436  43.050  -39.069  -38.016 0.8999999762
29437  42.764  -39.508  -37.291 0.6999999881
29438  36.592  -38.259  -37.073 0.6999999881
29444  42.616  -39.332  -38.363 0.8999999762
30401  37.132  -37.675  -29.251 0.6000000238
30432  38.085  -37.395  -32.854 0.8000000119
30450  32.461  -37.261  -34.296 0.5000000000
30460  40.757  -38.351  -35.595 0.6999999881
30470  35.832  -37.634  -36.665 0.6999999881
30474  42.986  -37.645  -38.536 0.8999999762
30476  38.578  -38.223  -37.810 0.6999999881
30479  36.208  -37.806  -36.993 0.6999999881
30485  42.761  -37.661  -39.000 0.8999999762
30486  42.091  -38.012  -39.062 0.8999999762
31429  37.871  -36.382  -27.616 0.6000000238
31460  37.348  -36.705  -30.344 0.8000000119
31474  37.883  -36.115  -31.982 0.6999999881
31491  47.402  -36.269  -33.508 0.3000000119
31498  34.365  -36.549  -34.738 0.6000000238
31511  35.508  -36.568  -36.115 0.6999999881
31512  34.940  -36.983  -35.472 0.6999999881
31517  42.280  -36.649  -37.363 0.8999999762
31520  35.984  -36.491  -36.842 0.6999999881
32399  43.498  -35.332  -24.341 0.4000000060
32438  38.792  -35.789  -26.715 0.5000000000
32467  46.369  -35.406  -29.083 0.3000000119
32481  44.252  -35.482  -29.211 0.3000000119
32482  37.481  -35.581  -29.732 0.6000000238
32493  44.768  -36.257  -30.578 0.3000000119
32508  44.859  -36.105  -31.336 0.3000000119
32523  38.633  -35.370  -33.679 0.8000000119
32524  34.290  -34.996  -33.809 0.5000000000
32534  35.313  -35.408  -34.860 0.6999999881
32548  40.500  -35.953  -36.055 0.8999999762
32562  37.651  -35.933  -37.957 0.8000000119
32563  36.975  -35.798  -37.564 0.8000000119
32569  39.198  -35.580  -38.757 0.8000000119
32576  42.294  -35.481  -39.386 1.0000000000
32577  41.644  -35.322  -39.602 1.0000000000
33414  47.280  -34.792  -27.827 0.3000000119
33466  48.545  -34.658  -34.303 0.4000000060
33468  46.812  -36.046  -33.409 0.3000000119
33494  50.204  -34.382  -35.643 0.3000000119
33506  36.546  -34.695  -36.760 0.6999999881
33512  42.638  -35.380  -38.761 0.8999999762
34257  40.312  -33.969  -26.575 0.4000000060
34258  39.709  -34.009  -26.828 0.4000000060
34317  35.393  -33.715  -34.171 0.6999999881
34340  36.472  -33.396  -35.461 0.8000000119
34346  50.653  -33.808  -36.051 0.3000000119
34364  38.210  -34.274  -38.373 0.8000000119
34368  42.993  -33.832  -40.132 1.0000000000
34369  42.497  -34.256  -40.120 1.0000000000
34371  40.535  -34.272  -39.821 0.8000000119
35108  39.318  -32.414  -28.095 0.6000000238
35143  38.475  -32.319  -33.406 0.8000000119
35144  35.032  -33.029  -33.704 0.6999999881
35171  37.262  -32.141  -36.062 0.8999999762
35177  50.892  -32.477  -36.227 0.3000000119
35178  41.200  -32.661  -36.941 0.8000000119
35179  37.513  -32.461  -36.710 0.8999999762
35185  38.538  -32.533  -38.389 0.8999999762
35192  43.268  -33.024  -39.210 1.0000000000
35193  39.584  -32.820  -39.572 1.0000000000
35209  43.612  -32.648  -40.704 1.0000000000
35210  42.985  -32.829  -40.779 1.0000000000
35968  38.517  -31.629  -29.873 0.6999999881
35981  46.180  -31.730  -30.957 0.4000000060
35996  39.162  -31.231  -34.227 0.6999999881
36012  35.611  -31.144  -34.226 0.6999999881
36021  37.139  -31.601  -35.812 0.8999999762
36022  36.701  -31.219  -35.336 0.8999999762
36049  44.079  -31.699  -40.022 1.0000000000
36058  41.325  -31.577  -40.718 1.0000000000
36061  43.107  -31.397  -41.420 1.0000000000
36819  39.667  -30.930  -28.896 0.6999999881
36827  43.091  -30.301  -28.860 0.6000000238
36834  45.612  -30.667  -30.208 0.4000000060
36843  47.493  -30.359  -31.719 0.4000000060
36846  38.536  -30.781  -31.367 0.6999999881
36902  42.848  -31.311  -38.277 0.8999999762
36905  38.186  -30.407  -37.350 0.8999999762
36924  44.459  -30.835  -40.969 1.0000000000
36927  44.272  -30.953  -41.352 1.0000000000
37658  41.336  -29.254  -29.283 0.6999999881
37667  40.240  -29.147  -30.257 0.6999999881
37695  40.092  -29.156  -34.065 0.6999999881
37698  33.965  -29.542  -33.535 0.6000000238
37727  40.706  -29.441  -35.416 0.6999999881
37730  35.884  -29.172  -34.794 0.6999999881
37745  41.875  -29.371  -37.297 0.8000000119
37757  43.779  -30.411  -39.552 1.0000000000
37773  40.105  -29.167  -40.387 1.0000000000
38524  43.521  -28.164  -29.322 0.5000000000
38553  48.500  -28.333  -32.617 0.3000000119
38565  49.345  -28.404  -33.574 0.3000000119
38566  48.834  -28.866  -32.971 0.4000000060
38567  40.399  -28.003  -33.623 0.6999999881
38584  34.522  -28.960  -33.960 0.6999999881
38598  41.101  -28.603  -36.057 0.6999999881
38601  35.748  -28.617  -34.871 0.8999999762
38606  37.533  -28.588  -36.864 1.0000000000
38617  42.477  -29.363  -38.055 0.8999999762
38630  44.291  -29.459  -40.732 1.0000000000
38632  39.558  -28.625  -39.901 1.0000000000
38633  39.106  -28.042  -39.368 1.0000000000
38643  44.544  -28.106  -42.690 1.0000000000
39431  44.257  -27.535  -29.468 0.5000000000
39432  43.343  -27.246  -29.519 0.5000000000
39434  41.875  -27.774  -29.752 0.6000000238
39441  45.608  -27.679  -29.910 0.4000000060
39444  41.025  -27.639  -30.770 0.6000000238
39486  33.592  -27.802  -34.330 0.6000000238
39517  37.293  -27.821  -36.968 0.8999999762
39541  38.579  -27.456  -38.874 1.0000000000
39542  37.979  -26.903  -38.421 1.0000000000
39551  44.625  -28.306  -41.695 1.0000000000
39554  39.836  -27.326  -40.513 1.0000000000
39555  39.281  -26.800  -40.062 1.0000000000
39558  45.299  -27.081  -43.222 1.0000000000
39562  41.197  -27.243  -41.792 1.0000000000
40414  45.005  -26.990  -29.699 0.5000000000
40416  42.686  -26.720  -29.825 0.6000000238
40424  44.660  -26.137  -29.887 0.5000000000
40438  41.354  -26.215  -31.213 0.6000000238
40449  48.414  -26.319  -32.677 0.3000000119
40483  31.623  -26.263  -35.450 0.6999999881
40498  34.567  -25.998  -36.671 0.8000000119
40500  32.537  -25.802  -36.283 0.6999999881
40513  36.383  -26.108  -37.779 0.8000000119
40527  35.896  -25.526  -38.552 0.8000000119
40532  37.971  -25.709  -39.386 1.0000000000
40544  45.226  -26.944  -42.502 1.0000000000
40552  44.861  -26.971  -43.355 1.0000000000
40554  42.479  -26.522  -42.881 1.0000000000
40557  43.725  -25.806  -43.647 1.0000000000
41478  40.569  -25.607  -33.333 0.6999999881
41509  40.887  -25.268  -36.966 0.8000000119
41513  32.143  -25.497  -36.929 0.6999999881
41528  34.363  -25.559  -38.157 0.8000000119
41539  41.539  -25.186  -38.449 0.8000000119
41540  37.107  -25.455  -39.119 0.8999999762
41541  36.256  -25.249  -38.999 0.8999999762
41553  42.675  -24.978  -40.247 0.6999999881
41555  38.755  -25.212  -40.269 1.0000000000
41560  45.245  -26.055  -43.128 1.0000000000
41573  44.637  -25.540  -43.682 1.0000000000
41574  44.054  -25.300  -43.852 1.0000000000
42487  43.018  -24.862  -30.527 0.5000000000
42498  44.714  -23.788  -30.957 0.6000000238
42512  46.802  -24.074  -31.937 0.3000000119
42513  41.184  -24.264  -32.328 0.6999999881
42614  38.488  -24.767  -40.091 0.8999999762
42620  44.552  -24.679  -43.406 1.0000000000
42622  40.463  -24.854  -41.960 1.0000000000
42629  41.175  -24.883  -42.590 1.0000000000
42636  43.449  -24.464  -43.965 1.0000000000
42637  42.484  -24.352  -43.706 1.0000000000
43584  46.029  -23.411  -31.718 0.5000000000
43586  44.047  -23.253  -31.211 0.6000000238
43596  47.057  -23.491  -32.671 0.3000000119
43601  40.817  -23.888  -33.143 0.6999999881
43680  34.432  -24.433  -38.812 0.8000000119
43681  33.659  -24.329  -38.711 0.6999999881
43682  32.789  -24.192  -38.598 0.6999999881
43689  42.464  -23.327  -39.877 0.6999999881
43690  38.489  -23.854  -39.593 0.8999999762
43691  37.737  -24.442  -39.304 0.8999999762
43720  43.287  -22.403  -44.182 1.0000000000
44719  43.319  -22.849  -31.621 0.6999999881
44739  41.520  -22.553  -33.315 0.6999999881
44773  41.114  -22.617  -35.243 0.6999999881
44800  36.297  -22.684  -37.713 0.8999999762
44801  35.398  -22.735  -37.887 0.8000000119
44814  33.704  -22.679  -38.474 0.6999999881
44815  33.021  -22.644  -38.647 0.6000000238
44837  43.101  -21.951  -40.824 0.6999999881
44844  39.916  -22.063  -42.592 1.0000000000
44849  40.385  -22.199  -43.147 1.0000000000
44855  43.441  -21.913  -43.891 1.0000000000
44857  41.520  -21.939  -44.093 1.0000000000
45704  44.411  -21.378  -32.623 0.6000000238
45706  42.889  -21.923  -32.496 0.6999999881
45732  46.868  -21.612  -34.074 0.5000000000
45733  42.227  -21.004  -33.963 0.6999999881
45785  42.591  -21.646  -38.995 0.6999999881
45804  33.297  -21.012  -38.998 0.6000000238
45832  43.228  -20.599  -44.099 1.0000000000
45833  41.241  -20.885  -44.236 1.0000000000
46705  43.873  -20.232  -33.538 0.6000000238
46733  47.712  -20.730  -35.179 0.4000000060
46761  43.320  -19.195  -37.584 0.5000000000
46775  39.600  -20.738  -38.091 0.6999999881
46826  43.252  -19.369  -44.141 0.8999999762
46827  41.236  -19.789  -44.332 0.8999999762
46836  41.740  -19.262  -44.695 0.8999999762
47688  44.857  -19.440  -33.957 0.5000000000
47701  43.729  -19.069  -34.694 0.6000000238
47710  47.638  -19.363  -35.422 0.4000000060
47713  43.056  -19.348  -35.937 0.5000000000
47718  40.029  -18.857  -36.927 0.3000000119
47728  49.461  -19.092  -37.344 0.3000000119
47732  38.658  -19.423  -37.168 0.6000000238
47734  37.168  -20.097  -37.653 0.6999999881
47745  40.769  -19.554  -38.239 0.6000000238
47757  35.216  -19.117  -39.197 0.6999999881
47759  33.090  -19.882  -39.743 0.6000000238
47771  32.463  -19.686  -40.123 0.5000000000
47784  40.878  -19.371  -43.340 0.8999999762
47788  43.654  -17.761  -43.405 0.6999999881
47795  41.555  -18.748  -44.498 0.8999999762
47802  43.100  -18.574  -44.466 0.6999999881
47804  42.093  -18.507  -44.817 0.8999999762
48705  45.331  -17.899  -34.962 0.4000000060
48706  44.753  -17.661  -35.418 0.5000000000
48724  37.720  -18.595  -37.621 0.6000000238
48734  36.536  -18.506  -38.615 0.6000000238
48753  33.280  -18.625  -40.778 0.6000000238
48766  43.457  -16.559  -42.924 0.6000000238
48767  43.174  -16.423  -43.029 0.6000000238
48769  33.565  -18.029  -41.264 0.4000000060
48777  43.457  -16.941  -43.583 0.6999999881
48778  42.500  -17.054  -44.049 0.6999999881
48782  43.179  -17.161  -44.253 0.6999999881
48793  42.938  -17.771  -44.591 0.6999999881
48794  42.486  -17.883  -44.732 0.6999999881
49967  46.281  -17.184  -35.573 0.4000000060
49969  44.645  -17.088  -36.332 0.4000000060
49973  48.153  -17.189  -36.572 0.4000000060
49977  42.731  -15.961  -37.372 0.4000000060
49978  41.785  -16.810  -36.688 0.3000000119
49980  39.948  -17.718  -36.492 0.3000000119
50001  49.866  -17.889  -38.180 0.3000000119
50003  37.246  -17.839  -38.407 0.5000000000
50045  43.104  -16.767  -43.869 0.6000000238
50046  34.234  -17.136  -42.034 0.5000000000
51146  47.385  -16.767  -36.228 0.4000000060
51152  41.147  -16.569  -36.198 0.4000000060
51153  40.207  -16.887  -36.306 0.3000000119
51162  39.225  -17.100  -36.718 0.3000000119
51170  38.108  -16.322  -37.982 0.4000000060
51171  37.651  -16.543  -38.560 0.4000000060
51197  36.337  -16.410  -40.623 0.3000000119
51206  35.586  -16.320  -41.770 0.4000000060
52250  42.040  -15.278  -35.906 0.3000000119
52251  41.244  -15.073  -35.694 0.3000000119
52259  46.258  -15.457  -36.931 0.4000000060
52260  45.708  -15.279  -37.384 0.5000000000
52264  40.030  -15.384  -36.203 0.3000000119
52270  47.669  -15.526  -37.069 0.4000000060
52274  44.296  -14.550  -38.367 0.4000000060
52282  49.043  -15.469  -38.105 0.4000000060
52283  45.613  -14.268  -37.858 0.4000000060
52292  50.542  -15.388  -40.312 0.3000000119
52320  35.482  -15.553  -42.870 0.4000000060
53299  40.508  -14.756  -35.911 0.3000000119
53310  44.407  -14.035  -37.682 0.3000000119
53311  39.070  -14.624  -37.037 0.3000000119
53332  37.887  -14.445  -39.209 0.4000000060
54271  39.757  -13.436  -36.622 0.3000000119
54294  38.326  -12.923  -39.351 0.3000000119
54304  37.573  -13.635  -40.445 0.3000000119
54324  36.547  -13.587  -43.406 0.3000000119
55340  38.833  -12.748  -38.099 0.3000000119
55348  39.360  -12.134  -37.598 0.3000000119
55349  38.609  -12.490  -38.848 0.3000000119
56448  40.154  -11.321  -36.910 0.3000000119
56496  37.430  -11.756  -43.383 0.3000000119
56508  36.986  -11.358  -45.222 0.3000000119
58593  37.565  -9.842  -45.599 0.3000000119
58602  36.999  -9.771  -46.121 0.3000000119
59787  40.843  -8.321  -37.273 0.3000000119
59818  39.336  -8.821  -39.294 0.3000000119
59828  38.828  -8.928  -40.888 0.3000000119
59886  37.061  -8.287  -46.762 0.3000000119
61081  39.577  -7.386  -39.329 0.3000000119
61104  39.037  -7.487  -41.066 0.4000000060
61126  38.604  -7.624  -42.992 0.3000000119
62253  41.119  -6.713  -37.697 0.3000000119
62333  38.636  -6.920  -44.171 0.3000000119
63384  39.473  -5.271  -40.699 0.4000000060
65424  39.489  -4.015  -44.278 0.3000000119
131856  42.237  -17.482  -40.224 0.5000000000
131987  43.135  -16.290  -41.106 0.5000000000
132173  43.739  -16.269  -42.091 0.5000000000
132265  39.760  -36.369  -38.779 0.8000000119
132333  36.101  -16.050  -41.410 0.3000000119
133187  41.961  -12.112  -35.901 0.3000000119
133531  29.514  -43.221  -32.380 0.4000000060
134656  36.918  -41.676  -29.737 0.4000000060
134748  26.328  -46.551  -32.511 0.3000000119
135343  40.669  -27.314  -35.679 0.8000000119
135655  43.524  -18.888  -43.650 0.8999999762
135744  41.647  -18.429  -41.667 0.5000000000
135898  40.589  -27.532  -34.924 0.6999999881
136282  44.372  -29.320  -41.910 1.0000000000
136344  46.744  -34.601  -26.650 0.3000000119
137222  40.377  -39.569  -38.178 0.6999999881
137547  38.571  -30.775  -32.358 0.8000000119
138900  40.442  -26.204  -34.749 0.6999999881
138902  33.980  -16.787  -42.554 0.5000000000
139371  33.121  -26.493  -35.341 0.6999999881
139745  49.670  -14.694  -39.261 0.3000000119
140274  45.642  -33.480  -31.547 0.4000000060
140622  33.765  -39.478  -33.444 0.6000000238
141426  36.999  -38.705  -30.230 0.6000000238
141546  39.394  -1.004  -42.007 0.3000000119
141672  34.642  -21.245  -38.325 0.6999999881
141842  43.795  -14.597  -37.552 0.3000000119
141950  40.197  -28.230  -32.989 0.6999999881
142618  45.895  -34.557  -26.803 0.3000000119
143282  34.334  -18.691  -40.156 0.6999999881
143698  38.422  -14.822  -38.084 0.3000000119
143713  49.670  -16.153  -38.529 0.3000000119
144414  41.301  -23.847  -37.451 0.6999999881
144429  30.606  -46.232  -32.514 0.4000000060
144617  46.244  -16.080  -36.434 0.4000000060
144698  41.340  -33.203  -40.461 1.0000000000
144702  40.498  -29.111  -34.778 0.6999999881
144897  29.620  -46.054  -32.508 0.4000000060
145397  38.757  -39.945  -27.085 0.6000000238
145436  48.443  -18.768  -36.379 0.4000000060
146145  45.698  -29.040  -29.971 0.4000000060
146165  32.192  -24.500  -38.497 0.6999999881
146562  38.179  -8.076  -46.306 0.3000000119
147214  32.038  -45.237  -32.503 0.5000000000
147970  37.715  -29.908  -36.694 0.8999999762
148576  42.456  -34.756  -38.259 0.8999999762
148637  35.506  -37.991  -36.140 0.6999999881
149153  42.413  -33.889  -26.885 0.4000000060
149493  43.561  -15.651  -39.798 0.4000000060
149632  42.142  -28.214  -38.311 0.8000000119
149722  39.450  -3.496  -43.707 0.3000000119
149851  37.867  -33.914  -32.072 0.8000000119
150005  34.280  -26.842  -35.283 0.8000000119
150226  40.643  -28.126  -34.845 0.6999999881
150384  46.664  -36.426  -32.805 0.3000000119
150502  33.715  -44.848  -33.591 0.5000000000
150585  37.704  -35.077  -31.184 0.6999999881
150692  29.448  -50.723  -33.177 0.4000000060
150833  40.104  -5.216  -39.022 0.3000000119
150846  52.346  -32.744  -38.922 0.3000000119
151146  39.595  -21.541  -39.048 0.6999999881
151259  42.430  -36.141  -37.826 0.8999999762
151436  38.563  -7.415  -43.787 0.3000000119
152089  35.725  -26.079  -37.262 0.8000000119
152418  39.255  -23.545  -40.744 1.0000000000
152474  39.331  -35.839  -26.281 0.5000000000
152686  45.791  -34.955  -24.960 0.3000000119
153137  38.863  -36.691  -34.067 0.8000000119
153485  38.413  -11.316  -40.511 0.3000000119
153718  38.110  -9.587  -43.481 0.3000000119
154030  37.454  -38.214  -31.559 0.6999999881
154619  42.322  -26.329  -39.485 0.8999999762
154818  36.628  -29.646  -35.412 1.0000000000
154985  46.451  -35.686  -33.191 0.3000000119
155166  51.862  -31.507  -37.955 0.3000000119
155271  38.395  -31.190  -37.803 0.8999999762
155382  45.069  -36.521  -30.388 0.3000000119
155481  44.888  -35.210  -28.137 0.3000000119
155543  38.874  -9.405  -40.390 0.3000000119
155634  38.280  -9.038  -43.667 0.3000000119
156199  39.331  -33.527  -35.212 0.8000000119
156273  37.877  -9.968  -44.058 0.3000000119
156314  37.515  -38.457  -27.790 0.6000000238
156758  39.432  -3.510  -42.262 0.3000000119
156804  47.611  -33.331  -32.992 0.4000000060
156880  31.766  -48.004  -33.674 0.4000000060
158037  49.133  -30.838  -33.612 0.3000000119
158100  37.168  -36.390  -37.655 0.8000000119
158272  50.292  -29.885  -34.883 0.3000000119
158312  42.086  -20.848  -34.526 0.6000000238
158786  40.471  -10.350  -36.880 0.3000000119
158997  38.606  -31.963  -29.264 0.6000000238
159054  41.004  -26.559  -37.109 0.8000000119
159209  38.844  -38.596  -26.599 0.6999999881
