#!ascii label  , from subject ICBM2009cNolinAsym vox2ras=TkReg
920
12251  40.476  -58.432  -32.700 0.3000000119
17680  35.487  -51.371  -26.918 0.6000000238
19398  32.856  -49.027  -30.094 0.6999999881
19399  32.712  -49.802  -30.722 0.6999999881
12252  39.930  -58.603  -33.076 0.4000000060
14613  37.999  -55.212  -31.401 0.4000000060
12268  40.490  -58.381  -33.714 0.5000000000
13003  41.269  -58.221  -33.157 0.5000000000
147444  36.101  -50.859  -27.148 0.6999999881
18512  34.240  -50.228  -27.072 0.6999999881
20177  33.461  -48.587  -28.536 0.6000000238
19388  32.917  -49.095  -29.061 0.6000000238
20199  33.234  -48.321  -30.483 0.6999999881
143248  33.657  -49.420  -32.530 0.6999999881
12274  39.337  -58.046  -34.544 0.5000000000
152557  38.694  -55.165  -32.068 0.4000000060
13022  39.970  -57.563  -34.467 0.6000000238
16142  37.832  -53.824  -29.439 0.4000000060
16919  37.810  -53.177  -28.896 0.5000000000
13809  40.422  -56.564  -34.550 0.6000000238
16909  37.309  -52.532  -28.233 0.6000000238
17678  37.080  -51.681  -27.832 0.6000000238
135827  41.234  -56.022  -34.449 0.6000000238
137271  36.793  -50.884  -27.557 0.6000000238
19366  33.993  -49.381  -27.469 0.6000000238
20165  33.831  -48.829  -27.914 0.6000000238
20994  33.480  -47.602  -29.782 0.6999999881
20189  33.206  -48.373  -29.433 0.6999999881
21002  33.575  -47.575  -30.820 0.6999999881
145826  33.525  -48.383  -31.609 0.6999999881
135486  34.279  -49.373  -33.462 0.6999999881
21010  33.883  -47.594  -31.798 0.6999999881
21009  34.390  -47.618  -32.544 0.6999999881
20204  34.138  -48.472  -32.774 0.6999999881
21981  34.923  -47.210  -32.914 0.6999999881
13820  39.104  -57.188  -34.604 0.5000000000
13798  38.363  -56.157  -33.378 0.5000000000
14625  38.004  -55.844  -32.374 0.5000000000
155118  38.561  -54.143  -30.642 0.4000000060
132453  39.761  -55.759  -34.114 0.5000000000
141186  38.433  -52.731  -29.255 0.5000000000
144146  37.645  -51.774  -28.349 0.6000000238
14640  40.954  -55.166  -34.219 0.6000000238
150481  40.893  -54.684  -33.826 0.5000000000
16176  41.303  -54.157  -33.494 0.5000000000
18510  36.336  -50.156  -27.306 0.6999999881
19365  34.839  -49.427  -27.190 0.6000000238
18511  35.377  -50.319  -26.986 0.6999999881
20980  33.678  -47.827  -28.832 0.6000000238
20164  34.453  -48.724  -27.570 0.6000000238
20993  33.901  -47.010  -29.121 0.6000000238
21967  34.176  -46.378  -30.939 0.6000000238
21974  33.857  -46.973  -31.130 0.6999999881
20210  34.861  -49.016  -33.850 0.6999999881
22961  34.605  -46.101  -31.512 0.6000000238
21018  34.921  -48.148  -33.346 0.6999999881
21033  35.547  -48.671  -34.195 0.6999999881
21973  34.330  -46.829  -31.897 0.6999999881
15408  39.131  -53.949  -31.045 0.4000000060
14641  39.069  -55.966  -33.692 0.5000000000
14624  39.260  -55.089  -32.636 0.4000000060
16140  39.061  -52.792  -29.847 0.5000000000
16918  38.764  -51.961  -29.297 0.6000000238
15420  39.921  -54.802  -32.905 0.4000000060
17694  37.601  -50.929  -28.161 0.6000000238
14632  40.268  -55.088  -33.807 0.4000000060
15413  40.290  -54.105  -32.420 0.4000000060
16164  41.028  -53.715  -32.874 0.4000000060
16157  40.631  -53.287  -32.040 0.4000000060
18509  37.134  -50.098  -27.764 0.6999999881
19364  35.780  -49.423  -27.244 0.6000000238
20163  35.275  -48.663  -27.368 0.6000000238
20979  34.326  -47.433  -28.324 0.6000000238
142756  34.244  -46.129  -30.211 0.6000000238
20220  35.672  -48.705  -34.919 0.6999999881
21017  35.632  -47.810  -33.732 0.6999999881
21980  35.669  -46.835  -33.321 0.6000000238
21997  36.278  -47.425  -34.136 0.6000000238
15414  39.420  -54.506  -31.959 0.4000000060
16150  39.499  -53.225  -30.677 0.4000000060
17693  38.198  -51.454  -28.729 0.6999999881
16934  40.208  -52.861  -31.181 0.4000000060
18523  37.853  -49.965  -28.328 0.8000000119
16940  41.317  -52.844  -32.575 0.5000000000
19363  36.635  -49.384  -27.517 0.6999999881
20162  36.149  -48.669  -27.427 0.6000000238
21943  34.586  -46.606  -28.575 0.5000000000
20966  35.655  -47.901  -27.513 0.6000000238
20233  35.544  -48.351  -35.386 0.6999999881
22960  35.156  -45.475  -31.616 0.6000000238
22952  34.569  -45.749  -30.752 0.6000000238
21040  36.056  -48.109  -35.066 0.8000000119
21045  35.871  -47.811  -35.392 0.8000000119
22970  35.843  -45.808  -32.843 0.6000000238
16927  39.744  -52.432  -30.438 0.5000000000
16926  40.358  -52.017  -30.951 0.5000000000
17721  41.433  -51.019  -32.139 0.6999999881
16933  40.855  -52.423  -31.744 0.4000000060
19362  37.382  -49.263  -27.928 0.6999999881
20161  36.882  -48.721  -27.648 0.6999999881
20978  35.126  -47.176  -27.903 0.6000000238
20175  36.591  -47.998  -27.563 0.6000000238
21955  34.724  -45.767  -28.871 0.6000000238
21046  35.212  -47.563  -35.572 0.6000000238
22941  34.563  -45.627  -29.830 0.6000000238
22005  36.908  -47.050  -35.080 0.6999999881
22007  36.708  -46.818  -35.412 0.6999999881
22969  36.569  -45.179  -32.805 0.6999999881
159235  36.651  -45.850  -33.462 0.6999999881
21996  36.824  -46.977  -34.552 0.6999999881
158459  39.912  -50.958  -30.180 0.5000000000
17707  39.334  -51.223  -29.681 0.6000000238
17708  38.719  -51.144  -29.145 0.6000000238
18549  40.849  -50.564  -31.303 0.6999999881
17722  40.917  -51.522  -31.521 0.6000000238
18535  38.332  -50.624  -28.741 0.6999999881
18548  41.384  -50.287  -31.939 0.6999999881
17726  41.920  -51.397  -32.945 0.6999999881
20174  37.547  -48.320  -27.939 0.6999999881
20977  36.076  -47.134  -27.608 0.5000000000
22994  34.305  -45.701  -34.859 0.5000000000
22940  35.001  -45.095  -29.379 0.6000000238
21942  35.454  -46.222  -28.066 0.6000000238
22999  35.531  -46.117  -35.507 0.6000000238
23948  35.343  -44.359  -35.298 0.5000000000
22959  35.629  -44.730  -31.113 0.6000000238
22951  34.998  -45.132  -30.454 0.6000000238
22997  37.040  -45.996  -35.662 0.6000000238
23954  36.131  -45.600  -35.668 0.5000000000
25781  37.190  -42.914  -36.111 0.5000000000
137186  36.479  -44.470  -31.796 0.6999999881
23941  37.892  -45.120  -33.970 0.6999999881
22992  37.809  -45.847  -35.105 0.6999999881
23000  38.423  -45.095  -35.764 0.5000000000
23928  38.018  -44.477  -33.507 0.6999999881
23947  38.831  -44.816  -35.146 0.6000000238
18534  38.954  -50.460  -29.307 0.6000000238
18541  40.213  -50.395  -30.511 0.6999999881
18542  39.614  -50.362  -29.868 0.6000000238
147234  41.194  -49.145  -31.592 0.6999999881
144058  38.555  -49.788  -28.882 0.6999999881
19375  38.119  -49.093  -28.422 0.6999999881
20976  37.115  -47.348  -27.695 0.6000000238
23949  34.694  -44.977  -34.906 0.4000000060
21941  36.600  -46.415  -27.668 0.5000000000
25776  36.578  -42.367  -35.791 0.4000000060
22950  35.461  -44.556  -29.981 0.6000000238
23001  37.655  -45.267  -35.775 0.5000000000
24901  37.514  -43.860  -36.126 0.5000000000
22995  38.374  -45.240  -35.384 0.5000000000
24900  38.682  -43.982  -36.289 0.4000000060
23929  37.339  -44.661  -32.892 0.6000000238
23940  38.496  -44.721  -34.319 0.6999999881
24892  39.608  -43.854  -35.357 0.5000000000
19396  40.521  -49.849  -30.869 0.6000000238
19397  39.982  -49.529  -30.170 0.6999999881
19386  39.218  -49.646  -29.486 0.6999999881
20203  41.075  -48.434  -31.361 0.6999999881
137583  40.544  -48.169  -30.645 0.6999999881
19387  38.772  -48.958  -29.059 0.6000000238
20173  38.372  -48.274  -28.575 0.6000000238
22925  36.114  -45.368  -27.898 0.6000000238
21940  37.638  -46.736  -27.842 0.5000000000
22939  35.557  -44.684  -28.794 0.6000000238
23915  36.082  -44.158  -30.581 0.6000000238
25780  38.108  -43.085  -36.389 0.5000000000
146995  37.368  -42.012  -36.278 0.4000000060
23922  37.182  -44.060  -31.944 0.6000000238
26678  38.631  -42.336  -36.683 0.4000000060
24885  38.410  -43.983  -33.726 0.6000000238
24893  39.041  -44.133  -34.731 0.5000000000
20198  40.085  -48.600  -30.152 0.6999999881
20187  39.443  -48.824  -29.624 0.6000000238
21008  41.003  -47.591  -31.003 0.6999999881
145733  39.631  -48.073  -29.673 0.6000000238
20188  38.982  -48.184  -29.199 0.6000000238
21007  41.615  -47.872  -31.742 0.6999999881
20992  38.647  -47.571  -28.683 0.5000000000
23891  36.347  -44.396  -28.253 0.6000000238
22924  37.241  -45.832  -27.713 0.6000000238
23905  35.959  -44.084  -29.401 0.6000000238
23914  36.750  -43.828  -31.045 0.6000000238
24876  37.787  -43.808  -32.657 0.6000000238
25762  38.741  -43.427  -34.045 0.5000000000
21966  40.345  -46.757  -29.801 0.6999999881
21001  39.928  -47.417  -29.687 0.6999999881
21939  38.330  -46.239  -28.030 0.6000000238
24839  36.497  -43.668  -28.928 0.6000000238
23890  37.118  -44.524  -27.848 0.6000000238
24864  36.954  -43.210  -30.513 0.6000000238
25752  37.742  -42.872  -32.094 0.6000000238
147688  38.662  -42.496  -33.870 0.5000000000
16951  42.742  -52.828  -33.758 0.5000000000
17736  42.376  -51.764  -33.524 0.5000000000
17745  43.946  -51.543  -34.310 0.5000000000
16963  42.781  -52.039  -33.899 0.5000000000
18564  42.398  -50.951  -33.455 0.6999999881
19416  43.118  -49.710  -33.835 0.6999999881
18563  42.921  -50.594  -33.839 0.5000000000
19428  43.482  -50.330  -34.189 0.5000000000
18554  41.887  -50.439  -32.739 0.6999999881
137281  42.475  -50.146  -33.406 0.6999999881
20202  41.702  -48.831  -32.161 0.6999999881
12236  39.906  -58.336  -31.890 0.3000000119
132873  33.125  -49.145  -31.216 0.6999999881
19376  33.275  -49.355  -28.097 0.6000000238
20221  35.152  -49.229  -34.690 0.6999999881
16932  41.425  -51.922  -32.356 0.6000000238
21956  34.241  -46.268  -29.429 0.6000000238
22984  37.097  -46.254  -34.174 0.6999999881
22998  36.298  -46.375  -35.558 0.6000000238
22996  37.807  -45.669  -35.501 0.6999999881
150607  36.777  -45.103  -35.818 0.6000000238
22983  37.682  -45.827  -34.477 0.6999999881
150177  35.943  -44.705  -35.719 0.5000000000
23951  39.575  -44.255  -35.985 0.5000000000
20975  37.996  -47.548  -28.120 0.5000000000
154138  40.133  -47.939  -30.090 0.6999999881
20991  39.276  -47.488  -29.192 0.6000000238
24865  36.447  -43.641  -29.980 0.6000000238
22938  39.116  -46.327  -28.497 0.5000000000
20229  44.509  -48.740  -34.402 0.6000000238
22963  47.436  -45.903  -33.156 0.6000000238
23917  46.973  -45.173  -32.712 0.4000000060
21037  45.996  -47.183  -34.968 0.5000000000
20218  43.681  -48.732  -33.995 0.6000000238
141876  36.100  -52.962  -27.407 0.5000000000
22955  46.808  -45.167  -31.713 0.4000000060
17679  36.342  -51.567  -27.323 0.5000000000
16885  35.164  -52.107  -26.796 0.5000000000
21036  46.948  -47.299  -35.032 0.5000000000
22946  46.671  -44.881  -30.672 0.4000000060
16898  35.845  -52.217  -27.126 0.5000000000
18503  34.040  -51.105  -26.842 0.5000000000
22980  47.011  -45.475  -33.989 0.6000000238
18502  34.759  -50.911  -26.820 0.5000000000
151485  45.307  -47.052  -34.712 0.5000000000
20219  42.884  -48.912  -33.504 0.6000000238
22934  46.140  -45.035  -29.218 0.4000000060
152478  45.612  -45.064  -28.570 0.4000000060
23924  46.590  -44.629  -33.050 0.4000000060
16911  32.073  -51.924  -27.916 0.5000000000
22990  46.362  -45.894  -34.548 0.5000000000
18514  32.717  -50.766  -27.922 0.5000000000
17709  32.057  -50.939  -29.445 0.5000000000
21029  43.932  -47.750  -33.864 0.6000000238
21030  43.217  -48.154  -33.437 0.6000000238
20209  42.339  -48.914  -32.911 0.6000000238
19377  32.729  -49.823  -28.756 0.5000000000
17716  32.103  -51.137  -30.663 0.5000000000
17710  31.607  -51.732  -30.081 0.4000000060
21994  44.220  -46.726  -33.795 0.5000000000
21992  45.642  -45.704  -34.186 0.5000000000
21977  43.673  -46.367  -33.015 0.6000000238
21978  42.994  -46.867  -32.494 0.6000000238
20208  42.670  -48.392  -33.043 0.6000000238
21006  42.301  -47.346  -32.057 0.6000000238
21016  42.214  -48.185  -32.460 0.6000000238
23911  46.553  -44.282  -31.336 0.4000000060
23902  46.246  -43.997  -29.522 0.4000000060
18543  32.586  -50.628  -31.262 0.5000000000
16936  31.857  -52.608  -32.117 0.4000000060
18536  32.374  -50.386  -30.186 0.6000000238
17717  31.802  -51.970  -31.318 0.4000000060
143349  45.886  -45.055  -33.741 0.6000000238
22966  44.036  -45.467  -32.796 0.6000000238
22967  43.260  -45.955  -32.251 0.6000000238
21970  42.510  -46.434  -31.754 0.6000000238
23886  45.787  -44.341  -28.661 0.4000000060
138131  32.391  -51.371  -31.646 0.5000000000
16935  32.513  -52.108  -32.487 0.4000000060
16165  31.590  -53.520  -33.284 0.4000000060
24874  46.135  -43.881  -32.425 0.6000000238
24867  46.291  -43.757  -31.850 0.4000000060
23927  44.498  -44.498  -32.582 0.6000000238
23938  46.289  -44.831  -33.450 0.6000000238
22965  45.041  -45.120  -33.402 0.5000000000
22956  43.606  -44.997  -32.059 0.6000000238
21971  41.662  -46.888  -31.265 0.6000000238
23874  45.099  -44.704  -28.079 0.4000000060
24848  46.201  -43.415  -30.338 0.4000000060
18550  33.022  -51.116  -32.443 0.6000000238
17728  33.204  -51.863  -33.378 0.5000000000
17738  32.510  -52.688  -34.377 0.5000000000
159135  31.536  -53.586  -34.016 0.5000000000
24868  45.733  -43.165  -31.777 0.4000000060
24859  46.250  -43.515  -31.141 0.4000000060
24869  45.039  -42.894  -31.845 0.5000000000
23920  43.985  -43.979  -31.897 0.5000000000
23921  43.112  -44.520  -31.411 0.5000000000
22957  42.813  -45.505  -31.540 0.6000000238
22958  42.056  -45.945  -31.072 0.6000000238
21965  40.940  -46.812  -30.513 0.6000000238
24833  44.844  -42.230  -28.300 0.4000000060
137241  45.810  -43.497  -28.899 0.4000000060
157328  45.074  -42.887  -28.198 0.4000000060
142785  44.528  -44.033  -27.634 0.4000000060
19410  34.074  -50.076  -33.661 0.6000000238
25718  44.928  -41.755  -29.101 0.4000000060
24849  45.816  -42.849  -29.758 0.4000000060
17727  33.574  -51.527  -34.200 0.6000000238
18576  32.265  -50.897  -34.949 0.5000000000
17748  31.811  -52.301  -34.762 0.4000000060
25739  45.171  -41.997  -30.423 0.4000000060
24870  44.272  -42.970  -31.763 0.5000000000
22947  42.363  -45.049  -30.879 0.5000000000
23913  41.890  -44.609  -30.259 0.6000000238
22949  40.913  -45.988  -29.941 0.6000000238
21952  40.202  -46.090  -29.212 0.6000000238
25706  44.316  -41.963  -27.708 0.4000000060
19419  34.122  -50.299  -34.431 0.6000000238
18574  33.818  -50.866  -34.483 0.6000000238
18575  33.251  -51.024  -34.810 0.5000000000
138613  29.987  -51.081  -33.901 0.5000000000
26642  44.902  -41.576  -29.816 0.4000000060
25740  44.551  -41.838  -30.787 0.4000000060
25747  44.473  -42.277  -31.365 0.5000000000
24862  42.872  -43.017  -30.734 0.5000000000
22935  41.251  -45.090  -29.760 0.5000000000
26593  43.789  -41.767  -27.196 0.4000000060
19418  34.378  -49.667  -35.055 0.6000000238
19430  32.780  -50.250  -34.978 0.5000000000
19431  31.812  -50.079  -34.683 0.5000000000
24861  43.688  -42.490  -31.203 0.5000000000
24863  42.110  -43.627  -30.138 0.4000000060
24852  40.893  -44.049  -28.916 0.4000000060
22936  40.621  -45.369  -29.229 0.4000000060
22922  39.960  -45.466  -28.619 0.6000000238
26594  43.247  -41.089  -26.920 0.4000000060
26618  44.294  -41.309  -28.536 0.4000000060
20230  35.109  -48.993  -35.321 0.6000000238
27527  43.608  -40.648  -28.247 0.4000000060
21041  34.692  -48.128  -35.608 0.5000000000
146685  33.567  -49.076  -35.220 0.5000000000
20232  32.230  -49.423  -34.728 0.5000000000
19420  31.389  -49.433  -34.112 0.4000000060
20231  32.673  -48.787  -34.822 0.4000000060
25732  42.763  -41.646  -29.944 0.5000000000
24850  42.401  -42.587  -30.055 0.5000000000
24851  41.534  -43.202  -29.368 0.6000000238
23887  40.389  -44.748  -28.702 0.4000000060
23888  39.599  -44.727  -28.197 0.4000000060
22923  39.040  -45.539  -28.142 0.4000000060
25721  39.907  -43.174  -28.013 0.5000000000
138049  34.218  -46.324  -35.156 0.5000000000
137244  33.185  -48.231  -35.029 0.6000000238
21998  33.607  -46.795  -34.909 0.4000000060
24837  38.385  -43.717  -27.764 0.5000000000
135487  37.850  -45.148  -27.771 0.5000000000
25707  39.640  -42.368  -27.738 0.5000000000
24834  40.731  -43.227  -28.584 0.5000000000
24835  40.169  -44.004  -28.309 0.5000000000
24836  39.289  -43.903  -27.912 0.5000000000
25748  37.252  -42.634  -31.104 0.5000000000
153100  37.016  -43.913  -28.225 0.4000000060
142101  37.724  -44.219  -27.803 0.5000000000
24823  39.013  -43.095  -27.659 0.5000000000
23950  34.033  -45.283  -34.313 0.4000000060
25743  36.961  -42.474  -30.085 0.4000000060
24853  36.816  -43.115  -29.495 0.5000000000
135790  37.036  -43.210  -28.621 0.5000000000
25722  37.426  -42.732  -28.166 0.5000000000
24824  38.140  -42.951  -27.743 0.5000000000
146732  37.386  -42.010  -28.222 0.5000000000
25734  36.998  -42.383  -28.994 0.4000000060
19389  32.623  -49.715  -29.685 0.5000000000
19406  33.070  -50.076  -31.881 0.6000000238
18524  32.959  -50.154  -27.974 0.6000000238
18555  33.654  -50.503  -32.974 0.6000000238
16910  36.716  -53.089  -27.900 0.5000000000
22993  34.791  -45.813  -35.247 0.5000000000
21953  39.644  -46.748  -29.092 0.6000000238
17695  32.224  -51.169  -28.353 0.5000000000
18525  32.491  -50.502  -28.604 0.5000000000
143602  32.428  -50.257  -29.326 0.5000000000
16941  32.119  -52.945  -32.945 0.4000000060
23926  45.366  -44.177  -32.848 0.6000000238
16953  32.726  -52.597  -33.537 0.4000000060
25731  45.283  -42.113  -29.601 0.4000000060
18565  33.990  -50.849  -33.898 0.6000000238
150640  33.610  -51.230  -33.393 0.6000000238
17737  33.088  -52.204  -34.106 0.5000000000
16178  30.756  -53.381  -34.220 0.5000000000
137247  30.152  -54.114  -33.760 0.5000000000
17739  30.835  -51.218  -34.513 0.5000000000
19429  33.700  -50.356  -34.834 0.5000000000
18577  31.359  -50.669  -34.612 0.5000000000
23903  41.434  -44.233  -29.602 0.5000000000
152437  31.160  -50.063  -34.203 0.5000000000
26645  43.532  -41.419  -30.246 0.5000000000
153852  34.156  -48.718  -35.431 0.6000000238
23889  38.645  -44.561  -27.862 0.3000000119
6454  39.478  -67.143  -26.814 0.3000000119
6469  41.012  -68.321  -27.038 0.3000000119
6453  40.854  -67.691  -26.779 0.3000000119
6467  42.502  -67.505  -27.574 0.3000000119
6468  41.852  -68.134  -27.377 0.3000000119
6948  42.219  -67.375  -26.958 0.3000000119
142435  42.891  -66.957  -29.214 0.3000000119
6953  43.002  -67.012  -28.207 0.3000000119
8008  42.626  -64.539  -25.663 0.3000000119
6940  42.547  -66.584  -26.704 0.3000000119
6946  43.504  -66.295  -27.903 0.3000000119
7459  44.092  -65.637  -28.513 0.3000000119
8023  43.204  -64.994  -26.180 0.3000000119
8691  44.164  -63.808  -26.255 0.3000000119
8022  43.979  -64.601  -26.495 0.3000000119
8037  44.427  -64.926  -27.106 0.4000000060
7444  44.592  -65.041  -27.992 0.4000000060
8065  44.794  -64.314  -29.437 0.4000000060
8066  44.258  -64.121  -29.999 0.3000000119
9333  45.163  -62.469  -26.343 0.3000000119
148013  45.433  -63.666  -27.137 0.4000000060
8702  45.615  -63.838  -28.048 0.4000000060
8051  45.069  -64.447  -28.518 0.4000000060
10013  44.608  -61.970  -25.972 0.3000000119
8734  44.826  -63.594  -29.701 0.4000000060
134897  44.251  -60.918  -26.230 0.4000000060
131710  45.067  -61.064  -26.059 0.4000000060
8735  44.250  -63.430  -29.957 0.4000000060
9356  44.240  -62.703  -29.975 0.3000000119
9332  46.043  -62.139  -26.648 0.4000000060
8717  46.255  -62.773  -28.675 0.4000000060
132375  46.254  -60.476  -25.716 0.4000000060
9368  46.348  -62.175  -29.326 0.5000000000
8733  45.589  -63.016  -29.439 0.4000000060
134910  41.671  -57.303  -34.176 0.5000000000
132178  45.379  -60.095  -25.991 0.4000000060
9369  44.883  -62.900  -29.941 0.4000000060
12217  40.426  -58.060  -30.993 0.3000000119
12985  41.721  -58.047  -32.119 0.4000000060
11431  42.360  -60.274  -28.746 0.3000000119
149741  37.164  -53.321  -28.408 0.4000000060
16124  36.295  -53.521  -27.721 0.4000000060
16163  41.770  -53.293  -33.273 0.4000000060
136522  42.268  -53.282  -33.591 0.4000000060
16175  41.901  -53.943  -33.654 0.4000000060
132207  46.806  -61.064  -26.270 0.4000000060
9341  46.705  -61.945  -27.032 0.3000000119
9355  46.816  -62.138  -28.008 0.5000000000
140468  41.843  -55.381  -34.099 0.4000000060
132059  46.696  -59.581  -25.379 0.4000000060
12986  40.825  -58.214  -31.954 0.4000000060
10065  44.900  -62.202  -30.197 0.4000000060
13020  42.624  -57.280  -33.554 0.5000000000
10053  43.918  -61.751  -29.775 0.5000000000
12984  42.668  -57.964  -32.086 0.4000000060
12969  41.315  -58.012  -31.172 0.4000000060
10753  43.060  -60.951  -29.157 0.3000000119
12216  41.928  -58.329  -30.444 0.4000000060
16113  35.318  -52.917  -26.863 0.4000000060
16939  41.889  -52.303  -33.090 0.4000000060
131709  47.379  -59.942  -25.608 0.4000000060
152026  47.383  -61.341  -27.059 0.4000000060
16174  42.630  -53.735  -33.737 0.4000000060
14639  42.548  -55.139  -33.909 0.5000000000
149931  47.969  -60.671  -27.042 0.4000000060
10051  47.414  -61.333  -28.380 0.4000000060
144627  43.294  -55.354  -33.777 0.5000000000
132260  48.328  -59.677  -26.309 0.4000000060
10751  48.197  -59.442  -28.219 0.4000000060
10062  47.465  -60.619  -29.322 0.4000000060
10761  46.286  -61.007  -30.473 0.5000000000
10762  45.158  -60.446  -30.876 0.5000000000
16173  43.617  -53.942  -33.768 0.4000000060
13806  43.642  -56.171  -33.591 0.5000000000
11429  48.280  -57.908  -26.622 0.4000000060
10752  43.945  -60.790  -29.985 0.5000000000
13797  43.354  -57.257  -33.199 0.4000000060
11445  43.792  -59.996  -30.086 0.4000000060
12193  43.386  -59.305  -30.239 0.4000000060
12215  42.870  -58.627  -30.612 0.4000000060
142556  43.507  -58.044  -31.924 0.4000000060
141970  43.195  -53.138  -33.850 0.4000000060
142968  44.759  -51.612  -34.373 0.3000000119
11444  46.999  -59.856  -30.181 0.4000000060
156791  43.706  -54.809  -33.700 0.4000000060
142266  30.971  -53.929  -33.630 0.4000000060
12948  46.681  -57.240  -28.068 0.4000000060
12174  47.534  -57.631  -28.135 0.4000000060
11453  45.803  -59.707  -30.951 0.5000000000
11454  44.483  -59.635  -30.726 0.5000000000
15426  44.553  -54.629  -33.573 0.5000000000
13795  44.502  -56.445  -33.146 0.4000000060
135628  47.311  -57.525  -29.116 0.4000000060
13000  44.057  -57.512  -32.723 0.4000000060
12233  44.159  -58.536  -31.533 0.4000000060
12983  44.177  -58.013  -32.116 0.4000000060
145496  44.254  -50.167  -34.442 0.4000000060
16950  43.991  -53.026  -33.908 0.3000000119
150076  47.440  -58.191  -29.450 0.4000000060
12192  46.673  -58.991  -30.415 0.4000000060
16949  45.079  -52.926  -33.928 0.3000000119
12959  47.297  -57.490  -29.964 0.4000000060
12191  47.007  -58.266  -30.289 0.4000000060
12213  46.061  -58.681  -31.187 0.4000000060
138604  45.184  -59.234  -31.334 0.5000000000
13754  47.203  -56.562  -29.575 0.4000000060
13753  47.449  -56.223  -30.328 0.4000000060
12968  45.766  -58.247  -31.704 0.4000000060
12982  45.051  -57.806  -32.217 0.4000000060
14631  45.296  -56.036  -32.955 0.4000000060
19427  43.918  -49.536  -34.292 0.4000000060
12212  46.563  -58.053  -31.084 0.4000000060
8053  39.343  -64.313  -29.063 0.3000000119
8673  42.805  -63.719  -25.522 0.3000000119
9319  44.192  -62.909  -25.974 0.3000000119
134471  43.883  -61.647  -25.909 0.4000000060
132142  46.209  -59.024  -25.649 0.4000000060
131712  47.530  -58.871  -25.278 0.4000000060
12163  45.277  -58.545  -26.594 0.4000000060
12935  45.849  -57.266  -27.446 0.4000000060
17744  45.710  -51.376  -34.436 0.3000000119
13743  46.339  -56.106  -28.702 0.4000000060
19425  45.267  -49.957  -34.585 0.4000000060
17734  46.608  -51.964  -34.147 0.4000000060
16171  45.929  -53.630  -33.654 0.4000000060
15407  46.797  -54.939  -29.922 0.4000000060
13766  47.152  -57.210  -30.993 0.4000000060
13782  46.496  -56.934  -31.969 0.4000000060
13781  46.912  -56.261  -32.205 0.4000000060
15418  46.555  -54.907  -33.116 0.3000000119
14637  45.465  -55.233  -33.223 0.4000000060
15406  47.632  -55.043  -30.618 0.4000000060
13808  42.216  -56.429  -34.121 0.4000000060
19426  44.775  -49.374  -34.514 0.4000000060
5878  40.290  -68.880  -27.465 0.3000000119
6452  41.495  -67.667  -26.789 0.3000000119
6475  42.356  -67.745  -28.462 0.3000000119
7472  39.376  -65.170  -30.510 0.3000000119
8070  39.937  -64.824  -29.992 0.3000000119
6947  42.885  -66.881  -27.331 0.3000000119
8007  43.419  -64.207  -25.983 0.3000000119
7434  43.687  -65.380  -26.747 0.4000000060
7458  44.569  -64.980  -29.013 0.4000000060
8021  44.754  -64.186  -26.768 0.3000000119
8690  44.921  -63.362  -26.503 0.3000000119
8036  45.064  -64.403  -27.542 0.4000000060
8718  45.366  -63.802  -29.048 0.4000000060
138590  43.570  -60.319  -26.569 0.4000000060
10063  46.730  -61.447  -29.725 0.4000000060
10052  44.983  -61.396  -30.503 0.5000000000
151526  43.017  -59.567  -29.654 0.3000000119
12162  46.805  -58.172  -26.046 0.4000000060
12214  43.857  -58.943  -30.896 0.4000000060
13794  45.963  -56.490  -32.508 0.4000000060
20225  48.206  -47.995  -34.269 0.4000000060
20226  47.916  -48.217  -34.630 0.4000000060
21004  47.695  -47.660  -32.562 0.4000000060
135956  47.552  -46.651  -32.672 0.3000000119
21027  48.138  -47.101  -34.138 0.5000000000
141890  46.152  -48.148  -34.933 0.4000000060
17667  42.078  -51.575  -26.977 0.3000000119
17677  42.544  -51.420  -27.551 0.3000000119
20974  44.019  -47.687  -28.780 0.3000000119
20989  45.145  -47.219  -29.711 0.3000000119
21951  45.350  -46.455  -29.223 0.3000000119
21949  46.505  -45.391  -30.027 0.3000000119
19374  42.992  -50.027  -28.119 0.3000000119
19373  43.273  -49.183  -28.346 0.3000000119
20160  43.015  -48.413  -27.931 0.3000000119
17668  41.629  -51.782  -26.413 0.3000000119
18501  41.585  -50.480  -26.537 0.3000000119
20973  44.639  -47.049  -28.980 0.3000000119
22921  45.156  -45.435  -28.353 0.3000000119
19361  42.672  -49.223  -27.699 0.3000000119
20965  42.750  -47.563  -27.499 0.3000000119
21938  44.041  -46.935  -28.325 0.3000000119
20144  41.130  -48.321  -26.067 0.3000000119
20153  41.785  -48.402  -26.747 0.3000000119
20955  42.225  -47.070  -26.918 0.3000000119
20946  41.019  -47.267  -25.880 0.3000000119
21920  41.619  -46.638  -26.363 0.3000000119
19343  41.010  -49.283  -26.012 0.3000000119
22914  43.262  -46.095  -27.367 0.3000000119
22913  43.819  -45.390  -27.542 0.3000000119
24822  43.881  -43.493  -27.199 0.3000000119
20947  40.499  -47.890  -25.357 0.3000000119
21929  42.791  -46.729  -27.289 0.3000000119
23860  42.912  -44.558  -26.829 0.3000000119
22904  41.656  -45.647  -26.191 0.3000000119
21919  42.415  -46.075  -26.840 0.3000000119
22889  41.683  -44.705  -25.992 0.3000000119
24811  43.912  -42.559  -27.159 0.3000000119
23875  43.678  -44.494  -27.257 0.3000000119
24812  43.265  -42.982  -26.713 0.3000000119
25695  43.313  -42.088  -26.644 0.3000000119
26603  43.794  -41.181  -27.735 0.3000000119
26595  42.578  -40.574  -26.095 0.3000000119
27517  42.252  -39.726  -26.061 0.3000000119
27516  42.834  -40.160  -27.032 0.3000000119
21005  47.169  -47.013  -31.837 0.3000000119
21013  48.086  -47.513  -33.381 0.4000000060
21950  46.014  -45.899  -29.547 0.3000000119
151697  44.353  -44.824  -27.683 0.3000000119
21012  48.289  -48.318  -33.554 0.5000000000
18500  42.131  -50.761  -27.123 0.3000000119
20964  43.449  -47.640  -28.151 0.3000000119
20990  44.503  -47.802  -29.431 0.3000000119
20988  45.798  -46.637  -29.975 0.3000000119
21963  46.360  -46.136  -30.318 0.3000000119
20152  42.380  -48.445  -27.331 0.3000000119
19353  41.502  -49.699  -26.504 0.3000000119
21927  43.994  -46.169  -27.870 0.3000000119
141415  42.141  -47.812  -27.014 0.3000000119
21907  40.882  -46.195  -25.670 0.3000000119
22890  41.057  -45.192  -25.573 0.3000000119
22902  43.074  -45.282  -27.074 0.3000000119
154717  39.948  -46.817  -24.650 0.3000000119
22903  42.351  -45.066  -26.554 0.3000000119
15424  46.588  -54.206  -33.353 0.3000000119
15417  47.397  -54.350  -32.938 0.4000000060
16931  48.159  -52.915  -31.660 0.4000000060
16930  48.379  -52.341  -32.465 0.4000000060
141985  47.679  -51.658  -33.964 0.3000000119
17719  48.265  -51.325  -32.316 0.4000000060
17720  47.424  -51.336  -31.602 0.3000000119
16947  47.467  -52.533  -33.646 0.4000000060
17725  48.424  -51.417  -32.977 0.4000000060
18546  47.702  -50.563  -31.966 0.3000000119
17742  47.787  -50.932  -34.196 0.3000000119
17724  48.398  -50.803  -33.256 0.4000000060
18545  48.176  -50.549  -32.535 0.4000000060
148441  47.902  -49.530  -34.360 0.3000000119
19415  48.266  -49.590  -33.821 0.4000000060
145480  48.005  -49.167  -32.777 0.4000000060
18570  47.281  -50.249  -34.511 0.3000000119
151117  47.240  -49.428  -34.651 0.3000000119
144847  45.734  -49.108  -34.687 0.3000000119
18571  46.029  -50.548  -34.584 0.3000000119
18552  48.352  -50.170  -33.297 0.4000000060
16938  48.080  -52.979  -32.990 0.4000000060
132593  43.054  -61.228  -26.092 0.3000000119
14630  47.173  -55.774  -32.335 0.3000000119
10688  40.236  -60.384  -22.779 0.3000000119
9993  40.554  -61.176  -23.701 0.3000000119
10015  41.794  -61.273  -25.773 0.3000000119
131711  42.329  -60.704  -26.367 0.3000000119
15412  47.967  -54.256  -32.245 0.3000000119
157485  47.832  -55.385  -31.182 0.3000000119
132802  39.659  -59.186  -22.352 0.3000000119
131716  39.984  -60.274  -25.080 0.3000000119
131729  39.475  -59.909  -23.737 0.3000000119
131714  42.196  -59.995  -26.708 0.3000000119
10738  44.620  -59.408  -26.639 0.3000000119
16156  48.159  -53.885  -31.557 0.3000000119
12859  41.144  -58.019  -20.897 0.3000000119
131736  39.257  -59.269  -23.186 0.3000000119
12099  40.478  -58.363  -21.327 0.3000000119
131718  40.694  -59.727  -26.047 0.3000000119
131721  39.608  -59.641  -24.885 0.3000000119
11415  43.097  -59.379  -26.898 0.3000000119
131742  39.175  -58.474  -22.662 0.3000000119
12114  39.121  -58.597  -23.715 0.3000000119
12150  41.052  -59.081  -26.237 0.3000000119
12135  39.777  -58.926  -25.244 0.3000000119
12147  43.871  -58.649  -26.984 0.3000000119
12936  45.695  -57.867  -26.937 0.3000000119
12934  45.929  -56.608  -27.964 0.3000000119
12860  40.147  -57.559  -21.171 0.3000000119
12148  42.635  -58.524  -26.742 0.3000000119
12149  41.646  -58.409  -26.274 0.3000000119
12916  44.470  -57.915  -27.021 0.3000000119
143014  47.640  -54.230  -30.846 0.3000000119
12877  39.037  -57.704  -23.186 0.3000000119
12867  39.256  -57.493  -22.040 0.3000000119
12122  39.409  -58.367  -24.572 0.3000000119
12134  40.640  -58.381  -25.716 0.3000000119
134093  43.282  -57.798  -26.635 0.3000000119
148783  45.237  -56.758  -27.370 0.3000000119
14599  46.723  -55.620  -29.473 0.3000000119
145634  46.988  -54.416  -30.276 0.3000000119
16147  47.504  -53.328  -31.000 0.3000000119
13793  46.434  -55.738  -32.730 0.3000000119
12888  39.675  -57.577  -24.667 0.3000000119
156768  42.326  -57.839  -26.287 0.3000000119
145847  44.572  -56.433  -26.874 0.3000000119
14584  45.635  -55.279  -28.694 0.3000000119
132216  41.268  -60.426  -26.175 0.3000000119
10701  39.975  -60.521  -23.480 0.3000000119
10709  40.098  -60.723  -24.342 0.3000000119
6952  43.533  -66.251  -29.183 0.3000000119
7445  43.973  -65.599  -27.496 0.3000000119
7446  43.307  -66.144  -27.041 0.4000000060
7470  44.062  -65.363  -29.629 0.4000000060
7488  40.046  -65.472  -31.246 0.3000000119
8689  45.577  -62.946  -26.788 0.4000000060
10014  43.691  -62.298  -25.651 0.3000000119
10016  40.669  -60.946  -25.273 0.3000000119
10064  45.817  -61.857  -30.257 0.4000000060
10750  48.117  -60.376  -27.812 0.4000000060
10754  42.205  -60.991  -28.547 0.3000000119
11430  43.077  -60.171  -29.375 0.4000000060
11443  47.775  -58.603  -28.936 0.4000000060
12123  39.302  -59.092  -24.475 0.3000000119
12175  46.862  -57.610  -27.065 0.4000000060
12194  42.543  -58.948  -29.870 0.4000000060
12232  45.056  -58.501  -31.741 0.4000000060
12234  43.240  -58.305  -31.327 0.4000000060
12235  42.270  -58.108  -31.280 0.4000000060
12269  39.925  -58.521  -34.150 0.6000000238
12270  39.462  -58.951  -33.680 0.4000000060
12866  39.733  -58.381  -21.799 0.3000000119
12889  39.207  -57.845  -24.023 0.3000000119
12902  40.464  -57.500  -25.274 0.3000000119
12981  45.561  -57.157  -32.360 0.4000000060
12998  45.177  -56.666  -32.725 0.4000000060
12999  44.691  -57.117  -32.740 0.4000000060
13001  43.205  -57.678  -32.673 0.4000000060
13002  42.171  -57.793  -33.003 0.5000000000
13021  40.848  -57.752  -34.245 0.5000000000
13033  38.622  -57.756  -34.680 0.5000000000
13642  41.175  -57.113  -20.717 0.3000000119
13731  45.093  -56.115  -27.492 0.3000000119
13765  47.277  -56.417  -31.400 0.3000000119
13796  43.894  -56.929  -33.241 0.4000000060
13807  43.087  -56.706  -33.687 0.5000000000
13810  39.436  -56.499  -34.382 0.5000000000
13811  38.726  -56.535  -34.133 0.5000000000
13821  38.452  -57.048  -34.505 0.5000000000
14611  47.658  -55.768  -30.891 0.4000000060
14612  47.323  -55.529  -30.197 0.4000000060
14623  47.548  -55.697  -31.729 0.3000000119
14633  39.492  -55.371  -33.351 0.4000000060
14634  38.798  -55.593  -32.910 0.5000000000
14638  44.333  -55.544  -33.441 0.4000000060
15397  38.212  -54.022  -30.037 0.4000000060
15409  38.624  -54.582  -31.288 0.4000000060
15419  40.652  -54.459  -33.266 0.5000000000
15425  45.636  -54.419  -33.472 0.4000000060
15427  42.935  -54.577  -33.807 0.4000000060
15428  42.155  -54.566  -33.796 0.4000000060
15429  41.452  -54.652  -33.863 0.6000000238
16134  36.676  -53.751  -28.211 0.4000000060
16141  38.385  -53.368  -29.592 0.5000000000
16151  38.824  -53.589  -30.274 0.4000000060
16155  48.219  -53.383  -32.274 0.4000000060
16158  39.879  -53.666  -31.529 0.4000000060
16159  31.402  -53.294  -32.269 0.4000000060
16162  47.936  -53.751  -32.789 0.3000000119
16170  47.204  -53.521  -33.367 0.3000000119
16172  44.757  -53.761  -33.713 0.3000000119
16177  31.689  -53.069  -34.471 0.5000000000
16897  36.588  -52.350  -27.605 0.5000000000
16908  38.044  -52.280  -28.773 0.6000000238
16917  39.390  -52.027  -29.863 0.6000000238
16946  48.225  -52.044  -33.305 0.4000000060
16948  46.293  -52.802  -33.849 0.4000000060
16952  42.348  -52.588  -33.519 0.4000000060
16954  32.175  -53.218  -33.821 0.4000000060
16955  30.981  -52.565  -34.614 0.5000000000
16960  45.425  -52.152  -34.210 0.3000000119
16961  44.350  -52.238  -34.184 0.3000000119
16962  43.375  -52.305  -34.082 0.5000000000
16964  30.391  -51.862  -34.452 0.5000000000
17669  34.654  -51.605  -26.710 0.5000000000
17715  39.880  -51.644  -30.273 0.5000000000
17733  48.242  -51.106  -33.623 0.4000000060
17735  42.820  -51.310  -33.874 0.5000000000
17743  46.905  -51.144  -34.404 0.3000000119
17746  43.256  -51.499  -34.147 0.5000000000
17747  32.696  -51.817  -34.729 0.5000000000
17749  31.126  -51.899  -34.771 0.5000000000
18493  41.060  -50.149  -25.996 0.3000000119
18508  42.694  -50.688  -27.774 0.3000000119
18513  33.335  -50.712  -27.352 0.5000000000
18553  48.430  -50.747  -32.890 0.4000000060
18562  48.303  -50.440  -33.599 0.4000000060
18566  30.664  -50.506  -34.037 0.5000000000
18569  48.132  -50.340  -34.073 0.3000000119
18572  43.742  -50.890  -34.330 0.5000000000
18573  43.219  -50.941  -34.100 0.5000000000
19352  42.005  -49.257  -27.031 0.3000000119
19401  47.839  -49.874  -32.394 0.4000000060
19404  41.554  -49.674  -32.121 0.6999999881
19405  41.015  -49.755  -31.453 0.6999999881
19408  48.275  -49.987  -32.894 0.4000000060
19409  42.086  -49.593  -32.809 0.6999999881
19417  42.561  -49.478  -33.345 0.6000000238
19423  48.143  -48.768  -34.276 0.4000000060
19424  46.378  -49.692  -34.679 0.3000000119
20172  43.596  -48.405  -28.579 0.3000000119
20176  34.063  -48.202  -28.098 0.6000000238
20197  40.622  -49.061  -30.890 0.6000000238
20206  48.320  -49.188  -33.351 0.5000000000
20207  48.092  -48.381  -33.062 0.4000000060
20217  48.342  -48.608  -33.871 0.4000000060
20222  34.519  -49.657  -34.290 0.6000000238
20227  47.272  -48.125  -34.944 0.4000000060
20228  45.250  -48.653  -34.627 0.4000000060
20956  41.639  -47.584  -26.514 0.3000000119
20967  34.787  -47.972  -27.695 0.6000000238
20998  46.217  -46.773  -30.605 0.3000000119
21000  40.465  -47.443  -30.305 0.6999999881
21014  43.455  -47.279  -33.241 0.6000000238
21015  42.794  -47.718  -32.789 0.6000000238
21026  48.349  -47.890  -33.878 0.4000000060
21028  44.625  -47.335  -34.374 0.6000000238
21031  36.488  -47.636  -34.823 0.6999999881
21032  36.043  -48.170  -34.528 0.8000000119
21035  47.792  -47.519  -34.711 0.4000000060
21038  45.166  -47.890  -34.648 0.5000000000
21039  44.381  -48.112  -34.273 0.6000000238
21042  33.733  -47.689  -35.327 0.6000000238
21044  36.384  -47.512  -35.232 0.8000000119
21928  43.376  -46.857  -27.748 0.3000000119
21936  45.566  -45.697  -28.843 0.4000000060
21937  44.782  -46.187  -28.476 0.3000000119
21954  38.900  -46.913  -28.625 0.6000000238
21957  33.811  -46.778  -30.189 0.6000000238
21962  46.679  -46.473  -31.091 0.3000000119
21964  41.432  -46.234  -30.638 0.6000000238
21969  46.999  -46.114  -31.783 0.4000000060
21972  35.024  -46.314  -32.380 0.6000000238
21976  47.842  -46.623  -33.498 0.4000000060
21979  36.444  -46.560  -33.758 0.6999999881
21990  47.444  -46.655  -34.624 0.5000000000
21991  46.981  -45.899  -34.433 0.6000000238
21993  45.031  -46.504  -34.383 0.5000000000
21995  37.370  -46.498  -34.861 0.6999999881
22002  46.643  -46.483  -34.854 0.5000000000
22003  45.827  -46.425  -34.717 0.5000000000
22004  37.306  -46.362  -35.283 0.6999999881
22006  34.312  -47.147  -35.499 0.5000000000
22008  35.887  -47.057  -35.515 0.8000000119
22009  34.934  -46.652  -35.500 0.5000000000
22891  40.563  -45.542  -25.163 0.3000000119
22912  44.560  -45.467  -27.964 0.3000000119
22926  35.294  -45.370  -28.508 0.6000000238
22933  46.532  -44.698  -29.907 0.4000000060
22937  39.610  -46.066  -28.689 0.4000000060
22948  41.642  -45.499  -30.418 0.6000000238
22954  47.166  -45.794  -32.425 0.4000000060
22964  47.103  -45.317  -33.488 0.4000000060
22968  37.256  -45.507  -33.639 0.6999999881
22979  47.528  -46.059  -33.982 0.6000000238
22981  46.483  -45.358  -34.055 0.5000000000
22982  44.320  -45.918  -33.410 0.5000000000
22991  38.278  -45.347  -34.774 0.6999999881
23849  41.108  -44.288  -25.357 0.3000000119
23873  45.253  -43.609  -28.204 0.4000000060
23901  46.511  -44.127  -30.441 0.4000000060
23904  40.924  -44.715  -29.230 0.4000000060
23912  42.609  -44.058  -30.793 0.4000000060
23918  46.549  -44.434  -32.215 0.4000000060
23919  44.849  -43.530  -32.317 0.5000000000
23925  46.000  -44.219  -32.946 0.6000000238
23937  46.727  -45.103  -33.635 0.4000000060
23939  45.778  -44.604  -33.322 0.6000000238
23946  39.388  -44.328  -35.568 0.5000000000
23952  38.985  -44.729  -35.710 0.5000000000
23953  36.627  -44.241  -35.884 0.5000000000
23955  35.328  -45.227  -35.456 0.5000000000
23958  38.172  -44.665  -36.035 0.5000000000
24821  44.624  -42.973  -27.695 0.4000000060
24832  45.374  -42.688  -28.804 0.4000000060
24838  37.570  -43.456  -27.988 0.5000000000
24860  45.748  -42.774  -30.885 0.4000000060
24871  43.395  -43.461  -31.358 0.5000000000
24872  37.294  -43.411  -31.540 0.6000000238
24875  45.547  -43.596  -32.348 0.6000000238
24896  39.916  -43.854  -35.872 0.5000000000
24897  36.591  -43.333  -35.863 0.5000000000
24898  35.929  -43.818  -35.627 0.5000000000
25733  41.952  -42.108  -29.423 0.5000000000
25741  43.938  -41.794  -30.859 0.5000000000
25742  43.184  -42.054  -30.600 0.5000000000
25746  45.125  -42.388  -31.279 0.4000000060
25771  39.345  -43.319  -34.742 0.5000000000
26604  43.330  -40.567  -27.631 0.3000000119
26634  44.400  -41.224  -29.461 0.4000000060
131715  41.369  -59.689  -26.457 0.3000000119
131717  40.461  -60.241  -25.671 0.3000000119
131720  39.639  -60.121  -24.418 0.3000000119
131722  40.062  -59.685  -25.513 0.3000000119
131728  39.717  -60.361  -23.997 0.3000000119
131730  39.394  -59.629  -24.295 0.3000000119
131735  39.722  -59.907  -22.911 0.3000000119
131741  40.365  -59.013  -21.712 0.3000000119
132162  45.664  -61.459  -26.203 0.4000000060
132172  42.072  -57.649  -20.668 0.3000000119
132224  41.933  -59.178  -26.691 0.3000000119
132279  41.012  -58.084  -30.242 0.4000000060
132648  35.872  -45.031  -32.087 0.6999999881
134432  40.393  -59.163  -25.787 0.3000000119
134712  36.896  -45.040  -27.747 0.6000000238
135634  46.867  -56.879  -28.832 0.4000000060
137169  41.475  -48.993  -26.482 0.3000000119
137413  39.958  -58.145  -25.121 0.3000000119
137447  42.390  -49.998  -27.455 0.3000000119
137994  47.746  -60.533  -26.271 0.4000000060
138118  39.226  -59.312  -23.889 0.3000000119
138307  48.092  -52.064  -31.787 0.4000000060
138881  40.388  -46.972  -25.230 0.3000000119
139567  33.528  -49.943  -27.524 0.6999999881
140169  41.911  -50.039  -26.939 0.3000000119
140294  41.723  -51.138  -26.618 0.3000000119
140938  33.293  -49.655  -35.038 0.5000000000
141555  47.419  -55.144  -32.421 0.3000000119
142124  31.422  -52.733  -31.479 0.4000000060
143555  47.976  -54.872  -31.514 0.3000000119
143988  43.134  -43.837  -26.798 0.3000000119
144407  31.676  -51.478  -34.871 0.5000000000
145363  46.747  -48.875  -34.812 0.3000000119
145562  46.132  -57.687  -31.854 0.4000000060
145892  40.387  -51.181  -30.753 0.5000000000
147373  47.619  -48.805  -34.647 0.4000000060
147571  45.904  -63.333  -28.615 0.4000000060
148172  37.345  -44.656  -35.942 0.5000000000
150243  38.324  -47.009  -28.247 0.5000000000
151063  40.457  -55.644  -34.345 0.6000000238
152466  42.760  -55.866  -33.949 0.5000000000
153735  45.481  -62.432  -29.927 0.4000000060
153991  44.919  -57.247  -27.099 0.3000000119
154644  44.739  -50.859  -34.502 0.4000000060
155286  46.159  -62.924  -27.554 0.3000000119
155320  44.832  -45.981  -33.875 0.5000000000
155866  43.046  -50.652  -28.190 0.3000000119
155933  39.987  -65.163  -30.610 0.3000000119
158567  44.348  -64.722  -29.781 0.4000000060
