#!ascii label  , from subject ICBM2009cNolinAsym vox2ras=TkReg
1769
26566  30.975  -41.091  -23.276 0.8999999762
137982  30.546  -41.988  -22.910 0.8000000119
26565  31.226  -41.890  -23.788 0.8000000119
24775  30.785  -43.656  -23.865 0.6999999881
24788  30.941  -43.700  -24.665 0.8000000119
26550  30.287  -41.078  -22.548 0.8999999762
135293  31.517  -40.988  -24.240 1.0000000000
26577  31.492  -41.821  -24.694 0.8999999762
25685  31.412  -42.439  -25.201 0.8000000119
25686  31.164  -42.995  -25.801 0.8000000119
25697  31.381  -42.311  -25.880 0.8999999762
23862  30.525  -44.381  -26.118 0.8000000119
23876  30.392  -43.948  -26.871 0.6999999881
23877  29.832  -44.497  -27.500 0.6999999881
27467  28.878  -40.269  -21.944 0.8000000119
27466  29.900  -40.280  -22.298 0.8999999762
28346  30.353  -39.443  -22.577 0.8999999762
28347  29.520  -39.522  -22.232 0.8999999762
135405  26.911  -40.066  -22.269 0.8999999762
27480  31.282  -40.269  -23.551 0.8999999762
27495  31.684  -40.039  -24.337 1.0000000000
26585  31.533  -41.778  -25.520 0.8999999762
153579  31.621  -40.548  -26.577 1.0000000000
26609  31.415  -41.189  -26.840 0.8999999762
25698  31.137  -42.484  -26.514 0.8999999762
144172  30.807  -43.187  -26.642 0.8000000119
29299  30.970  -38.770  -22.897 0.8999999762
155885  29.881  -39.075  -22.380 0.8999999762
29277  29.353  -38.743  -22.282 0.8999999762
29279  27.806  -38.919  -22.272 0.8999999762
28349  27.002  -39.354  -22.396 0.8999999762
28361  31.071  -39.558  -23.133 0.8999999762
28360  31.483  -39.614  -23.736 0.8999999762
27507  31.770  -40.513  -25.119 1.0000000000
26610  30.948  -41.239  -27.625 0.8000000119
147344  30.462  -43.261  -27.321 0.8000000119
24840  29.604  -43.193  -28.514 0.8000000119
24841  29.052  -42.727  -29.183 0.8000000119
143855  28.894  -43.610  -29.044 0.8000000119
24854  28.233  -43.084  -29.598 0.8000000119
30310  28.946  -38.001  -22.296 0.8999999762
29280  27.017  -38.514  -22.566 0.8999999762
29300  26.265  -38.164  -22.974 0.8999999762
30334  30.841  -37.942  -22.730 0.8999999762
157830  26.933  -37.807  -22.761 0.8999999762
30336  26.388  -37.372  -23.190 0.8000000119
29301  25.458  -38.639  -23.285 0.8000000119
29298  31.475  -38.959  -23.581 0.8999999762
31373  26.583  -36.580  -23.382 0.6999999881
30337  25.652  -37.718  -23.512 0.6999999881
138071  24.682  -37.633  -24.400 0.6999999881
29313  31.870  -38.453  -24.230 0.8999999762
30351  24.688  -37.012  -24.713 0.6999999881
30362  24.140  -36.903  -25.259 0.6999999881
148995  32.164  -38.152  -25.026 1.0000000000
136551  23.807  -36.385  -25.340 0.6000000238
28381  31.946  -39.583  -25.193 1.0000000000
135352  32.127  -38.762  -25.716 1.0000000000
141440  31.847  -40.169  -25.954 1.0000000000
27535  31.331  -40.518  -27.302 1.0000000000
28409  31.704  -39.816  -26.809 1.0000000000
28410  31.259  -39.785  -27.696 0.8999999762
27536  30.780  -40.482  -28.081 0.8000000119
26624  30.294  -41.264  -28.366 0.8000000119
25724  29.787  -42.172  -28.626 0.8000000119
26639  28.885  -41.121  -29.551 0.8000000119
147384  28.419  -42.345  -29.595 0.8000000119
26640  28.211  -41.649  -29.806 0.8000000119
27559  28.104  -40.750  -30.047 0.8000000119
26641  27.300  -41.420  -30.319 0.8000000119
30309  30.149  -37.843  -22.481 0.8999999762
135041  27.871  -37.868  -22.405 0.8999999762
145606  29.557  -37.494  -22.390 0.8999999762
135432  28.738  -37.217  -22.370 0.8999999762
31372  27.338  -36.348  -22.971 0.8999999762
30333  31.504  -38.130  -23.412 0.8999999762
31374  25.820  -36.880  -23.768 0.6999999881
30349  32.086  -37.379  -24.237 0.8999999762
31395  26.006  -35.905  -24.004 0.6000000238
31396  24.607  -36.274  -24.878 0.6000000238
31405  32.455  -36.778  -25.008 1.0000000000
135078  23.867  -35.877  -24.965 0.5000000000
29324  32.261  -38.019  -25.753 1.0000000000
32405  23.881  -35.270  -24.146 0.5000000000
29339  32.172  -38.236  -26.456 1.0000000000
141698  31.927  -38.984  -26.627 1.0000000000
29353  31.809  -38.407  -27.368 1.0000000000
146540  31.598  -39.196  -27.310 1.0000000000
28419  30.654  -39.642  -28.458 0.8999999762
28420  29.958  -39.461  -29.181 0.8999999762
27548  30.008  -40.403  -28.857 0.8000000119
27549  29.364  -40.669  -29.341 0.8000000119
29369  29.857  -38.713  -29.472 0.8999999762
28430  29.087  -39.190  -29.783 0.8000000119
29381  29.289  -38.130  -29.993 0.8999999762
28431  28.248  -39.373  -30.205 0.8000000119
28435  26.585  -39.756  -30.859 0.8000000119
29387  26.533  -38.791  -30.997 0.8000000119
137088  25.871  -39.314  -31.408 0.8000000119
30311  27.954  -36.846  -22.551 0.8999999762
31347  30.412  -37.085  -22.539 0.8999999762
156728  30.932  -35.644  -22.701 0.8999999762
32368  27.532  -35.507  -23.035 0.6999999881
138622  26.826  -35.911  -23.425 0.8000000119
31370  31.829  -36.421  -23.566 0.8999999762
31371  31.134  -36.352  -22.815 0.8999999762
32402  26.088  -35.076  -23.993 0.6999999881
32404  24.835  -35.620  -24.576 0.6000000238
31406  24.331  -35.894  -24.921 0.6000000238
33368  25.805  -34.555  -23.986 0.6999999881
33369  25.054  -34.841  -24.198 0.6000000238
32424  24.446  -35.429  -24.515 0.5000000000
30361  32.370  -37.418  -25.362 1.0000000000
33370  24.485  -34.828  -24.049 0.5000000000
135910  23.996  -34.327  -23.644 0.5000000000
30375  32.379  -37.509  -26.209 1.0000000000
30376  32.214  -37.649  -26.993 1.0000000000
30388  31.823  -37.555  -27.747 1.0000000000
29367  31.298  -38.132  -28.245 1.0000000000
29368  30.598  -38.697  -28.826 0.8999999762
31430  32.253  -36.180  -27.636 1.0000000000
30402  31.349  -37.235  -28.533 0.8999999762
134795  30.838  -37.875  -28.868 0.8999999762
29380  30.225  -38.011  -29.420 0.8999999762
30403  30.654  -37.262  -29.256 0.8999999762
30413  29.900  -37.284  -29.841 0.8999999762
29382  28.414  -37.840  -30.445 0.8999999762
135095  28.340  -38.634  -30.300 0.8999999762
30414  28.992  -37.110  -30.384 0.8999999762
151300  27.423  -38.100  -30.722 0.8999999762
31462  28.364  -36.364  -30.676 0.8999999762
31348  29.467  -36.704  -22.389 0.8999999762
31349  28.659  -36.404  -22.421 0.8999999762
31350  27.997  -36.126  -22.649 0.8999999762
32367  28.562  -35.546  -22.532 0.8999999762
33346  28.098  -34.762  -22.821 1.0000000000
33358  27.279  -34.641  -23.305 0.8000000119
32365  30.410  -35.167  -22.531 0.8999999762
32380  26.685  -35.241  -23.597 0.6999999881
31394  32.334  -36.302  -24.394 0.8999999762
33359  26.518  -34.495  -23.731 0.6999999881
34228  25.455  -33.922  -23.836 0.6999999881
34229  24.715  -34.110  -23.791 0.5000000000
34219  24.133  -33.444  -23.497 0.5000000000
34230  23.294  -33.618  -23.480 0.5000000000
138182  32.559  -36.598  -25.969 1.0000000000
32439  32.610  -35.815  -26.735 1.0000000000
33421  32.691  -34.301  -27.355 1.0000000000
32456  32.486  -35.188  -27.501 1.0000000000
31431  31.679  -36.353  -28.449 1.0000000000
32472  31.940  -35.401  -28.420 1.0000000000
32473  31.437  -35.863  -28.998 0.8999999762
31455  30.402  -36.575  -29.671 0.8999999762
32485  30.171  -36.002  -30.029 0.8999999762
32542  28.301  -36.114  -34.060 0.6999999881
141360  27.296  -36.003  -33.857 0.8000000119
31493  26.343  -35.971  -33.524 0.8000000119
32544  25.955  -35.265  -33.470 0.8000000119
32379  31.184  -34.995  -22.844 0.8999999762
33357  30.664  -34.400  -22.589 1.0000000000
33344  29.817  -34.568  -22.423 1.0000000000
157594  28.512  -34.163  -22.680 1.0000000000
146589  27.828  -34.008  -23.021 0.6999999881
33355  31.849  -34.868  -23.410 0.8999999762
34227  26.287  -33.688  -23.754 0.6999999881
34218  24.940  -33.242  -23.627 0.6000000238
32423  32.717  -35.444  -25.729 1.0000000000
147284  32.578  -36.128  -25.146 0.8999999762
33367  32.421  -34.724  -24.144 0.8999999762
33405  32.784  -34.876  -26.627 1.0000000000
33432  32.285  -34.497  -28.121 1.0000000000
32483  31.383  -35.170  -29.222 1.0000000000
33433  31.769  -34.493  -28.862 1.0000000000
32514  25.594  -35.120  -32.005 0.8999999762
31503  29.954  -36.408  -34.052 0.6000000238
32541  28.779  -35.247  -34.313 0.6000000238
136903  27.806  -35.271  -34.182 0.8000000119
32543  26.847  -35.262  -33.820 0.8000000119
159295  25.529  -36.103  -33.098 0.8999999762
32519  25.521  -36.149  -32.357 0.8999999762
134505  32.134  -34.013  -23.582 0.8999999762
33356  31.432  -34.219  -22.981 0.8999999762
34215  27.582  -33.264  -23.151 0.8000000119
34216  27.069  -33.876  -23.484 0.6999999881
35052  26.485  -32.779  -23.569 0.6999999881
35053  25.161  -32.373  -23.524 0.6000000238
152965  23.438  -32.708  -23.525 0.4000000060
33385  32.748  -34.629  -25.063 1.0000000000
144293  32.898  -34.548  -25.888 1.0000000000
34260  33.015  -33.915  -26.522 1.0000000000
150165  32.508  -33.813  -27.926 1.0000000000
34283  32.109  -33.751  -28.563 1.0000000000
145858  31.903  -32.958  -28.972 1.0000000000
32513  26.268  -35.231  -31.581 0.8999999762
34305  25.971  -33.891  -31.859 0.8999999762
34298  25.659  -34.046  -32.080 0.8999999762
33475  25.399  -34.364  -33.146 0.8999999762
33464  25.387  -34.460  -32.573 0.8999999762
33473  31.818  -34.870  -33.679 0.6000000238
32539  30.489  -35.791  -34.151 0.6000000238
32540  29.648  -35.524  -34.251 0.6000000238
156932  28.863  -34.614  -34.392 0.8000000119
33489  27.295  -34.522  -34.099 0.8000000119
33491  25.703  -34.682  -33.397 0.8999999762
34200  30.087  -33.809  -22.410 0.8999999762
33345  29.220  -33.970  -22.466 0.8999999762
34202  28.514  -33.362  -22.697 0.6999999881
137393  30.324  -33.068  -22.424 0.8999999762
34201  29.490  -33.204  -22.410 0.8999999762
35051  27.237  -32.593  -23.315 0.6000000238
34212  32.359  -33.100  -23.644 1.0000000000
34213  31.660  -33.392  -23.055 1.0000000000
135933  26.769  -31.945  -23.364 0.6000000238
134648  25.955  -32.164  -23.506 0.6000000238
35909  24.593  -31.576  -23.488 0.5000000000
34242  33.015  -33.841  -25.517 1.0000000000
34226  32.717  -33.722  -24.476 1.0000000000
34225  33.200  -33.034  -25.153 1.0000000000
35087  33.175  -33.124  -26.800 1.0000000000
35100  33.035  -32.668  -27.439 1.0000000000
34282  32.524  -33.025  -28.187 1.0000000000
35111  32.222  -32.325  -28.702 1.0000000000
145859  31.221  -32.895  -29.610 1.0000000000
34289  30.864  -33.664  -29.820 1.0000000000
35124  30.031  -32.181  -30.476 1.0000000000
144269  29.742  -32.949  -30.561 1.0000000000
138312  28.964  -32.951  -30.894 1.0000000000
34296  28.603  -33.679  -30.916 0.8999999762
33449  29.005  -34.347  -30.717 0.8999999762
33457  26.262  -34.344  -31.666 0.8999999762
34311  25.371  -33.822  -32.690 0.8999999762
149110  25.880  -33.995  -33.566 0.8999999762
34319  33.753  -33.387  -33.343 0.6000000238
33472  32.773  -34.521  -33.450 0.6000000238
33474  30.764  -34.273  -33.826 0.6000000238
33486  30.172  -34.959  -34.197 0.6000000238
143494  28.360  -33.711  -34.419 0.8000000119
147215  26.735  -33.826  -33.958 0.8000000119
35049  31.113  -32.831  -22.610 0.8999999762
35037  29.039  -32.403  -22.476 0.6999999881
35050  28.059  -32.525  -22.912 0.6000000238
150361  27.599  -31.827  -23.076 0.6000000238
35047  32.532  -32.184  -23.587 0.8999999762
35907  26.158  -31.202  -23.255 0.6000000238
35908  25.419  -31.647  -23.432 0.5000000000
35063  32.907  -32.674  -24.341 1.0000000000
34259  33.277  -33.147  -26.040 1.0000000000
35099  33.359  -32.346  -26.566 1.0000000000
35949  33.151  -31.834  -27.425 1.0000000000
35110  32.699  -32.119  -28.120 1.0000000000
35961  32.266  -31.489  -28.768 1.0000000000
36821  32.061  -30.665  -29.140 1.0000000000
35117  31.618  -32.034  -29.348 1.0000000000
35118  30.806  -32.106  -29.992 1.0000000000
35125  29.333  -32.323  -30.770 1.0000000000
35126  28.541  -32.101  -31.135 1.0000000000
146219  26.625  -31.939  -31.683 0.8999999762
34304  26.357  -33.521  -31.677 0.8999999762
35127  25.842  -33.233  -32.005 0.8999999762
35151  25.117  -32.090  -32.934 0.8999999762
34320  32.964  -33.606  -33.305 0.6000000238
34321  31.855  -33.770  -33.441 0.6000000238
150865  30.894  -33.352  -33.615 0.6000000238
35159  29.572  -32.778  -33.932 0.6999999881
35161  28.523  -32.439  -34.329 0.6999999881
139917  28.036  -33.086  -34.434 0.6999999881
135523  26.113  -33.081  -33.818 0.8000000119
35164  25.870  -32.173  -33.780 0.8999999762
34318  34.517  -33.693  -33.579 0.6000000238
35162  27.656  -32.348  -34.358 0.6999999881
137849  27.155  -33.059  -34.211 0.8000000119
35163  26.720  -32.284  -34.148 0.8999999762
35889  28.420  -31.706  -22.696 0.6999999881
35906  27.133  -31.132  -23.068 0.6000000238
35905  31.266  -31.994  -22.536 0.8999999762
35035  30.462  -32.323  -22.369 0.8000000119
35888  29.310  -31.388  -22.339 0.6999999881
35918  33.054  -31.755  -24.242 0.8999999762
35904  32.063  -31.675  -22.933 0.8000000119
35062  33.344  -32.190  -25.006 1.0000000000
140175  33.644  -30.851  -25.820 0.8999999762
35917  33.452  -31.290  -24.976 0.8000000119
35942  33.469  -31.289  -26.731 1.0000000000
158793  33.205  -31.175  -27.513 1.0000000000
36820  32.619  -30.718  -28.489 1.0000000000
37650  32.426  -30.040  -28.924 1.0000000000
36829  31.359  -30.469  -29.679 1.0000000000
36830  30.629  -30.570  -30.196 1.0000000000
35975  30.311  -31.358  -30.354 1.0000000000
35977  28.534  -31.169  -31.166 1.0000000000
35983  27.188  -31.410  -31.557 0.8999999762
140904  25.951  -32.150  -31.936 0.8999999762
35135  26.022  -32.974  -31.880 0.8999999762
35992  25.190  -31.489  -32.777 0.8999999762
35147  31.514  -32.733  -33.392 0.6000000238
35160  29.155  -32.251  -34.090 0.6999999881
36003  25.348  -32.117  -33.312 0.8999999762
35998  35.092  -32.276  -33.710 0.6000000238
35145  34.261  -32.655  -33.402 0.6000000238
36013  28.787  -31.667  -34.186 0.6999999881
135178  27.264  -31.584  -34.353 0.6999999881
150767  27.950  -31.080  -22.808 0.6000000238
36761  31.435  -31.121  -22.505 0.8000000119
35887  30.429  -31.411  -22.251 0.8000000119
144203  29.562  -30.040  -22.186 0.6999999881
155967  28.618  -31.022  -22.545 0.6999999881
36759  32.743  -30.416  -23.416 0.6999999881
36760  32.182  -30.828  -22.888 0.8000000119
36775  33.557  -30.272  -24.956 0.6999999881
37635  33.849  -29.725  -26.517 0.8000000119
37639  33.627  -29.799  -27.278 0.8000000119
36808  33.370  -30.576  -27.361 0.8000000119
157913  33.430  -29.520  -27.804 0.8000000119
37640  33.072  -29.990  -28.100 0.8999999762
37649  32.722  -29.335  -28.828 0.8999999762
156064  31.867  -30.050  -29.395 1.0000000000
37663  30.884  -29.926  -30.086 1.0000000000
35976  29.381  -31.460  -30.785 1.0000000000
36840  28.408  -30.493  -31.252 1.0000000000
37669  30.249  -29.837  -30.448 1.0000000000
36838  29.849  -30.588  -30.604 1.0000000000
36847  27.838  -30.877  -31.408 1.0000000000
36848  27.091  -30.630  -31.639 1.0000000000
35984  26.315  -31.234  -31.863 0.8999999762
36850  25.796  -30.600  -32.195 0.8999999762
35985  25.612  -31.535  -32.252 0.8999999762
36851  25.286  -30.834  -32.575 0.8999999762
134330  33.580  -31.838  -33.231 0.6000000238
35146  32.398  -32.965  -33.268 0.6000000238
35148  30.408  -32.545  -33.630 0.6000000238
36001  30.190  -31.613  -33.619 0.6999999881
143512  25.001  -31.145  -33.067 0.8999999762
36015  25.561  -31.310  -33.729 0.8999999762
156648  28.763  -30.475  -34.208 0.6999999881
36014  28.104  -31.665  -34.358 0.6999999881
36880  26.886  -30.806  -34.396 0.8999999762
148673  25.758  -29.983  -34.257 0.8999999762
36738  30.816  -30.384  -22.272 0.6999999881
36739  30.139  -29.976  -22.152 0.6000000238
37579  28.924  -29.685  -22.287 0.6000000238
36762  27.571  -30.391  -22.754 0.6000000238
37594  32.745  -29.550  -23.336 0.6999999881
37577  30.644  -29.461  -22.274 0.6000000238
38455  33.277  -29.102  -23.867 0.6999999881
135294  33.582  -29.397  -24.601 0.6999999881
157529  33.781  -29.534  -25.317 0.6999999881
38511  34.112  -28.546  -27.241 0.8000000119
37648  33.295  -29.172  -28.228 0.8000000119
38517  33.096  -28.618  -28.853 0.8000000119
37662  31.408  -29.644  -29.766 1.0000000000
37661  32.057  -29.442  -29.369 0.8000000119
138629  29.896  -29.041  -30.668 1.0000000000
37670  29.443  -29.795  -30.797 1.0000000000
37678  27.854  -30.035  -31.494 1.0000000000
38539  28.989  -28.967  -31.085 1.0000000000
37671  28.681  -29.855  -31.171 1.0000000000
137156  27.578  -29.238  -31.712 1.0000000000
144696  26.855  -29.205  -31.979 1.0000000000
37680  26.171  -29.684  -32.121 1.0000000000
37681  25.413  -29.865  -32.483 0.8999999762
36000  31.215  -31.768  -33.401 0.6000000238
36856  24.976  -30.573  -32.917 0.8999999762
35999  34.508  -31.669  -33.469 0.6000000238
136300  32.419  -32.007  -33.192 0.6000000238
36883  25.076  -30.110  -33.636 0.8999999762
36866  29.794  -30.861  -33.731 0.6999999881
37718  28.199  -30.293  -34.368 0.6999999881
142027  26.486  -30.028  -34.410 0.8999999762
38443  29.293  -28.791  -22.264 0.5000000000
36737  31.473  -29.709  -22.481 0.6000000238
142507  30.296  -28.498  -22.333 0.5000000000
38456  32.731  -28.661  -23.300 0.6999999881
37595  32.124  -29.166  -22.783 0.6999999881
143764  33.937  -28.782  -25.112 0.6999999881
155057  33.613  -28.738  -24.390 0.6999999881
39411  34.415  -27.898  -26.603 0.6999999881
39418  34.279  -27.861  -27.597 0.6999999881
38516  33.737  -28.445  -28.144 0.8000000119
39427  33.491  -28.025  -28.849 0.8000000119
39436  32.817  -27.890  -29.461 0.8000000119
38528  32.341  -28.711  -29.369 0.8000000119
39437  31.889  -28.116  -29.906 0.8000000119
38536  31.132  -28.317  -30.285 0.8999999762
38537  30.378  -28.344  -30.593 1.0000000000
39446  31.393  -27.600  -30.400 0.8000000119
39448  30.163  -27.604  -30.893 0.8999999762
38538  29.613  -28.234  -30.960 1.0000000000
38545  28.933  -28.124  -31.322 1.0000000000
38546  28.172  -28.495  -31.601 1.0000000000
39458  25.797  -27.961  -32.517 1.0000000000
38550  25.036  -29.013  -32.726 0.8999999762
37682  24.963  -29.866  -32.812 0.8999999762
157250  24.696  -29.260  -33.281 0.8999999762
145520  24.742  -28.369  -33.150 0.8999999762
38593  24.796  -28.846  -33.901 0.8999999762
141473  33.970  -30.962  -33.333 0.6000000238
36864  31.977  -31.000  -33.296 0.6000000238
37703  29.321  -30.248  -33.995 0.6999999881
37720  26.951  -29.333  -34.544 0.8000000119
37721  25.916  -29.220  -34.441 0.8999999762
36862  34.235  -30.256  -33.472 0.6000000238
37702  30.149  -29.985  -33.726 0.6999999881
146672  28.765  -29.784  -34.268 0.6999999881
38590  26.520  -28.554  -34.619 0.8000000119
38592  25.101  -28.635  -34.300 0.8999999762
37719  27.964  -29.378  -34.467 0.6999999881
38591  25.718  -28.389  -34.553 0.8999999762
38442  31.301  -28.839  -22.483 0.5000000000
39359  30.049  -27.652  -22.429 0.5000000000
39368  32.739  -27.614  -23.368 0.6999999881
39357  31.135  -27.979  -22.542 0.5000000000
140942  33.350  -28.282  -23.877 0.6999999881
39381  34.122  -27.326  -24.847 0.6999999881
38472  33.830  -28.108  -24.555 0.6999999881
39402  34.394  -27.575  -25.672 0.6999999881
40394  34.608  -26.898  -26.280 0.6999999881
39425  34.526  -27.163  -27.903 0.6999999881
39435  33.626  -27.376  -29.157 0.8000000119
40419  33.057  -26.976  -29.805 0.8000000119
39445  32.203  -27.327  -30.142 0.8000000119
40431  30.824  -27.172  -30.787 0.8000000119
40441  30.126  -26.783  -31.268 0.8999999762
39454  29.374  -27.392  -31.334 1.0000000000
39456  27.616  -27.754  -31.983 1.0000000000
38547  27.218  -28.541  -31.996 1.0000000000
40430  31.600  -26.871  -30.639 0.8000000119
39455  28.484  -27.570  -31.665 0.8999999762
39466  27.075  -27.119  -32.267 1.0000000000
39457  26.693  -27.867  -32.270 1.0000000000
40443  27.947  -26.998  -32.067 0.8999999762
39467  26.145  -27.198  -32.507 1.0000000000
39459  25.079  -28.129  -32.786 1.0000000000
39469  24.806  -27.573  -33.208 1.0000000000
39495  24.598  -27.941  -34.078 0.8999999762
36865  30.873  -30.737  -33.511 0.6999999881
138194  24.497  -26.969  -34.015 0.8999999762
145473  32.567  -30.250  -33.318 0.6000000238
37700  32.094  -29.529  -33.480 0.6000000238
39494  25.148  -27.791  -34.522 0.8999999762
37701  31.139  -29.711  -33.606 0.6999999881
37717  29.518  -29.363  -34.055 0.6999999881
38588  28.805  -28.875  -34.391 0.6999999881
138300  27.400  -28.629  -34.607 0.6999999881
39493  26.138  -27.710  -34.803 0.8000000119
39491  27.752  -27.927  -34.742 0.6999999881
39508  25.412  -27.101  -34.843 0.8000000119
40487  25.221  -26.363  -35.078 0.8999999762
39506  27.120  -27.367  -35.036 0.6999999881
38457  32.025  -28.252  -22.774 0.6000000238
39369  31.768  -27.334  -22.847 0.5000000000
40361  33.759  -26.658  -24.388 0.6999999881
40344  33.132  -26.722  -23.790 0.5000000000
40383  34.408  -26.882  -25.428 0.6999999881
41390  34.520  -26.085  -25.528 0.6999999881
40400  34.741  -26.590  -27.234 0.6999999881
40406  34.777  -26.407  -28.130 0.6999999881
40407  34.293  -26.930  -28.712 0.6999999881
40417  34.575  -26.153  -28.985 0.6999999881
40418  33.893  -26.614  -29.461 0.8000000119
40429  32.487  -26.451  -30.508 0.8000000119
40428  33.425  -26.241  -30.146 0.8000000119
40440  31.036  -26.483  -31.120 0.8000000119
42505  32.749  -24.927  -31.668 0.8000000119
42506  31.862  -25.165  -31.811 0.8000000119
41455  29.579  -26.184  -31.795 0.8000000119
41456  28.828  -26.089  -32.119 0.8999999762
41468  27.303  -25.821  -32.558 0.8999999762
40454  26.599  -26.473  -32.527 1.0000000000
41464  30.982  -25.348  -31.984 0.8000000119
41465  30.094  -25.475  -32.130 0.8000000119
159087  24.969  -26.946  -33.212 1.0000000000
40455  25.553  -26.530  -32.898 1.0000000000
37699  33.039  -29.487  -33.462 0.6000000238
40456  24.872  -26.349  -33.467 1.0000000000
38572  30.470  -29.021  -33.863 0.6999999881
134094  29.725  -28.266  -34.258 0.6999999881
40473  24.798  -26.869  -34.448 0.8999999762
41482  24.609  -25.522  -34.214 1.0000000000
39490  28.705  -27.857  -34.626 0.6999999881
39505  28.081  -27.178  -35.071 0.8000000119
39507  26.243  -26.700  -35.239 0.8000000119
144716  34.788  -25.946  -26.512 0.6999999881
41402  35.055  -25.003  -26.714 0.6999999881
41411  35.000  -25.771  -27.434 0.6999999881
41420  35.046  -25.605  -28.357 0.6999999881
41430  34.880  -25.274  -29.258 0.6999999881
41431  34.195  -25.850  -29.765 0.6999999881
41440  34.471  -25.107  -30.114 0.6999999881
42490  34.056  -24.882  -30.845 0.8000000119
152645  33.059  -25.845  -30.679 0.8000000119
152294  32.290  -24.556  -32.301 0.8000000119
42515  33.153  -24.313  -32.169 0.8000000119
155535  31.841  -24.201  -32.936 0.8000000119
42519  28.770  -25.069  -32.819 0.8999999762
41467  28.342  -25.651  -32.459 0.8999999762
42518  29.706  -24.980  -32.714 0.8000000119
42532  28.277  -24.555  -33.342 0.8999999762
41469  26.167  -25.786  -32.883 0.8999999762
38570  32.516  -28.793  -33.685 0.6000000238
42533  27.283  -24.547  -33.422 0.8999999762
41479  26.730  -25.132  -33.079 0.8999999762
41470  25.294  -25.784  -33.322 1.0000000000
42536  24.871  -24.887  -33.993 0.8999999762
156204  29.516  -27.406  -34.663 0.6999999881
42543  24.612  -24.777  -34.566 0.8999999762
40486  27.438  -26.549  -35.387 0.8000000119
136899  25.764  -25.793  -35.539 0.8999999762
147128  25.028  -25.634  -35.299 0.8000000119
41410  35.292  -24.979  -27.702 0.6999999881
41429  35.250  -24.607  -29.144 0.6999999881
42489  34.755  -24.397  -30.509 0.6999999881
43579  35.063  -23.708  -30.940 0.6999999881
42503  34.379  -24.219  -31.264 0.6999999881
42517  30.596  -24.885  -32.561 0.8000000119
42531  29.251  -24.516  -33.317 0.8000000119
42530  30.288  -24.361  -33.278 0.8000000119
43614  29.656  -23.932  -33.859 0.8000000119
41480  25.727  -25.171  -33.370 0.8999999762
38587  30.858  -28.102  -34.111 0.6000000238
43615  28.730  -24.016  -33.858 0.8000000119
43631  28.183  -23.491  -34.378 0.8999999762
42534  26.169  -24.462  -33.683 0.8999999762
42535  25.224  -24.707  -33.875 0.8999999762
38586  31.797  -27.970  -34.061 0.6000000238
141795  30.354  -27.363  -34.545 0.6999999881
43619  24.805  -24.396  -34.414 0.8999999762
39504  28.975  -26.916  -35.009 0.6999999881
42549  24.528  -24.427  -35.129 0.8000000119
41517  27.320  -25.239  -36.192 0.6999999881
41499  25.232  -24.944  -35.715 0.8000000119
42464  35.488  -24.245  -28.019 0.6999999881
42488  35.351  -23.781  -30.048 0.6999999881
43578  35.523  -23.162  -30.598 0.6999999881
42529  31.082  -24.408  -32.950 0.8000000119
43613  31.235  -23.843  -33.598 0.8000000119
139946  30.427  -23.774  -33.903 0.8000000119
43630  29.135  -23.481  -34.412 0.8000000119
43617  26.908  -24.039  -33.885 0.8999999762
156384  26.299  -23.303  -34.581 0.8999999762
39488  31.327  -27.323  -34.481 0.6000000238
43618  25.358  -24.050  -34.294 0.8999999762
40484  29.306  -26.170  -35.523 0.6999999881
148249  24.856  -23.787  -34.762 0.8999999762
41516  28.251  -25.226  -36.289 0.6999999881
41518  26.285  -25.155  -36.017 0.8000000119
43645  24.649  -23.820  -35.676 0.8000000119
42563  26.800  -24.570  -36.526 0.6999999881
42564  25.780  -24.402  -36.284 0.8000000119
42565  24.982  -24.080  -35.998 0.8000000119
42582  26.235  -23.847  -36.771 0.8000000119
44698  35.690  -22.628  -28.775 0.6999999881
151462  35.760  -22.812  -29.834 0.6000000238
39487  32.219  -27.367  -34.448 0.6000000238
44757  28.590  -22.989  -34.936 0.8000000119
136878  26.514  -22.840  -34.948 0.8999999762
44759  25.682  -22.500  -35.370 0.8999999762
40472  30.918  -26.555  -35.068 0.6000000238
44760  25.087  -22.593  -35.601 0.8999999762
41496  28.734  -25.694  -35.894 0.8000000119
44780  24.845  -22.727  -35.845 0.8999999762
43656  24.894  -23.269  -36.268 0.8000000119
42562  27.801  -24.670  -36.699 0.6999999881
43655  25.574  -23.159  -36.840 0.8000000119
143968  25.196  -22.633  -36.697 0.8000000119
41494  30.303  -25.919  -35.749 0.6999999881
44778  28.007  -22.433  -35.352 0.8000000119
139130  30.254  -25.391  -36.513 0.5000000000
41495  29.545  -25.529  -36.136 0.6000000238
41515  29.664  -24.978  -36.892 0.6000000238
145844  28.992  -25.228  -36.404 0.6999999881
45753  25.097  -22.148  -36.118 0.8000000119
42579  29.248  -24.354  -37.428 0.6000000238
143185  27.806  -23.497  -37.607 0.6000000238
154395  26.630  -23.180  -37.363 0.6999999881
44803  25.765  -22.367  -37.307 0.8000000119
44789  24.985  -22.506  -36.288 0.8000000119
43667  27.366  -22.779  -37.894 0.6000000238
146923  27.265  -21.887  -35.680 0.8000000119
46739  26.447  -20.758  -36.520 0.8000000119
46740  25.914  -21.020  -36.500 0.8999999762
41532  30.644  -25.096  -37.236 0.6000000238
45779  25.625  -21.387  -37.559 0.8000000119
45767  25.331  -21.736  -36.644 0.8000000119
46757  25.540  -20.898  -37.069 0.8000000119
44821  26.962  -22.177  -38.102 0.6000000238
45766  27.374  -21.163  -36.228 0.8000000119
46756  26.045  -20.465  -36.863 0.8000000119
42600  29.731  -23.911  -38.005 0.6000000238
43666  28.812  -23.706  -37.796 0.6000000238
46767  25.602  -20.412  -37.677 0.8000000119
43686  28.349  -22.997  -38.107 0.6000000238
46778  25.771  -20.174  -38.317 0.6999999881
47740  25.646  -20.102  -37.658 0.8000000119
45809  27.449  -20.790  -38.976 0.6000000238
46777  26.420  -20.487  -38.666 0.6000000238
47763  26.178  -19.162  -38.748 0.6999999881
44819  28.885  -22.386  -38.595 0.6000000238
45795  28.106  -21.617  -38.760 0.6000000238
47723  29.156  -19.731  -37.281 0.8000000119
46755  26.720  -20.093  -36.955 0.8000000119
42599  30.671  -24.034  -38.258 0.6000000238
47724  27.848  -19.726  -37.209 0.8000000119
149171  31.276  -23.721  -38.547 0.5000000000
48728  26.177  -18.906  -38.328 0.8000000119
47726  25.950  -19.700  -37.551 0.8000000119
43684  30.719  -23.285  -38.631 0.6000000238
142908  30.095  -23.460  -38.400 0.6000000238
48737  26.144  -19.048  -38.491 0.6000000238
44817  31.463  -22.995  -38.752 0.5000000000
44818  29.971  -22.733  -38.704 0.6000000238
45794  28.964  -21.690  -38.964 0.6000000238
46796  26.894  -19.928  -39.197 0.6000000238
44831  30.315  -21.995  -39.073 0.6000000238
45808  28.538  -21.017  -39.200 0.6000000238
46795  27.946  -20.175  -39.477 0.6000000238
47761  27.370  -19.284  -39.672 0.6000000238
47738  28.384  -19.050  -37.670 0.8000000119
151026  27.407  -19.022  -37.697 0.8000000119
47737  29.492  -19.007  -37.706 0.8000000119
139320  28.686  -18.402  -38.133 0.6999999881
48726  27.608  -18.456  -38.105 0.6999999881
151691  30.757  -22.620  -38.895 0.6000000238
48744  26.614  -18.457  -39.384 0.6000000238
50020  26.719  -18.127  -39.373 0.6000000238
157955  26.423  -18.529  -38.507 0.6999999881
45806  30.591  -21.259  -39.468 0.5000000000
47776  26.980  -18.479  -39.728 0.6000000238
142421  30.790  -20.611  -39.780 0.5000000000
46794  29.062  -20.391  -39.597 0.6000000238
47760  28.471  -19.500  -39.933 0.6000000238
46807  31.249  -20.184  -40.028 0.5000000000
48736  29.713  -18.344  -38.171 0.6999999881
49996  27.892  -17.805  -38.593 0.6000000238
51189  27.416  -17.027  -39.718 0.6000000238
150636  27.339  -17.487  -39.118 0.6000000238
51200  27.496  -16.920  -40.220 0.6000000238
50009  28.170  -17.088  -39.175 0.6000000238
47772  30.997  -19.642  -40.382 0.5000000000
47774  29.072  -18.762  -40.528 0.6000000238
47775  27.798  -18.608  -40.189 0.6000000238
48760  26.941  -17.893  -39.781 0.6000000238
51188  27.883  -16.456  -40.274 0.6000000238
47773  30.264  -19.290  -40.458 0.6000000238
48756  30.152  -18.477  -40.916 0.6000000238
134279  31.723  -19.553  -40.394 0.5000000000
48755  31.115  -18.970  -40.736 0.5000000000
156022  31.785  -18.989  -40.715 0.4000000060
50039  32.212  -17.731  -41.659 0.5000000000
138970  29.315  -17.098  -38.962 0.6000000238
51176  28.800  -16.506  -39.540 0.6000000238
48758  28.134  -17.862  -40.682 0.6000000238
50042  27.678  -16.862  -40.524 0.6000000238
52288  28.442  -16.059  -40.166 0.6000000238
135858  29.634  -17.124  -41.575 0.6000000238
51208  29.519  -16.396  -41.822 0.6000000238
144359  30.935  -18.294  -41.159 0.5000000000
48772  30.274  -17.739  -41.406 0.6000000238
50049  31.626  -17.054  -42.085 0.5000000000
50038  33.091  -17.643  -41.699 0.4000000060
50048  32.652  -17.097  -42.177 0.4000000060
51209  28.838  -15.942  -41.535 0.6000000238
52300  28.414  -15.880  -40.775 0.5000000000
51187  29.330  -15.978  -39.857 0.5000000000
51175  29.813  -16.587  -39.303 0.5000000000
50041  28.836  -16.788  -41.425 0.6000000238
52316  28.936  -15.564  -41.308 0.5000000000
50040  30.483  -16.931  -41.888 0.6000000238
51217  30.990  -16.258  -42.433 0.5000000000
151823  32.094  -16.365  -42.614 0.4000000060
51186  30.338  -16.056  -39.597 0.4000000060
51219  29.567  -15.617  -42.120 0.6000000238
52325  29.339  -15.187  -41.900 0.5000000000
51218  30.115  -16.145  -42.239 0.6000000238
52324  29.757  -14.903  -42.526 0.6000000238
53362  29.649  -14.505  -42.259 0.4000000060
51216  32.590  -15.703  -43.154 0.4000000060
52333  32.077  -14.879  -43.489 0.4000000060
54319  29.701  -14.211  -41.964 0.4000000060
52323  30.303  -15.496  -42.602 0.4000000060
53361  29.953  -14.250  -42.838 0.4000000060
51224  33.581  -15.782  -43.346 0.4000000060
52334  30.420  -14.742  -43.029 0.4000000060
53347  31.949  -14.053  -40.589 0.4000000060
53349  30.462  -14.303  -41.027 0.4000000060
54327  29.877  -13.972  -42.538 0.4000000060
137498  32.598  -14.460  -43.874 0.4000000060
153407  31.191  -14.566  -43.343 0.4000000060
54340  32.010  -13.112  -44.236 0.4000000060
53370  30.647  -13.948  -43.269 0.4000000060
54308  31.502  -13.628  -41.228 0.4000000060
54309  30.686  -13.824  -41.488 0.4000000060
53376  32.683  -13.844  -44.253 0.3000000119
132297  30.658  -13.516  -43.094 0.4000000060
54325  30.701  -13.332  -42.690 0.4000000060
54307  32.334  -13.444  -40.879 0.4000000060
55378  31.399  -12.876  -42.511 0.4000000060
135961  25.848  -36.628  -33.236 0.8000000119
155995  25.466  -36.527  -32.559 0.8999999762
135573  25.618  -36.152  -31.941 0.8999999762
30428  25.399  -37.517  -31.999 0.8999999762
30423  25.408  -37.724  -31.942 0.8999999762
32484  30.815  -35.779  -29.583 0.8999999762
33441  31.176  -34.409  -29.498 1.0000000000
34288  31.529  -33.698  -29.236 1.0000000000
30419  27.924  -37.165  -30.719 0.8999999762
31456  29.711  -36.531  -30.151 0.8999999762
142659  29.340  -35.080  -30.548 0.8999999762
34294  30.164  -33.669  -30.316 1.0000000000
30420  26.938  -37.208  -30.996 0.8999999762
32498  28.826  -35.689  -30.637 0.8999999762
134727  27.966  -35.569  -30.877 0.8999999762
33448  29.793  -34.404  -30.434 1.0000000000
31464  26.448  -36.565  -31.302 0.8999999762
34297  27.816  -33.823  -31.185 0.8999999762
53339  29.494  -15.102  -40.750 0.4000000060
52307  29.089  -15.252  -41.106 0.4000000060
53338  30.232  -14.868  -40.546 0.4000000060
52298  30.941  -15.459  -39.859 0.4000000060
27481  30.686  -40.291  -22.838 0.8999999762
142335  31.645  -41.233  -25.094 1.0000000000
24825  30.049  -43.663  -27.793 0.8000000119
137846  27.789  -39.890  -22.053 0.8999999762
28375  31.768  -39.246  -24.314 1.0000000000
134476  31.417  -37.231  -23.107 0.8999999762
29354  31.278  -38.996  -28.042 0.8999999762
27558  28.859  -40.507  -29.660 0.8000000119
28432  27.680  -39.933  -30.361 0.8000000119
158301  32.409  -37.066  -26.687 1.0000000000
28434  27.462  -39.101  -30.541 0.8000000119
144703  26.380  -37.919  -31.194 0.8999999762
29388  25.807  -38.527  -31.513 0.8000000119
31447  31.102  -36.531  -29.119 0.8999999762
31463  27.329  -36.311  -30.982 0.8999999762
32366  29.534  -35.340  -22.420 0.8999999762
143336  28.948  -34.722  -22.498 1.0000000000
34217  25.730  -33.026  -23.700 0.6000000238
35054  24.323  -32.537  -23.482 0.4000000060
32496  30.197  -35.228  -30.167 0.8999999762
30442  26.074  -37.452  -33.259 0.6999999881
33490  26.371  -34.584  -33.725 0.8000000119
34214  30.910  -33.625  -22.618 0.8999999762
32502  25.704  -36.163  -31.851 0.8999999762
31504  29.074  -36.673  -33.888 0.6000000238
32528  25.361  -35.764  -32.900 0.8999999762
32500  26.603  -35.914  -31.311 0.8999999762
34323  25.355  -34.102  -33.096 0.8999999762
35150  25.239  -32.898  -33.049 0.8999999762
141399  29.762  -34.142  -34.156 0.6999999881
34332  29.346  -33.408  -34.177 0.6999999881
138636  29.798  -32.026  -22.297 0.8000000119
35048  31.877  -32.542  -23.019 0.8999999762
35969  31.067  -31.280  -29.829 1.0000000000
147210  28.529  -34.949  -30.812 0.8999999762
34302  28.097  -33.003  -31.189 0.8999999762
33451  27.000  -34.051  -31.409 0.8999999762
32499  27.111  -35.409  -31.195 0.8999999762
34306  25.497  -33.201  -32.427 0.8999999762
35903  32.673  -31.293  -23.498 0.8000000119
36763  26.744  -30.356  -22.985 0.5000000000
35930  33.523  -31.761  -25.791 1.0000000000
35986  25.393  -31.776  -32.497 0.8999999762
36776  33.205  -30.841  -24.136 0.6999999881
36789  33.775  -30.004  -25.872 0.8000000119
36802  33.658  -30.385  -26.599 0.8999999762
36002  29.405  -31.601  -33.888 0.6999999881
36882  25.413  -30.407  -33.912 0.8999999762
140658  27.392  -30.130  -34.454 0.8000000119
36741  28.353  -30.406  -22.516 0.6000000238
139342  32.200  -30.013  -22.833 0.8000000119
37578  29.804  -29.401  -22.191 0.6000000238
37622  34.087  -29.210  -25.989 0.6999999881
38506  33.968  -29.183  -26.860 0.6999999881
140529  30.786  -29.139  -30.255 1.0000000000
36849  26.441  -30.398  -31.890 1.0000000000
37722  25.185  -29.538  -34.047 0.8999999762
38444  28.430  -28.934  -22.383 0.5000000000
38494  34.270  -28.378  -25.831 0.6999999881
38529  31.572  -28.883  -29.805 0.8999999762
159005  29.542  -28.110  -22.340 0.5000000000
157985  34.564  -27.295  -27.124 0.6999999881
39426  34.028  -27.663  -28.431 0.8000000119
39480  24.618  -27.737  -33.647 0.8999999762
40346  31.388  -26.447  -22.995 0.5000000000
40360  34.223  -26.552  -24.930 0.6999999881
156189  29.476  -26.762  -31.532 0.8999999762
41452  32.363  -25.664  -31.154 0.8000000119
41454  30.524  -25.995  -31.595 0.8000000119
40488  24.820  -26.066  -34.914 0.8999999762
40345  32.318  -26.633  -23.326 0.5000000000
41366  33.994  -25.835  -24.668 0.6999999881
42504  33.605  -24.623  -31.520 0.8000000119
41466  29.224  -25.575  -32.326 0.8999999762
42520  27.787  -25.116  -32.899 0.8999999762
41497  27.849  -25.803  -35.780 0.8000000119
41498  26.829  -25.869  -35.683 0.8000000119
41419  35.304  -24.836  -28.544 0.6999999881
42478  35.039  -24.564  -29.751 0.6999999881
43612  32.259  -23.614  -33.504 0.8000000119
43635  24.565  -24.045  -34.933 0.8999999762
43571  35.597  -23.510  -29.188 0.6999999881
44758  27.627  -22.936  -34.860 0.8999999762
43561  35.577  -23.501  -28.332 0.6000000238
42581  27.283  -24.003  -37.052 0.6999999881
44779  26.359  -22.126  -35.503 0.8999999762
45797  25.935  -20.930  -38.167 0.6999999881
44820  27.774  -22.270  -38.358 0.6000000238
45796  26.935  -21.458  -38.454 0.6000000238
47750  25.575  -19.921  -38.059 0.8000000119
47762  26.565  -19.113  -39.278 0.6000000238
48727  26.705  -18.801  -37.966 0.6999999881
46793  30.057  -20.568  -39.711 0.6000000238
140212  27.709  -17.200  -40.607 0.6000000238
46809  29.602  -19.753  -40.030 0.6000000238
51199  27.981  -16.460  -40.637 0.6000000238
53337  31.317  -14.660  -40.367 0.4000000060
53350  29.683  -14.622  -41.287 0.4000000060
54331  31.216  -13.246  -43.668 0.4000000060
31465  25.853  -36.765  -31.637 0.8999999762
147038  27.530  -49.233  -21.404 0.4000000060
20094  26.406  -48.412  -20.816 0.4000000060
20095  25.735  -48.552  -20.628 0.4000000060
20119  28.742  -48.525  -22.185 0.4000000060
158676  26.592  -47.367  -21.003 0.4000000060
20908  25.086  -47.925  -20.774 0.4000000060
20118  29.150  -48.036  -22.701 0.3000000119
20913  27.694  -47.639  -21.372 0.4000000060
20941  29.580  -47.827  -24.253 0.4000000060
139820  29.518  -47.058  -25.751 0.4000000060
20957  29.307  -47.179  -26.533 0.4000000060
21861  26.282  -46.815  -21.056 0.5000000000
20914  25.333  -47.075  -21.050 0.4000000060
146431  28.659  -46.933  -21.891 0.4000000060
21859  27.919  -46.843  -21.432 0.4000000060
147720  29.594  -47.042  -23.939 0.5000000000
135004  29.660  -46.946  -24.814 0.4000000060
21909  29.756  -46.346  -25.538 0.4000000060
21921  29.533  -46.486  -26.363 0.5000000000
22916  29.169  -45.843  -27.600 0.5000000000
22927  28.667  -45.747  -28.275 0.6000000238
21944  28.233  -46.447  -28.486 0.5000000000
22928  28.061  -45.666  -28.925 0.6000000238
22942  27.291  -45.439  -29.516 0.4000000060
21860  26.970  -46.313  -21.173 0.5000000000
21862  25.557  -46.234  -21.255 0.5000000000
146932  24.958  -45.807  -21.501 0.5000000000
22837  24.103  -45.892  -21.750 0.5000000000
139038  28.445  -46.155  -21.641 0.6000000238
141584  27.664  -46.082  -21.319 0.6000000238
21869  29.160  -46.232  -22.278 0.5000000000
22845  29.367  -45.357  -22.335 0.6000000238
22864  29.893  -45.755  -23.568 0.5000000000
21897  29.788  -46.374  -24.125 0.5000000000
22893  30.106  -45.684  -25.256 0.4000000060
22905  29.884  -45.681  -26.230 0.6000000238
22915  29.638  -45.325  -27.171 0.6000000238
23878  29.187  -45.043  -28.096 0.6000000238
23893  28.712  -44.478  -28.846 0.6000000238
23906  28.086  -44.011  -29.524 0.6000000238
24855  27.288  -43.409  -30.011 0.6000000238
139411  28.541  -45.168  -28.688 0.6000000238
23894  27.985  -44.881  -29.263 0.6000000238
23907  27.064  -44.457  -29.879 0.6000000238
24856  26.326  -43.675  -30.380 0.6000000238
22834  27.005  -45.383  -21.216 0.5000000000
22835  25.736  -45.203  -21.349 0.5000000000
22836  24.663  -45.151  -21.644 0.5000000000
22847  23.855  -45.066  -21.999 0.5000000000
22846  28.861  -45.571  -21.862 0.6000000238
22833  28.151  -45.255  -21.487 0.6000000238
22863  30.321  -45.060  -23.891 0.6000000238
153535  29.513  -44.659  -22.350 0.6000000238
22880  30.446  -45.043  -24.800 0.5000000000
23818  30.422  -44.312  -23.437 0.6000000238
22892  30.345  -45.003  -25.722 0.6000000238
23863  30.126  -44.819  -26.611 0.6000000238
23892  29.409  -44.093  -28.322 0.6000000238
25737  26.462  -42.819  -30.438 0.6000000238
141196  25.853  -42.462  -30.800 0.6999999881
23787  25.803  -44.243  -21.447 0.6000000238
23788  25.054  -44.402  -21.599 0.5000000000
23805  23.737  -44.277  -22.226 0.5000000000
22832  28.959  -44.844  -21.876 0.6000000238
23784  28.396  -44.287  -21.608 0.6000000238
23786  26.580  -44.431  -21.328 0.6000000238
24765  23.682  -43.458  -22.472 0.5000000000
141695  22.598  -43.840  -23.247 0.5000000000
23783  29.228  -43.941  -22.019 0.6000000238
23851  30.721  -44.278  -25.287 0.6000000238
25744  26.383  -41.938  -30.632 0.6999999881
141495  27.135  -43.712  -21.392 0.6000000238
141488  26.273  -43.604  -21.475 0.6000000238
24764  24.468  -43.721  -21.953 0.6000000238
148594  27.868  -43.799  -21.466 0.6000000238
24749  25.902  -42.764  -21.728 0.6000000238
24763  24.960  -42.898  -21.953 0.6000000238
25653  23.730  -42.640  -22.766 0.6000000238
24776  23.012  -43.192  -23.083 0.6000000238
24747  27.702  -43.101  -21.499 0.6000000238
24789  22.225  -43.090  -24.266 0.5000000000
24762  29.875  -43.304  -22.448 0.6000000238
25677  22.691  -42.275  -24.174 0.6000000238
26648  25.885  -41.334  -31.082 0.6999999881
24748  26.833  -42.919  -21.517 0.6000000238
25652  24.565  -42.208  -22.445 0.6000000238
144423  28.281  -41.855  -21.661 0.6000000238
25635  26.545  -42.189  -21.710 0.6000000238
25650  26.008  -41.931  -21.950 0.6000000238
25665  23.874  -41.808  -23.108 0.6000000238
25666  23.192  -42.352  -23.444 0.6000000238
24746  29.197  -42.947  -21.930 0.6000000238
26567  23.278  -41.483  -23.933 0.6000000238
25664  30.855  -42.805  -23.572 0.6000000238
139643  25.821  -39.925  -31.408 0.6999999881
135298  25.652  -39.825  -31.614 0.6999999881
25649  29.132  -41.975  -21.882 0.6000000238
140530  25.925  -41.322  -22.217 0.6999999881
26554  24.607  -41.315  -22.783 0.6999999881
25648  29.861  -42.458  -22.345 0.6000000238
28437  25.410  -38.603  -31.916 0.6999999881
26536  26.687  -41.507  -21.879 0.6999999881
26551  29.463  -41.082  -22.073 0.6999999881
26534  27.721  -41.344  -21.740 0.6999999881
27469  26.264  -40.619  -22.316 0.6999999881
27482  24.716  -40.476  -23.074 0.6999999881
27483  24.001  -40.965  -23.416 0.6999999881
143106  24.129  -40.143  -23.762 0.6000000238
27484  23.597  -40.681  -24.039 0.5000000000
30443  25.658  -37.185  -32.989 0.8000000119
27468  28.050  -40.670  -21.847 0.6999999881
26535  27.240  -40.685  -22.012 0.6999999881
28350  26.252  -39.749  -22.551 0.6999999881
27508  22.905  -40.074  -25.201 0.5000000000
28364  24.858  -39.512  -23.359 0.6999999881
28376  24.123  -39.195  -24.241 0.6000000238
28382  23.423  -39.246  -25.045 0.6000000238
44756  29.498  -22.944  -34.965 0.6999999881
43591  33.980  -24.009  -31.984 0.6999999881
43604  32.713  -23.970  -32.821 0.6999999881
43627  31.811  -23.185  -34.229 0.6999999881
43590  34.709  -23.578  -31.702 0.6000000238
43628  30.883  -23.301  -34.371 0.6999999881
44755  30.373  -22.810  -34.931 0.6999999881
44777  28.928  -22.415  -35.438 0.6999999881
43589  35.387  -22.946  -31.413 0.6000000238
43602  34.327  -23.372  -32.387 0.6000000238
43611  33.154  -23.375  -33.331 0.6999999881
44753  32.299  -22.524  -34.689 0.6999999881
44712  35.824  -22.464  -30.703 0.6000000238
44776  29.825  -22.330  -35.424 0.6999999881
45749  29.247  -21.762  -35.884 0.6999999881
46753  28.829  -20.458  -36.810 0.6999999881
156401  34.966  -23.060  -32.124 0.6000000238
44731  34.711  -22.721  -32.714 0.6000000238
44740  33.951  -21.950  -34.113 0.6000000238
44752  33.152  -22.295  -34.439 0.6999999881
44754  31.325  -22.579  -34.964 0.6999999881
45748  30.207  -21.698  -35.837 0.6999999881
45764  29.595  -21.092  -36.349 0.6999999881
46752  29.960  -20.357  -36.787 0.6999999881
44730  35.366  -22.396  -32.203 0.6000000238
45722  34.731  -21.573  -33.739 0.5000000000
45746  32.993  -21.141  -35.452 0.5000000000
46738  31.602  -20.905  -36.126 0.6999999881
46751  31.110  -20.192  -36.702 0.6999999881
47722  30.284  -19.600  -37.255 0.6999999881
53365  36.081  -14.037  -43.943 0.3000000119
53367  34.482  -14.813  -44.010 0.3000000119
52332  33.059  -15.105  -43.620 0.3000000119
19295  26.326  -49.133  -20.719 0.4000000060
146820  24.153  -48.964  -20.443 0.4000000060
19323  28.653  -49.391  -22.326 0.3000000119
20096  24.202  -48.223  -20.732 0.4000000060
145021  29.564  -48.638  -24.128 0.4000000060
20106  24.304  -47.314  -21.174 0.4000000060
20138  29.573  -48.532  -24.909 0.4000000060
20146  29.411  -48.417  -25.925 0.4000000060
133190  28.922  -48.033  -27.253 0.4000000060
143306  28.806  -46.325  -27.898 0.5000000000
136570  27.627  -47.005  -28.852 0.4000000060
21864  23.968  -46.634  -21.574 0.4000000060
22943  26.454  -45.267  -30.038 0.5000000000
21871  22.678  -46.184  -22.471 0.5000000000
24857  25.606  -43.828  -30.708 0.6000000238
22849  22.573  -45.470  -22.756 0.5000000000
23821  22.434  -44.628  -23.121 0.5000000000
23822  21.892  -44.808  -23.737 0.5000000000
25745  25.572  -42.474  -30.786 0.6000000238
23838  22.107  -44.004  -23.844 0.5000000000
24802  21.696  -43.114  -25.079 0.4000000060
27563  25.722  -40.641  -31.445 0.6999999881
26578  22.624  -41.591  -24.784 0.5000000000
28439  25.538  -39.579  -31.845 0.6999999881
27498  22.457  -40.907  -25.430 0.5000000000
29414  25.582  -38.600  -32.387 0.8000000119
29413  25.866  -38.013  -33.016 0.6999999881
27519  22.208  -40.110  -25.987 0.5000000000
28383  22.720  -39.251  -25.740 0.6000000238
41403  34.710  -25.333  -25.947 0.6000000238
45708  35.831  -21.468  -32.365 0.5000000000
45721  35.461  -21.138  -33.285 0.5000000000
46724  34.605  -20.356  -34.826 0.5000000000
46725  33.813  -20.778  -35.216 0.5000000000
46750  32.628  -20.025  -36.348 0.5000000000
143704  31.971  -19.704  -36.763 0.5000000000
150061  31.234  -18.274  -37.994 0.5000000000
54330  36.394  -13.296  -44.114 0.3000000119
53373  35.489  -13.781  -44.516 0.3000000119
53368  33.488  -14.527  -44.090 0.3000000119
25647  30.366  -42.821  -22.836 0.6000000238
24761  30.445  -43.516  -23.092 0.6000000238
23837  30.664  -44.361  -24.309 0.6000000238
28362  26.264  -38.970  -22.763 0.8000000119
25736  27.486  -42.383  -30.078 0.6999999881
26647  26.500  -41.177  -30.709 0.6999999881
155132  25.659  -39.539  -31.584 0.6999999881
43603  33.547  -23.685  -32.627 0.6999999881
45750  28.255  -21.812  -35.830 0.6999999881
47736  30.581  -18.816  -37.740 0.6000000238
153119  33.837  -15.199  -43.744 0.3000000119
30434  25.412  -37.663  -32.183 0.8000000119
157897  26.334  -38.875  -33.140 0.6999999881
44742  32.743  -23.010  -34.042 0.6999999881
20104  27.600  -48.437  -21.359 0.4000000060
20923  28.740  -47.714  -22.076 0.4000000060
19322  29.175  -48.893  -22.830 0.3000000119
20922  29.152  -47.168  -22.546 0.5000000000
21863  24.705  -46.497  -21.397 0.5000000000
20968  28.504  -47.749  -27.895 0.3000000119
21945  26.824  -46.860  -29.416 0.4000000060
20924  22.696  -46.833  -22.077 0.5000000000
27496  23.552  -40.036  -24.492 0.6000000238
154361  31.229  -21.714  -35.656 0.6999999881
45765  28.532  -21.156  -36.330 0.6999999881
44732  33.959  -23.049  -33.051 0.6999999881
136580  34.360  -22.340  -33.404 0.6000000238
44741  33.563  -22.684  -33.739 0.6999999881
45737  32.697  -21.853  -35.065 0.6999999881
45709  35.144  -21.983  -32.996 0.6000000238
45735  34.308  -21.188  -34.493 0.5000000000
45736  33.499  -21.544  -34.804 0.6000000238
45747  32.164  -21.408  -35.604 0.6999999881
45763  30.639  -21.013  -36.278 0.6999999881
46709  35.064  -20.776  -34.077 0.5000000000
46737  32.441  -20.715  -35.994 0.5000000000
139972  31.958  -20.314  -36.399 0.5000000000
47735  31.442  -18.786  -37.564 0.5000000000
45707  36.259  -20.726  -32.096 0.5000000000
46735  34.046  -19.855  -35.622 0.5000000000
48725  32.698  -18.560  -37.195 0.5000000000
27566  25.535  -40.064  -31.892 0.6000000238
28464  25.728  -39.388  -32.455 0.6000000238
29427  28.173  -37.877  -33.621 0.5000000000
28462  27.004  -38.907  -33.336 0.6000000238
29411  27.253  -38.101  -33.527 0.6000000238
29425  30.306  -37.758  -33.548 0.5000000000
139498  28.957  -37.448  -33.673 0.5000000000
30455  27.485  -37.336  -33.647 0.6000000238
31407  22.946  -36.742  -25.947 0.5000000000
31505  27.640  -36.637  -33.785 0.6000000238
30452  30.632  -37.140  -33.846 0.5000000000
30453  29.746  -37.210  -33.745 0.5000000000
30451  31.571  -37.169  -33.999 0.5000000000
31408  23.046  -36.409  -25.588 0.4000000060
32425  23.220  -35.922  -24.928 0.4000000060
32537  32.719  -36.277  -34.140 0.5000000000
153159  31.241  -36.013  -34.079 0.5000000000
32526  32.729  -35.448  -33.720 0.5000000000
32538  31.891  -35.781  -33.959 0.5000000000
132620  23.106  -35.504  -23.851 0.4000000060
143883  25.894  -30.227  -23.197 0.4000000060
36764  25.262  -30.892  -23.381 0.4000000060
156213  23.893  -31.080  -23.604 0.3000000119
40335  29.838  -26.890  -22.576 0.4000000060
40336  28.981  -26.779  -22.618 0.4000000060
37596  27.265  -29.646  -22.729 0.4000000060
37597  26.483  -29.513  -22.965 0.4000000060
40348  29.491  -26.104  -22.813 0.4000000060
38458  27.086  -28.842  -22.741 0.4000000060
39370  26.956  -27.956  -22.826 0.4000000060
38459  26.288  -28.644  -23.022 0.4000000060
142509  25.074  -30.013  -23.448 0.4000000060
36765  24.462  -30.627  -23.548 0.4000000060
39360  28.803  -28.158  -22.374 0.4000000060
145041  28.463  -27.438  -22.531 0.4000000060
39361  27.861  -28.230  -22.538 0.4000000060
40347  30.434  -26.245  -22.828 0.4000000060
40349  28.572  -26.092  -22.876 0.4000000060
152378  28.244  -26.759  -22.709 0.4000000060
40337  27.644  -27.275  -22.723 0.4000000060
133485  26.808  -27.039  -23.014 0.4000000060
39371  26.107  -27.739  -23.150 0.4000000060
37598  25.672  -29.340  -23.240 0.4000000060
40351  25.900  -26.751  -23.336 0.4000000060
39372  25.258  -27.583  -23.478 0.4000000060
134914  24.864  -29.145  -23.554 0.4000000060
41355  32.791  -25.955  -23.748 0.4000000060
41358  30.045  -25.423  -23.175 0.4000000060
41359  29.061  -25.366  -23.201 0.4000000060
41360  28.092  -25.416  -23.268 0.4000000060
150215  33.417  -26.093  -24.130 0.5000000000
41368  32.470  -25.191  -23.821 0.4000000060
41356  31.953  -25.791  -23.418 0.4000000060
42411  30.662  -24.772  -23.551 0.4000000060
42413  28.578  -24.710  -23.611 0.4000000060
42414  27.703  -24.736  -23.698 0.4000000060
40350  27.584  -26.307  -23.004 0.4000000060
141088  26.695  -26.260  -23.244 0.4000000060
41362  26.121  -25.801  -23.502 0.4000000060
41363  25.409  -26.136  -23.641 0.4000000060
146327  34.359  -25.178  -25.241 0.5000000000
41391  33.860  -25.044  -24.716 0.5000000000
156534  32.834  -24.715  -24.196 0.5000000000
42420  32.174  -24.467  -24.026 0.4000000060
42421  31.317  -24.205  -23.935 0.4000000060
42422  30.381  -23.973  -23.987 0.4000000060
42412  29.585  -24.564  -23.628 0.4000000060
41361  27.067  -25.438  -23.455 0.4000000060
42419  33.399  -24.552  -24.568 0.5000000000
43512  31.961  -23.722  -24.370 0.4000000060
42423  29.484  -23.735  -24.200 0.4000000060
149119  28.882  -24.131  -23.956 0.4000000060
43532  33.437  -23.792  -24.912 0.4000000060
43513  31.059  -23.483  -24.411 0.4000000060
43515  29.274  -23.008  -24.854 0.4000000060
45620  33.142  -22.212  -25.766 0.4000000060
45621  32.195  -21.889  -25.848 0.4000000060
45622  31.296  -22.028  -25.707 0.4000000060
45623  30.704  -21.796  -26.007 0.4000000060
42457  35.046  -24.181  -26.552 0.5000000000
44675  34.410  -22.319  -26.398 0.5000000000
45638  31.340  -21.437  -26.338 0.4000000060
45663  29.998  -20.943  -27.107 0.3000000119
156846  35.451  -23.652  -27.622 0.5000000000
143537  33.336  -22.990  -25.329 0.5000000000
43533  32.638  -23.326  -24.825 0.4000000060
44650  31.226  -22.489  -25.266 0.4000000060
44635  30.796  -22.844  -24.903 0.4000000060
44652  29.614  -22.387  -25.485 0.4000000060
44649  32.483  -22.609  -25.317 0.4000000060
44651  30.523  -22.304  -25.487 0.4000000060
44674  34.959  -22.547  -26.898 0.5000000000
44676  33.795  -21.777  -26.336 0.5000000000
136495  32.940  -21.618  -26.211 0.4000000060
45637  32.288  -21.230  -26.519 0.4000000060
46628  30.864  -20.927  -26.966 0.3000000119
44693  35.433  -22.807  -27.711 0.5000000000
45636  34.564  -21.819  -26.865 0.5000000000
46625  33.187  -21.100  -26.733 0.4000000060
46627  31.640  -20.892  -26.870 0.4000000060
46646  30.488  -20.469  -27.565 0.3000000119
46647  29.586  -20.437  -27.793 0.3000000119
139562  35.526  -21.950  -28.178 0.5000000000
44706  35.863  -21.999  -29.452 0.5000000000
46661  34.513  -20.668  -27.725 0.3000000119
46644  33.513  -20.503  -27.364 0.4000000060
46626  32.386  -20.547  -27.211 0.4000000060
46645  31.355  -20.455  -27.417 0.3000000119
140077  29.663  -19.869  -28.509 0.3000000119
46666  28.868  -20.114  -28.312 0.3000000119
45677  35.178  -21.278  -27.898 0.3000000119
135728  35.555  -21.259  -28.559 0.4000000060
45684  35.826  -21.285  -29.230 0.4000000060
45683  36.033  -21.386  -29.955 0.4000000060
45693  36.109  -21.646  -30.714 0.4000000060
45699  35.863  -22.045  -31.494 0.4000000060
46662  33.873  -19.957  -27.999 0.3000000119
46663  32.871  -19.935  -27.874 0.3000000119
47623  31.856  -19.965  -27.917 0.3000000119
47639  30.466  -19.650  -28.589 0.3000000119
46665  30.225  -20.089  -28.104 0.3000000119
46667  28.118  -19.736  -28.675 0.3000000119
46648  28.091  -20.342  -27.986 0.3000000119
47635  34.686  -20.032  -28.409 0.3000000119
47656  29.870  -19.319  -29.158 0.3000000119
47640  28.975  -19.524  -28.992 0.3000000119
46678  35.618  -20.629  -28.978 0.3000000119
46686  36.227  -20.661  -30.566 0.3000000119
45698  36.224  -21.158  -31.458 0.4000000060
46694  36.039  -20.599  -32.799 0.4000000060
46708  35.729  -20.311  -33.585 0.4000000060
46723  35.357  -19.945  -34.349 0.4000000060
46736  33.224  -20.389  -35.845 0.4000000060
47641  27.243  -19.381  -29.080 0.3000000119
47653  34.915  -19.318  -29.082 0.3000000119
158663  34.142  -19.515  -28.547 0.3000000119
46660  35.264  -20.103  -28.818 0.3000000119
47652  35.663  -19.958  -29.379 0.3000000119
47669  36.055  -19.987  -30.029 0.3000000119
46690  36.375  -20.258  -31.479 0.3000000119
46693  36.380  -20.034  -32.285 0.4000000060
47690  36.432  -18.879  -33.194 0.3000000119
46707  36.255  -19.798  -33.057 0.4000000060
47691  35.979  -19.487  -33.811 0.4000000060
47705  34.934  -19.502  -35.084 0.4000000060
47715  34.523  -18.990  -35.767 0.4000000060
48714  34.161  -18.501  -36.393 0.4000000060
156589  33.331  -19.210  -36.488 0.4000000060
151594  32.777  -19.275  -36.716 0.4000000060
47703  36.185  -18.779  -34.013 0.3000000119
47714  35.292  -18.647  -35.269 0.4000000060
48708  34.891  -18.213  -36.000 0.4000000060
48715  33.401  -18.702  -36.734 0.4000000060
49992  33.948  -16.983  -37.533 0.4000000060
49994  32.689  -17.798  -37.669 0.4000000060
144443  31.822  -17.741  -38.120 0.4000000060
50006  30.903  -17.588  -38.494 0.5000000000
48692  36.536  -17.982  -32.958 0.3000000119
49964  36.405  -17.530  -34.211 0.3000000119
49971  35.573  -17.767  -35.488 0.3000000119
49981  35.152  -17.415  -36.262 0.4000000060
51156  34.637  -16.989  -36.936 0.4000000060
132680  34.073  -17.489  -37.085 0.4000000060
51165  34.469  -16.298  -37.601 0.3000000119
50004  33.192  -17.062  -37.934 0.4000000060
51173  31.881  -16.513  -38.933 0.3000000119
143703  31.588  -17.168  -38.593 0.3000000119
156976  30.191  -17.159  -38.867 0.4000000060
51184  31.707  -15.876  -39.399 0.3000000119
51185  31.177  -16.167  -39.395 0.3000000119
49962  36.510  -17.349  -33.532 0.3000000119
51142  36.358  -16.382  -35.061 0.3000000119
51143  35.818  -16.821  -35.796 0.3000000119
51155  35.693  -16.117  -36.396 0.3000000119
51164  35.122  -16.233  -37.011 0.3000000119
52277  35.009  -15.608  -37.564 0.3000000119
52286  33.346  -15.700  -38.715 0.3000000119
138630  32.842  -16.437  -38.513 0.3000000119
52287  32.471  -15.841  -39.105 0.3000000119
53325  33.753  -14.966  -38.976 0.3000000119
143632  36.533  -15.831  -34.500 0.3000000119
51154  36.180  -15.930  -35.726 0.3000000119
52266  35.551  -15.545  -36.935 0.3000000119
157033  35.457  -15.063  -37.398 0.3000000119
53315  35.059  -14.877  -37.992 0.3000000119
52278  34.297  -15.502  -38.280 0.3000000119
155913  33.973  -14.480  -39.176 0.3000000119
52296  32.939  -15.157  -39.374 0.3000000119
52297  31.999  -15.295  -39.710 0.3000000119
53335  33.407  -14.395  -39.577 0.3000000119
53346  32.833  -13.899  -40.233 0.3000000119
54306  33.159  -13.268  -40.545 0.3000000119
42442  34.049  -24.404  -25.071 0.5000000000
42441  34.659  -24.471  -25.851 0.5000000000
27564  25.589  -40.601  -31.725 0.6000000238
146059  25.701  -40.762  -32.193 0.5000000000
27582  25.911  -40.164  -32.541 0.5000000000
28461  27.918  -39.206  -33.453 0.5000000000
140775  27.230  -39.777  -33.261 0.5000000000
29424  31.268  -37.765  -33.600 0.5000000000
138076  29.678  -39.204  -33.221 0.5000000000
28460  28.767  -39.293  -33.427 0.5000000000
29315  24.431  -38.271  -24.364 0.6000000238
29316  23.859  -38.386  -24.936 0.6000000238
136085  23.668  -37.564  -25.420 0.6000000238
29340  22.937  -37.426  -26.024 0.5000000000
29355  21.768  -37.442  -27.269 0.5000000000
31419  22.071  -36.622  -26.595 0.5000000000
31432  21.383  -36.508  -27.396 0.5000000000
32457  21.178  -36.265  -26.909 0.4000000060
32426  21.804  -36.420  -25.699 0.4000000060
145873  22.626  -36.070  -24.699 0.4000000060
32406  22.402  -35.622  -23.567 0.4000000060
34231  22.557  -32.870  -23.705 0.3000000119
35055  23.666  -31.811  -23.581 0.3000000119
151097  23.705  -30.378  -23.826 0.4000000060
39373  24.483  -27.470  -23.829 0.4000000060
150042  24.276  -29.785  -23.723 0.4000000060
40352  24.994  -26.789  -23.681 0.4000000060
42424  28.154  -24.147  -24.063 0.4000000060
41371  24.724  -25.049  -24.293 0.4000000060
42425  27.357  -24.169  -24.170 0.4000000060
42415  26.990  -24.688  -23.833 0.4000000060
142243  28.636  -23.597  -24.430 0.4000000060
42426  26.553  -24.272  -24.238 0.4000000060
45624  29.984  -21.878  -26.022 0.4000000060
45640  29.550  -21.426  -26.572 0.4000000060
44653  28.736  -22.466  -25.486 0.4000000060
44677  29.136  -21.922  -26.021 0.4000000060
45664  29.115  -20.961  -27.169 0.3000000119
45666  27.312  -20.624  -27.636 0.3000000119
29423  32.248  -37.670  -33.918 0.5000000000
134529  22.401  -33.748  -23.490 0.4000000060
40353  24.344  -26.802  -23.982 0.4000000060
40362  24.642  -26.016  -24.006 0.4000000060
43516  27.790  -23.598  -24.570 0.4000000060
33371  23.235  -34.552  -23.509 0.4000000060
30454  28.287  -36.996  -33.756 0.5000000000
40334  30.754  -27.176  -22.612 0.4000000060
44705  35.962  -22.064  -30.126 0.5000000000
41357  31.020  -25.598  -23.234 0.4000000060
49995  32.003  -18.368  -37.623 0.4000000060
152874  33.220  -18.143  -37.183 0.4000000060
134485  27.777  -38.552  -33.523 0.6000000238
29409  29.230  -38.598  -33.481 0.5000000000
29408  30.506  -38.753  -33.132 0.5000000000
38460  25.468  -28.460  -23.339 0.4000000060
38461  24.660  -28.285  -23.682 0.4000000060
41367  33.286  -25.331  -24.226 0.5000000000
42410  31.610  -24.983  -23.609 0.4000000060
41369  26.289  -24.980  -23.818 0.4000000060
43511  32.756  -24.085  -24.459 0.4000000060
43514  30.172  -23.279  -24.541 0.4000000060
43548  35.174  -23.445  -26.887 0.5000000000
43549  34.785  -23.722  -26.187 0.5000000000
44648  33.972  -22.586  -25.846 0.5000000000
43531  34.190  -23.539  -25.560 0.5000000000
45660  35.129  -21.951  -27.459 0.5000000000
45662  34.092  -21.144  -26.989 0.4000000060
45661  34.712  -21.363  -27.378 0.4000000060
46677  35.950  -20.641  -29.674 0.3000000119
47704  35.649  -19.102  -34.535 0.4000000060
47670  35.747  -19.203  -29.913 0.3000000119
49982  34.455  -17.781  -36.602 0.4000000060
48699  36.429  -18.127  -33.763 0.3000000119
48700  36.024  -18.189  -34.620 0.3000000119
51172  33.723  -16.366  -38.144 0.3000000119
50005  32.357  -17.136  -38.310 0.4000000060
51134  36.527  -16.687  -34.185 0.3000000119
49970  36.171  -17.242  -34.908 0.3000000119
52265  36.047  -15.362  -36.290 0.3000000119
54298  33.641  -13.637  -39.929 0.3000000119
41370  25.446  -25.384  -23.870 0.4000000060
25688  21.612  -42.469  -25.729 0.4000000060
26586  22.044  -41.717  -25.613 0.4000000060
156918  21.331  -41.440  -26.873 0.4000000060
26611  21.126  -40.910  -27.421 0.3000000119
26598  21.746  -41.026  -26.370 0.4000000060
27537  20.985  -39.881  -27.877 0.3000000119
23909  25.476  -44.577  -30.756 0.5000000000
28395  22.033  -39.222  -26.523 0.5000000000
28396  21.414  -39.104  -27.448 0.3000000119
24866  25.318  -43.305  -30.932 0.5000000000
25749  25.375  -42.336  -31.507 0.5000000000
146091  25.120  -43.872  -31.359 0.5000000000
29326  23.209  -38.373  -25.576 0.5000000000
29342  21.869  -38.299  -26.995 0.4000000060
26649  25.570  -41.610  -31.437 0.5000000000
24873  25.155  -43.509  -31.552 0.5000000000
25769  25.564  -42.548  -32.035 0.3000000119
153944  25.531  -40.975  -31.822 0.5000000000
25760  25.446  -42.124  -31.711 0.4000000060
26666  25.735  -41.653  -32.129 0.4000000060
136066  26.390  -43.124  -32.449 0.3000000119
25768  26.075  -42.455  -32.364 0.3000000119
25767  26.930  -42.524  -32.662 0.3000000119
140764  26.879  -41.140  -32.916 0.3000000119
26662  28.872  -41.600  -32.865 0.3000000119
26663  28.208  -41.636  -32.976 0.3000000119
145311  27.645  -41.357  -33.043 0.4000000060
27581  26.592  -40.369  -32.959 0.4000000060
31421  20.653  -36.352  -26.744 0.3000000119
158227  30.375  -39.348  -32.908 0.4000000060
27578  29.372  -40.815  -32.859 0.4000000060
27579  28.409  -40.882  -33.145 0.4000000060
33372  22.419  -34.724  -23.373 0.3000000119
37610  23.524  -29.582  -24.134 0.3000000119
37609  24.063  -28.937  -23.914 0.3000000119
38473  23.916  -28.082  -24.096 0.3000000119
38474  23.287  -28.716  -24.496 0.3000000119
39382  23.852  -27.271  -24.233 0.3000000119
43518  26.120  -23.764  -24.711 0.3000000119
43519  25.408  -23.866  -24.793 0.3000000119
42428  24.788  -24.294  -24.703 0.3000000119
42429  24.180  -24.767  -24.709 0.3000000119
42445  23.020  -24.842  -25.477 0.3000000119
43534  28.275  -23.025  -24.993 0.3000000119
43535  27.396  -23.068  -25.123 0.3000000119
43536  26.537  -23.172  -25.201 0.3000000119
43537  25.698  -23.331  -25.202 0.3000000119
43538  24.868  -23.600  -25.153 0.3000000119
44678  28.298  -21.971  -26.010 0.3000000119
44654  27.872  -22.505  -25.557 0.3000000119
44655  26.985  -22.501  -25.740 0.3000000119
44656  26.063  -22.712  -25.676 0.3000000119
44657  25.178  -22.886  -25.600 0.3000000119
44679  27.082  -21.832  -26.344 0.3000000119
44680  26.361  -22.101  -26.160 0.3000000119
44681  25.583  -22.244  -26.074 0.3000000119
143577  28.673  -21.458  -26.581 0.3000000119
144808  27.830  -21.575  -26.518 0.3000000119
153618  27.602  -22.053  -26.015 0.3000000119
45667  26.492  -21.505  -26.656 0.3000000119
22944  25.745  -45.260  -30.480 0.5000000000
147789  29.051  -40.043  -33.208 0.4000000060
31397  22.194  -36.397  -24.189 0.3000000119
42444  23.573  -24.891  -25.020 0.3000000119
29356  21.254  -38.030  -27.929 0.3000000119
147148  21.325  -37.162  -27.884 0.3000000119
31434  20.455  -36.258  -27.693 0.3000000119
20120  22.004  -47.245  -22.148 0.4000000060
20926  20.827  -47.641  -22.737 0.4000000060
21872  22.045  -46.629  -22.650 0.4000000060
20943  20.416  -47.276  -24.398 0.4000000060
21910  20.778  -46.115  -24.996 0.3000000119
21884  22.099  -46.031  -23.037 0.4000000060
21898  21.205  -46.161  -24.171 0.4000000060
22866  21.549  -45.404  -23.999 0.4000000060
20981  28.198  -47.168  -28.339 0.3000000119
22865  22.014  -45.391  -23.352 0.4000000060
23852  20.872  -44.710  -25.387 0.3000000119
23864  20.737  -43.986  -26.012 0.3000000119
23839  21.482  -44.573  -24.476 0.4000000060
24815  20.677  -43.344  -26.667 0.3000000119
140892  20.289  -44.104  -26.842 0.3000000119
25700  20.583  -42.738  -27.305 0.3000000119
157914  21.726  -43.717  -24.545 0.4000000060
24803  21.160  -43.210  -25.849 0.3000000119
25699  21.101  -42.584  -26.552 0.3000000119
20936  20.644  -47.436  -23.479 0.4000000060
20935  21.000  -46.863  -23.842 0.4000000060
26612  20.625  -41.362  -27.925 0.3000000119
20915  23.411  -47.080  -21.599 0.3000000119
25713  20.315  -42.164  -27.931 0.3000000119
19308  28.180  -48.922  -21.749 0.4000000060
20103  28.252  -48.124  -21.681 0.4000000060
20105  26.953  -48.781  -21.040 0.4000000060
20130  29.444  -48.353  -23.446 0.3000000119
20154  29.202  -47.873  -26.636 0.4000000060
20906  26.923  -47.908  -21.039 0.4000000060
20907  26.057  -47.708  -20.837 0.4000000060
20912  28.278  -47.455  -21.661 0.4000000060
20916  22.699  -47.492  -21.599 0.3000000119
20925  21.346  -47.119  -22.908 0.4000000060
20934  29.441  -47.504  -23.323 0.3000000119
20942  20.666  -46.686  -24.717 0.3000000119
20948  29.541  -47.739  -25.278 0.4000000060
20958  28.996  -47.398  -27.241 0.4000000060
21870  23.345  -46.381  -21.946 0.5000000000
21883  29.561  -46.561  -23.207 0.5000000000
21885  21.558  -46.458  -23.352 0.4000000060
21922  29.167  -46.605  -27.210 0.4000000060
21930  28.661  -46.947  -27.844 0.5000000000
21958  26.638  -46.057  -29.711 0.4000000060
22848  23.275  -45.658  -22.236 0.5000000000
22881  30.084  -45.694  -24.408 0.5000000000
22906  29.483  -45.992  -26.914 0.5000000000
23785  27.536  -44.473  -21.374 0.6000000238
23803  29.966  -44.137  -22.671 0.6000000238
23804  24.341  -44.524  -21.851 0.5000000000
23806  23.126  -44.861  -22.483 0.5000000000
23819  29.949  -45.031  -22.969 0.6000000238
23820  23.034  -44.023  -22.700 0.5000000000
23908  26.069  -44.501  -30.404 0.5000000000
24750  25.398  -43.596  -21.649 0.6000000238
24777  22.513  -43.383  -23.617 0.5000000000
24787  31.241  -43.100  -24.940 0.8000000119
24790  21.256  -43.873  -25.194 0.4000000060
24801  31.008  -43.578  -25.349 0.8000000119
24814  30.829  -43.753  -26.028 0.8000000119
24816  20.192  -43.493  -27.375 0.3000000119
24858  25.266  -43.998  -30.981 0.5000000000
24891  25.466  -43.121  -32.045 0.3000000119
25634  27.452  -42.199  -21.577 0.6000000238
25651  25.336  -42.279  -22.061 0.6000000238
25667  22.696  -42.836  -23.694 0.6000000238
25675  31.276  -42.550  -24.391 0.6000000238
25676  31.060  -43.171  -24.270 0.6999999881
25687  22.177  -42.379  -24.950 0.6000000238
25710  30.738  -42.625  -27.247 0.8000000119
25711  30.250  -42.840  -27.941 0.8000000119
25712  20.988  -41.892  -27.267 0.3000000119
25723  30.544  -42.015  -27.845 0.8000000119
25735  29.033  -41.886  -29.339 0.8000000119
25738  25.719  -43.088  -30.718 0.6000000238
25750  25.186  -43.190  -31.297 0.5000000000
25761  25.227  -42.884  -31.641 0.5000000000
26552  28.604  -41.195  -21.791 0.6999999881
26553  25.291  -41.650  -22.323 0.6999999881
26587  21.494  -41.868  -26.410 0.4000000060
26596  31.427  -41.800  -26.315 0.8999999762
26597  31.098  -41.913  -27.104 0.8999999762
26625  29.598  -41.258  -29.052 0.8000000119
26651  25.537  -41.565  -31.650 0.5000000000
26664  27.124  -41.760  -32.838 0.3000000119
26665  26.432  -41.745  -32.605 0.3000000119
27470  25.367  -40.904  -22.559 0.6999999881
27497  23.082  -40.804  -24.648 0.5000000000
27518  31.666  -41.041  -25.924 1.0000000000
27520  21.542  -40.065  -26.913 0.3000000119
27560  27.047  -40.609  -30.548 0.8000000119
27562  26.155  -40.584  -31.031 0.6999999881
27573  25.552  -40.080  -32.101 0.5000000000
27580  27.486  -40.605  -33.185 0.4000000060
28348  28.652  -39.315  -22.119 0.8999999762
28363  25.640  -39.388  -22.906 0.8000000119
28394  31.982  -39.471  -26.067 1.0000000000
28436  25.553  -39.085  -31.747 0.6999999881
28440  25.440  -38.805  -31.928 0.6999999881
28449  25.475  -39.251  -32.029 0.6000000238
28459  29.908  -39.986  -32.855 0.4000000060
28463  26.291  -39.483  -32.990 0.6000000238
29276  30.204  -38.569  -22.508 0.8999999762
29278  28.524  -38.569  -22.247 0.8999999762
29302  24.721  -38.718  -23.782 0.8000000119
29314  24.968  -38.029  -23.869 0.6999999881
29325  24.253  -37.613  -24.892 0.6000000238
29327  22.526  -38.363  -26.241 0.5000000000
29341  22.291  -37.646  -26.639 0.5000000000
29389  25.462  -38.315  -31.846 0.8999999762
29393  25.342  -38.098  -32.026 0.6999999881
29399  25.423  -38.347  -32.068 0.8000000119
29407  31.297  -38.425  -33.202 0.5000000000
29410  28.475  -38.612  -33.537 0.5000000000
29412  26.362  -38.275  -33.274 0.6999999881
29426  29.522  -37.912  -33.550 0.5000000000
30335  27.168  -37.132  -22.848 0.8999999762
30350  25.149  -37.279  -24.103 0.6999999881
30363  23.531  -36.914  -25.654 0.5000000000
30377  22.285  -37.020  -26.671 0.5000000000
30387  32.209  -36.985  -27.325 1.0000000000
30389  21.625  -36.858  -27.363 0.3000000119
30390  21.021  -36.631  -28.010 0.3000000119
30421  26.207  -37.214  -31.363 0.8999999762
30422  25.700  -37.644  -31.658 0.8999999762
30441  26.761  -37.605  -33.499 0.6000000238
30444  25.469  -37.811  -32.350 0.8000000119
30456  26.754  -36.810  -33.579 0.6999999881
31418  32.466  -36.540  -26.886 1.0000000000
31420  21.484  -36.388  -27.009 0.5000000000
31433  20.952  -36.317  -27.631 0.5000000000
31435  19.890  -36.297  -27.731 0.3000000119
31461  29.112  -36.314  -30.465 0.8999999762
31466  25.496  -36.992  -31.930 0.8999999762
31476  25.466  -36.930  -32.043 0.8999999762
31486  25.438  -37.024  -32.265 0.8999999762
31494  25.604  -36.308  -33.129 0.8999999762
31495  25.454  -37.116  -32.436 0.8999999762
31501  31.923  -36.585  -34.158 0.5000000000
31502  30.959  -36.523  -34.052 0.5000000000
32377  32.161  -35.581  -23.857 0.8999999762
32378  31.542  -35.647  -23.179 0.8999999762
32401  32.548  -35.475  -24.698 0.8999999762
32403  25.481  -35.307  -24.262 0.6999999881
32440  22.197  -36.372  -25.975 0.4000000060
32497  29.576  -35.818  -30.355 0.8999999762
32501  25.767  -35.441  -31.847 0.8999999762
32512  26.848  -34.742  -31.389 0.8999999762
32525  33.477  -35.055  -33.596 0.5000000000
32527  25.380  -35.248  -33.086 0.8999999762
33442  30.532  -34.401  -30.027 1.0000000000
33450  27.657  -34.692  -31.113 0.8999999762
33452  25.687  -34.952  -31.954 0.8999999762
33458  25.771  -34.672  -31.904 0.8999999762
33459  25.519  -34.523  -32.275 0.8999999762
33471  33.759  -34.251  -33.439 0.6000000238
33476  25.332  -34.984  -33.042 0.8999999762
33485  31.035  -35.296  -33.992 0.6000000238
33487  28.972  -34.038  -34.378 0.8000000119
33488  28.265  -34.452  -34.383 0.8000000119
34275  32.866  -33.483  -27.382 1.0000000000
34295  29.385  -33.666  -30.636 1.0000000000
34303  27.174  -33.217  -31.421 0.8999999762
34322  25.467  -33.491  -33.294 0.8999999762
34331  30.075  -33.424  -33.855 0.6000000238
34333  28.730  -33.246  -34.361 0.6999999881
35036  29.813  -32.606  -22.342 0.8000000119
35074  33.399  -32.508  -25.700 1.0000000000
35134  26.498  -32.676  -31.680 0.8999999762
35140  25.355  -32.383  -32.613 0.8999999762
35149  29.690  -32.165  -33.806 0.6999999881
35960  32.872  -31.360  -28.075 1.0000000000
36004  25.181  -31.496  -33.257 0.8999999762
36016  25.159  -30.803  -33.452 0.8999999762
36740  29.097  -30.527  -22.315 0.6999999881
36758  33.267  -29.941  -23.999 0.6999999881
36809  33.058  -30.772  -27.927 1.0000000000
36839  29.053  -30.553  -30.959 1.0000000000
36861  34.855  -30.789  -33.684 0.6000000238
36867  29.066  -30.986  -34.037 0.6999999881
36868  24.889  -30.321  -33.261 0.8999999762
36881  26.031  -30.676  -34.212 0.8999999762
37580  28.031  -29.692  -22.497 0.5000000000
37679  26.986  -29.856  -31.752 1.0000000000
37688  24.770  -29.768  -33.103 0.8999999762
37704  24.798  -29.501  -33.536 0.8999999762
38445  27.725  -29.067  -22.548 0.5000000000
38495  34.187  -28.047  -25.174 0.6999999881
38505  34.205  -28.649  -26.503 0.6999999881
38548  26.260  -28.708  -32.264 1.0000000000
38549  25.505  -28.587  -32.540 1.0000000000
38571  31.568  -28.772  -33.764 0.6000000238
38573  24.654  -28.678  -33.522 0.8999999762
38585  32.685  -28.025  -34.035 0.6000000238
38589  28.134  -28.537  -34.559 0.6999999881
39358  30.564  -27.817  -22.468 0.5000000000
39367  33.543  -27.449  -24.088 0.6999999881
39447  30.765  -27.799  -30.586 0.8999999762
39468  25.307  -27.370  -32.813 1.0000000000
39489  29.884  -26.697  -35.056 0.6999999881
39492  27.000  -28.030  -34.736 0.6999999881
40442  28.833  -26.743  -31.801 0.8999999762
40452  28.119  -26.291  -32.205 0.8999999762
40453  27.418  -26.527  -32.318 0.8999999762
40467  24.667  -26.965  -33.634 1.0000000000
40471  31.859  -26.720  -34.911 0.6000000238
40474  24.519  -26.136  -34.335 1.0000000000
40485  28.409  -26.372  -35.433 0.8000000119
41441  33.760  -25.555  -30.462 0.8000000119
41442  31.771  -26.253  -30.968 0.8000000119
41451  33.281  -25.285  -31.094 0.8000000119
41453  31.412  -25.810  -31.431 0.8000000119
41471  24.752  -25.680  -33.770 0.8999999762
41481  25.079  -25.263  -33.670 1.0000000000
41488  24.563  -25.307  -34.694 0.8999999762
41500  24.635  -25.104  -35.208 0.8000000119
42427  25.607  -24.482  -24.308 0.3000000119
42456  35.314  -24.257  -27.230 0.5000000000
42468  35.460  -24.144  -28.758 0.6999999881
42477  35.366  -24.132  -29.386 0.6999999881
42516  31.439  -24.757  -32.415 0.8000000119
42548  24.715  -24.431  -35.510 0.8000000119
42561  28.723  -24.769  -36.832 0.6999999881
42578  30.189  -24.528  -37.647 0.6000000238
42580  28.294  -24.189  -37.267 0.6999999881
42598  31.526  -24.343  -38.388 0.5000000000
43517  26.956  -23.657  -24.663 0.4000000060
43616  27.766  -24.013  -33.852 0.8999999762
43629  30.015  -23.398  -34.423 0.8000000119
43632  27.089  -23.480  -34.381 0.8999999762
43633  25.480  -23.228  -34.866 0.8999999762
43634  24.778  -23.314  -35.341 0.8999999762
43644  24.715  -23.200  -35.802 0.8000000119
43685  29.322  -23.222  -38.289 0.6000000238
44634  31.721  -22.936  -24.868 0.4000000060
44636  30.069  -22.744  -25.028 0.4000000060
44774  31.961  -22.050  -35.236 0.6999999881
44775  30.606  -22.246  -35.388 0.6999999881
44802  26.567  -22.467  -37.738 0.6000000238
44804  25.294  -22.130  -36.961 0.8000000119
44822  26.226  -21.783  -37.888 0.6999999881
44832  29.576  -22.022  -38.902 0.6000000238
45639  30.405  -21.405  -26.512 0.4000000060
45751  26.362  -21.398  -35.987 0.8000000119
45752  25.504  -21.845  -35.900 0.8999999762
45780  25.534  -21.123  -37.317 0.8000000119
45807  29.609  -21.301  -39.297 0.6000000238
46664  30.942  -19.971  -27.987 0.3000000119
46741  25.390  -21.569  -36.470 0.8000000119
46749  33.318  -19.675  -36.236 0.4000000060
46754  27.734  -20.520  -36.666 0.8000000119
46779  25.635  -20.485  -38.156 0.6999999881
46797  26.206  -19.738  -38.751 0.6999999881
46798  25.776  -19.750  -38.326 0.6999999881
46808  30.520  -20.019  -40.067 0.5000000000
47679  36.457  -19.340  -32.493 0.3000000119
47719  33.807  -19.171  -36.227 0.4000000060
47720  32.050  -19.039  -37.211 0.5000000000
47721  31.261  -19.380  -37.228 0.6999999881
47725  26.676  -19.350  -37.559 0.8000000119
47739  25.790  -19.446  -38.019 0.8000000119
47749  25.855  -19.503  -38.285 0.8000000119
48716  26.047  -19.141  -37.921 0.8000000119
48735  30.498  -18.181  -38.214 0.5000000000
48757  29.165  -17.722  -41.151 0.6000000238
48759  27.256  -17.859  -40.168 0.6000000238
48771  31.801  -18.455  -41.133 0.5000000000
49983  33.799  -18.038  -36.899 0.4000000060
49993  33.493  -17.594  -37.390 0.4000000060
49997  26.899  -18.079  -38.642 0.6000000238
50007  29.950  -17.703  -38.552 0.6999999881
50008  28.957  -17.725  -38.577 0.6000000238
50010  26.942  -17.760  -39.266 0.6000000238
50011  26.466  -18.451  -38.821 0.6999999881
50019  27.120  -17.527  -39.793 0.6000000238
50028  28.286  -17.186  -41.056 0.6000000238
50029  27.294  -17.334  -40.185 0.6000000238
51174  30.871  -16.787  -39.072 0.3000000119
51177  28.009  -16.520  -39.802 0.6000000238
51210  28.104  -16.555  -41.021 0.6000000238
52241  36.520  -15.156  -34.799 0.3000000119
52299  29.019  -15.579  -40.515 0.4000000060
52317  28.342  -16.021  -41.060 0.6000000238
52322  31.361  -15.439  -42.987 0.4000000060
53336  32.441  -14.599  -39.992 0.3000000119
53348  31.179  -14.088  -40.929 0.4000000060
53357  29.424  -14.891  -41.668 0.4000000060
53366  35.348  -14.516  -44.022 0.3000000119
53369  31.697  -13.954  -43.776 0.4000000060
54310  30.025  -14.065  -41.619 0.4000000060
54317  31.047  -13.372  -41.940 0.4000000060
54318  30.180  -13.688  -42.172 0.4000000060
54326  30.237  -13.682  -42.728 0.4000000060
54332  30.156  -13.863  -42.951 0.4000000060
55393  31.687  -12.517  -44.035 0.4000000060
133639  33.232  -32.737  -33.224 0.6000000238
135430  25.735  -41.996  -31.050 0.6000000238
135536  27.744  -30.920  -34.405 0.6999999881
135890  27.692  -42.062  -32.848 0.3000000119
136656  26.360  -31.475  -34.148 0.8999999762
136977  29.277  -36.004  -22.372 0.8999999762
137286  24.899  -48.786  -20.519 0.4000000060
137560  33.698  -29.111  -27.599 0.8000000119
137612  30.185  -36.043  -22.470 0.8999999762
137801  24.555  -26.262  -33.926 1.0000000000
137981  24.261  -42.969  -22.283 0.6000000238
138175  26.029  -36.026  -31.610 0.8999999762
138250  29.153  -35.995  -34.172 0.6000000238
138605  25.256  -33.035  -32.911 0.8999999762
138606  28.397  -42.582  -21.636 0.6000000238
140078  28.759  -20.568  -27.705 0.3000000119
140458  31.886  -36.869  -27.944 1.0000000000
140865  31.239  -17.725  -41.568 0.5000000000
141063  33.013  -31.046  -33.233 0.6000000238
141161  28.273  -29.315  -31.423 1.0000000000
141239  29.065  -32.823  -34.224 0.6999999881
141743  26.429  -18.655  -39.143 0.6000000238
142064  27.658  -33.770  -34.313 0.6999999881
142167  27.122  -47.061  -21.151 0.4000000060
143685  29.368  -34.748  -34.329 0.6000000238
143817  30.845  -35.004  -29.724 0.8999999762
144311  25.632  -29.167  -32.418 1.0000000000
144764  26.071  -38.896  -32.990 0.6999999881
145068  35.724  -21.825  -28.832 0.4000000060
145071  28.161  -39.989  -33.349 0.5000000000
145086  26.126  -40.965  -32.560 0.4000000060
145127  26.314  -45.989  -21.198 0.5000000000
145863  30.494  -32.910  -30.165 1.0000000000
146618  27.465  -46.251  -29.171 0.4000000060
146626  28.565  -39.968  -29.927 0.8000000119
146759  29.868  -46.207  -24.828 0.5000000000
146996  24.732  -29.155  -33.082 0.8999999762
147190  25.446  -35.170  -32.483 0.8999999762
147408  31.734  -30.236  -33.389 0.6000000238
147682  29.278  -27.494  -22.451 0.4000000060
147740  31.790  -22.385  -25.399 0.4000000060
147853  19.787  -42.794  -28.062 0.3000000119
148124  29.322  -40.034  -29.463 0.8000000119
148219  34.634  -23.008  -26.249 0.5000000000
148245  32.027  -38.844  -24.887 1.0000000000
148381  26.187  -23.748  -34.253 0.8999999762
148886  29.982  -38.398  -33.363 0.5000000000
149327  29.620  -45.795  -22.846 0.5000000000
149906  29.883  -41.718  -22.304 0.8999999762
149984  28.882  -38.093  -33.588 0.5000000000
150053  28.490  -43.439  -21.642 0.6000000238
150086  27.416  -46.572  -21.274 0.6000000238
150397  31.678  -31.186  -29.363 1.0000000000
150877  25.524  -32.752  -33.434 0.8999999762
151010  28.459  -31.011  -34.282 0.6999999881
151024  30.670  -38.202  -33.349 0.5000000000
151354  25.334  -42.966  -32.097 0.5000000000
151532  29.406  -47.651  -26.024 0.4000000060
151726  25.606  -35.887  -33.194 0.8999999762
152066  27.040  -20.605  -36.562 0.8000000119
152336  25.726  -35.535  -31.885 0.8999999762
152819  25.496  -40.101  -22.763 0.6999999881
153138  34.100  -14.196  -44.381 0.3000000119
153667  25.568  -32.515  -32.299 0.8999999762
153808  29.883  -30.621  -22.144 0.6000000238
154451  35.193  -20.643  -28.363 0.3000000119
154672  25.241  -36.514  -24.376 0.6000000238
154750  21.680  -45.913  -23.574 0.4000000060
155084  31.645  -30.411  -22.550 0.8000000119
155153  35.301  -16.732  -36.503 0.3000000119
155198  27.428  -32.266  -31.447 0.8999999762
155265  24.635  -23.742  -35.394 0.8999999762
155470  29.651  -38.134  -22.381 0.8999999762
155719  25.563  -33.842  -32.293 0.8999999762
155935  25.227  -35.897  -24.501 0.6000000238
156597  32.143  -28.374  -33.847 0.6000000238
156734  29.849  -15.452  -40.166 0.5000000000
157433  25.410  -23.739  -36.450 0.8000000119
157622  27.916  -31.560  -31.365 1.0000000000
158019  26.923  -33.236  -23.503 0.6000000238
158307  26.411  -41.870  -21.835 0.6000000238
158388  28.327  -34.297  -30.940 0.8999999762
158406  25.584  -20.025  -38.167 0.6999999881
158716  26.878  -18.123  -39.771 0.6000000238
159317  27.175  -22.448  -35.272 0.8999999762
