#!ascii label  , from subject ICBM2009cNolinAsym vox2ras=TkReg
1769
3920  22.244  -72.347  -26.565 0.6999999881
3921  21.307  -72.396  -26.582 0.8000000119
4402  21.436  -71.617  -25.116 0.8000000119
140350  20.410  -71.541  -25.095 0.6999999881
3485  22.152  -73.409  -28.257 0.6000000238
3929  21.789  -72.705  -27.160 0.6000000238
4415  20.832  -71.985  -25.901 0.6000000238
3500  22.411  -74.238  -29.553 0.6000000238
131704  21.082  -71.151  -24.360 0.8000000119
132096  20.039  -71.170  -24.050 0.6999999881
153966  19.353  -70.994  -23.289 0.6999999881
131705  18.939  -71.325  -24.069 0.6999999881
137042  22.362  -72.802  -27.645 0.6000000238
4414  21.859  -72.106  -25.821 0.6999999881
3509  22.590  -74.530  -30.261 0.6000000238
3129  23.403  -74.864  -29.927 0.6000000238
3130  22.991  -74.847  -31.089 0.6000000238
2554  24.806  -76.345  -32.337 0.6000000238
157846  23.850  -75.457  -32.491 0.6000000238
156061  20.920  -70.201  -22.879 0.8000000119
131939  20.378  -69.825  -22.282 0.8000000119
155248  19.120  -70.329  -22.279 0.6999999881
149394  17.767  -68.961  -21.873 0.6999999881
132166  16.485  -69.971  -22.296 0.6999999881
4873  21.632  -70.705  -23.877 0.8000000119
132114  20.155  -70.618  -22.998 0.6999999881
132238  17.915  -70.548  -22.502 0.6999999881
4401  22.406  -71.473  -25.201 0.6999999881
131963  20.926  -70.704  -23.551 0.8000000119
131706  18.462  -71.067  -23.180 0.6999999881
4413  22.778  -71.699  -26.056 0.6999999881
3489  23.320  -73.451  -28.966 0.6999999881
3122  23.208  -74.430  -29.692 0.6000000238
3499  23.218  -73.988  -29.169 0.6000000238
2834  24.121  -75.748  -31.835 0.6000000238
2819  23.506  -75.304  -31.328 0.6000000238
2547  24.891  -76.687  -31.566 0.6000000238
2264  25.411  -77.884  -31.072 0.6999999881
1939  25.544  -78.122  -31.882 0.6000000238
1935  25.632  -78.639  -29.993 0.5000000000
148020  25.539  -78.474  -30.872 0.6000000238
1580  25.698  -79.535  -30.109 0.5000000000
149455  20.679  -67.914  -22.551 0.8999999762
131920  19.644  -69.105  -21.703 0.8000000119
149454  18.771  -68.319  -21.740 0.6999999881
5342  22.542  -69.439  -24.176 0.6999999881
131955  21.322  -68.701  -22.838 0.8999999762
132191  16.937  -69.309  -22.173 0.6999999881
4888  23.144  -70.860  -25.536 0.8000000119
4394  22.778  -70.703  -24.702 0.8000000119
4428  23.384  -71.246  -27.507 0.8000000119
3962  23.910  -72.695  -29.791 0.6999999881
3928  22.956  -72.102  -27.596 0.6999999881
3498  24.001  -73.618  -29.717 0.8000000119
150469  23.675  -74.369  -29.208 0.6999999881
158590  24.330  -76.088  -31.321 0.6000000238
1933  25.004  -78.228  -29.470 0.6999999881
5844  21.879  -68.444  -23.987 0.8999999762
149432  19.829  -67.944  -21.873 0.8000000119
131981  17.905  -67.819  -22.292 0.6999999881
5347  23.079  -69.325  -25.053 0.8000000119
5835  22.194  -68.922  -23.851 0.8000000119
4880  23.405  -69.909  -25.888 0.6999999881
154586  23.525  -71.194  -28.792 0.6000000238
3939  23.442  -71.991  -28.741 0.8000000119
3121  23.964  -74.731  -29.513 0.6999999881
148535  23.959  -75.110  -29.254 0.8000000119
2818  23.795  -75.410  -30.294 0.6999999881
2800  23.874  -75.903  -29.206 0.8000000119
2249  23.904  -77.585  -28.679 0.6999999881
2258  24.400  -77.600  -29.590 0.6999999881
2533  24.224  -76.262  -30.405 0.6999999881
2248  24.372  -78.023  -28.951 0.6999999881
1936  25.201  -78.033  -30.284 0.6999999881
8157  16.643  -65.213  -34.473 0.6000000238
9410  17.276  -63.157  -33.666 0.6000000238
9411  16.141  -62.503  -33.332 0.6000000238
151222  16.498  -61.135  -33.376 0.6999999881
6416  20.594  -67.500  -23.229 0.8999999762
149348  18.562  -67.198  -22.899 0.6999999881
4905  23.547  -70.594  -28.290 0.6000000238
3972  23.989  -71.827  -30.967 0.6000000238
4452  23.638  -71.316  -29.395 0.6000000238
3507  25.625  -73.589  -31.246 0.6999999881
3508  24.929  -73.162  -30.845 0.6999999881
6471  18.492  -67.954  -27.040 0.6999999881
141955  17.631  -67.628  -26.684 0.6999999881
3497  24.632  -74.043  -29.942 0.8000000119
150229  18.656  -68.770  -28.724 0.6000000238
5889  18.166  -68.306  -27.916 0.6000000238
5890  17.380  -68.070  -28.036 0.6999999881
156620  17.759  -68.508  -28.545 0.5000000000
5900  17.043  -68.339  -28.747 0.6999999881
148389  24.240  -75.126  -28.854 0.8000000119
5912  18.671  -69.179  -29.728 0.5000000000
150320  18.286  -69.458  -31.068 0.5000000000
2526  23.813  -76.852  -29.068 0.6999999881
136774  18.625  -69.507  -32.003 0.5000000000
6504  19.714  -68.069  -34.125 0.6000000238
139380  18.687  -69.372  -33.006 0.5000000000
5956  18.328  -69.032  -33.728 0.6000000238
5944  18.017  -69.326  -32.741 0.6999999881
151360  17.258  -67.310  -34.966 0.6999999881
6519  19.309  -67.333  -34.620 0.5000000000
7026  18.842  -66.398  -34.951 0.6000000238
6520  18.099  -67.532  -34.885 0.6000000238
7548  17.290  -65.455  -34.700 0.6000000238
7025  20.032  -66.419  -34.444 0.6000000238
148671  18.811  -65.477  -34.797 0.6000000238
8156  18.160  -64.927  -34.611 0.6000000238
7547  19.714  -65.522  -34.575 0.5000000000
140502  18.198  -63.193  -33.906 0.6000000238
154502  16.877  -62.580  -33.503 0.6000000238
143666  17.312  -61.236  -33.506 0.6999999881
11482  16.531  -59.051  -32.793 0.6000000238
11483  15.716  -59.313  -32.518 0.6999999881
8155  19.270  -64.725  -34.546 0.6000000238
8778  19.199  -63.191  -34.029 0.6000000238
9409  17.773  -62.238  -33.615 0.6000000238
10106  18.278  -61.239  -33.553 0.6999999881
11480  18.358  -58.899  -33.169 0.5000000000
6429  20.093  -67.244  -23.856 0.8999999762
5366  23.484  -69.671  -26.932 0.6000000238
5353  23.154  -68.949  -26.238 0.6999999881
6430  19.095  -67.139  -23.781 0.8000000119
6432  16.754  -67.782  -23.559 0.6999999881
6446  18.439  -67.339  -24.854 0.6999999881
6445  19.497  -67.347  -24.764 0.8000000119
3971  24.544  -72.469  -30.750 0.6999999881
6470  19.170  -67.772  -26.330 0.8000000119
6462  18.368  -67.555  -26.031 0.6000000238
136959  19.094  -68.418  -27.775 0.6999999881
5911  19.556  -69.031  -29.357 0.6000000238
2799  25.006  -74.793  -29.195 0.8000000119
3119  26.092  -74.642  -30.240 0.8000000119
3115  24.811  -75.018  -28.575 0.8000000119
154207  19.512  -69.339  -30.288 0.5000000000
3116  24.150  -75.427  -28.520 0.8000000119
5931  19.062  -69.524  -31.106 0.5000000000
6503  20.391  -67.705  -34.080 0.5000000000
150290  20.630  -67.088  -34.061 0.6000000238
5955  19.225  -69.101  -33.707 0.6000000238
6518  20.230  -67.187  -34.172 0.6000000238
7546  20.674  -65.592  -33.910 0.6000000238
13017  17.772  -56.936  -32.040 0.5000000000
8154  20.358  -64.713  -34.124 0.5000000000
12264  17.936  -58.152  -32.799 0.5000000000
12265  16.985  -58.252  -32.618 0.6000000238
8777  20.040  -63.192  -33.648 0.6000000238
154666  18.711  -62.636  -33.744 0.6999999881
10105  19.199  -61.139  -33.411 0.6999999881
11490  17.828  -59.735  -33.383 0.6999999881
8776  20.462  -63.450  -32.855 0.6000000238
11488  19.265  -59.782  -33.305 0.6000000238
9397  20.160  -62.694  -32.502 0.6999999881
10104  19.844  -61.113  -33.088 0.6000000238
10786  20.199  -60.402  -32.834 0.5000000000
5853  22.619  -68.604  -25.405 0.6999999881
5854  21.920  -68.192  -24.799 0.6999999881
6428  20.913  -67.613  -23.977 0.6999999881
6444  20.513  -67.564  -24.879 0.8000000119
6461  19.808  -67.625  -25.680 0.6999999881
156265  19.372  -68.131  -27.039 0.6999999881
14628  18.293  -55.666  -30.895 0.5000000000
7533  22.498  -65.232  -32.896 0.5000000000
149695  21.524  -65.591  -33.271 0.6000000238
13789  17.654  -56.447  -31.601 0.5000000000
8137  22.082  -65.300  -32.153 0.5000000000
141514  22.890  -65.194  -31.857 0.5000000000
8152  21.629  -65.215  -32.545 0.6000000238
11479  19.287  -59.042  -33.116 0.5000000000
8105  21.988  -65.381  -31.454 0.5000000000
8119  21.223  -65.171  -31.924 0.6000000238
8762  20.404  -64.021  -32.231 0.6000000238
8106  20.433  -64.504  -31.905 0.6000000238
149121  22.568  -68.436  -26.172 0.6999999881
5855  21.299  -67.893  -25.350 0.6999999881
5872  20.653  -67.816  -25.901 0.6999999881
9385  20.103  -62.346  -31.923 0.5000000000
136466  23.110  -65.164  -31.646 0.5000000000
10096  20.423  -60.911  -32.318 0.5000000000
136822  20.614  -64.987  -31.406 0.5000000000
8107  19.735  -64.039  -31.382 0.5000000000
8756  19.979  -63.347  -31.978 0.5000000000
141315  20.208  -61.708  -32.390 0.5000000000
9380  19.710  -62.678  -30.513 0.5000000000
10068  20.462  -61.501  -29.907 0.5000000000
8061  20.693  -64.529  -28.879 0.5000000000
8742  19.485  -63.176  -29.616 0.5000000000
10085  20.395  -61.498  -31.766 0.5000000000
8078  20.937  -64.909  -29.851 0.5000000000
8097  19.684  -64.302  -30.556 0.5000000000
8750  19.705  -62.964  -31.326 0.5000000000
8094  22.470  -65.335  -30.820 0.5000000000
8096  20.333  -64.822  -30.576 0.5000000000
8062  19.825  -64.139  -28.960 0.5000000000
14609  15.684  -55.469  -29.647 0.6000000238
14622  15.119  -55.876  -30.093 0.6000000238
15394  16.890  -54.825  -29.361 0.5000000000
14596  15.186  -55.433  -28.861 0.6999999881
14610  14.677  -55.704  -29.556 0.6000000238
13779  13.778  -56.476  -30.180 0.6000000238
13763  12.552  -56.442  -29.464 0.6999999881
14583  14.772  -55.684  -28.064 0.6000000238
14597  14.433  -55.585  -28.817 0.6999999881
13762  13.278  -56.089  -29.500 0.6999999881
13780  12.967  -56.721  -30.030 0.6999999881
12956  10.965  -56.922  -28.898 0.8000000119
13739  15.196  -55.960  -27.068 0.5000000000
14582  15.652  -55.482  -27.959 0.5000000000
13752  12.610  -56.042  -28.842 0.8000000119
146214  12.956  -55.897  -28.028 0.6000000238
12958  9.466  -57.610  -28.440 0.6999999881
158831  15.621  -56.214  -25.819 0.5000000000
14570  16.156  -55.618  -27.057 0.5000000000
12944  10.714  -56.873  -28.093 0.6999999881
12188  9.883  -57.913  -29.086 0.6999999881
13741  12.103  -56.257  -28.109 0.6999999881
13727  14.328  -56.353  -26.568 0.6999999881
11428  7.679  -59.351  -27.829 0.6999999881
12945  9.920  -57.092  -27.944 0.6999999881
13726  15.174  -56.279  -26.102 0.6000000238
13728  12.635  -56.428  -27.111 0.8000000119
12899  6.238  -57.503  -24.144 0.6999999881
12133  6.456  -58.025  -24.526 0.8000000119
13682  16.381  -56.955  -23.110 0.4000000060
12173  7.960  -58.416  -27.708 0.6999999881
149114  16.085  -56.806  -23.911 0.5000000000
12172  8.677  -57.903  -28.224 0.6999999881
13708  15.432  -56.480  -25.279 0.6000000238
12908  14.021  -57.082  -25.027 0.6000000238
12927  11.471  -56.690  -27.374 0.6999999881
13710  13.778  -56.801  -25.881 0.8000000119
12926  12.946  -56.915  -26.156 0.8000000119
18423  6.567  -51.110  -18.673 0.5000000000
18438  6.507  -50.919  -19.754 0.5000000000
18462  5.245  -51.307  -19.965 0.5000000000
16870  7.308  -53.029  -24.220 0.5000000000
16098  7.517  -53.941  -24.540 0.6000000238
16882  7.952  -53.332  -24.750 0.6000000238
16100  6.255  -53.646  -23.241 0.6000000238
16064  4.735  -53.792  -21.185 0.6000000238
142880  6.114  -55.886  -23.378 0.6999999881
16099  6.817  -53.947  -23.893 0.6999999881
13700  6.310  -56.499  -23.769 0.6999999881
136191  5.927  -56.903  -23.283 0.6999999881
12159  7.729  -58.028  -26.708 0.6999999881
11420  7.579  -58.842  -26.168 0.6999999881
12932  7.489  -57.606  -25.817 0.8000000119
12880  15.476  -57.175  -23.333 0.5000000000
12947  8.312  -57.735  -27.553 0.6999999881
12893  14.923  -57.119  -23.973 0.6000000238
145764  9.787  -57.032  -27.276 0.8000000119
12909  13.231  -57.196  -25.328 0.6999999881
156277  10.845  -57.373  -26.008 0.8000000119
12928  11.089  -57.152  -26.512 0.8000000119
18422  7.056  -51.159  -18.516 0.5000000000
18437  7.077  -51.010  -19.419 0.6000000238
18436  8.605  -51.191  -19.531 0.5000000000
157966  7.722  -50.931  -19.841 0.6000000238
136249  5.862  -50.966  -19.985 0.6000000238
17625  4.797  -51.825  -20.239 0.6000000238
19320  6.938  -50.146  -21.367 0.6000000238
17632  5.532  -51.362  -21.518 0.5000000000
17666  8.117  -52.577  -24.642 0.5000000000
17656  7.631  -52.015  -24.068 0.5000000000
142716  9.514  -53.163  -25.381 0.6000000238
16863  6.377  -52.523  -23.179 0.6000000238
15360  5.438  -54.072  -22.396 0.6999999881
17633  4.910  -51.962  -21.060 0.6000000238
16110  8.834  -53.871  -25.183 0.6000000238
14545  7.062  -55.534  -24.314 0.6999999881
13671  5.710  -56.270  -22.756 0.6999999881
14535  5.750  -54.730  -22.690 0.6999999881
14524  5.446  -54.776  -22.324 0.8000000119
15350  5.038  -53.604  -21.870 0.6999999881
14556  8.008  -55.105  -24.905 0.6999999881
14558  6.972  -56.187  -24.418 0.6999999881
14544  8.553  -55.174  -24.948 0.6999999881
12915  6.705  -57.168  -24.766 0.8000000119
13712  8.348  -56.537  -25.557 0.8000000119
12933  7.093  -57.342  -25.301 0.8000000119
12881  14.561  -57.406  -23.291 0.5000000000
155283  12.886  -57.226  -22.258 0.6000000238
12914  8.764  -56.836  -26.224 0.8000000119
13729  7.999  -57.163  -26.054 0.8000000119
12894  14.241  -57.251  -24.140 0.6000000238
134105  12.934  -57.571  -23.565 0.6999999881
12912  10.603  -57.332  -25.457 0.8000000119
12896  12.519  -57.539  -24.264 0.6999999881
137262  11.310  -57.482  -24.933 0.6999999881
12910  12.435  -57.314  -25.571 0.8000000119
18414  8.686  -51.126  -17.409 0.4000000060
18421  8.372  -51.380  -18.425 0.5000000000
18457  9.222  -50.549  -20.448 0.4000000060
19305  7.896  -49.784  -21.269 0.5000000000
19329  7.090  -50.093  -21.794 0.5000000000
134228  9.453  -52.357  -25.288 0.5000000000
18492  7.944  -51.047  -23.835 0.6000000238
17646  7.172  -51.406  -23.409 0.6000000238
18477  6.141  -51.044  -22.139 0.6000000238
16109  10.317  -53.191  -25.581 0.6000000238
17648  5.958  -52.235  -22.720 0.6999999881
17641  5.232  -52.241  -21.922 0.6999999881
16097  9.470  -53.925  -25.180 0.6000000238
13713  7.690  -56.568  -25.354 0.8000000119
13683  11.592  -56.785  -22.997 0.6999999881
12897  10.807  -57.203  -24.506 0.6999999881
12898  9.992  -56.871  -24.912 0.8000000119
13698  9.503  -56.146  -24.434 0.8000000119
12883  12.290  -57.440  -23.689 0.6999999881
18420  9.426  -51.391  -18.360 0.4000000060
18413  9.654  -50.919  -17.250 0.4000000060
19264  9.111  -49.822  -16.416 0.4000000060
18456  10.307  -50.650  -20.275 0.5000000000
18435  9.775  -51.166  -19.517 0.4000000060
20071  8.464  -49.086  -16.280 0.5000000000
19319  7.525  -49.768  -21.558 0.5000000000
19334  8.845  -49.345  -23.091 0.5000000000
18476  7.253  -50.153  -22.375 0.5000000000
20142  10.026  -48.923  -23.601 0.5000000000
18484  6.706  -50.918  -22.700 0.6999999881
15364  9.104  -54.707  -24.810 0.6000000238
13699  8.746  -55.937  -25.065 0.8000000119
13669  12.161  -56.659  -22.242 0.6000000238
13670  11.351  -56.227  -22.536 0.6000000238
15348  11.318  -54.978  -22.039 0.6999999881
15358  9.894  -54.759  -23.595 0.6999999881
13697  10.316  -56.588  -24.025 0.6999999881
20888  8.592  -47.554  -15.902 0.3000000119
18455  11.282  -50.625  -19.995 0.4000000060
18419  11.028  -51.012  -18.441 0.3000000119
137026  11.225  -50.617  -17.645 0.4000000060
18412  10.491  -50.374  -16.956 0.4000000060
19263  9.970  -49.657  -16.423 0.4000000060
143996  8.900  -48.206  -16.024 0.5000000000
19303  9.925  -50.015  -21.020 0.4000000060
148410  9.696  -48.176  -16.075 0.3000000119
19304  8.767  -49.664  -21.284 0.4000000060
19342  9.518  -49.387  -23.721 0.5000000000
20115  8.858  -49.207  -21.805 0.4000000060
19350  10.820  -50.042  -24.940 0.6000000238
19317  9.549  -49.184  -21.708 0.4000000060
20151  11.107  -49.185  -24.674 0.4000000060
20135  9.324  -49.007  -22.561 0.5000000000
14543  9.083  -55.410  -24.550 0.6999999881
13685  9.978  -55.982  -23.656 0.6999999881
20072  7.994  -48.235  -16.295 0.4000000060
20070  10.330  -48.716  -16.308 0.4000000060
21828  10.344  -46.729  -16.521 0.3000000119
138346  10.892  -50.107  -20.837 0.3000000119
20126  10.263  -48.578  -22.537 0.4000000060
20954  11.452  -48.407  -24.433 0.4000000060
20133  10.540  -48.465  -23.359 0.4000000060
18411  12.017  -50.264  -17.771 0.3000000119
19275  11.493  -49.796  -17.035 0.3000000119
19262  10.716  -49.509  -16.602 0.4000000060
20069  11.227  -48.874  -16.590 0.3000000119
159128  10.942  -48.114  -16.464 0.3000000119
19292  12.145  -50.413  -19.570 0.3000000119
20112  11.177  -48.911  -21.965 0.3000000119
20931  10.772  -48.235  -22.898 0.3000000119
20125  10.954  -48.325  -22.664 0.3000000119
20944  11.864  -47.763  -24.226 0.3000000119
20078  12.065  -48.933  -16.894 0.3000000119
20894  11.948  -47.419  -17.215 0.3000000119
19285  12.696  -49.919  -18.118 0.3000000119
141207  12.416  -48.186  -17.151 0.3000000119
20124  11.924  -48.497  -22.391 0.3000000119
153065  11.732  -47.948  -22.937 0.3000000119
21900  12.435  -47.223  -24.146 0.3000000119
139101  9.269  -46.904  -15.735 0.3000000119
19291  12.981  -50.037  -19.072 0.3000000119
19284  13.326  -49.491  -18.329 0.3000000119
143305  12.577  -47.924  -22.839 0.3000000119
5923  17.999  -69.253  -30.288 0.6000000238
5932  17.772  -69.401  -31.720 0.6999999881
5933  17.233  -69.292  -32.378 0.6999999881
5957  17.747  -68.489  -34.370 0.6999999881
19328  7.745  -49.603  -22.017 0.4000000060
18483  7.494  -50.465  -23.121 0.6000000238
21827  11.082  -47.256  -16.791 0.3000000119
3930  20.862  -72.655  -27.335 0.6999999881
132038  17.443  -71.089  -23.211 0.6999999881
3952  23.169  -72.985  -28.577 0.8000000119
2269  25.318  -77.336  -31.479 0.6000000238
156674  24.836  -76.903  -31.069 0.6999999881
6431  17.625  -67.479  -23.240 0.6999999881
3120  24.733  -74.589  -29.634 0.8000000119
2525  24.141  -76.793  -29.835 0.6999999881
2801  23.770  -76.122  -28.491 0.8000000119
10796  16.918  -60.389  -33.324 0.6999999881
7027  17.715  -66.670  -35.037 0.6000000238
143221  15.987  -58.349  -32.298 0.6000000238
9408  19.440  -62.565  -33.558 0.6999999881
142619  19.045  -67.495  -25.544 0.8000000119
5930  19.829  -69.542  -31.146 0.5000000000
157994  19.305  -69.644  -31.753 0.6000000238
8138  20.924  -64.837  -32.358 0.6000000238
12930  9.305  -56.941  -26.841 0.8000000119
1227  28.912  -80.928  -24.684 0.4000000060
1226  29.615  -80.507  -24.208 0.4000000060
1241  28.082  -80.831  -26.828 0.3000000119
962  27.498  -81.668  -25.512 0.4000000060
147146  27.401  -81.531  -24.658 0.4000000060
954  28.058  -81.044  -24.141 0.4000000060
2221  28.561  -77.783  -26.417 0.4000000060
2236  29.778  -78.044  -26.927 0.5000000000
1561  30.211  -79.141  -26.695 0.5000000000
2237  28.937  -78.221  -26.967 0.3000000119
1562  29.595  -79.258  -26.898 0.4000000060
1233  29.700  -80.327  -25.669 0.4000000060
1563  28.842  -79.392  -27.128 0.3000000119
1240  28.737  -80.581  -26.443 0.3000000119
1234  28.990  -80.855  -25.603 0.3000000119
1244  27.874  -80.290  -27.458 0.3000000119
1901  28.120  -78.349  -26.834 0.4000000060
2509  29.025  -77.082  -25.926 0.5000000000
2222  27.603  -77.860  -26.150 0.3000000119
1919  27.749  -78.862  -27.327 0.3000000119
1565  27.318  -79.414  -27.859 0.4000000060
1572  26.242  -78.954  -28.953 0.4000000060
1571  26.791  -79.663  -28.708 0.4000000060
1252  25.970  -80.054  -29.761 0.4000000060
2192  27.403  -77.214  -25.218 0.4000000060
2193  26.362  -77.337  -24.830 0.4000000060
2208  25.774  -77.740  -25.387 0.4000000060
2209  24.857  -77.592  -25.312 0.4000000060
2777  23.963  -75.934  -24.017 0.5000000000
1903  26.520  -78.371  -26.823 0.4000000060
1886  24.436  -77.731  -26.071 0.4000000060
1566  26.556  -78.916  -28.181 0.4000000060
142916  24.839  -78.114  -26.708 0.4000000060
1582  25.119  -78.763  -31.826 0.6000000238
133784  25.678  -79.028  -30.537 0.4000000060
3093  23.827  -74.976  -24.532 0.6000000238
145029  23.882  -75.057  -25.909 0.6000000238
2223  23.799  -77.313  -26.310 0.6000000238
2510  23.538  -76.622  -26.270 0.6000000238
133540  23.547  -77.094  -26.994 0.6000000238
141982  23.501  -76.405  -27.019 0.6999999881
148726  24.657  -78.296  -27.913 0.5000000000
2238  23.737  -77.503  -27.770 0.6000000238
2793  23.639  -76.255  -27.773 0.6999999881
3099  24.794  -74.438  -26.692 0.6999999881
3105  25.311  -74.483  -27.271 0.6999999881
3100  24.331  -74.514  -25.941 0.6000000238
3106  24.719  -74.851  -27.408 0.6999999881
3114  25.692  -74.874  -28.840 0.6999999881
2798  26.234  -74.862  -29.603 0.6999999881
3128  25.730  -74.234  -30.679 0.6999999881
2789  24.219  -75.276  -27.496 0.6999999881
2792  23.967  -75.614  -27.952 0.6999999881
3113  27.204  -74.780  -29.128 0.5000000000
2797  27.277  -75.026  -29.885 0.6000000238
3109  25.367  -74.801  -28.035 0.6999999881
152268  26.997  -74.982  -30.319 0.6999999881
2817  27.297  -75.075  -31.036 0.6999999881
3110  24.527  -75.134  -28.027 0.6999999881
2805  27.952  -75.416  -30.709 0.6000000238
2545  28.670  -75.737  -31.086 0.6000000238
3127  26.763  -74.636  -31.421 0.6000000238
2833  27.670  -75.060  -31.877 0.6000000238
4405  17.562  -71.467  -24.766 0.6000000238
4404  18.417  -71.465  -24.890 0.6000000238
3144  26.448  -74.004  -31.909 0.6000000238
3982  25.008  -72.431  -31.822 0.5000000000
150379  15.901  -71.236  -23.586 0.6000000238
4388  16.484  -71.048  -23.151 0.6000000238
4396  16.826  -71.373  -24.022 0.6000000238
3143  27.279  -74.439  -32.449 0.6000000238
3519  26.224  -73.150  -32.349 0.5000000000
3520  25.539  -72.905  -31.805 0.5000000000
5338  14.083  -70.379  -23.385 0.6000000238
5846  14.749  -69.641  -23.322 0.6000000238
4390  14.233  -70.953  -23.152 0.6000000238
4397  14.865  -71.227  -23.511 0.6000000238
132220  16.065  -70.546  -22.735 0.6000000238
5838  16.353  -68.415  -22.965 0.6000000238
4865  15.695  -70.013  -22.591 0.6000000238
5367  23.053  -68.944  -27.426 0.6000000238
3518  26.985  -73.615  -32.924 0.6000000238
5847  14.323  -69.557  -23.821 0.6000000238
5856  15.876  -67.994  -24.924 0.6000000238
5845  15.829  -68.321  -23.806 0.6000000238
6448  16.678  -67.562  -25.315 0.6000000238
142882  16.486  -67.727  -24.405 0.6000000238
6463  17.525  -67.455  -25.646 0.5000000000
6447  17.369  -67.395  -24.405 0.6000000238
4875  12.794  -71.531  -23.843 0.6999999881
150908  13.274  -70.395  -23.942 0.6000000238
135640  15.058  -68.720  -24.414 0.6000000238
6449  16.082  -67.814  -25.848 0.6000000238
6464  16.718  -67.572  -26.466 0.6000000238
5916  15.026  -68.972  -30.074 0.6000000238
5858  14.161  -69.273  -24.801 0.6000000238
5857  15.205  -68.396  -25.662 0.6000000238
6473  16.278  -67.758  -27.456 0.5000000000
5874  15.069  -68.403  -26.706 0.6000000238
5902  15.454  -68.208  -28.682 0.6000000238
141141  14.640  -68.552  -28.297 0.6000000238
5925  15.699  -69.016  -30.404 0.6000000238
5875  14.264  -68.990  -26.080 0.6000000238
6478  16.652  -67.911  -28.135 0.6000000238
5891  15.411  -68.124  -27.653 0.6000000238
6479  16.001  -67.880  -28.202 0.5000000000
5901  16.247  -68.174  -28.840 0.6000000238
5915  15.731  -68.578  -29.606 0.5000000000
150739  16.581  -69.266  -32.051 0.5000000000
134820  17.177  -69.055  -30.275 0.6000000238
142063  16.943  -69.237  -31.269 0.6000000238
5924  16.358  -68.968  -30.366 0.6000000238
5958  16.703  -68.788  -34.046 0.6999999881
5973  16.171  -68.150  -34.501 0.6999999881
7029  15.114  -66.855  -34.515 0.6999999881
7534  15.217  -65.415  -34.032 0.6999999881
5972  17.091  -67.965  -34.712 0.6999999881
7549  16.502  -65.954  -34.725 0.6999999881
145178  16.041  -66.784  -34.717 0.6999999881
7550  15.553  -66.065  -34.479 0.6999999881
142557  17.267  -66.125  -34.933 0.6000000238
149265  23.646  -71.551  -31.743 0.5000000000
137631  23.528  -70.520  -29.200 0.5000000000
4484  23.373  -71.745  -32.618 0.5000000000
4922  23.441  -70.752  -30.623 0.5000000000
4916  23.225  -69.936  -29.706 0.6000000238
4498  23.116  -71.721  -33.649 0.6000000238
4473  22.801  -71.311  -31.899 0.6000000238
4934  22.943  -70.658  -31.094 0.6000000238
5381  22.979  -69.149  -28.433 0.6000000238
5896  22.571  -68.749  -28.109 0.6000000238
4499  22.316  -71.369  -33.917 0.5000000000
4935  22.134  -70.608  -31.504 0.6000000238
5886  22.312  -68.489  -27.479 0.6000000238
158222  21.070  -70.975  -32.895 0.6000000238
156157  21.905  -69.425  -30.354 0.5000000000
5389  21.970  -69.045  -29.790 0.6000000238
5887  21.351  -68.344  -27.511 0.6000000238
5404  21.062  -70.512  -32.007 0.5000000000
5909  21.468  -68.709  -29.083 0.6000000238
5899  19.794  -68.713  -28.468 0.5000000000
5921  20.459  -69.315  -30.483 0.5000000000
5888  20.183  -68.365  -27.487 0.6000000238
5898  20.863  -68.583  -28.339 0.6000000238
1932  25.581  -78.635  -29.172 0.6000000238
2514  23.545  -76.858  -27.567 0.6999999881
5914  16.676  -68.643  -29.528 0.6000000238
7028  16.872  -66.725  -34.954 0.6999999881
5380  23.404  -69.651  -27.919 0.6000000238
139914  20.914  -68.070  -26.730 0.6000000238
5910  20.496  -68.826  -29.170 0.6000000238
965  28.195  -81.159  -25.982 0.3000000119
1555  29.162  -79.934  -26.766 0.3000000119
1554  29.863  -79.785  -26.371 0.4000000060
151975  27.688  -79.857  -27.751 0.3000000119
1902  27.325  -78.400  -26.818 0.4000000060
1920  26.951  -78.773  -27.437 0.4000000060
2497  25.004  -76.756  -24.023 0.4000000060
1885  25.268  -77.966  -26.034 0.3000000119
2210  24.106  -77.221  -25.426 0.5000000000
2504  23.625  -76.158  -25.475 0.6000000238
1904  25.669  -78.280  -26.753 0.5000000000
1905  24.166  -77.849  -26.824 0.5000000000
1928  25.585  -78.603  -28.269 0.5000000000
3101  24.127  -75.054  -26.736 0.6000000238
149284  26.534  -74.880  -29.195 0.6999999881
6465  15.815  -67.914  -26.674 0.6000000238
7535  14.599  -65.407  -33.637 0.6000000238
4485  22.425  -71.596  -32.976 0.6000000238
136314  21.738  -70.823  -34.148 0.5000000000
5388  22.800  -69.308  -29.338 0.6000000238
5908  22.355  -68.801  -28.876 0.6000000238
150886  21.795  -71.116  -32.428 0.5000000000
5395  21.739  -69.870  -30.948 0.6000000238
4968  22.032  -70.124  -34.694 0.5000000000
5396  21.318  -69.361  -30.446 0.5000000000
5920  21.022  -68.999  -29.829 0.5000000000
1114  22.135  -79.904  -9.540 0.4000000060
135026  22.884  -80.190  -9.423 0.4000000060
159284  22.051  -80.863  -9.999 0.5000000000
850  19.073  -81.651  -8.045 0.5000000000
680  18.900  -82.469  -7.633 0.5000000000
379  18.429  -83.604  -7.553 0.5000000000
858  19.881  -81.510  -9.249 0.5000000000
1406  20.295  -79.792  -8.869 0.5000000000
855  23.906  -80.735  -8.473 0.4000000060
682  24.777  -81.251  -9.148 0.4000000060
690  24.120  -81.220  -9.987 0.5000000000
1197  27.807  -80.121  -20.523 0.3000000119
939  27.286  -80.998  -20.111 0.3000000119
946  26.336  -80.013  -21.898 0.3000000119
1212  27.516  -79.959  -22.435 0.3000000119
1400  19.722  -79.734  -8.142 0.4000000060
158447  19.113  -81.341  -6.960 0.5000000000
842  19.080  -82.173  -6.782 0.5000000000
1743  20.480  -78.812  -8.394 0.4000000060
1405  21.226  -79.344  -9.147 0.4000000060
1108  23.404  -80.262  -8.346 0.3000000119
1398  23.301  -79.637  -7.541 0.3000000119
693  24.923  -81.392  -11.213 0.4000000060
854  24.725  -81.223  -8.459 0.3000000119
863  25.400  -81.219  -9.636 0.4000000060
149378  24.797  -81.316  -10.470 0.5000000000
853  25.471  -81.292  -8.725 0.3000000119
1196  28.518  -80.231  -19.825 0.3000000119
731  26.841  -81.738  -19.688 0.3000000119
1203  28.196  -79.647  -21.519 0.3000000119
1211  28.718  -79.984  -22.506 0.3000000119
1220  27.347  -80.630  -23.366 0.3000000119
140488  19.908  -78.981  -7.535 0.3000000119
1393  19.527  -79.706  -7.021 0.4000000060
1738  20.921  -77.878  -8.045 0.3000000119
847  25.321  -81.283  -8.008 0.3000000119
868  26.243  -80.942  -11.443 0.4000000060
869  25.412  -81.163  -11.781 0.4000000060
134455  25.679  -81.230  -10.517 0.4000000060
143067  25.978  -81.043  -8.388 0.3000000119
1187  29.441  -80.043  -18.801 0.4000000060
925  28.630  -80.722  -18.515 0.4000000060
926  28.094  -81.184  -18.085 0.4000000060
918  27.828  -81.140  -17.442 0.4000000060
919  27.330  -81.202  -17.045 0.4000000060
150225  26.528  -81.196  -16.768 0.5000000000
1194  29.635  -79.437  -20.884 0.3000000119
138782  28.748  -79.629  -20.678 0.3000000119
1202  29.194  -79.613  -21.677 0.3000000119
132946  29.237  -80.401  -23.327 0.3000000119
142764  29.512  -80.638  -25.035 0.3000000119
1726  20.700  -77.675  -5.892 0.3000000119
1127  26.602  -80.350  -11.638 0.3000000119
1129  25.727  -80.615  -12.189 0.3000000119
1419  23.898  -79.936  -13.229 0.4000000060
1138  22.950  -80.122  -14.030 0.4000000060
846  26.474  -80.717  -7.984 0.3000000119
865  26.859  -80.652  -10.096 0.3000000119
861  26.768  -80.702  -9.346 0.3000000119
862  26.326  -81.024  -9.874 0.3000000119
1473  23.450  -79.474  -17.891 0.5000000000
1188  22.175  -79.567  -18.211 0.5000000000
1457  30.633  -79.389  -16.352 0.3000000119
1164  30.536  -79.441  -17.298 0.3000000119
1175  30.473  -79.473  -17.983 0.3000000119
1176  29.917  -79.837  -17.704 0.3000000119
917  28.582  -80.760  -17.764 0.4000000060
1155  26.657  -80.415  -15.903 0.5000000000
1166  25.815  -80.203  -16.333 0.5000000000
1186  30.077  -79.719  -18.466 0.3000000119
901  28.485  -80.582  -16.924 0.4000000060
902  27.712  -80.897  -16.714 0.4000000060
891  26.944  -80.887  -16.167 0.5000000000
1201  30.079  -79.630  -21.808 0.3000000119
1210  29.661  -80.014  -22.566 0.3000000119
1218  30.069  -80.209  -23.355 0.3000000119
1225  30.448  -80.046  -24.086 0.3000000119
1232  30.179  -80.168  -24.976 0.4000000060
151998  25.289  -79.417  -12.699 0.3000000119
148282  22.964  -79.080  -13.539 0.4000000060
1105  27.102  -80.245  -7.791 0.3000000119
1119  27.256  -80.319  -9.512 0.3000000119
132218  27.291  -80.029  -10.986 0.3000000119
1428  22.599  -79.527  -13.994 0.4000000060
1112  27.467  -80.097  -8.419 0.3000000119
1157  21.208  -79.786  -16.139 0.4000000060
1461  21.156  -79.521  -16.882 0.5000000000
2134  22.959  -77.793  -17.624 0.4000000060
1814  21.869  -78.595  -17.466 0.5000000000
147785  31.480  -78.696  -14.980 0.3000000119
1472  24.458  -79.134  -17.281 0.5000000000
1812  23.106  -78.625  -17.873 0.5000000000
155794  30.401  -79.457  -15.513 0.3000000119
158708  25.757  -79.391  -16.306 0.4000000060
148157  25.268  -78.800  -16.680 0.5000000000
1471  31.036  -79.026  -17.801 0.3000000119
1151  29.699  -79.806  -15.984 0.4000000060
1152  29.071  -79.824  -15.450 0.4000000060
1450  27.159  -79.752  -15.513 0.5000000000
1459  25.081  -79.734  -16.782 0.5000000000
1191  30.143  -79.606  -19.153 0.3000000119
158223  29.213  -80.116  -16.667 0.4000000060
151430  28.789  -80.143  -16.166 0.5000000000
1153  28.236  -80.115  -15.721 0.5000000000
1513  30.830  -79.525  -21.998 0.3000000119
1208  31.053  -79.660  -22.688 0.4000000060
1524  31.503  -79.373  -23.166 0.3000000119
1217  30.805  -79.848  -23.325 0.4000000060
1537  30.759  -79.732  -24.644 0.4000000060
2844  22.848  -75.418  -34.272 0.5000000000
1553  30.637  -79.288  -26.141 0.3000000119
1397  28.165  -79.169  -7.608 0.3000000119
138658  28.021  -79.717  -9.016 0.3000000119
1765  23.077  -78.278  -13.437 0.3000000119
1097  27.676  -79.696  -7.686 0.3000000119
2104  21.984  -77.257  -14.616 0.3000000119
2136  21.849  -78.056  -16.990 0.5000000000
2444  23.298  -77.071  -17.320 0.4000000060
2445  22.729  -77.191  -17.230 0.3000000119
1772  32.220  -78.143  -14.768 0.3000000119
138277  25.454  -77.869  -16.618 0.5000000000
1447  31.119  -79.062  -15.573 0.3000000119
139955  26.924  -78.996  -15.706 0.4000000060
1448  29.850  -79.568  -15.066 0.4000000060
1437  29.265  -79.488  -14.748 0.4000000060
1438  28.688  -79.567  -14.908 0.4000000060
1786  27.690  -78.957  -15.356 0.4000000060
1480  30.831  -79.253  -19.427 0.3000000119
1484  31.436  -78.880  -19.849 0.3000000119
1143  28.669  -79.747  -15.206 0.4000000060
158748  27.800  -79.745  -15.278 0.5000000000
1511  32.042  -78.963  -22.591 0.3000000119
1535  32.217  -78.523  -23.926 0.4000000060
1536  31.298  -79.183  -24.786 0.4000000060
3162  22.727  -74.868  -33.575 0.5000000000
1544  31.173  -79.068  -25.594 0.4000000060
1882  31.768  -78.566  -25.419 0.5000000000
2848  23.479  -76.038  -34.287 0.5000000000
1403  28.296  -79.281  -8.706 0.3000000119
4407  14.328  -71.705  -24.295 0.5000000000
2122  24.716  -77.173  -16.945 0.3000000119
2436  23.410  -76.339  -16.934 0.3000000119
4406  15.632  -71.433  -24.300 0.5000000000
146750  14.082  -71.881  -25.202 0.6000000238
2102  33.192  -77.378  -14.519 0.3000000119
1762  32.328  -78.003  -13.726 0.3000000119
1784  32.874  -77.697  -15.457 0.3000000119
1773  31.456  -78.565  -14.155 0.3000000119
1774  30.724  -78.772  -13.681 0.3000000119
1787  27.118  -78.035  -15.760 0.4000000060
2121  25.540  -77.082  -16.500 0.4000000060
4403  19.383  -71.480  -25.004 0.5000000000
4444  12.962  -72.127  -28.166 0.5000000000
1436  30.029  -79.194  -14.251 0.3000000119
1425  29.612  -79.003  -14.126 0.3000000119
1776  28.345  -78.528  -14.876 0.3000000119
1775  28.818  -77.879  -14.217 0.3000000119
4416  19.728  -71.811  -26.015 0.5000000000
136003  31.738  -78.725  -20.393 0.3000000119
1501  31.941  -78.970  -21.875 0.3000000119
3486  20.910  -73.408  -28.599 0.5000000000
1852  32.603  -78.414  -22.748 0.3000000119
3510  21.760  -74.261  -30.953 0.5000000000
1860  32.715  -78.104  -23.504 0.4000000060
3131  22.329  -74.512  -31.685 0.6000000238
2191  33.066  -77.356  -24.833 0.4000000060
1898  32.210  -77.890  -26.050 0.5000000000
3146  22.830  -74.771  -32.505 0.5000000000
131678  32.352  -76.580  -27.427 0.4000000060
2220  31.873  -77.795  -26.706 0.3000000119
1899  31.398  -78.506  -26.255 0.4000000060
132821  24.254  -76.247  -33.860 0.6000000238
131938  28.512  -75.242  -24.240 0.3000000119
149421  29.015  -76.247  -25.331 0.4000000060
149450  29.763  -77.011  -26.419 0.4000000060
152757  30.758  -78.157  -26.959 0.3000000119
2556  24.969  -76.720  -33.362 0.6000000238
2280  24.338  -77.303  -34.096 0.5000000000
131684  27.731  -75.047  -23.549 0.3000000119
157812  28.029  -75.593  -24.081 0.5000000000
131680  27.686  -76.554  -24.662 0.4000000060
2206  28.185  -77.352  -25.786 0.4000000060
1944  25.177  -77.904  -33.378 0.6000000238
145261  27.018  -74.673  -22.856 0.3000000119
2768  26.837  -75.419  -23.206 0.5000000000
2486  26.450  -76.188  -23.611 0.4000000060
2495  26.905  -76.732  -24.352 0.4000000060
2763  25.434  -74.887  -22.508 0.4000000060
2769  25.926  -75.582  -22.946 0.5000000000
2496  25.936  -76.829  -24.091 0.4000000060
2488  24.618  -76.090  -23.586 0.5000000000
4408  13.213  -72.308  -24.456 0.6000000238
4421  13.385  -72.251  -25.928 0.6000000238
2101  33.588  -76.524  -13.934 0.3000000119
1754  32.428  -78.014  -12.558 0.3000000119
2090  32.495  -78.059  -11.454 0.3000000119
146976  31.562  -78.534  -11.978 0.3000000119
4882  12.756  -72.118  -24.514 0.6000000238
4422  12.908  -72.329  -26.273 0.6000000238
2108  33.569  -77.129  -15.408 0.3000000119
1755  30.638  -78.594  -11.531 0.3000000119
131989  30.105  -78.398  -12.196 0.3000000119
4436  12.644  -71.950  -26.934 0.6000000238
2131  34.138  -76.715  -18.141 0.3000000119
149484  30.173  -78.591  -13.384 0.3000000119
1764  29.541  -78.435  -13.726 0.3000000119
4906  12.592  -70.831  -28.737 0.6000000238
1844  32.436  -78.489  -21.530 0.3000000119
5391  12.833  -70.191  -29.468 0.6000000238
4925  13.002  -70.809  -30.324 0.6000000238
4924  13.873  -70.233  -30.780 0.6000000238
4959  15.067  -70.137  -32.969 0.5000000000
154736  32.392  -75.994  -27.624 0.4000000060
156849  30.285  -75.943  -26.202 0.4000000060
3463  24.700  -73.703  -22.500 0.4000000060
153334  24.795  -74.872  -22.677 0.5000000000
2408  33.779  -75.882  -14.583 0.3000000119
2092  33.645  -76.506  -12.743 0.3000000119
2093  33.133  -77.282  -13.240 0.3000000119
2089  33.292  -77.313  -12.013 0.3000000119
1751  31.541  -78.389  -11.007 0.3000000119
132016  29.677  -78.299  -11.198 0.3000000119
149514  29.398  -77.950  -12.047 0.3000000119
4874  13.351  -71.292  -23.506 0.5000000000
137896  33.775  -76.515  -15.019 0.3000000119
2120  33.978  -76.886  -16.652 0.3000000119
5355  12.712  -70.448  -26.030 0.5000000000
4889  12.557  -71.556  -25.561 0.6000000238
2119  34.435  -76.301  -17.248 0.3000000119
132423  29.334  -77.701  -13.147 0.3000000119
4895  12.526  -71.177  -26.852 0.6000000238
2448  34.322  -75.997  -18.812 0.3000000119
139724  12.558  -70.646  -27.884 0.6000000238
2507  33.277  -75.914  -26.235 0.3000000119
2204  33.371  -76.595  -25.276 0.3000000119
5407  14.734  -69.853  -31.305 0.6000000238
4969  14.951  -69.873  -33.589 0.6000000238
5369  12.778  -70.025  -27.345 0.6000000238
5368  13.469  -69.512  -26.683 0.5000000000
5382  13.650  -69.187  -28.025 0.6000000238
5390  13.579  -69.226  -29.169 0.6000000238
144792  14.439  -69.457  -30.515 0.6000000238
5420  15.065  -69.860  -31.969 0.6000000238
5442  14.919  -69.224  -34.118 0.6000000238
5419  15.441  -69.650  -32.615 0.6000000238
5974  14.391  -68.562  -34.424 0.5000000000
5354  13.262  -69.875  -25.276 0.5000000000
5892  14.443  -68.756  -27.271 0.5000000000
154725  14.236  -69.119  -29.840 0.5000000000
5406  15.484  -69.494  -31.734 0.6000000238
7005  12.701  -66.466  -34.165 0.5000000000
8144  13.178  -65.241  -33.148 0.6000000238
7536  13.279  -65.918  -33.856 0.6000000238
7006  11.810  -66.332  -34.143 0.5000000000
7537  12.443  -65.734  -33.746 0.6000000238
7538  11.559  -65.540  -33.765 0.6000000238
156293  14.109  -68.808  -28.717 0.5000000000
5959  15.728  -68.842  -34.000 0.5000000000
133173  15.242  -68.337  -34.386 0.5000000000
6522  15.637  -67.563  -34.594 0.6000000238
6523  14.597  -67.688  -34.500 0.5000000000
134275  13.710  -67.391  -34.488 0.5000000000
8158  15.968  -65.362  -34.325 0.6000000238
159027  13.837  -66.062  -33.947 0.6000000238
8123  11.707  -64.267  -32.898 0.5000000000
9316  11.311  -62.789  -25.307 0.5000000000
5947  16.062  -69.352  -32.344 0.5000000000
9305  12.569  -62.699  -23.389 0.5000000000
9291  12.445  -62.857  -22.341 0.6000000238
9315  12.109  -62.647  -24.658 0.6000000238
10022  11.308  -61.658  -26.183 0.6000000238
8666  11.014  -63.472  -24.310 0.5000000000
9334  10.049  -62.049  -26.401 0.5000000000
9335  9.203  -62.205  -26.394 0.5000000000
144541  10.900  -62.996  -32.382 0.5000000000
8767  11.280  -63.564  -32.627 0.5000000000
11403  7.610  -59.166  -24.582 0.6000000238
150390  8.301  -59.390  -23.959 0.6999999881
11402  8.550  -59.486  -24.666 0.6000000238
144277  10.296  -59.481  -24.093 0.6999999881
11370  12.937  -59.402  -22.910 0.6000000238
9997  13.691  -60.614  -22.793 0.6000000238
11400  11.357  -59.574  -24.202 0.6000000238
11386  12.130  -59.467  -23.491 0.6000000238
151490  8.032  -59.419  -25.217 0.6000000238
11401  9.510  -59.656  -24.801 0.6000000238
10715  12.112  -60.255  -24.770 0.6000000238
10706  13.306  -60.055  -23.150 0.5000000000
9969  13.523  -61.667  -21.531 0.6000000238
147880  7.933  -59.485  -25.858 0.6000000238
10724  11.501  -60.447  -25.413 0.6000000238
10008  12.839  -61.159  -24.512 0.5000000000
148501  13.261  -61.887  -23.363 0.6000000238
11412  9.566  -60.129  -25.405 0.6000000238
10020  12.346  -60.842  -25.053 0.6000000238
10726  9.523  -60.563  -25.803 0.6000000238
10031  11.027  -61.012  -26.089 0.6000000238
10032  10.525  -61.574  -26.318 0.6000000238
10033  9.380  -61.505  -26.327 0.5000000000
9336  8.280  -62.555  -26.641 0.5000000000
10749  7.297  -60.928  -27.853 0.5000000000
10767  7.655  -60.405  -29.213 0.5000000000
10775  7.874  -60.684  -29.971 0.5000000000
11387  11.116  -59.429  -23.265 0.6000000238
11371  12.114  -59.291  -22.354 0.6999999881
11419  7.595  -59.296  -26.725 0.5000000000
132654  7.912  -60.213  -26.710 0.6000000238
10736  8.252  -60.957  -26.693 0.6000000238
10034  8.407  -61.661  -26.751 0.5000000000
153060  7.751  -59.782  -28.343 0.6000000238
11452  8.749  -59.596  -29.320 0.5000000000
11451  9.422  -59.331  -29.569 0.6000000238
10765  9.137  -60.040  -29.759 0.6000000238
16085  11.192  -53.801  -23.649 0.4000000060
149945  6.775  -58.093  -22.642 0.6999999881
12101  7.646  -57.995  -21.008 0.5000000000
12093  9.313  -58.167  -20.073 0.5000000000
15357  11.095  -54.224  -22.645 0.6000000238
16086  10.263  -54.020  -24.078 0.5000000000
11357  9.705  -58.714  -20.728 0.6000000238
11343  10.956  -59.039  -20.297 0.5000000000
140767  11.766  -54.282  -22.160 0.5000000000
12121  6.752  -58.405  -23.340 0.6000000238
11374  8.936  -58.911  -21.655 0.8000000119
11390  7.618  -59.049  -23.458 0.6999999881
11372  10.881  -59.383  -22.289 0.8000000119
11355  12.638  -59.304  -21.044 0.6999999881
12189  9.142  -58.216  -28.855 0.6000000238
11440  8.970  -58.925  -29.106 0.6000000238
12855  7.795  -57.457  -20.158 0.5000000000
16095  10.913  -53.642  -24.818 0.5000000000
12876  5.908  -56.931  -22.558 0.6999999881
12849  8.800  -57.534  -19.494 0.5000000000
16074  13.409  -53.532  -22.725 0.4000000060
16075  12.666  -53.615  -23.011 0.4000000060
15335  12.994  -54.627  -21.185 0.4000000060
14512  12.678  -55.507  -21.207 0.5000000000
147988  13.579  -56.969  -21.239 0.4000000060
12856  6.968  -57.279  -20.751 0.5000000000
12850  7.902  -57.073  -19.425 0.5000000000
16094  11.817  -53.646  -24.647 0.3000000119
16107  11.539  -53.537  -25.644 0.3000000119
149843  6.885  -57.591  -21.482 0.6000000238
143957  13.853  -54.508  -20.857 0.4000000060
13636  13.931  -56.580  -20.684 0.4000000060
12863  13.610  -57.426  -21.853 0.4000000060
144586  5.284  -55.577  -21.721 0.6000000238
150942  5.474  -55.744  -22.314 0.6000000238
13653  14.222  -57.292  -21.126 0.4000000060
13657  5.599  -56.127  -21.218 0.5000000000
13629  7.119  -56.875  -19.887 0.5000000000
16869  14.779  -52.812  -25.070 0.3000000119
137778  12.426  -53.600  -25.430 0.3000000119
16121  11.263  -53.254  -26.268 0.3000000119
16122  10.954  -52.758  -26.211 0.4000000060
155828  15.488  -57.146  -20.689 0.3000000119
12871  14.923  -57.519  -22.398 0.4000000060
13668  15.839  -57.296  -22.208 0.4000000060
16893  12.355  -52.684  -26.815 0.4000000060
14514  4.966  -54.936  -21.381 0.6000000238
13638  5.585  -55.937  -20.299 0.4000000060
17675  11.564  -52.180  -26.464 0.4000000060
16868  15.788  -52.113  -25.273 0.3000000119
16877  15.214  -52.427  -25.804 0.3000000119
14491  5.086  -55.439  -20.909 0.5000000000
17664  10.185  -51.595  -25.399 0.4000000060
17665  9.242  -51.449  -24.903 0.4000000060
143051  8.946  -49.853  -23.835 0.5000000000
157822  10.889  -51.258  -25.609 0.4000000060
157241  9.328  -50.773  -24.672 0.4000000060
154024  14.369  -48.929  -26.909 0.3000000119
20158  13.865  -48.572  -26.382 0.3000000119
20159  13.212  -49.014  -26.142 0.3000000119
20150  11.884  -48.926  -25.060 0.3000000119
20953  12.135  -48.104  -24.849 0.3000000119
19265  8.121  -50.276  -16.592 0.4000000060
20157  14.474  -48.234  -26.633 0.3000000119
131657  28.058  -76.900  -14.484 0.3000000119
2205  32.897  -77.226  -25.769 0.4000000060
153282  11.180  -50.631  -25.501 0.3000000119
12967  10.617  -57.560  -29.335 0.6000000238
20079  7.114  -48.239  -16.551 0.4000000060
14513  12.007  -55.451  -21.633 0.5000000000
19349  11.538  -49.819  -25.325 0.3000000119
131676  30.314  -77.279  -26.836 0.3000000119
5397  15.253  -69.260  -30.882 0.5000000000
148303  22.906  -79.513  -8.658 0.4000000060
857  21.048  -81.148  -9.693 0.5000000000
677  18.964  -82.902  -6.596 0.5000000000
694  24.140  -81.522  -10.806 0.5000000000
932  28.293  -80.855  -19.164 0.4000000060
1404  22.205  -78.924  -8.971 0.4000000060
870  24.797  -81.523  -12.067 0.4000000060
146263  28.972  -80.241  -19.239 0.4000000060
927  27.884  -81.284  -18.631 0.4000000060
719  27.381  -81.526  -18.090 0.4000000060
1102  19.290  -80.572  -6.409 0.3000000119
147891  25.803  -81.000  -7.688 0.3000000119
866  26.420  -81.034  -10.686 0.3000000119
144182  25.028  -80.479  -12.685 0.4000000060
1130  24.370  -80.610  -13.033 0.4000000060
136850  29.690  -79.728  -19.512 0.3000000119
157999  29.921  -79.469  -20.233 0.4000000060
1418  24.637  -79.763  -12.958 0.4000000060
1440  21.913  -79.330  -14.592 0.4000000060
3521  21.636  -74.090  -32.244 0.5000000000
1209  30.447  -79.881  -22.628 0.4000000060
132010  27.644  -79.432  -10.626 0.3000000119
1766  22.336  -78.737  -13.905 0.4000000060
1441  21.456  -79.165  -15.433 0.4000000060
1800  21.472  -78.687  -16.765 0.5000000000
1811  23.894  -78.597  -17.568 0.5000000000
1435  30.699  -79.130  -14.714 0.3000000119
134041  31.494  -78.790  -19.134 0.3000000119
1490  31.115  -79.100  -20.469 0.3000000119
1502  31.290  -79.220  -21.476 0.3000000119
2843  23.577  -75.451  -33.492 0.6000000238
2111  21.954  -77.033  -16.062 0.3000000119
1788  21.451  -78.437  -15.810 0.4000000060
145614  27.852  -78.095  -15.300 0.3000000119
3491  21.293  -73.818  -29.210 0.5000000000
1881  32.439  -77.951  -25.174 0.4000000060
2435  24.313  -76.279  -16.807 0.3000000119
2109  27.614  -77.324  -15.287 0.3000000119
149442  29.769  -75.596  -25.470 0.4000000060
132161  31.016  -76.526  -27.155 0.4000000060
132540  31.105  -77.185  -27.133 0.4000000060
131685  27.552  -74.000  -22.743 0.3000000119
2086  32.304  -77.898  -10.680 0.3000000119
5383  12.801  -69.891  -28.479 0.6000000238
131679  31.456  -75.343  -26.820 0.3000000119
132140  30.716  -77.355  -9.930 0.3000000119
131660  29.490  -76.908  -10.238 0.3000000119
156699  34.239  -75.913  -19.757 0.3000000119
7004  13.611  -66.574  -34.212 0.6000000238
11388  9.876  -59.387  -22.975 0.6999999881
11373  10.089  -59.181  -21.647 0.6999999881
12110  8.265  -59.020  -22.490 0.6999999881
144191  7.195  -58.082  -21.941 0.6000000238
16093  13.248  -53.486  -24.979 0.3000000119
16105  13.917  -53.154  -25.526 0.3000000119
3490  22.364  -73.848  -28.941 0.5000000000
3104  26.011  -74.278  -27.547 0.6000000238
8122  12.634  -64.416  -32.634 0.5000000000
133315  15.819  -64.307  -33.504 0.5000000000
137449  15.314  -64.078  -32.944 0.5000000000
8120  14.607  -64.273  -32.623 0.5000000000
8765  13.109  -63.594  -32.211 0.5000000000
8764  14.069  -63.470  -32.354 0.5000000000
8779  16.640  -63.866  -33.761 0.5000000000
9401  12.580  -62.820  -32.067 0.4000000060
9398  15.265  -62.490  -33.045 0.5000000000
8763  14.924  -63.356  -32.755 0.5000000000
9400  13.509  -62.645  -32.267 0.5000000000
9386  11.989  -62.171  -31.752 0.5000000000
10098  14.766  -61.689  -32.858 0.6000000238
10100  12.931  -61.843  -32.084 0.5000000000
10773  9.517  -60.516  -30.241 0.5000000000
155645  15.114  -60.893  -32.856 0.6000000238
10075  10.855  -60.962  -30.812 0.5000000000
10772  10.332  -60.346  -30.414 0.5000000000
143975  14.400  -61.081  -32.587 0.6000000238
10087  12.270  -61.309  -31.610 0.6000000238
10088  11.388  -61.563  -31.334 0.5000000000
10788  16.223  -59.846  -32.972 0.6000000238
11484  15.037  -59.599  -32.284 0.6000000238
10779  13.872  -60.043  -31.962 0.6000000238
11472  11.953  -59.873  -30.996 0.6000000238
11469  14.324  -59.332  -31.916 0.6000000238
11461  11.378  -59.275  -30.587 0.5000000000
12231  10.823  -58.717  -30.152 0.5000000000
11470  13.505  -59.445  -31.596 0.6000000238
157176  12.503  -60.478  -31.450 0.6000000238
9954  13.900  -60.842  -21.106 0.5000000000
140225  13.266  -59.728  -20.515 0.5000000000
11353  13.685  -59.583  -21.746 0.5000000000
12209  11.065  -57.929  -29.920 0.6000000238
12248  14.464  -58.358  -31.582 0.6000000238
12230  11.606  -58.445  -30.412 0.6000000238
12250  13.044  -58.656  -31.177 0.6000000238
11460  12.168  -58.986  -30.905 0.6000000238
12249  13.766  -57.914  -31.114 0.6000000238
159436  11.635  -51.672  -26.256 0.3000000119
18415  7.576  -51.121  -17.696 0.3000000119
2772  23.856  -75.278  -24.002 0.4000000060
3097  23.991  -74.676  -25.206 0.5000000000
1941  25.198  -78.328  -32.702 0.5000000000
2272  25.505  -77.827  -32.816 0.5000000000
3479  24.854  -73.982  -25.999 0.4000000060
131693  27.295  -74.237  -28.543 0.4000000060
3145  23.354  -75.106  -32.397 0.4000000060
2842  24.370  -75.934  -33.005 0.4000000060
132094  30.413  -75.023  -30.867 0.4000000060
149588  29.552  -75.719  -30.571 0.4000000060
131688  28.182  -75.326  -30.274 0.4000000060
3941  21.415  -73.044  -27.829 0.4000000060
131949  29.519  -75.061  -30.034 0.4000000060
131689  27.985  -74.900  -29.656 0.4000000060
2815  28.780  -75.642  -31.391 0.4000000060
2832  28.179  -74.742  -32.706 0.5000000000
12266  15.230  -57.918  -31.763 0.5000000000
13018  16.586  -57.543  -32.195 0.5000000000
12997  14.593  -57.427  -31.172 0.5000000000
12995  16.241  -56.924  -31.682 0.5000000000
14620  16.904  -55.611  -30.542 0.5000000000
12977  14.232  -56.849  -30.636 0.5000000000
14621  15.965  -55.762  -30.262 0.5000000000
11342  11.723  -59.452  -19.520 0.4000000060
12092  10.367  -58.535  -19.690 0.4000000060
13777  15.444  -56.190  -30.518 0.5000000000
12978  13.478  -57.174  -30.593 0.5000000000
3108  26.409  -74.624  -28.449 0.5000000000
131681  28.682  -74.440  -29.366 0.4000000060
2543  29.512  -75.870  -30.903 0.4000000060
537  18.700  -82.996  -7.472 0.4000000060
158526  18.090  -86.219  -12.667 0.4000000060
679  19.240  -82.041  -8.886 0.4000000060
536  18.915  -82.442  -8.585 0.4000000060
150488  19.182  -86.014  -12.719 0.4000000060
385  18.601  -83.580  -8.786 0.4000000060
269  20.659  -85.313  -12.779 0.4000000060
107  19.393  -85.663  -12.011 0.4000000060
136444  18.829  -85.593  -11.367 0.4000000060
687  20.171  -81.857  -9.474 0.5000000000
535  19.798  -82.108  -9.410 0.5000000000
540  20.562  -82.441  -9.568 0.4000000060
541  19.562  -82.605  -9.374 0.4000000060
108  19.669  -85.159  -11.123 0.4000000060
137933  21.447  -80.815  -9.892 0.5000000000
539  21.397  -81.921  -9.745 0.5000000000
383  20.383  -83.015  -9.616 0.4000000060
251  19.350  -83.838  -9.774 0.4000000060
544  21.962  -82.533  -9.840 0.4000000060
545  21.243  -82.890  -9.641 0.4000000060
402  22.769  -84.376  -12.660 0.4000000060
263  21.932  -84.678  -12.152 0.4000000060
264  21.087  -84.980  -11.971 0.4000000060
260  20.137  -84.625  -10.551 0.4000000060
141678  19.683  -84.337  -10.192 0.4000000060
265  20.195  -85.233  -11.965 0.4000000060
391  22.533  -83.553  -10.714 0.5000000000
392  21.831  -83.449  -10.069 0.4000000060
388  20.967  -83.546  -9.857 0.4000000060
259  20.388  -84.048  -10.194 0.4000000060
396  23.214  -83.604  -11.419 0.5000000000
397  22.469  -84.135  -11.536 0.4000000060
145011  21.943  -83.958  -10.718 0.4000000060
153214  20.771  -84.389  -10.669 0.4000000060
400  23.978  -83.694  -13.853 0.3000000119
405  23.473  -83.585  -14.657 0.3000000119
138430  23.681  -82.640  -14.746 0.4000000060
878  23.615  -82.043  -14.688 0.4000000060
704  24.231  -82.394  -13.781 0.4000000060
566  21.478  -82.088  -18.173 0.3000000119
562  21.506  -82.173  -16.916 0.4000000060
707  22.727  -82.410  -15.607 0.4000000060
708  22.647  -82.044  -15.647 0.4000000060
907  21.422  -81.884  -18.161 0.4000000060
892  21.839  -81.741  -16.375 0.4000000060
893  21.378  -81.146  -16.411 0.4000000060
157055  21.796  -80.434  -15.356 0.3000000119
401  23.719  -84.018  -13.036 0.3000000119
879  23.629  -81.283  -14.164 0.3000000119
142196  24.099  -81.697  -13.791 0.4000000060
715  22.082  -81.913  -18.224 0.4000000060
884  22.897  -81.524  -15.092 0.3000000119
136473  21.102  -81.380  -17.108 0.4000000060
909  21.038  -80.381  -17.742 0.4000000060
1156  21.334  -80.541  -16.107 0.4000000060
554  23.837  -83.545  -12.186 0.4000000060
553  24.262  -83.205  -13.146 0.4000000060
1144  22.971  -80.755  -14.488 0.3000000119
905  24.395  -81.292  -17.564 0.4000000060
147605  23.466  -81.698  -18.121 0.4000000060
1167  24.889  -80.641  -17.016 0.4000000060
1168  23.646  -80.945  -17.859 0.4000000060
148455  20.919  -81.236  -18.045 0.4000000060
551  23.680  -83.023  -11.463 0.4000000060
550  24.175  -82.708  -12.011 0.4000000060
873  24.444  -81.473  -12.978 0.3000000119
701  24.411  -82.168  -12.598 0.4000000060
1136  24.054  -81.111  -13.469 0.3000000119
714  25.373  -81.520  -17.428 0.4000000060
721  25.676  -81.843  -17.766 0.4000000060
904  25.911  -80.949  -16.694 0.4000000060
1460  24.196  -80.088  -17.513 0.4000000060
1178  22.346  -80.095  -18.294 0.4000000060
685  22.219  -81.438  -9.990 0.4000000060
698  24.339  -81.795  -11.606 0.3000000119
684  23.101  -80.603  -9.674 0.4000000060
152284  22.438  -82.954  -10.204 0.4000000060
695  23.374  -81.693  -10.462 0.4000000060
548  23.100  -82.759  -10.738 0.4000000060
547  23.816  -82.161  -11.126 0.4000000060
3161  27.712  -73.983  -33.267 0.4000000060
906  22.681  -81.612  -18.069 0.4000000060
117  18.572  -86.052  -12.220 0.4000000060
378  18.752  -82.996  -8.545 0.4000000060
384  20.166  -83.496  -9.812 0.4000000060
393  21.261  -84.004  -10.395 0.4000000060
398  21.432  -84.403  -11.207 0.4000000060
543  22.653  -82.066  -10.132 0.4000000060
556  24.006  -83.129  -14.327 0.3000000119
559  22.858  -82.793  -15.470 0.4000000060
683  23.945  -80.919  -9.246 0.4000000060
686  20.676  -81.808  -9.639 0.5000000000
691  23.097  -81.163  -9.945 0.4000000060
711  22.013  -81.839  -16.791 0.4000000060
720  27.207  -81.397  -17.490 0.4000000060
845  26.613  -80.758  -8.715 0.3000000119
856  23.548  -80.362  -8.482 0.3000000119
872  24.931  -80.988  -12.414 0.4000000060
885  22.074  -80.975  -15.452 0.3000000119
890  27.574  -80.667  -16.142 0.5000000000
903  27.159  -81.088  -16.594 0.5000000000
908  20.972  -80.860  -17.228 0.4000000060
920  21.999  -80.781  -18.382 0.4000000060
921  21.347  -80.630  -18.197 0.4000000060
933  27.612  -81.324  -19.325 0.3000000119
938  27.943  -80.774  -19.746 0.3000000119
961  28.210  -81.268  -25.106 0.4000000060
1109  19.278  -80.614  -7.610 0.5000000000
1113  27.157  -80.414  -8.921 0.3000000119
1115  20.679  -80.468  -9.414 0.5000000000
1116  19.627  -80.636  -8.726 0.5000000000
1118  27.740  -79.904  -9.620 0.3000000119
1122  27.596  -79.842  -10.300 0.3000000119
1123  27.292  -80.259  -10.229 0.3000000119
1124  26.891  -80.656  -10.891 0.3000000119
1137  23.610  -80.492  -13.667 0.3000000119
1145  22.251  -80.170  -14.684 0.3000000119
1146  21.588  -79.931  -15.333 0.4000000060
1154  27.521  -80.295  -15.631 0.5000000000
1165  29.231  -80.251  -17.363 0.4000000060
1169  21.012  -80.228  -16.970 0.4000000060
1177  29.305  -80.259  -18.117 0.4000000060
1179  21.584  -79.956  -18.129 0.5000000000
1180  21.195  -79.872  -17.602 0.5000000000
1195  29.250  -79.721  -19.996 0.4000000060
1204  27.277  -79.832  -21.394 0.3000000119
1213  26.603  -80.298  -22.803 0.3000000119
1219  28.854  -80.739  -23.945 0.4000000060
1239  29.312  -80.345  -26.203 0.3000000119
1243  28.501  -80.117  -27.094 0.3000000119
1416  26.035  -79.708  -12.285 0.3000000119
1417  25.390  -80.044  -12.639 0.3000000119
1426  28.959  -78.983  -14.485 0.3000000119
1427  23.279  -79.710  -13.560 0.4000000060
1439  28.313  -79.364  -14.987 0.4000000060
1449  28.202  -79.873  -15.226 0.5000000000
1451  21.248  -79.126  -16.196 0.5000000000
1456  31.261  -78.933  -17.003 0.3000000119
1458  26.416  -79.605  -15.899 0.5000000000
1474  21.894  -79.237  -17.958 0.5000000000
1475  21.476  -79.276  -17.493 0.5000000000
1478  31.584  -78.636  -18.333 0.3000000119
1479  30.840  -79.243  -18.581 0.3000000119
1481  22.464  -79.082  -18.044 0.5000000000
1489  31.780  -78.817  -21.106 0.3000000119
1491  30.365  -79.380  -19.941 0.3000000119
1503  30.496  -79.351  -20.986 0.4000000060
1512  31.482  -79.343  -22.303 0.3000000119
1523  32.128  -78.768  -23.299 0.4000000060
1525  31.094  -79.565  -23.990 0.4000000060
1545  30.733  -79.610  -25.336 0.4000000060
1546  30.259  -79.904  -25.741 0.3000000119
1564  28.084  -79.524  -27.456 0.3000000119
1576  26.219  -79.497  -29.492 0.4000000060
1577  26.024  -78.927  -29.540 0.5000000000
1731  20.338  -78.075  -7.337 0.3000000119
1737  21.683  -77.514  -7.936 0.3000000119
1741  22.222  -78.143  -8.369 0.4000000060
1742  21.470  -78.394  -8.592 0.3000000119
1763  31.500  -78.465  -13.083 0.3000000119
1777  21.770  -78.328  -14.737 0.4000000060
1783  33.467  -77.330  -16.073 0.3000000119
1798  26.185  -78.584  -16.155 0.4000000060
1799  24.620  -78.188  -17.125 0.5000000000
1813  22.448  -78.540  -17.768 0.5000000000
1832  32.331  -78.356  -20.697 0.3000000119
1870  32.595  -78.011  -24.331 0.4000000060
1871  31.998  -78.572  -24.597 0.4000000060
1883  26.871  -78.104  -26.307 0.3000000119
1884  26.136  -78.081  -26.132 0.4000000060
1900  30.748  -78.648  -26.719 0.5000000000
1906  23.813  -77.576  -27.087 0.5000000000
1915  31.088  -77.707  -27.077 0.3000000119
1916  30.135  -78.539  -26.926 0.5000000000
1917  29.286  -78.712  -27.053 0.4000000060
1918  28.505  -78.831  -27.228 0.3000000119
1921  26.080  -78.575  -27.484 0.5000000000
1922  25.200  -78.375  -27.402 0.4000000060
1923  24.070  -77.990  -27.523 0.5000000000
1929  24.854  -78.334  -28.689 0.6000000238
1930  24.140  -78.064  -28.270 0.6000000238
2074  21.024  -77.235  -7.165 0.3000000119
2082  32.390  -77.319  -10.180 0.3000000119
2085  33.099  -77.311  -10.927 0.3000000119
2087  31.548  -77.869  -10.291 0.3000000119
2103  28.192  -77.724  -14.890 0.3000000119
2105  21.696  -77.594  -15.445 0.4000000060
2123  22.158  -77.394  -16.805 0.3000000119
2124  21.687  -77.837  -16.331 0.5000000000
2132  33.757  -77.226  -17.450 0.3000000119
2133  23.790  -77.721  -17.449 0.4000000060
2135  22.337  -77.907  -17.374 0.4000000060
2137  33.863  -76.969  -18.928 0.3000000119
2194  25.386  -77.306  -24.649 0.4000000060
2195  24.520  -77.061  -24.667 0.4000000060
2196  23.908  -76.513  -24.822 0.5000000000
2207  26.700  -77.750  -25.649 0.4000000060
2211  23.733  -76.790  -25.640 0.6000000238
2218  33.175  -76.449  -26.195 0.3000000119
2219  32.591  -77.087  -26.786 0.4000000060
2235  31.744  -77.309  -27.246 0.3000000119
2265  24.805  -77.286  -30.592 0.6999999881
2275  25.346  -77.412  -33.244 0.5000000000
2276  24.995  -77.360  -33.803 0.6000000238
2399  33.714  -75.921  -13.480 0.3000000119
2432  34.331  -76.161  -16.402 0.3000000119
2443  23.921  -76.885  -17.163 0.3000000119
2485  27.459  -75.981  -23.969 0.5000000000
2487  25.487  -76.219  -23.473 0.5000000000
2498  24.328  -76.509  -24.175 0.4000000060
2508  32.911  -76.139  -27.094 0.4000000060
2518  23.655  -76.889  -28.250 0.6999999881
2532  28.883  -75.781  -30.745 0.4000000060
2544  29.085  -75.876  -31.045 0.4000000060
2546  25.403  -77.191  -32.457 0.5000000000
2560  23.966  -76.705  -34.224 0.5000000000
2720  24.696  -75.591  -16.368 0.3000000119
2764  24.432  -74.342  -22.835 0.5000000000
2770  25.053  -75.547  -22.964 0.5000000000
2771  24.284  -75.245  -23.308 0.5000000000
2778  23.755  -75.723  -24.657 0.6000000238
2783  23.731  -75.399  -25.329 0.6000000238
2790  23.773  -75.716  -27.228 0.6999999881
2816  28.168  -75.470  -31.365 0.6000000238
3079  26.576  -74.055  -22.264 0.3000000119
3081  24.982  -74.234  -22.312 0.4000000060
3087  26.263  -74.832  -22.553 0.3000000119
3103  26.802  -73.917  -27.853 0.6000000238
3147  22.175  -74.405  -32.911 0.5000000000
3469  24.823  -73.068  -22.630 0.4000000060
3501  21.520  -74.125  -29.972 0.5000000000
3940  22.990  -72.530  -28.142 0.6999999881
3951  23.682  -72.292  -29.252 0.8000000119
4389  15.683  -70.968  -23.126 0.6000000238
4395  22.025  -71.084  -24.439 0.6999999881
4398  13.656  -71.710  -23.653 0.5000000000
4399  12.948  -72.033  -23.759 0.5000000000
4409  12.676  -72.148  -25.475 0.6000000238
4423  12.613  -71.940  -26.209 0.6000000238
4429  22.949  -71.832  -26.905 0.6999999881
4435  12.829  -72.106  -27.289 0.6000000238
4440  23.346  -71.619  -28.193 0.8000000119
4445  12.605  -71.604  -27.866 0.6000000238
4464  23.836  -71.431  -30.210 0.6000000238
4472  23.498  -71.193  -31.114 0.5000000000
4486  21.613  -71.256  -33.366 0.5000000000
4868  22.308  -70.252  -23.961 0.8000000119
4869  15.189  -70.664  -22.885 0.6000000238
4881  23.202  -70.159  -25.081 0.8000000119
4887  23.403  -70.819  -26.597 0.8000000119
4894  23.552  -70.364  -27.458 0.6000000238
4915  23.538  -70.634  -29.972 0.5000000000
4917  12.673  -71.085  -29.534 0.6000000238
4923  23.075  -70.236  -30.442 0.6000000238
5332  16.203  -69.267  -22.563 0.6000000238
5336  15.488  -69.153  -23.062 0.6000000238
5337  14.960  -70.067  -22.955 0.6000000238
5348  12.643  -71.049  -24.677 0.6999999881
5387  23.369  -69.756  -28.850 0.6000000238
5398  13.556  -69.741  -30.091 0.6000000238
5418  16.033  -69.311  -33.320 0.5000000000
5432  15.385  -69.549  -33.500 0.6000000238
5836  21.763  -68.684  -23.451 0.8999999762
5837  17.089  -67.909  -22.817 0.6999999881
5843  22.447  -68.801  -24.505 0.8000000119
5870  22.697  -68.551  -26.801 0.6999999881
5871  21.922  -68.228  -26.668 0.6000000238
5873  20.004  -67.981  -26.540 0.6999999881
5897  21.870  -68.523  -28.264 0.6000000238
5903  14.667  -68.660  -29.235 0.5000000000
5913  17.681  -68.866  -29.382 0.5000000000
5922  18.703  -69.402  -30.476 0.5000000000
5934  16.051  -69.189  -31.282 0.6000000238
5943  19.195  -69.586  -32.628 0.6000000238
5945  17.454  -69.092  -33.451 0.6999999881
5946  16.684  -69.265  -32.976 0.6000000238
6415  21.293  -68.065  -23.382 0.8999999762
6417  19.743  -67.206  -22.753 0.8999999762
6427  21.472  -68.008  -24.126 0.6999999881
6443  21.231  -67.840  -24.618 0.6999999881
6472  17.049  -67.718  -27.390 0.6000000238
6505  18.761  -68.289  -34.380 0.6000000238
6521  16.531  -67.450  -34.793 0.6999999881
7024  20.874  -66.452  -33.950 0.6000000238
7030  14.308  -66.919  -34.410 0.5000000000
7551  14.523  -66.099  -34.139 0.6000000238
8079  20.060  -64.494  -29.773 0.5000000000
8080  19.487  -63.987  -29.760 0.5000000000
8095  21.325  -65.247  -30.695 0.5000000000
8118  22.591  -65.233  -31.948 0.5000000000
8121  13.644  -64.426  -32.488 0.5000000000
8139  20.605  -64.075  -33.411 0.6000000238
8140  17.617  -63.852  -34.097 0.6000000238
8141  17.202  -64.607  -34.345 0.6000000238
8142  15.095  -64.827  -33.332 0.6000000238
8143  14.221  -65.086  -32.997 0.6000000238
8145  12.123  -65.010  -33.261 0.5000000000
8153  21.103  -64.979  -33.151 0.6000000238
8683  10.469  -63.207  -25.256 0.5000000000
8751  19.465  -63.544  -30.563 0.5000000000
8766  12.149  -63.631  -32.356 0.5000000000
8780  15.814  -63.395  -33.214 0.5000000000
8786  19.807  -63.876  -34.236 0.6000000238
8787  18.602  -63.997  -34.338 0.6000000238
9276  12.791  -62.469  -21.678 0.6000000238
9290  13.144  -62.236  -22.525 0.6000000238
9304  12.956  -61.893  -24.237 0.5000000000
9326  11.812  -62.131  -25.738 0.6000000238
9327  10.844  -62.308  -26.059 0.5000000000
9399  14.398  -62.526  -32.630 0.5000000000
9402  11.645  -62.938  -32.138 0.5000000000
9407  19.982  -62.556  -33.132 0.6999999881
9985  13.915  -60.771  -21.991 0.6000000238
9986  13.627  -61.387  -22.694 0.6000000238
9998  13.357  -61.030  -23.653 0.5000000000
10009  12.468  -61.673  -25.133 0.6000000238
10021  11.856  -61.276  -25.763 0.6000000238
10048  7.762  -61.105  -27.166 0.5000000000
10086  12.980  -60.990  -31.969 0.6000000238
10097  15.740  -61.587  -33.217 0.6999999881
10099  13.743  -60.818  -32.223 0.6000000238
10107  16.704  -61.874  -33.454 0.6000000238
10667  13.936  -60.154  -21.444 0.5000000000
10668  13.610  -60.325  -20.646 0.5000000000
10695  13.788  -60.037  -22.284 0.6000000238
10714  12.738  -60.389  -24.183 0.6000000238
10725  10.444  -60.478  -25.689 0.6000000238
10734  10.048  -61.003  -26.089 0.6000000238
10735  8.886  -60.807  -26.149 0.6000000238
10748  7.602  -60.338  -27.471 0.6000000238
10760  7.523  -60.283  -28.405 0.5000000000
10766  8.400  -60.205  -29.572 0.6000000238
10771  11.150  -60.127  -30.671 0.6000000238
10774  8.706  -60.607  -30.134 0.5000000000
10780  13.230  -60.241  -31.756 0.6000000238
10781  11.709  -60.738  -31.115 0.6000000238
10789  15.952  -60.645  -33.138 0.6000000238
10790  14.568  -60.297  -32.342 0.6000000238
10793  19.576  -60.397  -33.256 0.5000000000
10794  18.686  -60.331  -33.482 0.6000000238
10795  17.794  -60.578  -33.510 0.6999999881
11340  13.683  -59.763  -21.082 0.5000000000
11341  12.517  -59.722  -19.967 0.4000000060
11354  13.381  -59.443  -21.262 0.5000000000
11356  11.418  -59.294  -21.280 0.6999999881
11369  13.429  -59.599  -22.406 0.6000000238
11385  12.707  -59.768  -23.631 0.6000000238
11389  8.691  -59.345  -23.183 0.6999999881
11399  12.173  -59.797  -24.248 0.6000000238
11410  11.585  -59.938  -24.759 0.6000000238
11411  10.647  -59.854  -24.986 0.6000000238
11413  8.681  -59.743  -25.359 0.6000000238
11414  7.553  -58.965  -25.470 0.6000000238
11418  8.516  -60.118  -25.966 0.5000000000
11441  8.245  -59.272  -28.806 0.6000000238
11442  8.092  -59.889  -28.974 0.5000000000
11450  10.102  -59.018  -29.848 0.6000000238
11462  10.610  -59.545  -30.274 0.5000000000
11463  9.857  -59.799  -29.999 0.5000000000
11471  12.743  -59.614  -31.323 0.6000000238
11481  17.423  -58.927  -33.061 0.6000000238
11489  18.704  -59.541  -33.355 0.6999999881
11491  16.965  -59.585  -33.147 0.6999999881
12094  8.409  -57.937  -20.341 0.5000000000
12111  7.406  -58.588  -22.594 0.6999999881
12112  6.494  -57.555  -22.225 0.6999999881
12120  11.686  -57.472  -24.180 0.6999999881
12132  6.804  -58.621  -24.170 0.8000000119
12145  6.975  -58.522  -24.993 0.6000000238
12146  6.803  -57.793  -25.105 0.8000000119
12160  7.329  -58.229  -25.722 0.8000000119
12161  7.173  -57.740  -25.506 0.8000000119
12190  8.418  -58.602  -28.540 0.6000000238
12210  10.324  -58.251  -29.661 0.6000000238
12211  9.634  -58.592  -29.379 0.6000000238
12228  13.042  -57.824  -30.824 0.6000000238
12229  12.388  -58.145  -30.667 0.6000000238
12267  15.113  -58.814  -32.080 0.6000000238
12862  14.381  -57.595  -21.793 0.4000000060
12864  12.964  -56.854  -21.660 0.4000000060
12865  6.184  -56.928  -21.559 0.6000000238
12872  14.069  -57.624  -22.546 0.4000000060
12873  13.275  -57.524  -22.737 0.6999999881
12874  12.411  -57.290  -22.969 0.6000000238
12875  6.251  -57.614  -23.145 0.6999999881
12882  13.742  -57.514  -23.425 0.6999999881
12884  11.836  -57.205  -23.503 0.6999999881
12885  11.129  -56.973  -23.696 0.6999999881
12886  6.283  -57.984  -23.902 0.6999999881
12887  6.106  -56.960  -23.783 0.6999999881
12895  13.360  -57.422  -24.383 0.6000000238
12900  6.395  -57.064  -24.218 0.6999999881
12911  11.482  -57.413  -25.682 0.8000000119
12913  9.670  -57.040  -25.872 0.8000000119
12929  10.252  -57.170  -26.452 0.8000000119
12931  8.432  -57.243  -26.976 0.6999999881
12946  9.083  -57.308  -27.682 0.8000000119
12957  10.244  -57.322  -28.648 0.6999999881
12965  12.160  -56.925  -29.826 0.6999999881
12966  11.375  -57.194  -29.573 0.6999999881
12979  12.645  -57.385  -30.369 0.5000000000
12980  11.844  -57.635  -30.162 0.6000000238
12994  17.076  -56.870  -31.945 0.5000000000
12996  15.466  -57.128  -31.404 0.5000000000
13019  15.870  -57.540  -31.923 0.5000000000
13637  6.319  -56.554  -20.559 0.5000000000
13651  16.119  -57.097  -21.066 0.3000000119
13652  15.144  -57.466  -21.308 0.3000000119
13654  13.166  -56.317  -21.095 0.4000000060
13655  12.399  -56.131  -21.558 0.6000000238
13656  11.620  -55.844  -22.001 0.5000000000
13684  10.702  -56.244  -23.160 0.6999999881
13686  5.951  -56.340  -23.308 0.6999999881
13695  15.501  -56.821  -24.340 0.5000000000
13696  14.799  -56.910  -24.737 0.6000000238
13707  16.067  -56.127  -25.597 0.5000000000
13709  14.601  -56.657  -25.603 0.6000000238
13711  9.172  -56.552  -25.380 0.8000000119
13714  7.072  -56.695  -24.979 0.8000000119
13715  6.692  -56.630  -24.288 0.6999999881
13725  15.820  -56.014  -26.300 0.5000000000
13730  7.474  -57.080  -25.509 0.8000000119
13740  13.593  -56.117  -27.307 0.6000000238
13742  11.383  -56.599  -28.317 0.6999999881
13750  13.863  -55.749  -28.228 0.6999999881
13751  13.270  -55.794  -28.770 0.8000000119
13761  14.117  -55.966  -29.836 0.6000000238
13764  11.816  -56.522  -29.065 0.8000000119
13776  16.170  -56.063  -30.730 0.5000000000
13778  14.616  -56.250  -30.280 0.6000000238
13790  16.788  -56.284  -31.260 0.5000000000
13791  15.844  -56.510  -31.066 0.5000000000
13792  15.035  -56.683  -30.820 0.5000000000
14490  14.424  -55.986  -20.226 0.4000000060
14511  13.570  -55.564  -20.682 0.4000000060
14515  5.055  -54.392  -21.771 0.6000000238
14522  10.886  -55.574  -22.543 0.6000000238
14523  5.279  -55.159  -22.070 0.8000000119
14532  10.180  -55.458  -23.178 0.6999999881
14533  9.601  -55.447  -23.878 0.8000000119
14534  5.725  -55.519  -22.749 0.6999999881
14546  6.581  -55.859  -23.850 0.6999999881
14557  7.365  -56.035  -24.812 0.6999999881
14598  13.888  -55.720  -29.172 0.6999999881
14608  16.521  -55.248  -29.937 0.5000000000
14629  17.647  -55.851  -31.068 0.5000000000
15316  4.446  -54.060  -20.503 0.6000000238
15336  12.152  -54.767  -21.586 0.5000000000
15347  12.602  -53.961  -22.097 0.4000000060
15349  10.546  -54.865  -22.765 0.6999999881
15356  11.899  -53.830  -22.826 0.4000000060
15359  9.346  -54.928  -24.217 0.6999999881
15363  9.625  -54.331  -24.518 0.6000000238
15365  6.700  -54.927  -23.837 0.6999999881
15366  6.380  -54.342  -23.409 0.6999999881
15370  8.850  -54.462  -25.079 0.6999999881
15371  8.343  -54.560  -25.029 0.6999999881
15372  7.779  -54.615  -24.769 0.6000000238
15373  7.220  -54.727  -24.347 0.6000000238
16076  5.380  -53.394  -22.322 0.6999999881
16084  12.233  -53.649  -23.719 0.4000000060
16087  5.772  -53.494  -22.727 0.6999999881
16096  10.158  -53.707  -25.033 0.6000000238
16106  13.114  -53.357  -26.017 0.3000000119
16108  10.797  -53.417  -25.680 0.3000000119
16111  8.149  -53.933  -25.014 0.6000000238
16120  12.178  -53.289  -26.400 0.3000000119
16846  4.777  -52.885  -21.333 0.6000000238
16854  5.574  -52.797  -22.463 0.6999999881
16855  5.149  -52.978  -22.032 0.6999999881
16864  6.055  -52.975  -23.006 0.6000000238
16871  6.574  -53.083  -23.549 0.6000000238
16878  14.470  -52.722  -26.141 0.3000000119
16880  10.267  -52.513  -25.677 0.5000000000
16881  8.661  -53.091  -25.151 0.6000000238
16894  11.674  -52.774  -26.661 0.4000000060
17609  4.835  -51.842  -19.423 0.5000000000
17624  5.160  -51.413  -20.740 0.6000000238
17639  6.172  -51.523  -22.580 0.6999999881
17640  5.735  -51.757  -22.237 0.6999999881
17647  6.502  -51.812  -23.039 0.6000000238
17655  8.396  -51.671  -24.496 0.4000000060
17657  6.914  -52.337  -23.577 0.6000000238
17663  11.034  -51.926  -25.926 0.4000000060
17691  12.086  -51.713  -26.658 0.3000000119
18405  9.673  -50.319  -16.688 0.4000000060
18406  9.053  -50.542  -16.795 0.4000000060
18418  11.663  -50.700  -18.262 0.3000000119
18432  12.243  -50.442  -18.607 0.3000000119
18433  11.569  -50.807  -19.047 0.3000000119
18434  10.741  -51.017  -19.362 0.4000000060
18439  5.985  -51.146  -18.916 0.5000000000
18458  8.190  -50.402  -20.536 0.4000000060
18459  7.260  -50.522  -20.472 0.6000000238
18460  6.519  -50.555  -20.768 0.6000000238
18461  5.691  -50.942  -20.792 0.6000000238
18470  6.335  -50.600  -21.526 0.5000000000
18482  8.281  -50.099  -23.510 0.6000000238
18490  9.533  -50.156  -24.395 0.6000000238
18491  8.777  -50.698  -24.288 0.4000000060
18498  10.512  -50.777  -25.217 0.4000000060
18499  9.832  -50.838  -24.915 0.4000000060
18507  11.444  -51.233  -25.936 0.4000000060
19273  12.930  -49.374  -17.767 0.3000000119
19274  12.365  -49.566  -17.435 0.3000000119
19306  7.212  -50.084  -21.137 0.6000000238
19316  10.506  -49.366  -21.528 0.3000000119
19318  8.274  -49.384  -21.764 0.5000000000
19327  8.533  -49.272  -22.272 0.4000000060
19335  7.979  -49.704  -22.704 0.5000000000
19341  10.265  -49.475  -24.312 0.4000000060
19351  10.193  -50.261  -24.765 0.6000000238
19357  13.855  -49.375  -26.820 0.3000000119
19359  12.403  -49.604  -25.852 0.3000000119
19360  11.857  -50.525  -25.907 0.3000000119
20086  13.910  -48.949  -18.377 0.3000000119
20113  10.237  -48.782  -22.142 0.4000000060
20114  9.581  -48.948  -22.062 0.4000000060
20127  9.822  -48.823  -22.408 0.5000000000
20128  9.010  -49.088  -22.148 0.4000000060
20134  9.926  -48.668  -22.929 0.5000000000
20141  10.732  -48.688  -24.024 0.4000000060
20143  9.552  -49.010  -23.217 0.5000000000
20149  12.624  -48.521  -25.450 0.3000000119
20885  11.647  -48.118  -16.769 0.3000000119
20886  10.343  -47.693  -16.257 0.3000000119
20887  9.581  -47.336  -15.935 0.3000000119
20929  12.203  -47.516  -23.517 0.3000000119
20930  11.319  -47.938  -23.211 0.3000000119
20932  10.394  -48.456  -22.846 0.4000000060
20937  11.763  -47.690  -23.730 0.3000000119
20938  10.981  -48.153  -23.279 0.3000000119
20945  11.167  -48.155  -23.854 0.3000000119
20963  13.342  -48.111  -25.751 0.3000000119
20972  15.054  -47.985  -26.861 0.3000000119
21890  12.513  -47.145  -23.892 0.3000000119
131675  30.544  -77.823  -26.978 0.3000000119
131677  31.633  -75.879  -27.426 0.3000000119
131707  17.336  -69.939  -22.073 0.6999999881
131919  29.441  -74.275  -29.622 0.4000000060
131990  30.761  -78.616  -12.587 0.3000000119
132018  28.824  -75.285  -30.124 0.4000000060
132054  17.954  -71.415  -24.000 0.6000000238
132058  30.332  -76.520  -26.606 0.4000000060
132063  29.708  -76.420  -25.972 0.4000000060
132066  31.748  -76.526  -27.458 0.4000000060
132082  29.412  -77.615  -26.635 0.5000000000
132134  28.831  -77.496  -11.021 0.3000000119
132184  16.953  -70.571  -22.612 0.6000000238
132222  28.280  -76.752  -25.241 0.4000000060
132338  21.538  -70.145  -23.343 0.8000000119
132379  12.940  -67.187  -34.467 0.5000000000
133204  16.302  -64.691  -34.101 0.6000000238
133272  13.870  -61.696  -32.450 0.6000000238
134484  20.580  -84.824  -11.183 0.4000000060
134618  23.293  -84.028  -12.132 0.5000000000
134701  21.932  -65.206  -29.949 0.5000000000
134948  6.164  -55.082  -23.246 0.6999999881
134949  27.916  -79.418  -10.029 0.3000000119
135013  27.663  -80.047  -8.998 0.3000000119
135519  9.129  -59.225  -22.383 0.6999999881
135865  5.590  -56.254  -22.083 0.6000000238
136106  13.821  -58.753  -31.470 0.6000000238
136203  8.631  -58.430  -20.922 0.6000000238
136258  10.518  -56.942  -27.268 0.6999999881
136517  7.991  -58.558  -21.754 0.6000000238
136525  23.613  -75.767  -26.281 0.6000000238
136957  15.430  -60.115  -32.692 0.6000000238
137215  17.725  -67.919  -27.419 0.6999999881
137542  13.140  -72.126  -29.139 0.5000000000
137729  12.042  -57.544  -24.916 0.6999999881
138075  32.718  -77.837  -16.155 0.3000000119
138090  25.172  -79.330  -30.846 0.4000000060
138389  10.399  -51.061  -17.816 0.4000000060
138578  17.464  -57.490  -32.373 0.5000000000
138877  18.003  -65.830  -34.952 0.6000000238
139247  14.602  -55.921  -29.981 0.6000000238
139410  10.483  -54.283  -23.229 0.5000000000
139423  7.024  -60.801  -28.672 0.5000000000
139502  28.309  -80.468  -23.315 0.3000000119
140001  12.021  -57.027  -26.401 0.8000000119
140034  31.275  -78.053  -26.915 0.3000000119
140470  18.216  -67.263  -23.809 0.6999999881
140805  5.963  -54.200  -22.925 0.6999999881
140870  23.768  -79.104  -13.233 0.4000000060
141240  7.685  -51.280  -18.971 0.6000000238
142321  9.190  -59.498  -23.952 0.6999999881
142437  26.224  -77.495  -16.182 0.4000000060
142492  13.947  -65.660  -33.589 0.6000000238
142603  8.774  -52.246  -24.932 0.5000000000
142706  31.676  -79.009  -23.945 0.3000000119
143250  22.003  -68.158  -25.753 0.6999999881
143777  22.502  -69.643  -30.224 0.6000000238
144196  13.169  -59.245  -21.977 0.5000000000
144494  25.964  -79.137  -29.978 0.5000000000
145236  23.205  -80.367  -18.090 0.4000000060
145487  21.589  -65.298  -31.737 0.5000000000
145758  18.852  -61.953  -33.507 0.6999999881
145966  21.373  -67.981  -26.102 0.6999999881
146524  26.174  -81.076  -9.073 0.3000000119
146530  34.117  -75.681  -19.375 0.3000000119
147200  7.543  -55.321  -24.704 0.6999999881
147708  33.955  -76.599  -15.887 0.3000000119
147766  6.481  -57.499  -24.560 0.8000000119
148362  29.889  -79.834  -16.895 0.4000000060
148366  28.353  -75.323  -31.910 0.4000000060
148489  9.402  -48.945  -16.205 0.5000000000
148809  12.873  -72.401  -25.216 0.6000000238
148893  19.599  -61.851  -33.258 0.6999999881
148952  6.667  -50.500  -22.105 0.5000000000
149082  28.000  -79.630  -8.398 0.3000000119
149199  11.909  -59.376  -20.328 0.4000000060
149395  21.172  -69.516  -22.735 0.8000000119
149419  30.059  -75.477  -30.551 0.4000000060
149422  18.146  -69.895  -21.941 0.6999999881
149477  28.303  -76.013  -24.604 0.5000000000
149494  18.949  -67.498  -22.143 0.6999999881
149495  20.642  -68.801  -22.124 0.8999999762
149496  17.019  -68.543  -22.398 0.6999999881
149508  29.845  -78.165  -12.897 0.3000000119
149529  29.616  -77.832  -10.409 0.3000000119
149540  30.549  -78.250  -10.604 0.3000000119
149544  30.883  -75.880  -26.830 0.3000000119
149597  18.678  -69.343  -21.723 0.6999999881
149701  19.414  -83.171  -9.453 0.4000000060
149881  34.505  -75.989  -18.003 0.3000000119
149924  13.465  -56.516  -26.592 0.8000000119
149925  25.793  -81.222  -11.164 0.4000000060
150114  20.105  -62.123  -31.187 0.5000000000
150148  26.996  -80.476  -8.408 0.3000000119
150414  27.834  -74.480  -29.068 0.4000000060
150811  19.518  -63.705  -29.045 0.5000000000
150840  7.983  -55.813  -25.099 0.6999999881
150961  28.113  -80.476  -16.327 0.5000000000
151088  4.750  -54.391  -21.078 0.5000000000
151190  15.067  -69.054  -23.638 0.6000000238
151215  25.489  -78.790  -31.237 0.6000000238
151281  28.359  -79.141  -8.124 0.3000000119
151535  6.119  -57.388  -23.725 0.6000000238
151545  6.767  -50.981  -17.640 0.3000000119
151596  22.502  -70.157  -30.850 0.6000000238
151631  10.305  -51.248  -18.693 0.4000000060
151908  22.646  -80.026  -9.436 0.4000000060
152104  20.129  -61.158  -32.716 0.6000000238
152221  16.547  -63.106  -33.454 0.5000000000
152524  32.435  -78.616  -22.170 0.3000000119
152880  20.223  -69.119  -29.823 0.5000000000
153513  12.734  -57.431  -24.888 0.6999999881
153638  22.895  -69.984  -24.521 0.8000000119
154040  29.003  -75.584  -24.846 0.3000000119
154260  21.863  -69.382  -23.451 0.8999999762
154331  22.488  -72.414  -27.166 0.6999999881
154455  31.654  -77.329  -9.975 0.3000000119
155197  24.533  -78.160  -27.273 0.4000000060
155638  15.574  -69.622  -22.759 0.6000000238
155725  14.358  -55.970  -27.429 0.6000000238
155858  15.330  -52.460  -25.134 0.3000000119
156118  20.156  -61.978  -30.458 0.5000000000
156219  5.556  -51.177  -19.468 0.5000000000
156460  17.888  -64.350  -34.353 0.6000000238
156571  30.465  -79.478  -18.898 0.3000000119
156618  24.595  -76.846  -33.990 0.5000000000
156831  15.656  -64.889  -33.913 0.6000000238
157253  23.202  -74.963  -33.073 0.5000000000
157337  32.754  -75.771  -27.359 0.4000000060
157391  22.983  -76.715  -17.143 0.3000000119
157544  13.386  -61.341  -32.193 0.5000000000
157630  22.700  -79.379  -18.125 0.5000000000
157757  16.320  -55.157  -29.502 0.6000000238
157761  13.995  -57.304  -30.875 0.6000000238
157898  8.386  -49.411  -21.610 0.5000000000
158372  19.982  -61.819  -32.857 0.5000000000
158592  17.609  -69.329  -30.906 0.6999999881
158693  12.609  -53.629  -24.522 0.3000000119
158876  5.600  -52.268  -22.345 0.6999999881
159252  10.802  -53.183  -26.053 0.6000000238
159359  19.941  -64.584  -31.052 0.5000000000
159360  21.504  -79.623  -17.879 0.5000000000
