#!ascii label  , from subject ICBM2009cNolinAsym vox2ras=TkReg
1447
3092  24.065  -74.314  -24.496 0.5000000000
7494  25.777  -65.207  -31.079 0.6000000238
7495  25.002  -65.257  -30.672 0.6000000238
8092  24.419  -65.085  -31.342 0.6000000238
8076  24.075  -65.294  -30.100 0.6999999881
8093  23.505  -65.212  -31.017 0.6000000238
7467  24.753  -65.515  -28.479 0.6999999881
136770  24.209  -65.390  -29.062 0.6000000238
3983  24.306  -71.866  -32.001 0.5000000000
3536  27.979  -73.516  -33.677 0.6000000238
3537  27.463  -73.198  -33.602 0.6000000238
3981  25.659  -72.379  -32.756 0.5000000000
2840  29.507  -74.611  -32.656 0.5000000000
3160  28.398  -73.980  -33.480 0.4000000060
3518  26.985  -73.615  -32.924 0.5000000000
3538  26.625  -72.636  -33.362 0.6000000238
4945  20.550  -70.463  -33.087 0.5000000000
149443  28.612  -73.669  -28.818 0.4000000060
5430  20.729  -70.059  -33.918 0.5000000000
152361  20.630  -69.776  -31.309 0.5000000000
5985  22.115  -68.501  -34.630 0.6000000238
7544  24.561  -65.295  -33.964 0.6000000238
7508  25.776  -64.816  -32.066 0.6000000238
147198  26.274  -65.601  -30.330 0.6999999881
8115  25.148  -64.597  -32.819 0.6000000238
144041  25.590  -65.439  -30.209 0.6999999881
146985  27.674  -66.042  -28.131 0.6000000238
7465  26.334  -65.936  -28.645 0.6999999881
7448  29.140  -65.525  -27.413 0.6000000238
151711  26.950  -66.028  -28.138 0.6000000238
158018  25.893  -65.850  -28.204 0.6999999881
8041  28.569  -65.315  -26.776 0.6999999881
8077  22.966  -65.276  -30.012 0.6000000238
149265  23.646  -71.551  -31.743 0.5000000000
3992  25.949  -71.929  -33.522 0.6000000238
3993  25.169  -71.768  -33.420 0.5000000000
3159  28.978  -73.745  -33.671 0.6000000238
3555  27.951  -72.867  -33.869 0.6999999881
2830  29.705  -75.066  -31.893 0.4000000060
5456  22.702  -69.494  -35.026 0.5000000000
143490  21.345  -70.296  -34.199 0.5000000000
131698  26.154  -73.186  -26.279 0.5000000000
5457  22.040  -69.258  -34.731 0.5000000000
7553  25.465  -65.493  -33.955 0.6999999881
147705  22.809  -68.137  -34.940 0.6000000238
8113  26.068  -64.902  -33.276 0.6999999881
146807  25.436  -65.075  -33.393 0.6000000238
7555  24.466  -65.836  -34.414 0.6000000238
7520  26.408  -64.999  -32.588 0.6999999881
8114  25.663  -64.666  -32.836 0.6000000238
7493  26.832  -65.669  -30.962 0.6999999881
136079  27.959  -66.200  -28.875 0.6000000238
7478  27.383  -66.124  -29.566 0.6000000238
7463  28.554  -66.010  -28.158 0.6000000238
7479  26.641  -65.942  -29.499 0.6000000238
8039  30.655  -64.655  -27.375 0.6000000238
159245  29.153  -65.139  -26.814 0.6999999881
8042  24.022  -65.144  -27.126 0.6999999881
140333  22.426  -65.006  -29.178 0.5000000000
7451  26.346  -65.872  -27.692 0.6999999881
7452  25.388  -65.696  -27.793 0.6999999881
134253  23.393  -65.210  -29.120 0.6000000238
4506  25.965  -71.097  -34.228 0.5000000000
4010  24.669  -71.526  -34.005 0.5000000000
4484  23.373  -71.745  -32.618 0.5000000000
4007  27.805  -72.148  -33.973 0.6999999881
4009  25.519  -71.451  -33.972 0.6000000238
3172  29.409  -73.415  -33.778 0.5000000000
146404  28.972  -73.098  -33.920 0.6999999881
140854  28.431  -72.637  -33.916 0.6999999881
3556  27.298  -72.387  -33.869 0.6000000238
3557  26.470  -71.800  -33.897 0.6000000238
2829  30.199  -74.794  -31.907 0.4000000060
3142  30.015  -74.413  -32.666 0.4000000060
3158  29.617  -73.982  -33.368 0.5000000000
6533  24.927  -67.427  -35.320 0.5000000000
157734  24.309  -68.027  -35.376 0.5000000000
134390  23.603  -68.099  -35.224 0.5000000000
136013  26.837  -65.204  -33.364 0.6000000238
7036  24.788  -66.422  -34.851 0.5000000000
6981  27.668  -66.020  -31.510 0.6999999881
6958  30.121  -66.360  -30.106 0.6000000238
6969  28.418  -66.354  -30.633 0.6999999881
7506  26.915  -65.447  -31.847 0.6999999881
7475  30.717  -65.990  -29.506 0.6000000238
6959  29.144  -66.404  -29.865 0.6000000238
6970  27.531  -66.105  -30.413 0.6999999881
8726  32.137  -63.443  -28.784 0.6999999881
7461  30.411  -65.724  -28.610 0.6000000238
7477  28.865  -66.231  -28.982 0.6000000238
9348  32.278  -62.501  -27.586 0.6000000238
150858  31.289  -64.330  -27.849 0.6999999881
7447  30.102  -65.343  -27.754 0.6999999881
10028  32.614  -61.408  -26.394 0.6000000238
9349  31.773  -63.037  -27.101 0.6000000238
8708  31.166  -63.867  -27.022 0.6999999881
8044  22.093  -64.596  -27.599 0.6000000238
8024  30.475  -64.264  -26.708 0.6999999881
7440  24.898  -65.441  -26.960 0.6999999881
8059  22.803  -64.881  -28.314 0.6000000238
10029  32.011  -61.869  -25.836 0.6999999881
8675  31.313  -63.154  -26.386 0.6000000238
150156  29.910  -64.137  -26.071 0.8000000119
140690  29.061  -64.774  -26.235 0.6999999881
8025  28.138  -65.033  -26.111 0.6999999881
7438  26.784  -65.634  -26.797 0.6999999881
4507  24.799  -71.128  -34.398 0.6000000238
4017  28.244  -71.953  -34.014 0.6999999881
4518  27.688  -71.153  -34.211 0.6999999881
4008  27.042  -71.623  -34.098 0.6000000238
158795  29.661  -72.820  -33.908 0.5000000000
4006  28.775  -72.140  -33.992 0.6999999881
3141  30.452  -74.092  -32.660 0.4000000060
3157  30.186  -73.783  -33.297 0.5000000000
5455  23.580  -69.607  -35.188 0.5000000000
4967  22.509  -70.828  -34.558 0.5000000000
139607  23.981  -68.785  -35.365 0.5000000000
7034  26.130  -66.273  -34.703 0.6000000238
6989  29.162  -66.445  -32.510 0.6000000238
7529  27.205  -65.478  -33.898 0.6999999881
7552  25.916  -65.730  -34.242 0.6999999881
6967  30.311  -66.323  -31.032 0.6999999881
6990  28.215  -66.109  -32.509 0.6999999881
7474  31.387  -65.558  -29.904 0.6000000238
7492  30.912  -66.066  -30.433 0.6000000238
6968  29.417  -66.452  -30.804 0.6999999881
9372  32.697  -62.128  -29.512 0.6999999881
9373  32.448  -62.874  -29.199 0.6999999881
8075  31.700  -64.900  -29.458 0.6999999881
155284  22.565  -64.474  -25.983 0.6000000238
10057  32.840  -61.620  -28.668 0.6000000238
151680  32.581  -62.273  -28.765 0.6999999881
8056  31.492  -64.652  -28.640 0.6999999881
11416  33.619  -59.720  -26.177 0.6000000238
10745  33.116  -61.026  -26.959 0.6000000238
10744  33.443  -60.594  -27.554 0.6000000238
10058  32.624  -62.031  -28.079 0.6000000238
9362  32.342  -62.726  -28.392 0.6999999881
8030  23.352  -64.775  -26.359 0.6000000238
10731  33.065  -60.516  -26.044 0.6000000238
10046  32.660  -61.753  -27.262 0.6000000238
8013  26.741  -64.958  -25.286 0.6999999881
8014  25.758  -65.015  -25.304 0.6000000238
8028  25.309  -65.322  -26.114 0.6999999881
8043  23.100  -64.864  -27.374 0.6000000238
11407  33.048  -59.619  -25.380 0.5000000000
158546  32.640  -60.253  -25.310 0.6000000238
10018  31.353  -61.842  -25.023 0.8000000119
9323  30.790  -62.679  -25.263 0.8000000119
8678  28.881  -63.882  -25.031 0.8000000119
8011  28.518  -64.477  -25.533 0.8000000119
8026  27.228  -65.232  -26.058 0.6999999881
8027  26.278  -65.386  -26.041 0.6999999881
8676  30.947  -63.120  -25.836 0.8000000119
133714  30.360  -63.385  -25.591 0.8000000119
4519  26.838  -70.839  -34.317 0.6999999881
4520  25.961  -70.646  -34.412 0.6999999881
4521  25.007  -70.697  -34.597 0.6999999881
4508  23.841  -71.404  -34.319 0.6000000238
4505  29.155  -71.837  -34.025 0.6999999881
152044  24.142  -70.875  -34.802 0.6000000238
154163  29.976  -71.627  -33.911 0.6000000238
4978  23.331  -70.890  -34.778 0.5000000000
5454  24.579  -69.398  -35.262 0.5000000000
11384  21.693  -60.126  -23.770 0.6000000238
10712  21.113  -60.585  -24.244 0.5000000000
5983  25.784  -67.775  -35.330 0.5000000000
141297  21.705  -62.398  -22.913 0.6000000238
143212  28.196  -66.673  -34.272 0.6999999881
7033  26.921  -66.650  -34.685 0.6000000238
6979  29.695  -66.457  -31.713 0.6999999881
7003  28.060  -66.028  -33.986 0.6999999881
8648  22.587  -63.459  -23.564 0.6000000238
7473  31.772  -64.971  -30.292 0.6999999881
7491  31.356  -65.526  -30.796 0.6000000238
157361  32.691  -61.827  -30.866 0.6999999881
8748  32.421  -63.036  -30.883 0.6999999881
8749  32.302  -63.527  -30.484 0.6999999881
8002  23.287  -64.200  -24.780 0.6000000238
8662  22.392  -63.798  -24.301 0.6000000238
10067  32.973  -61.253  -29.353 0.6000000238
9379  32.548  -62.952  -30.043 0.6999999881
8001  24.318  -64.420  -24.751 0.6000000238
8679  22.228  -64.135  -25.223 0.6000000238
145994  33.689  -60.204  -28.747 0.6000000238
10757  33.287  -60.810  -28.512 0.6000000238
8659  25.533  -64.174  -24.099 0.6999999881
8000  25.232  -64.555  -24.673 0.6000000238
8016  23.876  -64.653  -25.520 0.6000000238
10730  33.474  -60.353  -26.772 0.6000000238
9312  29.696  -62.454  -24.188 0.6000000238
9313  28.879  -62.761  -23.908 0.6000000238
7998  27.216  -64.409  -24.640 0.6999999881
7999  26.199  -64.487  -24.507 0.6000000238
8029  24.366  -65.091  -26.235 0.6000000238
10004  30.880  -61.114  -24.216 0.6000000238
8655  29.284  -63.210  -24.602 0.8000000119
10003  31.583  -61.026  -24.682 0.6000000238
9311  30.521  -62.144  -24.514 0.6999999881
7997  28.093  -64.165  -24.825 0.8000000119
140513  28.104  -71.001  -34.195 0.6999999881
4974  27.617  -70.587  -34.322 0.6999999881
4976  26.039  -70.347  -34.550 0.6999999881
138721  29.480  -70.953  -34.035 0.6999999881
4517  28.413  -71.547  -34.079 0.6999999881
144087  26.180  -69.962  -34.775 0.6000000238
152092  24.383  -70.021  -35.038 0.6000000238
12119  22.793  -58.913  -22.886 0.6000000238
154242  22.113  -58.338  -24.117 0.6000000238
11383  22.220  -59.614  -23.327 0.6000000238
12130  22.161  -58.878  -23.725 0.6000000238
5453  25.555  -69.369  -35.170 0.6000000238
10704  22.029  -60.464  -23.071 0.5000000000
7002  28.865  -66.627  -34.028 0.6999999881
145166  27.861  -67.245  -34.512 0.6999999881
9983  22.982  -61.655  -22.306 0.4000000060
10694  21.784  -61.200  -22.931 0.5000000000
6978  30.390  -66.208  -31.910 0.6999999881
145961  29.551  -66.600  -33.428 0.8000000119
9288  22.459  -62.438  -22.646 0.5000000000
7504  31.620  -64.948  -31.170 0.6000000238
8633  22.934  -63.057  -22.953 0.6000000238
8755  32.037  -63.708  -31.185 0.6999999881
8646  24.365  -63.620  -23.432 0.6999999881
8647  23.462  -63.523  -23.464 0.6000000238
10073  32.857  -61.076  -30.863 0.6999999881
10083  32.422  -61.703  -31.605 0.6999999881
9301  26.902  -62.911  -22.955 0.5000000000
8661  23.896  -63.983  -24.072 0.6000000238
11457  33.486  -59.519  -30.596 0.6000000238
10769  33.231  -60.328  -30.260 0.6000000238
136579  33.022  -60.939  -29.977 0.6999999881
8645  25.362  -63.704  -23.438 0.6999999881
11448  33.887  -59.813  -29.490 0.6000000238
10764  33.334  -60.546  -29.377 0.6000000238
8642  28.078  -63.105  -23.637 0.5000000000
8643  27.242  -63.350  -23.464 0.6000000238
11438  33.718  -60.216  -28.060 0.6000000238
9994  30.125  -60.643  -23.637 0.6000000238
9298  29.244  -61.946  -23.546 0.5000000000
8658  26.803  -63.969  -23.924 0.6999999881
10711  30.709  -60.066  -23.955 0.6000000238
4973  28.168  -70.494  -34.225 0.6999999881
147755  27.745  -70.083  -34.385 0.6999999881
143133  27.029  -69.908  -34.601 0.6000000238
5452  26.335  -69.447  -34.983 0.6000000238
12879  22.886  -58.071  -22.553 0.4000000060
143131  22.294  -57.620  -23.079 0.5000000000
5982  27.424  -68.613  -34.791 0.6000000238
12109  23.385  -59.277  -22.293 0.5000000000
12892  21.933  -57.190  -24.570 0.6000000238
6515  28.536  -67.992  -34.445 0.6999999881
7018  28.864  -67.416  -34.292 0.6999999881
139158  26.654  -68.168  -35.138 0.6000000238
10692  23.225  -60.709  -22.201 0.5000000000
6977  30.891  -65.862  -32.272 0.6999999881
9968  23.898  -61.903  -22.060 0.4000000060
10095  30.558  -61.736  -33.856 0.6999999881
151221  31.453  -63.075  -32.635 0.6999999881
8761  31.362  -63.974  -32.874 0.6999999881
9286  24.310  -62.558  -22.374 0.6000000238
153603  31.722  -59.894  -32.971 0.6999999881
10784  31.242  -60.690  -33.279 0.6999999881
145768  31.922  -63.197  -31.794 0.6999999881
8101  31.680  -64.409  -31.584 0.6999999881
138368  26.155  -61.927  -22.123 0.5000000000
8631  24.801  -63.160  -22.814 0.5000000000
139460  32.834  -60.130  -31.394 0.6000000238
10777  32.097  -60.444  -32.399 0.6999999881
10084  31.681  -61.490  -32.597 0.6999999881
9384  32.422  -62.421  -31.295 0.6999999881
9284  26.239  -62.743  -22.606 0.5000000000
12200  34.140  -58.985  -29.998 0.5000000000
11466  33.031  -59.147  -31.524 0.6000000238
5969  29.464  -68.956  -34.393 0.6999999881
5980  28.747  -69.212  -34.301 0.6999999881
13677  22.803  -57.431  -22.101 0.4000000060
6514  30.292  -68.327  -34.538 0.6999999881
5981  28.128  -69.002  -34.464 0.6999999881
150796  22.052  -57.144  -22.649 0.4000000060
6528  28.709  -68.637  -34.427 0.6999999881
13689  21.887  -57.122  -23.659 0.6000000238
7000  30.800  -66.544  -33.837 0.8000000119
7017  29.829  -67.644  -34.348 0.6999999881
7517  31.600  -65.213  -33.125 0.6000000238
7518  31.356  -65.587  -32.910 0.6000000238
13692  19.853  -55.919  -24.092 0.6000000238
9395  31.000  -63.296  -33.566 0.6999999881
8112  31.558  -64.686  -32.736 0.6000000238
10103  30.294  -61.393  -34.620 0.6000000238
11476  31.944  -59.169  -33.126 0.6000000238
143272  17.520  -56.195  -23.910 0.5000000000
12240  32.675  -58.777  -32.408 0.6000000238
11467  32.386  -59.554  -32.307 0.6999999881
12239  33.334  -58.415  -31.728 0.5000000000
7016  30.697  -67.447  -34.439 0.6999999881
13663  21.708  -56.738  -22.183 0.4000000060
6999  31.495  -66.148  -33.895 0.8000000119
13678  21.457  -56.770  -23.179 0.5000000000
8132  32.014  -64.683  -33.773 0.8000000119
13665  20.313  -56.320  -22.896 0.4000000060
13664  21.012  -56.491  -22.602 0.4000000060
14529  19.571  -56.168  -23.202 0.4000000060
13679  20.862  -56.387  -23.493 0.5000000000
10805  31.167  -60.516  -35.314 0.6000000238
9406  30.140  -62.286  -34.832 0.6000000238
8775  30.704  -63.068  -34.541 0.6999999881
13649  19.148  -56.247  -22.234 0.4000000060
11496  31.987  -59.219  -34.821 0.6000000238
11477  31.209  -59.896  -33.871 0.6000000238
13681  17.187  -56.628  -23.057 0.4000000060
133881  19.072  -55.907  -23.939 0.6000000238
12255  32.559  -58.606  -33.325 0.6000000238
12254  33.286  -58.233  -32.698 0.5000000000
12989  33.820  -57.832  -31.909 0.5000000000
13646  22.085  -56.380  -21.328 0.4000000060
135587  32.194  -66.476  -34.416 0.8000000119
13648  20.415  -56.322  -21.992 0.4000000060
7528  32.059  -65.724  -34.028 0.6999999881
156838  19.794  -56.288  -22.352 0.4000000060
8784  31.496  -63.270  -35.042 0.6000000238
8774  31.618  -63.940  -34.169 0.6999999881
10116  31.335  -61.360  -35.689 0.6000000238
9414  31.353  -62.694  -35.486 0.6000000238
14506  18.849  -56.147  -21.114 0.4000000060
14531  17.948  -56.322  -23.066 0.4000000060
11487  31.921  -59.016  -34.114 0.6000000238
13667  16.746  -56.972  -22.073 0.4000000060
144802  33.136  -58.317  -33.511 0.4000000060
14503  21.461  -55.972  -20.863 0.4000000060
8131  33.341  -65.000  -34.288 0.6999999881
14504  20.582  -56.091  -21.040 0.4000000060
8783  32.728  -63.844  -34.890 0.6999999881
8773  32.686  -64.504  -34.398 0.6000000238
14505  19.688  -56.141  -21.338 0.4000000060
10804  32.082  -60.485  -35.710 0.6000000238
10115  32.507  -61.320  -35.884 0.6000000238
13666  17.594  -56.648  -22.020 0.4000000060
11495  32.647  -59.159  -35.105 0.6000000238
13650  17.014  -56.637  -21.003 0.3000000119
12280  33.332  -58.686  -34.725 0.4000000060
13026  34.243  -57.958  -33.682 0.4000000060
12271  34.358  -58.332  -34.517 0.4000000060
14488  19.233  -55.517  -20.364 0.4000000060
156454  18.569  -55.493  -20.297 0.4000000060
10803  33.223  -60.493  -35.780 0.6000000238
12285  33.535  -59.147  -35.275 0.6000000238
11498  34.995  -59.836  -35.590 0.6000000238
12279  34.945  -58.659  -35.054 0.4000000060
12278  35.911  -58.600  -35.096 0.5000000000
13034  35.361  -58.136  -34.621 0.4000000060
15346  13.565  -53.875  -21.713 0.3000000119
145264  36.344  -57.889  -34.684 0.4000000060
16042  21.593  -53.361  -19.580 0.4000000060
16071  15.767  -52.876  -22.001 0.3000000119
16083  13.212  -53.497  -23.833 0.4000000060
16816  22.566  -52.475  -19.587 0.4000000060
146744  20.544  -52.075  -19.917 0.4000000060
16845  17.022  -52.508  -21.351 0.3000000119
16844  17.772  -52.614  -20.778 0.3000000119
16073  14.246  -53.420  -22.372 0.3000000119
16072  15.060  -53.290  -21.963 0.3000000119
16082  14.126  -53.292  -23.410 0.3000000119
17620  21.243  -51.875  -19.775 0.4000000060
17622  19.795  -51.775  -20.263 0.4000000060
16833  18.537  -52.687  -20.419 0.4000000060
16851  16.363  -52.413  -22.154 0.3000000119
16853  15.417  -52.836  -22.720 0.3000000119
17690  12.566  -51.811  -27.013 0.4000000060
18521  12.032  -51.165  -26.370 0.3000000119
19358  13.202  -49.906  -26.607 0.3000000119
16091  14.839  -52.983  -23.999 0.3000000119
16092  14.051  -53.253  -24.469 0.3000000119
18454  19.968  -50.750  -20.597 0.4000000060
17630  19.194  -51.084  -20.875 0.4000000060
17638  17.467  -51.872  -21.551 0.3000000119
140585  16.873  -51.891  -22.287 0.3000000119
16860  16.430  -51.994  -23.085 0.3000000119
16119  13.110  -52.821  -26.856 0.3000000119
16861  16.063  -52.207  -23.889 0.3000000119
18520  12.739  -51.228  -26.918 0.3000000119
133261  15.493  -52.501  -24.481 0.3000000119
17703  14.900  -51.174  -28.137 0.4000000060
19372  13.219  -50.611  -26.974 0.3000000119
141231  14.739  -50.177  -27.854 0.3000000119
19371  13.917  -50.216  -27.364 0.3000000119
18468  19.373  -50.220  -21.220 0.4000000060
17637  17.920  -51.122  -21.739 0.4000000060
18475  17.498  -50.771  -22.711 0.3000000119
16904  13.622  -52.123  -27.340 0.4000000060
17645  16.501  -51.698  -23.834 0.3000000119
16892  14.160  -52.453  -27.068 0.3000000119
17689  14.164  -51.498  -27.722 0.4000000060
16903  14.983  -51.961  -27.602 0.4000000060
19370  15.471  -49.634  -27.994 0.3000000119
18474  18.157  -50.294  -22.292 0.4000000060
144440  17.825  -50.063  -23.231 0.4000000060
17653  16.787  -51.168  -24.287 0.4000000060
17654  16.325  -51.716  -24.725 0.3000000119
17662  16.305  -51.546  -25.927 0.3000000119
17674  16.348  -51.482  -27.075 0.3000000119
17686  16.398  -51.407  -27.886 0.3000000119
17700  17.022  -50.991  -27.950 0.5000000000
17687  15.709  -51.597  -28.043 0.4000000060
18530  16.283  -50.665  -28.439 0.4000000060
20170  15.052  -48.791  -27.328 0.3000000119
19326  18.461  -49.590  -22.807 0.4000000060
147580  18.262  -49.458  -23.750 0.4000000060
18489  17.212  -50.562  -24.878 0.3000000119
18496  17.798  -50.031  -26.657 0.3000000119
19356  18.330  -49.472  -27.176 0.3000000119
19368  18.760  -48.937  -27.640 0.3000000119
17661  16.789  -51.101  -25.421 0.3000000119
18497  17.258  -50.552  -26.075 0.3000000119
18505  17.368  -50.549  -27.168 0.3000000119
18517  17.908  -49.736  -27.941 0.3000000119
19381  18.426  -49.159  -28.145 0.3000000119
17673  16.834  -51.034  -26.605 0.3000000119
145507  17.520  -49.798  -28.231 0.3000000119
19383  16.153  -49.833  -28.417 0.3000000119
20971  15.698  -48.179  -27.407 0.3000000119
19311  21.972  -48.558  -21.015 0.3000000119
20109  21.286  -48.309  -21.509 0.3000000119
19324  19.886  -48.605  -22.323 0.3000000119
20131  19.985  -47.836  -23.969 0.3000000119
20139  19.812  -47.709  -25.023 0.3000000119
20960  19.469  -47.595  -27.344 0.3000000119
150299  18.779  -49.059  -23.310 0.3000000119
20140  19.339  -48.288  -24.591 0.3000000119
19348  18.144  -49.341  -26.030 0.3000000119
19355  18.714  -48.830  -26.547 0.3000000119
20168  19.079  -48.374  -28.099 0.3000000119
20984  18.926  -48.081  -28.480 0.3000000119
20182  17.768  -49.214  -28.388 0.3000000119
20986  18.116  -47.856  -28.576 0.3000000119
20184  16.471  -49.251  -28.287 0.3000000119
20987  16.527  -48.438  -28.006 0.3000000119
20107  23.435  -47.807  -21.115 0.3000000119
20121  21.336  -47.689  -22.160 0.3000000119
135635  20.216  -47.980  -22.997 0.3000000119
20949  20.137  -47.124  -25.373 0.3000000119
20969  19.320  -47.469  -28.209 0.3000000119
138523  18.765  -47.492  -28.581 0.3000000119
21948  17.874  -47.120  -28.463 0.3000000119
21934  15.981  -46.710  -27.034 0.3000000119
21911  20.328  -46.476  -25.637 0.3000000119
21924  19.728  -46.814  -27.542 0.3000000119
21946  19.038  -46.523  -28.562 0.3000000119
138576  17.766  -46.142  -28.249 0.3000000119
21933  16.892  -46.652  -27.715 0.3000000119
22919  16.920  -45.374  -27.455 0.3000000119
21923  20.044  -46.226  -26.668 0.3000000119
21931  19.823  -45.984  -27.617 0.3000000119
21932  19.415  -46.536  -28.244 0.3000000119
22882  21.068  -45.456  -24.779 0.3000000119
23853  20.378  -44.761  -26.302 0.3000000119
22917  19.854  -45.193  -27.637 0.3000000119
22929  19.594  -44.928  -28.010 0.3000000119
145715  18.579  -45.716  -28.446 0.3000000119
158505  17.806  -45.265  -28.048 0.3000000119
3096  24.485  -73.914  -25.086 0.5000000000
3482  26.417  -73.590  -27.082 0.5000000000
134984  27.524  -73.523  -28.076 0.4000000060
7481  25.014  -65.446  -29.513 0.6999999881
2542  30.176  -75.567  -30.905 0.4000000060
133185  27.063  -73.182  -27.411 0.5000000000
7462  29.504  -65.908  -28.307 0.6000000238
6532  25.578  -66.773  -35.064 0.5000000000
8057  30.900  -65.064  -28.169 0.6000000238
145727  30.191  -66.505  -33.329 0.8000000119
6530  27.224  -67.666  -34.835 0.6999999881
136816  31.475  -65.053  -32.183 0.6000000238
12222  33.676  -58.703  -30.883 0.5000000000
139037  31.921  -62.399  -32.176 0.6999999881
14530  18.721  -56.193  -23.119 0.4000000060
12972  33.858  -58.103  -31.181 0.5000000000
11500  32.847  -59.728  -35.559 0.6000000238
13007  34.051  -57.807  -32.790 0.4000000060
9413  32.652  -62.929  -35.510 0.6000000238
10114  33.748  -61.312  -35.751 0.6000000238
14507  17.910  -56.115  -20.607 0.3000000119
146775  34.118  -58.755  -35.039 0.4000000060
12284  34.484  -59.163  -35.360 0.4000000060
16830  20.982  -52.727  -19.678 0.4000000060
19314  19.613  -49.368  -21.677 0.3000000119
20108  21.985  -47.883  -21.566 0.3000000119
8781  35.112  -63.548  -34.839 0.5000000000
8772  34.703  -64.085  -34.671 0.5000000000
6998  33.112  -66.562  -34.654 0.6999999881
6513  31.322  -67.995  -34.640 0.6000000238
8782  34.088  -63.520  -35.143 0.5000000000
8149  33.752  -64.354  -34.672 0.6000000238
7527  33.301  -65.653  -34.442 0.6000000238
5438  30.579  -69.453  -34.343 0.6000000238
4972  29.220  -70.234  -34.114 0.6000000238
6997  34.239  -66.461  -34.532 0.6999999881
145451  31.938  -68.490  -34.607 0.6000000238
5967  31.006  -68.759  -34.526 0.6000000238
142332  33.083  -67.503  -34.744 0.6999999881
6512  32.233  -67.733  -34.737 0.6000000238
5439  29.746  -69.533  -34.280 0.6000000238
147193  35.102  -62.930  -35.240 0.5000000000
7013  34.804  -67.221  -34.421 0.6999999881
143110  33.703  -68.086  -34.626 0.6999999881
5437  32.588  -68.965  -34.516 0.6000000238
4965  30.932  -70.217  -34.092 0.6000000238
6996  35.108  -66.474  -34.286 0.6000000238
7014  33.966  -67.314  -34.657 0.6999999881
144604  31.630  -69.349  -34.359 0.6000000238
7525  35.598  -65.788  -34.067 0.6000000238
10102  36.449  -62.402  -34.696 0.5000000000
9412  34.106  -62.629  -35.525 0.5000000000
5966  33.412  -68.782  -34.529 0.6000000238
157021  30.205  -70.828  -34.011 0.6000000238
10101  36.819  -62.248  -34.163 0.5000000000
10110  35.088  -62.190  -35.446 0.5000000000
10792  37.442  -61.463  -34.255 0.5000000000
10108  36.594  -61.801  -35.075 0.5000000000
10791  37.927  -60.593  -34.614 0.4000000060
142365  23.736  -64.905  -32.257 0.4000000060
8103  24.798  -64.727  -32.144 0.4000000060
145454  24.137  -64.676  -32.709 0.4000000060
8135  24.465  -64.702  -33.066 0.5000000000
8151  24.098  -64.919  -33.537 0.5000000000
7545  23.134  -65.385  -33.766 0.5000000000
10798  36.513  -61.199  -35.332 0.5000000000
7022  23.272  -66.268  -34.446 0.5000000000
5930  19.829  -69.542  -31.146 0.6000000238
10797  37.241  -61.157  -35.049 0.4000000060
136317  23.429  -67.236  -34.880 0.5000000000
155790  22.199  -67.792  -34.475 0.5000000000
5431  20.167  -69.732  -33.485 0.5000000000
8136  23.322  -64.974  -32.506 0.5000000000
7532  23.508  -64.916  -33.103 0.5000000000
147984  22.214  -65.707  -33.482 0.5000000000
142793  22.417  -66.257  -34.039 0.5000000000
6517  21.012  -67.196  -33.975 0.5000000000
141504  21.500  -67.904  -34.215 0.5000000000
5971  20.757  -68.197  -34.102 0.5000000000
5405  19.758  -69.833  -32.020 0.5000000000
10801  35.673  -60.725  -35.558 0.5000000000
5441  20.659  -69.167  -34.073 0.5000000000
11486  38.518  -60.011  -34.104 0.4000000060
151119  37.517  -60.138  -35.177 0.4000000060
11493  38.227  -59.724  -34.770 0.4000000060
8060  21.779  -64.687  -28.498 0.5000000000
150290  20.630  -67.088  -34.061 0.5000000000
10802  34.423  -60.571  -35.685 0.5000000000
154400  35.918  -59.900  -35.550 0.4000000060
8032  21.340  -64.369  -26.901 0.5000000000
8709  20.373  -64.078  -27.112 0.5000000000
8727  19.696  -63.699  -28.284 0.5000000000
8045  21.012  -64.405  -27.819 0.5000000000
12282  36.593  -59.400  -35.380 0.4000000060
8694  20.682  -64.005  -26.229 0.5000000000
8710  19.817  -63.650  -27.380 0.5000000000
8681  20.172  -63.479  -25.616 0.5000000000
8696  19.596  -63.119  -26.791 0.5000000000
8711  19.556  -63.183  -27.714 0.5000000000
143406  19.691  -62.619  -29.010 0.4000000060
8664  20.536  -63.349  -24.744 0.5000000000
9350  19.625  -62.483  -27.232 0.6000000238
10059  20.192  -61.790  -28.907 0.6000000238
136928  21.447  -63.655  -24.547 0.5000000000
9325  19.903  -62.744  -25.133 0.5000000000
152851  19.661  -62.370  -26.167 0.5000000000
10747  20.449  -61.032  -27.524 0.6000000238
10759  20.658  -60.982  -28.366 0.6000000238
135626  20.927  -60.850  -30.164 0.6000000238
134742  20.734  -60.696  -31.650 0.5000000000
10778  20.640  -60.119  -32.244 0.5000000000
153636  19.905  -59.082  -32.774 0.5000000000
153910  20.966  -63.232  -24.067 0.5000000000
9303  20.678  -62.208  -23.764 0.5000000000
10007  20.223  -62.035  -24.436 0.5000000000
148037  19.990  -61.437  -26.124 0.5000000000
10723  20.421  -60.842  -25.652 0.6000000238
10758  21.139  -60.196  -28.812 0.6000000238
11449  21.269  -60.048  -29.904 0.6000000238
10770  21.014  -60.381  -30.875 0.6000000238
11468  20.750  -59.303  -32.014 0.5000000000
14607  17.291  -54.925  -30.063 0.5000000000
12263  18.857  -58.211  -32.756 0.5000000000
8634  22.029  -62.974  -23.134 0.5000000000
10006  20.770  -61.445  -23.912 0.5000000000
10713  20.495  -61.130  -24.748 0.6000000238
10732  21.026  -59.973  -26.003 0.6000000238
147016  21.534  -58.707  -27.089 0.6000000238
154186  21.277  -59.563  -28.401 0.6000000238
136968  21.320  -59.220  -27.763 0.6000000238
11439  21.346  -59.343  -29.171 0.6000000238
12207  21.189  -58.352  -29.408 0.6000000238
11459  21.106  -59.328  -30.992 0.6000000238
12246  20.549  -58.372  -31.646 0.5000000000
12247  19.953  -58.123  -32.146 0.5000000000
12992  19.858  -57.585  -31.686 0.5000000000
12976  19.218  -56.964  -31.472 0.5000000000
13016  18.356  -57.382  -32.263 0.5000000000
13788  18.243  -56.261  -31.366 0.5000000000
11398  21.535  -59.782  -24.527 0.6000000238
11417  21.537  -59.064  -26.234 0.6000000238
12158  21.824  -58.103  -26.402 0.6000000238
142416  21.558  -57.048  -27.329 0.6000000238
12942  21.319  -57.413  -28.026 0.6000000238
12955  20.934  -57.364  -28.991 0.6000000238
12943  20.958  -56.771  -28.388 0.6000000238
12208  20.607  -57.583  -29.991 0.5000000000
12964  20.367  -56.928  -29.589 0.5000000000
12975  20.277  -57.614  -30.980 0.5000000000
13760  19.402  -55.548  -29.707 0.5000000000
14592  19.387  -55.078  -28.895 0.6000000238
14618  18.898  -55.632  -30.539 0.5000000000
152597  18.331  -55.178  -30.397 0.5000000000
15404  18.179  -54.598  -29.229 0.5000000000
14595  16.144  -55.125  -28.852 0.5000000000
12925  21.779  -57.163  -26.594 0.6000000238
13723  21.341  -56.421  -26.911 0.6000000238
13738  20.627  -56.072  -28.223 0.6000000238
14591  19.999  -55.750  -28.903 0.6000000238
15387  18.285  -54.597  -28.173 0.6000000238
14594  17.526  -54.595  -28.803 0.5000000000
13705  21.450  -56.403  -25.905 0.6000000238
14578  20.022  -55.283  -27.966 0.6000000238
132613  17.960  -54.738  -27.115 0.6000000238
14581  16.509  -55.080  -27.860 0.5000000000
13691  20.164  -55.729  -24.965 0.6000000238
133977  21.043  -56.159  -25.012 0.6000000238
14551  19.989  -55.369  -25.950 0.6000000238
14566  19.421  -54.953  -26.610 0.6000000238
134673  18.865  -54.736  -27.265 0.6000000238
134386  17.034  -55.115  -27.012 0.5000000000
14539  19.418  -55.674  -24.572 0.6000000238
140291  19.163  -55.055  -25.897 0.6000000238
14541  17.867  -55.748  -24.664 0.6000000238
14567  18.589  -54.862  -26.390 0.6000000238
14554  17.355  -55.596  -25.390 0.6000000238
13694  16.222  -56.392  -24.725 0.5000000000
13693  16.750  -56.510  -23.919 0.4000000060
5968  30.228  -68.990  -34.450 0.6000000238
7015  32.483  -67.067  -34.695 0.6999999881
9416  34.238  -61.957  -35.641 0.5000000000
10113  34.891  -61.419  -35.598 0.5000000000
10783  37.295  -61.246  -33.112 0.5000000000
156422  36.980  -61.844  -34.738 0.5000000000
5954  20.059  -68.766  -33.836 0.6000000238
10733  20.535  -60.660  -26.702 0.6000000238
11427  21.142  -59.632  -26.933 0.6000000238
11458  20.933  -58.350  -30.549 0.6000000238
152093  19.937  -56.832  -30.414 0.5000000000
145058  20.805  -55.765  -26.447 0.6000000238
14565  20.148  -55.256  -26.931 0.6000000238
14568  17.647  -55.130  -26.214 0.6000000238
14569  16.668  -55.667  -26.122 0.6000000238
3088  24.050  -74.462  -23.722 0.4000000060
131695  26.388  -72.499  -22.170 0.5000000000
131699  26.372  -71.700  -22.919 0.5000000000
3906  25.507  -72.770  -22.324 0.4000000060
3472  24.663  -72.984  -23.470 0.4000000060
3916  25.558  -72.639  -24.722 0.4000000060
134558  24.843  -73.120  -24.439 0.4000000060
132639  27.081  -71.198  -23.341 0.5000000000
131696  27.111  -71.881  -22.271 0.5000000000
132201  27.058  -71.843  -25.456 0.5000000000
131700  26.712  -72.515  -26.050 0.5000000000
3475  26.035  -72.777  -25.535 0.4000000060
4392  28.352  -70.624  -25.064 0.5000000000
143785  28.192  -71.148  -25.687 0.5000000000
3915  27.762  -71.595  -25.984 0.5000000000
3919  27.965  -72.052  -26.938 0.5000000000
131702  27.247  -72.559  -26.878 0.4000000060
131694  27.748  -72.800  -27.593 0.4000000060
4879  29.390  -70.356  -25.932 0.5000000000
4412  29.263  -71.046  -26.766 0.5000000000
158658  29.899  -70.954  -27.336 0.5000000000
3918  28.805  -71.748  -27.308 0.5000000000
131960  28.236  -73.222  -28.278 0.4000000060
4497  30.549  -72.040  -33.544 0.5000000000
3980  30.457  -72.874  -33.579 0.4000000060
156847  30.804  -72.903  -33.269 0.4000000060
3979  31.028  -72.876  -32.846 0.4000000060
3506  30.913  -73.368  -32.170 0.4000000060
131683  30.600  -74.299  -31.492 0.4000000060
4427  29.497  -71.429  -27.692 0.5000000000
131682  30.479  -74.027  -30.867 0.4000000060
131937  30.063  -74.499  -30.198 0.4000000060
149660  29.083  -73.776  -29.168 0.4000000060
3936  30.491  -71.359  -28.866 0.4000000060
3925  29.780  -71.692  -28.546 0.5000000000
3481  28.979  -73.032  -28.664 0.4000000060
3927  28.473  -72.468  -27.845 0.4000000060
3991  31.071  -72.240  -33.154 0.4000000060
3970  31.317  -72.391  -32.330 0.4000000060
3496  30.776  -73.264  -31.455 0.4000000060
4904  31.815  -70.747  -28.555 0.4000000060
132170  30.146  -73.373  -30.254 0.4000000060
149418  29.601  -73.451  -29.522 0.4000000060
4439  31.271  -71.110  -29.201 0.4000000060
3937  30.098  -71.968  -29.382 0.4000000060
3484  29.925  -72.703  -29.706 0.4000000060
3938  29.535  -72.465  -29.024 0.4000000060
4504  30.765  -71.139  -33.751 0.5000000000
152538  31.474  -71.296  -33.309 0.4000000060
4496  32.328  -71.140  -33.082 0.4000000060
4495  33.172  -71.118  -33.084 0.4000000060
4471  31.932  -71.661  -31.916 0.4000000060
139146  31.234  -72.397  -31.761 0.4000000060
4463  31.557  -71.651  -31.043 0.4000000060
3960  30.874  -72.323  -31.068 0.4000000060
4438  32.175  -71.016  -29.568 0.4000000060
142148  32.090  -71.253  -30.467 0.4000000060
152159  30.971  -71.735  -30.511 0.4000000060
151772  31.835  -70.076  -34.019 0.5000000000
4957  31.505  -70.628  -33.706 0.5000000000
5436  33.155  -69.367  -34.379 0.6000000238
4956  32.496  -70.535  -33.598 0.5000000000
4482  33.643  -71.638  -32.473 0.4000000060
4481  34.646  -71.897  -32.499 0.4000000060
4469  34.143  -71.972  -31.716 0.4000000060
4460  34.700  -71.996  -30.705 0.4000000060
4962  34.203  -70.135  -34.043 0.4000000060
5965  34.257  -68.757  -34.432 0.5000000000
4954  34.621  -70.787  -33.649 0.4000000060
4944  35.101  -71.460  -33.166 0.4000000060
5953  35.994  -69.302  -34.007 0.5000000000
144168  35.962  -70.091  -33.856 0.4000000060
4952  36.241  -70.646  -33.427 0.4000000060
4943  35.922  -71.397  -33.004 0.4000000060
6510  35.385  -67.849  -34.308 0.6000000238
6511  34.573  -68.006  -34.484 0.6000000238
142191  36.782  -68.852  -33.914 0.5000000000
6501  37.469  -67.933  -33.936 0.4000000060
8130  34.675  -64.774  -34.457 0.5000000000
12131  21.903  -58.896  -24.597 0.5000000000
12907  21.926  -57.402  -25.574 0.5000000000
13690  21.373  -56.593  -24.210 0.5000000000
12143  22.075  -57.990  -24.757 0.5000000000
135661  21.620  -56.692  -25.070 0.5000000000
12144  21.872  -58.485  -25.513 0.5000000000
3911  27.532  -71.185  -24.867 0.5000000000
3912  25.808  -72.094  -23.799 0.5000000000
143803  31.770  -71.508  -32.874 0.4000000060
4483  32.557  -71.466  -32.525 0.4000000060
4451  31.463  -71.350  -30.112 0.4000000060
4955  33.680  -70.644  -33.606 0.4000000060
4494  34.155  -71.314  -33.122 0.4000000060
4470  33.087  -71.716  -31.781 0.4000000060
4461  33.524  -71.736  -30.939 0.4000000060
4963  33.335  -69.993  -34.087 0.5000000000
4480  35.539  -71.952  -32.404 0.4000000060
5964  35.214  -68.805  -34.271 0.5000000000
5963  36.052  -68.386  -34.160 0.6000000238
5426  37.047  -69.604  -33.528 0.5000000000
6994  36.647  -66.726  -34.014 0.5000000000
11423  38.947  -59.723  -27.665 0.3000000119
11424  37.857  -59.888  -27.845 0.3000000119
11436  36.957  -59.893  -29.248 0.3000000119
11435  37.593  -59.394  -28.765 0.3000000119
12178  38.940  -58.554  -29.035 0.3000000119
150091  41.385  -59.013  -28.961 0.3000000119
12177  39.833  -58.443  -29.115 0.3000000119
10043  37.326  -61.336  -27.544 0.3000000119
9361  36.712  -62.125  -28.736 0.4000000060
10066  36.447  -61.813  -29.602 0.4000000060
10742  38.504  -60.519  -27.289 0.3000000119
138105  36.422  -61.347  -30.223 0.4000000060
10763  36.581  -60.674  -29.694 0.4000000060
9393  36.253  -63.070  -33.952 0.4000000060
9405  35.771  -63.060  -34.717 0.4000000060
11422  40.001  -59.812  -27.807 0.3000000119
11456  36.946  -59.941  -30.300 0.3000000119
10776  36.834  -60.930  -31.964 0.4000000060
12219  38.854  -58.479  -30.573 0.3000000119
11455  37.577  -59.378  -30.876 0.3000000119
153337  37.165  -64.039  -30.137 0.4000000060
8073  36.843  -64.121  -31.046 0.4000000060
8110  36.504  -64.828  -32.941 0.4000000060
8111  36.256  -64.426  -33.232 0.4000000060
8706  37.905  -62.824  -27.700 0.4000000060
9371  36.568  -62.713  -29.746 0.4000000060
8740  36.676  -63.448  -30.416 0.4000000060
8754  36.407  -63.645  -32.270 0.4000000060
9394  36.263  -63.637  -33.205 0.4000000060
9345  38.605  -62.420  -27.388 0.3000000119
132866  36.344  -62.129  -30.435 0.4000000060
9383  36.352  -63.077  -32.505 0.4000000060
10741  39.468  -60.677  -27.331 0.3000000119
10082  36.378  -62.408  -31.995 0.4000000060
135203  35.604  -64.036  -34.162 0.4000000060
10740  40.457  -60.752  -27.767 0.3000000119
10081  36.686  -61.785  -32.477 0.4000000060
11475  37.526  -60.399  -32.583 0.4000000060
7502  37.659  -65.281  -32.004 0.4000000060
6986  37.091  -66.015  -33.750 0.4000000060
7490  38.238  -65.327  -31.285 0.4000000060
8089  37.533  -64.771  -30.868 0.4000000060
7513  37.391  -65.545  -33.019 0.4000000060
7524  36.288  -65.939  -33.845 0.4000000060
8704  39.266  -63.091  -27.873 0.3000000119
8724  37.827  -63.424  -28.340 0.4000000060
9342  41.278  -62.127  -28.381 0.3000000119
10039  40.867  -61.518  -28.080 0.3000000119
8129  35.515  -65.005  -33.983 0.4000000060
10739  41.319  -60.910  -28.186 0.3000000119
139637  36.936  -67.400  -34.067 0.4000000060
6985  37.877  -66.062  -33.544 0.4000000060
10782  37.952  -60.679  -33.721 0.3000000119
11474  38.208  -59.879  -33.107 0.3000000119
11464  37.821  -59.595  -32.015 0.3000000119
7526  34.617  -65.589  -34.372 0.4000000060
7515  36.125  -65.208  -33.591 0.4000000060
6995  35.846  -66.609  -34.081 0.4000000060
10044  36.795  -61.300  -28.238 0.3000000119
12198  38.659  -58.538  -29.761 0.3000000119
12197  39.314  -58.300  -29.841 0.3000000119
8725  37.005  -63.076  -28.894 0.4000000060
10768  36.617  -60.717  -30.812 0.4000000060
10072  36.338  -62.402  -31.191 0.4000000060
10071  36.432  -61.644  -31.285 0.4000000060
156063  36.363  -63.144  -33.169 0.4000000060
11465  37.124  -60.101  -31.432 0.4000000060
8739  37.450  -63.839  -29.243 0.4000000060
7503  36.891  -64.976  -32.470 0.4000000060
8100  36.598  -64.295  -32.092 0.4000000060
8705  38.457  -63.150  -27.833 0.3000000119
8747  36.500  -63.539  -31.324 0.4000000060
9344  39.660  -62.321  -27.611 0.3000000119
8054  38.318  -64.179  -29.009 0.4000000060
8723  38.816  -63.710  -28.344 0.3000000119
9343  40.521  -62.201  -28.034 0.3000000119
131691  31.943  -74.895  -25.767 0.3000000119
132185  32.349  -75.494  -27.153 0.3000000119
3091  31.895  -74.718  -24.893 0.3000000119
2782  33.172  -75.578  -26.012 0.3000000119
131690  31.047  -74.755  -25.263 0.3000000119
156346  30.797  -74.956  -25.706 0.3000000119
157183  31.005  -74.338  -23.569 0.3000000119
134935  32.710  -74.837  -24.603 0.3000000119
2776  33.162  -75.257  -25.189 0.3000000119
3466  30.470  -73.963  -22.966 0.3000000119
3086  30.283  -74.268  -23.689 0.3000000119
131961  29.368  -74.869  -24.600 0.3000000119
3080  25.712  -74.125  -22.161 0.3000000119
132490  33.177  -74.745  -22.938 0.3000000119
3084  32.935  -74.776  -23.765 0.3000000119
3465  31.325  -74.235  -22.968 0.3000000119
3078  32.231  -74.485  -23.015 0.3000000119
3090  33.302  -75.095  -24.300 0.3000000119
3468  28.530  -73.548  -22.798 0.3000000119
131692  27.433  -72.916  -22.129 0.3000000119
138065  26.799  -73.329  -22.076 0.3000000119
3460  29.920  -73.419  -22.286 0.3000000119
3467  29.599  -73.786  -22.960 0.3000000119
146068  29.003  -73.016  -22.258 0.3000000119
136978  28.039  -72.413  -22.169 0.3000000119
131697  27.663  -71.298  -22.350 0.3000000119
4878  30.228  -69.908  -26.115 0.4000000060
136892  28.975  -70.067  -25.065 0.4000000060
1810  32.309  -78.138  -18.101 0.3000000119
1455  31.812  -78.467  -17.574 0.3000000119
158719  33.773  -75.732  -24.548 0.3000000119
2494  33.746  -76.064  -24.700 0.3000000119
149044  34.174  -75.673  -20.514 0.3000000119
155649  34.358  -76.271  -20.347 0.3000000119
2149  33.723  -77.194  -19.708 0.3000000119
1831  32.991  -77.837  -20.188 0.3000000119
1817  32.266  -78.177  -18.817 0.3000000119
3072  33.379  -75.076  -21.787 0.3000000119
2478  34.628  -76.034  -22.269 0.3000000119
2159  34.247  -76.908  -20.868 0.3000000119
1843  33.017  -77.917  -21.107 0.3000000119
1821  32.150  -78.343  -19.771 0.3000000119
2762  34.054  -74.983  -22.961 0.3000000119
2484  34.370  -75.834  -23.169 0.3000000119
2175  34.253  -76.557  -22.820 0.3000000119
2176  33.799  -77.355  -22.446 0.3000000119
2183  34.031  -76.282  -23.734 0.3000000119
2184  33.701  -77.165  -23.396 0.3000000119
131999  29.428  -74.292  -23.695 0.3000000119
149420  28.532  -74.463  -23.649 0.3000000119
158248  33.631  -74.917  -22.493 0.3000000119
1796  33.182  -77.592  -16.769 0.3000000119
1869  33.193  -77.540  -23.984 0.3000000119
2757  34.249  -75.480  -21.687 0.3000000119
2148  34.181  -76.324  -19.437 0.3000000119
2169  34.343  -76.812  -21.874 0.3000000119
2170  33.747  -77.466  -21.497 0.3000000119
1851  33.211  -77.823  -22.929 0.3000000119
4393  27.744  -70.626  -23.759 0.3000000119
5375  37.276  -70.215  -28.489 0.3000000119
5360  36.591  -69.485  -28.234 0.3000000119
5361  35.665  -69.581  -28.187 0.3000000119
5362  34.643  -69.738  -28.004 0.4000000060
5378  33.847  -70.323  -28.173 0.4000000060
4891  32.353  -70.390  -27.969 0.3000000119
4425  30.968  -70.898  -28.277 0.3000000119
157216  37.479  -70.829  -28.809 0.3000000119
4899  36.107  -71.166  -28.992 0.4000000060
4900  35.238  -71.173  -28.964 0.4000000060
4912  34.802  -71.631  -29.609 0.4000000060
4914  33.164  -71.108  -29.440 0.3000000119
4459  35.702  -72.169  -30.879 0.4000000060
4448  35.509  -72.009  -30.156 0.4000000060
4450  32.872  -71.347  -30.265 0.3000000119
151073  35.863  -72.133  -31.623 0.3000000119
5863  37.237  -67.799  -27.261 0.3000000119
5881  37.721  -68.758  -27.884 0.3000000119
5884  35.007  -68.894  -27.578 0.4000000060
5885  34.224  -69.024  -27.358 0.4000000060
5363  33.657  -69.531  -27.469 0.3000000119
5365  32.145  -69.859  -27.265 0.3000000119
4885  31.472  -69.860  -26.886 0.3000000119
143401  38.391  -69.057  -27.850 0.3000000119
5358  38.659  -69.671  -27.993 0.3000000119
5374  38.665  -70.312  -28.537 0.3000000119
4897  38.005  -70.867  -28.941 0.3000000119
4909  37.291  -71.360  -29.428 0.3000000119
4910  36.540  -71.609  -29.521 0.4000000060
5393  39.261  -70.100  -29.973 0.3000000119
149736  39.307  -69.603  -30.924 0.3000000119
4908  38.046  -71.094  -29.745 0.3000000119
4920  37.436  -71.475  -30.347 0.4000000060
4447  36.184  -72.004  -30.186 0.4000000060
5402  39.018  -69.504  -31.531 0.3000000119
4931  37.391  -71.232  -31.367 0.4000000060
4932  36.815  -71.583  -31.765 0.4000000060
140123  38.599  -68.326  -33.285 0.3000000119
5414  38.193  -69.436  -32.717 0.4000000060
4941  37.180  -70.885  -32.386 0.4000000060
4933  36.240  -71.827  -32.121 0.4000000060
7511  39.170  -66.072  -32.797 0.3000000119
5952  37.667  -68.882  -33.508 0.4000000060
5951  38.313  -67.485  -33.720 0.3000000119
6402  37.382  -67.668  -22.486 0.3000000119
6917  36.082  -66.674  -22.974 0.3000000119
6924  35.410  -66.391  -23.571 0.3000000119
146022  34.887  -66.407  -24.309 0.3000000119
6456  37.863  -67.309  -26.900 0.3000000119
6438  36.569  -66.601  -25.778 0.3000000119
6439  35.824  -66.800  -25.825 0.3000000119
156781  33.785  -66.978  -25.035 0.3000000119
5861  39.276  -68.020  -27.292 0.3000000119
6455  38.605  -67.251  -26.878 0.3000000119
6457  36.422  -67.208  -26.531 0.3000000119
6458  35.566  -67.454  -26.465 0.3000000119
6459  34.709  -67.688  -26.353 0.3000000119
5867  33.494  -68.723  -26.739 0.3000000119
5868  32.576  -68.779  -26.270 0.3000000119
5352  31.041  -69.596  -26.263 0.3000000119
5345  30.528  -69.273  -25.529 0.3000000119
5346  29.703  -69.620  -25.290 0.3000000119
153640  39.668  -68.609  -27.417 0.3000000119
6492  40.175  -67.802  -32.374 0.3000000119
5941  38.934  -69.024  -32.378 0.3000000119
155315  40.394  -66.975  -32.589 0.3000000119
5940  39.519  -68.098  -32.876 0.3000000119
7500  39.633  -65.820  -32.071 0.3000000119
7501  38.685  -65.668  -32.059 0.3000000119
7512  38.290  -65.801  -32.901 0.3000000119
5824  38.480  -68.848  -22.269 0.3000000119
6411  37.587  -66.889  -22.837 0.3000000119
6928  36.923  -65.981  -24.070 0.3000000119
6930  35.715  -66.325  -24.326 0.3000000119
6437  37.763  -66.524  -26.041 0.3000000119
6935  36.114  -66.422  -25.048 0.3000000119
5341  29.260  -69.404  -24.211 0.3000000119
5327  39.786  -69.566  -22.372 0.3000000119
6401  38.110  -67.860  -22.469 0.3000000119
6410  38.185  -66.839  -22.736 0.3000000119
6422  37.506  -65.896  -23.671 0.3000000119
146396  37.260  -65.980  -24.929 0.3000000119
5328  39.155  -69.307  -22.364 0.3000000119
5831  39.371  -68.560  -22.258 0.3000000119
6409  38.726  -66.960  -22.554 0.3000000119
138821  37.748  -65.799  -24.984 0.3000000119
4411  30.025  -70.527  -26.739 0.3000000119
4892  31.450  -70.368  -27.601 0.3000000119
4902  33.504  -70.843  -28.752 0.3000000119
5415  37.477  -69.974  -32.962 0.4000000060
7489  39.067  -65.483  -31.240 0.3000000119
147767  37.319  -69.365  -28.178 0.3000000119
147530  36.376  -70.370  -28.600 0.3000000119
5882  36.839  -68.638  -27.835 0.3000000119
5376  35.473  -70.440  -28.576 0.4000000060
5377  34.712  -70.534  -28.521 0.4000000060
4901  34.349  -70.987  -28.865 0.4000000060
134530  36.948  -71.708  -30.897 0.4000000060
5862  38.353  -68.154  -27.465 0.3000000119
5864  36.200  -67.947  -27.201 0.3000000119
5866  34.413  -68.376  -26.899 0.3000000119
5865  35.284  -68.143  -27.069 0.3000000119
5350  32.793  -69.385  -26.953 0.3000000119
5879  39.454  -69.284  -27.666 0.3000000119
5373  39.242  -69.889  -28.111 0.3000000119
5385  39.468  -70.041  -28.853 0.3000000119
4919  38.107  -70.784  -30.844 0.4000000060
135112  39.406  -66.622  -33.116 0.3000000119
6936  35.338  -66.557  -25.077 0.3000000119
6440  35.014  -67.055  -25.755 0.3000000119
6460  33.854  -67.920  -26.210 0.3000000119
6976  40.016  -66.353  -32.653 0.3000000119
5970  21.387  -68.772  -34.337 0.4000000060
1820  33.073  -77.731  -19.280 0.3000000119
2160  33.679  -77.401  -20.546 0.3000000119
2190  33.593  -76.800  -24.345 0.3000000119
2472  34.554  -76.187  -21.235 0.3000000119
2493  34.017  -75.733  -23.980 0.3000000119
2503  33.464  -76.103  -25.578 0.3000000119
2767  34.123  -75.392  -23.455 0.3000000119
2775  33.701  -75.454  -24.316 0.3000000119
2781  33.504  -75.740  -25.246 0.3000000119
2786  32.962  -75.654  -26.820 0.3000000119
2813  30.357  -75.075  -31.352 0.4000000060
2814  29.332  -75.662  -31.266 0.4000000060
2831  28.982  -75.164  -32.143 0.5000000000
2841  28.975  -74.406  -33.089 0.4000000060
3076  34.088  -75.129  -22.374 0.3000000119
3083  33.678  -75.044  -23.646 0.3000000119
3085  31.920  -74.546  -23.890 0.3000000119
3095  32.684  -75.215  -26.210 0.3000000119
3126  30.561  -74.283  -32.039 0.4000000060
3173  28.487  -73.288  -33.819 0.6000000238
3459  30.734  -73.740  -22.238 0.3000000119
3461  25.987  -73.314  -22.004 0.3000000119
3462  25.211  -73.476  -22.156 0.3000000119
3470  24.386  -73.633  -23.128 0.4000000060
3473  24.299  -73.663  -24.032 0.4000000060
3476  25.349  -73.342  -25.538 0.5000000000
3478  25.575  -73.916  -26.630 0.5000000000
3516  30.740  -73.646  -32.633 0.4000000060
3517  30.611  -73.398  -33.207 0.4000000060
3534  30.226  -73.319  -33.605 0.4000000060
3535  29.836  -73.413  -33.705 0.5000000000
3552  29.928  -73.049  -33.831 0.4000000060
3553  29.449  -72.999  -33.905 0.5000000000
3554  28.907  -72.544  -33.954 0.6999999881
3902  30.285  -73.038  -21.657 0.3000000119
3908  28.542  -71.959  -21.855 0.3000000119
3909  25.179  -72.484  -23.033 0.4000000060
3914  28.462  -71.403  -26.446 0.5000000000
3926  29.139  -72.103  -28.196 0.5000000000
3949  30.755  -71.570  -29.752 0.4000000060
3950  30.413  -72.336  -30.262 0.4000000060
3961  30.490  -73.052  -30.853 0.4000000060
3994  24.166  -71.791  -33.317 0.5000000000
4004  29.848  -72.524  -33.887 0.5000000000
4005  29.283  -72.553  -33.971 0.6999999881
4018  27.465  -71.448  -34.148 0.6999999881
4019  26.725  -71.070  -34.258 0.6999999881
4426  30.167  -71.108  -28.046 0.5000000000
4449  33.839  -71.553  -30.032 0.3000000119
4458  36.409  -72.022  -31.066 0.4000000060
4462  32.511  -71.518  -31.089 0.4000000060
4468  35.149  -72.167  -31.664 0.3000000119
4509  22.974  -71.308  -34.334 0.5000000000
4516  28.675  -70.946  -34.090 0.6999999881
4872  28.440  -70.001  -24.082 0.3000000119
4886  30.800  -70.160  -26.842 0.3000000119
4893  30.551  -70.658  -27.475 0.5000000000
4898  36.886  -71.046  -28.931 0.4000000060
4903  32.677  -70.771  -28.725 0.3000000119
4911  35.790  -71.709  -29.537 0.4000000060
4913  33.942  -71.234  -29.326 0.4000000060
4921  36.798  -71.806  -30.183 0.4000000060
4930  37.819  -70.422  -32.029 0.4000000060
4942  36.573  -71.199  -32.702 0.4000000060
4953  35.495  -70.681  -33.667 0.4000000060
4958  21.075  -70.726  -33.648 0.5000000000
4964  32.520  -69.716  -34.220 0.6000000238
4966  30.001  -70.170  -34.216 0.6000000238
4975  26.903  -70.500  -34.416 0.6999999881
4977  25.127  -70.312  -34.725 0.6000000238
5351  31.893  -69.312  -26.477 0.3000000119
5359  37.942  -69.608  -28.180 0.3000000119
5364  32.983  -70.024  -27.630 0.4000000060
5379  33.074  -70.502  -28.201 0.3000000119
5386  38.667  -70.581  -29.295 0.3000000119
5394  38.591  -70.623  -30.074 0.3000000119
5403  38.478  -69.897  -31.727 0.3000000119
5416  36.847  -70.403  -33.189 0.4000000060
5417  20.182  -70.108  -32.467 0.5000000000
5427  36.484  -69.836  -33.710 0.4000000060
5428  35.406  -69.785  -34.026 0.5000000000
5429  34.912  -70.204  -33.948 0.4000000060
5435  34.667  -69.524  -34.202 0.5000000000
5440  21.358  -69.623  -34.336 0.5000000000
5449  29.021  -69.645  -34.177 0.6999999881
5450  28.291  -69.755  -34.278 0.6999999881
5451  27.590  -69.436  -34.586 0.6000000238
5832  38.760  -68.175  -22.385 0.3000000119
5860  40.169  -67.953  -27.148 0.3000000119
5880  39.004  -68.871  -27.552 0.3000000119
5883  35.920  -68.738  -27.739 0.3000000119
5942  19.662  -69.663  -33.121 0.6000000238
5984  23.165  -68.873  -35.187 0.5000000000
6412  36.936  -66.888  -22.927 0.3000000119
6421  38.121  -65.565  -24.019 0.3000000119
6423  34.198  -67.284  -25.665 0.3000000119
6497  39.889  -67.133  -33.010 0.3000000119
6498  39.140  -67.319  -33.372 0.3000000119
6502  36.701  -68.010  -34.103 0.5000000000
6516  21.844  -67.076  -34.111 0.5000000000
6529  27.967  -68.217  -34.532 0.6999999881
6531  26.404  -67.167  -35.046 0.5000000000
6922  37.131  -66.297  -23.300 0.3000000119
6923  36.623  -66.317  -23.484 0.3000000119
6929  36.389  -66.203  -24.256 0.3000000119
6931  33.917  -66.623  -24.244 0.3000000119
6934  36.742  -66.220  -24.966 0.3000000119
6960  28.197  -66.276  -29.703 0.6999999881
6966  30.897  -65.949  -31.335 0.6999999881
6980  28.745  -66.398  -31.605 0.6999999881
6984  38.626  -66.525  -33.458 0.3000000119
6987  30.506  -66.188  -32.819 0.6999999881
6988  29.944  -66.453  -32.567 0.8000000119
6993  37.617  -66.857  -33.911 0.4000000060
7001  30.127  -66.981  -33.977 0.6999999881
7011  36.147  -67.460  -34.146 0.5000000000
7012  35.451  -67.142  -34.226 0.6000000238
7019  27.390  -66.067  -34.366 0.6999999881
7020  26.517  -65.826  -34.340 0.6000000238
7021  23.936  -65.561  -34.238 0.5000000000
7023  21.583  -66.292  -33.804 0.5000000000
7035  25.460  -65.993  -34.536 0.6999999881
7037  24.018  -66.396  -34.713 0.6000000238
7437  27.702  -65.498  -26.760 0.6999999881
7439  25.826  -65.631  -26.880 0.6999999881
7449  28.160  -65.743  -27.431 0.6000000238
7450  27.275  -65.844  -27.476 0.6000000238
7453  24.576  -65.411  -27.697 0.6999999881
7460  31.164  -65.368  -29.017 0.6000000238
7464  27.145  -66.121  -28.802 0.6000000238
7466  25.539  -65.715  -28.686 0.6999999881
7476  29.833  -66.232  -29.172 0.6000000238
7480  25.893  -65.695  -29.480 0.6999999881
7505  31.227  -65.459  -31.751 0.6000000238
7507  26.335  -65.207  -31.588 0.6000000238
7514  36.661  -65.370  -33.292 0.4000000060
7516  32.146  -65.095  -33.854 0.8000000119
7519  27.307  -65.531  -32.591 0.6999999881
7530  26.425  -65.196  -33.639 0.6000000238
7531  25.926  -65.038  -33.341 0.6999999881
7542  26.726  -65.462  -34.051 0.6999999881
7543  26.076  -65.365  -33.772 0.6999999881
7554  24.958  -65.678  -34.248 0.6000000238
8010  29.212  -64.201  -25.622 0.8000000119
8012  27.667  -64.726  -25.406 0.8000000119
8015  24.802  -64.899  -25.413 0.6000000238
8017  23.083  -64.457  -25.578 0.6000000238
8031  22.379  -64.568  -26.710 0.6000000238
8038  31.747  -63.922  -28.333 0.6999999881
8040  29.801  -64.857  -26.893 0.6999999881
8046  20.119  -64.136  -28.043 0.5000000000
8055  31.926  -64.184  -29.120 0.6999999881
8058  23.850  -65.179  -28.162 0.6999999881
8071  38.851  -64.762  -29.742 0.4000000060
8072  37.884  -64.557  -29.823 0.4000000060
8074  32.006  -64.422  -29.836 0.6999999881
8088  38.449  -65.092  -30.507 0.4000000060
8090  31.995  -64.234  -30.599 0.6999999881
8091  25.162  -64.899  -31.677 0.6000000238
8099  37.012  -64.690  -31.652 0.4000000060
8102  25.275  -64.630  -32.399 0.6000000238
8104  23.989  -64.952  -31.962 0.6000000238
8116  24.372  -64.649  -32.585 0.4000000060
8117  23.603  -64.947  -32.283 0.4000000060
8133  25.545  -64.771  -33.153 0.6000000238
8134  25.007  -64.725  -33.087 0.6000000238
8150  24.782  -64.963  -33.432 0.6000000238
8630  25.614  -63.167  -22.823 0.6999999881
8632  23.865  -63.119  -22.856 0.6000000238
8644  26.329  -63.454  -23.246 0.5000000000
8656  28.497  -63.512  -24.336 0.8000000119
8657  27.668  -63.779  -24.121 0.6999999881
8660  24.789  -64.094  -24.071 0.6000000238
8663  21.691  -63.381  -23.761 0.6000000238
8677  29.629  -63.642  -25.293 0.8000000119
8680  21.081  -63.858  -25.376 0.5000000000
8682  19.737  -63.095  -26.005 0.5000000000
8692  30.717  -63.674  -26.259 0.8000000119
8693  21.696  -64.303  -26.051 0.6000000238
8695  19.957  -63.581  -26.496 0.5000000000
8703  40.205  -62.943  -28.184 0.3000000119
8707  32.000  -63.230  -27.967 0.6999999881
8741  32.250  -63.678  -29.721 0.6999999881
8785  30.687  -62.751  -35.165 0.6999999881
9285  25.298  -62.500  -22.307 0.5000000000
9287  23.388  -62.495  -22.472 0.5000000000
9289  21.229  -61.835  -23.157 0.6000000238
9302  21.152  -62.751  -23.469 0.5000000000
9314  20.488  -62.758  -24.212 0.5000000000
9322  31.395  -62.564  -25.770 0.8000000119
9324  30.063  -62.938  -24.893 0.8000000119
9346  37.633  -62.150  -27.454 0.4000000060
9347  37.022  -61.940  -27.907 0.4000000060
9360  37.274  -62.632  -28.096 0.4000000060
9363  19.700  -62.530  -28.200 0.5000000000
9364  19.511  -63.209  -28.625 0.5000000000
9374  19.918  -62.291  -29.741 0.4000000060
9376  36.399  -62.874  -30.759 0.4000000060
9377  36.330  -62.982  -31.626 0.4000000060
9378  32.645  -62.330  -30.450 0.6999999881
9396  30.443  -62.669  -34.053 0.6999999881
9415  30.778  -62.182  -35.464 0.6000000238
9417  33.174  -62.082  -35.773 0.5000000000
9418  31.850  -62.152  -35.813 0.6000000238
9967  24.485  -61.252  -21.783 0.4000000060
9982  24.649  -62.011  -21.981 0.6000000238
9984  22.022  -61.762  -22.642 0.6000000238
10005  30.037  -61.589  -23.843 0.6000000238
10017  32.438  -60.986  -25.575 0.6000000238
10019  19.945  -61.760  -25.322 0.5000000000
10027  38.849  -61.031  -27.114 0.3000000119
10030  19.986  -61.622  -26.917 0.6000000238
10040  40.066  -61.522  -27.547 0.3000000119
10041  39.168  -61.580  -27.228 0.3000000119
10042  38.220  -61.399  -27.121 0.3000000119
10045  33.015  -61.310  -27.833 0.6000000238
10047  20.082  -61.746  -27.845 0.6000000238
10055  41.782  -61.633  -28.453 0.3000000119
10056  36.544  -61.281  -29.064 0.4000000060
10074  20.575  -61.287  -30.869 0.5000000000
10093  36.578  -62.590  -33.095 0.4000000060
10094  31.104  -62.481  -33.147 0.6999999881
10109  35.891  -62.356  -35.115 0.5000000000
10111  30.506  -61.410  -35.198 0.6000000238
10112  35.864  -61.646  -35.376 0.5000000000
10693  22.436  -60.961  -22.579 0.5000000000
10705  21.387  -60.926  -23.466 0.5000000000
10722  20.987  -60.260  -25.088 0.6000000238
10743  37.159  -60.576  -27.929 0.3000000119
10746  20.960  -60.193  -27.782 0.6000000238
10755  37.164  -59.991  -28.433 0.3000000119
10756  36.757  -60.577  -28.718 0.3000000119
10785  30.631  -60.835  -34.107 0.6000000238
10787  19.838  -59.686  -33.059 0.5000000000
10799  30.676  -60.584  -34.708 0.6000000238
10800  36.670  -60.458  -35.420 0.5000000000
11409  21.512  -59.413  -25.349 0.6000000238
11421  40.913  -60.119  -28.191 0.3000000119
11426  33.954  -59.853  -27.203 0.6000000238
11432  40.561  -59.137  -28.530 0.3000000119
11434  38.437  -59.080  -28.370 0.3000000119
11478  20.330  -59.536  -32.611 0.5000000000
11497  31.330  -59.724  -34.746 0.6000000238
11499  33.905  -59.762  -35.597 0.6000000238
11501  31.927  -59.734  -35.296 0.6000000238
12171  21.430  -58.338  -27.870 0.6000000238
12176  40.747  -58.483  -29.378 0.3000000119
12179  38.156  -58.839  -29.279 0.3000000119
12187  21.361  -58.812  -28.524 0.6000000238
12195  41.665  -58.636  -29.610 0.3000000119
12196  40.126  -58.100  -30.022 0.3000000119
12218  39.612  -58.231  -30.772 0.3000000119
12253  38.474  -59.260  -32.512 0.3000000119
12261  20.245  -58.777  -32.361 0.5000000000
12262  19.616  -58.457  -32.573 0.5000000000
12272  33.564  -58.291  -34.029 0.4000000060
12273  32.774  -58.538  -34.103 0.6000000238
12281  32.491  -58.870  -34.615 0.6000000238
12283  35.476  -59.206  -35.396 0.4000000060
12891  22.115  -57.726  -23.966 0.5000000000
12954  21.248  -58.057  -28.558 0.6000000238
12993  18.680  -56.843  -31.670 0.5000000000
13015  19.268  -57.608  -32.132 0.5000000000
13027  33.640  -58.090  -33.345 0.4000000060
13647  21.208  -56.382  -21.669 0.4000000060
13680  20.258  -56.146  -23.601 0.5000000000
13706  20.744  -55.801  -25.646 0.6000000238
13724  20.746  -55.834  -27.367 0.6000000238
13737  21.160  -56.566  -27.722 0.6000000238
13749  20.486  -56.521  -28.952 0.5000000000
13759  19.935  -56.261  -29.650 0.5000000000
13774  19.304  -56.408  -30.941 0.5000000000
13775  18.762  -56.244  -31.190 0.5000000000
13805  18.179  -56.736  -31.786 0.5000000000
14521  18.394  -56.420  -22.074 0.4000000060
14540  18.703  -55.621  -24.631 0.6000000238
14542  17.053  -56.046  -24.657 0.6000000238
14552  19.307  -55.403  -25.236 0.6000000238
14553  18.367  -55.257  -25.460 0.6000000238
14555  16.663  -55.968  -25.304 0.5000000000
14579  19.571  -54.921  -27.352 0.6000000238
14580  17.344  -54.702  -27.884 0.5000000000
14593  18.795  -54.689  -28.854 0.6000000238
14606  18.010  -54.748  -30.014 0.5000000000
14619  17.773  -55.254  -30.528 0.5000000000
15345  14.380  -53.788  -21.376 0.3000000119
15405  17.596  -54.658  -29.539 0.5000000000
16081  14.866  -53.046  -23.010 0.3000000119
16817  21.778  -52.543  -19.573 0.4000000060
16852  15.917  -52.468  -22.940 0.3000000119
16862  15.462  -52.681  -23.519 0.3000000119
16876  15.756  -51.966  -26.409 0.3000000119
16879  13.742  -52.972  -26.386 0.3000000119
16890  15.721  -51.795  -27.417 0.3000000119
16891  15.050  -52.273  -26.803 0.3000000119
16905  12.819  -52.235  -27.066 0.4000000060
16906  12.123  -52.231  -26.873 0.4000000060
17621  20.630  -51.292  -20.130 0.4000000060
17623  18.902  -51.883  -20.603 0.4000000060
17631  18.155  -51.878  -21.000 0.3000000119
17644  16.907  -51.361  -23.181 0.3000000119
17685  16.921  -51.022  -27.584 0.3000000119
17688  14.965  -51.589  -27.981 0.4000000060
17701  16.377  -51.148  -28.278 0.5000000000
17702  15.618  -51.194  -28.291 0.4000000060
17704  14.422  -50.808  -27.906 0.4000000060
18453  20.776  -50.390  -20.378 0.4000000060
18469  18.656  -50.627  -21.522 0.4000000060
18473  18.840  -49.814  -21.959 0.4000000060
18480  17.669  -49.957  -24.294 0.3000000119
18481  17.260  -50.621  -23.745 0.4000000060
18504  17.854  -49.945  -27.593 0.3000000119
18506  12.564  -50.520  -26.457 0.3000000119
18518  17.390  -50.400  -27.817 0.3000000119
18519  13.578  -51.021  -27.474 0.3000000119
18529  17.440  -50.173  -27.988 0.3000000119
18531  15.377  -50.565  -28.284 0.4000000060
19312  21.340  -48.899  -20.942 0.3000000119
19325  19.132  -49.108  -22.547 0.4000000060
19347  18.677  -48.744  -25.315 0.3000000119
19369  18.334  -49.356  -27.952 0.3000000119
19380  18.885  -49.071  -27.894 0.3000000119
19382  17.963  -49.601  -28.041 0.3000000119
19393  18.160  -49.184  -28.249 0.3000000119
20122  20.657  -48.145  -22.165 0.3000000119
20132  19.426  -48.490  -23.394 0.3000000119
20148  19.228  -48.224  -25.776 0.3000000119
20156  19.134  -48.273  -27.002 0.3000000119
20169  15.851  -48.902  -27.847 0.3000000119
20171  14.552  -49.533  -27.424 0.3000000119
20180  18.751  -48.733  -28.298 0.3000000119
20181  18.599  -48.675  -28.384 0.3000000119
20183  17.127  -49.570  -28.422 0.3000000119
20193  17.857  -48.437  -28.632 0.3000000119
20926  20.827  -47.641  -22.737 0.3000000119
20950  19.616  -47.639  -26.165 0.3000000119
20959  19.898  -46.983  -26.467 0.3000000119
20970  16.300  -47.524  -27.542 0.3000000119
20985  18.546  -47.764  -28.708 0.3000000119
21935  15.394  -47.256  -26.813 0.3000000119
21947  18.507  -46.770  -28.558 0.3000000119
22894  20.458  -45.604  -25.765 0.3000000119
22907  20.116  -45.433  -26.880 0.3000000119
22918  19.552  -45.632  -28.122 0.3000000119
22920  16.118  -45.040  -26.690 0.3000000119
22930  19.283  -45.090  -28.291 0.3000000119
22931  19.073  -45.661  -28.486 0.3000000119
131686  30.668  -75.327  -26.095 0.3000000119
131687  31.310  -75.028  -26.059 0.3000000119
131701  26.287  -72.191  -25.021 0.4000000060
131703  27.351  -72.091  -26.288 0.5000000000
131930  31.053  -74.544  -24.315 0.3000000119
132053  26.722  -72.979  -26.769 0.5000000000
132199  28.030  -73.921  -28.690 0.4000000060
132349  26.653  -71.605  -24.272 0.5000000000
132880  25.781  -72.181  -22.721 0.4000000060
132979  18.720  -54.971  -29.719 0.5000000000
133810  32.560  -74.925  -25.378 0.3000000119
134233  24.171  -67.268  -35.110 0.5000000000
134519  21.652  -57.794  -27.242 0.6000000238
135346  27.730  -65.709  -33.387 0.6999999881
135420  31.936  -61.261  -25.166 0.8000000119
135456  29.305  -68.221  -34.450 0.6999999881
136113  33.070  -78.056  -22.074 0.3000000119
136569  34.125  -76.711  -20.013 0.3000000119
136671  38.777  -70.108  -30.814 0.3000000119
136705  31.540  -71.896  -32.598 0.4000000060
136752  26.913  -65.906  -30.151 0.6000000238
136777  32.833  -61.589  -30.157 0.6999999881
136801  37.751  -60.696  -27.415 0.3000000119
137201  22.945  -70.253  -34.975 0.5000000000
137377  28.745  -70.841  -25.931 0.5000000000
137408  22.382  -58.235  -23.425 0.6000000238
137694  33.857  -69.428  -34.323 0.5000000000
137734  18.918  -44.873  -28.438 0.3000000119
138072  37.992  -70.307  -28.445 0.3000000119
138418  19.269  -45.926  -28.380 0.3000000119
139006  17.420  -48.727  -28.440 0.3000000119
139383  22.669  -48.187  -21.092 0.3000000119
139534  20.622  -56.116  -24.247 0.5000000000
139799  23.753  -70.383  -35.011 0.5000000000
140197  21.559  -64.855  -29.264 0.5000000000
140321  31.661  -63.986  -31.950 0.6999999881
140396  24.902  -71.982  -32.681 0.5000000000
141001  25.015  -68.516  -35.444 0.5000000000
141128  16.952  -50.538  -28.279 0.3000000119
141648  26.044  -68.742  -35.260 0.6000000238
141928  18.289  -55.974  -23.915 0.6000000238
142454  23.889  -64.725  -32.975 0.4000000060
142473  31.627  -67.051  -34.508 0.8000000119
142719  29.486  -67.067  -34.105 0.6999999881
142881  30.273  -74.919  -25.326 0.3000000119
143071  37.004  -61.925  -33.475 0.4000000060
143215  25.271  -69.915  -34.930 0.6000000238
143240  34.407  -75.414  -22.692 0.3000000119
143618  19.196  -54.791  -28.083 0.6000000238
143999  20.883  -60.928  -29.330 0.6000000238
144788  16.881  -50.160  -28.410 0.3000000119
145403  29.948  -75.563  -31.167 0.4000000060
145438  26.867  -69.080  -34.981 0.6000000238
145453  32.834  -68.240  -34.686 0.6999999881
146025  36.073  -66.315  -23.686 0.3000000119
146135  17.237  -47.760  -28.204 0.3000000119
146745  28.635  -66.283  -33.344 0.6999999881
147691  23.129  -63.819  -24.024 0.6000000238
147816  24.608  -64.587  -32.900 0.5000000000
148153  13.224  -51.675  -27.334 0.3000000119
148193  19.094  -47.262  -28.498 0.3000000119
148309  37.169  -66.920  -26.426 0.3000000119
148908  37.824  -68.425  -22.242 0.3000000119
148982  26.056  -63.979  -23.825 0.6999999881
149251  14.365  -51.957  -27.643 0.4000000060
149528  30.234  -74.626  -24.499 0.3000000119
149569  31.980  -75.093  -26.504 0.3000000119
149769  21.292  -59.068  -30.015 0.6000000238
149799  19.488  -56.073  -30.307 0.5000000000
149936  34.498  -66.726  -25.050 0.3000000119
150184  17.300  -51.397  -22.284 0.3000000119
150250  37.119  -66.416  -25.649 0.3000000119
150567  25.030  -65.281  -33.770 0.6000000238
150701  22.663  -67.138  -34.520 0.5000000000
150867  20.913  -59.957  -31.597 0.5000000000
151843  29.934  -75.824  -30.804 0.4000000060
152247  22.586  -68.893  -34.954 0.5000000000
152443  32.214  -62.208  -26.746 0.6000000238
152508  19.678  -57.072  -31.179 0.5000000000
152975  31.755  -62.573  -26.366 0.6000000238
153455  16.869  -54.779  -28.546 0.5000000000
153548  36.468  -61.264  -29.625 0.4000000060
153639  31.004  -65.993  -33.156 0.6000000238
154338  18.554  -51.305  -21.136 0.3000000119
155020  21.887  -59.441  -23.997 0.6000000238
155241  25.122  -72.559  -23.871 0.4000000060
155703  20.120  -44.772  -27.096 0.3000000119
155801  26.304  -65.391  -30.975 0.6999999881
156082  24.399  -70.454  -34.859 0.6000000238
156256  28.641  -70.242  -34.123 0.6999999881
156272  28.865  -70.486  -25.525 0.5000000000
156456  32.466  -60.971  -31.793 0.6999999881
156544  38.041  -68.125  -33.678 0.3000000119
157507  33.219  -77.670  -23.448 0.3000000119
157661  36.902  -63.437  -29.649 0.4000000060
158224  18.431  -47.372  -28.590 0.3000000119
158545  31.606  -63.687  -27.648 0.6999999881
158992  15.947  -52.145  -24.573 0.3000000119
159232  23.878  -64.756  -32.634 0.4000000060
