#!ascii label  , from subject ICBM2009cNolinAsym vox2ras=TkReg
2236
11350  44.739  -59.859  -21.149 0.2000000030
131731  46.510  -58.719  -21.801 0.2000000030
11349  45.823  -59.384  -21.313 0.2000000030
10686  41.725  -60.791  -22.038 0.1000000015
137603  47.726  -58.339  -23.272 0.3000000119
132158  46.570  -58.142  -22.292 0.2000000030
132903  43.933  -60.166  -21.202 0.1000000015
10676  43.529  -60.748  -21.303 0.2000000030
132036  43.713  -59.412  -21.115 0.1000000015
131747  43.161  -60.117  -21.331 0.1000000015
11363  42.286  -60.096  -21.573 0.1000000015
131744  41.939  -59.344  -21.288 0.1000000015
10687  40.846  -60.552  -22.378 0.1000000015
132802  39.659  -59.186  -22.352 0.1000000015
10688  40.236  -60.384  -22.779 0.1000000015
10701  39.975  -60.521  -23.480 0.1000000015
131736  39.257  -59.269  -23.186 0.2000000030
131729  39.475  -59.909  -23.737 0.1000000015
132241  45.614  -57.423  -22.007 0.1000000015
151678  44.539  -57.238  -21.319 0.1000000015
131737  45.787  -58.299  -21.744 0.2000000030
131748  42.856  -58.904  -20.988 0.1000000015
132205  44.984  -57.972  -21.483 0.1000000015
149570  43.703  -58.489  -20.923 0.1000000015
132200  42.012  -58.492  -20.881 0.1000000015
12099  40.478  -58.363  -21.327 0.1000000015
12877  39.037  -57.704  -23.186 0.2000000030
131742  39.175  -58.474  -22.662 0.2000000030
140029  39.301  -56.943  -23.933 0.1000000015
12114  39.121  -58.597  -23.715 0.2000000030
136428  39.814  -56.036  -24.228 0.2000000030
13703  41.026  -56.726  -25.322 0.1000000015
151509  41.564  -56.164  -25.275 0.1000000015
132122  43.675  -57.665  -20.850 0.1000000015
13641  43.516  -56.721  -20.879 0.1000000015
131746  41.153  -58.789  -21.245 0.1000000015
133188  39.238  -56.134  -22.556 0.2000000030
14525  39.625  -55.388  -23.634 0.2000000030
15353  39.842  -54.557  -23.909 0.2000000030
13702  40.761  -55.925  -24.888 0.2000000030
14536  40.868  -55.154  -24.917 0.1000000015
14548  41.622  -55.398  -25.272 0.2000000030
138140  42.905  -57.369  -20.716 0.1000000015
12859  41.144  -58.019  -20.897 0.1000000015
12860  40.147  -57.559  -21.171 0.2000000030
13643  40.303  -56.537  -20.914 0.2000000030
13658  39.260  -56.505  -21.960 0.3000000119
143190  40.215  -53.982  -24.438 0.3000000119
138665  41.182  -54.579  -25.230 0.2000000030
15367  41.971  -54.502  -25.720 0.2000000030
14559  43.533  -55.156  -26.509 0.2000000030
13644  39.670  -56.040  -21.328 0.3000000119
12867  39.256  -57.493  -22.040 0.2000000030
16077  39.721  -53.672  -23.857 0.3000000119
16865  40.307  -52.503  -24.850 0.3000000119
16102  40.702  -53.075  -25.111 0.3000000119
16101  41.197  -53.261  -25.562 0.2000000030
135976  42.480  -53.959  -26.371 0.2000000030
16895  43.469  -53.889  -27.487 0.2000000030
151189  39.017  -52.209  -22.180 0.4000000060
16068  39.265  -53.805  -21.981 0.3000000119
16078  39.236  -53.304  -23.003 0.3000000119
14518  39.307  -55.693  -21.990 0.2000000030
150904  39.419  -54.879  -23.127 0.2000000030
16873  40.927  -52.505  -25.479 0.3000000119
16112  42.213  -53.120  -26.618 0.2000000030
16884  41.572  -52.642  -26.121 0.2000000030
16123  42.842  -53.508  -27.042 0.2000000030
136730  38.943  -50.932  -22.703 0.3000000119
17650  39.318  -51.842  -23.643 0.3000000119
16872  41.191  -51.928  -25.863 0.2000000030
17667  42.078  -51.575  -26.977 0.2000000030
17668  41.629  -51.782  -26.413 0.2000000030
17677  42.544  -51.420  -27.551 0.1000000015
16883  42.069  -52.313  -26.797 0.2000000030
134822  43.406  -51.978  -28.473 0.2000000030
153765  42.414  -52.042  -27.311 0.2000000030
150062  43.140  -53.097  -27.741 0.2000000030
149174  39.260  -50.445  -23.592 0.3000000119
157699  39.696  -50.495  -24.325 0.3000000119
18486  39.531  -51.126  -24.065 0.3000000119
19337  39.623  -49.805  -24.236 0.2000000030
18494  40.572  -50.617  -25.408 0.3000000119
19344  40.544  -49.720  -25.430 0.2000000030
141160  40.026  -50.967  -24.771 0.3000000119
17658  41.187  -51.101  -26.027 0.1000000015
18501  41.585  -50.480  -26.537 0.1000000015
19374  42.992  -50.027  -28.119 0.1000000015
18500  42.131  -50.761  -27.123 0.1000000015
19353  41.502  -49.699  -26.504 0.1000000015
18522  43.447  -50.619  -28.656 0.1000000015
19321  38.792  -49.149  -22.757 0.3000000119
19330  39.164  -49.505  -23.519 0.2000000030
20137  39.528  -48.942  -24.178 0.2000000030
20940  39.441  -47.992  -24.061 0.2000000030
137837  39.579  -47.107  -24.111 0.1000000015
20136  39.982  -48.414  -24.781 0.1000000015
20939  39.953  -47.533  -24.721 0.1000000015
20145  40.518  -48.822  -25.432 0.1000000015
19343  41.010  -49.283  -26.012 0.1000000015
19361  42.672  -49.223  -27.699 0.1000000015
19373  43.273  -49.183  -28.346 0.1000000015
20116  38.749  -48.297  -22.748 0.2000000030
154717  39.948  -46.817  -24.650 0.1000000015
20946  41.019  -47.267  -25.880 0.1000000015
20947  40.499  -47.890  -25.357 0.1000000015
20144  41.130  -48.321  -26.067 0.1000000015
141415  42.141  -47.812  -27.014 0.1000000015
20152  42.380  -48.445  -27.331 0.1000000015
20153  41.785  -48.402  -26.747 0.1000000015
21907  40.882  -46.195  -25.670 0.1000000015
20965  42.750  -47.563  -27.499 0.1000000015
20160  43.015  -48.413  -27.931 0.1000000015
22878  40.192  -45.407  -24.695 0.1000000015
133286  40.412  -59.817  -22.182 0.1000000015
131743  44.326  -58.034  -21.108 0.1000000015
12888  39.675  -57.577  -24.667 0.1000000015
19952  53.384  -48.667  -7.593 0.5000000000
157900  51.557  -48.147  -6.853 0.5000000000
19953  52.484  -48.230  -7.392 0.5000000000
20766  52.331  -47.615  -8.351 0.5000000000
19945  49.743  -48.114  -5.640 0.2000000030
20761  49.704  -47.743  -6.401 0.3000000119
19944  50.290  -48.301  -5.898 0.3000000119
20760  50.624  -47.821  -6.847 0.5000000000
149684  50.621  -47.065  -7.777 0.5000000000
20767  51.531  -47.627  -7.606 0.5000000000
20778  51.555  -47.021  -8.401 0.5000000000
19965  53.296  -48.511  -8.989 0.5000000000
20776  52.734  -47.755  -9.085 0.5000000000
19971  53.196  -48.887  -9.523 0.5000000000
17509  52.590  -51.343  -9.874 0.5000000000
20762  49.013  -47.604  -5.921 0.3000000119
20769  49.089  -47.150  -6.829 0.3000000119
20768  49.845  -47.263  -7.209 0.5000000000
158819  50.936  -46.507  -8.438 0.5000000000
20777  52.214  -47.011  -9.097 0.5000000000
20783  52.755  -48.009  -9.623 0.5000000000
19181  52.586  -48.883  -10.021 0.5000000000
15221  50.144  -54.440  -10.965 0.4000000060
15945  49.693  -53.504  -10.194 0.5000000000
142515  50.329  -52.998  -10.034 0.5000000000
17510  51.486  -51.441  -9.882 0.5000000000
18320  51.910  -50.557  -9.955 0.5000000000
14397  50.083  -54.954  -11.562 0.4000000060
20757  48.815  -47.743  -5.267 0.3000000119
21666  48.310  -46.885  -6.527 0.4000000060
21678  49.401  -46.720  -7.553 0.5000000000
21694  49.089  -46.070  -7.980 0.5000000000
21677  50.036  -46.401  -8.181 0.5000000000
22665  49.699  -45.553  -8.507 0.5000000000
22664  50.852  -45.721  -8.778 0.5000000000
21693  51.658  -46.338  -8.926 0.5000000000
20784  52.470  -47.136  -9.762 0.5000000000
19162  52.306  -49.684  -10.030 0.6000000238
147166  49.786  -52.231  -9.798 0.5000000000
19163  51.176  -49.766  -10.105 0.5000000000
13560  49.741  -55.892  -13.049 0.4000000060
13550  50.006  -55.419  -12.250 0.4000000060
15222  49.164  -54.726  -11.056 0.5000000000
154062  48.950  -46.603  -2.541 0.1000000015
21635  47.627  -46.216  -2.785 0.1000000015
158533  46.926  -46.054  -2.896 0.1000000015
21646  48.256  -47.075  -3.602 0.1000000015
133252  47.208  -46.437  -3.438 0.1000000015
21636  46.298  -45.916  -3.104 0.1000000015
21647  46.578  -46.362  -3.906 0.1000000015
21653  45.908  -46.129  -4.394 0.1000000015
20758  48.150  -47.417  -5.064 0.2000000030
21659  47.135  -46.724  -5.120 0.1000000015
20763  48.119  -47.190  -5.793 0.3000000119
21679  48.617  -46.490  -7.295 0.5000000000
21667  47.524  -46.553  -6.321 0.4000000060
22647  48.210  -45.806  -7.754 0.4000000060
22666  48.752  -45.336  -8.349 0.5000000000
22684  49.342  -44.873  -8.707 0.5000000000
22683  50.254  -44.826  -8.886 0.5000000000
20796  52.664  -48.234  -10.002 0.5000000000
17511  50.295  -51.481  -9.749 0.5000000000
16731  49.215  -52.844  -9.849 0.5000000000
13551  49.017  -55.769  -12.172 0.4000000060
13573  50.052  -56.197  -14.062 0.5000000000
20693  51.609  -46.968  0.393 0.1000000015
21605  51.135  -46.695  -0.920 0.1000000015
21615  49.968  -46.482  -1.780 0.1000000015
21616  48.925  -46.190  -1.813 0.1000000015
21617  48.282  -46.150  -2.267 0.1000000015
22590  47.531  -45.724  -1.911 0.1000000015
22591  46.711  -45.649  -2.285 0.1000000015
21607  49.279  -46.048  -1.093 0.1000000015
159013  48.125  -45.806  -1.652 0.1000000015
22592  45.797  -45.360  -2.399 0.1000000015
22635  44.495  -45.071  -5.683 0.2000000030
23596  44.484  -44.658  -6.374 0.2000000030
20749  47.835  -47.069  -4.169 0.1000000015
21652  46.875  -46.584  -4.579 0.1000000015
21661  45.389  -45.823  -4.839 0.1000000015
22623  45.321  -45.568  -5.544 0.2000000030
21660  46.156  -46.186  -5.125 0.1000000015
21669  46.132  -45.882  -5.858 0.2000000030
22650  45.873  -45.139  -7.032 0.2000000030
23595  45.177  -44.824  -6.728 0.2000000030
23612  44.623  -44.227  -7.134 0.2000000030
146602  46.680  -46.348  -5.569 0.2000000030
21668  46.790  -46.227  -6.134 0.2000000030
21681  47.032  -45.977  -6.808 0.3000000119
151353  46.959  -45.089  -7.812 0.3000000119
22667  47.740  -45.054  -8.230 0.4000000060
19182  51.653  -48.956  -10.342 0.5000000000
23620  48.569  -44.547  -8.715 0.4000000060
19165  48.948  -49.842  -9.784 0.5000000000
19164  50.021  -49.843  -10.009 0.5000000000
19183  50.479  -49.078  -10.356 0.5000000000
18323  48.514  -50.681  -9.535 0.5000000000
18322  49.607  -50.647  -9.657 0.5000000000
21710  51.817  -45.708  -9.281 0.5000000000
15946  48.680  -53.414  -10.051 0.5000000000
17512  48.850  -52.194  -9.600 0.5000000000
147908  49.170  -51.490  -9.554 0.5000000000
19983  52.113  -48.231  -10.483 0.5000000000
14403  49.060  -55.303  -11.611 0.5000000000
18321  50.740  -50.623  -9.861 0.5000000000
21592  50.713  -46.773  0.909 0.1000000015
21600  50.672  -46.519  -0.113 0.1000000015
22563  49.539  -46.150  -0.299 0.1000000015
22564  47.844  -45.552  0.176 0.1000000015
23509  46.290  -44.845  0.431 0.1000000015
21606  50.285  -46.386  -1.010 0.1000000015
22568  48.563  -45.794  -0.452 0.1000000015
22578  48.349  -45.749  -1.141 0.1000000015
22581  46.057  -45.054  -1.638 0.1000000015
22605  45.486  -45.580  -3.062 0.1000000015
22607  43.991  -45.147  -3.724 0.1000000015
21654  45.095  -45.742  -4.254 0.1000000015
22615  43.875  -45.136  -4.464 0.2000000030
22625  43.847  -44.939  -5.198 0.2000000030
22624  44.600  -45.442  -4.895 0.2000000030
23610  46.288  -44.776  -7.685 0.3000000119
24554  44.979  -43.785  -7.934 0.2000000030
23611  45.469  -44.482  -7.474 0.2000000030
24560  46.828  -43.757  -8.772 0.3000000119
23621  47.671  -44.166  -8.737 0.4000000060
19985  49.851  -48.532  -10.742 0.5000000000
20798  50.452  -48.004  -11.209 0.5000000000
19984  51.045  -48.413  -10.732 0.5000000000
21743  50.563  -47.334  -12.164 0.5000000000
21742  51.850  -47.099  -11.782 0.5000000000
21741  53.027  -46.273  -11.003 0.5000000000
138679  51.681  -47.796  -11.008 0.5000000000
22706  52.975  -45.582  -11.473 0.5000000000
20823  52.302  -47.143  -11.102 0.6000000238
20797  52.459  -47.490  -10.345 0.5000000000
21692  52.266  -46.326  -9.606 0.5000000000
21726  52.750  -46.561  -10.259 0.5000000000
13597  50.543  -56.514  -15.707 0.4000000060
13585  50.510  -56.371  -14.940 0.4000000060
13572  51.049  -55.933  -13.707 0.4000000060
23519  44.106  -43.526  0.682 0.1000000015
23510  45.593  -44.581  0.646 0.1000000015
24481  44.349  -43.133  -0.111 0.1000000015
22569  47.679  -45.453  -0.571 0.1000000015
22565  47.011  -45.057  -0.012 0.1000000015
23522  45.484  -44.252  -0.685 0.1000000015
23523  44.864  -43.662  -0.458 0.1000000015
22570  46.896  -45.090  -0.724 0.1000000015
23531  44.887  -44.000  -1.293 0.1000000015
22593  45.006  -45.119  -2.623 0.1000000015
22594  44.246  -44.902  -2.948 0.1000000015
22616  43.158  -44.651  -4.702 0.2000000030
23581  43.302  -44.484  -5.449 0.2000000030
23598  43.054  -44.045  -6.093 0.2000000030
23613  43.843  -44.093  -6.653 0.2000000030
26421  49.017  -41.020  -14.159 0.2000000030
26420  49.861  -41.259  -14.433 0.2000000030
26400  49.481  -41.697  -13.646 0.2000000030
25509  49.278  -41.886  -12.776 0.2000000030
25497  49.147  -41.946  -11.900 0.2000000030
23623  45.981  -44.039  -8.272 0.2000000030
25527  51.017  -42.339  -14.038 0.2000000030
25508  50.014  -42.309  -13.065 0.2000000030
25496  49.909  -42.340  -12.184 0.2000000030
25483  49.791  -42.326  -11.311 0.2000000030
25484  48.969  -42.043  -11.069 0.3000000119
25464  49.554  -42.387  -10.507 0.2000000030
24619  51.439  -43.248  -12.798 0.2000000030
24606  51.427  -43.212  -11.917 0.3000000119
24607  50.616  -42.709  -11.579 0.4000000060
24596  50.439  -42.698  -10.702 0.3000000119
24580  50.061  -42.893  -9.888 0.4000000060
136057  48.371  -42.901  -9.516 0.4000000060
23631  48.498  -43.696  -9.086 0.5000000000
22720  52.322  -46.586  -12.420 0.5000000000
23669  52.817  -44.957  -11.862 0.4000000060
24594  52.125  -43.781  -11.372 0.4000000060
23656  51.862  -43.742  -10.472 0.4000000060
24579  51.036  -43.174  -10.168 0.5000000000
23630  49.522  -44.052  -8.987 0.5000000000
23655  52.664  -44.444  -10.867 0.5000000000
22696  52.918  -45.085  -10.510 0.5000000000
22682  51.461  -44.836  -9.333 0.5000000000
23513  42.551  -43.624  1.424 0.1000000015
23512  43.373  -43.993  1.373 0.1000000015
24477  43.218  -43.155  0.873 0.1000000015
155001  42.800  -42.224  -0.080 0.1000000015
24486  43.882  -42.808  -0.503 0.1000000015
24487  43.248  -42.423  -0.453 0.1000000015
24490  43.582  -42.899  -1.202 0.1000000015
24491  42.802  -42.559  -1.309 0.1000000015
142404  43.180  -44.012  -2.530 0.1000000015
23546  42.286  -43.651  -2.689 0.1000000015
23558  43.420  -44.644  -3.234 0.1000000015
23570  42.327  -44.252  -4.549 0.2000000030
23571  41.532  -43.995  -4.472 0.2000000030
24546  43.207  -43.636  -6.834 0.2000000030
27337  48.235  -40.719  -13.884 0.1000000015
26401  48.708  -41.374  -13.372 0.2000000030
26387  48.517  -41.554  -12.497 0.2000000030
24561  45.420  -43.336  -8.646 0.2000000030
153924  47.533  -39.288  -14.323 0.1000000015
27345  47.853  -39.938  -14.204 0.1000000015
27338  47.529  -40.380  -13.511 0.1000000015
27333  47.255  -40.700  -12.734 0.1000000015
26388  47.734  -41.280  -12.223 0.1000000015
25465  48.817  -42.169  -10.394 0.2000000030
24568  47.588  -43.359  -9.194 0.3000000119
136455  46.137  -43.437  -8.902 0.2000000030
25485  48.133  -41.832  -10.721 0.1000000015
24582  48.273  -42.241  -9.988 0.3000000119
23642  51.388  -43.883  -9.755 0.5000000000
23643  50.666  -43.430  -9.642 0.5000000000
24566  50.042  -43.478  -9.380 0.5000000000
23629  50.599  -44.026  -9.234 0.5000000000
152626  52.281  -44.484  -10.034 0.5000000000
22681  52.500  -45.530  -9.928 0.5000000000
157880  41.908  -44.005  1.799 0.1000000015
24479  41.638  -42.512  0.990 0.1000000015
25390  41.413  -41.932  0.288 0.1000000015
24483  42.277  -42.177  0.262 0.1000000015
25398  41.801  -41.897  -0.546 0.1000000015
25399  41.076  -41.656  -0.526 0.1000000015
25397  42.535  -42.148  -0.587 0.1000000015
24501  41.487  -43.144  -2.629 0.1000000015
25406  41.362  -42.531  -2.011 0.1000000015
23547  41.598  -43.602  -3.189 0.1000000015
23560  41.186  -43.756  -3.802 0.2000000030
23583  41.806  -44.016  -5.173 0.2000000030
23599  42.125  -43.786  -5.862 0.2000000030
134724  42.448  -43.498  -6.587 0.2000000030
24556  42.803  -43.127  -7.281 0.2000000030
24555  43.881  -43.406  -7.568 0.2000000030
24562  44.598  -43.091  -8.416 0.2000000030
28270  46.949  -38.984  -14.160 0.1000000015
28266  47.218  -39.650  -13.819 0.1000000015
27334  46.544  -40.394  -12.447 0.1000000015
26389  47.002  -40.966  -11.942 0.1000000015
26372  47.547  -41.402  -11.369 0.1000000015
24570  45.837  -42.769  -9.289 0.1000000015
25447  45.075  -42.773  -8.942 0.2000000030
26373  46.784  -41.128  -11.164 0.1000000015
26360  47.255  -41.605  -10.661 0.1000000015
25466  47.619  -41.989  -10.191 0.1000000015
25452  47.444  -42.557  -9.702 0.2000000030
24569  46.733  -43.066  -9.271 0.2000000030
25385  40.027  -42.633  1.693 0.1000000015
25384  40.793  -42.217  0.988 0.1000000015
26274  39.317  -41.394  1.314 0.1000000015
25391  40.681  -41.560  0.243 0.1000000015
26287  39.636  -40.872  -0.585 0.1000000015
26286  40.387  -41.308  -0.710 0.1000000015
25407  40.761  -42.176  -2.021 0.1000000015
25402  41.199  -41.937  -1.333 0.1000000015
24502  40.549  -42.701  -2.777 0.1000000015
24522  39.879  -43.866  -4.661 0.1000000015
24536  40.393  -43.947  -5.272 0.1000000015
25433  39.578  -43.367  -5.482 0.1000000015
24548  40.390  -43.538  -5.872 0.1000000015
24547  41.600  -43.368  -6.372 0.2000000030
25442  43.123  -42.645  -7.948 0.2000000030
24563  43.868  -42.654  -8.388 0.2000000030
25448  44.467  -42.437  -8.896 0.1000000015
137462  45.416  -36.964  -14.503 0.1000000015
29190  45.520  -38.194  -13.654 0.1000000015
28268  45.779  -39.005  -13.304 0.1000000015
25454  45.098  -42.166  -9.391 0.2000000030
28264  45.413  -39.385  -12.571 0.1000000015
27335  45.813  -40.100  -12.164 0.1000000015
27325  46.274  -40.678  -11.693 0.1000000015
26361  46.446  -41.468  -10.538 0.1000000015
25467  46.885  -42.009  -10.131 0.1000000015
26352  45.931  -41.935  -9.931 0.2000000030
27233  38.809  -40.294  0.354 0.1000000015
27247  39.093  -40.629  -1.255 0.1000000015
27257  39.097  -41.002  -2.062 0.1000000015
25408  39.739  -42.067  -2.834 0.1000000015
25426  39.377  -43.131  -4.401 0.1000000015
25439  40.168  -42.827  -6.368 0.1000000015
25438  41.094  -42.816  -6.747 0.2000000030
26345  40.927  -41.480  -7.726 0.1000000015
25444  41.437  -42.289  -7.369 0.1000000015
26344  41.814  -41.832  -8.016 0.2000000030
25443  42.278  -42.503  -7.662 0.2000000030
26349  42.259  -41.387  -8.544 0.1000000015
25450  42.596  -42.051  -8.268 0.2000000030
29184  43.820  -37.886  -12.216 0.1000000015
29168  44.050  -38.644  -11.859 0.1000000015
28256  43.634  -39.000  -11.233 0.1000000015
28246  44.033  -39.754  -10.824 0.1000000015
144765  43.151  -40.528  -9.595 0.1000000015
27312  43.893  -41.001  -9.732 0.1000000015
26348  43.486  -41.534  -9.099 0.1000000015
30250  45.229  -37.404  -13.907 0.1000000015
29182  45.004  -38.512  -12.932 0.1000000015
133553  44.709  -39.039  -12.207 0.1000000015
28255  44.401  -39.384  -11.500 0.1000000015
27327  44.835  -40.059  -11.075 0.1000000015
27321  44.451  -40.498  -10.402 0.1000000015
149880  45.285  -40.723  -10.680 0.1000000015
26353  44.965  -41.334  -9.979 0.1000000015
28254  45.120  -39.739  -11.818 0.1000000015
154099  45.729  -41.289  -10.427 0.1000000015
27248  38.581  -39.983  -1.055 0.1000000015
146958  38.523  -40.245  -1.930 0.1000000015
26313  38.662  -41.246  -3.664 0.1000000015
26322  38.569  -41.482  -4.730 0.1000000015
25440  39.240  -42.382  -6.032 0.1000000015
25445  40.553  -42.126  -7.065 0.1000000015
29159  41.509  -37.535  -10.135 0.1000000015
148815  41.108  -37.909  -9.693 0.1000000015
28235  41.124  -39.443  -9.107 0.1000000015
27310  41.094  -40.278  -8.674 0.1000000015
31264  42.548  -36.710  -11.269 0.1000000015
30222  41.973  -37.129  -10.716 0.1000000015
29145  41.673  -38.396  -9.974 0.1000000015
29146  41.116  -38.640  -9.458 0.1000000015
27309  41.958  -40.674  -8.855 0.1000000015
30233  43.192  -37.190  -11.902 0.1000000015
29170  42.607  -37.617  -11.213 0.1000000015
29158  42.090  -38.023  -10.611 0.1000000015
28248  42.422  -38.908  -10.273 0.1000000015
28238  42.798  -39.760  -9.922 0.1000000015
26354  42.794  -41.000  -9.067 0.1000000015
27289  38.380  -40.690  -5.427 0.1000000015
28217  38.664  -39.238  -6.588 0.1000000015
26339  39.249  -41.093  -6.924 0.1000000015
28231  39.108  -39.385  -7.388 0.1000000015
27299  38.827  -40.193  -6.886 0.1000000015
26346  40.013  -41.361  -7.367 0.1000000015
31253  41.543  -36.701  -10.061 0.1000000015
29147  40.532  -37.872  -9.132 0.1000000015
29141  39.943  -38.474  -8.450 0.1000000015
28230  39.736  -39.451  -8.056 0.1000000015
158260  40.802  -40.821  -8.190 0.1000000015
31252  42.098  -36.307  -10.620 0.1000000015
29140  40.595  -38.781  -8.983 0.1000000015
21680  47.820  -46.219  -7.030 0.4000000060
21634  48.604  -46.838  -3.047 0.1000000015
21648  45.649  -45.909  -3.701 0.1000000015
21658  47.362  -46.730  -5.656 0.2000000030
22648  47.370  -45.613  -7.502 0.4000000060
21601  49.735  -46.335  0.590 0.1000000015
22580  46.820  -45.295  -1.413 0.1000000015
154919  44.991  -45.135  -6.139 0.3000000119
23597  43.832  -44.556  -5.913 0.2000000030
22634  45.618  -45.381  -6.308 0.2000000030
22633  46.324  -45.669  -6.559 0.2000000030
22649  46.613  -45.402  -7.248 0.3000000119
23622  46.890  -44.502  -8.283 0.3000000119
21602  48.764  -45.960  0.351 0.1000000015
23516  46.132  -44.663  -0.253 0.1000000015
23543  45.310  -44.735  -1.846 0.1000000015
23521  46.174  -44.755  -0.971 0.1000000015
22606  44.813  -45.452  -3.498 0.1000000015
22614  44.432  -45.452  -4.177 0.1000000015
22608  43.399  -44.902  -4.006 0.1000000015
20799  49.292  -48.041  -11.265 0.5000000000
20824  51.135  -47.565  -11.600 0.5000000000
20825  49.902  -47.628  -11.761 0.5000000000
21766  52.427  -46.626  -11.883 0.5000000000
23518  44.734  -43.645  0.176 0.1000000015
23517  45.370  -44.150  0.039 0.1000000015
24485  44.307  -43.251  -0.914 0.1000000015
23544  44.533  -44.466  -2.149 0.1000000015
23545  43.848  -44.366  -2.516 0.1000000015
23532  43.929  -43.700  -1.801 0.1000000015
23559  42.818  -44.495  -3.889 0.1000000015
23582  42.628  -44.214  -5.313 0.2000000030
25528  50.274  -42.018  -13.854 0.2000000030
26371  48.339  -41.679  -11.624 0.1000000015
138996  50.794  -42.648  -13.317 0.2000000030
25507  50.693  -42.743  -12.475 0.2000000030
24581  49.080  -42.571  -9.898 0.4000000060
24605  52.307  -43.994  -12.310 0.5000000000
24641  51.523  -43.044  -13.585 0.2000000030
24595  51.293  -43.146  -10.999 0.4000000060
24567  49.281  -43.202  -9.393 0.5000000000
156228  52.831  -44.884  -12.376 0.5000000000
24478  42.443  -42.804  0.975 0.1000000015
24482  43.703  -42.787  0.200 0.1000000015
155429  43.020  -43.232  -1.954 0.1000000015
25401  42.006  -42.276  -1.330 0.1000000015
24492  42.157  -42.917  -1.974 0.1000000015
152641  42.715  -44.229  -3.170 0.1000000015
139501  42.054  -44.024  -3.675 0.2000000030
23584  41.096  -43.980  -5.048 0.2000000030
26402  47.934  -41.085  -13.084 0.1000000015
23514  41.775  -43.305  1.447 0.1000000015
154970  40.941  -43.043  1.517 0.1000000015
143442  40.785  -41.628  -1.063 0.1000000015
24511  41.023  -43.327  -3.237 0.1000000015
23572  40.686  -43.936  -4.514 0.2000000030
24535  41.162  -43.750  -5.705 0.2000000030
24557  41.924  -42.977  -7.038 0.2000000030
29195  46.727  -38.276  -14.541 0.1000000015
29189  46.236  -38.611  -13.952 0.1000000015
28267  46.528  -39.349  -13.566 0.1000000015
27339  46.848  -40.058  -13.188 0.1000000015
25453  46.565  -42.482  -9.690 0.2000000030
26374  46.005  -40.970  -10.999 0.1000000015
25392  40.013  -41.724  0.994 0.1000000015
25378  39.201  -42.422  2.212 0.1000000015
154800  39.496  -41.998  1.630 0.1000000015
26281  39.073  -40.806  0.907 0.1000000015
133691  39.384  -40.768  0.200 0.1000000015
154219  39.596  -41.152  0.738 0.1000000015
26280  40.027  -41.131  0.179 0.1000000015
27238  38.997  -40.410  -0.434 0.1000000015
26293  40.405  -41.694  -1.601 0.1000000015
26294  39.729  -41.181  -1.421 0.1000000015
156131  40.237  -42.047  -2.297 0.1000000015
24512  40.267  -43.450  -3.795 0.1000000015
25416  39.636  -42.625  -3.519 0.1000000015
25449  43.303  -42.121  -8.558 0.2000000030
25455  44.301  -41.768  -9.329 0.1000000015
30255  45.922  -37.767  -14.380 0.1000000015
28263  46.142  -39.737  -12.893 0.1000000015
27326  45.559  -40.382  -11.398 0.1000000015
26304  38.621  -40.708  -2.763 0.1000000015
135710  39.109  -41.476  -2.799 0.1000000015
158524  39.172  -41.959  -3.369 0.1000000015
26312  38.932  -42.222  -4.097 0.1000000015
26321  38.904  -42.459  -5.087 0.1000000015
26338  39.692  -41.923  -6.727 0.1000000015
26350  41.476  -41.091  -8.343 0.1000000015
29169  43.321  -38.165  -11.597 0.1000000015
30244  43.774  -37.202  -12.495 0.1000000015
30243  44.363  -37.665  -12.855 0.1000000015
29183  44.389  -38.360  -12.418 0.1000000015
28247  43.248  -39.345  -10.538 0.1000000015
29157  42.882  -38.508  -10.909 0.1000000015
27313  43.607  -40.156  -10.169 0.1000000015
27269  38.287  -40.199  -3.493 0.1000000015
27282  38.286  -40.466  -4.451 0.1000000015
26330  38.715  -41.616  -5.681 0.1000000015
27300  38.695  -40.881  -6.269 0.1000000015
30211  40.995  -37.163  -9.577 0.1000000015
152406  40.296  -40.240  -8.201 0.1000000015
27315  41.679  -40.025  -9.157 0.1000000015
28236  40.431  -39.462  -8.620 0.1000000015
28206  38.272  -39.588  -5.186 0.1000000015
27307  39.592  -40.403  -7.580 0.1000000015
29130  39.424  -38.666  -7.752 0.1000000015
29131  39.039  -38.287  -6.990 0.1000000015
31242  41.274  -36.271  -9.170 0.1000000015
31241  41.795  -36.037  -9.970 0.1000000015
140785  40.080  -37.372  -8.369 0.1000000015
18284  49.845  -50.744  -5.793 0.1000000015
18269  50.521  -50.035  -5.290 0.1000000015
19102  51.129  -49.429  -5.140 0.1000000015
19104  49.439  -49.390  -4.819 0.1000000015
18285  48.788  -50.719  -5.926 0.2000000030
19929  50.089  -48.658  -5.106 0.1000000015
17470  50.257  -51.566  -6.146 0.2000000030
18283  50.907  -50.801  -5.656 0.1000000015
16677  50.802  -52.414  -6.323 0.2000000030
18268  51.492  -50.127  -5.246 0.1000000015
19928  50.747  -48.839  -5.351 0.1000000015
16703  50.285  -53.138  -6.637 0.2000000030
17469  51.418  -51.642  -5.881 0.2000000030
19101  52.068  -49.587  -5.276 0.2000000030
18282  51.980  -50.863  -5.412 0.2000000030
19100  52.983  -49.897  -5.523 0.2000000030
19927  51.642  -48.982  -5.562 0.3000000119
19943  51.120  -48.479  -6.126 0.3000000119
19123  52.615  -49.243  -5.858 0.3000000119
19954  52.104  -48.629  -6.352 0.3000000119
17468  52.612  -51.580  -5.805 0.2000000030
18281  53.753  -50.328  -6.018 0.2000000030
15919  50.845  -53.833  -6.721 0.2000000030
19122  53.557  -49.578  -6.275 0.2000000030
16701  52.673  -53.173  -6.947 0.2000000030
11934  49.471  -58.264  -7.204 0.1000000015
16676  52.074  -52.454  -6.242 0.2000000030
16702  51.449  -53.194  -6.585 0.2000000030
19942  53.086  -48.914  -6.744 0.3000000119
13476  49.886  -56.978  -6.461 0.1000000015
140769  50.323  -54.587  -6.451 0.1000000015
17467  53.584  -51.220  -6.163 0.2000000030
17466  54.194  -50.735  -6.836 0.2000000030
13477  49.371  -57.340  -6.739 0.1000000015
19142  53.946  -49.303  -7.322 0.4000000060
15177  50.824  -55.305  -6.363 0.2000000030
16675  53.184  -52.162  -6.570 0.2000000030
146181  51.309  -54.503  -6.758 0.2000000030
11942  50.263  -58.451  -8.151 0.1000000015
12741  50.949  -57.846  -8.860 0.2000000030
12708  50.345  -57.458  -6.924 0.1000000015
12721  50.698  -57.747  -7.750 0.1000000015
15918  51.843  -53.812  -6.995 0.2000000030
16700  53.545  -52.482  -7.553 0.2000000030
17488  54.272  -50.974  -7.746 0.2000000030
18302  54.399  -50.321  -7.573 0.4000000060
13475  50.724  -56.763  -6.627 0.1000000015
17497  54.107  -50.956  -8.502 0.4000000060
19951  53.747  -48.889  -8.243 0.4000000060
15176  51.800  -55.177  -6.962 0.3000000119
152794  52.486  -53.742  -7.535 0.3000000119
14339  51.236  -56.007  -6.637 0.2000000030
14366  51.976  -55.853  -7.603 0.4000000060
18310  54.116  -50.359  -8.632 0.4000000060
19964  53.782  -49.243  -8.868 0.4000000060
15917  53.077  -53.251  -8.021 0.3000000119
15212  52.504  -54.703  -9.695 0.4000000060
15200  52.454  -54.861  -8.321 0.3000000119
28273  49.288  -39.316  -15.694 0.1000000015
27344  48.693  -40.169  -14.602 0.1000000015
19152  54.072  -49.852  -8.728 0.4000000060
16712  53.764  -51.535  -8.994 0.4000000060
139073  53.540  -50.297  -9.436 0.5000000000
135374  52.489  -53.920  -9.466 0.4000000060
15930  52.632  -53.936  -8.322 0.3000000119
16714  52.932  -53.164  -9.035 0.4000000060
16728  53.107  -52.161  -9.536 0.4000000060
27359  49.492  -40.039  -15.196 0.1000000015
28272  50.072  -39.654  -15.815 0.1000000015
27343  49.386  -40.620  -14.675 0.1000000015
19160  53.672  -49.699  -9.252 0.4000000060
18319  52.926  -50.450  -9.836 0.5000000000
17508  53.382  -51.099  -9.526 0.5000000000
19161  53.156  -49.645  -9.735 0.5000000000
26448  50.496  -40.985  -15.003 0.1000000015
26419  50.667  -41.658  -14.492 0.1000000015
135586  52.008  -41.109  -15.389 0.1000000015
144466  51.208  -41.348  -14.984 0.1000000015
157329  51.264  -41.939  -14.538 0.1000000015
19124  48.475  -50.108  -5.470 0.1000000015
18270  49.542  -50.025  -5.331 0.1000000015
19103  50.269  -49.361  -4.963 0.1000000015
19930  49.572  -48.389  -5.051 0.1000000015
139211  53.094  -48.248  -8.315 0.4000000060
17472  48.148  -51.427  -6.418 0.1000000015
19121  54.225  -49.973  -6.853 0.3000000119
19141  54.187  -49.522  -8.188 0.4000000060
16699  53.996  -51.706  -8.138 0.3000000119
17507  53.830  -50.723  -9.056 0.4000000060
27358  50.320  -40.306  -15.403 0.1000000015
19931  49.217  -49.120  -4.444 0.1000000015
12809  38.242  -57.497  -14.404 0.1000000015
12040  38.662  -57.952  -15.068 0.1000000015
11301  39.888  -59.095  -16.102 0.1000000015
12810  37.334  -57.597  -14.680 0.1000000015
12038  40.697  -58.437  -14.072 0.1000000015
12798  37.555  -57.127  -13.729 0.1000000015
12811  36.315  -57.753  -14.618 0.1000000015
12043  34.935  -58.655  -14.880 0.1000000015
12041  36.755  -58.088  -15.348 0.1000000015
6769  40.344  -67.437  -6.522 0.1000000015
10553  35.181  -61.050  -10.870 0.1000000015
10554  34.258  -60.432  -11.402 0.1000000015
12796  39.578  -57.540  -13.510 0.1000000015
10568  33.793  -59.996  -12.021 0.1000000015
12808  39.134  -57.681  -14.280 0.1000000015
12031  34.495  -58.504  -12.940 0.1000000015
12028  40.384  -57.961  -13.399 0.1000000015
139472  34.579  -58.613  -13.919 0.1000000015
11287  40.870  -58.789  -14.858 0.1000000015
7286  39.670  -66.345  -5.121 0.1000000015
6768  41.207  -67.138  -7.041 0.1000000015
7306  40.930  -66.276  -7.658 0.1000000015
7268  39.755  -65.979  -4.463 0.1000000015
7294  40.129  -66.979  -5.824 0.1000000015
6761  41.041  -67.062  -6.257 0.1000000015
154000  39.948  -65.342  -8.371 0.1000000015
9178  37.719  -62.837  -9.786 0.1000000015
9854  35.834  -61.633  -10.849 0.1000000015
12797  38.667  -57.223  -13.612 0.1000000015
12787  38.143  -56.807  -12.895 0.1000000015
142765  36.728  -57.362  -14.078 0.1000000015
12014  40.841  -57.853  -12.527 0.1000000015
11276  42.021  -58.902  -13.247 0.1000000015
11299  41.649  -59.439  -15.200 0.1000000015
7293  41.386  -66.486  -6.830 0.1000000015
138159  41.449  -65.760  -6.580 0.1000000015
7267  40.189  -66.193  -3.960 0.1000000015
7278  40.551  -66.697  -4.675 0.1000000015
151931  41.465  -66.597  -6.172 0.1000000015
7849  41.260  -64.870  -6.265 0.1000000015
7858  40.666  -64.749  -6.845 0.1000000015
140876  39.743  -63.821  -7.075 0.1000000015
149715  38.648  -62.711  -7.758 0.1000000015
8522  38.300  -63.319  -9.240 0.1000000015
9825  38.404  -62.173  -7.274 0.1000000015
9168  37.938  -62.545  -8.958 0.1000000015
10516  37.158  -60.981  -8.098 0.1000000015
9835  36.812  -61.221  -9.116 0.1000000015
10539  36.377  -61.095  -9.964 0.1000000015
10540  35.253  -60.233  -10.446 0.1000000015
134496  35.537  -57.382  -12.193 0.1000000015
12785  40.081  -57.237  -12.131 0.1000000015
13563  38.522  -56.589  -12.096 0.1000000015
13565  36.296  -56.973  -12.564 0.1000000015
11998  41.573  -58.019  -11.823 0.1000000015
12027  41.208  -58.419  -13.323 0.1000000015
9118  40.944  -63.254  -4.838 0.1000000015
7808  40.073  -65.696  -2.433 0.1000000015
7266  41.033  -66.935  -4.034 0.1000000015
7277  41.573  -66.729  -4.969 0.1000000015
8486  41.764  -64.932  -5.856 0.1000000015
8478  41.808  -64.289  -5.340 0.1000000015
147458  40.421  -64.029  -6.408 0.1000000015
9133  39.176  -62.237  -5.729 0.1000000015
10495  37.564  -60.554  -6.291 0.1000000015
7255  40.528  -66.285  -3.243 0.1000000015
7254  41.106  -66.765  -3.264 0.1000000015
158941  41.575  -66.808  -3.821 0.1000000015
7265  42.254  -66.555  -4.405 0.1000000015
7839  42.984  -65.503  -4.818 0.1000000015
9826  37.774  -61.578  -7.636 0.1000000015
10506  37.399  -60.797  -7.169 0.1000000015
10517  36.519  -60.346  -8.468 0.1000000015
11215  35.934  -58.893  -8.504 0.1000000015
147110  36.070  -60.318  -9.342 0.1000000015
11949  35.932  -58.073  -8.351 0.1000000015
152213  35.690  -59.280  -9.236 0.1000000015
11964  35.588  -57.703  -10.012 0.1000000015
11216  35.361  -58.726  -9.957 0.1000000015
13527  37.133  -56.202  -9.749 0.1000000015
12762  35.761  -57.270  -10.765 0.1000000015
11982  35.019  -58.787  -10.568 0.1000000015
13539  39.335  -56.487  -10.964 0.1000000015
13564  37.618  -56.549  -12.181 0.1000000015
13554  37.058  -56.515  -11.499 0.1000000015
12772  40.852  -57.477  -11.594 0.1000000015
11997  41.579  -57.668  -11.082 0.1000000015
11259  42.908  -59.358  -12.220 0.1000000015
12013  41.715  -58.449  -12.553 0.1000000015
148238  43.660  -59.498  -11.239 0.1000000015
11996  42.346  -58.615  -11.876 0.1000000015
9109  41.246  -62.792  -4.055 0.1000000015
151787  40.505  -66.302  -2.106 0.1000000015
143317  41.786  -66.327  -2.122 0.1000000015
149826  42.252  -66.297  -2.795 0.1000000015
7807  42.995  -65.680  -3.219 0.1000000015
8470  42.993  -64.396  -4.369 0.1000000015
8477  42.557  -64.676  -5.041 0.1000000015
8471  41.945  -63.744  -4.595 0.1000000015
9119  39.885  -62.622  -5.165 0.1000000015
136788  38.587  -61.588  -5.811 0.1000000015
10488  37.770  -60.234  -5.378 0.1000000015
136680  41.377  -66.562  -2.653 0.1000000015
7253  42.127  -66.519  -3.481 0.1000000015
11177  37.355  -59.299  -5.361 0.1000000015
11187  37.209  -59.774  -6.036 0.1000000015
11195  36.545  -59.429  -7.175 0.1000000015
11178  36.895  -59.008  -5.982 0.1000000015
11204  36.296  -59.547  -7.995 0.1000000015
12701  36.405  -57.845  -6.374 0.1000000015
11937  36.164  -58.586  -7.632 0.1000000015
13506  36.408  -56.562  -8.505 0.1000000015
156367  36.164  -56.965  -8.159 0.1000000015
13538  40.188  -56.556  -10.429 0.1000000015
14386  39.473  -55.668  -9.384 0.1000000015
13525  39.156  -56.107  -10.115 0.1000000015
13526  38.034  -56.046  -10.004 0.1000000015
13505  36.908  -56.054  -8.954 0.1000000015
13528  36.392  -56.650  -9.394 0.1000000015
157028  40.542  -56.509  -9.948 0.1000000015
13541  37.384  -56.333  -10.645 0.1000000015
12745  40.969  -56.818  -10.106 0.1000000015
12760  40.915  -57.133  -10.781 0.1000000015
158070  42.098  -58.125  -11.327 0.1000000015
11230  44.035  -59.374  -10.809 0.1000000015
6717  40.559  -66.540  -0.062 0.1000000015
6732  40.634  -66.512  -0.893 0.1000000015
6733  40.213  -66.501  -0.978 0.1000000015
7795  43.244  -64.814  -1.869 0.1000000015
7806  43.553  -64.701  -2.754 0.1000000015
9795  40.339  -62.293  -4.330 0.1000000015
142546  41.344  -66.381  -1.439 0.1000000015
7252  42.706  -65.608  -2.395 0.1000000015
7823  43.448  -64.685  -3.599 0.1000000015
9097  43.519  -62.902  -2.806 0.1000000015
9776  41.662  -62.291  -3.308 0.1000000015
9778  39.879  -61.426  -3.875 0.1000000015
10467  39.500  -60.460  -3.495 0.1000000015
10480  38.342  -60.301  -4.552 0.1000000015
10466  40.378  -60.951  -3.171 0.1000000015
11170  38.423  -59.623  -4.005 0.1000000015
11912  38.019  -58.724  -4.064 0.1000000015
11922  37.022  -58.505  -5.408 0.1000000015
11923  36.651  -58.364  -5.986 0.1000000015
156015  37.612  -58.254  -4.407 0.1000000015
12700  36.839  -56.899  -5.211 0.1000000015
13459  36.599  -56.208  -5.954 0.1000000015
13468  36.427  -56.443  -6.741 0.1000000015
14372  36.760  -55.934  -8.135 0.1000000015
14348  36.628  -55.832  -7.304 0.1000000015
14370  38.846  -55.205  -8.893 0.1000000015
14371  37.412  -55.518  -8.568 0.1000000015
14385  40.395  -55.718  -9.239 0.1000000015
14369  39.813  -55.183  -8.822 0.1000000015
13504  41.257  -55.762  -9.056 0.1000000015
12759  41.724  -57.344  -10.279 0.1000000015
11981  42.298  -57.914  -10.738 0.1000000015
11980  43.029  -58.274  -10.536 0.1000000015
11231  43.363  -58.891  -10.932 0.1000000015
9753  43.926  -61.345  -1.929 0.1000000015
156390  43.527  -60.028  -1.625 0.1000000015
7225  41.294  -66.014  0.202 0.1000000015
7787  41.998  -65.360  -0.384 0.1000000015
7786  42.896  -64.681  -0.912 0.1000000015
8430  43.521  -63.952  -0.362 0.1000000015
8461  44.000  -63.840  -2.566 0.1000000015
9763  43.225  -61.963  -2.375 0.1000000015
10448  42.973  -60.757  -1.958 0.1000000015
10449  41.969  -60.063  -1.980 0.1000000015
7237  42.177  -65.634  -1.438 0.1000000015
9086  44.154  -63.104  -2.456 0.1000000015
146430  41.037  -60.333  -2.540 0.1000000015
148997  40.111  -58.648  -2.426 0.1000000015
12682  39.004  -57.578  -2.796 0.1000000015
10456  40.162  -60.148  -2.883 0.1000000015
11149  39.602  -59.428  -3.000 0.1000000015
13453  37.755  -56.732  -3.956 0.1000000015
13454  37.252  -56.365  -4.582 0.1000000015
13458  36.892  -55.903  -5.226 0.1000000015
14326  36.629  -55.764  -6.581 0.1000000015
15163  37.866  -53.982  -7.006 0.1000000015
14325  36.896  -55.156  -6.942 0.1000000015
15183  39.556  -54.036  -7.863 0.1000000015
14346  38.051  -54.878  -8.312 0.1000000015
14345  40.220  -54.609  -8.330 0.1000000015
14368  40.738  -55.201  -8.740 0.1000000015
13524  41.894  -56.394  -9.247 0.1000000015
9041  45.381  -61.496  0.896 0.1000000015
7765  42.217  -64.326  0.896 0.1000000015
9060  44.804  -62.418  0.570 0.1000000015
9739  45.887  -61.022  0.118 0.1000000015
9746  45.630  -61.451  -0.992 0.1000000015
11135  43.779  -59.515  -1.352 0.1000000015
7213  41.229  -65.786  1.056 0.1000000015
7775  41.794  -65.138  0.538 0.1000000015
8414  44.084  -63.216  0.140 0.1000000015
9073  45.382  -62.388  -0.985 0.1000000015
9762  44.131  -62.230  -2.126 0.1000000015
134744  42.863  -59.698  -1.627 0.1000000015
11136  41.956  -59.211  -1.711 0.1000000015
156835  40.449  -58.098  -2.029 0.1000000015
11894  40.994  -58.772  -1.915 0.1000000015
13445  38.814  -56.749  -2.720 0.1000000015
12683  38.356  -57.172  -3.361 0.1000000015
13446  38.198  -56.142  -3.269 0.1000000015
14310  37.392  -55.079  -4.398 0.1000000015
15149  37.277  -54.379  -4.917 0.1000000015
14314  36.802  -55.252  -6.001 0.1000000015
15907  37.580  -53.858  -6.238 0.1000000015
15920  39.886  -53.497  -7.399 0.1000000015
147472  38.475  -54.236  -7.741 0.1000000015
14344  41.211  -54.703  -8.247 0.1000000015
14343  42.119  -55.070  -8.081 0.1000000015
8404  43.564  -62.840  1.078 0.1000000015
9724  45.467  -60.591  1.027 0.1000000015
11123  44.415  -59.415  -0.688 0.1000000015
8415  43.076  -63.738  0.532 0.1000000015
10439  45.723  -60.574  -0.553 0.1000000015
12665  41.377  -58.043  -1.026 0.1000000015
12666  40.594  -57.473  -1.128 0.1000000015
13422  39.961  -56.894  -1.290 0.1000000015
14297  39.055  -55.571  -2.049 0.1000000015
13437  38.767  -56.016  -2.595 0.1000000015
133511  38.230  -54.363  -2.664 0.1000000015
14305  37.822  -55.200  -3.620 0.1000000015
132909  37.558  -52.704  -4.016 0.1000000015
15148  37.543  -54.306  -4.064 0.1000000015
16667  37.888  -52.091  -4.811 0.1000000015
15892  37.690  -53.016  -5.005 0.1000000015
17461  38.532  -51.610  -5.296 0.1000000015
15906  37.977  -53.121  -6.005 0.1000000015
157221  39.498  -52.316  -6.397 0.1000000015
15905  39.510  -52.924  -6.841 0.1000000015
143024  38.572  -53.103  -6.620 0.1000000015
15904  40.790  -53.154  -7.134 0.1000000015
14342  42.959  -55.166  -7.597 0.1000000015
12714  44.715  -56.528  -7.824 0.1000000015
9042  44.395  -61.898  1.413 0.1000000015
9725  44.758  -61.025  1.668 0.1000000015
138895  43.632  -59.072  -0.284 0.1000000015
12652  41.754  -58.169  -0.390 0.1000000015
12653  40.877  -57.497  -0.354 0.1000000015
9043  43.408  -62.184  1.732 0.1000000015
11124  43.349  -58.905  -0.958 0.1000000015
13408  40.213  -56.860  -0.643 0.1000000015
15121  38.981  -54.837  -1.594 0.1000000015
15132  38.688  -54.841  -2.219 0.1000000015
15122  38.528  -54.209  -1.957 0.1000000015
15868  38.095  -53.560  -2.471 0.1000000015
18258  38.326  -50.426  -4.479 0.1000000015
16668  37.705  -51.759  -4.057 0.1000000015
17453  38.136  -51.280  -4.614 0.1000000015
16687  40.336  -52.419  -6.607 0.1000000015
16686  41.369  -52.544  -6.691 0.1000000015
15160  42.514  -54.042  -7.095 0.1000000015
14322  44.286  -55.118  -6.729 0.1000000015
149374  46.905  -56.461  -7.069 0.1000000015
10413  42.953  -60.406  2.946 0.1000000015
9711  43.800  -61.450  2.067 0.1000000015
10423  43.772  -59.907  2.371 0.1000000015
11117  43.197  -59.070  0.712 0.1000000015
12637  40.767  -57.160  1.584 0.1000000015
12645  40.776  -57.261  0.608 0.1000000015
11107  44.150  -59.658  1.425 0.1000000015
145990  42.731  -58.649  -0.331 0.1000000015
14275  39.893  -56.235  -0.204 0.1000000015
14289  39.717  -56.218  -0.889 0.1000000015
15114  39.191  -54.790  -0.803 0.1000000015
15863  38.387  -53.435  -1.661 0.1000000015
17437  37.679  -51.300  -2.470 0.1000000015
17443  37.631  -51.484  -3.306 0.1000000015
19109  43.245  -49.597  -5.181 0.1000000015
19130  42.774  -49.924  -5.435 0.1000000015
19946  42.024  -49.748  -5.294 0.1000000015
19937  40.407  -49.246  -4.998 0.1000000015
19112  39.892  -49.900  -5.247 0.1000000015
18247  37.935  -50.071  -3.756 0.1000000015
17442  37.796  -50.930  -3.936 0.1000000015
18290  43.853  -50.650  -5.970 0.1000000015
144712  43.036  -50.517  -5.781 0.1000000015
19131  41.526  -50.125  -5.535 0.1000000015
134838  38.545  -49.415  -4.361 0.1000000015
19128  44.412  -50.120  -5.684 0.1000000015
17476  44.176  -51.448  -6.258 0.1000000015
144848  42.722  -52.019  -6.307 0.1000000015
137523  41.357  -51.299  -6.051 0.1000000015
158848  39.925  -50.888  -5.573 0.1000000015
17475  45.118  -51.543  -6.336 0.1000000015
144851  45.506  -52.562  -6.461 0.1000000015
16683  44.074  -53.128  -6.447 0.1000000015
15903  41.968  -53.244  -7.010 0.1000000015
15900  44.643  -53.899  -6.427 0.1000000015
15902  42.903  -53.528  -6.755 0.1000000015
15898  47.070  -54.479  -6.375 0.1000000015
136377  44.855  -54.975  -6.557 0.1000000015
14320  46.807  -55.654  -6.679 0.1000000015
11098  41.946  -59.183  3.229 0.1000000015
11097  42.751  -59.578  2.773 0.1000000015
11846  42.246  -58.924  2.325 0.1000000015
11847  41.603  -58.428  2.649 0.1000000015
11853  41.749  -58.377  1.700 0.1000000015
11852  42.457  -58.803  1.466 0.1000000015
12644  41.270  -57.814  1.123 0.1000000015
13397  40.307  -56.456  1.034 0.1000000015
156751  40.004  -56.201  0.393 0.1000000015
14259  39.762  -54.947  1.212 0.1000000015
14266  39.606  -55.168  0.395 0.1000000015
15860  39.011  -53.994  -0.258 0.1000000015
15861  38.616  -53.292  -0.827 0.1000000015
17432  37.876  -51.070  -1.608 0.1000000015
19876  38.715  -48.703  -2.246 0.1000000015
18248  37.694  -50.689  -3.117 0.1000000015
19935  41.797  -49.302  -4.842 0.1000000015
19921  40.738  -48.719  -4.332 0.1000000015
19922  39.988  -48.617  -4.513 0.1000000015
19086  38.140  -49.229  -3.434 0.1000000015
19919  42.406  -49.094  -4.551 0.1000000015
17473  47.133  -51.445  -6.529 0.1000000015
17474  46.104  -51.518  -6.475 0.1000000015
11830  41.641  -58.529  4.192 0.1000000015
12630  41.246  -57.830  3.019 0.1000000015
11838  41.569  -58.487  3.471 0.1000000015
12623  40.862  -57.135  2.591 0.1000000015
14251  40.423  -55.552  2.616 0.1000000015
12636  41.215  -57.793  2.105 0.1000000015
13390  40.513  -56.379  2.096 0.1000000015
14258  40.133  -55.631  1.663 0.1000000015
15098  39.653  -54.115  1.566 0.1000000015
15108  39.409  -54.283  0.627 0.1000000015
15856  38.787  -53.072  -0.024 0.1000000015
17422  38.578  -51.589  -0.059 0.1000000015
16630  38.731  -52.358  0.155 0.1000000015
19058  38.985  -49.289  -0.885 0.1000000015
19036  38.788  -49.953  -0.305 0.1000000015
18235  38.301  -50.720  -0.715 0.1000000015
19907  42.444  -48.716  -3.783 0.1000000015
157349  41.461  -48.436  -2.469 0.1000000015
19894  39.356  -48.313  -2.612 0.1000000015
18245  37.779  -50.490  -2.279 0.1000000015
19917  44.080  -49.022  -4.253 0.1000000015
19911  38.607  -48.662  -3.857 0.1000000015
19932  44.553  -49.340  -4.809 0.1000000015
19108  44.049  -49.648  -5.267 0.1000000015
147116  41.477  -56.984  4.281 0.1000000015
12622  41.172  -57.173  3.585 0.1000000015
13382  40.754  -56.340  3.098 0.1000000015
146106  40.457  -54.767  3.089 0.1000000015
15097  40.018  -54.724  2.195 0.1000000015
15088  39.885  -53.915  2.241 0.1000000015
15836  39.655  -53.335  1.922 0.1000000015
16624  39.445  -52.619  1.534 0.1000000015
16629  39.082  -52.695  0.710 0.1000000015
19005  39.226  -50.054  0.314 0.1000000015
18220  38.831  -50.677  0.155 0.1000000015
19850  39.668  -48.869  -0.824 0.1000000015
19035  39.545  -49.401  -0.103 0.1000000015
19893  40.190  -48.307  -2.254 0.1000000015
19918  43.169  -48.968  -4.363 0.1000000015
19127  45.347  -50.145  -5.755 0.1000000015
13381  41.197  -56.248  4.050 0.1000000015
15068  41.652  -54.361  4.505 0.1000000015
14242  40.785  -55.481  3.520 0.1000000015
15807  41.708  -53.388  4.318 0.1000000015
15078  41.098  -53.829  3.901 0.1000000015
16609  40.408  -52.568  2.940 0.1000000015
15087  40.268  -54.037  2.819 0.1000000015
16610  39.856  -52.566  2.281 0.1000000015
17393  39.663  -51.799  1.882 0.1000000015
142555  39.240  -51.901  1.148 0.1000000015
18219  39.357  -50.558  0.805 0.1000000015
19849  40.297  -48.891  -0.390 0.1000000015
138259  41.034  -48.370  -2.037 0.1000000015
138510  40.944  -48.687  -0.685 0.1000000015
19906  43.489  -48.799  -3.639 0.1000000015
19891  42.550  -48.561  -2.328 0.1000000015
19126  46.338  -50.172  -5.750 0.1000000015
18286  47.732  -50.742  -6.044 0.1000000015
16579  41.740  -52.527  4.006 0.1000000015
15819  41.184  -53.117  3.873 0.1000000015
16594  40.986  -52.552  3.534 0.1000000015
17370  41.453  -51.398  3.191 0.1000000015
17392  40.246  -51.807  2.542 0.1000000015
17391  40.825  -51.213  2.695 0.1000000015
18176  40.158  -50.954  2.031 0.1000000015
18198  39.863  -50.499  1.335 0.1000000015
19034  40.288  -49.286  0.277 0.1000000015
19106  45.582  -49.436  -4.805 0.1000000015
149253  45.104  -49.193  -4.218 0.1000000015
19892  41.870  -48.479  -1.968 0.1000000015
137539  47.069  -49.786  -5.233 0.1000000015
17369  42.188  -51.678  3.674 0.1000000015
144223  42.851  -50.541  2.706 0.1000000015
18154  42.133  -50.931  3.074 0.1000000015
18981  42.903  -49.679  1.471 0.1000000015
18972  42.799  -50.017  2.059 0.1000000015
18155  41.456  -50.849  2.756 0.1000000015
19000  43.570  -49.446  0.394 0.1000000015
132763  41.272  -49.709  1.352 0.1000000015
19002  41.653  -49.361  0.799 0.1000000015
19889  45.267  -49.178  -2.898 0.1000000015
153475  44.544  -49.002  -3.468 0.1000000015
141066  42.923  -48.605  -2.972 0.1000000015
19872  42.712  -48.699  -1.580 0.1000000015
19848  41.654  -48.754  -0.626 0.1000000015
148721  43.786  -48.801  -2.866 0.1000000015
18999  44.379  -49.528  0.231 0.1000000015
18982  42.079  -49.703  1.581 0.1000000015
18196  41.361  -50.045  1.853 0.1000000015
19033  42.987  -49.210  -0.155 0.1000000015
19001  42.678  -49.395  0.768 0.1000000015
19870  44.021  -48.967  -2.128 0.1000000015
19846  43.290  -49.021  -0.961 0.1000000015
19832  42.088  -49.043  0.043 0.1000000015
19871  43.498  -48.901  -1.635 0.1000000015
19847  42.461  -48.869  -0.744 0.1000000015
9195  35.551  -62.730  -11.216 0.1000000015
144922  35.853  -61.086  -10.467 0.1000000015
11232  35.155  -59.382  -10.322 0.1000000015
139489  34.696  -60.252  -10.980 0.1000000015
11248  34.301  -59.529  -11.527 0.1000000015
12039  39.578  -58.173  -14.836 0.1000000015
12016  34.505  -58.587  -11.972 0.1000000015
12029  39.929  -58.045  -14.111 0.1000000015
12789  35.714  -57.408  -13.027 0.1000000015
154649  34.950  -57.899  -11.864 0.1000000015
12800  35.943  -57.521  -13.855 0.1000000015
132319  35.812  -58.304  -15.166 0.1000000015
12030  35.157  -57.954  -13.463 0.1000000015
136059  39.391  -67.033  -6.132 0.1000000015
9863  34.534  -61.269  -11.243 0.1000000015
9862  35.353  -61.872  -11.112 0.1000000015
11261  34.067  -59.202  -12.407 0.1000000015
7285  40.978  -66.802  -5.523 0.1000000015
8512  40.114  -64.677  -7.538 0.1000000015
146147  37.544  -61.776  -8.576 0.1000000015
9179  37.127  -62.340  -10.222 0.1000000015
12786  39.222  -57.030  -12.721 0.1000000015
153742  36.838  -56.677  -12.166 0.1000000015
7848  41.782  -66.098  -5.864 0.1000000015
7840  42.405  -65.689  -5.403 0.1000000015
8487  40.799  -63.839  -5.715 0.1000000015
8501  39.055  -62.864  -7.092 0.1000000015
8521  38.941  -63.858  -8.623 0.1000000015
8500  39.643  -63.096  -6.186 0.1000000015
9148  38.794  -62.226  -6.438 0.1000000015
10496  37.033  -60.041  -6.785 0.1000000015
13542  36.485  -56.697  -10.813 0.1000000015
12774  35.340  -57.592  -11.375 0.1000000015
12761  40.141  -56.900  -11.288 0.1000000015
13540  38.431  -56.289  -10.765 0.1000000015
9796  39.621  -61.807  -4.558 0.1000000015
10487  38.448  -60.987  -5.157 0.1000000015
9820  38.061  -61.421  -6.626 0.1000000015
7824  43.105  -65.729  -4.047 0.1000000015
12727  36.013  -57.282  -8.695 0.1000000015
12715  36.095  -57.515  -7.775 0.1000000015
12746  35.888  -57.312  -9.480 0.1000000015
14388  37.646  -55.778  -9.280 0.1000000015
9108  42.247  -63.231  -3.848 0.1000000015
7244  40.899  -66.530  -1.760 0.1000000015
8462  43.735  -63.788  -3.068 0.1000000015
8469  43.147  -63.594  -3.539 0.1000000015
10479  39.028  -61.037  -4.332 0.1000000015
11171  37.853  -59.504  -4.658 0.1000000015
146387  36.259  -57.235  -6.935 0.1000000015
147186  38.077  -55.381  -8.906 0.1000000015
7785  43.961  -63.998  -1.354 0.1000000015
9765  41.269  -61.341  -2.902 0.1000000015
9764  42.212  -61.685  -2.594 0.1000000015
10468  38.791  -60.280  -3.932 0.1000000015
10455  41.859  -60.844  -2.368 0.1000000015
11904  39.293  -58.434  -2.889 0.1000000015
12692  37.798  -57.719  -4.040 0.1000000015
141921  37.356  -57.118  -4.505 0.1000000015
14347  37.146  -55.262  -7.798 0.1000000015
151775  41.477  -55.285  -8.589 0.1000000015
12744  42.252  -57.092  -9.646 0.1000000015
12758  42.637  -57.672  -10.103 0.1000000015
11134  44.726  -59.862  -1.202 0.1000000015
7774  42.583  -64.527  0.063 0.1000000015
144010  44.812  -63.133  -1.272 0.1000000015
9085  44.899  -62.448  -1.741 0.1000000015
11148  40.528  -59.461  -2.480 0.1000000015
150200  40.189  -57.498  -1.740 0.1000000015
11895  39.755  -57.810  -2.307 0.1000000015
146534  37.586  -55.865  -4.058 0.1000000015
15164  37.223  -54.518  -6.545 0.1000000015
15182  40.747  -53.977  -7.749 0.1000000015
136836  42.511  -56.177  -8.794 0.1000000015
9074  44.958  -62.794  -0.403 0.1000000015
139153  42.731  -58.986  -1.375 0.1000000015
11879  40.920  -58.043  -1.560 0.1000000015
13435  39.663  -56.939  -1.822 0.1000000015
14298  38.417  -55.236  -2.809 0.1000000015
15889  37.425  -53.761  -4.739 0.1000000015
15888  37.510  -53.487  -4.237 0.1000000015
15181  41.811  -54.335  -7.665 0.1000000015
14367  42.721  -55.699  -8.268 0.1000000015
140759  45.111  -59.872  0.896 0.1000000015
10422  44.653  -60.266  1.688 0.1000000015
13402  40.328  -56.760  0.121 0.1000000015
14290  39.350  -55.525  -1.227 0.1000000015
15878  37.737  -53.697  -3.369 0.1000000015
16644  37.677  -52.086  -2.712 0.1000000015
16673  38.238  -52.357  -5.596 0.1000000015
18273  38.788  -50.852  -5.082 0.1000000015
14324  43.181  -54.621  -7.065 0.1000000015
13482  43.479  -55.780  -7.838 0.1000000015
14341  43.663  -55.189  -7.119 0.1000000015
13480  45.201  -56.253  -7.304 0.1000000015
9710  43.937  -60.655  2.278 0.1000000015
157210  41.315  -57.826  0.272 0.1000000015
15115  38.791  -54.107  -1.187 0.1000000015
17436  37.852  -51.936  -1.858 0.1000000015
17478  40.882  -51.857  -6.297 0.1000000015
13466  45.919  -55.932  -6.931 0.1000000015
14323  43.772  -54.653  -6.740 0.1000000015
15158  44.298  -54.511  -6.565 0.1000000015
14321  45.652  -55.227  -6.566 0.1000000015
11861  42.003  -58.443  0.600 0.1000000015
139096  39.346  -54.758  -0.088 0.1000000015
16639  38.260  -52.607  -1.338 0.1000000015
19936  41.036  -49.064  -4.734 0.1000000015
18291  42.527  -50.955  -5.950 0.1000000015
18293  41.022  -50.636  -5.713 0.1000000015
18271  40.259  -50.530  -5.531 0.1000000015
18272  39.549  -50.579  -5.347 0.1000000015
19093  39.094  -48.647  -4.423 0.1000000015
19076  37.851  -49.888  -2.880 0.1000000015
144849  43.643  -52.225  -6.357 0.1000000015
17477  42.152  -51.406  -6.139 0.1000000015
144850  44.533  -52.360  -6.396 0.1000000015
16685  42.359  -52.699  -6.648 0.1000000015
16684  43.238  -52.949  -6.517 0.1000000015
18288  45.715  -50.726  -6.173 0.1000000015
16682  45.364  -53.567  -6.416 0.1000000015
15157  45.239  -54.557  -6.450 0.1000000015
14319  47.907  -55.870  -6.619 0.1000000015
15156  46.323  -54.883  -6.410 0.1000000015
19059  38.416  -49.298  -1.657 0.1000000015
154368  41.044  -48.574  -3.813 0.1000000015
142927  40.973  -48.375  -2.993 0.1000000015
148821  40.067  -48.233  -3.066 0.1000000015
18287  46.708  -50.721  -6.186 0.1000000015
15846  39.388  -53.430  1.134 0.1000000015
17421  39.040  -51.285  0.686 0.1000000015
138322  45.980  -49.748  -5.312 0.1000000015
19833  41.091  -49.014  0.068 0.1000000015
18175  41.010  -50.528  2.272 0.1000000015
14394  52.427  -55.249  -10.091 0.3000000119
15213  52.027  -54.000  -10.390 0.3000000119
16729  52.366  -52.927  -9.797 0.3000000119
143324  52.196  -52.105  -9.889 0.4000000060
16730  51.138  -52.376  -9.943 0.4000000060
12083  49.812  -58.394  -19.626 0.1000000015
12840  50.859  -57.450  -18.261 0.2000000030
13606  50.575  -56.436  -16.394 0.3000000119
16732  48.126  -52.672  -9.689 0.4000000060
14384  52.388  -55.639  -8.888 0.3000000119
13586  49.186  -56.365  -14.563 0.4000000060
13561  48.342  -56.126  -12.523 0.4000000060
12828  50.834  -57.058  -16.698 0.2000000030
145179  49.673  -56.352  -15.974 0.3000000119
13574  48.549  -56.357  -13.594 0.4000000060
14404  48.052  -55.726  -11.641 0.4000000060
15957  48.178  -53.949  -10.362 0.4000000060
150317  48.919  -59.634  -18.975 0.1000000015
13615  51.296  -56.524  -17.833 0.3000000119
15223  47.722  -54.493  -10.664 0.4000000060
139044  49.028  -58.811  -20.293 0.1000000015
17513  48.015  -51.637  -9.495 0.5000000000
12839  51.321  -56.797  -18.709 0.2000000030
13616  51.103  -56.239  -17.056 0.3000000119
13598  49.385  -56.412  -15.325 0.3000000119
14413  47.443  -56.086  -12.123 0.4000000060
18324  47.477  -50.696  -9.556 0.4000000060
19184  49.361  -49.140  -10.259 0.4000000060
159350  48.652  -56.478  -14.930 0.4000000060
13587  48.069  -56.511  -14.477 0.4000000060
14405  46.950  -55.617  -11.629 0.4000000060
15224  46.833  -54.378  -10.720 0.4000000060
15948  47.084  -53.251  -10.189 0.5000000000
12854  49.594  -58.084  -20.770 0.2000000030
141390  50.416  -57.661  -20.205 0.2000000030
12853  50.872  -57.046  -20.815 0.2000000030
13623  51.608  -55.917  -18.406 0.2000000030
12847  51.146  -56.973  -19.714 0.2000000030
13607  49.655  -56.060  -16.406 0.3000000119
13608  48.628  -56.188  -16.188 0.3000000119
11337  48.672  -59.515  -20.088 0.1000000015
13562  47.398  -56.298  -12.866 0.4000000060
13617  50.183  -55.841  -16.866 0.3000000119
13599  48.089  -56.430  -15.371 0.4000000060
14414  46.620  -55.978  -12.304 0.4000000060
17514  47.113  -52.203  -9.700 0.5000000000
144628  46.960  -51.408  -9.598 0.5000000000
19166  47.921  -49.872  -9.690 0.4000000060
13588  46.936  -56.391  -14.701 0.4000000060
14406  46.039  -55.403  -11.820 0.4000000060
15959  46.414  -53.549  -10.443 0.5000000000
16735  46.265  -52.154  -9.918 0.5000000000
136866  46.977  -49.950  -9.717 0.4000000060
145951  50.203  -57.562  -21.227 0.2000000030
13633  51.492  -56.338  -20.324 0.2000000030
13627  51.815  -55.521  -19.939 0.2000000030
14463  51.282  -55.711  -17.780 0.4000000060
14480  51.738  -55.342  -19.056 0.2000000030
14464  50.577  -55.487  -17.463 0.3000000119
14473  50.886  -55.013  -18.119 0.4000000060
14454  48.984  -55.765  -16.843 0.3000000119
15960  45.505  -53.552  -10.780 0.5000000000
18325  46.560  -50.676  -9.618 0.5000000000
19186  47.331  -49.194  -10.043 0.4000000060
19986  48.760  -48.525  -10.688 0.4000000060
14474  49.852  -54.950  -18.108 0.4000000060
13600  46.987  -56.277  -15.481 0.4000000060
14424  46.418  -56.141  -13.122 0.4000000060
16747  45.734  -52.770  -10.335 0.5000000000
145395  51.239  -56.506  -21.344 0.2000000030
12858  49.485  -57.862  -22.196 0.2000000030
13632  51.690  -55.716  -21.114 0.2000000030
19987  47.723  -48.490  -10.552 0.4000000060
14482  51.878  -55.034  -20.532 0.2000000030
14455  47.836  -55.819  -16.830 0.3000000119
13589  46.037  -56.025  -14.629 0.4000000060
14415  45.766  -55.642  -12.589 0.4000000060
139798  48.785  -58.410  -21.294 0.2000000030
13640  51.305  -56.223  -22.317 0.2000000030
15301  51.340  -54.245  -19.483 0.3000000119
15295  50.257  -54.418  -18.741 0.4000000060
14466  48.252  -55.410  -17.527 0.3000000119
15235  44.885  -54.401  -11.715 0.5000000000
17533  45.508  -51.930  -10.122 0.5000000000
21767  51.321  -47.098  -12.388 0.4000000060
131724  48.468  -58.311  -22.636 0.2000000030
12857  50.570  -57.122  -22.212 0.2000000030
14447  46.460  -55.936  -15.963 0.4000000060
14425  45.559  -55.728  -13.426 0.4000000060
18326  45.730  -50.575  -9.743 0.5000000000
24618  52.182  -43.787  -13.087 0.4000000060
132225  47.706  -58.442  -22.304 0.2000000030
154597  50.678  -56.741  -23.722 0.2000000030
13639  51.647  -55.436  -22.111 0.2000000030
15317  51.702  -54.337  -21.549 0.2000000030
14475  48.703  -54.948  -18.198 0.4000000060
15982  44.153  -54.019  -12.025 0.5000000000
16748  44.929  -52.340  -10.536 0.5000000000
10674  46.679  -59.982  -20.928 0.2000000030
14456  46.785  -55.701  -16.717 0.3000000119
15246  44.528  -54.703  -12.458 0.5000000000
15961  45.032  -53.009  -10.763 0.5000000000
11348  46.751  -59.315  -21.374 0.2000000030
141090  52.916  -45.952  -12.591 0.4000000060
23682  52.795  -44.735  -12.747 0.2000000030
20800  48.177  -47.831  -11.200 0.4000000060
131726  49.829  -57.697  -23.606 0.2000000030
16028  50.928  -53.654  -20.070 0.4000000060
19167  46.417  -49.343  -9.962 0.4000000060
132027  48.446  -58.284  -24.068 0.2000000030
14517  51.371  -55.647  -23.147 0.2000000030
14516  51.619  -54.734  -22.474 0.2000000030
131733  49.646  -57.497  -24.729 0.2000000030
21768  50.014  -47.023  -12.727 0.4000000060
159022  48.128  -47.292  -11.788 0.4000000060
20827  47.431  -47.311  -11.523 0.4000000060
14436  45.509  -55.739  -15.006 0.3000000119
16755  44.346  -52.771  -10.994 0.5000000000
17516  45.233  -51.208  -9.965 0.5000000000
19988  46.669  -48.553  -10.420 0.4000000060
15302  50.610  -53.958  -19.400 0.4000000060
14467  47.167  -55.320  -17.478 0.4000000060
14458  45.141  -55.269  -16.147 0.3000000119
14426  44.740  -55.300  -13.805 0.4000000060
15296  49.161  -54.347  -18.796 0.4000000060
15970  43.849  -53.251  -11.614 0.5000000000
132237  50.174  -56.604  -24.761 0.2000000030
21745  48.507  -47.027  -12.294 0.4000000060
19168  45.505  -49.667  -9.900 0.5000000000
18339  44.078  -50.367  -10.297 0.5000000000
157173  44.372  -55.093  -14.314 0.4000000060
15247  43.746  -54.360  -12.926 0.5000000000
16749  44.107  -51.897  -10.668 0.5000000000
15983  43.405  -53.618  -12.361 0.5000000000
15257  43.944  -54.782  -13.907 0.5000000000
15944  51.632  -53.304  -10.172 0.4000000060
157941  48.485  -54.483  -10.697 0.4000000060
21744  49.423  -47.235  -12.328 0.4000000060
16756  43.528  -52.470  -11.271 0.5000000000
12770  52.124  -56.412  -11.537 0.3000000119
14400  52.260  -55.573  -11.423 0.3000000119
14395  52.134  -54.860  -11.066 0.2000000030
15220  51.274  -54.249  -10.808 0.2000000030
11994  50.928  -58.355  -11.774 0.2000000030
12783  52.055  -56.673  -12.444 0.3000000119
13558  51.864  -56.030  -13.157 0.3000000119
13559  51.063  -55.534  -12.911 0.3000000119
12025  51.291  -58.078  -13.537 0.2000000030
12794  51.476  -57.520  -14.066 0.2000000030
13571  51.429  -56.634  -13.910 0.2000000030
12833  50.918  -57.201  -17.428 0.2000000030
9962  45.026  -61.569  -20.844 0.1000000015
9273  43.639  -62.502  -21.000 0.1000000015
15342  45.906  -54.462  -22.168 0.1000000015
13522  51.449  -57.166  -8.495 0.1000000015
13521  52.154  -56.293  -9.483 0.2000000030
145186  52.393  -55.629  -10.577 0.2000000030
12756  51.725  -57.032  -10.658 0.2000000030
13537  52.131  -56.349  -10.578 0.2000000030
11959  49.719  -59.235  -8.630 0.1000000015
11976  50.721  -58.479  -10.590 0.1000000015
11977  50.034  -59.302  -9.888 0.1000000015
11227  49.473  -59.916  -10.484 0.1000000015
11347  47.534  -59.473  -20.962 0.1000000015
133396  45.749  -60.653  -20.864 0.1000000015
132090  48.158  -56.975  -25.331 0.1000000015
131732  48.569  -55.201  -24.333 0.1000000015
15339  49.336  -54.215  -23.749 0.1000000015
16066  48.670  -53.429  -22.675 0.1000000015
131727  47.397  -57.520  -24.429 0.1000000015
132268  47.586  -55.435  -23.954 0.1000000015
15340  48.071  -54.336  -23.386 0.1000000015
16036  48.554  -52.520  -20.994 0.1000000015
15341  46.909  -54.658  -22.896 0.1000000015
16051  47.155  -52.829  -21.723 0.1000000015
137468  46.877  -51.922  -20.039 0.1000000015
16836  46.824  -52.266  -21.084 0.1000000015
16814  46.374  -51.433  -19.696 0.1000000015
12757  51.165  -57.779  -10.068 0.2000000030
141527  50.493  -58.574  -9.315 0.1000000015
16034  50.559  -53.149  -20.775 0.1000000015
15284  45.347  -54.909  -16.971 0.3000000119
132070  48.518  -58.089  -25.233 0.1000000015
133998  49.242  -56.927  -25.230 0.1000000015
15351  50.829  -54.825  -24.121 0.1000000015
16048  50.232  -52.992  -21.696 0.1000000015
16030  48.741  -52.816  -20.095 0.2000000030
15290  45.675  -54.359  -17.813 0.3000000119
15280  43.732  -54.459  -15.712 0.3000000119
15999  42.709  -53.857  -14.492 0.3000000119
10675  44.472  -60.741  -21.035 0.1000000015
132286  47.077  -57.936  -23.251 0.1000000015
16065  49.831  -53.342  -22.733 0.1000000015
16023  47.618  -53.362  -19.199 0.2000000030
15286  44.022  -54.163  -16.786 0.3000000119
132069  46.316  -57.808  -22.468 0.1000000015
155164  47.939  -52.415  -20.536 0.1000000015
16026  45.698  -52.064  -18.496 0.2000000030
154003  43.689  -53.365  -17.158 0.3000000119
16808  46.384  -51.989  -19.012 0.1000000015
151483  44.629  -51.497  -17.826 0.2000000030
16799  43.153  -52.894  -16.962 0.4000000060
16837  45.977  -52.099  -21.130 0.1000000015
16809  45.277  -51.112  -18.324 0.1000000015
135119  44.106  -51.302  -17.565 0.3000000119
147380  48.569  -52.083  -6.669 0.1000000015
149801  49.823  -53.858  -6.659 0.1000000015
17535  43.642  -51.046  -10.630 0.4000000060
16767  43.059  -52.922  -11.927 0.4000000060
15269  43.418  -54.380  -14.672 0.3000000119
15258  43.199  -54.165  -13.756 0.4000000060
15984  42.635  -53.237  -12.729 0.4000000060
16000  42.084  -53.330  -14.379 0.4000000060
16777  41.366  -52.422  -13.220 0.4000000060
16010  42.329  -53.433  -15.214 0.4000000060
16794  41.409  -52.461  -15.616 0.5000000000
16806  43.266  -51.738  -17.262 0.3000000119
16801  41.828  -51.997  -16.459 0.5000000000
16822  45.671  -51.293  -20.438 0.2000000030
17604  45.718  -50.717  -19.497 0.1000000015
141657  42.540  -51.648  -16.945 0.4000000060
16053  44.332  -53.166  -21.603 0.1000000015
16823  44.367  -51.395  -20.837 0.1000000015
17605  45.180  -50.101  -19.161 0.2000000030
17602  44.956  -50.218  -18.548 0.2000000030
147604  43.896  -54.848  -21.414 0.1000000015
15322  43.691  -54.081  -21.418 0.1000000015
144266  45.054  -50.488  -19.929 0.2000000030
14496  42.407  -55.655  -20.716 0.1000000015
144238  43.090  -54.852  -21.039 0.1000000015
19187  45.003  -48.929  -10.211 0.4000000060
155799  46.043  -48.344  -10.482 0.3000000119
19188  43.743  -49.595  -10.368 0.4000000060
17549  42.315  -51.397  -11.429 0.4000000060
17548  43.181  -51.666  -11.065 0.4000000060
16769  41.703  -52.189  -12.488 0.4000000060
157440  42.284  -50.798  -11.187 0.4000000060
16001  41.558  -52.936  -14.366 0.4000000060
16784  40.659  -52.083  -14.520 0.4000000060
17562  41.008  -51.790  -12.760 0.4000000060
16795  40.846  -52.044  -15.377 0.5000000000
17594  40.797  -51.355  -15.940 0.4000000060
18409  44.380  -49.774  -18.047 0.3000000119
17600  43.791  -50.469  -17.478 0.4000000060
17596  42.256  -50.988  -16.893 0.4000000060
137418  42.373  -53.196  -21.121 0.2000000030
16839  43.274  -52.296  -21.227 0.2000000030
17606  44.535  -49.850  -19.397 0.2000000030
15324  41.896  -54.022  -20.895 0.1000000015
15323  42.764  -54.047  -21.097 0.2000000030
131721  39.608  -59.641  -24.885 0.1000000015
19990  44.483  -48.354  -10.491 0.4000000060
19989  45.428  -48.174  -10.556 0.4000000060
19189  42.857  -49.482  -10.560 0.4000000060
19205  41.492  -49.857  -11.203 0.4000000060
19190  42.007  -49.357  -10.875 0.4000000060
18368  40.385  -50.481  -12.344 0.4000000060
18377  39.789  -50.645  -13.871 0.4000000060
146984  40.326  -51.175  -13.133 0.4000000060
18384  39.908  -50.778  -14.841 0.3000000119
136702  40.911  -49.849  -16.544 0.4000000060
18404  40.359  -50.599  -15.808 0.4000000060
19280  43.287  -48.943  -18.491 0.3000000119
19269  43.379  -49.018  -17.996 0.3000000119
18402  42.948  -50.105  -17.220 0.4000000060
15325  40.985  -54.488  -20.689 0.2000000030
16037  41.673  -52.710  -20.904 0.2000000030
16824  43.106  -51.337  -20.795 0.2000000030
17610  44.071  -50.464  -20.191 0.2000000030
14498  40.365  -55.470  -20.795 0.2000000030
131714  42.196  -59.995  -26.708 0.1000000015
131718  40.694  -59.727  -26.047 0.1000000015
12135  39.777  -58.926  -25.244 0.1000000015
20829  45.595  -47.389  -11.070 0.4000000060
20828  46.549  -47.333  -11.295 0.3000000119
20805  42.965  -47.907  -10.816 0.4000000060
20832  42.487  -47.283  -11.194 0.4000000060
19992  42.499  -48.675  -10.744 0.4000000060
19206  40.858  -49.437  -11.468 0.4000000060
19993  41.677  -48.656  -11.053 0.4000000060
18369  39.832  -49.751  -12.645 0.4000000060
19221  40.328  -49.670  -11.959 0.4000000060
18385  39.582  -50.036  -14.555 0.4000000060
18378  39.484  -49.748  -13.575 0.3000000119
19282  41.756  -48.633  -18.269 0.3000000119
19271  42.070  -48.771  -17.769 0.3000000119
19261  40.631  -48.932  -16.699 0.3000000119
19254  39.673  -49.460  -15.264 0.3000000119
139934  39.466  -53.166  -21.499 0.2000000030
16826  40.549  -52.213  -20.785 0.2000000030
18443  41.751  -50.418  -20.034 0.3000000119
18429  42.252  -49.504  -19.490 0.2000000030
19270  42.870  -48.825  -18.018 0.3000000119
18410  42.702  -49.253  -17.575 0.3000000119
16056  40.370  -53.715  -20.786 0.2000000030
17611  42.335  -50.924  -20.413 0.2000000030
15326  39.971  -54.519  -20.870 0.2000000030
21769  48.961  -46.724  -12.815 0.3000000119
22738  49.932  -46.481  -13.876 0.3000000119
21770  48.122  -46.446  -12.613 0.3000000119
149320  47.295  -46.263  -12.335 0.4000000060
154551  47.733  -46.828  -12.058 0.3000000119
21773  44.709  -45.701  -11.834 0.3000000119
21772  45.435  -46.072  -11.839 0.4000000060
144062  42.108  -46.735  -11.413 0.4000000060
22708  43.117  -45.839  -11.625 0.4000000060
20831  43.382  -47.172  -11.115 0.4000000060
21751  41.548  -46.528  -11.591 0.4000000060
20833  41.565  -47.293  -11.381 0.4000000060
152580  39.922  -47.026  -12.474 0.3000000119
20834  39.973  -47.662  -12.187 0.4000000060
20808  40.671  -47.691  -11.604 0.4000000060
20883  39.774  -47.649  -16.840 0.3000000119
20068  39.698  -47.845  -16.106 0.2000000030
20873  39.410  -47.779  -15.319 0.2000000030
20854  39.335  -46.912  -13.659 0.2000000030
158783  39.323  -48.923  -13.703 0.3000000119
20024  39.685  -48.321  -12.556 0.3000000119
19283  40.984  -48.571  -18.489 0.3000000119
20075  40.491  -48.272  -17.267 0.3000000119
20059  39.730  -48.282  -15.811 0.2000000030
144687  39.513  -48.661  -15.192 0.2000000030
20043  39.304  -48.274  -14.302 0.2000000030
16847  39.114  -52.903  -22.106 0.2000000030
17614  39.869  -51.139  -20.625 0.3000000119
18444  40.682  -50.662  -20.171 0.3000000119
18430  41.367  -49.837  -19.699 0.3000000119
22737  51.366  -46.833  -13.477 0.3000000119
22721  50.691  -47.019  -13.115 0.3000000119
150085  41.787  -45.289  -11.904 0.3000000119
144278  39.145  -44.684  -14.143 0.2000000030
23689  39.566  -44.171  -13.618 0.2000000030
22730  40.411  -45.303  -12.417 0.2000000030
22729  41.185  -44.897  -12.195 0.2000000030
137084  38.777  -44.770  -15.574 0.2000000030
21788  39.114  -46.438  -14.395 0.2000000030
149000  39.325  -46.021  -13.599 0.2000000030
22731  39.714  -45.659  -12.875 0.2000000030
138244  41.292  -56.139  -20.674 0.1000000015
14497  41.394  -55.310  -20.698 0.1000000015
17626  39.386  -51.489  -21.137 0.3000000119
15327  39.532  -54.423  -21.436 0.2000000030
15214  50.832  -53.659  -10.395 0.3000000119
14396  51.178  -54.730  -11.426 0.3000000119
14401  51.961  -55.071  -11.961 0.3000000119
145280  49.536  -52.394  -6.594 0.1000000015
13499  51.813  -56.484  -8.129 0.2000000030
15219  52.199  -54.550  -10.498 0.2000000030
16047  51.049  -53.398  -21.475 0.1000000015
14476  47.609  -54.814  -18.176 0.3000000119
15319  50.821  -53.514  -22.521 0.1000000015
20802  46.236  -47.917  -10.768 0.3000000119
15303  49.580  -53.710  -19.422 0.3000000119
15279  44.479  -55.026  -15.665 0.2000000030
15304  48.524  -53.533  -19.332 0.2000000030
132196  49.999  -55.755  -24.783 0.1000000015
12771  51.544  -57.496  -11.375 0.2000000030
13549  52.112  -55.770  -12.286 0.3000000119
146728  51.582  -57.604  -12.372 0.1000000015
12784  51.768  -57.205  -13.279 0.2000000030
16067  47.543  -53.542  -22.474 0.1000000015
12740  51.635  -57.127  -9.674 0.2000000030
149502  47.360  -56.536  -24.530 0.1000000015
15352  50.088  -54.744  -24.289 0.1000000015
16049  49.178  -52.883  -21.765 0.1000000015
16835  47.646  -52.410  -21.095 0.1000000015
16813  46.894  -52.124  -19.570 0.1000000015
16035  49.584  -52.784  -20.865 0.2000000030
15285  44.628  -54.749  -16.542 0.3000000119
16031  47.367  -52.665  -19.497 0.2000000030
16025  46.209  -53.684  -18.468 0.3000000119
16009  42.999  -53.908  -15.422 0.4000000060
159410  42.236  -53.148  -13.215 0.4000000060
154439  46.094  -52.774  -18.629 0.3000000119
16019  44.392  -53.321  -17.604 0.3000000119
16805  43.979  -52.360  -17.559 0.3000000119
18340  43.233  -50.280  -10.585 0.4000000060
17550  41.484  -51.464  -12.005 0.4000000060
148868  44.055  -52.418  -21.375 0.2000000030
19991  43.517  -48.677  -10.492 0.4000000060
18356  41.670  -50.686  -11.439 0.4000000060
16825  41.986  -51.854  -20.756 0.2000000030
20804  43.915  -47.778  -10.766 0.4000000060
19286  42.649  -48.912  -18.941 0.3000000119
18442  42.764  -49.994  -19.922 0.2000000030
156407  41.221  -52.271  -20.756 0.2000000030
148210  45.161  -46.802  -11.395 0.4000000060
21747  46.012  -46.749  -11.587 0.4000000060
20830  44.363  -47.040  -11.145 0.4000000060
20074  41.220  -48.540  -17.828 0.3000000119
16827  39.908  -51.961  -20.938 0.2000000030
17613  40.414  -51.516  -20.612 0.2000000030
22724  47.707  -45.807  -12.865 0.4000000060
21752  40.875  -46.785  -11.750 0.4000000060
135143  39.617  -46.561  -12.928 0.2000000030
148937  39.222  -46.818  -16.886 0.2000000030
21826  39.023  -46.621  -16.120 0.2000000030
21804  39.076  -46.809  -15.311 0.2000000030
20860  39.226  -47.320  -14.454 0.2000000030
22725  46.827  -45.660  -12.605 0.3000000119
22723  48.548  -46.108  -13.178 0.2000000030
22740  48.133  -45.287  -13.452 0.3000000119
22722  49.429  -46.573  -13.342 0.2000000030
157325  51.335  -57.807  -14.503 0.1000000015
11282  50.352  -58.924  -14.499 0.1000000015
149360  51.068  -58.121  -14.958 0.1000000015
13500  51.106  -57.086  -7.403 0.1000000015
12807  51.179  -57.037  -15.440 0.1000000015
12063  50.479  -57.972  -16.483 0.1000000015
12822  50.978  -57.064  -16.078 0.1000000015
24617  52.904  -44.268  -13.260 0.1000000015
24638  53.691  -44.107  -13.998 0.1000000015
23702  53.452  -44.704  -13.504 0.1000000015
22736  53.154  -45.617  -13.084 0.1000000015
23701  54.092  -44.936  -13.766 0.1000000015
138587  52.315  -46.710  -13.431 0.1000000015
22755  53.539  -46.000  -13.432 0.1000000015
22756  52.315  -46.780  -14.011 0.1000000015
22739  49.016  -45.845  -13.754 0.1000000015
22757  51.113  -46.575  -14.442 0.1000000015
158350  52.064  -46.871  -14.833 0.2000000030
22726  45.153  -45.300  -12.163 0.2000000030
22775  50.659  -45.828  -15.215 0.2000000030
23685  48.803  -45.073  -13.909 0.2000000030
157064  47.444  -44.676  -13.505 0.2000000030
145442  45.971  -45.504  -12.345 0.2000000030
22796  51.674  -45.954  -16.171 0.2000000030
23703  49.662  -44.858  -14.877 0.2000000030
23686  46.710  -44.510  -13.301 0.2000000030
22727  44.343  -45.130  -12.060 0.2000000030
22728  43.465  -45.130  -11.991 0.2000000030
151109  42.561  -45.214  -11.910 0.2000000030
24611  42.284  -43.748  -12.599 0.1000000015
21803  53.112  -47.123  -15.692 0.2000000030
23687  45.926  -44.328  -13.041 0.2000000030
24608  45.266  -44.239  -12.794 0.2000000030
23672  43.879  -44.359  -12.390 0.1000000015
24623  44.471  -43.203  -13.284 0.1000000015
146027  43.168  -43.871  -12.612 0.1000000015
24640  52.295  -43.413  -13.771 0.1000000015
24639  53.040  -43.798  -13.926 0.1000000015
25524  53.539  -43.277  -14.476 0.1000000015
23700  54.911  -45.122  -14.083 0.1000000015
23684  49.550  -45.515  -14.284 0.2000000030
23705  48.045  -44.398  -13.986 0.2000000030
18463  39.215  -50.726  -20.940 0.2000000030
19288  40.472  -48.945  -19.165 0.2000000030
18445  39.783  -50.264  -20.233 0.2000000030
158162  39.117  -51.096  -21.418 0.2000000030
18464  38.864  -50.119  -21.220 0.2000000030
20087  40.142  -48.394  -18.782 0.2000000030
19293  39.071  -49.473  -20.255 0.2000000030
150389  39.742  -48.779  -19.323 0.2000000030
132684  38.892  -50.045  -22.723 0.2000000030
20897  39.936  -47.753  -17.672 0.2000000030
20092  39.140  -48.872  -19.768 0.1000000015
20093  38.698  -48.856  -20.481 0.2000000030
20902  39.261  -47.551  -18.784 0.2000000030
20898  39.432  -47.346  -18.134 0.2000000030
135807  38.465  -48.088  -20.808 0.1000000015
20905  38.546  -47.395  -20.244 0.1000000015
21845  38.957  -46.844  -18.726 0.1000000015
21868  38.509  -46.891  -21.989 0.1000000015
148896  39.038  -47.933  -23.352 0.1000000015
22772  53.904  -47.167  -14.956 0.1000000015
146948  38.867  -46.028  -17.397 0.1000000015
137802  38.763  -46.086  -19.034 0.1000000015
144285  39.159  -46.723  -17.795 0.1000000015
20911  38.423  -47.234  -21.124 0.1000000015
21854  38.503  -46.718  -20.577 0.1000000015
21867  38.789  -46.497  -22.646 0.1000000015
22831  38.707  -45.602  -21.325 0.1000000015
22862  39.479  -45.664  -23.694 0.1000000015
21825  54.062  -47.252  -15.840 0.1000000015
21799  57.190  -46.639  -15.998 0.1000000015
21801  55.567  -47.252  -15.546 0.1000000015
142379  38.901  -44.709  -14.859 0.1000000015
145984  38.810  -46.028  -16.540 0.1000000015
146906  38.871  -46.067  -18.259 0.1000000015
22813  38.882  -45.243  -17.948 0.1000000015
21853  38.580  -45.996  -20.543 0.1000000015
22844  39.024  -45.695  -22.826 0.1000000015
151333  38.938  -45.287  -22.077 0.1000000015
21823  55.878  -47.477  -16.465 0.1000000015
23717  50.239  -45.082  -15.357 0.1000000015
24677  39.137  -43.512  -16.425 0.1000000015
23719  38.954  -43.960  -15.432 0.1000000015
24684  39.745  -42.945  -17.973 0.1000000015
24685  39.290  -43.573  -17.415 0.1000000015
22803  38.762  -45.100  -16.997 0.1000000015
146279  38.816  -44.468  -16.254 0.1000000015
24694  39.437  -43.732  -18.259 0.1000000015
23742  39.044  -44.381  -17.701 0.1000000015
24702  40.038  -43.439  -19.587 0.1000000015
24703  39.537  -43.894  -19.086 0.1000000015
144178  38.802  -45.502  -19.765 0.1000000015
23750  39.163  -44.523  -18.535 0.1000000015
24724  40.438  -43.465  -20.783 0.1000000015
144258  40.069  -43.629  -20.244 0.1000000015
23769  39.166  -44.679  -20.307 0.1000000015
23768  39.708  -44.029  -20.834 0.1000000015
21838  54.394  -47.151  -16.713 0.1000000015
22795  52.559  -46.412  -16.359 0.1000000015
23706  39.164  -43.996  -14.472 0.1000000015
25610  41.483  -42.693  -19.840 0.1000000015
25611  40.603  -42.830  -19.329 0.1000000015
24701  40.667  -43.229  -20.093 0.1000000015
25515  40.197  -42.701  -13.974 0.1000000015
20102  38.528  -48.807  -21.343 0.1000000015
20921  38.464  -47.926  -21.869 0.1000000015
22828  38.831  -45.287  -20.646 0.1000000015
23781  39.597  -44.096  -21.792 0.1000000015
24660  39.267  -43.169  -15.624 0.1000000015
148783  45.237  -56.758  -27.370 0.1000000015
14585  44.938  -55.414  -27.888 0.1000000015
12934  45.929  -56.608  -27.964 0.1000000015
12935  45.849  -57.266  -27.446 0.1000000015
12174  47.534  -57.631  -28.135 0.1000000015
10751  48.197  -59.442  -28.219 0.1000000015
10762  45.158  -60.446  -30.876 0.1000000015
145847  44.572  -56.433  -26.874 0.1000000015
13732  44.352  -55.518  -27.052 0.1000000015
12948  46.681  -57.240  -28.068 0.1000000015
11429  48.280  -57.908  -26.622 0.1000000015
14571  44.407  -54.899  -27.654 0.1000000015
15380  43.837  -54.667  -27.218 0.1000000015
14560  43.071  -55.625  -25.919 0.1000000015
134562  43.869  -56.954  -26.472 0.1000000015
12936  45.695  -57.867  -26.937 0.1000000015
14584  45.635  -55.279  -28.694 0.1000000015
14547  42.401  -55.295  -25.661 0.1000000015
13701  42.399  -56.092  -25.529 0.1000000015
15388  44.770  -54.711  -28.328 0.1000000015
15389  44.103  -54.267  -27.931 0.1000000015
16907  43.543  -52.694  -28.364 0.1000000015
16138  44.977  -53.635  -29.380 0.1000000015
16131  44.477  -53.955  -28.653 0.1000000015
16915  44.692  -52.728  -29.544 0.1000000015
13716  43.829  -56.003  -26.322 0.1000000015
10752  43.945  -60.790  -29.985 0.1000000015
6734  39.915  -66.302  -0.931 0.1000000015
6780  41.066  -67.095  -7.826 0.1000000015
6781  40.864  -67.602  -7.247 0.1000000015
7238  41.347  -66.192  -0.698 0.1000000015
7310  40.679  -66.535  -8.282 0.1000000015
7794  43.888  -64.174  -2.162 0.1000000015
7857  40.881  -65.525  -7.242 0.1000000015
7868  40.306  -65.373  -7.915 0.1000000015
8429  44.341  -63.448  -0.670 0.1000000015
8448  44.387  -63.461  -2.014 0.1000000015
8513  39.070  -63.354  -7.820 0.1000000015
8543  37.326  -63.106  -10.451 0.1000000015
9059  45.612  -61.981  -0.113 0.1000000015
9098  42.638  -62.639  -3.076 0.1000000015
9158  38.151  -62.282  -8.117 0.1000000015
9167  38.526  -62.989  -8.443 0.1000000015
9189  36.094  -62.247  -11.019 0.1000000015
9752  44.807  -61.373  -1.652 0.1000000015
9777  40.757  -61.845  -3.606 0.1000000015
9797  39.105  -61.703  -5.120 0.1000000015
9811  38.067  -60.964  -5.844 0.1000000015
9844  37.374  -62.059  -9.477 0.1000000015
9845  36.870  -61.698  -9.913 0.1000000015
9853  36.445  -61.825  -10.510 0.1000000015
9963  43.889  -61.570  -21.094 0.1000000015
10431  45.644  -60.208  0.173 0.1000000015
10432  45.106  -59.700  -0.003 0.1000000015
10440  45.293  -59.960  -0.651 0.1000000015
10447  45.255  -60.514  -1.232 0.1000000015
10507  36.804  -60.207  -7.602 0.1000000015
10528  35.527  -59.765  -9.880 0.1000000015
10538  44.233  -60.172  -11.154 0.1000000015
11108  43.146  -59.313  1.933 0.1000000015
11116  44.334  -59.434  0.329 0.1000000015
11125  41.754  -58.559  -1.442 0.1000000015
11147  41.295  -59.534  -2.127 0.1000000015
11162  38.980  -59.785  -3.545 0.1000000015
11188  36.811  -59.392  -6.516 0.1000000015
11246  43.111  -59.104  -11.539 0.1000000015
11247  34.742  -59.370  -10.854 0.1000000015
11260  42.341  -58.926  -12.572 0.1000000015
11277  34.021  -59.157  -13.925 0.1000000015
11286  41.602  -58.962  -14.171 0.1000000015
11302  36.253  -58.679  -15.890 0.1000000015
11866  42.329  -58.502  -1.005 0.1000000015
11905  38.782  -59.027  -3.460 0.1000000015
11913  37.487  -58.701  -4.768 0.1000000015
11931  36.480  -58.662  -6.657 0.1000000015
11963  35.699  -58.165  -9.169 0.1000000015
11999  34.811  -58.433  -11.193 0.1000000015
12015  34.984  -57.877  -12.592 0.1000000015
12036  50.962  -58.428  -14.111 0.1000000015
12042  35.432  -58.084  -14.341 0.1000000015
12051  50.752  -58.058  -15.769 0.1000000015
12084  49.046  -59.232  -19.538 0.1000000015
12098  47.248  -58.795  -21.672 0.2000000030
12123  39.302  -59.092  -24.475 0.2000000030
12175  46.862  -57.610  -27.065 0.1000000015
12706  36.215  -57.967  -7.057 0.1000000015
12709  49.681  -57.692  -6.889 0.1000000015
12722  50.004  -58.111  -7.310 0.1000000015
12773  36.130  -56.900  -11.643 0.1000000015
12788  37.165  -56.809  -12.844 0.1000000015
12795  40.037  -57.494  -12.868 0.1000000015
12799  36.557  -57.142  -13.370 0.1000000015
12806  51.300  -57.042  -14.677 0.2000000030
12848  50.678  -57.626  -19.187 0.2000000030
12861  39.647  -56.835  -21.407 0.3000000119
12866  39.733  -58.381  -21.799 0.2000000030
12902  40.464  -57.500  -25.274 0.1000000015
13423  39.480  -56.266  -1.566 0.1000000015
13436  39.218  -56.435  -2.168 0.1000000015
13465  47.612  -56.303  -6.800 0.1000000015
13467  45.006  -55.536  -6.811 0.1000000015
13481  44.312  -55.855  -7.334 0.1000000015
13483  36.329  -56.616  -7.645 0.1000000015
13502  43.165  -56.315  -8.546 0.1000000015
13503  42.007  -55.731  -8.693 0.1000000015
13523  42.745  -56.708  -9.146 0.1000000015
13552  38.725  -56.473  -11.413 0.1000000015
13553  37.959  -56.368  -11.452 0.1000000015
13575  47.224  -56.437  -13.765 0.4000000060
13576  46.230  -56.121  -13.971 0.4000000060
13601  46.230  -56.054  -15.245 0.4000000060
13609  47.425  -56.136  -16.107 0.3000000119
13628  51.678  -56.141  -19.272 0.2000000030
13642  41.175  -57.113  -20.717 0.2000000030
13672  50.909  -55.768  -24.216 0.2000000030
13673  39.338  -56.128  -23.330 0.2000000030
13674  39.120  -56.811  -22.818 0.3000000119
13687  40.118  -56.753  -24.794 0.1000000015
13717  43.188  -56.336  -25.965 0.1000000015
13731  45.093  -56.115  -27.492 0.1000000015
13744  45.545  -55.907  -28.139 0.1000000015
14265  39.885  -55.711  0.821 0.1000000015
14276  39.541  -55.501  -0.381 0.1000000015
14311  37.060  -55.097  -5.140 0.1000000015
14340  50.330  -56.154  -6.244 0.1000000015
14387  38.525  -55.672  -9.441 0.1000000015
14402  51.101  -55.135  -12.157 0.3000000119
14412  51.778  -55.410  -12.594 0.3000000119
14416  44.978  -55.281  -12.901 0.5000000000
14437  44.782  -55.355  -14.757 0.4000000060
14448  45.687  -55.673  -15.712 0.4000000060
14449  45.085  -55.445  -15.457 0.3000000119
14457  45.893  -55.478  -16.478 0.3000000119
14465  49.425  -55.394  -17.468 0.3000000119
14468  46.188  -55.130  -17.299 0.3000000119
14472  51.461  -55.204  -18.453 0.4000000060
14479  51.739  -54.732  -19.782 0.3000000119
14493  51.818  -54.922  -21.401 0.2000000030
14499  39.595  -55.165  -21.343 0.2000000030
14526  39.337  -55.504  -22.791 0.2000000030
14537  40.237  -55.267  -24.391 0.2000000030
15077  40.944  -54.644  3.816 0.1000000015
15142  37.935  -54.564  -3.283 0.1000000015
15152  37.170  -54.441  -5.721 0.1000000015
15159  43.366  -54.201  -6.768 0.1000000015
15161  41.601  -53.718  -7.357 0.1000000015
15162  38.809  -53.559  -7.209 0.1000000015
15180  42.543  -54.633  -7.472 0.1000000015
15184  37.546  -54.621  -7.409 0.1000000015
15225  45.970  -54.239  -10.883 0.5000000000
15231  48.286  -55.035  -11.069 0.4000000060
15232  47.353  -55.106  -11.071 0.4000000060
15233  46.416  -54.948  -11.197 0.4000000060
15234  45.609  -54.713  -11.453 0.4000000060
15245  45.249  -55.069  -12.119 0.4000000060
15268  44.104  -54.867  -14.827 0.3000000119
15289  46.600  -54.600  -18.052 0.3000000119
15291  44.829  -54.189  -17.395 0.3000000119
15294  51.142  -54.551  -18.781 0.4000000060
15297  48.088  -54.219  -18.783 0.2000000030
15298  47.098  -53.983  -18.701 0.3000000119
15306  51.755  -54.451  -20.720 0.2000000030
15307  51.504  -54.026  -20.245 0.4000000060
15318  51.447  -53.940  -22.081 0.1000000015
15337  51.233  -54.243  -23.152 0.1000000015
15338  50.470  -53.997  -23.577 0.1000000015
15343  39.318  -54.806  -22.209 0.2000000030
15354  39.351  -54.174  -23.034 0.3000000119
15361  40.510  -54.565  -24.690 0.3000000119
15368  40.768  -53.820  -25.050 0.3000000119
15374  42.803  -54.800  -26.108 0.1000000015
15375  41.810  -53.568  -25.994 0.2000000030
15381  43.175  -54.316  -26.767 0.2000000030
15820  40.619  -53.356  3.341 0.1000000015
15835  40.092  -53.300  2.606 0.1000000015
15893  37.482  -53.738  -5.454 0.1000000015
15901  43.747  -53.865  -6.559 0.1000000015
15947  47.772  -53.342  -10.032 0.4000000060
15956  49.188  -54.097  -10.497 0.5000000000
15958  47.315  -53.824  -10.384 0.5000000000
15968  45.313  -54.104  -11.198 0.5000000000
15969  44.701  -53.603  -11.264 0.5000000000
15991  42.517  -53.533  -13.598 0.4000000060
15992  41.826  -52.983  -13.661 0.4000000060
16011  41.712  -53.004  -15.040 0.4000000060
16014  43.338  -53.727  -16.368 0.3000000119
16015  42.668  -53.294  -16.110 0.4000000060
16018  45.336  -53.275  -18.147 0.3000000119
16024  46.800  -52.914  -19.031 0.3000000119
16029  50.029  -53.299  -20.098 0.1000000015
16038  40.806  -52.926  -20.794 0.2000000030
16050  48.115  -52.861  -21.775 0.1000000015
16054  43.396  -53.233  -21.360 0.2000000030
16055  41.314  -53.534  -20.807 0.2000000030
16057  39.690  -53.777  -21.164 0.2000000030
16088  40.226  -53.294  -24.570 0.3000000119
16132  43.784  -53.512  -28.198 0.1000000015
16139  44.216  -53.128  -28.856 0.1000000015
16634  38.503  -52.449  -0.503 0.1000000015
16643  37.981  -52.754  -2.176 0.1000000015
16653  37.731  -52.835  -3.032 0.1000000015
16654  37.617  -52.165  -3.447 0.1000000015
16672  39.020  -51.937  -5.944 0.1000000015
16688  38.743  -52.585  -6.283 0.1000000015
16713  53.533  -52.449  -8.629 0.3000000119
16733  47.332  -52.851  -9.912 0.4000000060
16734  46.642  -52.791  -10.073 0.5000000000
16757  42.735  -52.194  -11.599 0.4000000060
16758  42.108  -51.976  -11.929 0.4000000060
16768  42.355  -52.574  -12.234 0.4000000060
16776  42.002  -52.782  -12.909 0.4000000060
16778  40.725  -51.969  -13.610 0.4000000060
16783  41.152  -52.569  -14.010 0.4000000060
16793  42.019  -52.858  -15.875 0.5000000000
16800  42.514  -52.471  -16.682 0.4000000060
16804  44.898  -52.270  -17.990 0.2000000030
16812  47.551  -52.384  -20.020 0.1000000015
16820  47.215  -52.183  -20.512 0.1000000015
16821  46.514  -51.802  -20.444 0.1000000015
16840  39.945  -52.913  -20.969 0.2000000030
16841  39.374  -52.333  -21.471 0.2000000030
16856  39.601  -52.709  -23.977 0.3000000119
16857  39.113  -52.462  -22.948 0.3000000119
16896  42.574  -52.714  -27.254 0.2000000030
17371  40.832  -51.887  3.147 0.1000000015
17408  39.508  -51.131  1.360 0.1000000015
17427  38.194  -51.730  -0.997 0.1000000015
17458  52.994  -50.700  -5.466 0.2000000030
17459  40.412  -51.170  -5.850 0.1000000015
17460  39.437  -51.243  -5.618 0.1000000015
17479  39.924  -51.780  -6.177 0.1000000015
17487  54.316  -50.509  -8.166 0.4000000060
17489  53.929  -51.592  -7.131 0.2000000030
17515  46.098  -51.403  -9.747 0.5000000000
17534  44.445  -51.127  -10.250 0.5000000000
17536  42.832  -50.902  -10.967 0.4000000060
17551  41.023  -50.813  -11.928 0.4000000060
17563  40.820  -51.164  -12.405 0.4000000060
17574  40.206  -51.413  -14.176 0.4000000060
17583  40.353  -51.453  -15.149 0.3000000119
17593  41.213  -51.860  -16.013 0.4000000060
17597  41.449  -51.190  -16.487 0.4000000060
17599  44.614  -50.638  -17.908 0.2000000030
17601  45.915  -51.200  -18.967 0.1000000015
17612  41.241  -51.444  -20.513 0.2000000030
17634  39.012  -51.510  -21.869 0.2000000030
17642  39.009  -51.711  -22.776 0.3000000119
17649  39.853  -51.798  -24.482 0.3000000119
17676  42.914  -52.181  -27.878 0.2000000030
17692  43.087  -51.284  -28.208 0.1000000015
18174  41.941  -50.307  2.388 0.1000000015
18197  40.582  -50.126  1.532 0.1000000015
18257  39.037  -50.037  -4.979 0.1000000015
18289  44.762  -50.723  -6.073 0.1000000015
18292  41.814  -50.773  -5.861 0.1000000015
18327  44.896  -50.443  -9.958 0.5000000000
18341  42.315  -50.211  -10.910 0.4000000060
18357  40.904  -50.183  -11.646 0.4000000060
18399  39.871  -50.143  -15.325 0.4000000060
18403  41.864  -50.108  -16.887 0.4000000060
18417  43.946  -49.234  -18.299 0.3000000119
18426  44.583  -49.620  -18.723 0.2000000030
18427  43.989  -49.277  -18.947 0.3000000119
18428  43.197  -49.238  -19.259 0.2000000030
18431  40.597  -49.700  -19.660 0.2000000030
18441  43.704  -49.777  -19.687 0.2000000030
18446  39.144  -50.023  -20.613 0.2000000030
18471  38.878  -50.598  -21.804 0.2000000030
18485  40.092  -50.149  -24.840 0.3000000119
18493  41.060  -50.149  -25.996 0.1000000015
18508  42.694  -50.688  -27.774 0.1000000015
19003  40.765  -49.505  0.845 0.1000000015
19004  39.881  -49.852  0.785 0.1000000015
19075  38.151  -49.161  -2.537 0.1000000015
19092  39.448  -49.229  -4.871 0.1000000015
19107  44.966  -49.715  -5.297 0.1000000015
19110  41.254  -49.537  -5.150 0.1000000015
19111  40.732  -49.965  -5.394 0.1000000015
19129  43.555  -50.053  -5.567 0.1000000015
19140  54.368  -50.055  -8.187 0.4000000060
19185  48.326  -49.145  -10.131 0.4000000060
19191  41.363  -49.195  -11.171 0.4000000060
19207  40.387  -49.040  -11.733 0.4000000060
19222  39.913  -49.043  -12.239 0.4000000060
19231  39.487  -49.029  -12.965 0.3000000119
19240  39.375  -49.207  -14.429 0.4000000060
19253  40.166  -49.669  -15.993 0.3000000119
19260  41.610  -49.175  -17.154 0.3000000119
19272  41.247  -48.723  -17.354 0.3000000119
19281  42.470  -48.722  -18.385 0.3000000119
19287  41.621  -48.992  -19.025 0.3000000119
19289  39.712  -49.453  -19.754 0.2000000030
19294  38.729  -49.516  -20.942 0.2000000030
19307  38.676  -49.590  -21.849 0.1000000015
19336  40.040  -49.308  -24.832 0.1000000015
19352  42.005  -49.257  -27.031 0.1000000015
19873  41.317  -48.531  -1.295 0.1000000015
19874  40.385  -48.528  -1.280 0.1000000015
19875  39.341  -48.658  -1.638 0.1000000015
19895  38.584  -48.519  -3.032 0.1000000015
19908  41.598  -48.599  -3.565 0.1000000015
19909  40.375  -48.379  -3.780 0.1000000015
19910  39.396  -48.213  -3.675 0.1000000015
19920  41.571  -48.849  -4.266 0.1000000015
19933  43.664  -49.255  -4.839 0.1000000015
19934  42.529  -49.486  -5.035 0.1000000015
19972  45.840  -48.814  -10.226 0.3000000119
20007  40.878  -48.639  -11.382 0.4000000060
20008  40.178  -48.398  -11.873 0.4000000060
20032  39.378  -48.288  -13.343 0.3000000119
20058  39.893  -48.897  -15.966 0.2000000030
20067  40.037  -48.294  -16.467 0.2000000030
20083  40.464  -48.180  -18.049 0.2000000030
20084  39.791  -47.870  -18.446 0.2000000030
20088  39.362  -48.172  -19.209 0.2000000030
20089  38.742  -48.182  -19.939 0.1000000015
20117  38.571  -48.765  -22.125 0.1000000015
20129  39.092  -48.636  -23.459 0.2000000030
20753  40.527  -48.894  -4.659 0.1000000015
20801  47.118  -47.917  -10.990 0.4000000060
20803  44.796  -47.641  -10.837 0.4000000060
20806  42.083  -47.985  -11.073 0.4000000060
20807  41.343  -48.053  -11.255 0.4000000060
20826  48.869  -47.526  -11.810 0.4000000060
20849  39.559  -47.489  -12.953 0.2000000030
20884  39.385  -47.258  -16.099 0.2000000030
20893  39.510  -47.276  -17.452 0.2000000030
20903  38.845  -47.481  -19.413 0.1000000015
20920  38.784  -47.354  -22.835 0.1000000015
20933  39.201  -47.390  -23.572 0.2000000030
20956  41.639  -47.584  -26.514 0.1000000015
21633  49.644  -46.837  -2.503 0.1000000015
21746  46.915  -46.746  -11.792 0.4000000060
21748  44.571  -46.293  -11.523 0.4000000060
21749  43.713  -46.443  -11.397 0.4000000060
21750  42.828  -46.581  -11.386 0.4000000060
21753  40.318  -47.096  -12.048 0.4000000060
21771  46.413  -46.162  -12.083 0.4000000060
21774  40.228  -46.313  -12.283 0.3000000119
21800  56.433  -47.096  -15.789 0.1000000015
21802  54.698  -47.189  -15.319 0.1000000015
21824  54.974  -47.432  -16.127 0.1000000015
21837  55.273  -47.433  -17.115 0.1000000015
21850  38.635  -46.582  -19.734 0.1000000015
21857  38.653  -46.036  -22.048 0.1000000015
21858  38.504  -46.398  -21.275 0.1000000015
21896  39.701  -46.331  -24.202 0.1000000015
21908  40.207  -46.137  -24.873 0.1000000015
22579  47.561  -45.503  -1.223 0.1000000015
22707  43.991  -45.752  -11.719 0.3000000119
22709  42.140  -45.985  -11.600 0.4000000060
22710  41.132  -45.853  -11.895 0.4000000060
22741  47.197  -45.173  -13.108 0.2000000030
22742  39.381  -45.116  -13.546 0.2000000030
22758  39.036  -45.487  -14.382 0.2000000030
22774  51.400  -46.386  -15.252 0.2000000030
22776  38.805  -45.409  -15.266 0.2000000030
22794  53.476  -46.840  -16.474 0.1000000015
22797  38.720  -45.321  -16.066 0.1000000015
22822  38.928  -45.345  -18.810 0.1000000015
22891  40.563  -45.542  -25.163 0.1000000015
23530  45.583  -44.512  -1.251 0.1000000015
23657  41.991  -44.580  -12.159 0.3000000119
23670  46.374  -45.002  -12.828 0.2000000030
23671  44.815  -44.612  -12.437 0.2000000030
23683  50.191  -45.685  -14.802 0.2000000030
23704  48.960  -44.573  -14.427 0.2000000030
23716  50.839  -45.381  -15.917 0.1000000015
23734  38.944  -44.193  -16.975 0.1000000015
23758  39.612  -44.040  -19.910 0.1000000015
23759  39.204  -44.651  -19.399 0.1000000015
23782  39.130  -44.774  -21.323 0.1000000015
23802  39.270  -44.670  -22.266 0.1000000015
24610  43.798  -43.558  -12.877 0.1000000015
24627  39.624  -43.348  -14.111 0.1000000015
24646  39.340  -43.277  -14.887 0.1000000015
24693  39.939  -43.193  -18.801 0.1000000015
25535  39.758  -42.760  -14.558 0.1000000015
25572  39.520  -42.597  -16.134 0.1000000015
26303  39.705  -41.597  -2.178 0.1000000015
26340  39.055  -41.611  -6.377 0.1000000015
26449  49.895  -40.650  -14.965 0.1000000015
27306  40.300  -40.892  -7.852 0.1000000015
27314  42.375  -40.246  -9.391 0.1000000015
28218  38.436  -39.976  -6.086 0.1000000015
28239  41.876  -39.367  -9.635 0.1000000015
30203  40.590  -36.972  -8.936 0.1000000015
131715  41.369  -59.689  -26.457 0.1000000015
131719  47.122  -58.333  -22.430 0.3000000119
131720  39.639  -60.121  -24.418 0.1000000015
131722  40.062  -59.685  -25.513 0.1000000015
131723  47.991  -58.659  -21.502 0.1000000015
131728  39.717  -60.361  -23.997 0.1000000015
131730  39.394  -59.629  -24.295 0.1000000015
131734  48.926  -56.071  -25.105 0.1000000015
131735  39.722  -59.907  -22.911 0.1000000015
131738  45.160  -56.594  -21.837 0.1000000015
131740  41.362  -60.024  -21.820 0.1000000015
131741  40.365  -59.013  -21.712 0.1000000015
131745  41.033  -59.418  -21.607 0.1000000015
131749  42.880  -58.106  -20.775 0.1000000015
132095  48.085  -56.100  -24.833 0.1000000015
132172  42.072  -57.649  -20.668 0.1000000015
132358  40.878  -43.278  -6.229 0.1000000015
132360  52.182  -46.771  -15.616 0.2000000030
132649  51.562  -54.794  -19.039 0.2000000030
132932  44.852  -44.163  0.688 0.1000000015
133205  42.888  -44.486  -12.280 0.1000000015
133496  42.809  -59.575  -21.228 0.1000000015
133952  42.685  -58.492  -11.137 0.1000000015
133964  43.255  -48.707  -2.251 0.1000000015
134432  40.393  -59.163  -25.787 0.1000000015
135240  40.112  -56.169  -9.772 0.1000000015
136183  39.378  -57.141  -2.288 0.1000000015
136490  52.175  -54.371  -7.384 0.3000000119
136984  49.431  -55.194  -24.565 0.1000000015
137041  49.103  -58.154  -23.511 0.2000000030
137094  42.986  -49.281  -4.821 0.1000000015
137169  41.475  -48.993  -26.482 0.1000000015
137240  38.525  -58.115  -3.411 0.1000000015
137295  36.699  -57.762  -5.620 0.1000000015
137447  42.390  -49.998  -27.455 0.1000000015
137558  48.366  -59.150  -20.689 0.2000000030
138118  39.226  -59.312  -23.889 0.1000000015
138520  42.285  -50.315  -5.649 0.1000000015
138617  41.379  -53.952  -25.539 0.2000000030
138865  37.207  -57.860  -4.815 0.1000000015
138881  40.388  -46.972  -25.230 0.1000000015
139035  44.561  -49.667  -10.111 0.5000000000
139478  51.543  -53.877  -21.103 0.2000000030
140055  38.435  -49.867  -0.982 0.1000000015
140151  42.890  -41.626  -8.708 0.1000000015
140169  41.911  -50.039  -26.939 0.1000000015
140294  41.723  -51.138  -26.618 0.2000000030
141065  41.972  -48.519  -2.874 0.1000000015
141190  43.223  -50.452  -20.274 0.2000000030
141884  43.637  -49.474  -17.706 0.3000000119
142440  38.835  -46.061  -15.726 0.2000000030
142451  40.561  -51.631  -25.300 0.2000000030
142862  43.883  -42.115  -8.863 0.2000000030
143722  42.083  -54.743  -20.849 0.1000000015
144262  40.956  -56.332  -9.589 0.1000000015
144645  41.816  -51.964  -6.379 0.1000000015
145674  45.445  -55.724  -14.257 0.4000000060
145888  35.227  -58.048  -10.617 0.1000000015
146163  36.090  -56.983  -10.114 0.1000000015
146249  38.098  -53.495  -6.633 0.1000000015
146826  41.162  -52.587  -14.814 0.5000000000
146865  44.036  -49.656  0.787 0.1000000015
146998  36.677  -56.554  -10.151 0.1000000015
147930  36.466  -57.063  -6.112 0.1000000015
148183  38.040  -50.196  -1.531 0.1000000015
148375  54.357  -49.824  -7.620 0.4000000060
148548  41.017  -50.650  -16.411 0.4000000060
148566  42.992  -42.499  0.355 0.1000000015
148633  38.890  -51.961  0.556 0.1000000015
148702  39.883  -50.396  -13.075 0.4000000060
148705  44.245  -60.413  -1.598 0.1000000015
148775  39.167  -54.644  -8.379 0.1000000015
149273  44.977  -47.225  -11.133 0.4000000060
149523  47.732  -58.255  -24.295 0.1000000015
149551  49.135  -58.098  -24.425 0.2000000030
149858  35.842  -60.517  -10.045 0.1000000015
149878  40.243  -58.405  -14.632 0.1000000015
150883  43.222  -51.318  -6.114 0.1000000015
150928  47.952  -52.901  -19.662 0.2000000030
151256  39.759  -55.773  0.203 0.1000000015
151438  36.060  -59.697  -8.695 0.1000000015
151603  45.592  -44.824  -12.586 0.2000000030
151766  52.339  -50.211  -5.271 0.2000000030
151832  39.322  -47.659  -13.728 0.2000000030
152907  44.728  -58.784  -21.168 0.1000000015
153013  51.063  -56.263  -14.380 0.2000000030
153242  34.665  -60.770  -11.104 0.1000000015
153310  44.796  -53.146  -6.406 0.1000000015
153772  47.417  -55.187  -6.497 0.1000000015
153781  51.307  -54.992  -23.520 0.2000000030
153982  44.941  -37.785  -13.379 0.1000000015
153991  44.919  -57.247  -27.099 0.1000000015
154117  41.410  -51.984  3.562 0.1000000015
154125  43.087  -53.800  -13.063 0.4000000060
154168  43.187  -61.136  2.602 0.1000000015
154571  46.220  -50.029  -9.707 0.5000000000
154630  39.352  -56.749  -11.779 0.1000000015
154681  42.009  -48.626  -1.232 0.1000000015
154706  51.183  -53.550  -20.691 0.4000000060
154849  53.874  -50.180  -9.039 0.5000000000
155189  44.253  -49.037  -10.297 0.4000000060
155405  44.841  -51.701  -10.302 0.5000000000
155478  41.546  -56.832  -9.753 0.1000000015
155651  43.339  -41.021  -9.372 0.1000000015
155866  43.046  -50.652  -28.190 0.1000000015
155883  39.131  -53.507  0.439 0.1000000015
156002  45.262  -54.091  -6.408 0.1000000015
156085  46.596  -51.794  -9.725 0.5000000000
156110  40.643  -54.128  3.414 0.1000000015
156258  37.959  -49.782  -2.154 0.1000000015
156573  38.007  -57.738  -14.917 0.1000000015
156779  39.184  -51.214  -23.375 0.3000000119
157202  42.461  -52.292  -21.038 0.2000000030
157284  42.983  -50.960  -17.139 0.4000000060
157416  49.942  -46.875  -7.706 0.5000000000
157472  43.798  -54.343  -6.653 0.1000000015
157498  38.927  -46.053  -15.015 0.2000000030
157513  39.420  -49.825  -20.212 0.2000000030
157530  44.176  -54.650  -16.186 0.3000000119
157729  51.400  -56.489  -7.184 0.2000000030
158051  39.768  -57.340  -2.032 0.1000000015
158060  44.349  -54.924  -13.180 0.4000000060
158091  45.839  -44.539  0.200 0.1000000015
158111  50.183  -53.979  -10.557 0.4000000060
158188  42.651  -51.441  -6.108 0.1000000015
158726  50.278  -46.368  -14.320 0.1000000015
158940  34.526  -58.966  -11.359 0.1000000015
159080  37.211  -55.659  -4.661 0.1000000015
159190  48.923  -56.369  -15.720 0.3000000119
159353  39.145  -45.113  -22.583 0.1000000015
159437  45.501  -50.553  -18.898 0.1000000015
