#!ascii label  , from subject ICBM2009cNolinAsym vox2ras=TkReg
274
149684  50.621  -47.065  -7.777 0.0000000000
13589  46.037  -56.025  -14.629 0.0000000000
16676  52.074  -52.454  -6.242 0.0000000000
17511  50.295  -51.481  -9.749 0.0000000000
12771  51.544  -57.496  -11.375 0.0000000000
14366  51.976  -55.853  -7.603 0.0000000000
11943  49.607  -58.738  -7.683 0.0000000000
15223  47.722  -54.493  -10.664 0.0000000000
136866  46.977  -49.950  -9.717 0.0000000000
19942  53.086  -48.914  -6.744 0.0000000000
16712  53.764  -51.535  -8.994 0.0000000000
15220  51.274  -54.249  -10.808 0.0000000000
13573  50.052  -56.197  -14.062 0.0000000000
149360  51.068  -58.121  -14.958 0.0000000000
22648  47.370  -45.613  -7.502 0.0000000000
20761  49.704  -47.743  -6.401 0.0000000000
18270  49.542  -50.025  -5.331 0.0000000000
19984  51.045  -48.413  -10.732 0.0000000000
13477  49.371  -57.340  -6.739 0.0000000000
14414  46.620  -55.978  -12.304 0.0000000000
15960  45.505  -53.552  -10.780 0.0000000000
18281  53.753  -50.328  -6.018 0.0000000000
16700  53.545  -52.482  -7.553 0.0000000000
12740  51.635  -57.127  -9.674 0.0000000000
14394  52.427  -55.249  -10.091 0.0000000000
14400  52.260  -55.573  -11.423 0.0000000000
13550  50.006  -55.419  -12.250 0.0000000000
13558  51.864  -56.030  -13.157 0.0000000000
13606  50.575  -56.436  -16.394 0.0000000000
19930  49.572  -48.389  -5.051 0.0000000000
19929  50.089  -48.658  -5.106 0.0000000000
19104  49.439  -49.390  -4.819 0.0000000000
18320  51.910  -50.557  -9.955 0.0000000000
19163  51.176  -49.766  -10.105 0.0000000000
19167  46.417  -49.343  -9.962 0.0000000000
19987  47.723  -48.490  -10.552 0.0000000000
15919  50.845  -53.833  -6.721 0.0000000000
15918  51.843  -53.812  -6.995 0.0000000000
15177  50.824  -55.305  -6.363 0.0000000000
12721  50.698  -57.747  -7.750 0.0000000000
141527  50.493  -58.574  -9.315 0.0000000000
15946  48.680  -53.414  -10.051 0.0000000000
18323  48.514  -50.681  -9.535 0.0000000000
17514  47.113  -52.203  -9.700 0.0000000000
17533  45.508  -51.930  -10.122 0.0000000000
14467  47.167  -55.320  -17.478 0.0000000000
19953  52.484  -48.230  -7.392 0.0000000000
139073  53.540  -50.297  -9.436 0.0000000000
143324  52.196  -52.105  -9.889 0.0000000000
15930  52.632  -53.936  -8.322 0.0000000000
16729  52.366  -52.927  -9.797 0.0000000000
142515  50.329  -52.998  -10.034 0.0000000000
15222  49.164  -54.726  -11.056 0.0000000000
14404  48.052  -55.726  -11.641 0.0000000000
13587  48.069  -56.511  -14.477 0.0000000000
12025  51.291  -58.078  -13.537 0.0000000000
13585  50.510  -56.371  -14.940 0.0000000000
13598  49.385  -56.412  -15.325 0.0000000000
14455  47.836  -55.819  -16.830 0.0000000000
22666  48.752  -45.336  -8.349 0.0000000000
21694  49.089  -46.070  -7.980 0.0000000000
21666  48.310  -46.885  -6.527 0.0000000000
20768  49.845  -47.263  -7.209 0.0000000000
19943  51.120  -48.479  -6.126 0.0000000000
19101  52.068  -49.587  -5.276 0.0000000000
18283  50.907  -50.801  -5.656 0.0000000000
18285  48.788  -50.719  -5.926 0.0000000000
145280  49.536  -52.394  -6.594 0.0000000000
19184  49.361  -49.140  -10.259 0.0000000000
21677  50.036  -46.401  -8.181 0.0000000000
22664  50.852  -45.721  -8.778 0.0000000000
158819  50.936  -46.507  -8.438 0.0000000000
14424  46.418  -56.141  -13.122 0.0000000000
14415  45.766  -55.642  -12.589 0.0000000000
17468  52.612  -51.580  -5.805 0.0000000000
17467  53.584  -51.220  -6.163 0.0000000000
16675  53.184  -52.162  -6.570 0.0000000000
12756  51.725  -57.032  -10.658 0.0000000000
13537  52.131  -56.349  -10.578 0.0000000000
12770  52.124  -56.412  -11.537 0.0000000000
13549  52.112  -55.770  -12.286 0.0000000000
12783  52.055  -56.673  -12.444 0.0000000000
13615  51.296  -56.524  -17.833 0.0000000000
18321  50.740  -50.623  -9.861 0.0000000000
19988  46.669  -48.553  -10.420 0.0000000000
140769  50.323  -54.587  -6.451 0.0000000000
15178  49.874  -55.416  -6.192 0.0000000000
11934  49.471  -58.264  -7.204 0.0000000000
12708  50.345  -57.458  -6.924 0.0000000000
11942  50.263  -58.451  -8.151 0.0000000000
12741  50.949  -57.846  -8.860 0.0000000000
11959  49.719  -59.235  -8.630 0.0000000000
15957  48.178  -53.949  -10.362 0.0000000000
16732  48.126  -52.672  -9.689 0.0000000000
15948  47.084  -53.251  -10.189 0.0000000000
16747  45.734  -52.770  -10.335 0.0000000000
16748  44.929  -52.340  -10.536 0.0000000000
17516  45.233  -51.208  -9.965 0.0000000000
19952  53.384  -48.667  -7.593 0.0000000000
19142  53.946  -49.303  -7.322 0.0000000000
17508  53.382  -51.099  -9.526 0.0000000000
16728  53.107  -52.161  -9.536 0.0000000000
15176  51.800  -55.177  -6.962 0.0000000000
152794  52.486  -53.742  -7.535 0.0000000000
15200  52.454  -54.861  -8.321 0.0000000000
15219  52.199  -54.550  -10.498 0.0000000000
15213  52.027  -54.000  -10.390 0.0000000000
15944  51.632  -53.304  -10.172 0.0000000000
15214  50.832  -53.659  -10.395 0.0000000000
15945  49.693  -53.504  -10.194 0.0000000000
15221  50.144  -54.440  -10.965 0.0000000000
13560  49.741  -55.892  -13.049 0.0000000000
13551  49.017  -55.769  -12.172 0.0000000000
13561  48.342  -56.126  -12.523 0.0000000000
13574  48.549  -56.357  -13.594 0.0000000000
11284  48.153  -60.002  -14.742 0.0000000000
12037  50.082  -58.930  -15.196 0.0000000000
11283  49.349  -59.543  -14.387 0.0000000000
11282  50.352  -58.924  -14.499 0.0000000000
157325  51.335  -57.807  -14.503 0.0000000000
12794  51.476  -57.520  -14.066 0.0000000000
12807  51.179  -57.037  -15.440 0.0000000000
13617  50.183  -55.841  -16.866 0.0000000000
145179  49.673  -56.352  -15.974 0.0000000000
13607  49.655  -56.060  -16.406 0.0000000000
13608  48.628  -56.188  -16.188 0.0000000000
14454  48.984  -55.765  -16.843 0.0000000000
22667  47.740  -45.054  -8.230 0.0000000000
22647  48.210  -45.806  -7.754 0.0000000000
20762  49.013  -47.604  -5.921 0.0000000000
20769  49.089  -47.150  -6.829 0.0000000000
20760  50.624  -47.821  -6.847 0.0000000000
19944  50.290  -48.301  -5.898 0.0000000000
19103  50.269  -49.361  -4.963 0.0000000000
19102  51.129  -49.429  -5.140 0.0000000000
18268  51.492  -50.127  -5.246 0.0000000000
18269  50.521  -50.035  -5.290 0.0000000000
17473  47.133  -51.445  -6.529 0.0000000000
17472  48.148  -51.427  -6.418 0.0000000000
17471  49.170  -51.471  -6.319 0.0000000000
18324  47.477  -50.696  -9.556 0.0000000000
19165  48.948  -49.842  -9.784 0.0000000000
19166  47.921  -49.872  -9.690 0.0000000000
20799  49.292  -48.041  -11.265 0.0000000000
14405  46.950  -55.617  -11.629 0.0000000000
15224  46.833  -54.378  -10.720 0.0000000000
19122  53.557  -49.578  -6.275 0.0000000000
19121  54.225  -49.973  -6.853 0.0000000000
17466  54.194  -50.735  -6.836 0.0000000000
16699  53.996  -51.706  -8.138 0.0000000000
13499  51.813  -56.484  -8.129 0.0000000000
14384  52.388  -55.639  -8.888 0.0000000000
13521  52.154  -56.293  -9.483 0.0000000000
145186  52.393  -55.629  -10.577 0.0000000000
14395  52.134  -54.860  -11.066 0.0000000000
14396  51.178  -54.730  -11.426 0.0000000000
14401  51.961  -55.071  -11.961 0.0000000000
13559  51.063  -55.534  -12.911 0.0000000000
13572  51.049  -55.933  -13.707 0.0000000000
12822  50.978  -57.064  -16.078 0.0000000000
12828  50.834  -57.058  -16.698 0.0000000000
13616  51.103  -56.239  -17.056 0.0000000000
19945  49.743  -48.114  -5.640 0.0000000000
19182  51.653  -48.956  -10.342 0.0000000000
19183  50.479  -49.078  -10.356 0.0000000000
19186  47.331  -49.194  -10.043 0.0000000000
20800  48.177  -47.831  -11.200 0.0000000000
16702  51.449  -53.194  -6.585 0.0000000000
16701  52.673  -53.173  -6.947 0.0000000000
146181  51.309  -54.503  -6.758 0.0000000000
14339  51.236  -56.007  -6.637 0.0000000000
13475  50.724  -56.763  -6.627 0.0000000000
13500  51.106  -57.086  -7.403 0.0000000000
13522  51.449  -57.166  -8.495 0.0000000000
12757  51.165  -57.779  -10.068 0.0000000000
147166  49.786  -52.231  -9.798 0.0000000000
147908  49.170  -51.490  -9.554 0.0000000000
17512  48.850  -52.194  -9.600 0.0000000000
17513  48.015  -51.637  -9.495 0.0000000000
144628  46.960  -51.408  -9.598 0.0000000000
15959  46.414  -53.549  -10.443 0.0000000000
16735  46.265  -52.154  -9.918 0.0000000000
18325  46.560  -50.676  -9.618 0.0000000000
18326  45.730  -50.575  -9.743 0.0000000000
19168  45.505  -49.667  -9.900 0.0000000000
14447  46.460  -55.936  -15.963 0.0000000000
20767  51.531  -47.627  -7.606 0.0000000000
20778  51.555  -47.021  -8.401 0.0000000000
20766  52.331  -47.615  -8.351 0.0000000000
17509  52.590  -51.343  -9.874 0.0000000000
17510  51.486  -51.441  -9.882 0.0000000000
16714  52.932  -53.164  -9.035 0.0000000000
15212  52.504  -54.703  -9.695 0.0000000000
135374  52.489  -53.920  -9.466 0.0000000000
16730  51.138  -52.376  -9.943 0.0000000000
16731  49.215  -52.844  -9.849 0.0000000000
157941  48.485  -54.483  -10.697 0.0000000000
14397  50.083  -54.954  -11.562 0.0000000000
14403  49.060  -55.303  -11.611 0.0000000000
14413  47.443  -56.086  -12.123 0.0000000000
13562  47.398  -56.298  -12.866 0.0000000000
13588  46.936  -56.391  -14.701 0.0000000000
11976  50.721  -58.479  -10.590 0.0000000000
12011  51.178  -58.231  -12.781 0.0000000000
146728  51.582  -57.604  -12.372 0.0000000000
12784  51.768  -57.205  -13.279 0.0000000000
13571  51.429  -56.634  -13.910 0.0000000000
13597  50.543  -56.514  -15.707 0.0000000000
13586  49.186  -56.365  -14.563 0.0000000000
159350  48.652  -56.478  -14.930 0.0000000000
13599  48.089  -56.430  -15.371 0.0000000000
13600  46.987  -56.277  -15.481 0.0000000000
14456  46.785  -55.701  -16.717 0.0000000000
23620  48.569  -44.547  -8.715 0.0000000000
21667  47.524  -46.553  -6.321 0.0000000000
21680  47.820  -46.219  -7.030 0.0000000000
21679  48.617  -46.490  -7.295 0.0000000000
21678  49.401  -46.720  -7.553 0.0000000000
157900  51.557  -48.147  -6.853 0.0000000000
19954  52.104  -48.629  -6.352 0.0000000000
19928  50.747  -48.839  -5.351 0.0000000000
19927  51.642  -48.982  -5.562 0.0000000000
19123  52.615  -49.243  -5.858 0.0000000000
19100  52.983  -49.897  -5.523 0.0000000000
18282  51.980  -50.863  -5.412 0.0000000000
17469  51.418  -51.642  -5.881 0.0000000000
18284  49.845  -50.744  -5.793 0.0000000000
17470  50.257  -51.566  -6.146 0.0000000000
16677  50.802  -52.414  -6.323 0.0000000000
18322  49.607  -50.647  -9.657 0.0000000000
19164  50.021  -49.843  -10.009 0.0000000000
19985  49.851  -48.532  -10.742 0.0000000000
19986  48.760  -48.525  -10.688 0.0000000000
11199  49.216  -59.294  -7.985 0.0000000000
12036  50.962  -58.428  -14.111 0.0000000000
12051  50.752  -58.058  -15.769 0.0000000000
12709  49.681  -57.692  -6.889 0.0000000000
12722  50.004  -58.111  -7.310 0.0000000000
12806  51.300  -57.042  -14.677 0.0000000000
13575  47.224  -56.437  -13.765 0.0000000000
13576  46.230  -56.121  -13.971 0.0000000000
13601  46.230  -56.054  -15.245 0.0000000000
13609  47.425  -56.136  -16.107 0.0000000000
14402  51.101  -55.135  -12.157 0.0000000000
14412  51.778  -55.410  -12.594 0.0000000000
14448  45.687  -55.673  -15.712 0.0000000000
14465  49.425  -55.394  -17.468 0.0000000000
15225  45.970  -54.239  -10.883 0.0000000000
15231  48.286  -55.035  -11.069 0.0000000000
15232  47.353  -55.106  -11.071 0.0000000000
15245  45.249  -55.069  -12.119 0.0000000000
15947  47.772  -53.342  -10.032 0.0000000000
15956  49.188  -54.097  -10.497 0.0000000000
15958  47.315  -53.824  -10.384 0.0000000000
16713  53.533  -52.449  -8.629 0.0000000000
16733  47.332  -52.851  -9.912 0.0000000000
16734  46.642  -52.791  -10.073 0.0000000000
17458  52.994  -50.700  -5.466 0.0000000000
17489  53.929  -51.592  -7.131 0.0000000000
17515  46.098  -51.403  -9.747 0.0000000000
18327  44.896  -50.443  -9.958 0.0000000000
19185  48.326  -49.145  -10.131 0.0000000000
20801  47.118  -47.917  -10.990 0.0000000000
136490  52.175  -54.371  -7.384 0.0000000000
151766  52.339  -50.211  -5.271 0.0000000000
153013  51.063  -56.263  -14.380 0.0000000000
154571  46.220  -50.029  -9.707 0.0000000000
154849  53.874  -50.180  -9.039 0.0000000000
155405  44.841  -51.701  -10.302 0.0000000000
156085  46.596  -51.794  -9.725 0.0000000000
157416  49.942  -46.875  -7.706 0.0000000000
157729  51.400  -56.489  -7.184 0.0000000000
158111  50.183  -53.979  -10.557 0.0000000000
159190  48.923  -56.369  -15.720 0.0000000000
