#!ascii label  , from subject ICBM2009cNolinAsym vox2ras=TkReg
726
55332  22.244  -12.392  -36.772 0.1428571492
55314  21.756  -12.966  -36.290 0.1428571492
56453  21.584  -11.596  -37.615 0.1428571492
55312  23.492  -12.560  -35.635 0.1428571492
56443  22.721  -11.820  -37.231 0.2857142985
55333  21.447  -12.279  -36.921 0.1428571492
56442  23.578  -11.607  -36.897 0.1428571492
56463  22.987  -11.069  -38.520 0.5714285970
56451  24.091  -11.088  -37.385 0.1428571492
58522  25.905  -9.676  -37.820 0.2857142985
57547  25.439  -10.240  -37.421 0.2857142985
58531  26.370  -9.159  -38.261 0.1428571492
61106  27.151  -7.146  -40.409 0.2857142985
61098  26.730  -7.803  -40.025 0.2857142985
63406  28.174  -5.072  -42.313 0.2857142985
63391  27.910  -6.002  -41.071 0.2857142985
64446  28.256  -4.381  -43.448 0.2857142985
156842  28.019  -4.831  -43.001 0.2857142985
65436  28.816  -3.020  -45.019 0.2857142985
68438  29.331  -0.813  -47.642 0.8571428657
67373  29.271  -1.727  -46.878 0.4285714328
65426  29.188  -3.138  -43.820 0.2857142985
69535  30.119  0.806  -48.179 0.7142857313
69525  30.538  0.243  -48.064 0.7142857313
68437  30.099  -0.441  -47.717 0.7142857313
67381  28.965  -1.517  -47.405 0.7142857313
71693  30.962  2.364  -48.675 0.8571428657
70588  30.773  1.466  -48.486 0.5714285970
71694  29.861  1.992  -48.131 0.8571428657
69526  29.751  -0.092  -47.947 0.7142857313
69527  28.883  -0.367  -47.700 0.7142857313
73972  32.014  4.155  -49.553 0.4285714328
149634  30.867  3.261  -48.674 0.7142857313
72806  30.093  3.115  -48.287 0.8571428657
137455  32.843  5.032  -51.612 0.2857142985
75134  32.123  5.990  -49.973 0.5714285970
73959  31.466  4.839  -49.220 0.8571428657
73971  32.102  5.050  -49.786 0.7142857313
147263  30.402  3.980  -48.532 0.8571428657
75169  32.871  5.706  -52.159 0.1428571492
143075  33.048  4.761  -52.707 0.1428571492
75155  32.702  5.762  -51.307 0.4285714328
75135  31.566  5.712  -49.350 0.5714285970
75123  31.028  5.438  -48.923 0.8571428657
77488  32.439  7.970  -53.632 0.1428571492
156481  32.837  6.189  -53.429 0.1428571492
76367  32.783  6.515  -52.653 0.1428571492
77456  32.453  7.098  -50.968 0.4285714328
76320  30.898  6.268  -48.867 0.8571428657
78570  32.189  8.904  -54.050 0.1428571492
151213  32.406  7.291  -54.489 0.1428571492
79657  32.374  8.949  -53.017 0.1428571492
77479  32.607  7.478  -52.730 0.1428571492
78543  32.263  8.436  -51.208 0.4285714328
77457  32.086  7.848  -50.490 0.5714285970
77445  31.576  7.516  -49.675 0.7142857313
135068  29.972  6.352  -48.555 0.8571428657
79658  32.082  9.749  -53.432 0.1428571492
80759  31.934  10.613  -52.917 0.1428571492
79646  32.090  9.790  -52.254 0.1428571492
79637  31.984  9.357  -51.121 0.5714285970
78531  31.497  8.387  -49.890 0.8571428657
76330  31.011  7.167  -49.048 0.8571428657
77434  30.387  7.499  -48.809 0.8571428657
80766  31.809  10.453  -53.916 0.1428571492
81828  31.736  11.419  -53.547 0.2857142985
140285  31.844  10.753  -51.882 0.1428571492
79626  31.442  9.309  -50.072 0.8571428657
150683  31.864  8.679  -50.539 0.7142857313
79618  30.643  9.480  -49.504 0.8571428657
142149  31.635  13.073  -53.033 0.1428571492
82917  31.454  12.771  -54.615 0.1428571492
157592  31.659  12.110  -52.029 0.4285714328
82886  31.244  12.196  -50.916 0.8571428657
81801  31.103  11.509  -50.472 0.8571428657
79627  31.044  10.157  -49.870 0.8571428657
80731  30.197  10.213  -49.492 0.8571428657
136524  31.525  12.887  -52.041 0.4285714328
81790  30.137  11.689  -49.915 0.8571428657
80740  30.614  10.900  -49.877 0.8571428657
84000  31.563  13.971  -53.378 0.1428571492
85060  31.521  14.561  -54.077 0.2857142985
83988  31.440  13.765  -52.392 0.5714285970
85030  31.061  14.343  -51.779 0.8571428657
83977  31.221  13.608  -51.629 0.8571428657
82871  31.130  13.017  -51.023 0.8571428657
82872  30.597  12.400  -50.406 0.8571428657
83965  30.083  13.382  -50.440 0.8571428657
81791  29.045  11.688  -49.721 0.8571428657
85977  31.380  15.356  -53.833 0.2857142985
85969  31.152  15.578  -52.915 0.7142857313
85040  31.310  14.635  -52.605 0.5714285970
85963  30.813  15.187  -51.995 0.8571428657
85021  29.980  14.328  -50.745 0.8571428657
85023  28.493  14.342  -50.581 0.8571428657
82873  29.548  12.499  -50.024 0.8571428657
86898  30.445  16.168  -52.177 0.8571428657
86891  29.732  16.111  -51.565 0.8571428657
85032  29.858  14.982  -51.022 0.8571428657
85956  28.492  15.746  -51.116 0.7142857313
85952  28.501  15.114  -50.808 0.7142857313
86909  30.828  16.525  -53.098 0.8571428657
86899  29.591  16.878  -51.979 0.8571428657
85955  29.300  15.527  -51.098 0.8571428657
86900  28.406  17.026  -51.860 0.8571428657
87925  29.090  17.552  -52.295 0.8571428657
86893  27.962  16.216  -51.409 0.7142857313
134137  30.372  18.424  -54.731 0.7142857313
88965  29.493  18.468  -53.227 0.8571428657
88975  29.856  18.909  -54.040 0.8571428657
89966  29.047  19.198  -53.701 0.8571428657
90930  28.111  20.316  -54.643 0.7142857313
86892  28.928  16.292  -51.434 0.8571428657
88955  28.847  18.164  -52.632 0.8571428657
90013  29.267  19.866  -59.027 0.1428571492
89973  29.375  19.483  -54.449 0.8571428657
89982  28.969  20.068  -54.888 0.7142857313
90939  28.498  20.598  -55.367 0.7142857313
89974  28.562  19.755  -54.193 0.8571428657
91974  28.437  21.205  -59.826 0.1428571492
90953  28.917  20.804  -56.962 0.5714285970
91952  28.326  21.454  -57.243 0.5714285970
141957  27.526  21.990  -57.026 0.5714285970
91962  28.442  21.410  -58.210 0.1428571492
92974  27.379  22.222  -61.072 0.1428571492
92942  26.543  22.602  -57.682 0.5714285970
92970  26.841  22.977  -60.544 0.1428571492
92976  25.902  23.169  -61.812 0.1428571492
92962  27.414  22.473  -59.129 0.1428571492
92977  25.186  23.437  -62.083 0.1428571492
92951  27.293  22.421  -58.227 0.5714285970
92971  26.062  23.348  -60.911 0.1428571492
94045  25.342  23.619  -60.325 0.1428571492
94058  24.604  23.678  -62.302 0.1428571492
94046  24.676  23.869  -60.558 0.1428571492
54256  23.020  -13.252  -35.220 0.1428571492
54257  22.121  -13.527  -35.604 0.1428571492
56452  23.231  -11.363  -37.773 0.2857142985
56441  24.457  -11.348  -36.524 0.1428571492
57536  25.814  -10.542  -36.641 0.2857142985
57548  24.594  -10.516  -37.827 0.2857142985
61097  27.463  -7.571  -39.579 0.2857142985
142726  26.980  -7.948  -39.542 0.2857142985
59821  26.488  -8.333  -39.501 0.1428571492
140535  28.395  -3.666  -44.708 0.2857142985
67372  29.891  -1.151  -46.454 0.4285714328
66378  28.917  -2.361  -46.415 0.5714285970
143761  31.459  3.013  -48.943 0.2857142985
68439  28.430  -1.112  -47.491 0.7142857313
72820  32.564  4.259  -50.292 0.1428571492
144840  29.432  3.979  -48.282 0.8571428657
76329  31.599  6.611  -49.471 0.7142857313
79668  31.868  9.672  -54.398 0.1428571492
134475  31.849  10.177  -51.343 0.8571428657
80739  31.583  10.110  -50.574 0.8571428657
80741  29.657  10.939  -49.587 0.8571428657
86908  31.154  16.043  -53.648 0.8571428657
88964  30.265  18.145  -53.746 0.8571428657
89972  29.941  19.130  -54.762 0.8571428657
90938  29.295  20.222  -55.687 0.7142857313
90964  28.908  20.845  -57.802 0.2857142985
91963  27.995  21.971  -58.674 0.1428571492
92969  27.528  22.434  -60.097 0.1428571492
92982  25.093  23.162  -62.872 0.1428571492
54244  21.592  -14.147  -35.188 0.1428571492
57549  23.760  -10.845  -38.270 0.4285714328
58532  25.585  -9.455  -38.577 0.2857142985
57560  24.325  -10.289  -38.788 0.4285714328
58533  23.393  -10.559  -39.156 0.2857142985
59812  25.978  -8.873  -39.001 0.1428571492
62288  28.545  -6.124  -40.360 0.2857142985
63398  28.415  -5.338  -41.474 0.2857142985
62298  27.125  -6.356  -41.692 0.2857142985
139234  27.636  -5.676  -41.990 0.2857142985
66389  28.525  -2.160  -47.068 0.7142857313
76387  32.592  6.480  -54.819 0.1428571492
78576  31.854  8.904  -55.012 0.1428571492
147023  31.584  10.971  -54.522 0.1428571492
82896  31.717  12.224  -52.807 0.2857142985
146989  31.500  11.814  -54.460 0.1428571492
81800  31.590  11.611  -51.429 0.8571428657
78532  30.272  8.796  -49.129 0.8571428657
78519  29.921  8.070  -48.754 1.0000000000
84012  31.529  13.717  -54.341 0.1428571492
85982  31.390  15.088  -54.527 0.1428571492
86917  31.230  15.917  -54.502 0.2857142985
83967  27.698  13.773  -50.594 0.8571428657
86918  31.005  16.737  -53.959 0.5714285970
151425  30.158  18.989  -55.472 0.5714285970
89981  29.654  19.619  -55.213 0.7142857313
90963  29.370  20.218  -57.483 0.4285714328
90000  29.900  19.419  -57.158 0.2857142985
90970  29.255  20.279  -58.231 0.1428571492
91968  28.480  21.321  -59.082 0.1428571492
91969  28.080  21.883  -59.579 0.1428571492
137368  26.027  23.287  -59.207 0.2857142985
91975  28.076  21.523  -60.559 0.1428571492
92964  26.096  23.378  -60.003 0.1428571492
94036  24.720  23.731  -59.796 0.1428571492
92975  26.654  22.761  -61.481 0.1428571492
94054  24.165  24.173  -61.730 0.1428571492
94047  24.225  24.239  -60.785 0.1428571492
94055  23.723  24.482  -61.969 0.1428571492
134205  31.000  16.813  -54.885 0.4285714328
87945  30.720  17.625  -55.275 0.4285714328
88982  30.470  18.301  -55.635 0.4285714328
88985  30.283  18.676  -56.423 0.4285714328
89992  29.867  19.574  -56.088 0.5714285970
90952  29.431  20.218  -56.584 0.5714285970
55331  23.087  -12.188  -36.440 0.1428571492
55343  22.038  -11.934  -37.358 0.1428571492
54258  21.318  -13.555  -35.795 0.1428571492
56464  22.345  -11.418  -38.017 0.4285714328
57537  24.927  -10.757  -36.964 0.1428571492
138145  24.946  -9.784  -38.902 0.1428571492
62289  27.866  -6.576  -40.404 0.2857142985
69536  29.140  0.429  -47.827 0.7142857313
72805  31.307  3.892  -48.986 0.8571428657
75146  32.529  5.273  -50.635 0.5714285970
76343  32.111  6.908  -50.169 0.5714285970
79636  32.358  8.828  -52.028 0.2857142985
76377  32.631  6.806  -53.707 0.1428571492
78542  32.433  7.747  -51.263 0.1428571492
81817  31.784  11.455  -52.437 0.5714285970
152831  30.968  8.821  -49.529 0.8571428657
150370  31.242  10.717  -50.324 0.8571428657
82885  31.459  12.366  -51.469 0.8571428657
85031  30.445  14.722  -51.321 0.8571428657
83978  30.697  13.925  -51.100 0.8571428657
150545  28.992  13.247  -50.143 0.8571428657
85954  30.150  15.484  -51.472 0.8571428657
87932  30.559  17.332  -53.437 0.8571428657
87933  30.023  17.785  -52.998 0.8571428657
90977  28.789  20.591  -59.505 0.1428571492
91953  27.855  21.987  -57.807 0.5714285970
91939  27.796  21.565  -56.434 0.5714285970
91978  27.118  22.006  -62.036 0.1428571492
92952  26.487  22.903  -58.581 0.4285714328
92963  26.794  22.991  -59.590 0.1428571492
92981  25.648  22.850  -62.622 0.1428571492
92980  26.346  22.462  -62.347 0.1428571492
94052  25.287  23.594  -61.205 0.1428571492
61096  28.292  -7.216  -39.312 0.1428571492
87941  30.714  17.547  -54.323 0.5714285970
155698  23.952  -10.233  -39.394 0.4285714328
62309  26.943  -6.117  -42.583 0.5714285970
94028  25.301  23.515  -59.456 0.1428571492
139076  26.399  -6.469  -43.076 0.5714285970
61130  25.167  -7.136  -43.029 0.5714285970
61143  23.930  -6.921  -42.952 0.2857142985
63417  26.433  -5.790  -44.228 0.5714285970
62336  24.932  -6.067  -44.144 0.5714285970
61118  23.902  -8.031  -42.064 0.4285714328
62324  26.102  -6.370  -43.722 0.5714285970
62312  23.294  -6.663  -42.754 0.2857142985
62337  24.128  -5.928  -43.926 0.4285714328
65437  27.732  -4.076  -45.492 0.4285714328
64459  26.648  -4.902  -45.357 0.5714285970
63442  25.595  -4.918  -45.268 0.5714285970
63443  24.876  -4.861  -45.026 0.4285714328
65447  27.304  -3.938  -46.144 0.5714285970
65448  26.708  -3.968  -46.162 0.5714285970
63441  26.139  -4.834  -45.447 0.4285714328
65459  27.055  -3.390  -46.566 0.7142857313
66392  26.413  -2.767  -46.712 0.4285714328
65458  27.639  -3.002  -46.718 0.4285714328
63418  23.317  -5.697  -43.745 0.2857142985
62326  22.937  -6.057  -43.137 0.2857142985
64472  25.215  -4.330  -45.519 0.4285714328
65446  27.875  -3.461  -46.257 0.7142857313
67383  27.623  -1.551  -47.280 0.7142857313
68441  26.040  -1.060  -47.606 0.4285714328
68454  27.039  -0.326  -47.658 0.7142857313
69540  25.450  0.270  -48.554 0.5714285970
69539  26.321  0.501  -48.230 0.7142857313
70593  25.513  0.935  -48.922 0.2857142985
67382  28.324  -1.726  -47.296 0.5714285970
146454  27.599  -0.931  -47.459 0.5714285970
68440  26.856  -1.004  -47.466 0.7142857313
70591  26.978  1.276  -48.115 0.7142857313
71697  26.654  2.115  -48.703 0.7142857313
71711  26.520  2.797  -49.148 0.7142857313
156347  25.821  2.321  -49.549 0.7142857313
155580  25.465  2.887  -50.122 0.4285714328
70589  29.220  1.250  -47.893 0.5714285970
69538  27.455  0.377  -47.754 0.5714285970
71695  28.650  2.039  -47.856 0.5714285970
71696  27.239  2.794  -48.529 0.5714285970
72809  26.891  3.604  -49.032 0.7142857313
73973  26.934  4.563  -49.290 0.7142857313
75136  27.690  6.011  -49.058 0.7142857313
73974  26.254  4.011  -49.857 0.7142857313
73984  25.826  4.426  -50.450 0.5714285970
76332  26.454  6.000  -50.178 0.5714285970
73960  30.750  4.761  -48.758 0.7142857313
146172  28.535  3.945  -48.289 0.5714285970
72808  27.877  3.429  -48.350 0.5714285970
141291  28.719  4.832  -48.448 0.7142857313
143246  27.735  4.294  -48.631 0.7142857313
76323  28.328  6.434  -48.787 0.8571428657
154464  25.527  3.615  -50.384 0.4285714328
77448  27.248  7.063  -49.570 0.7142857313
76344  26.701  6.657  -49.923 0.7142857313
147417  27.235  7.708  -49.630 0.7142857313
76345  26.228  6.636  -50.480 0.5714285970
77458  26.677  7.282  -49.998 0.7142857313
73961  29.854  4.807  -48.467 0.5714285970
73962  27.694  5.184  -48.870 0.7142857313
77436  28.623  7.080  -48.777 0.8571428657
78520  28.974  7.909  -48.736 0.8571428657
78535  27.581  8.363  -49.481 0.7142857313
78544  26.748  8.196  -50.008 0.5714285970
79638  26.120  9.437  -50.689 0.2857142985
77435  29.624  7.195  -48.618 0.7142857313
78534  28.426  8.541  -49.092 0.7142857313
81802  26.166  11.029  -50.769 0.7142857313
78533  29.364  8.730  -48.912 0.7142857313
79621  27.910  9.160  -49.379 0.8571428657
79628  27.224  8.927  -49.705 0.8571428657
82874  28.346  12.450  -50.040 0.8571428657
80733  28.226  9.990  -49.433 0.8571428657
80744  26.634  10.205  -50.267 0.5714285970
81793  27.046  11.247  -50.241 0.8571428657
146850  27.445  12.020  -50.245 0.8571428657
147382  26.568  12.017  -50.694 0.7142857313
80732  29.220  10.161  -49.345 0.8571428657
82875  27.332  12.834  -50.467 0.8571428657
83966  28.524  13.714  -50.403 0.8571428657
83968  26.868  13.457  -50.801 0.7142857313
86901  27.312  16.669  -51.927 0.7142857313
87926  27.613  17.469  -52.301 0.5714285970
86902  26.485  16.216  -52.163 0.7142857313
87927  26.592  17.089  -52.549 0.7142857313
88956  28.007  18.196  -52.627 0.7142857313
88967  27.536  18.710  -53.130 0.8571428657
89968  27.044  19.311  -53.606 0.7142857313
87934  26.143  17.739  -53.104 0.7142857313
89969  26.008  19.126  -53.813 0.7142857313
89976  25.462  19.611  -54.424 0.7142857313
88976  25.064  18.817  -54.160 0.5714285970
133743  27.625  19.898  -54.062 0.7142857313
90932  26.699  20.551  -54.739 0.7142857313
89977  24.562  19.393  -54.653 0.5714285970
90933  25.817  20.355  -54.786 0.4285714328
89983  24.970  19.994  -54.952 0.5714285970
90931  27.309  20.348  -54.518 0.5714285970
91929  25.578  21.526  -55.825 0.5714285970
90942  25.036  20.752  -55.370 0.5714285970
89984  24.144  20.091  -55.168 0.5714285970
89978  23.838  19.331  -54.635 0.4285714328
88978  23.579  18.555  -54.177 0.4285714328
89985  23.453  19.983  -54.922 0.5714285970
145193  22.948  19.388  -53.933 0.4285714328
87938  22.620  17.894  -53.378 0.4285714328
89979  23.348  19.369  -54.389 0.5714285970
90934  22.979  20.615  -54.799 0.4285714328
68427  30.316  -0.554  -46.947 0.2857142985
132724  22.914  20.147  -54.134 0.4285714328
143739  25.176  -7.693  -42.395 0.5714285970
61117  24.629  -8.108  -42.024 0.5714285970
64447  27.682  -4.917  -43.696 0.2857142985
63416  27.122  -5.461  -43.953 0.4285714328
61131  24.433  -7.441  -42.639 0.5714285970
64457  27.879  -4.390  -44.405 0.2857142985
64458  27.276  -4.757  -45.101 0.5714285970
61132  23.606  -7.328  -42.431 0.2857142985
63431  24.504  -5.430  -44.520 0.4285714328
64482  25.586  -3.830  -45.930 0.4285714328
65460  26.120  -3.416  -46.353 0.5714285970
63432  22.918  -5.024  -44.084 0.2857142985
154680  24.086  -4.753  -44.815 0.2857142985
66406  26.592  -2.157  -46.916 0.5714285970
69524  31.218  0.640  -47.804 0.2857142985
68456  24.564  -0.537  -48.130 0.2857142985
70592  26.025  1.439  -48.887 0.7142857313
79620  28.809  9.367  -49.159 0.8571428657
80743  27.333  9.696  -49.708 0.7142857313
85957  27.760  15.441  -51.117 0.7142857313
86894  27.022  15.790  -51.630 0.7142857313
85958  26.345  15.219  -51.752 0.7142857313
88977  24.252  18.628  -54.306 0.5714285970
88979  23.204  18.853  -53.946 0.2857142985
90940  27.482  20.825  -55.126 0.5714285970
91928  26.447  21.641  -55.876 0.5714285970
90943  24.148  20.791  -55.661 0.5714285970
90954  23.879  21.303  -56.002 0.2857142985
65461  25.200  -3.223  -46.268 0.4285714328
63407  27.471  -5.432  -42.991 0.2857142985
72807  28.940  3.065  -47.990 0.7142857313
68453  27.974  -0.398  -47.552 0.5714285970
75124  30.337  5.557  -48.623 0.7142857313
76322  29.064  6.436  -48.548 0.7142857313
75125  29.406  5.644  -48.481 0.7142857313
80742  28.607  10.842  -49.535 0.7142857313
89967  28.073  19.325  -53.575 0.8571428657
136069  28.241  -2.790  -46.644 0.5714285970
66404  27.939  -2.055  -47.162 0.5714285970
85025  26.903  14.173  -50.977 0.7142857313
70590  28.193  1.087  -47.770 0.5714285970
62323  26.739  -5.961  -43.444 0.5714285970
135050  25.384  -6.556  -43.666 0.5714285970
61129  25.674  -7.262  -42.581 0.4285714328
61142  24.544  -6.657  -43.412 0.5714285970
62325  23.696  -6.350  -43.352 0.4285714328
63428  26.847  -5.293  -44.736 0.5714285970
62335  25.705  -5.983  -44.281 0.5714285970
63429  26.102  -5.389  -44.947 0.5714285970
63430  25.298  -5.466  -44.718 0.4285714328
59845  24.176  -8.584  -41.524 0.5714285970
64460  23.691  -5.286  -44.329 0.4285714328
64469  27.047  -4.442  -45.783 0.5714285970
64470  26.435  -4.427  -45.763 0.5714285970
136398  24.452  -4.224  -45.326 0.4285714328
66391  27.160  -2.684  -46.824 0.5714285970
66407  25.817  -2.142  -46.908 0.4285714328
66405  27.332  -2.111  -47.014 0.5714285970
67384  26.741  -1.603  -47.200 0.7142857313
68455  26.127  -0.350  -47.881 0.5714285970
146924  25.335  -0.456  -48.136 0.4285714328
67396  25.298  -1.099  -47.694 0.4285714328
67386  25.245  -1.626  -47.309 0.4285714328
69541  24.756  0.248  -48.695 0.2857142985
145283  27.606  2.021  -48.081 0.7142857313
72821  26.072  3.178  -49.766 0.7142857313
156593  28.059  2.692  -48.094 0.5714285970
157798  26.385  4.723  -49.956 0.7142857313
75147  26.128  5.199  -50.412 0.7142857313
75126  28.471  5.779  -48.640 0.5714285970
76331  27.111  6.329  -49.566 0.7142857313
75156  25.735  5.825  -50.916 0.2857142985
78551  25.968  8.459  -50.777 0.5714285970
78552  25.259  8.259  -51.589 0.2857142985
140388  27.595  10.610  -49.755 0.8571428657
88957  27.062  17.974  -52.807 0.7142857313
88968  26.551  18.539  -53.310 0.7142857313
89975  26.551  19.941  -54.209 0.8571428657
91930  24.591  21.373  -55.947 0.7142857313
90944  23.550  20.696  -55.459 0.5714285970
147634  23.062  19.969  -54.619 0.4285714328
64473  23.653  -4.085  -45.138 0.1428571492
65462  24.337  -3.116  -46.177 0.4285714328
56465  21.724  -11.109  -38.232 0.4285714328
64435  29.268  -4.077  -42.259 0.1428571492
64436  28.575  -4.470  -42.644 0.1428571492
65417  28.877  -3.860  -43.101 0.1428571492
66370  29.178  -2.418  -45.478 0.1428571492
67365  29.515  -1.771  -45.940 0.1428571492
65416  29.597  -3.415  -42.683 0.1428571492
67364  30.112  -1.172  -45.439 0.1428571492
136834  29.387  -2.503  -44.576 0.1428571492
66363  30.009  -2.704  -42.924 0.1428571492
70574  31.694  1.222  -48.142 0.2857142985
71692  31.862  2.513  -48.972 0.1428571492
85024  27.701  14.652  -50.833 0.5714285970
95992  23.264  25.949  -61.467 0.1428571492
82887  25.624  12.734  -51.474 0.4285714328
146234  23.319  25.973  -60.141 0.1428571492
94037  24.147  23.985  -59.716 0.1428571492
137496  25.684  14.728  -52.012 0.4285714328
157182  26.402  15.716  -51.937 0.5714285970
86903  25.831  16.404  -52.686 0.4285714328
92956  23.696  23.612  -58.054 0.2857142985
91954  24.067  22.236  -56.830 0.2857142985
91941  25.094  21.983  -56.407 0.2857142985
92934  24.629  22.365  -56.972 0.2857142985
142288  23.710  14.890  -53.320 0.1428571492
87928  25.809  17.057  -53.012 0.5714285970
91944  23.503  22.235  -56.277 0.2857142985
91940  26.085  22.025  -56.378 0.4285714328
86911  24.465  16.129  -53.297 0.4285714328
138302  24.417  17.057  -53.630 0.5714285970
91943  23.762  21.903  -56.399 0.2857142985
86912  23.090  16.515  -53.579 0.4285714328
87937  23.592  17.140  -53.742 0.2857142985
91931  23.191  21.732  -55.609 0.1428571492
90955  23.488  21.475  -55.810 0.1428571492
86913  22.633  16.737  -53.363 0.1428571492
87942  23.445  17.808  -53.854 0.4285714328
91921  22.980  21.328  -55.009 0.1428571492
155186  23.335  22.449  -55.906 0.1428571492
86919  22.972  17.348  -53.617 0.2857142985
91916  22.938  20.924  -54.218 0.2857142985
91907  22.930  20.865  -53.315 0.1428571492
92915  23.109  22.069  -55.266 0.1428571492
91920  23.048  21.720  -54.582 0.1428571492
91915  23.135  21.480  -53.807 0.1428571492
135042  23.326  22.052  -54.172 0.1428571492
57561  22.291  -10.652  -38.918 0.4285714328
58559  21.884  -9.109  -39.935 0.2857142985
64425  28.872  -4.690  -41.820 0.1428571492
66362  29.986  -2.167  -43.772 0.1428571492
69505  30.948  0.002  -46.385 0.1428571492
85034  25.682  14.075  -51.735 0.2857142985
91938  28.090  21.128  -55.853 0.4285714328
92933  25.673  22.472  -57.099 0.2857142985
92935  23.440  22.868  -56.568 0.2857142985
92944  24.119  22.736  -57.431 0.2857142985
94017  23.410  23.144  -56.338 0.2857142985
58548  21.334  -9.236  -39.344 0.2857142985
59810  27.636  -8.407  -38.442 0.1428571492
59811  26.811  -8.606  -38.694 0.1428571492
63389  29.255  -5.044  -40.938 0.1428571492
70587  31.564  1.697  -48.641 0.1428571492
69515  30.760  0.050  -47.393 0.1428571492
138317  22.518  15.991  -53.334 0.1428571492
83979  26.151  13.611  -51.289 0.4285714328
85972  23.191  15.568  -53.508 0.2857142985
88970  24.736  17.992  -53.888 0.5714285970
136923  26.987  21.902  -56.355 0.4285714328
92946  23.549  23.186  -57.211 0.2857142985
92945  23.848  22.851  -57.427 0.2857142985
92943  24.952  22.845  -57.648 0.2857142985
92954  24.462  23.177  -58.099 0.2857142985
94030  23.682  24.193  -59.152 0.1428571492
95054  23.488  24.852  -59.216 0.1428571492
94038  23.815  24.439  -60.155 0.1428571492
92926  23.342  22.731  -55.592 0.2857142985
150898  23.603  24.717  -59.790 0.1428571492
92965  24.438  23.521  -58.920 0.1428571492
140445  25.802  22.887  -57.865 0.4285714328
94022  23.540  23.722  -57.565 0.2857142985
92953  25.336  23.247  -58.509 0.2857142985
58546  22.858  -10.080  -39.756 0.4285714328
70575  31.031  0.897  -48.420 0.4285714328
91927  27.213  21.432  -55.761 0.4285714328
153355  25.839  15.585  -52.292 0.4285714328
87935  25.308  17.450  -53.433 0.5714285970
88969  25.607  18.290  -53.594 0.5714285970
89986  23.175  20.441  -55.068 0.4285714328
90924  22.875  20.359  -53.601 0.2857142985
90945  23.105  21.002  -55.357 0.2857142985
85959  26.271  14.470  -51.487 0.5714285970
87936  23.979  17.841  -53.976 0.5714285970
66369  29.790  -1.786  -44.825 0.1428571492
68408  30.707  -0.646  -44.923 0.1428571492
85964  25.083  14.944  -52.618 0.2857142985
91956  23.573  22.741  -56.858 0.2857142985
91955  23.752  22.471  -56.860 0.2857142985
91942  24.254  21.845  -56.447 0.2857142985
152940  23.904  15.643  -53.364 0.2857142985
86910  25.166  16.641  -53.191 0.4285714328
152087  23.761  16.339  -53.545 0.4285714328
57573  21.599  -10.066  -39.077 0.2857142985
68417  31.136  -0.037  -45.350 0.1428571492
83980  25.437  13.493  -51.770 0.2857142985
92955  23.972  23.284  -58.101 0.2857142985
94029  23.916  23.723  -58.760 0.2857142985
75148  25.453  4.908  -50.908 0.4285714328
95033  23.700  24.299  -56.678 0.1428571492
132874  23.456  23.311  -56.941 0.1428571492
143659  23.932  24.942  -56.910 0.1428571492
92913  23.909  23.188  -54.775 0.1428571492
95032  24.134  24.826  -56.308 0.1428571492
150047  23.526  23.700  -56.400 0.1428571492
94016  23.531  24.006  -56.952 0.1428571492
94008  23.932  23.658  -55.401 0.1428571492
94009  23.526  23.357  -55.862 0.1428571492
95019  24.456  24.596  -55.494 0.1428571492
95942  24.194  25.621  -56.713 0.1428571492
95020  23.835  24.043  -56.034 0.1428571492
95914  25.047  25.571  -55.153 0.1428571492
95927  24.590  25.606  -55.954 0.1428571492
77459  26.118  7.451  -50.602 0.2857142985
93996  24.493  23.921  -54.821 0.1428571492
96838  23.990  26.447  -57.223 0.1428571492
66379  28.565  -2.957  -45.951 0.2857142985
95040  23.514  24.411  -57.836 0.1428571492
95039  23.656  24.652  -57.336 0.1428571492
95955  23.579  25.275  -57.983 0.1428571492
95003  25.043  24.726  -54.702 0.1428571492
140514  28.295  -3.480  -45.541 0.4285714328
59844  24.921  -8.524  -41.419 0.4285714328
59832  25.293  -8.710  -40.665 0.2857142985
59831  26.034  -8.263  -40.350 0.1428571492
61116  25.879  -7.572  -41.809 0.2857142985
61108  25.628  -8.170  -41.175 0.1428571492
59823  24.903  -9.267  -40.157 0.2857142985
59833  24.516  -8.988  -40.888 0.4285714328
62299  26.648  -6.983  -41.309 0.1428571492
61107  26.332  -7.649  -40.838 0.1428571492
59822  25.663  -8.808  -39.844 0.1428571492
62310  26.347  -6.813  -42.321 0.2857142985
154149  25.255  -8.082  -41.820 0.2857142985
85970  25.143  15.827  -52.886 0.2857142985
58557  23.292  -9.530  -40.371 0.2857142985
58558  22.530  -9.367  -40.202 0.2857142985
59834  23.726  -9.061  -40.969 0.2857142985
59835  22.938  -8.922  -40.858 0.2857142985
59846  23.426  -8.452  -41.441 0.2857142985
66393  25.567  -2.696  -46.632 0.2857142985
66408  25.023  -2.087  -46.984 0.2857142985
150522  24.642  -1.579  -47.344 0.2857142985
150917  25.205  1.607  -49.546 0.1428571492
71713  24.660  2.005  -49.943 0.1428571492
71712  25.095  2.392  -50.079 0.2857142985
73985  25.262  4.234  -50.754 0.1428571492
148936  24.986  7.373  -51.876 0.1428571492
79647  24.873  9.043  -51.995 0.1428571492
148512  25.446  10.757  -51.410 0.1428571492
156772  24.770  9.734  -52.031 0.1428571492
81803  25.673  11.755  -51.275 0.1428571492
81811  24.467  11.319  -52.280 0.1428571492
84001  23.870  13.340  -53.099 0.1428571492
85051  23.466  13.982  -53.322 0.1428571492
85042  24.275  14.282  -52.920 0.1428571492
87943  23.116  18.178  -53.755 0.1428571492
88971  22.822  18.639  -53.560 0.1428571492
87939  22.086  17.564  -52.828 0.1428571492
153046  22.605  19.024  -53.369 0.1428571492
89960  22.356  18.994  -52.821 0.1428571492
89970  22.744  19.655  -53.328 0.1428571492
57562  21.406  -10.521  -38.498 0.2857142985
58556  24.087  -9.515  -40.359 0.1428571492
155751  26.065  12.339  -51.095 0.2857142985
148119  24.973  12.052  -51.919 0.1428571492
85971  24.419  15.292  -53.059 0.1428571492
57563  20.739  -10.222  -38.069 0.2857142985
64483  24.814  -3.708  -45.808 0.2857142985
66394  24.694  -2.580  -46.612 0.2857142985
66409  24.173  -1.887  -47.048 0.2857142985
71725  24.618  2.661  -50.324 0.1428571492
75157  25.030  5.386  -51.378 0.1428571492
76356  24.565  5.923  -51.735 0.1428571492
142506  25.197  6.161  -51.540 0.1428571492
77481  23.705  7.171  -52.322 0.1428571492
78561  24.639  8.046  -52.197 0.1428571492
144019  24.288  8.646  -52.468 0.1428571492
79648  24.293  9.557  -52.456 0.1428571492
84002  23.197  13.077  -53.420 0.1428571492
88972  22.370  18.413  -53.097 0.1428571492
66395  23.843  -2.510  -46.515 0.2857142985
139826  23.650  -10.018  -39.832 0.2857142985
72822  25.018  3.049  -50.451 0.1428571492
80752  25.843  10.097  -50.998 0.1428571492
153591  22.476  17.229  -53.248 0.1428571492
65449  23.996  -3.602  -45.665 0.1428571492
85041  25.053  14.000  -52.293 0.1428571492
68442  24.135  -1.096  -47.620 0.1428571492
80760  24.739  10.441  -52.023 0.1428571492
139661  23.280  7.889  -52.595 0.1428571492
58534  21.032  -9.765  -38.681 0.1428571492
58536  19.938  -9.135  -37.714 0.1428571492
58549  20.707  -9.054  -38.818 0.1428571492
59847  22.656  -8.137  -41.193 0.1428571492
71710  32.070  3.279  -49.349 0.1428571492
71709  32.807  3.329  -49.611 0.1428571492
135534  30.860  16.857  -55.807 0.1428571492
56454  20.564  -11.191  -37.257 0.1428571492
59824  20.751  -8.277  -39.283 0.1428571492
59836  22.124  -8.541  -40.514 0.1428571492
61119  23.143  -7.714  -41.801 0.1428571492
59837  21.417  -8.469  -39.905 0.1428571492
61133  22.881  -6.992  -42.149 0.1428571492
86922  31.074  16.039  -55.465 0.1428571492
87947  30.591  17.666  -56.275 0.1428571492
62313  22.597  -6.353  -42.487 0.1428571492
85983  31.240  15.218  -55.208 0.1428571492
57550  21.036  -11.045  -37.816 0.1428571492
151076  32.485  3.693  -49.783 0.1428571492
152634  23.283  -4.583  -44.627 0.1428571492
58547  22.076  -9.803  -39.584 0.1428571492
57551  20.428  -10.586  -37.446 0.1428571492
58535  20.433  -9.430  -38.236 0.1428571492
61120  22.305  -7.290  -41.494 0.1428571492
59820  27.233  -8.103  -39.091 0.1428571492
62311  25.848  -6.843  -43.133 0.4285714328
63390  28.657  -5.616  -40.810 0.1428571492
64471  25.869  -4.392  -45.672 0.4285714328
64481  26.162  -4.000  -45.989 0.5714285970
65450  23.228  -3.484  -45.484 0.1428571492
66390  27.813  -2.494  -46.942 0.5714285970
67357  30.375  -1.206  -44.643 0.1428571492
67385  25.961  -1.628  -47.248 0.5714285970
67397  24.746  -1.190  -47.642 0.2857142985
68418  30.503  -0.577  -45.913 0.1428571492
68428  29.651  -1.067  -47.292 0.8571428657
69537  28.346  0.197  -47.665 0.7142857313
75137  26.856  5.447  -49.578 0.7142857313
76321  30.404  6.910  -48.723 0.8571428657
76342  32.473  6.267  -50.723 0.4285714328
76353  32.679  6.448  -51.581 0.4285714328
76354  25.663  6.700  -51.106 0.1428571492
77446  30.838  8.057  -49.222 0.8571428657
77447  27.824  6.771  -49.144 0.8571428657
77468  32.618  7.235  -51.835 0.1428571492
77480  24.364  7.220  -52.230 0.1428571492
78550  32.530  8.021  -51.937 0.1428571492
78560  32.501  8.264  -52.664 0.2857142985
78562  23.981  7.904  -52.572 0.1428571492
79619  29.768  9.484  -49.189 0.8571428657
79629  26.648  9.166  -50.155 0.5714285970
79639  25.537  9.202  -51.277 0.2857142985
80751  31.634  10.839  -50.951 0.8571428657
80753  25.199  9.885  -51.622 0.1428571492
81792  27.979  11.513  -49.818 0.8571428657
81810  25.044  11.276  -51.771 0.1428571492
82906  31.613  13.184  -53.831 0.1428571492
83989  24.802  12.994  -52.161 0.2857142985
85022  29.259  14.741  -50.711 0.8571428657
85033  26.976  14.972  -51.261 0.5714285970
85050  31.439  14.831  -53.356 0.2857142985
85052  23.013  14.578  -53.507 0.1428571492
87923  30.276  17.076  -52.646 0.8571428657
87924  29.717  17.459  -52.508 0.8571428657
88954  29.455  17.917  -52.707 0.8571428657
88966  28.520  18.741  -53.089 0.8571428657
90941  26.321  21.074  -55.288 0.4285714328
90971  28.891  20.737  -58.653 0.1428571492
92932  26.691  22.277  -56.973 0.5714285970
92941  27.212  22.303  -57.527 0.5714285970
92983  24.688  23.389  -62.919 0.1428571492
94053  24.642  23.860  -61.470 0.1428571492
135131  27.315  -6.585  -40.954 0.2857142985
136062  28.842  20.755  -56.145 0.5714285970
137458  31.634  12.408  -53.725 0.1428571492
138122  29.247  13.980  -50.446 0.8571428657
138984  27.984  7.637  -49.188 0.8571428657
139357  30.681  16.822  -56.575 0.1428571492
142052  28.402  17.696  -52.317 0.5714285970
143074  32.985  5.644  -53.164 0.1428571492
144608  28.173  13.207  -50.313 0.8571428657
144679  24.666  1.456  -49.560 0.1428571492
146566  26.421  12.836  -50.953 0.2857142985
151127  25.121  -9.978  -38.210 0.2857142985
156774  28.435  21.182  -56.518 0.4285714328
159370  27.384  -5.014  -44.411 0.5714285970
