#!ascii label  , from subject ICBM2009cNolinAsym vox2ras=TkReg
293
75126  28.471  5.779  -48.640 0.0000000000
64458  27.276  -4.757  -45.101 0.0000000000
81802  26.166  11.029  -50.769 0.0000000000
89984  24.144  20.091  -55.168 0.0000000000
135050  25.384  -6.556  -43.666 0.0000000000
85021  29.980  14.328  -50.745 0.0000000000
86900  28.406  17.026  -51.860 0.0000000000
156347  25.821  2.321  -49.549 0.0000000000
68454  27.039  -0.326  -47.658 0.0000000000
72807  28.940  3.065  -47.990 0.0000000000
78531  31.497  8.387  -49.890 0.0000000000
73971  32.102  5.050  -49.786 0.0000000000
78535  27.581  8.363  -49.481 0.0000000000
80740  30.614  10.900  -49.877 0.0000000000
88969  25.607  18.290  -53.594 0.0000000000
89974  28.562  19.755  -54.193 0.0000000000
66378  28.917  -2.361  -46.415 0.0000000000
85957  27.760  15.441  -51.117 0.0000000000
86901  27.312  16.669  -51.927 0.0000000000
73973  26.934  4.563  -49.290 0.0000000000
71696  27.239  2.794  -48.529 0.0000000000
146172  28.535  3.945  -48.289 0.0000000000
63417  26.433  -5.790  -44.228 0.0000000000
80743  27.333  9.696  -49.708 0.0000000000
80732  29.220  10.161  -49.345 0.0000000000
81791  29.045  11.688  -49.721 0.0000000000
85963  30.813  15.187  -51.995 0.0000000000
83977  31.221  13.608  -51.629 0.0000000000
89979  23.348  19.369  -54.389 0.0000000000
87936  23.979  17.841  -53.976 0.0000000000
89977  24.562  19.393  -54.653 0.0000000000
92951  27.293  22.421  -58.227 0.0000000000
91952  28.326  21.454  -57.243 0.0000000000
90930  28.111  20.316  -54.643 0.0000000000
90938  29.295  20.222  -55.687 0.0000000000
89972  29.941  19.130  -54.762 0.0000000000
69527  28.883  -0.367  -47.700 0.0000000000
67382  28.324  -1.726  -47.296 0.0000000000
61131  24.433  -7.441  -42.639 0.0000000000
82874  28.346  12.450  -50.040 0.0000000000
83967  27.698  13.773  -50.594 0.0000000000
85955  29.300  15.527  -51.098 0.0000000000
86909  30.828  16.525  -53.098 0.0000000000
69540  25.450  0.270  -48.554 0.0000000000
70591  26.978  1.276  -48.115 0.0000000000
70590  28.193  1.087  -47.770 0.0000000000
69535  30.119  0.806  -48.179 0.0000000000
77435  29.624  7.195  -48.618 0.0000000000
75124  30.337  5.557  -48.623 0.0000000000
76329  31.599  6.611  -49.471 0.0000000000
75147  26.128  5.199  -50.412 0.0000000000
76345  26.228  6.636  -50.480 0.0000000000
77448  27.248  7.063  -49.570 0.0000000000
78533  29.364  8.730  -48.912 0.0000000000
79618  30.643  9.480  -49.504 0.0000000000
134475  31.849  10.177  -51.343 0.0000000000
82872  30.597  12.400  -50.406 0.0000000000
81800  31.590  11.611  -51.429 0.0000000000
87935  25.308  17.450  -53.433 0.0000000000
91929  25.578  21.526  -55.825 0.0000000000
90932  26.699  20.551  -54.739 0.0000000000
89968  27.044  19.311  -53.606 0.0000000000
88957  27.062  17.974  -52.807 0.0000000000
88955  28.847  18.164  -52.632 0.0000000000
88964  30.265  18.145  -53.746 0.0000000000
65448  26.708  -3.968  -46.162 0.0000000000
67384  26.741  -1.603  -47.200 0.0000000000
147263  30.402  3.980  -48.532 0.0000000000
71693  30.962  2.364  -48.675 0.0000000000
157182  26.402  15.716  -51.937 0.0000000000
86902  26.485  16.216  -52.163 0.0000000000
73962  27.694  5.184  -48.870 0.0000000000
143246  27.735  4.294  -48.631 0.0000000000
141291  28.719  4.832  -48.448 0.0000000000
59845  24.176  -8.584  -41.524 0.0000000000
61117  24.629  -8.108  -42.024 0.0000000000
63428  26.847  -5.293  -44.736 0.0000000000
80744  26.634  10.205  -50.267 0.0000000000
140388  27.595  10.610  -49.755 0.0000000000
81793  27.046  11.247  -50.241 0.0000000000
85969  31.152  15.578  -52.915 0.0000000000
85040  31.310  14.635  -52.605 0.0000000000
89978  23.838  19.331  -54.635 0.0000000000
89983  24.970  19.994  -54.952 0.0000000000
90953  28.917  20.804  -56.962 0.0000000000
90952  29.431  20.218  -56.584 0.0000000000
68437  30.099  -0.441  -47.717 0.0000000000
68438  29.331  -0.813  -47.642 0.0000000000
63442  25.595  -4.918  -45.268 0.0000000000
83968  26.868  13.457  -50.801 0.0000000000
85025  26.903  14.173  -50.977 0.0000000000
86893  27.962  16.216  -51.409 0.0000000000
85956  28.492  15.746  -51.116 0.0000000000
86892  28.928  16.292  -51.434 0.0000000000
86891  29.732  16.111  -51.565 0.0000000000
86899  29.591  16.878  -51.979 0.0000000000
90944  23.550  20.696  -55.459 0.0000000000
70592  26.025  1.439  -48.887 0.0000000000
71697  26.654  2.115  -48.703 0.0000000000
156593  28.059  2.692  -48.094 0.0000000000
145283  27.606  2.021  -48.081 0.0000000000
71695  28.650  2.039  -47.856 0.0000000000
70589  29.220  1.250  -47.893 0.0000000000
71694  29.861  1.992  -48.131 0.0000000000
61130  25.167  -7.136  -43.029 0.0000000000
143739  25.176  -7.693  -42.395 0.0000000000
77434  30.387  7.499  -48.809 0.0000000000
76330  31.011  7.167  -49.048 0.0000000000
77445  31.576  7.516  -49.675 0.0000000000
73984  25.826  4.426  -50.450 0.0000000000
78544  26.748  8.196  -50.008 0.0000000000
77458  26.677  7.282  -49.998 0.0000000000
76344  26.701  6.657  -49.923 0.0000000000
147417  27.235  7.708  -49.630 0.0000000000
78520  28.974  7.909  -48.736 0.0000000000
78534  28.426  8.541  -49.092 0.0000000000
80741  29.657  10.939  -49.587 0.0000000000
80731  30.197  10.213  -49.492 0.0000000000
79627  31.044  10.157  -49.870 0.0000000000
80739  31.583  10.110  -50.574 0.0000000000
150370  31.242  10.717  -50.324 0.0000000000
150545  28.992  13.247  -50.143 0.0000000000
82873  29.548  12.499  -50.024 0.0000000000
83965  30.083  13.382  -50.440 0.0000000000
82885  31.459  12.366  -51.469 0.0000000000
81817  31.784  11.455  -52.437 0.0000000000
88970  24.736  17.992  -53.888 0.0000000000
87937  23.592  17.140  -53.742 0.0000000000
138302  24.417  17.057  -53.630 0.0000000000
141957  27.526  21.990  -57.026 0.0000000000
92942  26.543  22.602  -57.682 0.0000000000
91928  26.447  21.641  -55.876 0.0000000000
133743  27.625  19.898  -54.062 0.0000000000
89967  28.073  19.325  -53.575 0.0000000000
88968  26.551  18.539  -53.310 0.0000000000
88967  27.536  18.710  -53.130 0.0000000000
88956  28.007  18.196  -52.627 0.0000000000
89966  29.047  19.198  -53.701 0.0000000000
151425  30.158  18.989  -55.472 0.0000000000
134137  30.372  18.424  -54.731 0.0000000000
87941  30.714  17.547  -54.323 0.0000000000
65460  26.120  -3.416  -46.353 0.0000000000
68455  26.127  -0.350  -47.881 0.0000000000
68440  26.856  -1.004  -47.466 0.0000000000
66389  28.525  -2.160  -47.068 0.0000000000
66404  27.939  -2.055  -47.162 0.0000000000
136069  28.241  -2.790  -46.644 0.0000000000
65446  27.875  -3.461  -46.257 0.0000000000
75123  31.028  5.438  -48.923 0.0000000000
73960  30.750  4.761  -48.758 0.0000000000
73959  31.466  4.839  -49.220 0.0000000000
85959  26.271  14.470  -51.487 0.0000000000
85958  26.345  15.219  -51.752 0.0000000000
86894  27.022  15.790  -51.630 0.0000000000
72821  26.072  3.178  -49.766 0.0000000000
71711  26.520  2.797  -49.148 0.0000000000
72809  26.891  3.604  -49.032 0.0000000000
72808  27.877  3.429  -48.350 0.0000000000
144840  29.432  3.979  -48.282 0.0000000000
62324  26.102  -6.370  -43.722 0.0000000000
139076  26.399  -6.469  -43.076 0.0000000000
62323  26.739  -5.961  -43.444 0.0000000000
62309  26.943  -6.117  -42.583 0.0000000000
150683  31.864  8.679  -50.539 0.0000000000
77457  32.086  7.848  -50.490 0.0000000000
78551  25.968  8.459  -50.777 0.0000000000
79628  27.224  8.927  -49.705 0.0000000000
79621  27.910  9.160  -49.379 0.0000000000
80733  28.226  9.990  -49.433 0.0000000000
80742  28.607  10.842  -49.535 0.0000000000
81790  30.137  11.689  -49.915 0.0000000000
85031  30.445  14.722  -51.321 0.0000000000
83978  30.697  13.925  -51.100 0.0000000000
85030  31.061  14.343  -51.779 0.0000000000
83988  31.440  13.765  -52.392 0.0000000000
88977  24.252  18.628  -54.306 0.0000000000
88976  25.064  18.817  -54.160 0.0000000000
91953  27.855  21.987  -57.807 0.0000000000
91939  27.796  21.565  -56.434 0.0000000000
90940  27.482  20.825  -55.126 0.0000000000
90939  28.498  20.598  -55.367 0.0000000000
89982  28.969  20.068  -54.888 0.0000000000
89973  29.375  19.483  -54.449 0.0000000000
89981  29.654  19.619  -55.213 0.0000000000
89992  29.867  19.574  -56.088 0.0000000000
68453  27.974  -0.398  -47.552 0.0000000000
146454  27.599  -0.931  -47.459 0.0000000000
68439  28.430  -1.112  -47.491 0.0000000000
67381  28.965  -1.517  -47.405 0.0000000000
61142  24.544  -6.657  -43.412 0.0000000000
62336  24.932  -6.067  -44.144 0.0000000000
62335  25.705  -5.983  -44.281 0.0000000000
63429  26.102  -5.389  -44.947 0.0000000000
64459  26.648  -4.902  -45.357 0.0000000000
147382  26.568  12.017  -50.694 0.0000000000
146850  27.445  12.020  -50.245 0.0000000000
82875  27.332  12.834  -50.467 0.0000000000
83966  28.524  13.714  -50.403 0.0000000000
85023  28.493  14.342  -50.581 0.0000000000
85024  27.701  14.652  -50.833 0.0000000000
85952  28.501  15.114  -50.808 0.0000000000
85032  29.858  14.982  -51.022 0.0000000000
85954  30.150  15.484  -51.472 0.0000000000
86898  30.445  16.168  -52.177 0.0000000000
86908  31.154  16.043  -53.648 0.0000000000
89985  23.453  19.983  -54.922 0.0000000000
90943  24.148  20.791  -55.661 0.0000000000
69539  26.321  0.501  -48.230 0.0000000000
69538  27.455  0.377  -47.754 0.0000000000
69536  29.140  0.429  -47.827 0.0000000000
69526  29.751  -0.092  -47.947 0.0000000000
69525  30.538  0.243  -48.064 0.0000000000
76322  29.064  6.436  -48.548 0.0000000000
75125  29.406  5.644  -48.481 0.0000000000
135068  29.972  6.352  -48.555 0.0000000000
76320  30.898  6.268  -48.867 0.0000000000
75135  31.566  5.712  -49.350 0.0000000000
76343  32.111  6.908  -50.169 0.0000000000
75134  32.123  5.990  -49.973 0.0000000000
75146  32.529  5.273  -50.635 0.0000000000
73974  26.254  4.011  -49.857 0.0000000000
157798  26.385  4.723  -49.956 0.0000000000
75136  27.690  6.011  -49.058 0.0000000000
76332  26.454  6.000  -50.178 0.0000000000
76331  27.111  6.329  -49.566 0.0000000000
76323  28.328  6.434  -48.787 0.0000000000
77436  28.623  7.080  -48.777 0.0000000000
78519  29.921  8.070  -48.754 0.0000000000
78532  30.272  8.796  -49.129 0.0000000000
79620  28.809  9.367  -49.159 0.0000000000
152831  30.968  8.821  -49.529 0.0000000000
79626  31.442  9.309  -50.072 0.0000000000
79637  31.984  9.357  -51.121 0.0000000000
82871  31.130  13.017  -51.023 0.0000000000
82886  31.244  12.196  -50.916 0.0000000000
81801  31.103  11.509  -50.472 0.0000000000
140285  31.844  10.753  -51.882 0.0000000000
87928  25.809  17.057  -53.012 0.0000000000
91930  24.591  21.373  -55.947 0.0000000000
90942  25.036  20.752  -55.370 0.0000000000
89976  25.462  19.611  -54.424 0.0000000000
89969  26.008  19.126  -53.813 0.0000000000
90931  27.309  20.348  -54.518 0.0000000000
89975  26.551  19.941  -54.209 0.0000000000
87934  26.143  17.739  -53.104 0.0000000000
87927  26.592  17.089  -52.549 0.0000000000
87926  27.613  17.469  -52.301 0.0000000000
87925  29.090  17.552  -52.295 0.0000000000
88975  29.856  18.909  -54.040 0.0000000000
88965  29.493  18.468  -53.227 0.0000000000
87933  30.023  17.785  -52.998 0.0000000000
87932  30.559  17.332  -53.437 0.0000000000
86918  31.005  16.737  -53.959 0.0000000000
64470  26.435  -4.427  -45.763 0.0000000000
64469  27.047  -4.442  -45.783 0.0000000000
66406  26.592  -2.157  -46.916 0.0000000000
67383  27.623  -1.551  -47.280 0.0000000000
66405  27.332  -2.111  -47.014 0.0000000000
66391  27.160  -2.684  -46.824 0.0000000000
65459  27.055  -3.390  -46.566 0.0000000000
65447  27.304  -3.938  -46.144 0.0000000000
73961  29.854  4.807  -48.467 0.0000000000
72806  30.093  3.115  -48.287 0.0000000000
72805  31.307  3.892  -48.986 0.0000000000
149634  30.867  3.261  -48.674 0.0000000000
70588  30.773  1.466  -48.486 0.0000000000
64481  26.162  -4.000  -45.989 0.0000000000
66390  27.813  -2.494  -46.942 0.0000000000
67385  25.961  -1.628  -47.248 0.0000000000
68428  29.651  -1.067  -47.292 0.0000000000
69537  28.346  0.197  -47.665 0.0000000000
75137  26.856  5.447  -49.578 0.0000000000
76321  30.404  6.910  -48.723 0.0000000000
77446  30.838  8.057  -49.222 0.0000000000
77447  27.824  6.771  -49.144 0.0000000000
79619  29.768  9.484  -49.189 0.0000000000
79629  26.648  9.166  -50.155 0.0000000000
80751  31.634  10.839  -50.951 0.0000000000
81792  27.979  11.513  -49.818 0.0000000000
85022  29.259  14.741  -50.711 0.0000000000
85033  26.976  14.972  -51.261 0.0000000000
87923  30.276  17.076  -52.646 0.0000000000
87924  29.717  17.459  -52.508 0.0000000000
88954  29.455  17.917  -52.707 0.0000000000
88966  28.520  18.741  -53.089 0.0000000000
92932  26.691  22.277  -56.973 0.0000000000
92941  27.212  22.303  -57.527 0.0000000000
136062  28.842  20.755  -56.145 0.0000000000
138122  29.247  13.980  -50.446 0.0000000000
138984  27.984  7.637  -49.188 0.0000000000
142052  28.402  17.696  -52.317 0.0000000000
144608  28.173  13.207  -50.313 0.0000000000
159370  27.384  -5.014  -44.411 0.0000000000
