#!ascii label  , from subject NIHPD_75_135 vox2ras=TkReg
989
50892  -19.632  -15.225  51.573 0.0000000000
66598  -45.111  -1.723  38.737 0.0000000000
69779  -50.471  1.703  30.908 0.0000000000
68776  -58.076  0.422  24.347 0.0000000000
61096  -42.880  -6.227  41.208 0.0000000000
67750  -55.061  -0.335  27.946 0.0000000000
146595  -56.202  6.112  17.591 0.0000000000
77446  -61.097  9.191  15.055 0.0000000000
64537  -49.021  -3.466  37.630 0.0000000000
66620  -51.027  -0.536  34.781 0.0000000000
69710  -47.121  1.558  35.010 0.0000000000
55386  -21.341  -11.891  53.469 0.0000000000
54261  -25.726  -12.493  51.432 0.0000000000
55405  -30.408  -11.699  50.356 0.0000000000
54295  -34.489  -13.215  48.237 0.0000000000
54319  -39.808  -12.170  46.731 0.0000000000
56614  -43.605  -9.946  43.897 0.0000000000
130192  -46.764  -7.123  41.608 0.0000000000
63557  -55.150  -4.688  31.393 0.0000000000
78473  -62.614  9.962  12.649 0.0000000000
66582  -47.090  -1.926  39.449 0.0000000000
68620  -48.009  -0.104  37.663 0.0000000000
67657  -45.620  -0.200  36.834 0.0000000000
138963  -20.654  -11.611  50.150 0.0000000000
55377  -23.337  -12.614  52.568 0.0000000000
57675  -39.527  -9.483  45.485 0.0000000000
55466  -41.631  -11.030  45.908 0.0000000000
58735  -41.019  -8.308  44.651 0.0000000000
63445  -44.068  -3.904  40.353 0.0000000000
63395  -44.688  -5.420  43.004 0.0000000000
64518  -46.013  -3.511  41.392 0.0000000000
136379  -48.253  -4.864  39.495 0.0000000000
69731  -51.936  1.790  33.674 0.0000000000
65598  -53.281  -2.520  33.150 0.0000000000
69752  -53.840  0.809  31.991 0.0000000000
67763  -57.463  -1.039  25.869 0.0000000000
66686  -57.757  -1.943  27.446 0.0000000000
136102  -59.150  -2.395  24.885 0.0000000000
67794  -59.920  -1.090  22.307 0.0000000000
76349  -60.130  7.380  19.592 0.0000000000
75214  -57.757  6.658  21.313 0.0000000000
58778  -41.074  -8.384  41.418 0.0000000000
66760  -54.657  -0.819  23.314 0.0000000000
75266  -59.026  7.448  16.163 0.0000000000
138558  -62.192  7.138  17.462 0.0000000000
75294  -63.532  6.257  12.177 0.0000000000
147604  -49.617  -4.527  35.724 0.0000000000
66613  -49.205  -1.082  36.266 0.0000000000
69695  -49.341  1.445  35.524 0.0000000000
52028  -21.196  -13.875  53.897 0.0000000000
50884  -27.540  -15.221  50.928 0.0000000000
147015  -27.691  -12.153  51.082 0.0000000000
149131  -29.276  -14.390  50.071 0.0000000000
52080  -31.884  -14.738  49.851 0.0000000000
49802  -33.727  -16.063  48.348 0.0000000000
49839  -36.191  -16.677  47.324 0.0000000000
126123  -37.593  -13.370  46.771 0.0000000000
131874  -41.163  -14.031  44.846 0.0000000000
61043  -42.684  -7.264  43.788 0.0000000000
150754  -45.443  -8.459  42.694 0.0000000000
56666  -46.713  -9.930  39.996 0.0000000000
58797  -48.630  -8.220  38.905 0.0000000000
61117  -49.663  -6.944  37.461 0.0000000000
67699  -55.736  -1.050  30.125 0.0000000000
73214  -55.649  4.581  22.638 0.0000000000
141367  -57.841  2.366  23.991 0.0000000000
52040  -19.273  -14.080  53.693 0.0000000000
144654  -45.903  -1.389  39.187 0.0000000000
67626  -46.386  -0.768  38.653 0.0000000000
130130  -45.269  -0.845  37.474 0.0000000000
145180  -38.707  -9.626  43.891 0.0000000000
152822  -39.988  -9.090  45.225 0.0000000000
58749  -39.770  -8.611  43.636 0.0000000000
65555  -44.736  -2.796  40.065 0.0000000000
65549  -45.139  -3.153  41.132 0.0000000000
66580  -45.634  -2.380  40.256 0.0000000000
65552  -46.692  -2.841  40.341 0.0000000000
129892  -53.045  1.324  32.898 0.0000000000
70910  -52.557  2.229  31.895 0.0000000000
67768  -57.590  -0.585  25.049 0.0000000000
131035  -58.126  -1.307  25.799 0.0000000000
67779  -59.004  -0.734  24.562 0.0000000000
66751  -59.653  -1.422  23.834 0.0000000000
68770  -59.446  -0.270  24.037 0.0000000000
74235  -61.468  5.610  18.980 0.0000000000
75217  -60.310  6.446  20.583 0.0000000000
72156  -61.064  4.440  19.219 0.0000000000
134845  -59.148  7.232  15.178 0.0000000000
76395  -60.457  8.575  16.173 0.0000000000
76384  -60.674  8.445  17.014 0.0000000000
77439  -61.703  8.573  16.320 0.0000000000
75267  -62.801  6.337  15.581 0.0000000000
77457  -62.339  8.673  15.104 0.0000000000
77475  -63.713  8.098  12.540 0.0000000000
63496  -49.768  -4.514  36.972 0.0000000000
64546  -49.162  -2.773  36.594 0.0000000000
64542  -49.019  -2.832  37.148 0.0000000000
144809  -47.823  1.293  36.336 0.0000000000
68635  -48.543  0.503  36.503 0.0000000000
70854  -48.527  1.949  35.649 0.0000000000
70868  -49.685  2.098  34.747 0.0000000000
69711  -47.796  1.980  34.139 0.0000000000
52029  -21.831  -14.061  53.810 0.0000000000
55365  -22.310  -12.952  53.576 0.0000000000
54251  -25.033  -13.251  51.919 0.0000000000
56532  -29.086  -10.396  50.104 0.0000000000
55404  -29.458  -11.561  50.457 0.0000000000
137286  -29.061  -12.838  50.708 0.0000000000
126503  -29.862  -12.678  50.642 0.0000000000
52078  -30.846  -14.176  50.353 0.0000000000
147886  -31.228  -12.872  50.566 0.0000000000
52088  -34.554  -14.617  48.303 0.0000000000
49822  -35.169  -16.318  47.761 0.0000000000
52089  -35.148  -14.829  48.011 0.0000000000
55450  -38.736  -11.734  46.651 0.0000000000
55449  -37.858  -11.923  46.609 0.0000000000
53246  -38.593  -13.377  46.416 0.0000000000
53245  -37.877  -14.318  46.671 0.0000000000
53254  -39.146  -14.058  46.041 0.0000000000
52111  -40.013  -15.067  45.406 0.0000000000
53256  -40.467  -13.121  46.099 0.0000000000
56601  -42.333  -10.316  44.885 0.0000000000
153498  -42.530  -12.216  44.607 0.0000000000
55494  -43.021  -11.233  44.183 0.0000000000
55506  -44.003  -10.992  43.303 0.0000000000
61069  -41.880  -7.130  43.537 0.0000000000
62277  -42.868  -6.261  42.996 0.0000000000
61071  -46.346  -6.444  42.195 0.0000000000
59835  -45.200  -7.360  43.145 0.0000000000
59843  -46.177  -7.447  42.241 0.0000000000
57714  -45.712  -9.263  41.897 0.0000000000
58780  -46.860  -8.330  41.022 0.0000000000
59865  -47.744  -7.387  40.238 0.0000000000
63463  -48.854  -4.437  38.460 0.0000000000
62301  -49.053  -5.766  38.594 0.0000000000
62311  -49.504  -5.542  37.703 0.0000000000
61136  -50.061  -6.339  36.599 0.0000000000
55396  -19.897  -11.370  51.915 0.0000000000
55373  -19.767  -11.587  53.568 0.0000000000
54237  -20.018  -12.247  54.116 0.0000000000
66629  -49.763  -1.435  34.794 0.0000000000
65595  -50.885  -1.679  33.940 0.0000000000
64576  -54.343  -3.523  32.242 0.0000000000
148667  -53.847  0.398  28.994 0.0000000000
69784  -54.173  0.772  30.157 0.0000000000
68727  -55.133  -0.182  28.925 0.0000000000
64621  -58.446  -3.734  26.545 0.0000000000
64610  -57.400  -3.886  28.086 0.0000000000
74217  -57.952  5.592  22.630 0.0000000000
73225  -55.968  5.279  22.043 0.0000000000
72124  -57.112  4.720  23.602 0.0000000000
70984  -56.316  3.474  23.977 0.0000000000
72110  -58.106  3.844  23.980 0.0000000000
137747  -59.192  1.550  22.693 0.0000000000
77464  -60.836  9.306  13.285 0.0000000000
78453  -62.153  9.693  14.100 0.0000000000
78461  -61.444  9.917  12.880 0.0000000000
79382  -62.390  10.532  11.375 0.0000000000
65557  -48.263  -2.841  38.616 0.0000000000
66600  -48.459  -1.320  37.672 0.0000000000
67628  -47.383  -0.896  38.591 0.0000000000
68632  -46.837  0.443  37.161 0.0000000000
69708  -46.121  0.615  35.875 0.0000000000
55397  -20.726  -11.356  51.863 0.0000000000
55387  -22.273  -11.949  52.990 0.0000000000
55389  -24.700  -12.383  51.559 0.0000000000
56570  -39.831  -11.141  46.654 0.0000000000
55464  -40.725  -11.752  46.568 0.0000000000
132063  -40.395  -9.844  45.807 0.0000000000
57668  -41.427  -9.604  45.284 0.0000000000
144205  -42.396  -9.049  44.529 0.0000000000
140366  -43.445  -5.237  40.652 0.0000000000
62278  -43.641  -5.281  42.337 0.0000000000
64508  -44.482  -4.465  42.048 0.0000000000
132645  -45.314  -4.385  42.248 0.0000000000
63412  -46.757  -4.959  41.527 0.0000000000
61083  -47.520  -6.246  40.659 0.0000000000
63446  -47.437  -4.110  40.273 0.0000000000
64525  -47.929  -3.257  39.342 0.0000000000
55413  -19.445  -11.700  50.446 0.0000000000
136966  -51.760  0.136  34.467 0.0000000000
66632  -52.340  -1.349  33.894 0.0000000000
68677  -52.787  0.164  33.632 0.0000000000
67684  -53.624  -0.721  32.887 0.0000000000
66639  -54.534  -1.510  31.968 0.0000000000
67751  -55.917  -0.799  27.267 0.0000000000
67739  -56.462  -0.862  27.674 0.0000000000
67753  -57.313  -1.135  27.179 0.0000000000
66709  -58.641  -2.257  25.751 0.0000000000
75234  -58.301  7.354  19.011 0.0000000000
75222  -56.800  6.615  19.878 0.0000000000
75224  -58.812  7.268  20.279 0.0000000000
75210  -59.291  6.277  21.555 0.0000000000
64541  -44.526  -2.952  37.428 0.0000000000
63474  -44.179  -4.196  38.689 0.0000000000
69780  -51.889  1.749  30.129 0.0000000000
66705  -54.449  -1.238  26.440 0.0000000000
66726  -54.874  -1.460  25.586 0.0000000000
66742  -55.968  -0.883  24.611 0.0000000000
67776  -56.475  -0.298  24.303 0.0000000000
75241  -57.712  6.870  16.981 0.0000000000
76368  -59.946  7.902  18.186 0.0000000000
75236  -61.460  7.146  18.430 0.0000000000
74246  -62.172  5.185  17.516 0.0000000000
78455  -63.166  8.410  13.941 0.0000000000
75288  -63.492  6.532  13.298 0.0000000000
63519  -49.154  -3.542  35.316 0.0000000000
140681  -49.299  -1.964  35.214 0.0000000000
66614  -49.723  -0.362  35.752 0.0000000000
67652  -48.655  -0.587  37.096 0.0000000000
137558  -49.487  0.064  35.994 0.0000000000
67666  -50.699  0.330  35.099 0.0000000000
69712  -50.671  1.464  34.609 0.0000000000
69730  -49.953  2.390  33.352 0.0000000000
151630  -44.765  -1.255  35.812 0.0000000000
68661  -45.306  -0.335  35.195 0.0000000000
69745  -46.493  0.937  33.150 0.0000000000
50863  -20.812  -14.974  52.893 0.0000000000
50881  -21.508  -15.516  52.435 0.0000000000
48733  -27.594  -16.786  49.550 0.0000000000
148770  -25.178  -11.537  50.295 0.0000000000
137412  -26.031  -11.642  50.987 0.0000000000
54270  -26.979  -12.385  51.304 0.0000000000
50895  -28.093  -15.145  50.791 0.0000000000
154753  -32.086  -16.447  48.362 0.0000000000
49820  -33.094  -16.711  47.947 0.0000000000
55447  -35.078  -11.973  47.269 0.0000000000
55448  -35.941  -12.185  47.088 0.0000000000
54306  -35.731  -13.211  47.625 0.0000000000
52096  -36.565  -15.151  47.421 0.0000000000
50945  -37.627  -16.127  46.864 0.0000000000
54346  -41.624  -12.447  45.749 0.0000000000
59840  -40.848  -7.805  43.255 0.0000000000
59818  -41.979  -7.865  44.391 0.0000000000
58720  -42.910  -8.474  44.196 0.0000000000
127545  -43.986  -6.371  43.369 0.0000000000
59829  -44.117  -7.858  43.617 0.0000000000
57687  -44.097  -9.314  43.620 0.0000000000
56639  -45.102  -9.838  42.351 0.0000000000
56651  -45.472  -10.157  41.337 0.0000000000
56700  -49.495  -9.895  37.479 0.0000000000
59880  -48.801  -6.883  39.022 0.0000000000
140776  -49.419  -7.741  37.939 0.0000000000
57776  -49.707  -8.783  36.661 0.0000000000
135545  -49.867  -7.816  36.409 0.0000000000
53178  -19.785  -13.224  54.195 0.0000000000
69782  -53.545  1.646  30.701 0.0000000000
68704  -54.658  0.156  30.908 0.0000000000
65613  -55.820  -2.865  30.664 0.0000000000
66659  -56.854  -1.723  28.842 0.0000000000
64590  -56.390  -3.163  29.907 0.0000000000
62404  -55.660  -5.359  30.307 0.0000000000
68783  -54.734  0.590  22.776 0.0000000000
68775  -56.562  0.921  23.893 0.0000000000
140739  -55.541  5.831  19.675 0.0000000000
73232  -54.327  4.654  20.269 0.0000000000
71012  -54.845  3.320  22.773 0.0000000000
69827  -56.185  2.474  23.927 0.0000000000
69829  -58.240  1.285  23.898 0.0000000000
69830  -59.215  0.945  23.146 0.0000000000
50891  -18.985  -14.908  52.057 0.0000000000
152117  -45.680  -1.705  39.381 0.0000000000
144733  -45.937  -0.782  38.351 0.0000000000
131337  -45.473  -1.025  38.164 0.0000000000
57694  -38.718  -9.915  42.914 0.0000000000
57685  -39.325  -8.963  44.266 0.0000000000
58764  -39.586  -8.918  42.830 0.0000000000
65561  -44.954  -2.243  39.522 0.0000000000
129339  -45.213  -2.401  40.105 0.0000000000
66589  -45.579  -2.068  39.787 0.0000000000
144932  -45.937  -1.881  39.751 0.0000000000
69765  -51.122  2.201  31.537 0.0000000000
70909  -51.889  2.376  32.044 0.0000000000
69766  -52.128  2.167  31.161 0.0000000000
67777  -57.375  -0.124  24.595 0.0000000000
67778  -58.267  -0.315  24.688 0.0000000000
67780  -59.546  -0.900  24.134 0.0000000000
68769  -58.899  -0.024  24.361 0.0000000000
73240  -61.605  5.032  18.581 0.0000000000
73239  -61.335  4.997  19.192 0.0000000000
76400  -60.351  8.558  14.479 0.0000000000
150703  -60.949  8.943  15.777 0.0000000000
77438  -61.190  8.764  16.375 0.0000000000
77447  -61.545  9.032  15.734 0.0000000000
77448  -62.205  8.355  15.844 0.0000000000
151632  -61.977  9.329  14.989 0.0000000000
63485  -49.446  -4.344  37.490 0.0000000000
133737  -49.410  -3.638  37.085 0.0000000000
69694  -47.057  1.313  35.799 0.0000000000
70841  -48.290  1.614  36.093 0.0000000000
70853  -47.756  1.685  35.876 0.0000000000
70866  -47.981  2.058  35.145 0.0000000000
69728  -46.784  1.331  33.957 0.0000000000
55363  -20.764  -11.962  53.779 0.0000000000
55364  -21.468  -12.503  53.705 0.0000000000
148515  -24.968  -13.168  51.761 0.0000000000
56524  -29.976  -11.156  50.193 0.0000000000
56523  -29.104  -10.859  50.299 0.0000000000
54273  -30.142  -12.111  50.569 0.0000000000
145540  -30.618  -12.576  50.643 0.0000000000
127121  -30.868  -12.216  50.515 0.0000000000
53229  -34.170  -13.807  48.516 0.0000000000
53230  -34.806  -13.977  48.171 0.0000000000
55451  -39.504  -11.665  46.736 0.0000000000
54318  -39.133  -12.344  46.639 0.0000000000
54330  -39.681  -13.010  46.410 0.0000000000
53255  -39.869  -13.951  45.785 0.0000000000
54331  -40.348  -12.333  46.597 0.0000000000
134609  -42.862  -10.158  44.256 0.0000000000
56602  -42.662  -10.859  44.590 0.0000000000
56613  -43.133  -10.595  44.065 0.0000000000
56625  -43.601  -10.712  43.805 0.0000000000
61080  -42.632  -6.354  42.136 0.0000000000
141065  -43.208  -5.815  42.549 0.0000000000
152425  -46.578  -7.631  41.700 0.0000000000
58779  -46.375  -8.097  41.798 0.0000000000
59853  -47.016  -7.683  41.127 0.0000000000
58790  -47.375  -8.109  40.430 0.0000000000
59854  -47.338  -6.953  40.899 0.0000000000
64532  -48.761  -3.646  38.227 0.0000000000
62310  -49.193  -5.123  38.192 0.0000000000
63475  -49.152  -4.338  37.972 0.0000000000
62321  -49.684  -5.103  37.342 0.0000000000
55385  -20.465  -11.425  52.907 0.0000000000
55384  -19.403  -11.440  52.680 0.0000000000
55374  -20.467  -11.736  53.707 0.0000000000
66630  -50.563  -1.199  34.575 0.0000000000
66631  -51.487  -1.150  34.326 0.0000000000
64583  -54.877  -3.989  31.719 0.0000000000
146076  -54.178  -5.100  32.268 0.0000000000
62384  -54.900  -5.292  31.475 0.0000000000
62403  -55.252  -5.368  30.980 0.0000000000
142434  -54.320  0.005  28.588 0.0000000000
135364  -54.547  0.053  29.031 0.0000000000
68741  -55.044  -0.272  28.485 0.0000000000
142583  -55.796  5.956  18.202 0.0000000000
73217  -58.563  4.726  22.889 0.0000000000
73216  -57.489  5.178  23.113 0.0000000000
65556  -47.710  -2.330  39.138 0.0000000000
65562  -47.996  -1.975  38.649 0.0000000000
66592  -47.521  -1.574  38.884 0.0000000000
145002  -46.108  -0.320  37.750 0.0000000000
68607  -46.833  -0.287  38.231 0.0000000000
68617  -46.479  0.042  37.481 0.0000000000
69675  -46.784  0.702  36.676 0.0000000000
151331  -46.010  0.172  36.729 0.0000000000
130680  -20.763  -11.396  50.974 0.0000000000
125055  -24.213  -12.076  51.283 0.0000000000
56624  -38.246  -10.203  44.416 0.0000000000
57674  -38.884  -9.944  45.578 0.0000000000
137987  -38.950  -10.696  46.323 0.0000000000
57665  -39.205  -10.160  45.961 0.0000000000
56585  -40.268  -10.561  46.309 0.0000000000
57666  -39.833  -9.913  45.936 0.0000000000
58716  -40.394  -8.718  44.894 0.0000000000
57667  -40.800  -9.445  45.385 0.0000000000
58702  -41.207  -9.013  44.985 0.0000000000
57678  -42.033  -9.653  44.991 0.0000000000
58718  -41.459  -8.353  44.634 0.0000000000
63444  -43.887  -4.409  41.114 0.0000000000
63426  -43.972  -4.632  41.980 0.0000000000
64515  -44.352  -4.174  41.607 0.0000000000
65544  -45.273  -3.277  41.261 0.0000000000
64517  -45.357  -3.712  41.679 0.0000000000
64510  -45.811  -4.049  41.853 0.0000000000
63411  -46.095  -4.802  42.108 0.0000000000
63427  -46.436  -4.222  41.467 0.0000000000
63428  -47.189  -4.673  40.822 0.0000000000
64519  -46.757  -3.639  40.781 0.0000000000
65553  -47.274  -2.626  39.753 0.0000000000
64524  -47.363  -3.400  40.044 0.0000000000
55427  -19.839  -11.791  49.912 0.0000000000
155943  -20.202  -11.409  51.274 0.0000000000
69713  -51.498  1.231  34.288 0.0000000000
67674  -52.352  -0.027  34.063 0.0000000000
149451  -52.537  0.528  33.797 0.0000000000
69751  -53.417  0.749  32.706 0.0000000000
68695  -53.787  0.106  32.514 0.0000000000
66638  -53.997  -1.562  32.566 0.0000000000
67690  -54.175  -0.662  32.253 0.0000000000
66707  -56.441  -0.986  26.369 0.0000000000
67752  -56.679  -0.945  27.184 0.0000000000
144234  -57.522  -1.147  26.477 0.0000000000
66730  -58.972  -1.797  25.049 0.0000000000
66729  -58.417  -1.672  25.729 0.0000000000
65649  -58.944  -3.009  25.385 0.0000000000
65683  -59.468  -2.505  24.220 0.0000000000
76348  -59.421  7.534  19.502 0.0000000000
75225  -59.896  7.145  20.239 0.0000000000
74224  -59.652  5.597  21.551 0.0000000000
133759  -44.428  -3.636  37.924 0.0000000000
127061  -54.251  -1.422  23.755 0.0000000000
133202  -55.054  -1.197  24.080 0.0000000000
66750  -55.601  -0.585  23.861 0.0000000000
146058  -58.292  6.979  16.308 0.0000000000
75249  -57.718  6.541  15.961 0.0000000000
75250  -58.608  7.370  16.964 0.0000000000
127456  -58.364  7.368  17.873 0.0000000000
75251  -59.289  7.739  16.943 0.0000000000
76370  -61.517  8.060  17.375 0.0000000000
76358  -61.190  7.774  18.016 0.0000000000
76359  -61.778  7.484  17.792 0.0000000000
75237  -62.028  6.614  17.997 0.0000000000
137305  -62.408  6.412  17.236 0.0000000000
74247  -62.442  5.460  16.846 0.0000000000
75253  -62.599  6.239  16.431 0.0000000000
76401  -63.001  7.197  14.915 0.0000000000
78463  -62.643  9.585  13.421 0.0000000000
78454  -62.591  9.028  14.226 0.0000000000
78464  -63.169  8.956  13.402 0.0000000000
76426  -63.780  7.696  12.092 0.0000000000
76417  -63.647  7.395  12.909 0.0000000000
143239  -49.450  -5.249  35.157 0.0000000000
156458  -49.115  -4.316  34.939 0.0000000000
65580  -49.150  -1.845  36.086 0.0000000000
64550  -49.179  -2.696  35.760 0.0000000000
132916  -49.559  -1.140  35.593 0.0000000000
67641  -48.227  -0.589  37.706 0.0000000000
68621  -48.373  -0.020  37.128 0.0000000000
69677  -48.797  1.074  35.951 0.0000000000
68649  -49.186  0.667  35.928 0.0000000000
68650  -49.779  0.740  35.551 0.0000000000
67665  -50.016  0.342  35.509 0.0000000000
69697  -50.761  1.010  34.792 0.0000000000
69696  -50.020  1.184  35.154 0.0000000000
69729  -48.651  2.279  33.877 0.0000000000
70881  -50.094  2.281  34.167 0.0000000000
52042  -21.039  -14.418  53.562 0.0000000000
52043  -22.443  -14.584  53.410 0.0000000000
55376  -22.833  -12.392  52.922 0.0000000000
54241  -23.442  -13.109  52.760 0.0000000000
48694  -26.883  -16.571  50.225 0.0000000000
49789  -27.190  -16.263  50.426 0.0000000000
48717  -27.318  -16.746  49.932 0.0000000000
48695  -27.555  -16.202  50.474 0.0000000000
149019  -25.520  -11.659  50.826 0.0000000000
53202  -27.396  -12.827  51.240 0.0000000000
53211  -29.416  -13.346  50.526 0.0000000000
53210  -28.538  -13.491  50.803 0.0000000000
52076  -28.575  -14.951  50.334 0.0000000000
147312  -28.381  -15.412  50.159 0.0000000000
52077  -29.186  -14.709  49.743 0.0000000000
50923  -29.510  -14.849  49.177 0.0000000000
52079  -31.550  -14.481  50.158 0.0000000000
50908  -31.069  -14.806  49.887 0.0000000000
50909  -31.711  -15.161  49.628 0.0000000000
49818  -31.776  -16.185  48.639 0.0000000000
50925  -32.087  -15.965  48.948 0.0000000000
52081  -33.374  -14.479  48.975 0.0000000000
50911  -33.005  -14.907  49.130 0.0000000000
150605  -33.210  -15.564  48.712 0.0000000000
49801  -33.089  -16.127  48.460 0.0000000000
49821  -33.663  -16.630  47.970 0.0000000000
143967  -34.219  -16.556  47.937 0.0000000000
49838  -35.700  -16.431  47.582 0.0000000000
48739  -35.532  -16.994  47.420 0.0000000000
48753  -36.131  -17.183  47.042 0.0000000000
140761  -36.027  -17.504  46.831 0.0000000000
131317  -37.241  -12.622  46.797 0.0000000000
127066  -36.854  -12.179  46.633 0.0000000000
140731  -36.324  -12.598  47.180 0.0000000000
54317  -36.699  -13.331  47.212 0.0000000000
53238  -36.212  -14.162  47.526 0.0000000000
53244  -37.072  -14.256  47.161 0.0000000000
52103  -38.161  -15.232  46.566 0.0000000000
50946  -38.479  -16.046  46.309 0.0000000000
49854  -37.739  -16.744  46.579 0.0000000000
52117  -40.806  -14.981  44.800 0.0000000000
50956  -40.427  -15.898  44.912 0.0000000000
55465  -41.383  -11.746  46.192 0.0000000000
54332  -41.003  -12.416  46.266 0.0000000000
58765  -40.217  -8.380  42.811 0.0000000000
58766  -40.963  -7.922  42.309 0.0000000000
61056  -42.627  -7.024  43.570 0.0000000000
61055  -42.063  -7.309  43.836 0.0000000000
61042  -42.233  -7.436  43.944 0.0000000000
59819  -42.637  -7.756  44.087 0.0000000000
146969  -43.386  -7.950  43.898 0.0000000000
63394  -44.420  -5.144  42.808 0.0000000000
124965  -44.242  -5.675  43.076 0.0000000000
58752  -45.350  -8.027  42.923 0.0000000000
61045  -44.492  -7.016  43.429 0.0000000000
59834  -44.846  -7.905  43.297 0.0000000000
58737  -44.452  -8.583  43.409 0.0000000000
57696  -44.670  -9.202  43.188 0.0000000000
57704  -44.787  -9.677  42.967 0.0000000000
57697  -45.255  -9.045  42.699 0.0000000000
57728  -46.180  -9.561  40.885 0.0000000000
56665  -46.047  -10.696  40.237 0.0000000000
57741  -48.267  -8.933  39.148 0.0000000000
57754  -48.892  -9.040  38.545 0.0000000000
62289  -48.202  -5.480  39.702 0.0000000000
141578  -48.271  -6.776  39.728 0.0000000000
61105  -48.628  -6.115  39.283 0.0000000000
61116  -49.387  -6.531  38.051 0.0000000000
59892  -49.230  -7.069  38.319 0.0000000000
59893  -49.553  -7.288  37.684 0.0000000000
147020  -49.635  -7.833  37.411 0.0000000000
59902  -49.766  -7.555  37.105 0.0000000000
58827  -49.786  -8.043  36.692 0.0000000000
59911  -49.868  -7.523  36.701 0.0000000000
62342  -50.047  -5.628  36.063 0.0000000000
61147  -50.155  -6.746  36.124 0.0000000000
62354  -49.826  -6.312  35.484 0.0000000000
54228  -20.017  -12.647  54.094 0.0000000000
53167  -19.945  -13.130  54.135 0.0000000000
53179  -20.581  -13.325  54.047 0.0000000000
52027  -20.224  -13.835  53.920 0.0000000000
138955  -52.927  -1.795  33.518 0.0000000000
65596  -51.875  -1.894  33.844 0.0000000000
65597  -52.673  -2.423  33.453 0.0000000000
69792  -52.730  1.610  29.839 0.0000000000
69781  -52.876  1.905  30.496 0.0000000000
68715  -54.969  -0.029  29.598 0.0000000000
68714  -54.597  0.342  30.154 0.0000000000
67709  -55.148  -0.246  30.146 0.0000000000
132917  -55.209  -0.789  30.826 0.0000000000
66644  -55.576  -1.792  30.743 0.0000000000
67740  -57.390  -1.395  27.606 0.0000000000
67722  -56.940  -1.197  28.225 0.0000000000
65636  -57.333  -1.783  28.108 0.0000000000
64597  -56.770  -3.873  29.016 0.0000000000
63565  -56.510  -4.842  29.196 0.0000000000
63564  -56.193  -4.521  29.971 0.0000000000
62419  -56.080  -5.370  29.557 0.0000000000
68774  -55.574  0.927  23.333 0.0000000000
141119  -57.371  6.829  20.488 0.0000000000
74233  -56.105  6.180  20.195 0.0000000000
75213  -56.836  6.486  20.805 0.0000000000
148691  -55.514  5.361  21.239 0.0000000000
73224  -55.184  4.794  21.672 0.0000000000
153407  -53.979  4.109  20.666 0.0000000000
72137  -54.782  4.001  22.180 0.0000000000
71011  -54.238  3.195  22.165 0.0000000000
151392  -57.035  3.457  24.286 0.0000000000
139070  -57.002  2.836  24.316 0.0000000000
69828  -57.060  1.791  24.120 0.0000000000
131431  -58.614  1.901  23.279 0.0000000000
66590  -46.352  -1.271  39.177 0.0000000000
66591  -46.917  -1.298  39.111 0.0000000000
67650  -45.656  -0.491  37.550 0.0000000000
57684  -38.883  -9.510  44.927 0.0000000000
142260  -39.711  -8.988  44.962 0.0000000000
58733  -40.076  -8.487  44.467 0.0000000000
130323  -44.479  -3.299  40.453 0.0000000000
64523  -44.455  -3.699  41.058 0.0000000000
131765  -44.904  -3.017  40.788 0.0000000000
65550  -45.461  -2.820  40.777 0.0000000000
65545  -45.665  -3.088  41.079 0.0000000000
65546  -46.158  -3.027  40.853 0.0000000000
65551  -46.019  -2.438  40.396 0.0000000000
66581  -46.405  -1.807  39.630 0.0000000000
70883  -51.470  2.213  33.453 0.0000000000
69714  -52.435  1.177  33.663 0.0000000000
70896  -52.359  2.201  32.566 0.0000000000
69750  -53.050  1.890  32.252 0.0000000000
130532  -53.481  1.319  32.136 0.0000000000
66728  -56.789  -0.865  25.301 0.0000000000
155717  -57.934  -1.101  25.887 0.0000000000
67769  -58.244  -0.918  25.263 0.0000000000
67770  -58.686  -1.335  25.098 0.0000000000
67771  -59.304  -1.343  24.517 0.0000000000
66744  -59.434  -1.893  24.394 0.0000000000
127279  -59.720  -0.720  23.552 0.0000000000
75227  -61.016  6.861  19.175 0.0000000000
75226  -60.473  6.950  19.826 0.0000000000
75218  -60.798  6.308  19.871 0.0000000000
73234  -61.024  5.061  19.933 0.0000000000
76399  -59.732  7.992  15.709 0.0000000000
76394  -59.813  8.119  16.578 0.0000000000
77432  -61.374  8.479  16.940 0.0000000000
77440  -62.085  8.045  16.551 0.0000000000
75252  -62.410  7.156  16.762 0.0000000000
76385  -62.549  7.439  15.886 0.0000000000
77449  -62.656  8.019  15.291 0.0000000000
78486  -62.990  9.842  11.972 0.0000000000
77474  -63.508  8.750  12.613 0.0000000000
78475  -63.384  9.258  11.867 0.0000000000
77483  -63.728  8.523  11.709 0.0000000000
132650  -63.757  7.152  11.578 0.0000000000
62331  -49.912  -4.774  36.434 0.0000000000
63507  -49.525  -3.777  36.342 0.0000000000
65574  -48.943  -1.868  36.793 0.0000000000
69655  -47.767  0.848  36.665 0.0000000000
69656  -48.219  0.806  36.483 0.0000000000
69676  -48.257  1.258  36.193 0.0000000000
70842  -48.784  1.594  35.861 0.0000000000
70856  -49.804  1.696  35.064 0.0000000000
70867  -48.794  2.230  34.781 0.0000000000
128527  -48.251  1.907  33.094 0.0000000000
53168  -20.707  -12.952  53.986 0.0000000000
129752  -21.754  -14.354  53.655 0.0000000000
53180  -21.367  -13.378  53.870 0.0000000000
141455  -22.153  -13.448  53.701 0.0000000000
138392  -22.736  -14.090  53.461 0.0000000000
151222  -26.957  -15.206  51.021 0.0000000000
54271  -28.295  -12.677  50.948 0.0000000000
54272  -29.226  -12.232  50.645 0.0000000000
52064  -29.832  -13.894  50.207 0.0000000000
135439  -30.150  -14.431  49.923 0.0000000000
52065  -30.530  -13.310  50.580 0.0000000000
52066  -31.390  -13.773  50.486 0.0000000000
50913  -34.311  -15.173  48.358 0.0000000000
49803  -34.435  -15.996  48.126 0.0000000000
50926  -34.861  -15.474  48.047 0.0000000000
50927  -35.462  -15.723  47.791 0.0000000000
50936  -36.097  -15.936  47.587 0.0000000000
56599  -37.826  -11.218  46.132 0.0000000000
55463  -37.628  -11.652  46.432 0.0000000000
147412  -38.206  -12.493  46.623 0.0000000000
52109  -38.831  -15.034  46.048 0.0000000000
53262  -40.519  -14.000  45.365 0.0000000000
136376  -42.202  -11.002  45.307 0.0000000000
55480  -42.001  -11.718  45.615 0.0000000000
55493  -42.520  -11.641  44.839 0.0000000000
55520  -44.221  -11.373  42.509 0.0000000000
59851  -41.535  -7.821  41.569 0.0000000000
139414  -41.581  -7.385  42.367 0.0000000000
59842  -42.065  -6.813  42.883 0.0000000000
61070  -42.494  -6.866  43.391 0.0000000000
62266  -43.100  -6.416  43.211 0.0000000000
62257  -45.767  -6.001  42.715 0.0000000000
62256  -45.171  -5.993  43.068 0.0000000000
61059  -45.647  -6.807  42.848 0.0000000000
59836  -45.623  -7.604  42.766 0.0000000000
58767  -45.770  -8.080  42.484 0.0000000000
128357  -45.799  -8.584  42.242 0.0000000000
57715  -46.319  -8.755  41.446 0.0000000000
57729  -46.874  -9.026  40.484 0.0000000000
154541  -47.149  -8.514  40.482 0.0000000000
57730  -47.531  -8.826  39.846 0.0000000000
58796  -48.004  -8.127  39.672 0.0000000000
63462  -48.499  -4.513  39.048 0.0000000000
62300  -48.641  -5.311  39.129 0.0000000000
141781  -48.886  -5.046  38.676 0.0000000000
132992  -49.362  -5.851  38.042 0.0000000000
150748  -49.613  -6.307  37.574 0.0000000000
130536  -49.885  -6.878  37.006 0.0000000000
61126  -49.825  -5.950  37.177 0.0000000000
62332  -49.981  -5.393  36.796 0.0000000000
128619  -19.045  -11.528  51.703 0.0000000000
55372  -18.802  -11.631  53.475 0.0000000000
64568  -53.696  -3.394  32.737 0.0000000000
64567  -53.204  -3.325  33.065 0.0000000000
63547  -54.014  -4.316  32.486 0.0000000000
68739  -53.285  0.626  28.946 0.0000000000
155450  -53.911  0.707  29.623 0.0000000000
68725  -54.120  0.540  29.616 0.0000000000
68726  -54.519  0.257  29.561 0.0000000000
129638  -55.658  -0.536  29.363 0.0000000000
65643  -58.255  -3.055  27.005 0.0000000000
65637  -57.604  -2.418  27.948 0.0000000000
74221  -57.805  6.160  22.086 0.0000000000
74226  -57.086  6.282  21.611 0.0000000000
129002  -56.988  5.734  22.331 0.0000000000
73215  -56.553  5.043  22.959 0.0000000000
72123  -56.328  4.345  23.515 0.0000000000
72109  -57.214  4.063  24.126 0.0000000000
70985  -57.647  3.293  24.216 0.0000000000
77455  -60.918  9.258  14.142 0.0000000000
77456  -61.621  9.522  14.468 0.0000000000
77465  -61.555  9.735  13.743 0.0000000000
78462  -62.143  10.087  13.276 0.0000000000
78472  -62.064  10.375  12.299 0.0000000000
79376  -62.572  10.179  11.945 0.0000000000
79383  -62.851  10.229  11.263 0.0000000000
142349  -48.629  -2.878  38.018 0.0000000000
65563  -48.358  -2.072  38.158 0.0000000000
66599  -47.987  -1.238  38.294 0.0000000000
67640  -47.763  -0.501  38.090 0.0000000000
67627  -46.835  -0.743  38.713 0.0000000000
67639  -47.281  -0.363  38.241 0.0000000000
68633  -47.308  0.493  37.257 0.0000000000
69654  -47.324  0.831  36.729 0.0000000000
69693  -46.636  0.913  36.139 0.0000000000
69709  -46.443  1.009  35.426 0.0000000000
127743  -21.479  -11.555  52.545 0.0000000000
55388  -23.337  -12.362  52.462 0.0000000000
133956  -23.949  -12.528  51.971 0.0000000000
54304  -34.224  -12.533  48.156 0.0000000000
56600  -38.481  -10.562  45.975 0.0000000000
56569  -39.167  -11.140  46.589 0.0000000000
56571  -40.372  -11.254  46.607 0.0000000000
124365  -40.938  -11.099  46.348 0.0000000000
56586  -41.060  -10.254  45.871 0.0000000000
56587  -41.817  -10.318  45.475 0.0000000000
57679  -42.523  -9.716  44.529 0.0000000000
146865  -43.186  -5.635  41.145 0.0000000000
61081  -43.155  -5.698  41.872 0.0000000000
62288  -43.530  -5.102  41.563 0.0000000000
63408  -44.088  -4.988  42.523 0.0000000000
63409  -44.523  -4.749  42.467 0.0000000000
64516  -44.806  -3.780  41.497 0.0000000000
126862  -44.909  -4.254  42.121 0.0000000000
62268  -45.391  -5.218  42.695 0.0000000000
62269  -46.103  -5.599  42.394 0.0000000000
62270  -46.640  -5.621  41.846 0.0000000000
61082  -47.012  -6.357  41.407 0.0000000000
62279  -47.180  -5.574  41.122 0.0000000000
62280  -47.678  -5.511  40.375 0.0000000000
63429  -47.809  -4.800  40.041 0.0000000000
63447  -47.968  -4.115  39.649 0.0000000000
148375  -48.230  -3.915  39.211 0.0000000000
64531  -48.441  -3.776  38.805 0.0000000000
146491  -19.576  -11.526  51.106 0.0000000000
67673  -51.236  0.016  34.839 0.0000000000
66621  -51.846  -0.496  34.380 0.0000000000
66622  -52.462  -0.678  33.963 0.0000000000
66633  -52.871  -1.097  33.659 0.0000000000
68676  -52.946  0.684  33.345 0.0000000000
67683  -53.187  -0.744  33.368 0.0000000000
66634  -53.379  -1.565  33.165 0.0000000000
65599  -53.841  -2.510  32.691 0.0000000000
65608  -54.414  -2.423  32.192 0.0000000000
151739  -54.866  -3.104  31.751 0.0000000000
154573  -55.534  -0.569  27.673 0.0000000000
68754  -55.366  -0.491  27.942 0.0000000000
68755  -55.985  -0.727  27.657 0.0000000000
67754  -57.885  -1.583  26.975 0.0000000000
67764  -57.935  -1.445  26.431 0.0000000000
66708  -58.214  -1.821  26.323 0.0000000000
66687  -58.221  -2.269  26.731 0.0000000000
65644  -58.614  -2.985  26.224 0.0000000000
75233  -57.439  6.901  18.174 0.0000000000
74244  -56.549  6.392  18.223 0.0000000000
154041  -57.561  7.013  18.956 0.0000000000
75223  -57.636  7.062  19.746 0.0000000000
147064  -58.019  7.056  20.661 0.0000000000
75216  -59.587  6.771  20.975 0.0000000000
75215  -58.716  6.825  21.223 0.0000000000
75209  -58.557  6.330  21.853 0.0000000000
74223  -59.004  5.766  22.062 0.0000000000
73218  -59.088  5.030  22.199 0.0000000000
65568  -44.661  -2.238  37.997 0.0000000000
66604  -44.960  -1.455  37.741 0.0000000000
65573  -44.634  -2.098  37.103 0.0000000000
129300  -43.172  -6.045  40.454 0.0000000000
63460  -43.745  -4.731  40.072 0.0000000000
63461  -43.968  -4.245  39.562 0.0000000000
64536  -44.388  -3.234  38.750 0.0000000000
136082  -44.663  -2.478  38.777 0.0000000000
68712  -49.930  1.174  30.380 0.0000000000
68713  -50.816  1.440  30.197 0.0000000000
68722  -51.197  1.192  29.458 0.0000000000
68737  -51.555  0.816  28.765 0.0000000000
68752  -53.630  0.171  28.468 0.0000000000
67749  -54.223  -0.260  27.940 0.0000000000
67761  -54.888  -0.725  27.284 0.0000000000
67762  -55.702  -0.685  27.278 0.0000000000
66706  -55.465  -1.111  26.394 0.0000000000
66727  -55.837  -1.176  25.447 0.0000000000
66743  -56.869  -0.526  24.743 0.0000000000
67786  -57.001  0.326  24.211 0.0000000000
74254  -56.961  6.306  16.413 0.0000000000
74245  -56.827  6.454  17.351 0.0000000000
75235  -59.196  7.681  18.556 0.0000000000
76356  -60.027  7.687  18.984 0.0000000000
76369  -60.615  8.085  17.793 0.0000000000
76357  -60.604  7.728  18.505 0.0000000000
76350  -60.551  7.358  19.156 0.0000000000
75228  -61.565  6.366  18.738 0.0000000000
74239  -61.902  5.593  18.226 0.0000000000
73247  -61.800  4.712  17.826 0.0000000000
74263  -62.632  5.464  15.923 0.0000000000
77458  -62.933  8.205  14.627 0.0000000000
76408  -63.300  7.610  14.106 0.0000000000
77466  -63.533  8.059  13.315 0.0000000000
76409  -63.449  7.047  13.629 0.0000000000
64557  -49.028  -2.789  34.793 0.0000000000
66619  -50.218  -0.695  35.147 0.0000000000
65569  -48.715  -2.268  37.504 0.0000000000
66605  -48.803  -1.278  37.066 0.0000000000
156454  -48.982  -1.168  36.678 0.0000000000
67658  -48.971  0.097  36.402 0.0000000000
66609  -49.086  -0.585  36.451 0.0000000000
67672  -50.524  -0.061  35.207 0.0000000000
68664  -51.208  0.557  34.709 0.0000000000
70870  -51.174  1.876  34.115 0.0000000000
70869  -50.374  1.934  34.522 0.0000000000
70882  -50.721  2.280  33.817 0.0000000000
126660  -50.208  1.991  31.616 0.0000000000
67656  -45.167  -0.555  36.119 0.0000000000
66612  -44.870  -0.967  35.031 0.0000000000
68662  -45.718  0.127  36.080 0.0000000000
68673  -45.792  0.348  35.089 0.0000000000
68674  -46.245  0.952  34.565 0.0000000000
52054  -19.837  -14.900  52.455 0.0000000000
50880  -20.527  -15.331  52.012 0.0000000000
50894  -21.170  -15.830  51.569 0.0000000000
55375  -22.224  -12.440  53.380 0.0000000000
53181  -22.774  -13.556  53.452 0.0000000000
55418  -24.749  -11.835  50.869 0.0000000000
55400  -25.169  -11.833  51.091 0.0000000000
55390  -25.734  -12.149  51.334 0.0000000000
54262  -26.370  -12.609  51.396 0.0000000000
49790  -27.567  -15.830  50.688 0.0000000000
50907  -28.003  -15.740  50.569 0.0000000000
52087  -30.375  -14.849  49.477 0.0000000000
53212  -31.708  -13.403  50.347 0.0000000000
52067  -31.841  -14.161  50.195 0.0000000000
50910  -32.130  -15.377  49.333 0.0000000000
49800  -32.447  -16.082  48.603 0.0000000000
48722  -34.834  -16.803  47.699 0.0000000000
48738  -35.200  -17.283  47.400 0.0000000000
55440  -34.150  -11.831  47.637 0.0000000000
54305  -34.911  -12.806  47.831 0.0000000000
55462  -36.042  -12.009  46.756 0.0000000000
54316  -35.430  -12.440  47.457 0.0000000000
144036  -35.044  -13.436  47.925 0.0000000000
53237  -35.443  -14.091  47.859 0.0000000000
52095  -35.808  -15.012  47.738 0.0000000000
50937  -36.823  -16.089  47.280 0.0000000000
52102  -37.381  -15.241  47.040 0.0000000000
49853  -36.936  -16.838  46.971 0.0000000000
53263  -41.092  -13.174  45.627 0.0000000000
54347  -42.182  -12.456  45.024 0.0000000000
53264  -41.664  -13.228  45.053 0.0000000000
53272  -41.772  -14.055  44.288 0.0000000000
58750  -40.457  -8.030  43.868 0.0000000000
58734  -40.853  -8.124  44.452 0.0000000000
59841  -41.432  -7.384  43.117 0.0000000000
59827  -41.651  -7.805  44.281 0.0000000000
58719  -42.152  -8.320  44.487 0.0000000000
57686  -43.122  -9.340  44.125 0.0000000000
62267  -43.606  -5.724  42.839 0.0000000000
62254  -43.737  -5.998  43.098 0.0000000000
61057  -43.272  -6.704  43.397 0.0000000000
62255  -44.561  -6.120  43.261 0.0000000000
61044  -43.512  -7.228  43.661 0.0000000000
58736  -43.710  -8.675  43.824 0.0000000000
156349  -43.667  -9.335  43.848 0.0000000000
56626  -44.249  -10.041  43.458 0.0000000000
56638  -44.556  -10.429  42.830 0.0000000000
56650  -44.752  -10.774  41.880 0.0000000000
138436  -47.801  -6.726  40.300 0.0000000000
59879  -48.419  -7.462  39.375 0.0000000000
61106  -49.038  -6.457  38.662 0.0000000000
142354  -48.968  -7.589  38.605 0.0000000000
58805  -49.205  -8.360  38.233 0.0000000000
58847  -49.811  -8.235  36.126 0.0000000000
144343  -50.024  -7.189  36.478 0.0000000000
59922  -50.010  -7.524  36.150 0.0000000000
52026  -19.377  -13.560  54.084 0.0000000000
52041  -20.064  -14.424  53.260 0.0000000000
69767  -53.073  2.033  31.345 0.0000000000
147164  -53.814  1.230  31.520 0.0000000000
147712  -54.299  0.764  30.655 0.0000000000
68696  -54.267  0.173  31.776 0.0000000000
67691  -54.671  -0.656  31.531 0.0000000000
65612  -55.301  -2.559  31.287 0.0000000000
64584  -55.398  -3.715  31.205 0.0000000000
68742  -55.672  -0.556  28.175 0.0000000000
67721  -56.367  -0.931  28.787 0.0000000000
66658  -56.276  -1.348  29.477 0.0000000000
65617  -56.869  -2.704  29.067 0.0000000000
66650  -56.146  -2.034  30.126 0.0000000000
64589  -55.907  -3.829  30.539 0.0000000000
63558  -55.618  -4.652  30.774 0.0000000000
67793  -54.523  -0.157  22.793 0.0000000000
67784  -55.260  -0.074  23.216 0.0000000000
67785  -56.107  0.131  23.761 0.0000000000
74238  -56.118  6.227  19.136 0.0000000000
74237  -55.288  5.708  18.911 0.0000000000
73238  -54.854  5.304  19.741 0.0000000000
74225  -56.225  5.916  21.261 0.0000000000
151425  -55.490  5.630  20.470 0.0000000000
73237  -54.123  4.778  19.393 0.0000000000
134603  -53.930  2.525  22.098 0.0000000000
70998  -54.624  2.497  22.717 0.0000000000
72122  -55.466  3.826  23.171 0.0000000000
70999  -55.419  2.968  23.382 0.0000000000
151018  -55.416  2.014  23.338 0.0000000000
155270  -56.135  1.608  23.764 0.0000000000
129570  -57.403  0.946  24.143 0.0000000000
68777  -59.059  0.477  23.908 0.0000000000
68778  -59.639  0.062  23.361 0.0000000000
128551  -59.896  -0.535  22.781 0.0000000000
69838  -59.490  0.927  22.364 0.0000000000
68784  -59.808  0.260  22.543 0.0000000000
68791  -59.992  -0.462  22.014 0.0000000000
48682  -26.654  -16.335  50.518 0.0000000000
48707  -27.279  -16.524  50.229 0.0000000000
48716  -27.125  -17.096  49.567 0.0000000000
48719  -33.109  -16.921  47.746 0.0000000000
48732  -27.296  -17.279  49.074 0.0000000000
49816  -27.872  -16.217  50.131 0.0000000000
50912  -33.702  -15.244  48.612 0.0000000000
52055  -27.365  -14.447  51.140 0.0000000000
52063  -28.770  -14.205  50.470 0.0000000000
54260  -24.834  -12.511  51.543 0.0000000000
55414  -20.074  -11.559  50.622 0.0000000000
55441  -34.638  -12.221  47.704 0.0000000000
55452  -40.119  -11.701  46.767 0.0000000000
56583  -38.387  -11.218  46.445 0.0000000000
56584  -39.537  -10.589  46.338 0.0000000000
57676  -40.203  -9.287  45.375 0.0000000000
57677  -41.736  -8.958  44.825 0.0000000000
57755  -49.372  -9.254  37.886 0.0000000000
58717  -40.788  -8.820  44.917 0.0000000000
58751  -45.049  -8.538  43.024 0.0000000000
58817  -49.735  -8.259  37.056 0.0000000000
58838  -49.736  -8.423  36.392 0.0000000000
58846  -49.564  -8.857  35.661 0.0000000000
59826  -41.317  -7.582  43.897 0.0000000000
59828  -42.174  -7.584  44.110 0.0000000000
61058  -45.027  -6.639  43.254 0.0000000000
61097  -48.029  -6.167  39.984 0.0000000000
62320  -49.392  -4.893  37.772 0.0000000000
63393  -44.115  -5.311  42.835 0.0000000000
63410  -44.776  -4.790  42.615 0.0000000000
63531  -53.535  -4.021  32.785 0.0000000000
63548  -54.593  -4.687  31.927 0.0000000000
64509  -45.055  -3.715  41.643 0.0000000000
64530  -44.269  -3.455  39.618 0.0000000000
64634  -59.471  -3.061  24.104 0.0000000000
65609  -54.841  -2.242  31.737 0.0000000000
66579  -45.322  -2.646  40.493 0.0000000000
66588  -45.443  -1.900  39.474 0.0000000000
66643  -55.062  -1.570  31.378 0.0000000000
66651  -56.557  -2.171  29.522 0.0000000000
67625  -45.644  -1.408  38.948 0.0000000000
67638  -46.452  -0.322  38.039 0.0000000000
67651  -46.041  -0.075  37.227 0.0000000000
67659  -49.506  0.453  35.838 0.0000000000
67664  -45.109  -0.659  34.634 0.0000000000
67675  -52.814  -0.399  33.674 0.0000000000
68618  -46.861  0.107  37.696 0.0000000000
68619  -47.288  0.092  37.793 0.0000000000
68631  -46.396  0.342  36.965 0.0000000000
68634  -47.896  0.370  37.228 0.0000000000
68648  -46.251  0.516  36.457 0.0000000000
68663  -50.394  0.666  35.145 0.0000000000
68675  -52.010  0.606  34.196 0.0000000000
68686  -53.250  0.003  33.214 0.0000000000
68723  -52.176  1.270  29.360 0.0000000000
68740  -54.135  0.319  29.152 0.0000000000
68753  -54.728  -0.155  28.532 0.0000000000
69678  -49.438  1.025  35.618 0.0000000000
69732  -52.577  1.832  33.100 0.0000000000
69764  -49.646  1.468  31.112 0.0000000000
69768  -53.551  1.603  31.467 0.0000000000
69769  -54.163  0.831  31.269 0.0000000000
69783  -53.962  1.244  30.828 0.0000000000
69801  -53.668  0.850  29.505 0.0000000000
70855  -49.256  1.921  35.411 0.0000000000
70880  -49.414  2.347  34.086 0.0000000000
70884  -52.075  2.150  33.159 0.0000000000
72165  -60.793  3.988  18.743 0.0000000000
72175  -61.760  4.257  17.096 0.0000000000
73223  -54.506  4.402  21.158 0.0000000000
73246  -61.401  4.534  18.491 0.0000000000
74218  -58.556  5.321  22.504 0.0000000000
74222  -58.422  5.840  22.261 0.0000000000
74228  -60.756  5.715  20.367 0.0000000000
74234  -61.117  5.619  19.664 0.0000000000
75242  -59.195  7.720  17.653 0.0000000000
76351  -60.977  7.401  18.667 0.0000000000
76371  -61.980  7.768  17.195 0.0000000000
76383  -59.905  8.076  17.387 0.0000000000
77433  -61.702  8.259  16.878 0.0000000000
78474  -63.109  9.461  12.701 0.0000000000
124425  -54.938  5.046  20.755 0.0000000000
125861  -51.270  1.888  30.764 0.0000000000
127606  -23.881  -12.363  51.947 0.0000000000
130719  -56.985  6.717  18.996 0.0000000000
134041  -56.359  -0.802  28.179 0.0000000000
136275  -56.884  -0.985  26.722 0.0000000000
140010  -53.839  1.097  30.083 0.0000000000
141212  -57.802  -3.112  27.707 0.0000000000
141244  -44.573  -2.805  39.368 0.0000000000
142600  -47.306  1.128  36.309 0.0000000000
143328  -60.367  8.582  15.351 0.0000000000
144015  -61.201  6.163  19.311 0.0000000000
147278  -44.513  -2.906  38.161 0.0000000000
147350  -47.652  -0.069  37.835 0.0000000000
147457  -33.998  -12.076  47.964 0.0000000000
147581  -44.844  -4.250  41.987 0.0000000000
147791  -55.800  -0.567  28.638 0.0000000000
148741  -57.049  -1.087  27.829 0.0000000000
149909  -46.651  -2.286  39.932 0.0000000000
151041  -49.043  2.286  33.285 0.0000000000
151544  -57.964  -2.518  27.370 0.0000000000
153989  -62.597  6.766  16.170 0.0000000000
155178  -62.258  5.829  17.607 0.0000000000
155277  -58.173  5.105  23.029 0.0000000000
155917  -37.266  -17.064  46.666 0.0000000000
155940  -50.178  1.550  34.827 0.0000000000
156085  -61.119  8.248  17.448 0.0000000000
156295  -61.921  8.820  15.605 0.0000000000
