#!ascii label  , from subject NIHPD_75_135 vox2ras=TkReg
1857
152664  -43.418  -3.692  18.084 0.0000000000
76449  -58.805  8.354  8.304 0.0000000000
145912  -50.176  2.628  13.485 0.0000000000
48725  -13.055  -17.322  48.274 0.0000000000
65667  -39.576  -3.916  24.222 0.0000000000
56609  -29.899  -10.676  44.147 0.0000000000
57702  -39.225  -9.505  42.423 0.0000000000
59931  -43.449  -7.052  34.178 0.0000000000
64581  -43.042  -2.834  30.880 0.0000000000
53333  -20.835  -13.701  39.914 0.0000000000
55457  -25.634  -11.379  46.545 0.0000000000
146733  -25.227  -11.681  38.292 0.0000000000
54473  -35.052  -12.232  36.608 0.0000000000
56727  -39.717  -10.477  35.894 0.0000000000
65659  -47.148  -2.135  25.136 0.0000000000
66756  -50.908  -1.496  21.880 0.0000000000
126062  -54.847  4.372  11.163 0.0000000000
66833  -46.245  -0.985  14.791 0.0000000000
76493  -55.186  7.025  3.080 0.0000000000
46500  -10.348  -19.880  50.416 0.0000000000
67733  -44.781  -1.330  28.767 0.0000000000
64690  -40.758  -3.761  21.000 0.0000000000
55580  -29.759  -11.380  37.021 0.0000000000
53282  -34.841  -13.117  43.321 0.0000000000
71040  -52.306  2.444  19.710 0.0000000000
76551  -63.606  7.952  -1.375 0.0000000000
58865  -41.314  -8.360  32.366 0.0000000000
59975  -41.704  -6.829  30.558 0.0000000000
54419  -23.319  -12.974  39.565 0.0000000000
55631  -37.230  -11.235  33.639 0.0000000000
56776  -39.162  -10.208  32.716 0.0000000000
57785  -42.440  -8.958  35.872 0.0000000000
64675  -45.136  -3.408  21.539 0.0000000000
65677  -49.472  -2.339  23.972 0.0000000000
147588  -47.022  -2.534  19.924 0.0000000000
74314  -56.692  6.109  9.676 0.0000000000
75277  -58.716  6.418  13.697 0.0000000000
78524  -60.513  9.512  7.314 0.0000000000
46536  -11.244  -19.397  45.395 0.0000000000
47624  -11.876  -19.073  48.683 0.0000000000
64608  -41.744  -3.726  27.892 0.0000000000
67702  -43.825  -2.217  29.956 0.0000000000
66693  -42.336  -2.831  26.726 0.0000000000
65671  -42.428  -2.449  24.718 0.0000000000
65707  -39.977  -2.931  23.039 0.0000000000
141885  -27.472  -10.446  44.907 0.0000000000
57644  -27.974  -9.846  48.928 0.0000000000
57647  -30.950  -9.841  48.425 0.0000000000
56567  -33.143  -10.797  47.740 0.0000000000
57798  -26.743  -9.992  33.870 0.0000000000
55628  -29.257  -11.147  33.857 0.0000000000
55557  -37.517  -11.961  39.659 0.0000000000
53338  -34.998  -13.252  40.052 0.0000000000
55517  -37.563  -12.235  42.820 0.0000000000
148798  -37.363  -11.322  45.862 0.0000000000
50978  -15.749  -15.305  43.239 0.0000000000
54323  -18.168  -12.870  46.900 0.0000000000
54282  -17.993  -12.112  50.381 0.0000000000
68860  -47.911  0.685  14.345 0.0000000000
68821  -49.246  0.473  17.492 0.0000000000
71074  -51.196  3.089  16.247 0.0000000000
77615  -65.310  8.616  -3.195 0.0000000000
49783  -12.529  -16.348  51.577 0.0000000000
63495  -44.505  -4.566  36.195 0.0000000000
64555  -44.105  -2.718  34.730 0.0000000000
62379  -43.319  -4.807  32.492 0.0000000000
62430  -41.732  -4.875  29.204 0.0000000000
150956  -20.689  -13.153  43.430 0.0000000000
54328  -23.260  -12.643  46.716 0.0000000000
54367  -23.645  -12.806  43.892 0.0000000000
133697  -25.362  -11.852  42.285 0.0000000000
56645  -27.419  -10.598  41.649 0.0000000000
54511  -31.391  -12.432  33.369 0.0000000000
140737  -34.598  -12.091  32.935 0.0000000000
55593  -37.344  -11.351  36.648 0.0000000000
56680  -40.251  -10.464  38.987 0.0000000000
58795  -42.405  -8.901  38.944 0.0000000000
61134  -43.917  -6.964  37.404 0.0000000000
52152  -18.679  -14.272  39.873 0.0000000000
67736  -48.713  -0.435  28.373 0.0000000000
68724  -53.034  1.172  29.403 0.0000000000
66702  -50.682  -1.001  26.458 0.0000000000
65663  -53.370  -1.931  24.972 0.0000000000
72225  -52.294  3.404  12.147 0.0000000000
73267  -53.564  4.501  15.448 0.0000000000
74274  -56.226  5.168  14.279 0.0000000000
156010  -7.773  -23.610  53.331 0.0000000000
65777  -45.005  -2.483  16.420 0.0000000000
67880  -45.549  0.080  12.742 0.0000000000
71152  -49.037  2.485  10.435 0.0000000000
72263  -51.642  3.721  9.241 0.0000000000
73343  -53.473  4.938  8.459 0.0000000000
75329  -54.982  6.536  7.087 0.0000000000
75358  -56.975  7.101  5.887 0.0000000000
135793  -54.080  6.539  4.922 0.0000000000
48674  -10.923  -17.855  52.779 0.0000000000
47589  -8.981  -19.206  53.652 0.0000000000
44627  -7.826  -21.233  53.508 0.0000000000
153715  -48.767  2.053  32.761 0.0000000000
66628  -44.934  -0.915  33.367 0.0000000000
67697  -45.593  -0.228  31.576 0.0000000000
155061  -47.236  -0.175  30.126 0.0000000000
66697  -46.328  -1.730  26.747 0.0000000000
64648  -44.342  -3.165  23.153 0.0000000000
63656  -41.993  -4.149  19.632 0.0000000000
55432  -25.524  -11.156  49.637 0.0000000000
56708  -26.919  -10.931  37.394 0.0000000000
55527  -29.967  -11.169  40.936 0.0000000000
124854  -32.123  -12.576  36.755 0.0000000000
144142  -32.525  -12.708  40.052 0.0000000000
54356  -32.767  -11.945  43.946 0.0000000000
55461  -35.403  -11.887  46.836 0.0000000000
48788  -12.914  -17.957  44.433 0.0000000000
49900  -14.524  -16.415  44.068 0.0000000000
50942  -14.266  -15.606  47.677 0.0000000000
66790  -47.807  -1.290  18.175 0.0000000000
67806  -51.283  0.279  20.592 0.0000000000
69837  -54.743  1.503  22.809 0.0000000000
142563  -53.938  4.814  18.642 0.0000000000
76483  -58.733  7.604  5.154 0.0000000000
76496  -61.241  8.434  4.122 0.0000000000
77559  -63.307  9.678  1.796 0.0000000000
126872  -61.387  7.416  -0.342 0.0000000000
134125  -64.547  10.068  0.329 0.0000000000
57829  -40.015  -9.143  31.276 0.0000000000
57840  -39.991  -8.545  29.604 0.0000000000
57847  -39.173  -9.276  28.611 0.0000000000
55660  -38.052  -10.698  31.358 0.0000000000
57828  -39.391  -9.740  31.252 0.0000000000
57818  -40.159  -9.282  32.106 0.0000000000
141356  -44.946  -3.383  20.017 0.0000000000
64696  -46.156  -3.046  20.622 0.0000000000
64718  -44.949  -3.107  18.586 0.0000000000
75313  -57.893  7.027  9.427 0.0000000000
75307  -59.022  7.148  10.526 0.0000000000
76429  -59.440  7.827  10.067 0.0000000000
77499  -59.630  8.783  8.674 0.0000000000
77507  -59.281  8.844  7.862 0.0000000000
47654  -12.418  -18.520  46.446 0.0000000000
47653  -11.882  -19.024  46.836 0.0000000000
155447  -12.689  -17.975  48.526 0.0000000000
65647  -40.997  -3.950  26.160 0.0000000000
66677  -42.200  -3.173  27.129 0.0000000000
66734  -40.791  -3.551  25.186 0.0000000000
65669  -41.050  -2.789  24.717 0.0000000000
132460  -39.942  -3.400  24.045 0.0000000000
54291  -21.045  -12.064  48.679 0.0000000000
56608  -29.032  -10.393  44.376 0.0000000000
155767  -29.329  -9.868  46.669 0.0000000000
142630  -30.630  -10.043  46.454 0.0000000000
57658  -32.123  -10.192  47.936 0.0000000000
56596  -31.125  -10.665  45.359 0.0000000000
149189  -38.446  -11.253  40.902 0.0000000000
55542  -37.522  -12.275  40.931 0.0000000000
56636  -38.393  -10.752  42.540 0.0000000000
56624  -38.246  -10.203  44.416 0.0000000000
154132  -19.127  -13.088  44.757 0.0000000000
127251  -19.616  -12.631  46.847 0.0000000000
54299  -19.078  -12.327  48.267 0.0000000000
70908  -51.275  2.401  32.286 0.0000000000
69967  -48.815  1.644  14.016 0.0000000000
69953  -49.193  1.767  14.816 0.0000000000
71085  -50.446  2.675  14.889 0.0000000000
61157  -44.289  -5.570  35.171 0.0000000000
135024  -44.183  -4.601  34.613 0.0000000000
61168  -43.606  -6.168  33.657 0.0000000000
61211  -41.729  -6.162  29.883 0.0000000000
62450  -40.877  -5.582  27.797 0.0000000000
62449  -40.607  -4.979  27.108 0.0000000000
137104  -20.408  -13.322  41.972 0.0000000000
54365  -21.828  -13.120  43.712 0.0000000000
150274  -22.228  -13.214  41.646 0.0000000000
54435  -24.100  -12.573  39.066 0.0000000000
146651  -24.600  -12.281  41.081 0.0000000000
55538  -25.026  -11.962  40.401 0.0000000000
128745  -26.642  -10.872  41.896 0.0000000000
127796  -26.443  -11.266  39.820 0.0000000000
140011  -32.463  -12.487  31.790 0.0000000000
137490  -38.363  -10.757  34.868 0.0000000000
55618  -37.068  -11.289  34.503 0.0000000000
55608  -38.370  -10.851  35.767 0.0000000000
56712  -38.713  -10.958  37.317 0.0000000000
148050  -40.298  -10.528  37.357 0.0000000000
57751  -40.977  -10.155  38.697 0.0000000000
56715  -41.456  -9.972  37.458 0.0000000000
59920  -43.059  -7.849  34.797 0.0000000000
58826  -43.331  -7.976  36.273 0.0000000000
143295  -44.004  -6.822  36.573 0.0000000000
62319  -44.319  -5.421  37.395 0.0000000000
52153  -19.299  -13.914  40.363 0.0000000000
66685  -48.579  -0.990  26.981 0.0000000000
67747  -50.388  -0.195  27.613 0.0000000000
66701  -49.853  -1.159  26.360 0.0000000000
124642  -50.348  -2.183  22.807 0.0000000000
66740  -51.493  -2.048  24.725 0.0000000000
65701  -51.701  -2.101  23.398 0.0000000000
65682  -53.805  -1.773  24.308 0.0000000000
66758  -52.962  -1.315  22.821 0.0000000000
72238  -53.794  3.862  11.834 0.0000000000
72218  -54.492  4.295  13.317 0.0000000000
73302  -56.184  4.764  12.957 0.0000000000
76406  -59.828  7.765  13.904 0.0000000000
152725  -50.417  3.092  9.635 0.0000000000
72280  -49.797  3.709  8.384 0.0000000000
73356  -51.953  4.756  7.785 0.0000000000
74332  -52.980  5.478  7.118 0.0000000000
74334  -54.414  6.053  7.587 0.0000000000
74345  -53.410  6.154  6.114 0.0000000000
75340  -54.110  6.443  5.777 0.0000000000
45593  -10.154  -20.665  47.948 0.0000000000
143659  -9.063  -20.991  49.845 0.0000000000
50860  -11.904  -15.084  53.857 0.0000000000
49768  -11.947  -16.762  52.240 0.0000000000
49758  -11.094  -16.714  53.982 0.0000000000
48660  -9.720  -19.123  54.385 0.0000000000
151579  -9.356  -20.185  54.423 0.0000000000
46485  -8.082  -20.319  53.502 0.0000000000
45560  -9.003  -21.096  54.416 0.0000000000
146883  -9.437  -21.806  54.487 0.0000000000
137354  -43.777  -2.521  33.260 0.0000000000
140479  -44.558  -1.414  34.291 0.0000000000
136485  -44.218  -1.872  32.447 0.0000000000
67714  -43.805  -1.967  29.449 0.0000000000
144152  -44.772  -1.225  30.795 0.0000000000
67704  -44.812  -1.095  30.255 0.0000000000
67706  -46.912  0.024  30.708 0.0000000000
67717  -46.125  -0.725  29.485 0.0000000000
149257  -46.673  -0.848  28.761 0.0000000000
66681  -44.956  -1.584  27.604 0.0000000000
64645  -41.556  -2.895  23.187 0.0000000000
65694  -43.884  -2.819  23.896 0.0000000000
64659  -43.012  -3.333  22.539 0.0000000000
64673  -43.363  -3.568  21.800 0.0000000000
63645  -41.532  -3.986  20.409 0.0000000000
55456  -24.975  -11.939  46.458 0.0000000000
54303  -24.525  -11.815  48.679 0.0000000000
56560  -25.491  -11.225  48.040 0.0000000000
56739  -28.187  -10.565  35.812 0.0000000000
56737  -26.913  -10.289  35.182 0.0000000000
56710  -28.031  -10.769  37.110 0.0000000000
141071  -28.255  -11.012  38.680 0.0000000000
131473  -29.317  -11.070  38.726 0.0000000000
54486  -33.125  -12.574  35.159 0.0000000000
54484  -31.633  -12.474  35.106 0.0000000000
54471  -33.520  -12.670  36.473 0.0000000000
53312  -35.003  -13.417  41.717 0.0000000000
53336  -33.440  -13.033  39.867 0.0000000000
53295  -33.635  -12.953  42.126 0.0000000000
153980  -32.394  -12.509  41.628 0.0000000000
144850  -33.735  -12.605  43.733 0.0000000000
55491  -33.729  -11.882  45.059 0.0000000000
54358  -34.861  -12.371  44.834 0.0000000000
59852  -42.018  -7.119  41.841 0.0000000000
50977  -15.084  -15.859  43.677 0.0000000000
50961  -15.364  -15.163  45.055 0.0000000000
49874  -14.214  -16.215  45.814 0.0000000000
134099  -18.175  -11.785  51.417 0.0000000000
66805  -46.011  -1.616  15.886 0.0000000000
65760  -46.377  -1.935  17.378 0.0000000000
66807  -47.412  -0.918  16.576 0.0000000000
69897  -50.782  1.649  18.351 0.0000000000
68805  -50.620  0.662  19.379 0.0000000000
69865  -52.172  1.726  20.262 0.0000000000
68789  -53.442  1.125  22.024 0.0000000000
69850  -53.354  2.069  21.645 0.0000000000
73269  -54.896  5.214  16.244 0.0000000000
73251  -53.524  4.575  17.324 0.0000000000
74243  -55.042  5.532  18.031 0.0000000000
129453  -56.393  6.755  5.262 0.0000000000
76482  -58.076  7.299  5.349 0.0000000000
75374  -56.932  6.698  4.503 0.0000000000
76507  -58.802  7.098  3.376 0.0000000000
76521  -60.470  7.289  2.024 0.0000000000
76510  -62.141  8.311  2.773 0.0000000000
126432  -61.264  7.410  1.539 0.0000000000
76549  -61.553  7.646  -1.876 0.0000000000
128044  -60.812  7.584  -1.032 0.0000000000
76540  -62.751  7.616  -0.965 0.0000000000
77570  -63.676  8.817  -0.072 0.0000000000
77584  -64.108  8.826  -0.902 0.0000000000
139545  -64.963  9.352  -1.546 0.0000000000
77603  -65.972  8.594  -2.845 0.0000000000
59941  -42.593  -7.401  33.017 0.0000000000
61167  -42.851  -6.725  32.648 0.0000000000
59961  -41.525  -7.480  31.068 0.0000000000
58909  -40.372  -7.862  29.245 0.0000000000
144725  -22.056  -13.397  40.307 0.0000000000
55658  -36.492  -11.499  31.396 0.0000000000
153060  -38.017  -10.816  32.701 0.0000000000
56754  -39.834  -10.057  34.328 0.0000000000
56742  -41.263  -9.870  36.167 0.0000000000
131898  -41.022  -9.470  34.545 0.0000000000
58854  -41.719  -8.619  33.718 0.0000000000
154087  -46.653  -2.822  23.283 0.0000000000
140862  -48.445  -2.350  24.167 0.0000000000
65710  -47.308  -2.789  22.230 0.0000000000
129567  -48.059  -2.558  21.855 0.0000000000
66765  -48.880  -1.838  20.818 0.0000000000
74305  -55.611  5.091  10.242 0.0000000000
138877  -56.961  5.202  11.989 0.0000000000
74299  -58.276  6.088  11.477 0.0000000000
75293  -59.481  7.109  12.305 0.0000000000
78532  -61.002  9.518  6.322 0.0000000000
46514  -11.347  -19.605  48.159 0.0000000000
46501  -11.089  -19.512  50.019 0.0000000000
64595  -42.254  -3.062  29.249 0.0000000000
65611  -43.430  -2.583  30.590 0.0000000000
66656  -42.568  -3.002  28.712 0.0000000000
66670  -43.085  -2.320  28.417 0.0000000000
66680  -43.096  -2.160  27.871 0.0000000000
66695  -43.730  -1.979  26.815 0.0000000000
66714  -42.150  -2.623  25.987 0.0000000000
65691  -41.135  -2.680  24.036 0.0000000000
127699  -40.152  -3.170  22.312 0.0000000000
56605  -26.728  -10.742  45.344 0.0000000000
56574  -26.638  -10.526  47.235 0.0000000000
56563  -27.934  -9.895  47.106 0.0000000000
57646  -29.631  -9.821  49.004 0.0000000000
56546  -32.464  -11.038  48.553 0.0000000000
56763  -27.953  -10.352  33.364 0.0000000000
55615  -29.333  -11.125  34.777 0.0000000000
135646  -36.462  -12.201  38.499 0.0000000000
126681  -35.047  -12.681  38.097 0.0000000000
54424  -36.447  -12.634  39.742 0.0000000000
54408  -36.234  -13.165  41.109 0.0000000000
53284  -36.442  -12.976  43.408 0.0000000000
151825  -36.624  -11.963  44.874 0.0000000000
54360  -37.371  -11.540  44.414 0.0000000000
52135  -17.060  -14.703  41.524 0.0000000000
52129  -16.803  -14.528  42.801 0.0000000000
53251  -16.982  -13.611  46.161 0.0000000000
153881  -16.977  -13.115  47.992 0.0000000000
54298  -18.195  -12.495  48.607 0.0000000000
67857  -47.451  0.020  14.794 0.0000000000
126800  -47.806  -0.380  16.229 0.0000000000
68848  -48.547  0.595  15.958 0.0000000000
135957  -50.373  1.931  17.043 0.0000000000
71051  -51.535  2.660  18.075 0.0000000000
76504  -55.032  7.403  2.270 0.0000000000
75389  -56.440  6.954  2.924 0.0000000000
126992  -55.782  7.516  1.644 0.0000000000
76566  -62.845  7.610  -2.687 0.0000000000
155638  -64.338  8.141  -2.447 0.0000000000
130095  -63.224  7.761  -3.406 0.0000000000
76601  -64.620  8.238  -4.205 0.0000000000
49827  -13.438  -16.340  49.218 0.0000000000
49808  -12.955  -16.886  49.860 0.0000000000
65573  -44.634  -2.098  37.103 0.0000000000
146487  -44.266  -3.430  35.214 0.0000000000
142261  -43.761  -3.431  33.590 0.0000000000
63540  -42.961  -3.987  31.792 0.0000000000
61195  -42.613  -5.932  31.459 0.0000000000
62395  -42.477  -5.097  30.853 0.0000000000
132067  -42.542  -3.356  30.559 0.0000000000
63579  -41.590  -3.896  28.199 0.0000000000
155340  -40.425  -4.460  26.376 0.0000000000
54352  -20.815  -12.852  45.149 0.0000000000
54313  -22.635  -12.543  47.257 0.0000000000
127975  -22.062  -12.759  45.821 0.0000000000
54341  -23.316  -12.807  45.304 0.0000000000
55484  -24.553  -12.402  44.785 0.0000000000
139419  -23.408  -12.860  41.167 0.0000000000
146707  -24.775  -12.283  42.610 0.0000000000
55500  -25.624  -11.620  43.814 0.0000000000
56620  -26.407  -10.997  43.697 0.0000000000
56621  -27.247  -10.558  43.286 0.0000000000
127713  -28.547  -10.475  42.857 0.0000000000
54513  -32.898  -12.500  33.571 0.0000000000
54500  -34.393  -12.196  35.235 0.0000000000
142281  -35.538  -11.804  32.978 0.0000000000
54501  -35.436  -11.826  34.499 0.0000000000
54474  -35.822  -11.888  36.601 0.0000000000
55582  -36.908  -11.656  37.331 0.0000000000
56678  -39.024  -10.966  39.438 0.0000000000
57725  -39.739  -10.064  40.679 0.0000000000
57703  -39.776  -9.057  42.044 0.0000000000
57726  -40.485  -9.684  40.381 0.0000000000
58788  -41.612  -8.476  40.671 0.0000000000
134421  -42.921  -7.439  39.844 0.0000000000
58815  -42.796  -8.920  37.287 0.0000000000
59891  -43.272  -7.903  38.438 0.0000000000
61104  -43.273  -6.658  39.731 0.0000000000
62299  -43.920  -4.989  39.162 0.0000000000
127839  -17.853  -14.253  41.323 0.0000000000
68721  -50.266  0.915  29.640 0.0000000000
68736  -50.626  0.655  28.901 0.0000000000
68750  -51.883  0.423  28.160 0.0000000000
141633  -53.150  -0.232  27.698 0.0000000000
156077  -50.289  -1.763  25.229 0.0000000000
148671  -51.957  -1.380  26.042 0.0000000000
72216  -51.359  3.176  12.724 0.0000000000
72204  -51.716  3.507  14.554 0.0000000000
136905  -53.003  4.099  14.269 0.0000000000
142367  -54.953  5.023  15.419 0.0000000000
131811  -56.287  5.770  15.920 0.0000000000
74276  -57.863  5.948  14.127 0.0000000000
74262  -57.814  6.299  15.080 0.0000000000
64733  -42.695  -3.758  16.548 0.0000000000
64735  -44.406  -3.017  17.011 0.0000000000
64761  -42.991  -3.229  15.205 0.0000000000
65790  -44.190  -2.286  14.693 0.0000000000
65808  -44.677  -1.618  13.986 0.0000000000
67868  -46.052  -0.657  14.060 0.0000000000
67881  -46.287  0.403  12.986 0.0000000000
68886  -47.517  1.142  12.955 0.0000000000
69992  -48.221  1.874  12.264 0.0000000000
71122  -49.462  2.381  12.136 0.0000000000
71138  -50.814  2.880  11.012 0.0000000000
72235  -51.657  3.199  10.747 0.0000000000
72250  -53.494  4.002  10.400 0.0000000000
72296  -50.172  4.280  7.787 0.0000000000
124986  -52.863  4.405  8.915 0.0000000000
73327  -54.510  4.870  9.477 0.0000000000
74312  -54.976  5.432  9.096 0.0000000000
75322  -55.944  6.651  8.300 0.0000000000
75331  -56.591  7.252  7.855 0.0000000000
154441  -57.608  7.923  7.332 0.0000000000
75342  -55.656  6.868  6.598 0.0000000000
75357  -55.603  6.744  5.728 0.0000000000
75381  -54.471  6.931  3.596 0.0000000000
76492  -53.873  7.295  3.012 0.0000000000
134201  -12.205  -17.910  50.751 0.0000000000
151665  -11.785  -18.436  50.884 0.0000000000
154879  -10.498  -19.112  51.651 0.0000000000
49751  -10.602  -17.553  54.489 0.0000000000
47590  -9.564  -18.802  53.133 0.0000000000
45576  -9.400  -19.805  51.674 0.0000000000
45575  -8.693  -20.281  51.552 0.0000000000
45570  -7.454  -20.636  52.679 0.0000000000
44630  -6.844  -22.079  52.710 0.0000000000
43568  -7.734  -22.391  53.504 0.0000000000
126393  -49.413  1.823  31.846 0.0000000000
139175  -45.706  0.362  34.226 0.0000000000
67687  -44.664  -1.483  31.770 0.0000000000
67688  -45.015  -0.816  32.597 0.0000000000
68701  -47.218  0.780  31.882 0.0000000000
68702  -48.024  1.027  31.655 0.0000000000
68711  -49.116  0.878  30.659 0.0000000000
67718  -48.021  -0.504  29.039 0.0000000000
66684  -47.729  -1.226  27.186 0.0000000000
66718  -46.711  -1.893  25.931 0.0000000000
66716  -44.259  -2.117  26.100 0.0000000000
65657  -45.028  -2.364  25.345 0.0000000000
65674  -45.820  -2.556  24.529 0.0000000000
64661  -44.777  -3.357  22.373 0.0000000000
64694  -44.570  -3.515  20.811 0.0000000000
64716  -43.234  -3.790  18.844 0.0000000000
65687  -38.412  -3.821  23.052 0.0000000000
147606  -38.386  -3.264  22.355 0.0000000000
132178  -38.748  -3.331  21.576 0.0000000000
63643  -39.566  -4.084  20.146 0.0000000000
63654  -39.877  -4.369  19.427 0.0000000000
134580  -40.168  -4.555  18.733 0.0000000000
63675  -41.401  -4.409  17.402 0.0000000000
63688  -41.812  -4.179  16.656 0.0000000000
56542  -27.077  -10.354  49.852 0.0000000000
55588  -25.137  -11.536  36.778 0.0000000000
139907  -26.002  -10.753  36.067 0.0000000000
151844  -26.439  -11.120  37.755 0.0000000000
56675  -27.343  -11.214  39.062 0.0000000000
141919  -28.662  -10.759  40.729 0.0000000000
55515  -30.083  -11.013  42.289 0.0000000000
54510  -30.547  -12.139  33.285 0.0000000000
147031  -30.555  -11.920  34.941 0.0000000000
54453  -30.623  -11.916  37.047 0.0000000000
54439  -33.388  -12.918  38.183 0.0000000000
54438  -32.139  -12.574  38.392 0.0000000000
149947  -30.722  -11.811  38.408 0.0000000000
54405  -31.407  -11.992  40.701 0.0000000000
55516  -30.926  -11.525  42.188 0.0000000000
55488  -31.238  -11.316  43.629 0.0000000000
55474  -32.638  -11.175  45.305 0.0000000000
55460  -34.280  -11.536  47.108 0.0000000000
47671  -12.452  -18.462  45.579 0.0000000000
48757  -12.886  -17.965  46.084 0.0000000000
49912  -14.143  -17.025  42.559 0.0000000000
134818  -13.488  -17.489  42.302 0.0000000000
48804  -13.479  -17.518  43.978 0.0000000000
49873  -13.725  -16.807  46.208 0.0000000000
49843  -13.762  -16.314  47.636 0.0000000000
50932  -14.338  -14.925  49.028 0.0000000000
125912  -17.082  -12.472  50.335 0.0000000000
65759  -45.799  -2.414  17.758 0.0000000000
65744  -47.586  -2.075  19.580 0.0000000000
66775  -49.394  -1.139  20.223 0.0000000000
67826  -49.005  -0.199  18.124 0.0000000000
67805  -50.057  -0.459  20.114 0.0000000000
67798  -51.176  -0.837  21.411 0.0000000000
67791  -52.757  -0.559  22.188 0.0000000000
72192  -52.233  3.852  15.899 0.0000000000
72173  -52.483  3.702  17.888 0.0000000000
131736  -53.142  3.672  19.558 0.0000000000
76462  -58.344  8.126  6.429 0.0000000000
77522  -59.174  8.469  6.132 0.0000000000
77534  -60.757  8.962  5.533 0.0000000000
75385  -58.182  6.955  4.028 0.0000000000
76485  -60.396  8.098  4.473 0.0000000000
78547  -61.657  9.413  5.145 0.0000000000
78553  -62.672  9.738  3.801 0.0000000000
78559  -63.478  10.209  2.482 0.0000000000
76531  -60.084  7.323  0.684 0.0000000000
130944  -62.130  7.623  1.069 0.0000000000
78569  -63.873  10.152  1.159 0.0000000000
78602  -65.558  8.913  -2.093 0.0000000000
153138  -39.208  -9.606  30.076 0.0000000000
150318  -39.594  -9.140  29.891 0.0000000000
56804  -38.391  -10.435  30.600 0.0000000000
56805  -39.019  -9.934  30.609 0.0000000000
130180  -39.551  -9.395  30.584 0.0000000000
143370  -44.087  -3.463  18.481 0.0000000000
64706  -44.544  -3.402  19.265 0.0000000000
76448  -58.286  7.719  8.859 0.0000000000
76438  -58.681  7.395  9.714 0.0000000000
76439  -59.096  8.059  9.184 0.0000000000
77489  -59.678  8.430  9.530 0.0000000000
48742  -12.803  -17.963  46.934 0.0000000000
47640  -12.385  -18.540  47.332 0.0000000000
135540  -12.770  -17.978  47.785 0.0000000000
65652  -39.967  -4.018  24.876 0.0000000000
65653  -40.552  -3.960  25.369 0.0000000000
65668  -40.204  -3.672  24.682 0.0000000000
65689  -39.405  -3.592  23.595 0.0000000000
54301  -21.607  -12.239  48.119 0.0000000000
128468  -29.572  -10.388  44.832 0.0000000000
56595  -29.692  -10.222  45.528 0.0000000000
134824  -30.283  -10.536  45.009 0.0000000000
56579  -31.344  -10.291  46.286 0.0000000000
56637  -38.857  -10.263  42.004 0.0000000000
56648  -38.442  -11.014  41.644 0.0000000000
57695  -39.155  -9.190  43.324 0.0000000000
128143  -19.794  -12.419  47.616 0.0000000000
69968  -49.115  2.006  13.486 0.0000000000
69954  -49.806  2.268  14.494 0.0000000000
71101  -50.297  2.672  14.102 0.0000000000
61156  -44.108  -6.196  35.109 0.0000000000
140695  -44.021  -5.461  34.412 0.0000000000
60024  -40.110  -6.772  27.191 0.0000000000
61248  -41.017  -6.309  28.520 0.0000000000
53307  -21.094  -13.366  41.381 0.0000000000
53321  -21.374  -13.489  40.517 0.0000000000
55567  -24.897  -12.066  38.986 0.0000000000
55553  -24.624  -12.269  39.720 0.0000000000
55554  -25.330  -11.767  39.630 0.0000000000
56657  -25.872  -11.420  40.299 0.0000000000
56673  -25.971  -11.340  39.394 0.0000000000
127990  -39.093  -10.594  35.451 0.0000000000
56713  -39.571  -10.736  37.310 0.0000000000
138534  -40.029  -10.510  36.611 0.0000000000
56698  -40.852  -10.307  37.875 0.0000000000
56714  -40.887  -10.188  36.869 0.0000000000
59921  -43.719  -7.057  35.126 0.0000000000
58837  -43.397  -7.727  35.574 0.0000000000
61144  -44.066  -6.605  35.811 0.0000000000
53332  -20.074  -13.808  40.117 0.0000000000
53319  -19.857  -13.634  40.868 0.0000000000
66719  -47.645  -1.771  25.767 0.0000000000
66700  -49.008  -1.259  26.304 0.0000000000
66720  -48.560  -1.669  25.646 0.0000000000
131777  -50.437  -1.942  22.226 0.0000000000
65700  -50.975  -2.153  23.184 0.0000000000
65713  -51.456  -1.932  22.847 0.0000000000
66748  -52.541  -1.924  23.473 0.0000000000
66757  -51.525  -1.569  22.360 0.0000000000
126165  -54.200  4.063  11.327 0.0000000000
143044  -54.912  4.280  12.488 0.0000000000
124695  -55.729  4.571  12.257 0.0000000000
143600  -59.768  7.850  14.803 0.0000000000
71176  -49.406  3.138  8.999 0.0000000000
124935  -53.367  5.883  6.726 0.0000000000
74357  -52.847  6.123  5.715 0.0000000000
45587  -10.041  -20.628  48.898 0.0000000000
45586  -9.336  -21.068  49.171 0.0000000000
45580  -9.751  -20.531  49.910 0.0000000000
49756  -11.559  -15.834  53.866 0.0000000000
50850  -11.578  -15.740  54.936 0.0000000000
45554  -9.257  -20.776  54.489 0.0000000000
45555  -10.418  -21.509  54.892 0.0000000000
65604  -43.749  -2.360  32.320 0.0000000000
65603  -43.570  -2.476  31.367 0.0000000000
143071  -43.939  -1.664  28.820 0.0000000000
67715  -44.388  -1.434  29.551 0.0000000000
67716  -45.186  -1.028  29.539 0.0000000000
67734  -45.729  -1.016  28.792 0.0000000000
152449  -44.839  -1.401  28.188 0.0000000000
64658  -41.662  -3.276  22.283 0.0000000000
151110  -42.268  -3.201  22.617 0.0000000000
64672  -41.789  -3.546  21.611 0.0000000000
64691  -42.230  -3.770  21.044 0.0000000000
149928  -41.479  -3.716  21.153 0.0000000000
55444  -25.214  -11.597  47.251 0.0000000000
55445  -25.840  -11.004  47.279 0.0000000000
55590  -29.113  -11.048  36.574 0.0000000000
56711  -28.787  -10.945  37.361 0.0000000000
55569  -29.498  -11.188  37.999 0.0000000000
135044  -33.827  -12.469  35.725 0.0000000000
124968  -33.013  -12.667  35.990 0.0000000000
54472  -34.237  -12.536  36.540 0.0000000000
53297  -35.345  -13.350  42.587 0.0000000000
53311  -34.189  -13.217  41.485 0.0000000000
53296  -34.476  -13.218  42.392 0.0000000000
54384  -33.880  -12.868  43.122 0.0000000000
54370  -34.325  -12.702  44.058 0.0000000000
54371  -35.296  -12.842  44.164 0.0000000000
61095  -42.487  -6.917  41.162 0.0000000000
53242  -16.022  -13.892  47.422 0.0000000000
66820  -45.755  -1.514  15.187 0.0000000000
66806  -46.739  -1.198  16.095 0.0000000000
69881  -51.757  1.915  19.445 0.0000000000
69880  -51.141  1.341  19.202 0.0000000000
71025  -52.619  2.336  20.375 0.0000000000
69866  -52.749  1.896  20.951 0.0000000000
71026  -53.063  2.638  20.881 0.0000000000
74252  -55.629  5.755  17.386 0.0000000000
73258  -54.914  5.361  17.133 0.0000000000
135555  -56.123  6.622  4.253 0.0000000000
75383  -56.660  6.738  3.639 0.0000000000
137256  -59.779  7.241  1.512 0.0000000000
124552  -60.522  7.296  1.254 0.0000000000
76550  -62.615  7.547  -1.800 0.0000000000
76539  -61.855  7.499  -1.095 0.0000000000
76541  -63.448  8.159  -0.693 0.0000000000
77585  -64.653  9.485  -1.026 0.0000000000
77600  -64.530  8.688  -1.807 0.0000000000
58866  -41.980  -7.816  32.670 0.0000000000
59952  -41.780  -7.655  31.859 0.0000000000
58878  -41.138  -8.090  31.485 0.0000000000
58926  -39.773  -8.442  28.685 0.0000000000
58900  -40.591  -8.052  30.157 0.0000000000
55673  -36.886  -11.309  30.635 0.0000000000
55645  -38.505  -10.511  32.163 0.0000000000
55633  -39.096  -10.323  33.380 0.0000000000
56753  -39.303  -10.265  33.911 0.0000000000
155049  -39.784  -9.871  33.361 0.0000000000
57800  -40.471  -9.632  34.048 0.0000000000
58877  -40.645  -8.718  31.801 0.0000000000
57811  -41.179  -8.795  33.153 0.0000000000
134809  -41.681  -8.326  33.065 0.0000000000
58855  -42.204  -8.023  33.417 0.0000000000
64662  -45.771  -3.204  22.290 0.0000000000
147352  -47.259  -2.777  23.032 0.0000000000
65709  -46.582  -2.983  21.831 0.0000000000
65732  -46.827  -2.747  20.558 0.0000000000
65722  -47.286  -2.708  21.296 0.0000000000
65733  -47.522  -2.437  20.430 0.0000000000
65723  -48.683  -2.308  21.515 0.0000000000
74306  -56.368  5.490  10.310 0.0000000000
152511  -57.389  5.705  10.978 0.0000000000
75298  -57.859  6.103  10.807 0.0000000000
148591  -59.986  7.856  12.316 0.0000000000
76415  -59.922  7.741  13.028 0.0000000000
143365  -60.348  8.514  12.757 0.0000000000
79419  -61.275  9.947  7.414 0.0000000000
141128  -61.666  10.083  6.938 0.0000000000
79427  -61.100  9.737  6.800 0.0000000000
47639  -11.895  -19.073  47.750 0.0000000000
46519  -11.353  -19.558  47.236 0.0000000000
46508  -11.271  -19.606  49.094 0.0000000000
145742  -42.285  -3.151  28.829 0.0000000000
65623  -42.732  -2.870  29.319 0.0000000000
65635  -42.145  -3.290  28.211 0.0000000000
66692  -42.332  -3.002  27.271 0.0000000000
66678  -42.344  -3.095  27.903 0.0000000000
66679  -42.659  -2.682  27.818 0.0000000000
141608  -42.732  -2.464  27.243 0.0000000000
134538  -42.640  -2.427  26.485 0.0000000000
65690  -40.423  -3.005  23.924 0.0000000000
65708  -40.583  -2.857  23.432 0.0000000000
64657  -40.803  -3.049  22.680 0.0000000000
56592  -27.420  -10.351  45.836 0.0000000000
56575  -27.357  -10.226  46.714 0.0000000000
56576  -28.088  -10.002  46.352 0.0000000000
57664  -29.747  -9.787  47.260 0.0000000000
57655  -29.197  -9.732  48.081 0.0000000000
133600  -30.108  -9.767  48.252 0.0000000000
56566  -32.563  -10.419  47.427 0.0000000000
57648  -32.256  -10.456  48.325 0.0000000000
56556  -33.145  -11.067  48.076 0.0000000000
56775  -28.724  -10.917  33.028 0.0000000000
154700  -28.907  -10.828  34.350 0.0000000000
54443  -36.901  -12.199  39.136 0.0000000000
54442  -36.103  -12.552  39.025 0.0000000000
54425  -37.013  -12.328  39.856 0.0000000000
55529  -37.650  -12.303  41.808 0.0000000000
142713  -37.058  -12.799  41.419 0.0000000000
54397  -37.217  -12.763  42.196 0.0000000000
54396  -36.613  -13.150  42.034 0.0000000000
54385  -36.899  -12.898  42.852 0.0000000000
54373  -36.999  -12.375  43.757 0.0000000000
127204  -37.567  -11.735  43.618 0.0000000000
56612  -38.327  -10.246  45.296 0.0000000000
52136  -17.406  -14.266  42.279 0.0000000000
149593  -16.796  -14.783  42.187 0.0000000000
52130  -17.251  -14.078  43.054 0.0000000000
54336  -18.356  -13.103  45.722 0.0000000000
128340  -17.410  -13.223  46.889 0.0000000000
153680  -17.686  -12.941  47.441 0.0000000000
54309  -18.264  -12.684  47.775 0.0000000000
142306  -20.426  -11.887  49.316 0.0000000000
54290  -19.521  -12.048  49.141 0.0000000000
68847  -48.136  0.507  15.219 0.0000000000
68862  -48.788  1.152  15.396 0.0000000000
69939  -49.913  2.142  15.308 0.0000000000
69926  -50.070  1.914  16.263 0.0000000000
69927  -50.724  2.477  16.680 0.0000000000
69914  -50.866  2.216  17.600 0.0000000000
71062  -51.343  2.918  17.143 0.0000000000
138657  -61.866  7.772  -2.673 0.0000000000
76565  -61.400  8.225  -3.326 0.0000000000
76583  -62.361  7.898  -3.367 0.0000000000
49809  -13.355  -16.043  49.976 0.0000000000
52036  -12.532  -14.111  54.575 0.0000000000
136198  -44.533  -3.877  36.938 0.0000000000
64545  -44.497  -2.874  36.525 0.0000000000
140572  -44.450  -3.646  35.956 0.0000000000
63516  -43.904  -4.414  33.926 0.0000000000
63528  -43.594  -4.111  33.085 0.0000000000
63541  -43.291  -3.775  32.392 0.0000000000
59962  -42.175  -6.850  31.385 0.0000000000
124404  -42.636  -6.544  32.001 0.0000000000
59976  -42.181  -6.048  30.672 0.0000000000
152739  -41.775  -5.525  29.561 0.0000000000
62415  -42.066  -5.181  30.014 0.0000000000
63563  -42.307  -4.203  30.329 0.0000000000
63571  -41.993  -4.255  29.698 0.0000000000
63570  -41.828  -3.793  29.055 0.0000000000
143924  -41.498  -4.402  28.546 0.0000000000
63590  -40.813  -4.335  26.990 0.0000000000
54339  -21.391  -12.777  45.709 0.0000000000
127067  -21.365  -12.989  44.393 0.0000000000
54366  -22.760  -13.041  43.628 0.0000000000
54354  -23.059  -12.923  44.529 0.0000000000
54355  -23.826  -12.716  44.690 0.0000000000
54342  -24.053  -12.606  45.465 0.0000000000
55498  -24.270  -12.558  44.141 0.0000000000
54403  -22.800  -13.128  40.523 0.0000000000
126421  -24.745  -12.265  41.875 0.0000000000
55512  -25.185  -12.009  43.148 0.0000000000
146922  -25.982  -11.318  44.401 0.0000000000
55513  -25.931  -11.373  42.851 0.0000000000
126477  -26.900  -10.860  41.051 0.0000000000
56633  -27.132  -10.592  42.411 0.0000000000
56634  -27.835  -10.438  42.508 0.0000000000
56622  -28.114  -10.420  43.376 0.0000000000
139879  -28.073  -10.471  41.792 0.0000000000
54531  -33.640  -12.322  32.821 0.0000000000
54530  -32.764  -12.472  32.597 0.0000000000
54514  -33.981  -12.257  33.834 0.0000000000
146394  -34.620  -12.093  34.557 0.0000000000
54533  -36.047  -11.645  32.187 0.0000000000
54532  -35.152  -11.943  32.148 0.0000000000
140901  -36.529  -11.501  33.064 0.0000000000
55607  -37.301  -11.206  35.286 0.0000000000
55617  -36.236  -11.574  34.510 0.0000000000
55606  -36.587  -11.447  35.217 0.0000000000
54488  -36.187  -11.642  35.904 0.0000000000
55592  -36.568  -11.616  36.596 0.0000000000
56679  -39.493  -10.816  38.788 0.0000000000
56695  -38.734  -11.116  38.691 0.0000000000
148894  -39.653  -10.648  39.442 0.0000000000
56663  -39.375  -10.637  40.113 0.0000000000
56664  -40.066  -10.266  39.863 0.0000000000
57740  -41.637  -9.559  39.104 0.0000000000
58794  -41.979  -8.843  39.731 0.0000000000
58789  -42.375  -8.094  40.052 0.0000000000
155584  -42.445  -8.526  39.495 0.0000000000
57784  -41.968  -9.169  35.372 0.0000000000
144412  -41.860  -9.480  36.028 0.0000000000
143526  -43.673  -7.531  36.831 0.0000000000
59901  -43.520  -7.720  37.646 0.0000000000
61125  -43.695  -7.137  38.267 0.0000000000
59878  -43.339  -7.332  39.082 0.0000000000
61114  -43.643  -6.482  38.917 0.0000000000
62298  -43.563  -5.703  39.661 0.0000000000
61115  -44.008  -6.186  38.012 0.0000000000
138349  -44.495  -4.796  36.930 0.0000000000
63484  -44.374  -4.539  37.679 0.0000000000
52145  -17.924  -14.465  40.366 0.0000000000
53279  -19.985  -13.174  43.401 0.0000000000
146622  -49.373  -0.014  28.614 0.0000000000
67737  -50.100  0.159  28.382 0.0000000000
143188  -50.949  -0.510  27.052 0.0000000000
129431  -51.319  -0.015  27.598 0.0000000000
152817  -51.644  -0.401  27.203 0.0000000000
67748  -52.166  -0.030  27.652 0.0000000000
141318  -52.313  -0.563  27.116 0.0000000000
65661  -48.978  -1.954  24.828 0.0000000000
66738  -49.869  -1.968  24.734 0.0000000000
65662  -52.409  -2.050  24.872 0.0000000000
66723  -51.799  -1.799  25.452 0.0000000000
66724  -52.767  -1.700  25.730 0.0000000000
66704  -53.427  -1.269  26.445 0.0000000000
66725  -53.892  -1.645  25.684 0.0000000000
66741  -54.515  -1.532  24.369 0.0000000000
135691  -52.282  3.574  13.095 0.0000000000
139037  -53.030  3.912  13.475 0.0000000000
73294  -55.143  4.620  13.878 0.0000000000
73293  -54.387  4.510  14.222 0.0000000000
73270  -55.701  5.206  14.965 0.0000000000
149422  -55.570  5.398  15.743 0.0000000000
156038  -56.016  5.498  15.401 0.0000000000
74291  -57.578  5.472  12.504 0.0000000000
74283  -57.375  5.443  13.384 0.0000000000
74284  -58.143  5.872  13.108 0.0000000000
75265  -58.439  6.797  15.548 0.0000000000
42568  -6.905  -23.105  52.871 0.0000000000
42567  -6.551  -23.427  52.468 0.0000000000
41543  -7.050  -23.901  52.948 0.0000000000
65807  -43.697  -2.101  13.902 0.0000000000
65791  -45.030  -1.887  14.906 0.0000000000
66847  -44.730  -1.006  13.222 0.0000000000
67867  -45.254  -0.512  13.117 0.0000000000
131748  -45.840  -0.271  13.383 0.0000000000
68885  -46.841  1.043  12.479 0.0000000000
69991  -47.119  1.486  11.757 0.0000000000
125744  -47.624  1.480  12.394 0.0000000000
146725  -47.704  1.744  11.826 0.0000000000
149350  -48.703  2.261  11.173 0.0000000000
71136  -49.328  2.441  11.322 0.0000000000
71137  -50.062  2.609  11.590 0.0000000000
71153  -49.937  2.681  10.706 0.0000000000
71166  -50.982  3.291  9.592 0.0000000000
71154  -51.151  3.109  10.276 0.0000000000
72248  -51.714  3.403  9.956 0.0000000000
72249  -52.339  3.520  10.409 0.0000000000
72264  -52.414  3.851  9.602 0.0000000000
125965  -52.741  4.802  8.148 0.0000000000
73342  -52.248  4.439  8.451 0.0000000000
127128  -53.733  4.639  9.195 0.0000000000
73328  -55.162  5.112  9.707 0.0000000000
73344  -54.234  5.171  8.763 0.0000000000
74335  -55.174  6.381  7.944 0.0000000000
75330  -55.778  6.856  7.454 0.0000000000
75343  -56.354  7.279  6.966 0.0000000000
75356  -54.830  6.582  5.315 0.0000000000
75372  -54.718  6.657  4.452 0.0000000000
44648  -8.680  -21.517  49.438 0.0000000000
49794  -12.754  -16.675  50.772 0.0000000000
131112  -12.577  -17.330  50.555 0.0000000000
128210  -11.313  -17.108  52.983 0.0000000000
48688  -11.771  -18.037  51.456 0.0000000000
48687  -11.231  -18.155  52.036 0.0000000000
47593  -11.206  -18.695  51.425 0.0000000000
47591  -10.493  -18.601  52.394 0.0000000000
49747  -11.082  -17.073  54.928 0.0000000000
47585  -9.057  -19.027  53.768 0.0000000000
48668  -9.643  -18.518  54.101 0.0000000000
46490  -9.713  -19.286  52.231 0.0000000000
145602  -9.023  -19.304  52.973 0.0000000000
126346  -8.857  -19.754  52.390 0.0000000000
132675  -8.384  -19.782  53.259 0.0000000000
127605  -8.195  -20.634  53.672 0.0000000000
45566  -7.594  -20.704  53.190 0.0000000000
45564  -7.636  -20.925  53.322 0.0000000000
45569  -7.094  -21.236  52.848 0.0000000000
45563  -7.266  -21.555  53.164 0.0000000000
132304  -7.470  -21.891  53.308 0.0000000000
44622  -8.181  -21.663  53.858 0.0000000000
43565  -9.832  -22.141  54.523 0.0000000000
151041  -49.043  2.286  33.285 0.0000000000
69748  -50.053  2.249  32.379 0.0000000000
125949  -49.280  2.155  32.599 0.0000000000
65579  -44.535  -1.946  36.145 0.0000000000
66608  -44.923  -1.195  36.771 0.0000000000
65587  -44.409  -1.796  35.071 0.0000000000
66627  -44.500  -1.489  33.378 0.0000000000
66618  -44.879  -0.962  34.134 0.0000000000
67671  -45.259  -0.306  34.188 0.0000000000
67682  -45.192  -0.443  33.336 0.0000000000
66648  -43.823  -2.414  30.423 0.0000000000
66642  -44.278  -2.020  31.089 0.0000000000
66649  -44.170  -2.044  30.527 0.0000000000
67696  -44.947  -0.894  31.605 0.0000000000
67689  -45.349  -0.247  32.360 0.0000000000
68692  -45.773  0.330  32.949 0.0000000000
68700  -45.986  0.255  32.176 0.0000000000
155610  -46.331  0.643  32.578 0.0000000000
151231  -46.593  0.606  32.114 0.0000000000
68709  -47.459  0.489  31.190 0.0000000000
67707  -47.741  0.160  30.516 0.0000000000
68710  -48.290  0.677  30.938 0.0000000000
67708  -48.574  0.289  30.215 0.0000000000
149939  -47.936  -0.175  29.800 0.0000000000
66682  -45.907  -1.515  27.495 0.0000000000
67735  -47.305  -0.977  28.032 0.0000000000
66683  -46.824  -1.428  27.376 0.0000000000
66698  -47.245  -1.620  26.579 0.0000000000
66715  -43.338  -2.218  26.229 0.0000000000
65656  -43.837  -2.352  25.433 0.0000000000
65673  -44.339  -2.592  24.600 0.0000000000
146658  -45.109  -2.656  24.422 0.0000000000
131416  -44.753  -2.884  23.831 0.0000000000
65695  -45.217  -3.122  23.109 0.0000000000
64692  -42.881  -3.810  20.747 0.0000000000
64693  -43.605  -3.672  20.929 0.0000000000
63647  -43.191  -3.817  20.185 0.0000000000
149021  -43.414  -3.759  19.571 0.0000000000
63665  -42.360  -4.115  18.882 0.0000000000
65705  -38.049  -3.633  22.604 0.0000000000
64669  -37.906  -3.382  21.935 0.0000000000
63642  -38.073  -3.844  20.195 0.0000000000
150942  -38.826  -3.765  20.579 0.0000000000
63662  -38.543  -4.557  18.698 0.0000000000
63663  -39.408  -4.581  18.745 0.0000000000
63655  -40.713  -4.404  19.197 0.0000000000
132606  -39.923  -4.720  18.045 0.0000000000
130925  -22.509  -12.321  48.072 0.0000000000
134724  -23.302  -12.464  47.618 0.0000000000
57653  -27.518  -9.949  48.317 0.0000000000
127809  -26.890  -10.227  48.180 0.0000000000
56554  -27.264  -10.058  49.008 0.0000000000
129928  -27.119  -10.708  36.713 0.0000000000
129128  -26.444  -10.518  35.651 0.0000000000
56722  -26.571  -10.735  36.531 0.0000000000
56691  -26.834  -11.190  38.296 0.0000000000
56692  -27.427  -11.106  38.077 0.0000000000
55539  -29.390  -10.970  40.392 0.0000000000
56661  -28.707  -10.908  39.904 0.0000000000
148517  -29.307  -10.845  41.163 0.0000000000
55526  -29.299  -10.750  41.896 0.0000000000
152473  -29.832  -11.010  41.568 0.0000000000
54469  -31.676  -12.482  36.093 0.0000000000
134810  -30.999  -12.226  34.673 0.0000000000
54483  -30.904  -12.154  35.543 0.0000000000
152251  -30.315  -11.781  35.407 0.0000000000
54454  -31.463  -12.344  37.073 0.0000000000
54440  -34.670  -12.940  38.676 0.0000000000
126386  -34.230  -12.885  38.089 0.0000000000
53348  -33.947  -13.067  39.009 0.0000000000
53323  -33.153  -12.947  40.583 0.0000000000
152171  -32.864  -12.862  38.979 0.0000000000
54421  -31.999  -12.451  39.231 0.0000000000
54437  -31.383  -12.174  38.598 0.0000000000
151988  -31.372  -12.074  39.371 0.0000000000
54436  -30.815  -11.755  39.086 0.0000000000
129734  -31.719  -12.221  39.990 0.0000000000
54368  -32.468  -12.134  43.137 0.0000000000
54382  -31.550  -11.957  42.023 0.0000000000
55504  -31.594  -11.737  42.834 0.0000000000
133968  -32.001  -11.660  43.696 0.0000000000
149950  -31.648  -11.291  44.211 0.0000000000
55489  -32.306  -11.482  44.458 0.0000000000
55476  -34.569  -11.771  46.325 0.0000000000
143386  -33.862  -11.597  45.831 0.0000000000
140694  -34.927  -11.772  46.822 0.0000000000
54345  -36.752  -11.683  45.763 0.0000000000
126851  -40.466  -8.667  41.751 0.0000000000
48773  -12.927  -17.929  45.259 0.0000000000
50979  -16.306  -15.058  42.587 0.0000000000
144817  -15.756  -15.851  41.652 0.0000000000
50988  -15.788  -15.640  42.350 0.0000000000
141001  -14.646  -16.485  43.196 0.0000000000
131347  -14.065  -17.009  43.559 0.0000000000
49911  -13.503  -17.511  43.067 0.0000000000
49899  -13.975  -16.954  44.461 0.0000000000
49886  -13.852  -16.869  45.332 0.0000000000
49859  -14.077  -16.098  46.787 0.0000000000
49858  -13.582  -16.835  47.055 0.0000000000
153089  -13.844  -15.969  48.190 0.0000000000
54297  -17.464  -12.686  48.997 0.0000000000
54288  -17.478  -12.477  49.734 0.0000000000
132016  -53.373  1.461  30.001 0.0000000000
64748  -44.112  -2.909  16.170 0.0000000000
65766  -45.137  -2.674  17.330 0.0000000000
66789  -47.066  -1.607  17.800 0.0000000000
65753  -47.284  -1.849  18.660 0.0000000000
66782  -48.052  -1.495  18.999 0.0000000000
66774  -48.698  -1.535  20.080 0.0000000000
66783  -48.789  -1.123  19.409 0.0000000000
67834  -48.343  0.056  16.491 0.0000000000
68820  -48.635  -0.044  17.246 0.0000000000
69864  -51.180  0.792  19.932 0.0000000000
68804  -50.071  0.069  19.457 0.0000000000
68797  -50.642  0.166  20.052 0.0000000000
67797  -50.724  -0.444  20.742 0.0000000000
146918  -51.421  -0.221  21.122 0.0000000000
67799  -51.935  -0.498  21.692 0.0000000000
126850  -52.531  0.046  21.733 0.0000000000
69836  -54.027  1.818  22.286 0.0000000000
68782  -53.969  0.379  22.414 0.0000000000
135438  -54.181  1.094  22.426 0.0000000000
72205  -52.407  3.864  14.733 0.0000000000
132021  -51.945  3.641  15.285 0.0000000000
72193  -52.877  4.201  15.762 0.0000000000
73252  -54.188  5.056  17.835 0.0000000000
150424  -52.998  4.235  17.025 0.0000000000
73244  -53.462  4.501  18.193 0.0000000000
72161  -52.855  3.864  18.576 0.0000000000
72162  -53.505  4.338  19.052 0.0000000000
76471  -57.014  7.419  6.506 0.0000000000
76461  -57.652  7.839  6.758 0.0000000000
76472  -57.724  7.525  6.035 0.0000000000
76473  -58.514  7.891  5.806 0.0000000000
76474  -59.107  8.100  5.554 0.0000000000
77533  -59.809  8.503  5.609 0.0000000000
75390  -57.132  6.879  2.972 0.0000000000
75391  -57.962  6.878  3.155 0.0000000000
148698  -60.630  7.807  3.742 0.0000000000
76495  -59.742  7.450  3.780 0.0000000000
77542  -61.051  8.771  4.884 0.0000000000
77543  -61.911  9.207  4.433 0.0000000000
76497  -62.087  8.826  3.623 0.0000000000
76511  -62.691  8.753  2.162 0.0000000000
77548  -62.852  9.455  2.862 0.0000000000
79457  -63.910  10.488  2.278 0.0000000000
155536  -63.764  10.306  1.795 0.0000000000
124786  -60.484  7.432  -0.117 0.0000000000
135536  -59.608  7.496  0.040 0.0000000000
145697  -61.112  7.329  0.592 0.0000000000
76532  -62.115  7.483  0.188 0.0000000000
78577  -64.164  9.836  0.322 0.0000000000
77562  -63.488  9.302  0.863 0.0000000000
149429  -64.248  10.270  0.866 0.0000000000
78571  -64.865  10.162  0.452 0.0000000000
76568  -64.792  8.473  -2.730 0.0000000000
77601  -65.160  8.899  -2.320 0.0000000000
58888  -40.568  -8.441  30.994 0.0000000000
57841  -40.060  -8.792  30.413 0.0000000000
57848  -39.560  -8.994  29.240 0.0000000000
55674  -37.655  -10.902  30.604 0.0000000000
56790  -38.783  -10.253  31.316 0.0000000000
56791  -39.225  -10.040  31.943 0.0000000000
56777  -39.694  -9.736  32.448 0.0000000000
127878  -39.695  -9.590  31.804 0.0000000000
64695  -45.425  -3.323  20.727 0.0000000000
64676  -45.951  -3.204  21.362 0.0000000000
142042  -45.716  -3.116  20.006 0.0000000000
149528  -45.981  -2.831  19.418 0.0000000000
75312  -57.122  6.707  9.268 0.0000000000
75306  -58.295  6.728  10.228 0.0000000000
77490  -60.299  9.146  9.522 0.0000000000
78506  -60.967  9.893  9.060 0.0000000000
77500  -60.332  9.404  8.617 0.0000000000
77508  -60.000  9.264  7.893 0.0000000000
77514  -59.569  8.978  7.185 0.0000000000
47670  -11.899  -18.983  45.914 0.0000000000
47625  -12.373  -18.542  48.222 0.0000000000
47614  -12.351  -18.385  49.197 0.0000000000
64626  -41.324  -4.216  26.896 0.0000000000
65642  -41.801  -3.847  27.504 0.0000000000
65648  -41.635  -3.813  26.735 0.0000000000
65654  -41.293  -3.640  25.946 0.0000000000
154613  -41.731  -3.182  25.893 0.0000000000
66713  -41.869  -2.975  26.053 0.0000000000
66735  -41.274  -3.146  25.436 0.0000000000
139551  -40.606  -3.221  24.616 0.0000000000
146448  -39.769  -3.173  23.323 0.0000000000
56607  -28.301  -10.305  44.657 0.0000000000
56593  -28.197  -10.176  45.481 0.0000000000
56594  -28.956  -10.198  45.142 0.0000000000
56578  -29.884  -9.996  46.369 0.0000000000
137834  -30.384  -9.868  46.916 0.0000000000
57657  -31.422  -9.897  47.800 0.0000000000
56564  -31.054  -9.911  47.007 0.0000000000
56565  -31.835  -10.094  47.161 0.0000000000
56580  -32.281  -10.476  46.583 0.0000000000
55543  -37.995  -11.740  40.369 0.0000000000
142192  -37.387  -12.208  40.254 0.0000000000
133637  -38.058  -11.726  41.298 0.0000000000
55530  -38.048  -11.578  42.197 0.0000000000
55518  -37.969  -11.305  43.094 0.0000000000
137564  -38.295  -10.443  43.458 0.0000000000
145180  -38.707  -9.626  43.891 0.0000000000
54324  -18.885  -12.831  46.400 0.0000000000
54310  -18.962  -12.604  47.298 0.0000000000
54300  -20.099  -12.145  48.448 0.0000000000
68876  -48.289  1.197  13.921 0.0000000000
68861  -48.530  1.180  14.615 0.0000000000
71073  -50.570  2.618  15.783 0.0000000000
62341  -44.434  -5.166  35.634 0.0000000000
63506  -44.369  -4.322  35.288 0.0000000000
62352  -44.330  -5.044  35.006 0.0000000000
62367  -43.686  -5.124  33.404 0.0000000000
59992  -41.217  -6.629  29.353 0.0000000000
61231  -41.522  -5.821  29.147 0.0000000000
62440  -41.332  -5.246  28.485 0.0000000000
63591  -41.149  -4.523  27.787 0.0000000000
131688  -20.530  -13.235  42.772 0.0000000000
54364  -21.136  -13.109  43.754 0.0000000000
53280  -21.323  -13.201  43.049 0.0000000000
53281  -22.156  -13.182  42.973 0.0000000000
54380  -22.837  -13.089  42.784 0.0000000000
54420  -24.014  -12.645  39.829 0.0000000000
54404  -23.648  -12.794  40.400 0.0000000000
55537  -24.332  -12.459  40.393 0.0000000000
147264  -25.426  -11.749  41.287 0.0000000000
124974  -25.980  -11.296  41.964 0.0000000000
124709  -26.250  -11.173  41.149 0.0000000000
55619  -37.802  -10.947  34.186 0.0000000000
154243  -37.681  -11.040  34.832 0.0000000000
146711  -37.871  -10.981  35.335 0.0000000000
134612  -37.654  -11.100  35.929 0.0000000000
55594  -38.163  -11.037  36.600 0.0000000000
56697  -40.058  -10.667  38.114 0.0000000000
57739  -40.806  -9.947  39.532 0.0000000000
155019  -40.550  -10.430  38.421 0.0000000000
57752  -41.573  -9.886  38.189 0.0000000000
57753  -42.124  -9.431  38.386 0.0000000000
134189  -42.460  -8.657  35.068 0.0000000000
58836  -42.945  -8.320  35.673 0.0000000000
59910  -43.748  -7.316  36.026 0.0000000000
61135  -44.209  -6.206  37.033 0.0000000000
144513  -44.256  -6.223  36.324 0.0000000000
62330  -44.426  -5.488  36.464 0.0000000000
143988  -18.559  -14.054  40.748 0.0000000000
53306  -19.725  -13.501  41.624 0.0000000000
126297  -49.025  -0.640  27.541 0.0000000000
127290  -49.549  -0.276  27.973 0.0000000000
67746  -49.380  -0.846  26.892 0.0000000000
67759  -50.156  -0.698  26.950 0.0000000000
65699  -49.604  -2.393  23.037 0.0000000000
65678  -50.283  -2.214  24.165 0.0000000000
65679  -51.074  -2.223  23.967 0.0000000000
65680  -52.036  -2.191  24.120 0.0000000000
65681  -52.931  -2.006  24.232 0.0000000000
66749  -53.404  -1.655  23.596 0.0000000000
66759  -53.839  -1.209  23.170 0.0000000000
72237  -53.044  3.608  11.616 0.0000000000
134194  -53.706  4.046  13.140 0.0000000000
72226  -54.103  4.052  12.532 0.0000000000
73301  -55.417  4.495  13.102 0.0000000000
73295  -55.881  4.810  13.677 0.0000000000
75286  -59.388  7.017  13.319 0.0000000000
75278  -59.281  7.065  14.254 0.0000000000
80433  -63.395  10.527  3.977 0.0000000000
68883  -45.179  0.423  12.084 0.0000000000
142492  -49.008  2.735  9.583 0.0000000000
71164  -49.819  2.861  9.771 0.0000000000
72261  -50.310  3.350  9.084 0.0000000000
72262  -51.029  3.667  8.951 0.0000000000
73366  -52.215  5.280  7.033 0.0000000000
73357  -53.242  5.260  7.777 0.0000000000
74324  -53.949  5.498  8.051 0.0000000000
74333  -53.666  5.751  7.332 0.0000000000
74346  -54.098  6.248  6.700 0.0000000000
75341  -54.878  6.587  6.201 0.0000000000
75355  -53.397  6.355  5.344 0.0000000000
44642  -8.479  -21.253  50.197 0.0000000000
50876  -12.037  -15.499  53.093 0.0000000000
50875  -11.666  -16.292  53.070 0.0000000000
48670  -10.643  -17.542  53.698 0.0000000000
135502  -10.282  -19.092  54.822 0.0000000000
47579  -9.491  -19.505  54.302 0.0000000000
46482  -8.906  -19.638  53.864 0.0000000000
46486  -8.683  -19.726  53.766 0.0000000000
46481  -8.506  -19.953  53.747 0.0000000000
152384  -8.791  -20.672  54.133 0.0000000000
45559  -8.462  -20.947  53.962 0.0000000000
127983  -8.889  -21.745  54.244 0.0000000000
44616  -9.257  -21.335  54.485 0.0000000000
43555  -9.949  -21.719  54.688 0.0000000000
65586  -44.119  -2.024  33.943 0.0000000000
65593  -44.060  -1.963  33.027 0.0000000000
67681  -44.642  -1.440  32.548 0.0000000000
67703  -44.326  -1.707  30.231 0.0000000000
130243  -45.195  -0.699  30.907 0.0000000000
67698  -46.019  -0.248  30.837 0.0000000000
67705  -45.596  -0.664  30.214 0.0000000000
134787  -46.497  -0.364  30.138 0.0000000000
125864  -47.131  -0.515  29.451 0.0000000000
66673  -46.312  -1.166  28.100 0.0000000000
65692  -42.007  -2.599  23.984 0.0000000000
65672  -43.369  -2.496  24.686 0.0000000000
65693  -42.956  -2.665  23.938 0.0000000000
64647  -43.453  -3.089  23.204 0.0000000000
64660  -43.876  -3.400  22.464 0.0000000000
142784  -42.919  -3.710  21.288 0.0000000000
63646  -42.433  -3.936  20.266 0.0000000000
54315  -24.521  -12.126  47.227 0.0000000000
54302  -24.069  -12.224  48.041 0.0000000000
125981  -24.830  -11.776  48.004 0.0000000000
55439  -25.124  -11.365  48.780 0.0000000000
56552  -25.801  -10.841  48.879 0.0000000000
57635  -28.420  -9.901  49.564 0.0000000000
56544  -28.401  -10.233  50.139 0.0000000000
150392  -27.207  -10.056  34.154 0.0000000000
56750  -26.804  -10.117  34.478 0.0000000000
56738  -27.580  -10.377  35.497 0.0000000000
56724  -27.651  -10.614  36.412 0.0000000000
56709  -27.502  -10.864  37.268 0.0000000000
130832  -27.844  -11.118  38.632 0.0000000000
56693  -28.056  -10.910  37.923 0.0000000000
56694  -28.747  -10.956  38.308 0.0000000000
55555  -29.532  -11.097  39.495 0.0000000000
145430  -32.073  -12.512  33.760 0.0000000000
54497  -31.563  -12.432  34.241 0.0000000000
54498  -32.413  -12.570  34.535 0.0000000000
54485  -32.369  -12.617  35.521 0.0000000000
124802  -32.845  -12.724  36.837 0.0000000000
53326  -35.462  -13.356  41.199 0.0000000000
53337  -34.304  -13.186  39.954 0.0000000000
53325  -34.761  -13.332  40.790 0.0000000000
53324  -33.873  -13.150  40.654 0.0000000000
53310  -33.380  -12.969  41.286 0.0000000000
54395  -32.588  -12.688  41.062 0.0000000000
131854  -32.871  -12.693  41.828 0.0000000000
143265  -33.045  -12.586  42.651 0.0000000000
54369  -33.226  -12.433  43.476 0.0000000000
155127  -34.167  -12.271  44.743 0.0000000000
135881  -34.411  -11.966  45.413 0.0000000000
54343  -35.188  -12.051  45.627 0.0000000000
52121  -16.162  -14.723  43.873 0.0000000000
50970  -15.539  -15.246  44.185 0.0000000000
50969  -14.932  -15.776  44.554 0.0000000000
49887  -14.395  -16.338  44.944 0.0000000000
50960  -14.773  -15.690  45.410 0.0000000000
50950  -14.626  -15.589  46.239 0.0000000000
149880  -14.578  -15.461  46.949 0.0000000000
52093  -14.627  -14.932  48.239 0.0000000000
55395  -18.848  -11.731  50.800 0.0000000000
137661  -45.667  -2.022  16.306 0.0000000000
65767  -45.707  -2.215  16.959 0.0000000000
65768  -46.239  -1.746  16.592 0.0000000000
66797  -46.920  -1.443  16.956 0.0000000000
66798  -47.602  -1.110  17.350 0.0000000000
69896  -50.163  1.081  18.263 0.0000000000
132566  -49.629  0.493  18.204 0.0000000000
68815  -50.561  1.058  18.805 0.0000000000
68798  -51.776  0.950  20.473 0.0000000000
124398  -52.754  0.725  21.578 0.0000000000
69848  -52.403  1.178  20.990 0.0000000000
69849  -52.924  1.411  21.469 0.0000000000
73268  -54.215  4.829  15.883 0.0000000000
73256  -53.425  4.489  16.388 0.0000000000
73257  -54.194  4.926  16.797 0.0000000000
73245  -54.536  5.246  18.752 0.0000000000
75359  -57.318  6.958  5.330 0.0000000000
75375  -57.711  6.896  4.653 0.0000000000
147003  -58.320  7.168  4.736 0.0000000000
126032  -59.544  7.200  2.548 0.0000000000
76508  -60.501  7.426  2.974 0.0000000000
129089  -61.353  7.948  3.324 0.0000000000
76509  -61.319  7.574  2.434 0.0000000000
76522  -62.138  7.877  1.938 0.0000000000
76548  -60.628  7.873  -1.816 0.0000000000
147659  -62.168  7.492  -0.505 0.0000000000
138120  -62.914  7.831  -0.226 0.0000000000
77571  -64.311  9.503  -0.448 0.0000000000
78589  -64.892  9.722  -0.996 0.0000000000
77627  -65.267  8.491  -4.007 0.0000000000
77602  -65.524  8.753  -2.851 0.0000000000
77616  -65.591  8.566  -3.817 0.0000000000
59942  -43.143  -6.910  33.364 0.0000000000
59953  -42.381  -7.196  32.245 0.0000000000
155346  -40.999  -7.895  30.817 0.0000000000
58889  -41.171  -7.418  30.381 0.0000000000
59991  -40.902  -7.341  29.675 0.0000000000
60009  -40.732  -7.141  28.914 0.0000000000
53356  -23.058  -13.322  38.030 0.0000000000
155260  -23.946  -12.680  38.464 0.0000000000
140660  -24.444  -12.322  38.249 0.0000000000
54557  -35.278  -11.842  30.608 0.0000000000
55643  -36.930  -11.372  32.155 0.0000000000
55659  -37.297  -11.158  31.373 0.0000000000
55644  -37.693  -10.948  32.098 0.0000000000
149351  -37.395  -11.151  32.837 0.0000000000
55620  -38.598  -10.578  33.907 0.0000000000
56740  -39.170  -10.428  34.602 0.0000000000
56741  -39.813  -10.289  35.161 0.0000000000
56728  -40.511  -10.154  35.840 0.0000000000
56755  -40.484  -9.865  34.879 0.0000000000
57791  -41.274  -9.600  35.340 0.0000000000
57792  -41.717  -9.020  34.587 0.0000000000
131478  -40.571  -9.322  33.295 0.0000000000
57801  -41.111  -9.144  33.893 0.0000000000
58845  -42.370  -8.335  34.218 0.0000000000
59930  -42.854  -7.628  33.814 0.0000000000
65675  -46.683  -2.469  24.485 0.0000000000
65660  -48.046  -1.957  24.947 0.0000000000
65696  -47.054  -2.651  23.759 0.0000000000
65697  -47.852  -2.601  23.557 0.0000000000
65698  -48.730  -2.528  23.295 0.0000000000
133148  -48.031  -2.659  22.716 0.0000000000
135420  -48.912  -2.454  22.326 0.0000000000
65711  -49.805  -2.177  22.283 0.0000000000
65725  -50.122  -1.734  21.697 0.0000000000
147219  -55.392  4.740  10.796 0.0000000000
73309  -56.278  4.925  11.667 0.0000000000
74297  -56.850  5.369  11.115 0.0000000000
74298  -57.634  5.635  11.568 0.0000000000
74292  -58.258  5.925  12.197 0.0000000000
75299  -58.647  6.525  11.013 0.0000000000
75292  -58.838  6.456  11.834 0.0000000000
75285  -58.840  6.409  12.738 0.0000000000
76407  -60.338  8.528  13.598 0.0000000000
78515  -61.575  10.356  8.646 0.0000000000
80410  -62.235  10.354  6.779 0.0000000000
79428  -61.828  10.008  6.233 0.0000000000
46526  -11.333  -19.497  46.321 0.0000000000
46518  -10.743  -19.978  46.711 0.0000000000
46513  -10.767  -20.085  47.611 0.0000000000
46507  -10.723  -20.129  48.538 0.0000000000
126215  -10.568  -20.068  49.485 0.0000000000
64588  -42.758  -2.839  30.012 0.0000000000
65616  -43.251  -2.689  29.899 0.0000000000
124543  -43.502  -2.539  29.763 0.0000000000
66669  -42.806  -2.740  28.586 0.0000000000
67713  -43.322  -2.412  29.199 0.0000000000
67732  -43.353  -2.068  28.705 0.0000000000
67744  -43.540  -1.799  28.108 0.0000000000
140721  -44.037  -1.740  27.480 0.0000000000
132833  -43.239  -2.003  27.426 0.0000000000
65655  -42.779  -2.386  25.573 0.0000000000
66736  -41.615  -2.712  25.416 0.0000000000
65670  -41.644  -2.528  24.729 0.0000000000
150213  -40.996  -3.426  21.789 0.0000000000
55472  -26.102  -11.071  45.936 0.0000000000
55458  -26.158  -10.896  46.640 0.0000000000
56591  -26.733  -10.646  46.277 0.0000000000
56562  -27.392  -10.044  47.565 0.0000000000
57654  -28.203  -9.798  47.983 0.0000000000
57663  -28.763  -9.807  47.051 0.0000000000
57645  -28.766  -9.761  48.927 0.0000000000
57636  -29.165  -9.996  49.760 0.0000000000
154986  -31.717  -10.141  48.565 0.0000000000
57799  -27.283  -10.072  33.603 0.0000000000
56751  -27.788  -10.250  34.110 0.0000000000
56752  -28.360  -10.540  34.868 0.0000000000
151246  -29.588  -11.329  36.205 0.0000000000
54458  -35.563  -12.250  37.409 0.0000000000
54457  -34.640  -12.599  37.331 0.0000000000
128309  -35.811  -12.425  38.279 0.0000000000
54441  -35.345  -12.808  38.846 0.0000000000
54423  -35.625  -12.961  39.685 0.0000000000
54409  -36.851  -12.671  40.501 0.0000000000
126141  -36.144  -12.960  40.301 0.0000000000
54407  -35.535  -13.221  40.515 0.0000000000
53313  -35.815  -13.371  41.891 0.0000000000
53298  -36.181  -13.279  42.725 0.0000000000
53283  -35.740  -13.161  43.431 0.0000000000
54372  -36.186  -12.715  44.136 0.0000000000
55492  -37.312  -11.331  45.276 0.0000000000
138921  -37.829  -10.970  43.961 0.0000000000
56623  -37.796  -10.802  44.857 0.0000000000
56611  -37.843  -10.845  45.634 0.0000000000
50989  -16.365  -15.302  41.725 0.0000000000
52128  -16.343  -14.774  43.201 0.0000000000
129039  -16.783  -14.326  43.515 0.0000000000
53243  -16.717  -13.586  47.051 0.0000000000
148479  -16.620  -13.453  47.805 0.0000000000
53236  -17.144  -13.185  47.546 0.0000000000
150194  -17.490  -12.872  48.125 0.0000000000
54289  -18.128  -12.291  49.431 0.0000000000
126008  -18.768  -12.221  49.062 0.0000000000
55426  -18.927  -11.966  49.872 0.0000000000
66821  -46.930  -0.680  15.288 0.0000000000
66822  -47.301  -0.686  15.949 0.0000000000
67847  -47.625  -0.202  15.557 0.0000000000
153305  -48.097  0.103  15.887 0.0000000000
68831  -48.955  0.630  16.680 0.0000000000
68832  -49.463  1.276  16.458 0.0000000000
141208  -49.475  0.963  17.055 0.0000000000
69913  -50.295  1.571  17.661 0.0000000000
155832  -51.133  2.153  18.184 0.0000000000
69898  -51.977  2.553  18.902 0.0000000000
75382  -55.916  6.839  3.369 0.0000000000
75388  -55.844  7.159  2.569 0.0000000000
76505  -56.699  7.168  2.126 0.0000000000
76564  -60.941  8.022  -2.552 0.0000000000
148460  -62.203  7.614  -2.251 0.0000000000
127286  -63.702  7.771  -2.201 0.0000000000
76567  -63.995  7.808  -3.011 0.0000000000
76585  -64.741  8.277  -3.533 0.0000000000
77614  -63.011  8.007  -4.025 0.0000000000
76584  -63.925  7.920  -3.855 0.0000000000
48726  -13.484  -16.538  48.395 0.0000000000
49826  -13.137  -16.928  48.969 0.0000000000
156255  -13.041  -16.355  50.360 0.0000000000
151046  -12.273  -14.490  53.983 0.0000000000
64549  -44.343  -2.719  35.606 0.0000000000
63517  -44.067  -3.688  34.483 0.0000000000
147299  -43.886  -2.845  34.012 0.0000000000
64562  -43.494  -3.112  32.745 0.0000000000
64571  -43.211  -3.008  31.799 0.0000000000
131147  -43.224  -6.293  32.983 0.0000000000
61179  -43.011  -5.874  32.309 0.0000000000
62378  -42.886  -4.990  31.642 0.0000000000
146470  -42.810  -3.365  31.217 0.0000000000
64596  -42.187  -3.469  29.840 0.0000000000
63578  -41.276  -4.331  27.647 0.0000000000
64619  -41.342  -4.234  27.309 0.0000000000
63589  -40.803  -4.496  26.656 0.0000000000
64632  -40.173  -4.369  25.471 0.0000000000
54312  -21.752  -12.476  47.283 0.0000000000
144419  -22.345  -12.657  46.570 0.0000000000
54327  -22.845  -12.771  45.936 0.0000000000
54353  -22.214  -12.985  44.435 0.0000000000
54340  -22.539  -12.872  45.197 0.0000000000
140255  -23.540  -12.702  45.969 0.0000000000
54329  -24.178  -12.480  46.392 0.0000000000
55470  -24.787  -12.207  45.609 0.0000000000
55471  -25.502  -11.663  45.744 0.0000000000
53322  -22.015  -13.311  41.100 0.0000000000
53309  -22.696  -13.108  41.454 0.0000000000
54392  -23.297  -12.924  42.091 0.0000000000
128492  -24.042  -12.621  41.596 0.0000000000
55525  -24.136  -12.614  42.421 0.0000000000
55511  -24.370  -12.528  43.322 0.0000000000
55499  -24.896  -12.176  44.001 0.0000000000
55485  -25.354  -11.841  44.786 0.0000000000
55486  -26.022  -11.254  45.132 0.0000000000
131987  -26.525  -10.926  44.590 0.0000000000
56606  -27.038  -10.620  44.217 0.0000000000
56632  -26.604  -10.866  42.738 0.0000000000
153730  -27.753  -10.439  44.076 0.0000000000
129207  -28.436  -10.421  44.004 0.0000000000
55501  -29.028  -10.534  43.519 0.0000000000
54529  -32.099  -12.513  32.401 0.0000000000
54512  -32.134  -12.520  33.064 0.0000000000
54499  -33.256  -12.487  34.382 0.0000000000
146568  -33.859  -12.338  34.816 0.0000000000
54487  -34.652  -12.195  35.871 0.0000000000
55630  -36.601  -11.478  33.894 0.0000000000
54516  -35.896  -11.698  33.780 0.0000000000
54515  -35.019  -11.991  33.761 0.0000000000
126285  -35.043  -11.952  35.210 0.0000000000
139484  -35.419  -11.910  35.900 0.0000000000
55581  -36.228  -11.855  37.159 0.0000000000
54460  -37.138  -11.792  38.251 0.0000000000
55571  -37.566  -11.789  38.975 0.0000000000
55583  -37.819  -11.329  37.517 0.0000000000
55572  -37.988  -11.425  38.473 0.0000000000
55558  -38.220  -11.455  39.397 0.0000000000
56662  -38.678  -11.115  40.202 0.0000000000
56649  -38.996  -10.604  41.013 0.0000000000
57712  -39.450  -9.821  41.553 0.0000000000
57713  -40.096  -9.362  41.189 0.0000000000
58777  -40.824  -8.981  40.893 0.0000000000
57727  -41.264  -9.303  40.074 0.0000000000
59864  -42.074  -7.636  40.930 0.0000000000
146021  -42.566  -7.401  40.479 0.0000000000
61103  -42.891  -6.808  40.470 0.0000000000
57774  -41.701  -9.775  36.786 0.0000000000
57764  -42.158  -9.543  37.558 0.0000000000
58803  -42.660  -9.034  38.102 0.0000000000
58825  -42.884  -8.647  36.469 0.0000000000
58804  -43.097  -8.418  37.844 0.0000000000
59890  -42.895  -8.515  38.517 0.0000000000
59877  -42.875  -8.150  39.220 0.0000000000
62309  -44.114  -5.193  38.273 0.0000000000
52144  -17.339  -14.683  40.810 0.0000000000
52137  -18.214  -13.868  42.103 0.0000000000
52146  -18.542  -13.892  41.448 0.0000000000
53291  -18.706  -13.580  42.712 0.0000000000
54351  -19.864  -12.926  44.902 0.0000000000
67738  -50.965  0.364  28.181 0.0000000000
68738  -52.491  0.792  28.800 0.0000000000
68751  -52.785  0.344  28.274 0.0000000000
66721  -49.559  -1.630  25.583 0.0000000000
66722  -50.419  -1.475  25.835 0.0000000000
66739  -50.660  -1.994  24.686 0.0000000000
143059  -51.223  -1.391  25.951 0.0000000000
144949  -51.586  -0.889  26.606 0.0000000000
142229  -53.033  -0.795  27.010 0.0000000000
67760  -53.886  -0.758  27.175 0.0000000000
65664  -54.288  -1.715  24.953 0.0000000000
141798  -50.454  2.783  12.864 0.0000000000
71115  -50.784  2.979  13.548 0.0000000000
125698  -51.551  3.385  13.707 0.0000000000
129980  -52.315  3.760  13.964 0.0000000000
72217  -53.707  4.225  13.838 0.0000000000
73292  -53.649  4.399  14.633 0.0000000000
73281  -54.293  4.701  15.035 0.0000000000
74260  -55.589  5.589  16.541 0.0000000000
74253  -56.248  5.994  16.858 0.0000000000
150714  -56.419  4.892  12.332 0.0000000000
74282  -56.606  5.101  13.548 0.0000000000
74275  -56.994  5.483  14.188 0.0000000000
128272  -58.572  6.567  14.645 0.0000000000
151455  -57.250  5.881  14.772 0.0000000000
74261  -57.077  6.083  15.509 0.0000000000
43576  -6.419  -22.697  52.178 0.0000000000
64726  -43.891  -3.429  17.589 0.0000000000
64734  -43.604  -3.394  16.772 0.0000000000
124625  -43.321  -3.316  15.951 0.0000000000
65776  -43.762  -2.829  15.342 0.0000000000
126555  -44.588  -2.425  15.527 0.0000000000
66832  -45.529  -1.288  14.426 0.0000000000
66848  -45.364  -0.928  13.682 0.0000000000
129561  -46.760  -0.358  14.424 0.0000000000
142426  -46.551  -0.005  13.674 0.0000000000
68874  -47.024  0.663  13.279 0.0000000000
68884  -45.987  0.704  12.255 0.0000000000
68875  -47.729  0.927  13.587 0.0000000000
69977  -48.291  1.555  13.153 0.0000000000
69978  -48.908  2.059  12.664 0.0000000000
71135  -48.168  2.013  11.512 0.0000000000
69993  -48.787  2.182  11.861 0.0000000000
71123  -50.075  2.583  12.331 0.0000000000
71124  -50.720  2.840  12.031 0.0000000000
72224  -51.532  3.124  11.648 0.0000000000
71165  -50.532  2.940  10.147 0.0000000000
72236  -52.315  3.384  11.229 0.0000000000
72251  -53.635  3.838  11.106 0.0000000000
73317  -54.181  4.199  10.693 0.0000000000
72281  -50.646  3.937  8.413 0.0000000000
72282  -51.527  4.155  8.506 0.0000000000
72283  -52.146  4.093  8.928 0.0000000000
72265  -53.233  4.192  9.704 0.0000000000
126067  -54.008  4.406  9.946 0.0000000000
73318  -54.833  4.655  10.273 0.0000000000
74313  -55.797  5.631  9.526 0.0000000000
74325  -54.694  5.771  8.366 0.0000000000
74326  -55.468  6.021  8.708 0.0000000000
74327  -56.202  6.281  9.021 0.0000000000
75323  -56.628  6.821  8.715 0.0000000000
75324  -57.369  7.362  8.556 0.0000000000
76455  -57.293  7.690  7.769 0.0000000000
77506  -57.968  8.061  7.911 0.0000000000
76454  -57.047  7.636  7.198 0.0000000000
130608  -56.326  7.046  6.170 0.0000000000
75373  -55.506  6.612  4.826 0.0000000000
126812  -55.314  6.720  3.910 0.0000000000
154704  -54.560  7.233  2.858 0.0000000000
48711  -12.803  -17.563  49.132 0.0000000000
48701  -12.532  -17.783  49.955 0.0000000000
47603  -12.034  -18.425  50.162 0.0000000000
48689  -12.261  -17.269  51.381 0.0000000000
47613  -11.718  -19.014  49.620 0.0000000000
47602  -11.490  -18.937  50.519 0.0000000000
50849  -11.309  -16.378  54.730 0.0000000000
49755  -10.935  -16.848  54.622 0.0000000000
48661  -10.159  -18.188  54.385 0.0000000000
48669  -10.033  -17.718  54.075 0.0000000000
48673  -10.142  -18.209  53.399 0.0000000000
46493  -10.087  -19.596  51.290 0.0000000000
46499  -9.558  -20.122  50.890 0.0000000000
45579  -8.994  -20.695  50.567 0.0000000000
46489  -7.796  -20.280  53.133 0.0000000000
45574  -7.774  -20.635  51.836 0.0000000000
43567  -7.142  -22.537  53.065 0.0000000000
42547  -8.112  -22.985  53.581 0.0000000000
43563  -8.483  -22.281  53.927 0.0000000000
42548  -8.924  -22.835  53.873 0.0000000000
70894  -50.867  2.408  32.904 0.0000000000
69749  -50.697  2.328  32.128 0.0000000000
126195  -45.321  -0.556  36.987 0.0000000000
66612  -44.870  -0.967  35.031 0.0000000000
66641  -43.938  -2.315  31.145 0.0000000000
135567  -44.320  -1.920  31.778 0.0000000000
67695  -44.645  -1.552  30.909 0.0000000000
68684  -45.447  0.086  33.573 0.0000000000
68685  -46.019  0.691  33.741 0.0000000000
69746  -47.319  1.435  33.194 0.0000000000
68694  -47.724  1.311  32.406 0.0000000000
68708  -46.527  0.256  31.487 0.0000000000
69747  -48.600  1.665  32.219 0.0000000000
68703  -48.845  1.239  31.396 0.0000000000
69764  -49.646  1.468  31.112 0.0000000000
68720  -49.417  0.564  29.898 0.0000000000
67719  -48.826  0.004  29.294 0.0000000000
126844  -47.422  -0.727  28.738 0.0000000000
128406  -47.946  -0.715  28.390 0.0000000000
67745  -48.221  -0.831  27.744 0.0000000000
66696  -44.727  -1.894  26.737 0.0000000000
156334  -44.925  -2.073  26.080 0.0000000000
66717  -45.643  -1.966  26.139 0.0000000000
65658  -46.187  -2.255  25.274 0.0000000000
136880  -46.303  -2.726  23.837 0.0000000000
130098  -46.020  -2.951  23.156 0.0000000000
64674  -44.232  -3.520  21.654 0.0000000000
64705  -44.029  -3.624  19.999 0.0000000000
64717  -43.864  -3.606  19.229 0.0000000000
64644  -38.893  -4.005  23.600 0.0000000000
65688  -38.939  -3.614  23.298 0.0000000000
65720  -38.694  -3.355  22.932 0.0000000000
64670  -38.964  -3.111  22.419 0.0000000000
64656  -39.493  -3.006  22.696 0.0000000000
64671  -39.524  -3.250  21.943 0.0000000000
64689  -39.734  -3.687  20.985 0.0000000000
63653  -38.887  -4.257  19.597 0.0000000000
63644  -40.499  -4.138  20.128 0.0000000000
146989  -41.266  -4.249  19.670 0.0000000000
139214  -41.528  -4.331  18.966 0.0000000000
63664  -40.880  -4.514  18.259 0.0000000000
143958  -41.871  -4.284  18.170 0.0000000000
142969  -42.713  -3.960  18.128 0.0000000000
63676  -42.276  -4.093  17.386 0.0000000000
54293  -22.912  -12.043  48.986 0.0000000000
56561  -26.172  -10.673  48.084 0.0000000000
56553  -26.553  -10.422  48.974 0.0000000000
54467  -24.517  -12.242  36.839 0.0000000000
145779  -24.863  -11.872  37.536 0.0000000000
56690  -26.047  -11.273  38.471 0.0000000000
56674  -26.612  -11.258  39.148 0.0000000000
127905  -26.957  -11.215  39.840 0.0000000000
56659  -27.483  -10.824  40.778 0.0000000000
56676  -28.063  -11.049  39.399 0.0000000000
56660  -28.045  -10.858  40.335 0.0000000000
56646  -28.021  -10.610  41.129 0.0000000000
56647  -28.645  -10.614  41.483 0.0000000000
55514  -29.260  -10.643  42.661 0.0000000000
55502  -29.944  -10.799  43.201 0.0000000000
55629  -29.893  -11.671  33.590 0.0000000000
54496  -30.957  -12.296  33.963 0.0000000000
54495  -30.410  -11.924  34.221 0.0000000000
55616  -29.800  -11.501  34.256 0.0000000000
54482  -30.051  -11.601  34.854 0.0000000000
55591  -30.268  -11.772  36.163 0.0000000000
54456  -33.687  -12.795  37.286 0.0000000000
154301  -32.969  -12.814  37.593 0.0000000000
140958  -32.717  -12.788  38.135 0.0000000000
54455  -32.261  -12.631  37.524 0.0000000000
127235  -31.641  -12.378  37.881 0.0000000000
130066  -31.006  -12.080  37.808 0.0000000000
55570  -30.290  -11.629  37.830 0.0000000000
129046  -30.079  -11.403  38.719 0.0000000000
55556  -30.312  -11.440  39.483 0.0000000000
55528  -30.673  -11.565  40.789 0.0000000000
54394  -31.897  -12.265  41.394 0.0000000000
54393  -31.155  -11.779  41.443 0.0000000000
148922  -30.439  -11.355  41.541 0.0000000000
55503  -30.725  -11.231  42.967 0.0000000000
56610  -30.934  -10.925  44.408 0.0000000000
55473  -31.775  -11.039  44.896 0.0000000000
56597  -31.975  -10.749  45.740 0.0000000000
56581  -33.138  -10.768  46.841 0.0000000000
153319  -33.315  -11.487  45.382 0.0000000000
55475  -33.281  -11.127  46.002 0.0000000000
56582  -33.693  -11.102  47.291 0.0000000000
54359  -35.719  -12.338  44.918 0.0000000000
54344  -36.001  -11.980  45.699 0.0000000000
55478  -36.122  -11.899  46.341 0.0000000000
130197  -11.871  -18.828  44.909 0.0000000000
48743  -13.165  -17.413  47.396 0.0000000000
50987  -15.208  -15.994  42.826 0.0000000000
48789  -13.442  -17.463  44.866 0.0000000000
48774  -13.378  -17.429  45.722 0.0000000000
48758  -13.281  -17.420  46.569 0.0000000000
156435  -13.399  -16.881  47.747 0.0000000000
50931  -13.819  -15.566  49.338 0.0000000000
54269  -17.337  -12.161  51.149 0.0000000000
64727  -44.638  -3.113  17.826 0.0000000000
64719  -45.785  -2.688  18.645 0.0000000000
127356  -46.673  -2.451  19.186 0.0000000000
65752  -46.501  -2.160  18.234 0.0000000000
65734  -48.174  -1.976  20.269 0.0000000000
66766  -49.710  -1.469  21.041 0.0000000000
67825  -48.273  -0.696  17.724 0.0000000000
66791  -48.507  -0.903  18.548 0.0000000000
67819  -49.561  -0.030  18.833 0.0000000000
67813  -49.489  -0.538  19.490 0.0000000000
66776  -50.064  -0.928  20.672 0.0000000000
66768  -51.549  -1.124  21.906 0.0000000000
66769  -52.155  -1.162  22.265 0.0000000000
67792  -53.732  -0.545  22.633 0.0000000000
68788  -53.194  0.198  22.080 0.0000000000
71102  -50.980  3.084  14.354 0.0000000000
71086  -51.186  3.191  15.296 0.0000000000
72181  -52.645  4.050  16.486 0.0000000000
72180  -51.922  3.534  16.634 0.0000000000
71063  -51.987  3.329  17.558 0.0000000000
71052  -52.228  3.213  18.363 0.0000000000
71053  -52.546  3.128  19.194 0.0000000000
72145  -53.471  3.470  20.570 0.0000000000
71041  -52.853  2.949  20.046 0.0000000000
71027  -53.624  2.956  21.507 0.0000000000
76456  -58.149  8.251  7.083 0.0000000000
77513  -58.882  8.556  6.782 0.0000000000
77523  -59.606  8.851  6.570 0.0000000000
77524  -60.278  9.033  6.115 0.0000000000
78542  -61.418  9.564  5.767 0.0000000000
75384  -57.428  6.765  3.830 0.0000000000
76494  -58.873  7.315  4.343 0.0000000000
76484  -59.523  7.920  4.889 0.0000000000
77541  -60.267  8.474  5.122 0.0000000000
150857  -62.129  9.804  5.266 0.0000000000
78548  -62.518  9.908  4.595 0.0000000000
79449  -63.083  10.314  3.858 0.0000000000
78558  -63.202  10.156  3.248 0.0000000000
79450  -63.834  10.604  3.252 0.0000000000
79458  -64.224  10.630  2.582 0.0000000000
76523  -62.842  8.541  1.417 0.0000000000
76533  -62.982  8.168  0.593 0.0000000000
78601  -65.227  9.111  -1.943 0.0000000000
41531  -7.360  -23.081  53.217 0.0000000000
43556  -10.413  -22.124  54.723 0.0000000000
44623  -8.753  -21.292  54.194 0.0000000000
44626  -7.047  -22.143  52.989 0.0000000000
45553  -8.999  -20.485  54.254 0.0000000000
45571  -8.058  -20.151  52.505 0.0000000000
46476  -8.672  -20.438  53.989 0.0000000000
46477  -9.024  -19.979  54.111 0.0000000000
47575  -9.888  -19.735  54.697 0.0000000000
47582  -9.218  -19.223  53.921 0.0000000000
47586  -9.497  -18.579  53.904 0.0000000000
48655  -10.087  -19.106  54.692 0.0000000000
48656  -10.308  -18.373  54.629 0.0000000000
48664  -9.696  -18.640  54.152 0.0000000000
48665  -10.070  -18.065  54.308 0.0000000000
48675  -11.623  -17.552  52.151 0.0000000000
49752  -11.017  -16.951  54.735 0.0000000000
49754  -10.574  -17.422  54.298 0.0000000000
49769  -12.229  -15.942  52.353 0.0000000000
50901  -13.081  -15.763  50.874 0.0000000000
50941  -14.098  -15.492  48.532 0.0000000000
53252  -17.793  -13.187  46.246 0.0000000000
53293  -21.143  -13.238  42.241 0.0000000000
53294  -22.399  -13.158  42.180 0.0000000000
53305  -18.987  -13.639  41.928 0.0000000000
53308  -21.776  -13.253  41.838 0.0000000000
53334  -21.617  -13.577  39.724 0.0000000000
54314  -23.895  -12.477  47.213 0.0000000000
54357  -33.553  -12.266  44.262 0.0000000000
54381  -23.522  -12.883  43.027 0.0000000000
54383  -32.247  -12.296  42.218 0.0000000000
54406  -32.021  -12.399  40.643 0.0000000000
54422  -34.805  -13.087  39.367 0.0000000000
54459  -36.348  -12.020  37.820 0.0000000000
54468  -30.973  -12.171  36.386 0.0000000000
54470  -32.402  -12.623  36.241 0.0000000000
55459  -33.830  -11.304  46.626 0.0000000000
55477  -35.399  -11.897  46.348 0.0000000000
55487  -30.553  -10.981  43.665 0.0000000000
55490  -33.040  -11.724  44.734 0.0000000000
55540  -30.145  -11.304  40.168 0.0000000000
55541  -30.929  -11.754  39.940 0.0000000000
55568  -25.514  -11.614  38.958 0.0000000000
55603  -28.995  -10.928  35.749 0.0000000000
55604  -29.771  -11.429  35.526 0.0000000000
55605  -35.813  -11.704  35.202 0.0000000000
55632  -37.930  -10.878  33.381 0.0000000000
56543  -27.784  -10.015  49.703 0.0000000000
56555  -32.612  -10.746  48.234 0.0000000000
56568  -33.688  -11.286  47.622 0.0000000000
56577  -28.975  -9.983  46.064 0.0000000000
56598  -32.689  -10.813  46.076 0.0000000000
56635  -28.602  -10.517  42.203 0.0000000000
56658  -26.620  -11.146  40.437 0.0000000000
56677  -28.738  -10.960  39.086 0.0000000000
56696  -39.178  -10.904  38.040 0.0000000000
56723  -27.040  -10.495  35.989 0.0000000000
56725  -28.438  -10.773  36.507 0.0000000000
56726  -39.100  -10.749  36.420 0.0000000000
56764  -28.524  -10.632  33.927 0.0000000000
57628  -29.629  -10.364  49.883 0.0000000000
57639  -32.060  -10.617  48.620 0.0000000000
57656  -30.617  -9.783  47.604 0.0000000000
57775  -42.354  -9.276  36.664 0.0000000000
57810  -40.671  -8.984  32.580 0.0000000000
58816  -43.251  -8.231  37.059 0.0000000000
61145  -44.327  -5.896  35.744 0.0000000000
61180  -43.403  -5.673  32.959 0.0000000000
61247  -40.543  -6.498  27.789 0.0000000000
62308  -43.847  -5.726  38.788 0.0000000000
63553  -42.657  -4.142  31.059 0.0000000000
63657  -42.771  -3.941  19.563 0.0000000000
64609  -41.963  -3.334  28.545 0.0000000000
64646  -42.552  -2.956  23.239 0.0000000000
64707  -45.327  -3.103  19.318 0.0000000000
64725  -43.104  -3.732  17.413 0.0000000000
65676  -47.543  -2.381  24.347 0.0000000000
65706  -39.307  -3.097  22.915 0.0000000000
65712  -50.953  -1.921  22.535 0.0000000000
65714  -52.081  -1.722  22.820 0.0000000000
65721  -46.558  -2.935  21.138 0.0000000000
65724  -49.370  -2.052  21.596 0.0000000000
65743  -46.410  -2.818  19.943 0.0000000000
65745  -48.260  -1.637  19.668 0.0000000000
65778  -45.355  -2.014  15.695 0.0000000000
66637  -43.929  -2.246  31.882 0.0000000000
66657  -43.047  -2.740  29.269 0.0000000000
66671  -44.294  -1.525  28.171 0.0000000000
66672  -45.410  -1.308  28.161 0.0000000000
66694  -43.038  -2.184  26.875 0.0000000000
66699  -48.136  -1.413  26.403 0.0000000000
66703  -52.489  -1.116  26.502 0.0000000000
66712  -41.971  -3.293  26.592 0.0000000000
66737  -42.045  -2.480  25.319 0.0000000000
66767  -50.462  -1.165  21.222 0.0000000000
67720  -49.758  0.371  29.120 0.0000000000
67807  -52.013  0.357  21.169 0.0000000000
67818  -49.068  -0.557  18.884 0.0000000000
67833  -48.022  -0.534  16.932 0.0000000000
67869  -47.253  0.306  14.000 0.0000000000
68691  -45.288  -0.205  32.988 0.0000000000
68693  -46.937  0.982  32.532 0.0000000000
68814  -50.087  0.568  18.835 0.0000000000
68822  -49.770  1.020  17.629 0.0000000000
68833  -49.908  1.447  17.020 0.0000000000
68849  -49.386  1.585  15.705 0.0000000000
70895  -51.696  2.353  32.760 0.0000000000
71100  -49.721  2.332  13.803 0.0000000000
71114  -49.685  2.392  12.989 0.0000000000
72174  -52.939  4.155  17.711 0.0000000000
72191  -51.669  3.494  15.879 0.0000000000
72206  -52.987  4.201  15.024 0.0000000000
73282  -55.025  4.804  14.642 0.0000000000
73283  -55.603  4.910  14.291 0.0000000000
73307  -54.510  4.132  11.862 0.0000000000
73308  -55.581  4.646  11.431 0.0000000000
73319  -56.023  5.035  10.920 0.0000000000
74290  -56.874  5.111  12.787 0.0000000000
74307  -57.130  5.835  10.463 0.0000000000
74315  -57.502  6.413  9.981 0.0000000000
78523  -60.322  9.271  6.698 0.0000000000
78570  -64.412  10.375  0.987 0.0000000000
78578  -64.655  9.800  -0.393 0.0000000000
79456  -63.522  10.409  3.179 0.0000000000
79462  -64.109  10.429  1.421 0.0000000000
80432  -62.973  10.305  4.391 0.0000000000
80434  -63.800  10.719  4.052 0.0000000000
124349  -58.716  8.552  7.478 0.0000000000
124380  -46.342  -1.215  15.443 0.0000000000
125028  -30.491  -10.291  45.818 0.0000000000
126057  -43.826  -6.417  34.484 0.0000000000
126715  -36.940  -11.387  35.927 0.0000000000
127850  -21.729  -12.865  45.121 0.0000000000
128144  -10.834  -19.322  50.896 0.0000000000
129151  -52.489  3.846  17.217 0.0000000000
129631  -9.571  -20.644  54.633 0.0000000000
130401  -27.518  -11.106  40.010 0.0000000000
131169  -46.602  -2.932  22.636 0.0000000000
131192  -56.501  5.601  14.995 0.0000000000
132378  -49.320  2.022  14.133 0.0000000000
132665  -27.434  -10.208  34.718 0.0000000000
133240  -41.324  -6.876  29.985 0.0000000000
137259  -55.109  -1.399  24.797 0.0000000000
137754  -29.423  -11.413  33.129 0.0000000000
138006  -48.120  -2.365  21.020 0.0000000000
142614  -20.335  -13.448  41.302 0.0000000000
142715  -52.971  3.647  10.814 0.0000000000
143605  -21.760  -13.225  42.456 0.0000000000
143806  -42.477  -3.502  21.878 0.0000000000
143839  -38.702  -10.062  29.851 0.0000000000
144422  -32.589  -10.497  48.012 0.0000000000
144601  -50.296  -2.270  23.522 0.0000000000
146044  -40.179  -9.446  32.755 0.0000000000
146161  -52.632  5.103  7.564 0.0000000000
146924  -26.295  -11.073  42.352 0.0000000000
147245  -26.931  -10.660  44.761 0.0000000000
147334  -49.006  1.080  16.046 0.0000000000
148524  -49.706  -0.537  27.383 0.0000000000
148699  -52.893  3.833  10.179 0.0000000000
149015  -38.564  -10.571  33.036 0.0000000000
149290  -52.484  3.962  15.338 0.0000000000
149381  -53.188  3.748  12.551 0.0000000000
149520  -38.486  -11.137  38.008 0.0000000000
149733  -42.583  -2.703  27.249 0.0000000000
149871  -13.746  -15.989  48.739 0.0000000000
150014  -51.388  2.046  18.693 0.0000000000
150250  -45.268  -2.809  18.023 0.0000000000
150532  -11.278  -16.130  54.582 0.0000000000
150710  -45.528  -1.754  26.943 0.0000000000
150770  -50.972  -1.748  25.309 0.0000000000
150804  -55.130  4.371  11.836 0.0000000000
151035  -34.798  -11.798  47.125 0.0000000000
152147  -56.656  6.489  9.186 0.0000000000
152416  -18.292  -12.974  46.314 0.0000000000
152614  -40.236  -3.464  21.597 0.0000000000
153616  -51.606  1.347  19.866 0.0000000000
153977  -40.122  -2.968  23.459 0.0000000000
154360  -45.547  -2.828  23.810 0.0000000000
155796  -24.014  -12.630  40.928 0.0000000000
155815  -26.387  -10.143  34.184 0.0000000000
156002  -39.534  -2.992  23.035 0.0000000000
156079  -39.333  -3.288  23.138 0.0000000000
156408  -27.102  -11.033  40.443 0.0000000000
