#!ascii label  , from subject NIHPD_75_135 vox2ras=TkReg
1209
50930  -8.206  -14.448  47.118 0.0000000000
129478  -34.720  -8.512  30.235 0.0000000000
65640  -31.912  -2.524  27.216 0.0000000000
63482  -27.634  -3.845  36.571 0.0000000000
73291  -40.350  4.774  13.513 0.0000000000
69904  -35.130  1.673  17.534 0.0000000000
134693  -35.807  -5.779  36.368 0.0000000000
61153  -31.301  -5.961  34.016 0.0000000000
146114  -46.145  7.520  15.575 0.0000000000
78466  -50.080  9.575  12.150 0.0000000000
79409  -52.025  11.124  9.262 0.0000000000
70953  -35.628  2.900  28.111 0.0000000000
68780  -32.187  0.080  22.179 0.0000000000
72097  -37.321  3.825  23.623 0.0000000000
71021  -40.754  2.596  20.473 0.0000000000
57772  -20.087  -8.687  36.915 0.0000000000
152054  -6.594  -15.252  49.164 0.0000000000
63577  -34.795  -4.974  28.959 0.0000000000
69744  -34.392  1.085  31.845 0.0000000000
59934  -21.943  -7.852  33.518 0.0000000000
148729  -25.953  -5.479  29.994 0.0000000000
145033  -50.078  10.283  3.419 0.0000000000
147361  -53.706  14.412  6.046 0.0000000000
68846  -37.912  1.305  15.243 0.0000000000
124586  -43.716  3.803  17.677 0.0000000000
52127  -10.109  -13.579  43.802 0.0000000000
129532  -4.701  -20.736  48.406 0.0000000000
77451  -47.965  8.705  13.811 0.0000000000
72083  -35.892  3.435  25.464 0.0000000000
56733  -17.143  -10.355  35.600 0.0000000000
50915  -7.461  -14.239  48.907 0.0000000000
60023  -35.255  -7.594  27.132 0.0000000000
59973  -36.613  -6.937  29.764 0.0000000000
62336  -24.115  -4.598  35.420 0.0000000000
61190  -23.352  -6.131  31.535 0.0000000000
63525  -26.562  -5.026  33.242 0.0000000000
135789  -32.401  -7.772  31.772 0.0000000000
61208  -30.232  -6.695  30.050 0.0000000000
58896  -32.030  -8.443  29.158 0.0000000000
63456  -25.940  -3.424  38.901 0.0000000000
61129  -22.622  -5.420  36.759 0.0000000000
76447  -45.417  7.797  8.010 0.0000000000
78546  -49.177  9.045  4.620 0.0000000000
81454  -52.878  12.964  8.017 0.0000000000
149973  -33.265  1.185  19.970 0.0000000000
69920  -36.336  1.461  16.492 0.0000000000
68813  -42.393  1.937  19.067 0.0000000000
56671  -14.445  -10.217  39.983 0.0000000000
56630  -13.131  -10.479  42.694 0.0000000000
55482  -11.890  -11.099  44.598 0.0000000000
53304  -11.504  -12.608  41.883 0.0000000000
45591  -5.783  -20.673  48.199 0.0000000000
58852  -35.400  -8.014  33.265 0.0000000000
61178  -37.124  -5.645  32.812 0.0000000000
63515  -36.638  -4.545  35.806 0.0000000000
131903  -30.206  -3.953  38.403 0.0000000000
62328  -29.901  -4.882  35.205 0.0000000000
61122  -31.525  -5.380  35.986 0.0000000000
58841  -32.889  -6.690  34.971 0.0000000000
75274  -43.434  6.607  14.563 0.0000000000
148722  -45.047  7.923  12.896 0.0000000000
77478  -46.952  8.901  11.276 0.0000000000
78488  -48.124  9.457  9.377 0.0000000000
78522  -49.827  10.233  7.834 0.0000000000
78505  -51.154  10.217  10.368 0.0000000000
68749  -33.275  0.721  27.556 0.0000000000
67774  -31.785  -0.786  24.167 0.0000000000
68768  -33.353  1.440  24.970 0.0000000000
70989  -34.654  2.769  22.742 0.0000000000
133568  -36.133  2.880  20.461 0.0000000000
71048  -37.864  2.569  18.920 0.0000000000
149330  -39.079  3.429  21.560 0.0000000000
57736  -19.281  -8.475  38.906 0.0000000000
56705  -15.556  -10.218  38.148 0.0000000000
82494  -53.960  13.872  1.173 0.0000000000
50885  -4.523  -15.099  49.369 0.0000000000
61278  -34.465  -6.481  26.256 0.0000000000
64607  -33.444  -3.824  28.923 0.0000000000
63550  -35.601  -4.276  31.712 0.0000000000
66647  -34.348  -2.919  31.155 0.0000000000
67712  -33.193  -0.763  29.845 0.0000000000
69791  -35.054  2.193  29.654 0.0000000000
62376  -28.724  -5.321  32.416 0.0000000000
151673  -21.994  -6.948  39.123 0.0000000000
57790  -21.154  -8.446  35.026 0.0000000000
80408  -50.477  11.569  5.872 0.0000000000
81473  -51.402  12.535  4.529 0.0000000000
82486  -52.850  13.449  2.916 0.0000000000
83370  -55.107  15.389  3.972 0.0000000000
149825  -8.089  -16.544  44.884 0.0000000000
48756  -7.290  -17.262  46.760 0.0000000000
71099  -39.254  2.873  14.545 0.0000000000
138871  -39.483  1.818  17.892 0.0000000000
71071  -40.776  2.478  16.585 0.0000000000
72190  -41.995  4.262  16.094 0.0000000000
74251  -45.023  5.827  17.011 0.0000000000
52114  -9.315  -13.686  45.423 0.0000000000
48724  -6.250  -17.862  48.736 0.0000000000
47599  -5.045  -17.851  49.754 0.0000000000
48709  -3.901  -17.452  49.184 0.0000000000
134434  -8.073  -14.220  47.802 0.0000000000
131902  -33.803  -8.692  28.911 0.0000000000
59989  -35.599  -8.000  29.060 0.0000000000
58887  -35.897  -8.043  30.086 0.0000000000
63502  -25.948  -4.126  35.765 0.0000000000
63523  -25.033  -4.691  34.005 0.0000000000
63503  -26.773  -4.202  35.446 0.0000000000
58874  -33.527  -8.378  31.337 0.0000000000
59958  -32.194  -8.098  31.069 0.0000000000
58897  -33.053  -8.622  29.663 0.0000000000
58906  -32.911  -8.705  28.417 0.0000000000
63471  -27.972  -3.459  38.317 0.0000000000
64528  -27.736  -3.298  39.186 0.0000000000
63470  -26.278  -3.484  37.885 0.0000000000
63490  -24.703  -4.127  36.900 0.0000000000
150492  -48.520  9.076  5.827 0.0000000000
63598  -31.911  -4.191  26.412 0.0000000000
64630  -31.507  -3.344  25.818 0.0000000000
69885  -33.694  1.113  18.188 0.0000000000
68826  -33.760  0.216  17.041 0.0000000000
69905  -36.002  1.865  17.296 0.0000000000
55551  -13.708  -11.333  39.884 0.0000000000
56643  -13.696  -10.279  41.287 0.0000000000
55536  -12.832  -11.414  40.923 0.0000000000
54391  -12.264  -11.532  42.103 0.0000000000
54401  -12.104  -12.706  40.418 0.0000000000
58844  -35.798  -7.275  34.272 0.0000000000
150645  -36.525  -6.240  34.503 0.0000000000
61142  -36.237  -5.735  35.600 0.0000000000
62286  -31.203  -4.298  39.105 0.0000000000
61110  -31.116  -4.610  37.347 0.0000000000
59870  -32.243  -5.222  37.442 0.0000000000
58813  -34.944  -6.114  37.218 0.0000000000
58821  -33.444  -6.332  36.331 0.0000000000
58834  -34.938  -6.932  35.273 0.0000000000
131439  -34.467  -7.511  34.218 0.0000000000
75276  -44.959  7.133  15.017 0.0000000000
75284  -44.382  7.392  13.756 0.0000000000
76396  -45.719  7.569  14.873 0.0000000000
77461  -48.847  9.167  12.938 0.0000000000
124913  -47.170  8.727  12.525 0.0000000000
77480  -48.474  9.312  11.593 0.0000000000
136128  -47.336  9.157  10.559 0.0000000000
78478  -49.058  9.607  11.034 0.0000000000
78490  -49.729  9.798  10.436 0.0000000000
78480  -50.809  9.799  11.696 0.0000000000
69809  -34.374  1.859  27.688 0.0000000000
69813  -33.686  1.582  26.144 0.0000000000
150425  -34.289  2.227  26.132 0.0000000000
72096  -36.563  3.687  24.061 0.0000000000
70977  -35.032  3.089  24.085 0.0000000000
72127  -35.877  3.398  22.724 0.0000000000
138583  -35.263  2.920  21.692 0.0000000000
72128  -36.697  3.531  22.167 0.0000000000
72142  -37.847  3.415  21.198 0.0000000000
72116  -38.253  3.680  22.537 0.0000000000
58792  -20.889  -8.451  38.981 0.0000000000
57724  -20.398  -8.361  39.238 0.0000000000
57761  -19.643  -8.641  38.091 0.0000000000
56720  -16.462  -9.841  36.915 0.0000000000
125898  -54.989  15.018  1.970 0.0000000000
83379  -55.585  15.092  0.911 0.0000000000
49780  -5.482  -15.354  49.345 0.0000000000
62448  -35.100  -6.089  27.844 0.0000000000
61279  -35.106  -6.977  26.645 0.0000000000
62437  -34.535  -5.368  28.260 0.0000000000
63588  -33.661  -5.013  27.966 0.0000000000
63576  -33.942  -4.643  28.674 0.0000000000
63539  -36.272  -4.451  33.749 0.0000000000
62393  -36.604  -4.899  32.051 0.0000000000
64570  -35.568  -3.710  33.325 0.0000000000
67686  -34.279  -0.743  33.041 0.0000000000
65601  -34.594  -2.598  32.402 0.0000000000
67694  -34.126  -1.241  32.206 0.0000000000
67701  -33.510  -1.505  30.601 0.0000000000
68706  -33.693  -0.170  30.888 0.0000000000
68719  -33.856  0.933  29.659 0.0000000000
69762  -34.441  1.356  30.904 0.0000000000
62408  -24.574  -5.705  30.596 0.0000000000
61151  -30.365  -5.437  34.643 0.0000000000
62350  -29.190  -5.208  33.855 0.0000000000
61174  -30.238  -5.609  33.000 0.0000000000
61228  -29.533  -6.239  29.832 0.0000000000
62293  -23.191  -4.895  39.958 0.0000000000
61138  -22.260  -6.463  35.428 0.0000000000
59914  -21.884  -7.094  35.812 0.0000000000
59924  -21.807  -7.707  34.524 0.0000000000
57797  -21.059  -9.170  33.583 0.0000000000
79407  -50.606  10.613  8.332 0.0000000000
79416  -49.760  10.444  6.873 0.0000000000
79418  -51.160  11.289  7.859 0.0000000000
82473  -53.066  13.797  6.452 0.0000000000
81462  -51.808  12.719  6.261 0.0000000000
82478  -52.722  13.655  5.750 0.0000000000
81477  -52.100  12.901  3.226 0.0000000000
137139  -53.510  14.282  4.754 0.0000000000
83368  -53.944  14.499  3.322 0.0000000000
83360  -53.948  14.620  5.169 0.0000000000
67783  -32.061  -0.284  23.467 0.0000000000
148224  -31.350  -2.055  22.937 0.0000000000
71112  -38.688  1.944  13.355 0.0000000000
69951  -38.377  1.626  15.055 0.0000000000
71036  -39.302  2.641  19.712 0.0000000000
69873  -38.535  2.358  18.638 0.0000000000
149060  -40.528  1.864  19.225 0.0000000000
69912  -42.948  2.554  18.277 0.0000000000
69910  -41.659  2.070  17.567 0.0000000000
71059  -42.271  2.796  17.313 0.0000000000
71072  -41.574  3.247  16.481 0.0000000000
72179  -43.357  4.208  17.083 0.0000000000
73255  -43.593  5.141  16.474 0.0000000000
74241  -44.579  5.112  17.307 0.0000000000
53276  -11.078  -12.207  43.720 0.0000000000
53268  -10.810  -11.991  44.598 0.0000000000
53259  -10.084  -12.366  46.044 0.0000000000
153979  -9.762  -13.760  44.285 0.0000000000
52119  -9.162  -14.700  44.358 0.0000000000
138202  -9.901  -14.396  43.215 0.0000000000
149058  -7.090  -19.069  46.411 0.0000000000
48741  -6.928  -17.220  47.562 0.0000000000
47637  -6.726  -19.011  47.360 0.0000000000
140248  -5.054  -19.980  49.025 0.0000000000
46498  -5.139  -18.834  49.335 0.0000000000
46497  -4.800  -18.545  49.406 0.0000000000
128235  -4.406  -17.433  49.680 0.0000000000
46496  -4.499  -18.735  49.143 0.0000000000
59859  -33.439  -5.308  39.076 0.0000000000
76382  -48.174  8.425  16.373 0.0000000000
76392  -47.327  8.260  15.216 0.0000000000
77435  -48.820  8.787  15.904 0.0000000000
70963  -35.979  3.447  26.701 0.0000000000
57788  -19.661  -9.344  35.148 0.0000000000
149158  -19.023  -9.102  36.258 0.0000000000
135487  -8.075  -14.022  50.289 0.0000000000
128055  -6.784  -15.006  49.139 0.0000000000
58908  -34.876  -8.290  27.624 0.0000000000
60007  -35.574  -7.581  28.120 0.0000000000
62439  -35.971  -5.874  28.902 0.0000000000
146412  -35.375  2.230  32.636 0.0000000000
61150  -22.923  -5.738  34.237 0.0000000000
140373  -22.437  -7.159  32.136 0.0000000000
62372  -23.789  -5.362  33.008 0.0000000000
62373  -24.723  -5.120  32.595 0.0000000000
143552  -25.617  -5.309  31.232 0.0000000000
59936  -32.246  -6.726  33.076 0.0000000000
61192  -30.753  -6.369  31.699 0.0000000000
59957  -31.813  -7.502  31.513 0.0000000000
59988  -31.271  -7.817  29.677 0.0000000000
58921  -31.590  -8.800  27.316 0.0000000000
63455  -24.882  -3.720  39.336 0.0000000000
137084  -23.410  -4.535  39.184 0.0000000000
63479  -24.388  -4.056  37.781 0.0000000000
62335  -23.213  -4.972  36.115 0.0000000000
76436  -44.703  7.867  9.455 0.0000000000
78551  -49.688  9.487  3.871 0.0000000000
80385  -53.490  11.849  10.047 0.0000000000
129740  -52.729  12.407  8.471 0.0000000000
68795  -32.430  0.375  20.956 0.0000000000
68844  -36.786  0.561  15.090 0.0000000000
69935  -37.713  1.413  15.741 0.0000000000
69844  -42.692  2.475  20.660 0.0000000000
68796  -41.727  1.979  19.697 0.0000000000
69861  -43.163  2.439  20.374 0.0000000000
57718  -15.295  -9.144  40.183 0.0000000000
57701  -14.425  -9.224  41.906 0.0000000000
56619  -13.383  -10.012  43.257 0.0000000000
139939  -12.599  -10.959  43.061 0.0000000000
54363  -11.707  -11.805  43.299 0.0000000000
53288  -10.893  -13.171  42.379 0.0000000000
144124  -10.123  -14.623  42.358 0.0000000000
134285  -10.838  -14.295  41.171 0.0000000000
58875  -34.584  -8.347  31.617 0.0000000000
146909  -36.298  -7.759  30.998 0.0000000000
59950  -36.948  -7.211  32.391 0.0000000000
62366  -36.641  -5.189  34.596 0.0000000000
62316  -29.215  -4.044  36.844 0.0000000000
62337  -28.290  -4.328  35.370 0.0000000000
62317  -29.772  -4.547  35.948 0.0000000000
140547  -30.920  -5.047  35.803 0.0000000000
59905  -31.235  -5.855  35.155 0.0000000000
59885  -32.644  -5.574  37.137 0.0000000000
59907  -32.217  -6.160  35.761 0.0000000000
141566  -31.727  -6.253  34.433 0.0000000000
143972  -33.043  -7.106  33.591 0.0000000000
154274  -34.007  -7.990  32.899 0.0000000000
62294  -29.683  -3.676  39.003 0.0000000000
74280  -41.544  5.870  13.749 0.0000000000
74289  -41.240  5.771  12.676 0.0000000000
75282  -42.736  6.682  13.411 0.0000000000
76421  -43.592  7.379  12.320 0.0000000000
155962  -43.869  7.623  11.568 0.0000000000
131789  -46.381  8.250  13.756 0.0000000000
76413  -45.380  8.206  12.238 0.0000000000
76427  -44.881  8.122  10.537 0.0000000000
77485  -46.029  8.647  9.385 0.0000000000
142302  -46.823  8.832  8.362 0.0000000000
78510  -47.969  9.396  7.982 0.0000000000
78520  -48.530  9.565  7.288 0.0000000000
78511  -48.691  9.671  8.214 0.0000000000
78513  -50.094  10.190  8.877 0.0000000000
79398  -51.521  10.570  9.773 0.0000000000
78481  -51.721  10.055  12.125 0.0000000000
79400  -53.084  10.970  10.895 0.0000000000
67743  -32.474  -0.496  27.519 0.0000000000
150487  -31.689  -1.688  26.018 0.0000000000
67767  -32.268  -0.360  25.965 0.0000000000
68767  -32.650  0.571  24.876 0.0000000000
69825  -33.000  1.162  23.383 0.0000000000
70971  -34.526  2.657  24.776 0.0000000000
69826  -33.945  2.267  23.585 0.0000000000
69833  -32.994  1.208  22.038 0.0000000000
69856  -33.926  1.864  20.947 0.0000000000
71016  -34.548  2.191  20.453 0.0000000000
71045  -35.152  2.187  18.967 0.0000000000
69889  -36.600  2.243  18.030 0.0000000000
71033  -36.607  2.742  19.684 0.0000000000
71018  -38.109  3.174  20.377 0.0000000000
71005  -40.234  3.056  21.017 0.0000000000
130971  -41.041  3.646  22.485 0.0000000000
154831  -41.641  2.863  21.259 0.0000000000
57721  -17.698  -8.258  39.728 0.0000000000
57760  -18.358  -8.729  37.705 0.0000000000
57746  -17.320  -8.736  38.614 0.0000000000
57733  -15.970  -9.045  39.561 0.0000000000
56687  -14.832  -10.288  39.303 0.0000000000
63587  -32.889  -4.586  27.610 0.0000000000
64618  -32.223  -3.292  27.609 0.0000000000
59974  -36.896  -6.452  30.358 0.0000000000
62413  -36.340  -5.284  30.514 0.0000000000
63569  -35.688  -4.980  30.014 0.0000000000
147823  -34.785  -3.520  31.391 0.0000000000
64594  -34.599  -4.092  30.059 0.0000000000
136606  -33.645  -3.476  29.511 0.0000000000
65621  -32.919  -2.123  29.326 0.0000000000
147217  -32.619  -1.425  28.657 0.0000000000
68748  -32.805  0.025  27.961 0.0000000000
69799  -33.798  1.259  28.021 0.0000000000
149515  -35.482  2.643  28.703 0.0000000000
70920  -35.821  2.782  30.944 0.0000000000
70930  -36.298  3.180  29.770 0.0000000000
62348  -28.352  -4.747  34.391 0.0000000000
150844  -27.839  -5.210  32.594 0.0000000000
136398  -26.943  -5.313  30.910 0.0000000000
61207  -29.891  -5.950  31.350 0.0000000000
142582  -27.939  -5.622  29.681 0.0000000000
59883  -21.726  -7.434  39.767 0.0000000000
58809  -21.254  -8.058  37.981 0.0000000000
61120  -22.238  -5.924  37.559 0.0000000000
58820  -21.288  -7.718  37.117 0.0000000000
57773  -20.589  -8.399  36.701 0.0000000000
57789  -20.294  -9.179  34.748 0.0000000000
78531  -49.273  10.108  6.241 0.0000000000
79436  -49.445  10.328  5.464 0.0000000000
79444  -49.716  10.740  4.764 0.0000000000
80399  -51.559  12.113  7.123 0.0000000000
80419  -50.890  12.102  5.200 0.0000000000
80431  -50.737  11.662  3.533 0.0000000000
139660  -51.052  11.789  2.966 0.0000000000
81482  -51.864  12.145  1.987 0.0000000000
81483  -52.498  12.406  1.470 0.0000000000
81484  -53.261  13.151  1.419 0.0000000000
83372  -54.519  14.790  2.551 0.0000000000
50948  -8.066  -15.615  46.220 0.0000000000
49857  -7.763  -15.780  46.901 0.0000000000
48772  -7.558  -17.311  45.894 0.0000000000
142938  -31.425  -2.189  24.105 0.0000000000
72215  -39.424  3.498  13.821 0.0000000000
69906  -37.006  1.934  17.170 0.0000000000
69907  -37.976  1.933  17.101 0.0000000000
69923  -38.897  1.778  16.618 0.0000000000
69892  -41.222  1.661  18.480 0.0000000000
147812  -40.160  1.754  17.423 0.0000000000
69937  -38.995  1.830  16.047 0.0000000000
71083  -39.887  2.911  15.478 0.0000000000
72188  -40.392  3.745  15.325 0.0000000000
154028  -41.073  4.962  14.739 0.0000000000
127180  -42.287  5.524  15.162 0.0000000000
147699  -43.970  5.948  16.013 0.0000000000
75247  -45.552  6.541  16.693 0.0000000000
52092  -9.108  -13.259  47.757 0.0000000000
53248  -9.579  -12.870  46.596 0.0000000000
52105  -8.834  -14.180  45.988 0.0000000000
50959  -8.690  -15.200  44.804 0.0000000000
49897  -8.506  -16.917  43.484 0.0000000000
49842  -7.156  -15.708  48.050 0.0000000000
49824  -6.692  -16.178  48.524 0.0000000000
48700  -6.278  -16.089  49.008 0.0000000000
46512  -5.885  -19.563  48.551 0.0000000000
47601  -5.892  -17.632  49.279 0.0000000000
48698  -5.510  -17.060  49.493 0.0000000000
48684  -5.199  -16.054  49.468 0.0000000000
139249  -4.214  -16.197  49.638 0.0000000000
130814  -4.292  -20.314  48.321 0.0000000000
46504  -3.984  -19.223  48.528 0.0000000000
52091  -8.684  -13.800  47.461 0.0000000000
58898  -34.204  -8.632  29.600 0.0000000000
147421  -35.081  -8.393  29.536 0.0000000000
63492  -26.856  -3.967  36.106 0.0000000000
136459  -34.302  -8.496  30.897 0.0000000000
58885  -32.834  -8.448  30.710 0.0000000000
58886  -33.739  -8.581  30.431 0.0000000000
127230  -27.510  -3.583  37.518 0.0000000000
63481  -26.584  -3.732  36.976 0.0000000000
63491  -25.750  -3.959  36.536 0.0000000000
77521  -48.127  8.400  5.783 0.0000000000
64624  -31.806  -3.330  26.831 0.0000000000
140091  -31.634  -2.491  26.400 0.0000000000
69903  -34.410  1.435  17.839 0.0000000000
68819  -33.972  0.847  17.418 0.0000000000
69918  -34.606  1.188  17.221 0.0000000000
69919  -35.273  1.219  16.686 0.0000000000
54418  -13.173  -12.005  39.758 0.0000000000
151855  -13.155  -11.511  40.373 0.0000000000
54402  -12.583  -12.038  40.507 0.0000000000
59908  -35.486  -6.341  35.609 0.0000000000
59918  -35.841  -6.702  34.820 0.0000000000
61132  -36.057  -5.648  36.219 0.0000000000
61087  -31.760  -4.549  38.899 0.0000000000
61101  -32.018  -4.849  38.263 0.0000000000
58814  -35.055  -6.105  36.874 0.0000000000
58823  -34.855  -6.438  36.272 0.0000000000
58824  -35.149  -6.405  35.866 0.0000000000
58835  -35.448  -6.850  34.956 0.0000000000
61075  -31.810  -4.346  39.706 0.0000000000
75263  -45.411  6.997  15.769 0.0000000000
77471  -49.395  9.380  12.587 0.0000000000
77470  -48.668  9.211  12.335 0.0000000000
77481  -49.272  9.449  11.846 0.0000000000
78479  -49.924  9.702  11.342 0.0000000000
70961  -34.929  2.456  27.429 0.0000000000
69814  -34.294  2.040  26.862 0.0000000000
134054  -34.838  2.593  26.563 0.0000000000
72114  -36.607  3.657  23.156 0.0000000000
72115  -37.435  3.713  22.786 0.0000000000
72129  -37.638  3.602  21.979 0.0000000000
72098  -38.060  3.799  23.280 0.0000000000
57750  -20.478  -8.511  38.480 0.0000000000
57749  -20.101  -8.556  38.588 0.0000000000
57762  -20.065  -8.624  37.884 0.0000000000
83373  -55.422  15.387  2.448 0.0000000000
83376  -55.607  15.316  1.654 0.0000000000
49782  -6.887  -14.868  49.344 0.0000000000
50873  -6.705  -14.107  49.603 0.0000000000
49767  -5.789  -14.628  49.541 0.0000000000
49781  -5.970  -15.059  49.395 0.0000000000
62438  -35.378  -5.675  28.549 0.0000000000
64559  -35.967  -3.959  33.898 0.0000000000
65591  -35.704  -3.444  34.085 0.0000000000
68690  -34.473  0.642  32.903 0.0000000000
141385  -34.127  -0.044  32.153 0.0000000000
68699  -33.915  -0.446  31.565 0.0000000000
139763  -34.032  0.435  31.295 0.0000000000
68707  -33.934  0.728  30.473 0.0000000000
58859  -21.516  -8.699  33.145 0.0000000000
58860  -21.888  -8.243  32.535 0.0000000000
61152  -30.871  -5.728  34.435 0.0000000000
61163  -30.102  -5.444  33.953 0.0000000000
61164  -30.956  -5.798  33.628 0.0000000000
59935  -22.193  -7.122  34.111 0.0000000000
59925  -22.031  -7.085  34.971 0.0000000000
79454  -50.458  10.155  2.778 0.0000000000
79408  -51.312  10.864  8.823 0.0000000000
138651  -51.717  11.366  8.520 0.0000000000
153787  -53.578  14.217  6.841 0.0000000000
82479  -53.275  14.107  5.503 0.0000000000
82480  -52.797  13.750  4.884 0.0000000000
68781  -32.234  0.091  22.895 0.0000000000
67790  -31.841  -0.586  22.606 0.0000000000
67796  -31.841  -0.495  21.688 0.0000000000
68845  -37.426  0.950  15.070 0.0000000000
68859  -37.824  0.929  14.417 0.0000000000
69966  -38.257  1.419  13.913 0.0000000000
71020  -39.907  2.703  20.237 0.0000000000
69857  -39.866  2.201  19.331 0.0000000000
69858  -40.600  2.181  19.803 0.0000000000
71061  -43.521  3.176  18.101 0.0000000000
153774  -42.631  2.580  17.824 0.0000000000
72170  -43.279  3.516  17.568 0.0000000000
152719  -42.861  3.454  17.296 0.0000000000
73249  -44.123  4.394  17.523 0.0000000000
53275  -10.684  -12.940  43.297 0.0000000000
133455  -10.450  -12.708  44.208 0.0000000000
53267  -10.223  -12.479  45.128 0.0000000000
52126  -9.635  -14.245  43.977 0.0000000000
46506  -4.775  -19.568  48.966 0.0000000000
46505  -4.363  -19.616  48.672 0.0000000000
72052  -36.644  3.779  27.146 0.0000000000
56734  -18.364  -9.960  35.090 0.0000000000
50899  -7.758  -13.657  49.556 0.0000000000
50898  -7.784  -13.865  49.874 0.0000000000
49793  -7.475  -14.353  49.816 0.0000000000
49807  -7.011  -15.198  49.184 0.0000000000
59990  -36.191  -7.316  28.988 0.0000000000
60008  -35.866  -6.520  28.347 0.0000000000
61230  -36.372  -6.367  29.173 0.0000000000
62346  -23.408  -5.132  34.745 0.0000000000
145150  -23.105  -5.756  33.422 0.0000000000
62359  -23.616  -5.234  33.901 0.0000000000
63524  -25.781  -4.837  33.664 0.0000000000
63535  -25.096  -4.854  33.348 0.0000000000
63536  -25.651  -5.018  32.892 0.0000000000
62374  -25.544  -5.174  32.021 0.0000000000
63537  -26.209  -5.135  32.446 0.0000000000
59947  -32.094  -7.081  32.310 0.0000000000
59972  -32.100  -8.300  30.198 0.0000000000
59971  -31.546  -7.739  30.690 0.0000000000
142695  -31.274  -8.079  28.623 0.0000000000
125964  -31.878  -8.553  28.139 0.0000000000
151254  -33.312  -8.868  27.556 0.0000000000
147738  -26.687  -3.296  39.486 0.0000000000
64521  -27.265  -3.187  40.206 0.0000000000
153688  -26.456  -3.312  40.126 0.0000000000
64512  -26.194  -3.348  40.766 0.0000000000
63438  -25.691  -3.470  39.979 0.0000000000
63469  -25.166  -3.688  38.309 0.0000000000
63501  -24.943  -4.218  36.083 0.0000000000
62325  -23.973  -4.487  36.420 0.0000000000
155746  -23.139  -5.180  35.457 0.0000000000
76437  -45.340  8.165  8.899 0.0000000000
69854  -32.816  0.799  20.387 0.0000000000
67804  -32.283  0.036  20.047 0.0000000000
68802  -32.854  0.710  19.525 0.0000000000
68828  -35.764  0.813  15.929 0.0000000000
68829  -36.575  1.041  15.758 0.0000000000
68830  -37.156  1.138  15.572 0.0000000000
69921  -37.299  1.564  16.297 0.0000000000
69845  -43.500  2.706  21.059 0.0000000000
71037  -44.344  3.020  19.438 0.0000000000
56656  -14.648  -9.644  40.449 0.0000000000
57709  -15.048  -8.898  41.001 0.0000000000
55510  -13.189  -10.604  41.789 0.0000000000
56631  -13.702  -9.963  42.037 0.0000000000
154323  -13.539  -10.004  42.681 0.0000000000
56618  -12.814  -10.586  43.552 0.0000000000
141355  -11.959  -11.999  41.824 0.0000000000
54378  -11.815  -11.960  42.500 0.0000000000
53289  -11.287  -12.413  42.849 0.0000000000
52143  -10.626  -14.068  41.939 0.0000000000
53303  -11.103  -13.513  41.459 0.0000000000
58864  -35.446  -8.144  32.207 0.0000000000
59938  -36.250  -7.788  32.778 0.0000000000
61155  -36.709  -5.234  34.916 0.0000000000
129916  -36.671  -5.802  34.522 0.0000000000
62305  -29.621  -3.875  37.835 0.0000000000
136875  -30.102  -4.376  36.767 0.0000000000
131148  -31.390  -5.028  36.510 0.0000000000
61131  -30.996  -5.545  35.276 0.0000000000
59896  -31.326  -5.634  35.523 0.0000000000
59872  -34.013  -5.706  38.513 0.0000000000
59871  -33.070  -5.490  38.081 0.0000000000
58832  -33.652  -6.646  35.674 0.0000000000
153558  -32.645  -6.088  36.243 0.0000000000
58831  -32.704  -6.384  35.728 0.0000000000
59917  -32.009  -6.284  35.232 0.0000000000
59927  -32.230  -6.504  34.712 0.0000000000
59937  -32.303  -6.634  33.850 0.0000000000
58850  -32.717  -6.783  34.257 0.0000000000
128938  -35.124  -7.834  33.890 0.0000000000
131295  -34.558  -7.974  33.416 0.0000000000
58863  -34.593  -8.155  32.615 0.0000000000
131759  -30.427  -3.887  39.370 0.0000000000
74272  -42.223  6.019  14.435 0.0000000000
74281  -42.255  6.331  13.791 0.0000000000
75273  -42.840  6.505  14.177 0.0000000000
133226  -43.953  7.403  13.071 0.0000000000
76422  -44.449  7.755  12.399 0.0000000000
77442  -47.989  8.578  14.641 0.0000000000
76398  -47.072  8.402  14.237 0.0000000000
155203  -46.844  8.457  13.628 0.0000000000
147131  -46.659  8.680  11.869 0.0000000000
76414  -46.264  8.477  12.461 0.0000000000
77468  -46.001  8.494  11.846 0.0000000000
76423  -45.490  8.356  11.355 0.0000000000
76428  -45.766  8.517  10.650 0.0000000000
141959  -45.443  8.377  9.850 0.0000000000
137335  -46.500  8.824  10.654 0.0000000000
139594  -47.980  9.378  10.099 0.0000000000
77487  -47.382  9.233  9.641 0.0000000000
77498  -47.497  9.225  8.716 0.0000000000
77505  -47.268  8.934  7.853 0.0000000000
78501  -48.225  9.506  8.670 0.0000000000
78502  -48.812  9.665  9.051 0.0000000000
78491  -50.593  9.947  10.831 0.0000000000
78503  -49.548  9.860  9.464 0.0000000000
78504  -50.420  10.078  9.855 0.0000000000
156249  -50.969  10.309  9.808 0.0000000000
68759  -32.787  0.180  27.127 0.0000000000
67758  -32.370  -0.398  26.749 0.0000000000
68763  -32.698  0.232  26.316 0.0000000000
68764  -33.013  0.831  25.775 0.0000000000
69821  -32.901  0.997  24.171 0.0000000000
69822  -33.417  1.644  23.961 0.0000000000
148881  -35.920  3.459  26.080 0.0000000000
70968  -35.420  3.102  26.100 0.0000000000
70972  -35.210  3.099  25.093 0.0000000000
70990  -35.177  3.128  23.161 0.0000000000
70976  -34.551  2.766  23.442 0.0000000000
70975  -34.218  2.501  23.048 0.0000000000
136031  -33.473  1.746  23.177 0.0000000000
70988  -34.136  2.375  22.467 0.0000000000
69842  -33.437  1.579  21.494 0.0000000000
141308  -33.996  2.121  21.731 0.0000000000
131303  -35.657  2.922  21.138 0.0000000000
138647  -34.967  2.622  21.137 0.0000000000
147450  -35.339  2.597  20.443 0.0000000000
149141  -35.021  2.325  19.809 0.0000000000
71032  -35.726  2.544  19.704 0.0000000000
133400  -38.436  3.526  21.780 0.0000000000
72143  -38.660  3.333  21.049 0.0000000000
71004  -39.446  3.186  20.980 0.0000000000
72130  -39.742  3.414  21.649 0.0000000000
72119  -41.815  3.428  22.303 0.0000000000
72132  -41.382  3.238  21.759 0.0000000000
70991  -42.246  3.084  21.774 0.0000000000
57722  -18.984  -8.224  39.652 0.0000000000
57735  -18.159  -8.426  39.064 0.0000000000
57779  -17.677  -9.491  36.103 0.0000000000
57770  -18.504  -8.985  36.805 0.0000000000
56706  -16.172  -9.730  37.779 0.0000000000
57768  -16.787  -9.299  37.578 0.0000000000
57758  -16.649  -9.198  38.212 0.0000000000
57745  -16.378  -9.148  38.822 0.0000000000
56689  -16.031  -9.615  38.406 0.0000000000
56688  -15.540  -9.775  38.959 0.0000000000
147691  -4.310  -14.875  49.255 0.0000000000
62458  -33.910  -5.927  26.739 0.0000000000
63575  -33.174  -4.246  28.277 0.0000000000
124545  -32.602  -3.924  27.866 0.0000000000
64606  -32.726  -3.331  28.379 0.0000000000
140067  -36.873  -7.204  31.445 0.0000000000
59959  -36.679  -7.188  30.578 0.0000000000
61194  -37.075  -5.533  31.787 0.0000000000
63551  -36.007  -4.467  32.310 0.0000000000
62414  -36.666  -5.225  31.295 0.0000000000
63562  -36.166  -4.782  31.439 0.0000000000
63561  -35.694  -4.618  30.855 0.0000000000
154533  -34.371  -2.583  31.738 0.0000000000
64578  -34.750  -3.130  31.894 0.0000000000
64586  -34.586  -3.657  30.689 0.0000000000
64593  -34.097  -3.542  30.027 0.0000000000
65615  -34.075  -3.042  30.476 0.0000000000
66655  -33.249  -1.811  29.964 0.0000000000
66654  -32.927  -1.311  29.358 0.0000000000
151978  -32.590  -0.681  28.191 0.0000000000
67731  -32.921  -0.458  28.839 0.0000000000
69777  -34.419  1.539  30.047 0.0000000000
68735  -33.821  1.103  28.841 0.0000000000
69790  -34.413  1.637  29.245 0.0000000000
69800  -34.406  1.733  28.473 0.0000000000
70940  -35.014  2.203  28.915 0.0000000000
70893  -36.695  3.513  32.354 0.0000000000
70906  -35.777  2.688  31.976 0.0000000000
70907  -36.622  3.381  31.386 0.0000000000
61189  -22.788  -6.626  31.905 0.0000000000
59956  -22.544  -7.302  31.428 0.0000000000
61204  -22.984  -6.792  31.093 0.0000000000
62327  -29.176  -4.489  35.474 0.0000000000
155312  -28.318  -4.519  34.850 0.0000000000
62338  -29.069  -4.685  34.870 0.0000000000
62363  -28.571  -5.144  33.253 0.0000000000
62390  -27.315  -5.318  31.731 0.0000000000
62391  -27.735  -5.416  31.065 0.0000000000
140657  -30.474  -6.593  30.863 0.0000000000
148561  -29.866  -6.256  30.535 0.0000000000
144330  -21.507  -7.948  38.567 0.0000000000
61107  -21.760  -7.329  38.489 0.0000000000
136098  -23.297  -4.605  38.260 0.0000000000
62304  -22.453  -5.552  38.351 0.0000000000
59913  -21.688  -7.617  35.351 0.0000000000
59904  -21.726  -7.084  36.784 0.0000000000
58830  -21.489  -7.600  36.198 0.0000000000
58819  -21.037  -8.017  36.480 0.0000000000
57783  -20.867  -8.424  35.803 0.0000000000
57782  -20.285  -8.857  35.806 0.0000000000
143503  -20.697  -8.743  35.144 0.0000000000
137463  -49.155  9.875  7.787 0.0000000000
130864  -48.766  9.595  6.376 0.0000000000
78521  -49.242  9.964  7.073 0.0000000000
79426  -50.148  10.989  6.462 0.0000000000
79425  -49.680  10.577  6.139 0.0000000000
79437  -49.882  10.985  5.599 0.0000000000
80400  -52.283  12.427  7.769 0.0000000000
81458  -52.135  12.732  6.936 0.0000000000
81470  -51.558  12.682  5.405 0.0000000000
80425  -50.756  11.910  4.283 0.0000000000
81476  -51.335  12.323  3.590 0.0000000000
81479  -51.612  12.287  2.687 0.0000000000
81480  -52.391  12.804  2.321 0.0000000000
154240  -52.810  12.938  1.843 0.0000000000
82490  -53.103  13.388  2.154 0.0000000000
83365  -54.192  14.746  4.192 0.0000000000
83369  -54.779  15.112  3.272 0.0000000000
50958  -8.277  -15.808  45.261 0.0000000000
49872  -7.881  -16.498  45.628 0.0000000000
155431  -31.717  -1.026  24.927 0.0000000000
65666  -31.417  -2.280  24.777 0.0000000000
66733  -31.544  -1.579  24.473 0.0000000000
71098  -38.678  2.158  14.305 0.0000000000
71113  -39.004  2.714  13.598 0.0000000000
71047  -37.070  2.531  18.851 0.0000000000
69890  -37.689  2.269  18.031 0.0000000000
69891  -38.666  2.067  17.831 0.0000000000
69908  -38.807  1.843  17.164 0.0000000000
69922  -38.185  1.716  16.443 0.0000000000
68803  -42.105  1.920  19.379 0.0000000000
68811  -41.498  1.717  19.121 0.0000000000
68812  -41.866  1.729  18.822 0.0000000000
150822  -41.067  2.059  17.191 0.0000000000
126926  -40.946  1.742  17.726 0.0000000000
69924  -40.400  1.943  17.044 0.0000000000
129132  -39.613  1.872  16.834 0.0000000000
69938  -39.846  2.215  16.259 0.0000000000
155381  -40.313  2.635  16.071 0.0000000000
72189  -41.152  3.976  15.751 0.0000000000
124715  -40.795  4.439  15.100 0.0000000000
73265  -41.584  4.844  15.363 0.0000000000
73280  -41.585  5.458  14.623 0.0000000000
73266  -42.342  5.000  15.769 0.0000000000
74250  -44.326  5.539  16.677 0.0000000000
75246  -44.779  6.275  16.293 0.0000000000
53258  -9.686  -12.986  45.709 0.0000000000
52106  -9.206  -13.502  46.293 0.0000000000
52113  -8.963  -14.399  45.143 0.0000000000
50976  -8.878  -15.996  43.474 0.0000000000
50968  -8.892  -15.408  44.082 0.0000000000
49856  -7.644  -16.457  46.489 0.0000000000
49841  -7.313  -16.302  47.315 0.0000000000
47623  -6.664  -18.040  47.920 0.0000000000
146512  -6.611  -17.125  48.326 0.0000000000
48710  -6.278  -16.824  48.966 0.0000000000
47612  -5.715  -18.602  49.070 0.0000000000
47600  -5.512  -17.849  49.526 0.0000000000
48699  -5.919  -17.009  49.325 0.0000000000
48685  -5.500  -16.173  49.322 0.0000000000
151171  -5.021  -16.906  49.707 0.0000000000
47611  -4.261  -18.004  49.371 0.0000000000
124796  -4.172  -16.933  49.545 0.0000000000
49792  -3.856  -16.097  49.525 0.0000000000
46510  -3.971  -20.109  48.172 0.0000000000
155454  -4.213  -19.660  48.558 0.0000000000
50929  -7.480  -14.729  48.242 0.0000000000
58899  -34.807  -8.418  28.696 0.0000000000
144191  -25.219  -4.290  35.403 0.0000000000
62347  -24.242  -4.777  34.399 0.0000000000
63511  -25.044  -4.461  34.750 0.0000000000
138941  -26.111  -4.343  34.947 0.0000000000
63513  -26.533  -4.731  34.154 0.0000000000
148709  -32.740  -8.212  31.388 0.0000000000
135908  -29.158  -3.482  39.621 0.0000000000
64527  -27.033  -3.351  38.517 0.0000000000
63480  -25.470  -3.784  37.370 0.0000000000
77503  -45.970  8.037  7.648 0.0000000000
78540  -48.696  8.699  5.227 0.0000000000
63604  -32.252  -5.024  25.969 0.0000000000
69871  -33.576  1.328  19.199 0.0000000000
68810  -33.044  0.609  18.633 0.0000000000
137833  -33.270  0.256  17.719 0.0000000000
142907  -14.013  -10.730  40.202 0.0000000000
56655  -14.062  -10.253  40.654 0.0000000000
55524  -13.416  -10.874  40.817 0.0000000000
55523  -12.742  -11.147  41.560 0.0000000000
55509  -12.655  -11.014  42.364 0.0000000000
129064  -12.371  -11.719  41.362 0.0000000000
54390  -11.995  -12.322  41.162 0.0000000000
53318  -11.616  -13.078  40.902 0.0000000000
53317  -11.289  -14.033  40.517 0.0000000000
53331  -11.855  -13.426  39.976 0.0000000000
127766  -35.607  -7.696  33.946 0.0000000000
58853  -36.096  -7.579  33.677 0.0000000000
59928  -36.317  -6.875  34.162 0.0000000000
61154  -36.494  -5.797  35.071 0.0000000000
61143  -36.475  -5.288  35.691 0.0000000000
62295  -30.798  -4.243  38.303 0.0000000000
61109  -30.465  -4.264  37.511 0.0000000000
61100  -31.423  -4.570  38.174 0.0000000000
61111  -31.669  -4.925  37.332 0.0000000000
151315  -31.756  -5.209  36.621 0.0000000000
58812  -34.171  -6.257  36.986 0.0000000000
137856  -34.728  -6.291  36.898 0.0000000000
58822  -34.334  -6.473  36.314 0.0000000000
58842  -33.962  -7.009  34.981 0.0000000000
143248  -33.469  -7.101  34.253 0.0000000000
130592  -34.766  -7.117  34.933 0.0000000000
58843  -35.313  -7.358  34.459 0.0000000000
75261  -43.676  6.331  15.239 0.0000000000
75275  -44.200  6.963  14.611 0.0000000000
125702  -44.997  7.463  14.308 0.0000000000
128384  -45.076  7.750  13.543 0.0000000000
143346  -48.684  8.990  13.535 0.0000000000
77460  -48.087  8.923  12.941 0.0000000000
77469  -47.910  9.017  12.099 0.0000000000
77479  -47.699  9.127  11.374 0.0000000000
77488  -48.228  9.377  10.802 0.0000000000
78489  -48.798  9.586  10.045 0.0000000000
69808  -33.759  1.402  27.161 0.0000000000
68760  -33.206  0.835  26.679 0.0000000000
69818  -34.049  2.144  25.361 0.0000000000
72084  -36.565  3.687  25.004 0.0000000000
72095  -35.839  3.423  24.536 0.0000000000
72113  -35.830  3.439  23.614 0.0000000000
128482  -35.225  3.057  22.359 0.0000000000
143987  -34.650  2.627  21.912 0.0000000000
71002  -35.840  3.229  21.888 0.0000000000
71003  -36.418  3.226  21.266 0.0000000000
71017  -37.101  3.167  20.567 0.0000000000
72141  -37.135  3.436  21.427 0.0000000000
72117  -39.123  3.628  22.295 0.0000000000
58786  -20.728  -8.320  39.373 0.0000000000
57738  -20.455  -8.466  38.991 0.0000000000
57737  -19.866  -8.479  39.113 0.0000000000
129521  -19.134  -8.598  38.278 0.0000000000
56721  -17.004  -9.787  36.312 0.0000000000
55578  -15.315  -10.759  37.609 0.0000000000
82488  -54.363  14.461  1.792 0.0000000000
81487  -54.318  13.775  0.342 0.0000000000
82492  -54.696  14.515  1.004 0.0000000000
82495  -55.086  14.544  0.407 0.0000000000
83382  -55.853  14.944  0.045 0.0000000000
49779  -5.192  -15.216  49.441 0.0000000000
61263  -35.382  -6.827  27.466 0.0000000000
61262  -34.775  -6.342  27.057 0.0000000000
62447  -34.241  -5.693  27.520 0.0000000000
62365  -36.670  -5.052  33.577 0.0000000000
62394  -36.837  -5.101  32.626 0.0000000000
63552  -36.386  -4.685  32.920 0.0000000000
63538  -35.910  -4.231  33.139 0.0000000000
64580  -35.537  -3.973  32.530 0.0000000000
134489  -34.518  -1.974  32.983 0.0000000000
152903  -34.337  -2.017  32.395 0.0000000000
66646  -33.940  -2.128  31.245 0.0000000000
132014  -33.757  -2.367  30.574 0.0000000000
67693  -33.777  -1.191  31.295 0.0000000000
149787  -33.479  -0.704  30.554 0.0000000000
129670  -33.364  0.274  29.291 0.0000000000
68718  -33.501  0.079  30.124 0.0000000000
69778  -35.092  2.141  30.473 0.0000000000
72005  -37.263  3.991  31.719 0.0000000000
62407  -24.020  -5.821  31.066 0.0000000000
62339  -29.867  -5.093  34.721 0.0000000000
62349  -29.151  -4.989  34.308 0.0000000000
148738  -29.749  -5.224  34.335 0.0000000000
62364  -29.383  -5.331  33.177 0.0000000000
62377  -29.576  -5.556  32.261 0.0000000000
59987  -30.599  -7.202  29.623 0.0000000000
61108  -22.251  -6.182  39.238 0.0000000000
134509  -22.531  -5.780  35.962 0.0000000000
156142  -22.071  -6.548  36.153 0.0000000000
58840  -21.509  -8.063  34.953 0.0000000000
143811  -20.864  -8.909  34.416 0.0000000000
58849  -21.427  -8.418  34.174 0.0000000000
79417  -50.395  10.816  7.370 0.0000000000
80398  -50.803  11.492  6.816 0.0000000000
81463  -52.409  13.236  6.356 0.0000000000
81471  -52.194  13.234  5.563 0.0000000000
81474  -52.051  13.135  4.708 0.0000000000
145016  -51.899  12.892  3.987 0.0000000000
82483  -52.607  13.483  3.875 0.0000000000
82484  -53.282  13.935  3.348 0.0000000000
82481  -53.373  14.137  4.057 0.0000000000
83366  -54.697  15.176  4.842 0.0000000000
136249  -8.151  -17.039  44.285 0.0000000000
48787  -7.821  -17.342  44.950 0.0000000000
66747  -31.493  -1.624  23.607 0.0000000000
67782  -31.711  -0.925  23.325 0.0000000000
66755  -31.507  -1.409  22.765 0.0000000000
71035  -38.500  2.738  19.535 0.0000000000
147966  -39.120  2.403  19.141 0.0000000000
69874  -39.321  2.067  18.545 0.0000000000
69875  -40.096  1.795  18.636 0.0000000000
69894  -42.632  2.126  18.696 0.0000000000
147683  -42.187  1.868  18.586 0.0000000000
69911  -42.317  2.158  18.053 0.0000000000
69925  -41.491  2.476  17.011 0.0000000000
72178  -42.490  3.763  16.764 0.0000000000
73254  -42.812  4.664  16.333 0.0000000000
152943  -44.017  4.861  16.981 0.0000000000
136132  -11.494  -11.608  44.139 0.0000000000
54349  -11.208  -11.464  45.011 0.0000000000
53266  -9.821  -13.260  44.730 0.0000000000
52120  -9.445  -13.985  44.647 0.0000000000
52125  -9.331  -15.089  43.491 0.0000000000
50985  -9.278  -15.882  42.637 0.0000000000
47638  -7.063  -18.144  47.054 0.0000000000
47622  -6.298  -18.841  48.300 0.0000000000
45590  -5.236  -20.903  48.672 0.0000000000
46511  -5.403  -19.759  48.939 0.0000000000
48697  -4.689  -17.394  49.827 0.0000000000
47598  -4.589  -18.017  49.629 0.0000000000
61089  -32.953  -4.879  39.636 0.0000000000
59888  -35.541  -5.708  38.734 0.0000000000
127246  -47.489  8.138  16.059 0.0000000000
126526  -46.793  7.809  15.792 0.0000000000
76393  -48.100  8.529  15.519 0.0000000000
77443  -48.849  8.851  14.912 0.0000000000
77462  -49.391  9.282  13.314 0.0000000000
77472  -50.124  9.550  12.943 0.0000000000
78467  -50.895  9.746  12.494 0.0000000000
70954  -36.118  3.391  27.662 0.0000000000
70962  -35.481  2.981  27.105 0.0000000000
72073  -36.493  3.738  26.059 0.0000000000
72074  -37.323  3.984  25.490 0.0000000000
73202  -38.529  3.944  23.641 0.0000000000
134712  -19.625  -9.063  36.132 0.0000000000
57771  -19.462  -8.784  37.134 0.0000000000
57781  -19.013  -9.421  35.490 0.0000000000
57780  -18.394  -9.406  35.824 0.0000000000
50887  -7.412  -14.318  49.791 0.0000000000
62428  -35.548  -5.305  29.249 0.0000000000
137878  -34.949  1.772  32.345 0.0000000000
130080  -22.341  -7.145  33.367 0.0000000000
59946  -22.238  -7.487  32.711 0.0000000000
152718  -22.814  -6.178  33.114 0.0000000000
61162  -23.124  -5.950  32.530 0.0000000000
62360  -24.388  -4.951  33.550 0.0000000000
62387  -23.952  -5.566  32.014 0.0000000000
62388  -24.800  -5.399  31.410 0.0000000000
139412  -26.131  -5.351  30.708 0.0000000000
61165  -31.668  -6.325  33.123 0.0000000000
61175  -30.997  -6.025  32.613 0.0000000000
61176  -31.477  -6.757  32.059 0.0000000000
61193  -31.166  -7.074  31.194 0.0000000000
59970  -30.863  -7.229  30.367 0.0000000000
127077  -30.655  -7.467  28.862 0.0000000000
58922  -32.446  -8.897  27.498 0.0000000000
63454  -23.955  -4.217  39.723 0.0000000000
63468  -24.124  -4.030  38.754 0.0000000000
62315  -23.718  -4.470  37.250 0.0000000000
62324  -23.222  -4.804  36.780 0.0000000000
61139  -22.742  -5.772  35.073 0.0000000000
61149  -22.444  -6.439  34.592 0.0000000000
76445  -43.983  7.256  9.045 0.0000000000
80384  -52.757  11.471  9.611 0.0000000000
80392  -52.326  11.807  8.679 0.0000000000
80393  -53.005  12.112  9.158 0.0000000000
81455  -53.201  12.742  8.762 0.0000000000
83353  -54.110  14.707  6.616 0.0000000000
67803  -31.967  -0.306  20.900 0.0000000000
71022  -41.461  2.555  20.683 0.0000000000
69859  -41.277  2.170  20.061 0.0000000000
69843  -41.951  2.284  20.315 0.0000000000
69860  -42.395  2.194  19.988 0.0000000000
69877  -42.806  2.216  19.658 0.0000000000
129512  -43.333  2.401  19.508 0.0000000000
69895  -43.714  2.650  19.193 0.0000000000
71050  -43.984  3.088  18.740 0.0000000000
72171  -44.244  3.791  18.223 0.0000000000
56644  -14.226  -9.718  41.215 0.0000000000
55497  -12.194  -11.183  43.700 0.0000000000
54379  -12.207  -11.434  42.866 0.0000000000
52134  -10.407  -13.798  42.849 0.0000000000
139429  -35.048  -8.451  30.812 0.0000000000
58876  -35.617  -8.204  31.233 0.0000000000
59949  -36.308  -7.842  31.804 0.0000000000
59951  -37.169  -6.430  33.057 0.0000000000
59939  -36.765  -7.134  33.342 0.0000000000
62329  -36.579  -4.709  36.805 0.0000000000
138681  -28.344  -3.826  36.915 0.0000000000
63493  -27.787  -4.066  35.940 0.0000000000
62326  -28.634  -4.134  36.124 0.0000000000
61121  -30.848  -4.705  36.587 0.0000000000
151793  -30.553  -4.787  36.035 0.0000000000
61130  -30.551  -5.103  35.469 0.0000000000
61140  -30.506  -5.348  35.022 0.0000000000
61141  -30.891  -5.692  34.936 0.0000000000
59915  -31.310  -5.981  34.681 0.0000000000
61102  -32.690  -5.090  38.633 0.0000000000
59884  -31.936  -5.433  36.463 0.0000000000
58811  -33.198  -6.000  36.940 0.0000000000
58810  -32.231  -5.738  36.373 0.0000000000
59897  -31.648  -5.653  35.837 0.0000000000
59906  -31.525  -5.924  35.390 0.0000000000
59916  -31.575  -6.146  34.953 0.0000000000
150654  -31.545  -6.128  34.322 0.0000000000
59926  -31.811  -6.308  33.864 0.0000000000
59948  -32.638  -7.386  32.460 0.0000000000
58851  -33.814  -7.598  33.507 0.0000000000
58861  -33.296  -7.642  32.788 0.0000000000
58873  -33.038  -7.977  31.972 0.0000000000
58862  -33.810  -8.147  32.210 0.0000000000
63441  -29.689  -3.559  39.981 0.0000000000
125749  -28.802  -3.466  38.774 0.0000000000
63472  -28.615  -3.674  37.676 0.0000000000
74279  -40.945  5.248  14.085 0.0000000000
74288  -40.568  5.075  12.716 0.0000000000
75281  -42.007  6.341  13.084 0.0000000000
75283  -43.532  6.981  13.802 0.0000000000
76411  -43.213  7.082  12.932 0.0000000000
140233  -42.494  6.742  11.819 0.0000000000
126612  -46.560  7.930  15.014 0.0000000000
76397  -46.286  8.015  14.380 0.0000000000
76404  -45.766  8.179  13.153 0.0000000000
76405  -46.620  8.473  13.146 0.0000000000
149689  -44.696  8.012  11.505 0.0000000000
76435  -44.010  7.629  10.004 0.0000000000
77486  -46.661  8.962  9.923 0.0000000000
77497  -46.728  8.946  9.080 0.0000000000
77496  -46.072  8.485  8.414 0.0000000000
77504  -46.568  8.478  7.727 0.0000000000
78519  -47.725  9.058  7.180 0.0000000000
78530  -48.168  9.076  6.454 0.0000000000
78512  -49.374  9.905  8.533 0.0000000000
79397  -50.814  10.424  9.242 0.0000000000
78492  -51.510  10.139  11.246 0.0000000000
79386  -51.892  10.435  10.692 0.0000000000
79399  -52.454  10.866  10.251 0.0000000000
150560  -53.122  11.277  10.367 0.0000000000
66691  -32.127  -1.078  27.159 0.0000000000
67757  -31.997  -1.016  26.391 0.0000000000
67766  -31.864  -0.979  25.618 0.0000000000
67775  -32.110  -0.299  25.071 0.0000000000
139074  -32.544  0.210  25.610 0.0000000000
144930  -32.285  0.034  24.230 0.0000000000
68773  -32.517  0.472  23.575 0.0000000000
130855  -32.634  0.721  22.652 0.0000000000
70967  -34.701  2.657  25.674 0.0000000000
69823  -33.922  2.148  24.446 0.0000000000
130908  -34.371  2.623  24.052 0.0000000000
146980  -33.127  1.337  22.737 0.0000000000
68787  -32.534  0.591  21.751 0.0000000000
69841  -32.903  1.001  21.211 0.0000000000
69855  -33.346  1.358  20.679 0.0000000000
149884  -34.415  2.281  21.231 0.0000000000
69872  -33.831  1.650  20.120 0.0000000000
71031  -34.398  1.914  19.524 0.0000000000
69886  -34.333  1.684  18.634 0.0000000000
69887  -34.923  1.858  18.204 0.0000000000
69888  -35.655  2.093  18.135 0.0000000000
71046  -36.132  2.425  18.884 0.0000000000
71034  -37.534  2.850  19.649 0.0000000000
71019  -39.004  3.014  20.322 0.0000000000
72099  -38.778  3.820  23.071 0.0000000000
72100  -39.565  3.874  23.031 0.0000000000
72101  -41.205  3.969  23.279 0.0000000000
72118  -40.059  3.663  22.378 0.0000000000
72131  -40.566  3.364  21.716 0.0000000000
71006  -41.009  3.003  21.107 0.0000000000
71007  -42.157  2.611  21.003 0.0000000000
71008  -42.950  2.853  21.381 0.0000000000
133677  -19.064  -8.714  37.641 0.0000000000
57747  -18.337  -8.575  38.434 0.0000000000
57769  -17.432  -9.166  37.026 0.0000000000
57759  -17.464  -8.851  37.941 0.0000000000
57734  -17.024  -8.614  39.230 0.0000000000
56672  -15.075  -9.661  39.721 0.0000000000
55577  -14.959  -10.842  38.156 0.0000000000
55566  -14.606  -10.891  38.843 0.0000000000
55552  -14.298  -10.833  39.572 0.0000000000
83380  -56.301  15.570  1.246 0.0000000000
125720  -56.431  15.479  0.586 0.0000000000
62457  -33.044  -5.518  26.393 0.0000000000
63599  -32.550  -4.826  26.856 0.0000000000
64625  -32.233  -4.067  27.259 0.0000000000
61210  -36.890  -5.765  30.775 0.0000000000
61209  -36.725  -6.018  29.928 0.0000000000
62429  -36.179  -5.624  29.575 0.0000000000
63568  -35.000  -4.681  29.688 0.0000000000
65602  -35.096  -3.340  32.690 0.0000000000
64579  -35.139  -3.737  31.919 0.0000000000
64587  -35.133  -4.051  31.180 0.0000000000
63560  -35.117  -4.367  30.415 0.0000000000
63567  -34.199  -4.198  29.430 0.0000000000
65622  -33.519  -2.770  29.888 0.0000000000
65634  -33.100  -2.992  29.143 0.0000000000
65633  -32.619  -2.385  28.631 0.0000000000
65641  -32.302  -2.535  27.932 0.0000000000
66676  -32.109  -1.810  27.531 0.0000000000
66668  -32.342  -1.204  27.879 0.0000000000
68734  -33.293  0.530  28.420 0.0000000000
70939  -34.993  2.292  28.211 0.0000000000
69763  -35.066  2.006  31.392 0.0000000000
70921  -36.502  3.286  30.544 0.0000000000
70929  -35.773  2.754  30.085 0.0000000000
131786  -35.635  2.702  29.334 0.0000000000
70941  -36.019  3.081  29.003 0.0000000000
130423  -27.444  -4.182  35.542 0.0000000000
63504  -27.436  -4.471  34.818 0.0000000000
63514  -27.509  -4.901  33.856 0.0000000000
132895  -28.446  -5.004  33.842 0.0000000000
62362  -27.931  -5.046  33.364 0.0000000000
62361  -27.347  -5.094  33.117 0.0000000000
62375  -26.933  -5.200  32.460 0.0000000000
62409  -26.649  -5.391  30.089 0.0000000000
61191  -30.316  -5.851  32.180 0.0000000000
62392  -28.882  -5.546  31.435 0.0000000000
62412  -29.215  -5.863  30.576 0.0000000000
62411  -28.326  -5.583  30.567 0.0000000000
62410  -27.460  -5.437  30.291 0.0000000000
62425  -27.157  -5.531  29.485 0.0000000000
59868  -21.396  -7.840  39.799 0.0000000000
58800  -21.289  -8.182  39.171 0.0000000000
58799  -21.038  -8.290  38.099 0.0000000000
57763  -20.490  -8.456  37.666 0.0000000000
140286  -22.746  -5.203  39.193 0.0000000000
137779  -22.021  -6.509  38.424 0.0000000000
61128  -22.119  -6.261  36.799 0.0000000000
61119  -21.859  -6.793  37.640 0.0000000000
59895  -21.581  -7.530  37.774 0.0000000000
58808  -20.889  -8.142  37.402 0.0000000000
57796  -20.481  -9.561  33.881 0.0000000000
78541  -48.959  9.567  5.449 0.0000000000
79443  -49.370  9.946  4.678 0.0000000000
144619  -49.721  10.348  4.105 0.0000000000
80391  -51.808  11.788  7.984 0.0000000000
80409  -51.142  12.157  6.133 0.0000000000
80418  -50.234  11.466  4.938 0.0000000000
80424  -50.149  11.119  3.959 0.0000000000
80430  -50.575  11.010  2.954 0.0000000000
79455  -50.911  10.421  2.238 0.0000000000
80437  -51.277  11.433  2.218 0.0000000000
79460  -51.518  10.611  1.600 0.0000000000
82491  -53.670  13.815  1.824 0.0000000000
82487  -53.662  14.081  2.556 0.0000000000
144243  -55.606  15.630  3.228 0.0000000000
50940  -8.382  -14.713  46.459 0.0000000000
50939  -7.946  -15.133  46.829 0.0000000000
134744  -7.589  -18.197  45.307 0.0000000000
144561  -7.346  -18.177  46.174 0.0000000000
65651  -31.472  -2.386  25.565 0.0000000000
136143  -31.355  -2.930  25.049 0.0000000000
133913  -31.588  -1.057  21.072 0.0000000000
73299  -39.752  4.080  13.211 0.0000000000
69936  -38.330  1.605  15.875 0.0000000000
69876  -41.102  1.840  19.468 0.0000000000
138642  -40.831  1.688  18.834 0.0000000000
128023  -40.348  1.658  18.049 0.0000000000
69909  -39.545  1.791  17.330 0.0000000000
69952  -39.117  2.227  15.330 0.0000000000
71084  -40.682  3.156  15.957 0.0000000000
72202  -39.808  3.598  14.689 0.0000000000
72203  -40.257  4.161  14.746 0.0000000000
73290  -39.952  4.178  14.078 0.0000000000
73279  -40.536  4.660  14.394 0.0000000000
74273  -42.913  6.134  14.915 0.0000000000
153082  -43.094  5.538  15.705 0.0000000000
75262  -44.495  6.618  15.498 0.0000000000
75264  -46.283  7.229  16.381 0.0000000000
72172  -44.762  4.627  17.990 0.0000000000
53240  -9.521  -12.840  47.361 0.0000000000
52099  -9.129  -13.387  47.084 0.0000000000
52098  -8.751  -13.999  46.776 0.0000000000
50949  -8.520  -14.963  45.665 0.0000000000
50967  -8.489  -16.127  44.321 0.0000000000
52133  -9.691  -15.091  42.744 0.0000000000
140710  -7.632  -15.175  47.439 0.0000000000
130724  -6.902  -16.511  47.970 0.0000000000
49825  -6.999  -15.210  48.717 0.0000000000
49806  -6.737  -15.805  48.703 0.0000000000
46517  -6.301  -19.841  47.737 0.0000000000
48686  -6.163  -16.096  49.031 0.0000000000
48683  -4.455  -15.819  49.506 0.0000000000
48696  -4.494  -16.689  49.726 0.0000000000
50897  -4.184  -15.498  49.415 0.0000000000
129501  -4.251  -18.945  48.880 0.0000000000
47610  -3.967  -18.360  48.902 0.0000000000
56704  -15.104  -10.404  38.699 0.0000000000
57748  -19.711  -8.564  38.624 0.0000000000
58829  -21.330  -8.048  35.642 0.0000000000
58833  -34.528  -6.767  35.612 0.0000000000
59882  -21.615  -7.731  39.206 0.0000000000
59886  -34.119  -5.994  37.700 0.0000000000
59898  -35.181  -5.853  37.842 0.0000000000
59919  -35.960  -6.122  35.775 0.0000000000
59929  -36.251  -6.281  34.926 0.0000000000
59940  -36.805  -6.407  33.893 0.0000000000
59960  -37.112  -6.416  31.109 0.0000000000
61088  -32.312  -4.684  39.227 0.0000000000
61133  -36.322  -5.348  36.247 0.0000000000
61161  -22.614  -6.439  33.677 0.0000000000
61166  -36.854  -5.755  33.765 0.0000000000
61173  -22.604  -6.706  32.781 0.0000000000
61177  -37.268  -6.385  32.073 0.0000000000
62314  -22.812  -5.023  37.463 0.0000000000
62340  -36.595  -4.824  36.103 0.0000000000
62351  -36.610  -4.993  35.416 0.0000000000
62389  -26.377  -5.252  31.635 0.0000000000
63512  -25.712  -4.596  34.303 0.0000000000
63527  -36.608  -4.665  35.123 0.0000000000
66690  -31.841  -1.743  26.804 0.0000000000
66711  -31.580  -1.641  25.241 0.0000000000
68794  -32.182  0.056  21.489 0.0000000000
69834  -33.554  1.822  22.380 0.0000000000
69893  -41.711  1.778  18.221 0.0000000000
71049  -43.457  2.733  18.649 0.0000000000
71060  -42.940  2.974  17.705 0.0000000000
76403  -45.702  7.876  14.003 0.0000000000
76412  -44.582  7.650  13.138 0.0000000000
76420  -42.987  7.049  12.270 0.0000000000
77452  -48.553  8.820  14.184 0.0000000000
77477  -46.231  8.633  11.284 0.0000000000
83375  -55.047  14.929  1.462 0.0000000000
126836  -35.324  -6.010  36.565 0.0000000000
130405  -40.406  3.936  23.106 0.0000000000
131515  -34.156  -2.009  31.908 0.0000000000
132164  -20.952  -8.072  39.858 0.0000000000
133230  -40.891  5.386  13.353 0.0000000000
137755  -47.290  8.879  11.830 0.0000000000
139167  -25.481  -5.769  29.577 0.0000000000
140191  -42.840  2.175  19.186 0.0000000000
145022  -33.844  2.175  22.946 0.0000000000
145055  -43.151  2.383  18.926 0.0000000000
146511  -46.070  8.692  10.111 0.0000000000
149118  -28.120  -5.378  31.734 0.0000000000
149202  -21.194  -8.297  38.636 0.0000000000
149411  -32.724  -7.044  33.089 0.0000000000
151137  -28.263  -5.482  31.194 0.0000000000
152728  -8.014  -17.608  44.356 0.0000000000
152983  -32.372  -1.866  28.139 0.0000000000
154501  -32.587  0.522  24.214 0.0000000000
154529  -47.299  8.629  13.378 0.0000000000
