#!ascii label  , from subject NIHPD_75_135 vox2ras=TkReg
1352
101368  -55.730  37.489  -0.854 0.0000000000
111349  -47.482  50.975  -17.650 0.0000000000
141387  -47.086  47.057  -8.378 0.0000000000
104059  -55.554  41.437  -15.796 0.0000000000
109509  -53.116  48.580  -21.901 0.0000000000
106964  -52.693  44.355  -17.466 0.0000000000
102731  -52.507  38.390  -22.899 0.0000000000
149147  -49.272  42.258  -16.251 0.0000000000
98523  -48.591  31.869  3.180 0.0000000000
100728  -51.424  36.149  -0.190 0.0000000000
129162  -40.338  55.721  -20.413 0.0000000000
141103  -47.053  55.949  -20.568 0.0000000000
112479  -53.030  53.532  -23.852 0.0000000000
104650  -51.670  41.764  -6.187 0.0000000000
110069  -47.760  49.832  -12.061 0.0000000000
108156  -53.662  47.168  -10.282 0.0000000000
103319  -56.247  40.003  -8.215 0.0000000000
103365  -51.202  39.877  -9.818 0.0000000000
103360  -45.974  39.390  -10.125 0.0000000000
101373  -53.976  36.911  -2.449 0.0000000000
107656  -54.074  45.892  -25.371 0.0000000000
147956  -53.659  42.698  -23.729 0.0000000000
104144  -50.560  40.311  -24.634 0.0000000000
103415  -47.092  38.972  -22.688 0.0000000000
99370  -50.655  33.776  0.965 0.0000000000
132386  -48.681  36.052  -1.300 0.0000000000
114046  -36.474  56.580  -19.395 0.0000000000
154835  -50.361  55.582  -21.018 0.0000000000
104631  -49.126  41.184  -5.811 0.0000000000
106223  -49.762  43.776  -8.410 0.0000000000
111936  -43.934  51.971  -16.502 0.0000000000
109437  -47.421  48.891  -15.668 0.0000000000
106305  -55.447  42.574  -17.745 0.0000000000
108817  -53.847  47.081  -13.810 0.0000000000
106939  -55.461  44.854  -13.730 0.0000000000
105488  -55.137  42.941  -10.572 0.0000000000
104718  -56.586  40.587  -12.165 0.0000000000
126827  -54.097  39.553  -9.310 0.0000000000
104738  -53.741  40.997  -12.453 0.0000000000
104750  -47.525  42.096  -13.050 0.0000000000
110789  -49.695  50.409  -19.496 0.0000000000
108849  -49.030  47.324  -17.883 0.0000000000
107619  -51.616  45.457  -21.230 0.0000000000
104845  -54.511  41.285  -21.082 0.0000000000
104101  -54.257  39.821  -19.569 0.0000000000
104791  -52.671  41.311  -16.678 0.0000000000
104098  -50.533  40.360  -20.102 0.0000000000
104821  -45.797  40.917  -19.136 0.0000000000
150457  -52.391  32.006  3.606 0.0000000000
100034  -54.163  34.223  2.147 0.0000000000
102583  -54.692  38.352  0.265 0.0000000000
113503  -36.308  55.284  -16.296 0.0000000000
129981  -40.135  55.005  -17.257 0.0000000000
113006  -44.377  54.636  -17.655 0.0000000000
143785  -48.216  55.025  -17.783 0.0000000000
112466  -52.194  54.612  -18.697 0.0000000000
111380  -54.041  51.534  -21.765 0.0000000000
110849  -53.055  50.208  -24.678 0.0000000000
111980  -52.967  52.590  -26.054 0.0000000000
103261  -48.642  39.045  -2.640 0.0000000000
103263  -51.602  39.614  -2.147 0.0000000000
103938  -54.292  40.861  -2.713 0.0000000000
130777  -47.836  50.505  -8.514 0.0000000000
108814  -50.561  47.356  -14.265 0.0000000000
110725  -52.052  50.567  -10.880 0.0000000000
108770  -50.566  48.169  -8.101 0.0000000000
106903  -52.248  44.363  -9.131 0.0000000000
104653  -55.002  41.755  -6.028 0.0000000000
130280  -55.652  39.941  -4.438 0.0000000000
102647  -53.431  39.235  -6.088 0.0000000000
102645  -51.017  38.490  -6.790 0.0000000000
102024  -49.134  37.748  -8.189 0.0000000000
104735  -50.739  41.644  -12.754 0.0000000000
103362  -48.607  39.877  -10.228 0.0000000000
144407  -46.229  37.130  -9.144 0.0000000000
101348  -55.721  36.332  0.190 0.0000000000
100739  -55.523  36.373  -0.879 0.0000000000
101374  -54.886  37.506  -1.992 0.0000000000
107014  -52.310  45.220  -25.502 0.0000000000
106351  -52.505  43.346  -25.464 0.0000000000
106344  -50.717  43.461  -24.477 0.0000000000
105615  -48.729  41.718  -23.410 0.0000000000
107527  -48.056  45.608  -8.916 0.0000000000
111346  -45.618  51.858  -17.033 0.0000000000
105573  -55.778  42.095  -16.982 0.0000000000
106276  -55.656  44.081  -15.729 0.0000000000
129210  -56.258  42.222  -15.012 0.0000000000
105507  -56.051  42.236  -12.897 0.0000000000
104050  -56.120  40.909  -13.525 0.0000000000
129781  -56.016  40.021  -12.235 0.0000000000
104757  -54.923  41.032  -13.812 0.0000000000
144679  -51.377  48.993  -20.921 0.0000000000
108866  -50.302  47.653  -20.346 0.0000000000
108875  -51.860  47.157  -21.523 0.0000000000
104147  -53.312  39.621  -24.145 0.0000000000
138733  -53.629  42.161  -22.682 0.0000000000
104130  -54.643  39.539  -22.295 0.0000000000
104118  -55.222  40.119  -20.681 0.0000000000
103420  -53.194  38.916  -21.585 0.0000000000
104099  -52.256  40.131  -19.892 0.0000000000
103405  -51.397  39.203  -21.479 0.0000000000
144477  -46.473  39.675  -20.816 0.0000000000
100718  -50.935  35.286  0.021 0.0000000000
145828  -52.617  33.775  2.087 0.0000000000
100719  -52.979  35.609  0.852 0.0000000000
101335  -54.392  36.306  1.069 0.0000000000
101356  -52.866  37.535  0.008 0.0000000000
114050  -38.188  56.434  -20.478 0.0000000000
113522  -38.104  55.504  -18.426 0.0000000000
113539  -39.962  55.290  -19.027 0.0000000000
146063  -42.195  54.766  -17.551 0.0000000000
127381  -42.207  55.159  -19.022 0.0000000000
145453  -45.779  55.809  -20.119 0.0000000000
147903  -46.249  55.722  -18.198 0.0000000000
113530  -47.742  56.393  -18.324 0.0000000000
112465  -50.517  54.576  -18.012 0.0000000000
113548  -50.462  56.670  -18.540 0.0000000000
113030  -51.516  54.720  -22.449 0.0000000000
113028  -52.815  54.171  -20.902 0.0000000000
111958  -53.628  52.759  -22.467 0.0000000000
139358  -53.874  50.997  -23.600 0.0000000000
111403  -53.470  51.888  -24.506 0.0000000000
110848  -52.504  50.549  -24.931 0.0000000000
132411  -53.390  53.007  -25.261 0.0000000000
103947  -44.866  40.194  -4.618 0.0000000000
103275  -44.887  39.248  -3.401 0.0000000000
103290  -46.216  39.706  -4.077 0.0000000000
102620  -47.112  38.639  -2.402 0.0000000000
103950  -47.936  39.765  -4.071 0.0000000000
132546  -50.870  41.451  -5.870 0.0000000000
129511  -50.403  40.595  -4.616 0.0000000000
103953  -52.159  40.754  -3.931 0.0000000000
103923  -53.390  40.525  -2.445 0.0000000000
126802  -53.336  41.204  -3.828 0.0000000000
110054  -46.402  49.643  -11.959 0.0000000000
139525  -46.527  50.333  -9.780 0.0000000000
126001  -48.639  50.633  -10.353 0.0000000000
107596  -50.515  45.661  -17.589 0.0000000000
108197  -49.780  46.772  -15.825 0.0000000000
107579  -51.130  45.924  -16.101 0.0000000000
108790  -54.217  47.421  -12.532 0.0000000000
108788  -53.274  48.411  -12.207 0.0000000000
110035  -53.567  49.386  -9.939 0.0000000000
110017  -52.591  50.115  -8.092 0.0000000000
108775  -53.412  48.241  -8.816 0.0000000000
107535  -51.593  46.020  -9.141 0.0000000000
107537  -53.116  46.003  -10.127 0.0000000000
104669  -56.248  41.452  -8.705 0.0000000000
105466  -54.911  42.500  -8.706 0.0000000000
140515  -55.978  41.185  -7.156 0.0000000000
103968  -55.532  41.017  -4.802 0.0000000000
103307  -55.898  40.298  -5.948 0.0000000000
103299  -55.210  39.651  -4.785 0.0000000000
124564  -54.975  39.617  -6.679 0.0000000000
103366  -53.205  39.837  -10.090 0.0000000000
103315  -52.796  39.403  -8.156 0.0000000000
102667  -51.308  39.141  -8.563 0.0000000000
102012  -49.662  37.755  -7.344 0.0000000000
102681  -49.815  38.756  -9.202 0.0000000000
153037  -50.445  41.906  -16.784 0.0000000000
104764  -51.332  41.714  -14.464 0.0000000000
105536  -49.549  42.217  -14.998 0.0000000000
104032  -46.041  40.632  -11.164 0.0000000000
104711  -47.864  41.262  -11.664 0.0000000000
139904  -46.929  39.515  -10.125 0.0000000000
102678  -47.228  38.325  -9.485 0.0000000000
102677  -46.339  37.985  -9.485 0.0000000000
130822  -45.587  36.683  -9.223 0.0000000000
99363  -55.741  34.001  1.058 0.0000000000
101380  -52.369  36.693  -3.701 0.0000000000
108257  -54.243  47.107  -23.380 0.0000000000
143848  -53.745  45.132  -23.148 0.0000000000
107008  -54.190  44.438  -24.797 0.0000000000
137967  -52.452  40.946  -25.008 0.0000000000
103439  -51.066  38.958  -24.375 0.0000000000
103432  -50.064  38.442  -22.935 0.0000000000
103437  -48.487  39.199  -23.805 0.0000000000
98538  -50.114  32.641  2.453 0.0000000000
98556  -49.044  33.132  0.803 0.0000000000
155456  -49.734  36.018  -0.944 0.0000000000
114553  -38.856  57.332  -21.595 0.0000000000
138920  -48.771  55.876  -20.735 0.0000000000
113038  -50.254  55.417  -23.899 0.0000000000
113046  -52.400  55.561  -25.205 0.0000000000
104630  -48.168  40.938  -5.664 0.0000000000
105438  -49.543  42.292  -7.004 0.0000000000
138682  -50.910  42.815  -7.493 0.0000000000
110091  -47.702  49.142  -13.708 0.0000000000
106965  -54.018  44.226  -17.008 0.0000000000
107581  -53.396  45.724  -15.672 0.0000000000
107583  -54.884  45.371  -15.450 0.0000000000
107566  -55.218  45.806  -14.256 0.0000000000
107550  -54.532  45.761  -12.358 0.0000000000
106918  -53.532  45.171  -10.711 0.0000000000
106258  -54.840  43.926  -12.219 0.0000000000
105489  -55.933  42.273  -10.966 0.0000000000
104000  -56.861  40.109  -9.607 0.0000000000
103331  -55.615  39.510  -8.778 0.0000000000
103369  -56.419  39.478  -10.792 0.0000000000
104020  -54.705  39.869  -11.138 0.0000000000
104038  -52.740  40.684  -11.228 0.0000000000
105535  -48.320  42.458  -14.725 0.0000000000
108766  -46.311  47.873  -8.106 0.0000000000
110776  -48.920  50.462  -18.884 0.0000000000
109468  -48.353  48.738  -18.055 0.0000000000
109481  -49.403  48.675  -19.454 0.0000000000
108230  -50.159  46.217  -19.276 0.0000000000
107608  -51.192  44.697  -19.580 0.0000000000
106991  -52.707  44.433  -22.193 0.0000000000
105596  -53.003  42.608  -21.037 0.0000000000
106313  -53.656  42.832  -19.116 0.0000000000
105588  -55.169  41.887  -19.308 0.0000000000
104828  -55.796  41.243  -18.513 0.0000000000
104064  -54.987  40.801  -17.432 0.0000000000
104778  -54.136  41.183  -15.998 0.0000000000
104827  -52.835  40.713  -18.283 0.0000000000
104826  -51.773  41.013  -18.489 0.0000000000
104806  -49.473  41.726  -18.053 0.0000000000
104114  -49.027  39.766  -20.884 0.0000000000
104833  -48.038  40.827  -19.717 0.0000000000
99350  -51.941  33.083  2.654 0.0000000000
98527  -53.268  32.994  3.138 0.0000000000
99354  -55.000  33.387  2.292 0.0000000000
130827  -55.294  35.040  1.287 0.0000000000
101337  -55.323  36.452  0.785 0.0000000000
101951  -55.626  37.904  0.043 0.0000000000
112991  -38.521  54.619  -15.419 0.0000000000
113505  -38.587  55.151  -16.912 0.0000000000
113500  -39.790  54.629  -16.120 0.0000000000
113000  -42.095  54.118  -16.816 0.0000000000
149052  -44.141  53.493  -17.215 0.0000000000
112458  -45.527  53.605  -17.505 0.0000000000
113556  -42.324  55.637  -20.401 0.0000000000
113527  -43.887  55.214  -18.567 0.0000000000
113008  -46.100  54.643  -17.668 0.0000000000
111944  -47.991  52.910  -18.046 0.0000000000
156429  -49.435  52.765  -18.465 0.0000000000
111361  -51.523  51.923  -19.645 0.0000000000
110803  -52.591  50.504  -20.707 0.0000000000
152715  -51.609  56.158  -19.379 0.0000000000
111952  -53.412  52.691  -20.544 0.0000000000
110816  -53.456  50.283  -21.310 0.0000000000
110188  -54.121  49.179  -23.371 0.0000000000
148608  -53.646  47.837  -25.286 0.0000000000
131231  -51.859  49.136  -25.031 0.0000000000
134102  -51.577  50.596  -24.938 0.0000000000
113047  -53.077  54.778  -26.321 0.0000000000
101969  -48.778  37.512  -1.634 0.0000000000
101970  -49.995  37.803  -1.448 0.0000000000
128407  -48.720  39.911  -4.070 0.0000000000
103280  -50.074  39.539  -2.805 0.0000000000
102609  -51.614  38.483  -1.173 0.0000000000
127972  -53.066  39.531  -1.254 0.0000000000
103238  -54.504  39.373  -0.523 0.0000000000
103247  -55.476  39.770  -1.408 0.0000000000
109377  -47.731  49.168  -7.829 0.0000000000
144127  -48.043  48.315  -16.767 0.0000000000
108824  -48.741  47.910  -14.768 0.0000000000
109409  -49.572  48.661  -13.206 0.0000000000
128939  -52.132  47.675  -13.356 0.0000000000
109401  -51.176  48.984  -12.403 0.0000000000
126822  -49.712  49.996  -11.831 0.0000000000
110713  -50.313  51.131  -9.303 0.0000000000
110014  -49.274  49.743  -7.784 0.0000000000
108143  -49.157  47.109  -8.587 0.0000000000
107533  -49.868  46.325  -8.930 0.0000000000
106901  -50.935  44.456  -8.891 0.0000000000
106215  -52.254  43.069  -8.001 0.0000000000
154405  -53.639  43.659  -9.511 0.0000000000
106216  -53.209  42.962  -8.174 0.0000000000
105427  -53.773  41.889  -5.877 0.0000000000
104618  -54.918  41.452  -4.418 0.0000000000
103926  -55.473  40.367  -2.907 0.0000000000
102623  -55.679  38.901  -1.984 0.0000000000
101984  -54.958  38.651  -3.030 0.0000000000
154260  -53.412  38.265  -4.095 0.0000000000
101990  -51.799  37.570  -4.740 0.0000000000
103304  -53.891  39.446  -6.981 0.0000000000
102646  -52.327  38.803  -6.070 0.0000000000
101996  -51.334  37.799  -5.395 0.0000000000
101396  -49.874  36.816  -5.901 0.0000000000
101403  -48.830  36.532  -6.944 0.0000000000
132831  -52.896  41.417  -14.586 0.0000000000
139548  -52.369  41.505  -13.219 0.0000000000
150352  -50.868  41.068  -11.303 0.0000000000
104734  -49.093  41.704  -12.636 0.0000000000
104035  -49.248  40.898  -11.174 0.0000000000
103364  -50.218  39.838  -10.024 0.0000000000
102680  -49.036  38.667  -9.378 0.0000000000
102033  -47.825  37.555  -8.887 0.0000000000
131923  -55.767  36.683  -0.329 0.0000000000
156023  -55.131  36.423  -1.367 0.0000000000
101367  -55.294  37.080  -1.354 0.0000000000
142452  -51.524  45.096  -25.086 0.0000000000
107007  -51.166  44.293  -24.833 0.0000000000
142837  -50.373  44.318  -24.123 0.0000000000
107526  -47.256  45.086  -8.712 0.0000000000
134481  -48.040  46.857  -8.601 0.0000000000
129579  -46.925  51.790  -17.512 0.0000000000
110762  -46.703  50.982  -17.166 0.0000000000
149949  -47.624  50.127  -17.605 0.0000000000
104067  -55.769  41.722  -16.343 0.0000000000
104780  -56.068  42.275  -15.682 0.0000000000
139764  -56.127  41.675  -15.064 0.0000000000
104767  -56.238  41.721  -14.400 0.0000000000
104053  -55.771  41.261  -14.812 0.0000000000
104049  -55.952  40.981  -13.931 0.0000000000
104048  -55.518  41.108  -14.451 0.0000000000
137056  -52.074  49.055  -21.233 0.0000000000
144721  -51.855  47.876  -21.467 0.0000000000
108876  -52.628  47.772  -21.880 0.0000000000
103450  -52.991  38.850  -23.917 0.0000000000
104137  -53.963  39.645  -23.527 0.0000000000
150598  -53.733  38.755  -22.952 0.0000000000
103421  -53.881  38.929  -21.744 0.0000000000
102721  -52.799  38.575  -22.243 0.0000000000
103419  -52.236  38.835  -21.857 0.0000000000
145059  -51.447  38.750  -22.199 0.0000000000
98511  -49.291  31.821  3.846 0.0000000000
137373  -51.933  35.434  0.437 0.0000000000
144626  -52.577  36.486  0.284 0.0000000000
101355  -51.824  37.111  -0.374 0.0000000000
114051  -38.998  56.306  -20.722 0.0000000000
113538  -39.262  55.566  -19.493 0.0000000000
150006  -39.958  55.484  -19.775 0.0000000000
113525  -41.491  55.157  -18.880 0.0000000000
126808  -40.790  55.334  -19.592 0.0000000000
113568  -46.356  55.727  -21.185 0.0000000000
113567  -45.668  55.800  -21.107 0.0000000000
113558  -46.290  55.869  -20.525 0.0000000000
113545  -46.644  56.139  -19.639 0.0000000000
113546  -48.281  56.690  -19.054 0.0000000000
113532  -49.673  56.399  -18.155 0.0000000000
113547  -49.451  56.873  -18.726 0.0000000000
112478  -52.291  54.395  -23.553 0.0000000000
113031  -52.326  54.043  -22.668 0.0000000000
111957  -53.443  53.013  -23.427 0.0000000000
111962  -53.755  52.363  -23.625 0.0000000000
111961  -53.543  52.668  -24.453 0.0000000000
112483  -53.075  53.947  -24.758 0.0000000000
104626  -44.798  41.205  -5.678 0.0000000000
103962  -45.251  40.663  -5.196 0.0000000000
103948  -45.733  40.183  -4.659 0.0000000000
103291  -47.085  39.719  -4.071 0.0000000000
104632  -51.619  41.288  -5.363 0.0000000000
104616  -51.410  40.844  -4.645 0.0000000000
103954  -52.461  41.191  -4.646 0.0000000000
128332  -52.602  41.542  -5.406 0.0000000000
147852  -47.407  49.504  -12.894 0.0000000000
155453  -47.066  49.682  -12.187 0.0000000000
132011  -46.995  49.997  -11.075 0.0000000000
110055  -48.099  50.270  -11.132 0.0000000000
107597  -51.198  45.211  -17.266 0.0000000000
107588  -50.739  45.743  -16.826 0.0000000000
145044  -51.471  45.478  -16.613 0.0000000000
142243  -53.970  47.620  -11.235 0.0000000000
108783  -53.851  48.257  -11.253 0.0000000000
108779  -53.837  48.154  -10.489 0.0000000000
109390  -53.608  48.983  -9.258 0.0000000000
108152  -53.451  47.543  -9.325 0.0000000000
108151  -53.079  46.756  -9.447 0.0000000000
104660  -56.454  40.779  -8.426 0.0000000000
104659  -56.099  41.299  -7.886 0.0000000000
103980  -56.209  40.582  -7.650 0.0000000000
103979  -55.963  40.777  -6.486 0.0000000000
126051  -55.913  40.143  -7.136 0.0000000000
103306  -55.624  39.946  -6.319 0.0000000000
128809  -52.214  39.766  -9.624 0.0000000000
103328  -52.299  39.456  -8.882 0.0000000000
103345  -51.327  39.405  -9.229 0.0000000000
102682  -50.554  38.902  -8.949 0.0000000000
103344  -50.459  39.303  -9.478 0.0000000000
104789  -49.918  42.053  -16.569 0.0000000000
105561  -49.784  42.144  -15.731 0.0000000000
104013  -45.573  40.091  -10.672 0.0000000000
104014  -46.443  40.092  -10.597 0.0000000000
102690  -46.612  38.835  -9.724 0.0000000000
102689  -45.856  38.597  -9.724 0.0000000000
155489  -45.723  38.079  -9.577 0.0000000000
144380  -45.335  38.953  -9.917 0.0000000000
100053  -55.922  34.432  0.646 0.0000000000
100752  -53.314  36.013  -2.738 0.0000000000
101381  -53.100  36.799  -3.104 0.0000000000
108266  -54.378  46.663  -24.196 0.0000000000
108265  -54.358  45.869  -23.985 0.0000000000
107647  -54.174  45.194  -25.117 0.0000000000
105625  -52.016  42.525  -25.326 0.0000000000
105631  -52.737  42.664  -25.442 0.0000000000
105624  -51.557  41.412  -24.961 0.0000000000
104145  -51.596  40.246  -24.879 0.0000000000
103438  -50.249  39.262  -24.437 0.0000000000
104136  -49.353  39.757  -24.257 0.0000000000
104866  -48.093  40.519  -23.628 0.0000000000
99368  -48.148  33.169  0.390 0.0000000000
100717  -50.107  35.234  -0.404 0.0000000000
114552  -38.118  57.445  -21.395 0.0000000000
113596  -50.728  55.810  -24.651 0.0000000000
114099  -49.027  56.254  -25.926 0.0000000000
106222  -48.931  43.701  -8.355 0.0000000000
106211  -48.854  43.075  -7.829 0.0000000000
106212  -49.460  43.296  -8.018 0.0000000000
105439  -50.293  42.544  -7.251 0.0000000000
106213  -50.250  43.181  -7.886 0.0000000000
111932  -42.585  52.309  -16.204 0.0000000000
109423  -47.518  48.957  -14.714 0.0000000000
106966  -54.815  43.923  -16.888 0.0000000000
106959  -54.712  44.648  -16.286 0.0000000000
106282  -55.309  43.867  -16.417 0.0000000000
106940  -55.706  44.627  -14.533 0.0000000000
106944  -55.417  45.262  -14.712 0.0000000000
145084  -55.448  45.310  -14.224 0.0000000000
107561  -54.899  46.039  -13.013 0.0000000000
106933  -54.970  45.043  -12.844 0.0000000000
106266  -55.324  44.060  -13.104 0.0000000000
104717  -56.501  41.356  -12.070 0.0000000000
105497  -56.027  42.233  -11.883 0.0000000000
150728  -56.481  41.602  -11.329 0.0000000000
104684  -56.930  40.781  -10.128 0.0000000000
104021  -57.038  39.954  -10.633 0.0000000000
103370  -56.671  39.669  -10.103 0.0000000000
133619  -56.694  39.916  -11.609 0.0000000000
104042  -54.927  40.321  -12.143 0.0000000000
103374  -55.621  39.735  -11.665 0.0000000000
104039  -53.781  40.506  -11.583 0.0000000000
104019  -53.486  40.159  -10.762 0.0000000000
104716  -53.033  40.976  -11.884 0.0000000000
110143  -49.164  49.550  -19.200 0.0000000000
110154  -49.865  49.478  -19.872 0.0000000000
108237  -51.172  46.423  -20.964 0.0000000000
149784  -50.581  46.927  -20.481 0.0000000000
107615  -51.002  45.444  -20.343 0.0000000000
107614  -50.634  45.480  -19.418 0.0000000000
106981  -51.507  44.620  -20.533 0.0000000000
107000  -54.047  44.514  -23.839 0.0000000000
148106  -53.144  45.032  -22.597 0.0000000000
106332  -53.624  43.639  -23.391 0.0000000000
104853  -54.235  41.146  -22.220 0.0000000000
105605  -53.098  42.771  -22.057 0.0000000000
105586  -53.264  42.634  -20.022 0.0000000000
105597  -53.907  42.014  -20.604 0.0000000000
105587  -54.278  42.229  -19.668 0.0000000000
105598  -54.835  41.543  -20.132 0.0000000000
103396  -54.692  39.608  -20.170 0.0000000000
104847  -55.375  40.520  -19.891 0.0000000000
104102  -54.979  39.968  -19.491 0.0000000000
104073  -55.445  40.789  -18.032 0.0000000000
104085  -54.538  40.204  -18.894 0.0000000000
104071  -53.895  40.528  -18.219 0.0000000000
104084  -53.588  40.228  -18.949 0.0000000000
144354  -51.368  40.171  -20.162 0.0000000000
104082  -51.357  40.613  -19.396 0.0000000000
149485  -50.258  41.539  -18.154 0.0000000000
103416  -48.204  38.704  -22.780 0.0000000000
103417  -49.463  38.773  -22.310 0.0000000000
103403  -48.558  39.031  -21.832 0.0000000000
104832  -46.288  40.343  -19.909 0.0000000000
144777  -47.103  40.397  -20.135 0.0000000000
99359  -49.942  33.154  1.361 0.0000000000
98525  -51.078  32.565  3.087 0.0000000000
99360  -50.884  33.178  1.998 0.0000000000
100033  -53.383  34.377  1.826 0.0000000000
99351  -53.424  33.670  2.525 0.0000000000
99352  -53.994  33.544  2.649 0.0000000000
100035  -54.705  34.012  2.188 0.0000000000
100045  -55.188  34.362  1.720 0.0000000000
100044  -54.827  34.855  1.598 0.0000000000
101345  -54.405  37.048  0.761 0.0000000000
101336  -54.947  36.439  0.989 0.0000000000
101346  -55.143  37.091  0.680 0.0000000000
101950  -55.346  37.627  0.408 0.0000000000
102584  -55.249  38.227  0.199 0.0000000000
113496  -35.641  55.144  -15.643 0.0000000000
113491  -35.378  54.861  -14.972 0.0000000000
113497  -36.603  54.900  -15.613 0.0000000000
112990  -37.528  54.716  -15.382 0.0000000000
125747  -37.185  55.103  -16.136 0.0000000000
114045  -35.667  56.933  -19.102 0.0000000000
152544  -36.031  56.462  -18.723 0.0000000000
113513  -39.328  55.159  -17.538 0.0000000000
113512  -37.867  55.363  -17.587 0.0000000000
113506  -39.516  54.947  -16.726 0.0000000000
113499  -39.000  54.850  -16.082 0.0000000000
140869  -40.171  54.726  -16.665 0.0000000000
112998  -40.498  54.419  -16.329 0.0000000000
113507  -40.889  54.700  -17.006 0.0000000000
113516  -42.824  54.860  -17.828 0.0000000000
113004  -42.547  54.519  -17.399 0.0000000000
112456  -43.843  54.111  -17.374 0.0000000000
112457  -44.633  53.963  -17.437 0.0000000000
113541  -42.669  55.326  -19.630 0.0000000000
113543  -44.421  55.417  -19.265 0.0000000000
113013  -47.504  55.736  -17.794 0.0000000000
113012  -46.595  55.437  -17.772 0.0000000000
113009  -47.060  54.808  -17.727 0.0000000000
112460  -47.531  53.850  -17.870 0.0000000000
112463  -48.384  53.883  -17.985 0.0000000000
111945  -48.922  53.092  -18.251 0.0000000000
112464  -49.344  54.525  -17.936 0.0000000000
111947  -51.457  54.254  -18.382 0.0000000000
154287  -50.672  53.875  -18.272 0.0000000000
111949  -51.494  53.031  -19.045 0.0000000000
134289  -52.262  52.787  -19.499 0.0000000000
113571  -50.944  56.131  -19.968 0.0000000000
113021  -51.795  55.552  -20.168 0.0000000000
111954  -53.561  52.886  -21.193 0.0000000000
112473  -52.865  54.264  -20.077 0.0000000000
111955  -53.735  52.130  -21.178 0.0000000000
111370  -53.346  51.992  -20.520 0.0000000000
110817  -53.887  50.938  -21.544 0.0000000000
110178  -54.026  49.352  -22.613 0.0000000000
143023  -54.133  50.956  -22.194 0.0000000000
111421  -53.448  50.606  -24.207 0.0000000000
110206  -53.708  49.221  -24.409 0.0000000000
152747  -53.382  49.100  -24.738 0.0000000000
108920  -52.703  47.345  -25.549 0.0000000000
154181  -52.316  47.995  -25.325 0.0000000000
110204  -52.567  49.600  -24.918 0.0000000000
111419  -52.351  51.351  -25.207 0.0000000000
111418  -51.344  51.324  -25.204 0.0000000000
111968  -52.232  51.925  -25.748 0.0000000000
113040  -53.061  54.506  -25.439 0.0000000000
101966  -46.668  38.033  -1.960 0.0000000000
102621  -48.083  38.597  -2.310 0.0000000000
102606  -48.441  38.119  -1.905 0.0000000000
102622  -48.906  38.589  -2.185 0.0000000000
146337  -49.434  37.467  -1.502 0.0000000000
149389  -49.579  38.605  -2.102 0.0000000000
103965  -48.297  40.320  -4.765 0.0000000000
103951  -49.393  40.336  -4.509 0.0000000000
154425  -51.070  40.199  -3.324 0.0000000000
103935  -50.471  40.047  -3.374 0.0000000000
135457  -50.761  39.418  -2.338 0.0000000000
103243  -50.989  38.903  -1.796 0.0000000000
103244  -52.061  39.227  -1.514 0.0000000000
102591  -52.594  38.832  -0.876 0.0000000000
103937  -53.665  40.973  -3.093 0.0000000000
103265  -53.647  40.131  -1.675 0.0000000000
103924  -54.345  40.542  -2.026 0.0000000000
103246  -54.858  39.892  -1.089 0.0000000000
103915  -55.039  40.299  -1.709 0.0000000000
136006  -46.813  50.479  -8.753 0.0000000000
109376  -46.721  49.175  -7.900 0.0000000000
143469  -48.785  48.022  -18.328 0.0000000000
109457  -47.928  48.789  -17.311 0.0000000000
108842  -48.942  47.227  -17.024 0.0000000000
108826  -50.137  47.023  -15.034 0.0000000000
108825  -49.279  47.346  -15.305 0.0000000000
132919  -49.607  47.594  -14.490 0.0000000000
108813  -49.102  48.221  -13.952 0.0000000000
108798  -50.040  47.972  -13.736 0.0000000000
108201  -53.848  46.213  -15.042 0.0000000000
108200  -52.759  46.206  -15.218 0.0000000000
108816  -52.745  47.142  -13.888 0.0000000000
110073  -52.760  49.227  -11.571 0.0000000000
109402  -52.204  48.750  -12.253 0.0000000000
110072  -51.836  49.509  -11.786 0.0000000000
110071  -50.814  49.719  -11.854 0.0000000000
110057  -50.583  50.449  -11.254 0.0000000000
110723  -50.422  50.921  -10.392 0.0000000000
110714  -51.216  51.120  -9.757 0.0000000000
109381  -52.206  49.194  -7.835 0.0000000000
110015  -50.435  49.906  -7.703 0.0000000000
109379  -49.997  48.999  -7.695 0.0000000000
145105  -49.158  48.869  -7.797 0.0000000000
108769  -49.566  48.100  -8.126 0.0000000000
108144  -50.141  47.279  -8.546 0.0000000000
106912  -51.958  45.164  -9.318 0.0000000000
106911  -51.174  45.123  -9.220 0.0000000000
106902  -51.596  44.586  -9.059 0.0000000000
106214  -51.219  43.270  -7.954 0.0000000000
106252  -53.871  44.278  -10.814 0.0000000000
106235  -53.432  44.261  -10.062 0.0000000000
106236  -54.242  43.547  -10.128 0.0000000000
105459  -54.822  42.265  -7.814 0.0000000000
105465  -54.073  42.777  -8.352 0.0000000000
105458  -53.922  42.438  -7.422 0.0000000000
131814  -53.221  42.276  -6.783 0.0000000000
105441  -54.236  42.044  -6.419 0.0000000000
104634  -54.229  41.674  -5.001 0.0000000000
104652  -54.486  41.795  -5.662 0.0000000000
103293  -55.704  40.399  -4.564 0.0000000000
103955  -55.536  40.731  -4.116 0.0000000000
127784  -55.656  40.243  -3.776 0.0000000000
103282  -55.636  39.813  -3.088 0.0000000000
102627  -55.458  39.181  -2.929 0.0000000000
102626  -55.070  38.994  -3.574 0.0000000000
102639  -54.266  39.266  -5.259 0.0000000000
102632  -53.729  38.726  -4.513 0.0000000000
101991  -52.732  38.170  -4.522 0.0000000000
102638  -53.071  38.829  -5.277 0.0000000000
153731  -55.338  39.433  -9.168 0.0000000000
147148  -55.388  39.590  -8.122 0.0000000000
103330  -54.724  39.502  -8.686 0.0000000000
102655  -52.280  39.239  -7.543 0.0000000000
102656  -52.790  39.227  -6.842 0.0000000000
124439  -51.856  38.909  -6.873 0.0000000000
141221  -51.632  38.349  -5.808 0.0000000000
102005  -51.014  38.097  -6.051 0.0000000000
101995  -50.600  37.347  -5.640 0.0000000000
102004  -50.234  37.755  -6.514 0.0000000000
102654  -49.903  38.192  -7.986 0.0000000000
149308  -49.087  37.224  -7.346 0.0000000000
101402  -48.231  36.041  -7.314 0.0000000000
102011  -48.492  36.948  -7.641 0.0000000000
104777  -53.182  41.311  -15.960 0.0000000000
139758  -53.590  41.331  -15.198 0.0000000000
147663  -52.791  41.421  -15.296 0.0000000000
104753  -50.549  41.845  -13.840 0.0000000000
130867  -52.180  41.554  -14.071 0.0000000000
104754  -51.474  41.651  -13.485 0.0000000000
104714  -51.277  41.347  -11.887 0.0000000000
144497  -50.410  41.381  -11.886 0.0000000000
105521  -47.886  42.387  -13.903 0.0000000000
104733  -48.124  41.722  -12.406 0.0000000000
104015  -48.122  40.274  -10.588 0.0000000000
104712  -48.714  41.308  -11.804 0.0000000000
104016  -48.915  40.377  -10.612 0.0000000000
104017  -49.782  40.430  -10.581 0.0000000000
103363  -49.328  39.841  -10.135 0.0000000000
103343  -49.624  39.239  -9.678 0.0000000000
103342  -48.770  39.307  -9.818 0.0000000000
150149  -47.104  37.521  -9.118 0.0000000000
131966  -47.773  37.985  -9.252 0.0000000000
101414  -47.183  36.233  -8.295 0.0000000000
100730  -55.911  35.576  0.210 0.0000000000
100729  -55.890  35.743  -0.297 0.0000000000
100088  -55.122  34.794  -1.793 0.0000000000
107655  -53.524  45.869  -25.723 0.0000000000
151109  -53.806  45.293  -25.538 0.0000000000
142670  -52.210  44.333  -25.442 0.0000000000
106345  -51.609  43.414  -25.142 0.0000000000
104868  -50.458  41.542  -24.509 0.0000000000
104875  -49.768  40.770  -24.317 0.0000000000
104867  -49.591  41.686  -23.954 0.0000000000
106898  -48.205  44.444  -8.687 0.0000000000
150558  -48.800  45.122  -9.031 0.0000000000
111937  -44.782  52.162  -16.832 0.0000000000
141851  -45.958  51.017  -16.724 0.0000000000
110119  -46.941  49.543  -16.364 0.0000000000
106295  -55.708  42.655  -16.813 0.0000000000
106283  -55.748  43.296  -16.271 0.0000000000
134490  -56.019  42.990  -15.875 0.0000000000
124454  -56.126  43.075  -15.248 0.0000000000
106271  -55.994  43.602  -14.557 0.0000000000
131709  -55.678  43.275  -13.260 0.0000000000
105523  -55.980  42.931  -13.828 0.0000000000
104740  -56.371  41.225  -12.903 0.0000000000
104045  -56.274  40.723  -12.875 0.0000000000
152367  -56.383  39.874  -11.917 0.0000000000
104044  -56.068  40.601  -13.011 0.0000000000
104043  -55.535  40.647  -12.914 0.0000000000
104739  -54.658  40.884  -12.911 0.0000000000
110155  -50.796  49.393  -20.469 0.0000000000
109482  -50.040  48.543  -20.158 0.0000000000
109495  -50.813  48.413  -20.715 0.0000000000
108867  -51.096  47.544  -21.013 0.0000000000
108245  -52.051  46.319  -21.714 0.0000000000
131803  -53.693  41.369  -24.404 0.0000000000
150493  -53.909  41.247  -23.762 0.0000000000
104862  -54.231  40.767  -23.081 0.0000000000
104863  -54.693  40.234  -22.265 0.0000000000
104854  -54.881  40.465  -21.353 0.0000000000
104124  -54.993  39.812  -21.513 0.0000000000
103408  -54.277  39.286  -20.947 0.0000000000
103395  -53.910  39.507  -20.242 0.0000000000
104100  -53.293  39.921  -19.673 0.0000000000
104117  -52.928  39.618  -20.377 0.0000000000
104116  -51.876  39.694  -20.603 0.0000000000
104115  -50.724  39.734  -20.812 0.0000000000
104112  -46.875  39.220  -21.513 0.0000000000
98513  -51.709  31.807  3.996 0.0000000000
100052  -51.322  34.537  0.675 0.0000000000
99361  -51.639  33.807  1.549 0.0000000000
100042  -52.468  34.608  1.179 0.0000000000
152100  -53.385  35.046  1.310 0.0000000000
100706  -53.910  35.721  1.223 0.0000000000
100720  -53.641  36.408  0.818 0.0000000000
101344  -53.496  37.111  0.479 0.0000000000
101948  -53.968  37.926  0.367 0.0000000000
113502  -35.426  55.608  -16.393 0.0000000000
114049  -37.297  56.587  -20.115 0.0000000000
113536  -37.443  55.997  -19.129 0.0000000000
113537  -38.421  55.703  -19.257 0.0000000000
113523  -39.092  55.356  -18.524 0.0000000000
127550  -40.013  55.217  -18.093 0.0000000000
113514  -40.789  55.034  -17.734 0.0000000000
113524  -40.727  55.164  -18.581 0.0000000000
128028  -42.101  54.988  -18.187 0.0000000000
126170  -43.479  55.011  -18.040 0.0000000000
113566  -44.106  56.026  -21.390 0.0000000000
129496  -45.091  55.582  -19.753 0.0000000000
113544  -45.891  55.763  -19.056 0.0000000000
127615  -46.816  56.145  -18.657 0.0000000000
143913  -48.526  56.131  -17.895 0.0000000000
113014  -49.214  55.683  -17.821 0.0000000000
113533  -50.783  56.241  -18.146 0.0000000000
113534  -51.506  55.911  -18.360 0.0000000000
113029  -50.365  55.168  -22.227 0.0000000000
113026  -51.200  55.271  -21.185 0.0000000000
113027  -52.091  54.640  -21.323 0.0000000000
112476  -53.202  53.451  -21.585 0.0000000000
111959  -54.007  52.156  -22.000 0.0000000000
111391  -54.150  51.460  -22.706 0.0000000000
111963  -54.052  52.109  -22.894 0.0000000000
144138  -53.870  51.686  -23.652 0.0000000000
149817  -53.089  50.800  -24.688 0.0000000000
111420  -53.029  51.321  -24.956 0.0000000000
111969  -53.101  52.081  -25.368 0.0000000000
104643  -44.318  41.838  -6.220 0.0000000000
129229  -43.938  41.239  -5.531 0.0000000000
103946  -44.041  40.282  -4.574 0.0000000000
148405  -47.092  39.064  -2.930 0.0000000000
103260  -47.811  39.050  -2.796 0.0000000000
103278  -48.472  39.480  -3.343 0.0000000000
129830  -50.025  41.365  -5.867 0.0000000000
103966  -49.760  40.834  -5.254 0.0000000000
103967  -50.676  41.030  -5.301 0.0000000000
103952  -51.049  40.431  -3.879 0.0000000000
103936  -51.719  40.378  -3.281 0.0000000000
103922  -52.200  40.193  -2.618 0.0000000000
135463  -52.777  40.686  -3.196 0.0000000000
104608  -54.254  41.189  -3.395 0.0000000000
110043  -46.339  50.042  -10.504 0.0000000000
110044  -47.621  50.504  -9.771 0.0000000000
110045  -48.622  50.769  -9.216 0.0000000000
108223  -49.961  46.202  -17.935 0.0000000000
108213  -49.479  46.699  -17.485 0.0000000000
108214  -50.050  46.166  -17.132 0.0000000000
108207  -50.287  46.261  -16.345 0.0000000000
108187  -51.092  46.767  -14.790 0.0000000000
108801  -54.182  47.338  -13.176 0.0000000000
108800  -53.339  47.707  -13.112 0.0000000000
108789  -53.897  48.123  -11.958 0.0000000000
109396  -53.442  48.845  -11.280 0.0000000000
110046  -52.671  50.389  -10.544 0.0000000000
110702  -52.012  51.061  -9.109 0.0000000000
110034  -53.352  50.033  -9.047 0.0000000000
109382  -53.137  49.192  -8.376 0.0000000000
108771  -51.680  48.156  -8.165 0.0000000000
108150  -51.795  47.140  -8.743 0.0000000000
108774  -52.817  47.458  -8.824 0.0000000000
107536  -52.487  45.904  -9.466 0.0000000000
106913  -52.762  44.979  -9.740 0.0000000000
105467  -55.754  42.134  -9.114 0.0000000000
105477  -55.034  42.766  -9.606 0.0000000000
105460  -55.606  41.936  -8.241 0.0000000000
105443  -55.535  41.740  -7.395 0.0000000000
104654  -55.560  41.504  -6.575 0.0000000000
104636  -55.566  41.260  -5.723 0.0000000000
103301  -55.805  40.480  -5.198 0.0000000000
103300  -55.667  40.036  -5.256 0.0000000000
124806  -55.117  39.697  -5.723 0.0000000000
103305  -54.361  39.478  -6.140 0.0000000000
103347  -54.098  39.605  -9.910 0.0000000000
103329  -53.471  39.515  -8.760 0.0000000000
103346  -53.200  39.638  -9.450 0.0000000000
142870  -51.968  39.303  -8.174 0.0000000000
145908  -51.309  38.917  -7.667 0.0000000000
102013  -50.403  38.346  -7.421 0.0000000000
102666  -50.535  38.665  -8.234 0.0000000000
102665  -49.861  38.418  -8.616 0.0000000000
104790  -51.665  41.580  -16.445 0.0000000000
104776  -52.283  41.473  -15.801 0.0000000000
104775  -51.397  41.720  -15.465 0.0000000000
104763  -50.405  41.989  -14.972 0.0000000000
104732  -47.136  41.634  -12.178 0.0000000000
150458  -47.192  41.105  -11.525 0.0000000000
142005  -47.306  40.152  -10.568 0.0000000000
103361  -47.884  39.554  -10.065 0.0000000000
146508  -47.348  39.012  -9.729 0.0000000000
102032  -45.519  37.482  -9.441 0.0000000000
102031  -44.760  37.555  -9.567 0.0000000000
98539  -55.719  33.065  1.109 0.0000000000
108877  -53.479  48.007  -22.325 0.0000000000
108887  -53.222  47.226  -22.358 0.0000000000
108256  -54.240  46.412  -23.509 0.0000000000
151663  -54.169  45.300  -23.727 0.0000000000
106340  -53.902  43.652  -24.343 0.0000000000
106352  -53.247  43.146  -25.398 0.0000000000
106353  -53.578  42.845  -25.060 0.0000000000
105626  -53.674  42.179  -24.854 0.0000000000
104878  -53.214  40.660  -24.552 0.0000000000
103449  -52.469  39.129  -24.346 0.0000000000
102735  -51.417  38.474  -23.849 0.0000000000
102719  -51.050  38.460  -22.789 0.0000000000
102728  -50.381  38.664  -23.986 0.0000000000
103430  -48.729  38.804  -23.407 0.0000000000
103429  -47.759  39.008  -23.254 0.0000000000
104135  -48.438  39.841  -23.968 0.0000000000
104134  -47.711  39.541  -23.596 0.0000000000
98524  -49.310  32.242  2.871 0.0000000000
98537  -49.201  32.655  1.794 0.0000000000
99383  -48.817  33.741  -0.053 0.0000000000
99369  -49.719  33.786  0.445 0.0000000000
100051  -50.354  34.522  0.204 0.0000000000
132903  -50.585  35.877  -0.493 0.0000000000
101354  -50.746  36.763  -0.782 0.0000000000
146553  -36.539  57.043  -20.117 0.0000000000
114055  -37.703  56.993  -20.899 0.0000000000
114056  -38.514  56.843  -21.109 0.0000000000
114057  -39.327  56.753  -21.336 0.0000000000
130660  -48.055  56.264  -20.098 0.0000000000
113034  -49.990  55.225  -23.135 0.0000000000
113035  -51.195  55.088  -23.388 0.0000000000
112482  -52.391  54.699  -24.258 0.0000000000
113039  -51.798  55.374  -24.322 0.0000000000
131308  -51.350  56.242  -25.354 0.0000000000
105437  -48.735  42.136  -6.924 0.0000000000
104648  -49.380  41.742  -6.420 0.0000000000
104649  -50.409  41.926  -6.510 0.0000000000
105440  -51.178  42.341  -6.945 0.0000000000
110080  -46.918  49.415  -13.623 0.0000000000
110081  -48.223  49.455  -12.798 0.0000000000
155935  -53.340  44.261  -17.280 0.0000000000
106957  -52.205  44.987  -16.905 0.0000000000
146084  -53.871  44.818  -16.520 0.0000000000
107590  -54.122  45.318  -15.994 0.0000000000
107573  -54.662  46.022  -14.896 0.0000000000
106951  -55.307  44.682  -15.675 0.0000000000
107574  -55.119  45.676  -14.791 0.0000000000
108180  -54.535  46.779  -13.749 0.0000000000
108802  -54.524  46.935  -13.197 0.0000000000
108162  -54.233  47.197  -12.040 0.0000000000
108161  -53.966  46.795  -11.407 0.0000000000
107544  -53.602  46.165  -10.863 0.0000000000
138757  -53.994  45.838  -11.582 0.0000000000
106926  -54.222  44.791  -11.732 0.0000000000
106253  -54.491  43.728  -11.215 0.0000000000
106259  -55.473  43.098  -12.506 0.0000000000
105496  -55.265  43.007  -11.570 0.0000000000
104683  -56.444  41.547  -9.586 0.0000000000
104670  -56.680  40.833  -9.197 0.0000000000
150649  -56.674  40.343  -8.889 0.0000000000
126588  -55.860  39.764  -8.117 0.0000000000
103350  -56.561  39.701  -9.506 0.0000000000
147320  -55.742  39.370  -9.456 0.0000000000
124444  -54.993  39.393  -9.623 0.0000000000
103375  -56.238  39.617  -11.618 0.0000000000
103368  -55.682  39.440  -11.030 0.0000000000
126934  -54.925  39.480  -10.414 0.0000000000
103367  -54.110  39.772  -10.446 0.0000000000
104018  -52.204  40.278  -10.386 0.0000000000
105549  -48.932  42.373  -15.471 0.0000000000
105548  -47.983  42.536  -15.590 0.0000000000
105520  -46.963  42.420  -13.747 0.0000000000
104749  -46.600  42.080  -12.928 0.0000000000
104731  -46.155  41.649  -12.254 0.0000000000
104709  -45.674  41.183  -11.703 0.0000000000
149975  -48.087  51.342  -18.103 0.0000000000
110775  -48.180  50.463  -18.166 0.0000000000
110142  -48.538  49.568  -18.504 0.0000000000
109469  -48.856  48.754  -18.770 0.0000000000
108856  -49.276  47.447  -18.695 0.0000000000
108857  -49.630  47.712  -19.557 0.0000000000
141238  -49.934  46.339  -18.616 0.0000000000
126574  -50.402  45.678  -18.493 0.0000000000
107607  -50.998  44.897  -18.662 0.0000000000
106975  -51.674  44.212  -18.792 0.0000000000
108246  -52.902  46.396  -22.305 0.0000000000
107620  -52.484  45.427  -22.080 0.0000000000
106986  -52.034  44.560  -21.423 0.0000000000
148500  -53.414  42.965  -22.884 0.0000000000
106326  -52.499  43.557  -21.499 0.0000000000
106320  -51.967  43.924  -20.731 0.0000000000
106311  -51.859  43.848  -19.742 0.0000000000
106976  -52.276  43.647  -18.908 0.0000000000
106970  -52.429  43.963  -18.201 0.0000000000
106303  -54.082  43.174  -18.305 0.0000000000
105578  -54.656  42.532  -18.824 0.0000000000
105579  -55.383  42.210  -18.515 0.0000000000
104836  -55.443  41.180  -19.658 0.0000000000
105589  -55.648  41.536  -18.916 0.0000000000
105580  -55.726  41.889  -18.193 0.0000000000
104811  -55.773  41.588  -17.744 0.0000000000
104074  -55.581  41.249  -17.471 0.0000000000
104058  -55.170  41.192  -16.373 0.0000000000
104779  -54.906  41.101  -16.104 0.0000000000
104793  -54.543  40.984  -16.787 0.0000000000
104792  -53.673  41.095  -16.754 0.0000000000
104809  -53.220  40.957  -17.500 0.0000000000
104083  -52.530  40.433  -19.102 0.0000000000
104808  -52.030  41.293  -17.487 0.0000000000
104807  -51.008  41.454  -17.870 0.0000000000
135149  -50.188  41.820  -17.369 0.0000000000
104788  -49.160  42.121  -17.135 0.0000000000
103418  -50.611  38.774  -22.240 0.0000000000
145214  -49.658  39.416  -21.325 0.0000000000
145249  -49.903  39.980  -20.630 0.0000000000
104113  -47.954  39.467  -21.231 0.0000000000
104096  -48.546  40.288  -20.360 0.0000000000
104834  -49.177  40.918  -19.559 0.0000000000
98512  -50.273  32.102  3.688 0.0000000000
127844  -51.236  32.062  3.896 0.0000000000
136952  -51.902  32.388  3.531 0.0000000000
98526  -52.552  32.739  3.246 0.0000000000
137899  -53.178  32.570  3.229 0.0000000000
99347  -54.497  33.071  2.703 0.0000000000
98528  -55.314  33.177  1.928 0.0000000000
99362  -55.408  33.862  1.736 0.0000000000
100046  -55.565  34.636  1.170 0.0000000000
100709  -55.515  35.505  0.902 0.0000000000
100707  -54.654  35.719  1.274 0.0000000000
100708  -55.195  35.766  1.096 0.0000000000
100721  -55.497  36.184  0.623 0.0000000000
101347  -55.487  37.020  0.384 0.0000000000
127018  -55.686  37.323  -0.147 0.0000000000
101960  -55.766  38.311  -0.695 0.0000000000
113510  -36.088  55.728  -17.188 0.0000000000
113521  -37.274  55.665  -18.182 0.0000000000
113511  -37.049  55.501  -17.406 0.0000000000
128118  -37.612  55.239  -16.801 0.0000000000
113498  -38.096  54.996  -16.083 0.0000000000
112992  -39.361  54.436  -15.493 0.0000000000
112993  -40.116  54.196  -15.657 0.0000000000
112994  -40.829  53.944  -15.986 0.0000000000
112451  -41.965  53.347  -16.408 0.0000000000
112453  -42.688  53.458  -16.767 0.0000000000
113508  -41.768  54.567  -17.144 0.0000000000
113001  -43.007  54.115  -17.197 0.0000000000
145954  -44.039  52.780  -16.921 0.0000000000
111939  -44.734  53.080  -17.253 0.0000000000
111941  -46.186  52.537  -17.475 0.0000000000
113555  -41.354  55.732  -20.543 0.0000000000
113540  -41.797  55.319  -19.716 0.0000000000
113526  -42.975  55.102  -18.658 0.0000000000
113517  -44.155  55.014  -17.954 0.0000000000
152388  -45.117  55.469  -18.942 0.0000000000
113528  -44.686  55.281  -18.406 0.0000000000
113007  -45.222  54.617  -17.627 0.0000000000
112459  -46.556  53.699  -17.703 0.0000000000
111942  -47.127  52.755  -17.792 0.0000000000
133365  -47.673  51.951  -17.891 0.0000000000
111352  -48.418  52.100  -18.228 0.0000000000
151044  -49.141  52.163  -18.532 0.0000000000
127648  -49.568  51.456  -19.043 0.0000000000
140812  -49.911  53.472  -18.286 0.0000000000
111354  -50.569  52.206  -19.134 0.0000000000
111360  -50.465  51.202  -19.595 0.0000000000
142607  -51.186  50.980  -19.982 0.0000000000
110164  -51.820  49.669  -20.849 0.0000000000
110165  -52.731  49.653  -21.201 0.0000000000
113560  -50.205  56.721  -19.253 0.0000000000
113561  -51.094  56.576  -18.965 0.0000000000
113019  -52.188  55.344  -18.819 0.0000000000
113023  -52.422  54.919  -20.159 0.0000000000
112472  -52.523  54.937  -19.491 0.0000000000
111951  -52.993  53.011  -19.789 0.0000000000
110804  -53.404  51.099  -20.887 0.0000000000
110177  -53.498  49.402  -21.819 0.0000000000
109510  -53.770  48.704  -22.381 0.0000000000
109523  -54.173  48.635  -22.987 0.0000000000
137060  -54.258  47.943  -24.380 0.0000000000
110197  -53.941  49.625  -23.795 0.0000000000
109542  -54.052  48.530  -24.442 0.0000000000
108291  -53.864  46.667  -25.545 0.0000000000
108290  -53.140  46.600  -25.738 0.0000000000
108278  -52.274  46.594  -25.489 0.0000000000
132785  -51.741  49.824  -24.921 0.0000000000
112485  -53.312  53.411  -25.985 0.0000000000
134311  -47.782  36.231  -1.499 0.0000000000
102605  -47.597  38.148  -1.979 0.0000000000
101968  -48.005  37.597  -1.718 0.0000000000
101364  -49.156  36.823  -1.389 0.0000000000
101365  -49.939  37.052  -1.243 0.0000000000
146962  -50.522  37.497  -1.157 0.0000000000
127184  -47.484  40.101  -4.575 0.0000000000
103279  -49.211  39.399  -2.946 0.0000000000
136020  -50.157  40.224  -3.997 0.0000000000
103934  -49.494  39.846  -3.564 0.0000000000
130052  -49.421  39.020  -2.489 0.0000000000
102608  -50.119  38.411  -1.793 0.0000000000
101971  -50.729  38.146  -1.369 0.0000000000
101366  -51.246  37.687  -0.895 0.0000000000
101958  -52.195  38.036  -0.571 0.0000000000
101959  -53.219  38.399  -0.260 0.0000000000
102592  -54.177  38.736  -0.061 0.0000000000
102610  -53.570  39.160  -0.614 0.0000000000
102593  -54.974  38.864  -0.084 0.0000000000
102611  -55.814  39.164  -1.021 0.0000000000
149644  -55.858  38.914  -1.372 0.0000000000
109375  -45.758  49.130  -8.100 0.0000000000
108767  -47.392  48.013  -8.048 0.0000000000
110132  -47.991  49.517  -17.810 0.0000000000
109448  -47.932  48.267  -16.045 0.0000000000
108834  -49.061  47.232  -16.159 0.0000000000
108833  -48.521  47.757  -15.643 0.0000000000
109438  -48.019  48.366  -15.166 0.0000000000
109424  -48.257  48.572  -14.265 0.0000000000
109408  -48.641  48.900  -13.414 0.0000000000
110082  -49.148  49.395  -12.654 0.0000000000
107580  -52.224  45.643  -16.011 0.0000000000
108199  -51.643  46.258  -15.381 0.0000000000
108815  -51.594  47.174  -14.047 0.0000000000
148435  -52.547  48.192  -12.774 0.0000000000
109411  -51.594  48.296  -12.907 0.0000000000
108799  -51.054  47.794  -13.558 0.0000000000
109400  -50.146  49.211  -12.520 0.0000000000
110070  -48.665  49.931  -12.008 0.0000000000
110056  -48.987  50.411  -11.233 0.0000000000
110722  -49.456  50.919  -9.979 0.0000000000
110699  -49.533  50.924  -8.787 0.0000000000
110701  -51.105  51.104  -8.685 0.0000000000
110031  -49.875  50.475  -8.121 0.0000000000
110030  -48.861  50.426  -8.317 0.0000000000
109378  -48.553  49.240  -7.809 0.0000000000
108768  -48.499  48.167  -8.087 0.0000000000
108148  -48.918  46.037  -8.968 0.0000000000
107528  -49.697  45.254  -9.080 0.0000000000
108149  -50.812  46.624  -8.846 0.0000000000
106910  -50.484  44.963  -9.116 0.0000000000
106900  -50.115  44.427  -8.807 0.0000000000
106224  -50.641  43.822  -8.433 0.0000000000
105456  -51.685  42.699  -7.455 0.0000000000
128700  -52.176  42.249  -6.820 0.0000000000
106234  -52.981  44.016  -9.341 0.0000000000
106228  -54.215  43.110  -9.184 0.0000000000
106227  -53.454  43.375  -8.855 0.0000000000
106226  -52.638  43.628  -8.662 0.0000000000
138831  -53.013  42.642  -7.569 0.0000000000
105457  -52.469  42.558  -7.359 0.0000000000
104651  -52.831  41.899  -6.091 0.0000000000
148101  -53.414  41.703  -5.396 0.0000000000
104617  -54.224  41.497  -4.113 0.0000000000
104609  -54.837  41.214  -3.743 0.0000000000
103939  -54.871  40.854  -3.105 0.0000000000
103916  -55.554  40.156  -2.102 0.0000000000
103266  -55.779  39.525  -1.843 0.0000000000
101977  -55.245  38.436  -2.340 0.0000000000
101976  -54.480  37.964  -2.699 0.0000000000
102633  -54.709  39.121  -4.279 0.0000000000
101983  -54.164  38.421  -3.613 0.0000000000
128824  -53.727  37.573  -3.087 0.0000000000
101982  -53.050  37.658  -3.710 0.0000000000
101386  -52.288  37.334  -4.197 0.0000000000
103318  -55.521  39.780  -7.341 0.0000000000
103317  -54.766  39.561  -7.632 0.0000000000
103316  -53.788  39.489  -7.963 0.0000000000
102637  -52.106  38.322  -5.278 0.0000000000
101388  -51.037  36.987  -4.947 0.0000000000
139694  -50.414  36.443  -5.283 0.0000000000
100757  -49.863  35.753  -5.598 0.0000000000
102003  -49.432  37.084  -6.670 0.0000000000
104766  -54.689  41.212  -15.068 0.0000000000
104765  -53.842  41.298  -14.289 0.0000000000
104756  -53.894  41.218  -13.352 0.0000000000
143555  -52.119  41.541  -14.946 0.0000000000
104755  -53.022  41.377  -13.749 0.0000000000
150761  -53.134  41.344  -13.027 0.0000000000
104715  -52.205  41.181  -11.832 0.0000000000
104037  -51.695  40.915  -11.139 0.0000000000
155549  -50.865  40.530  -10.564 0.0000000000
151016  -49.028  42.313  -14.670 0.0000000000
146397  -49.920  41.609  -12.464 0.0000000000
104036  -50.119  40.981  -11.191 0.0000000000
102664  -49.270  38.311  -8.893 0.0000000000
102679  -48.089  38.687  -9.524 0.0000000000
102034  -48.511  37.982  -8.989 0.0000000000
102023  -48.206  37.307  -8.379 0.0000000000
98514  -52.500  32.352  3.480 0.0000000000
98515  -54.419  32.834  2.712 0.0000000000
98516  -54.901  33.000  2.420 0.0000000000
98540  -55.985  33.497  0.664 0.0000000000
99353  -54.582  33.427  2.511 0.0000000000
100036  -55.047  33.805  2.147 0.0000000000
100043  -54.141  34.978  1.572 0.0000000000
101363  -48.330  36.882  -1.525 0.0000000000
101949  -54.864  37.763  0.526 0.0000000000
101972  -55.551  38.001  -1.615 0.0000000000
101973  -55.781  38.366  -1.305 0.0000000000
102022  -47.490  36.974  -8.579 0.0000000000
102594  -55.557  38.679  -0.322 0.0000000000
102607  -49.314  38.091  -1.778 0.0000000000
102628  -55.691  39.527  -2.481 0.0000000000
102720  -51.952  38.518  -22.555 0.0000000000
102722  -53.377  38.620  -22.503 0.0000000000
102729  -50.679  38.390  -23.411 0.0000000000
102730  -51.625  38.356  -23.176 0.0000000000
102736  -52.172  38.398  -23.436 0.0000000000
102737  -52.996  38.498  -23.334 0.0000000000
103239  -55.285  39.349  -0.693 0.0000000000
103245  -54.004  39.772  -1.065 0.0000000000
103262  -50.158  38.960  -2.247 0.0000000000
103264  -52.649  39.893  -1.926 0.0000000000
103277  -46.681  39.326  -3.439 0.0000000000
103281  -51.102  39.939  -2.809 0.0000000000
103292  -55.455  39.550  -3.863 0.0000000000
103332  -56.186  39.627  -8.993 0.0000000000
103333  -56.589  39.933  -8.925 0.0000000000
103348  -55.725  39.321  -10.223 0.0000000000
103349  -56.266  39.439  -9.864 0.0000000000
103397  -55.161  39.978  -20.063 0.0000000000
103402  -47.416  38.858  -22.140 0.0000000000
103404  -50.357  39.185  -21.613 0.0000000000
103406  -52.537  39.270  -21.116 0.0000000000
103407  -53.491  39.284  -20.913 0.0000000000
103409  -54.896  39.662  -20.811 0.0000000000
103422  -54.558  39.321  -21.597 0.0000000000
103431  -49.693  38.571  -23.493 0.0000000000
103433  -54.178  38.953  -22.346 0.0000000000
103440  -51.792  38.827  -24.270 0.0000000000
103441  -52.320  38.583  -23.900 0.0000000000
103442  -53.598  39.011  -23.520 0.0000000000
103447  -50.999  39.575  -24.724 0.0000000000
103448  -51.723  39.399  -24.631 0.0000000000
103914  -54.411  40.192  -1.488 0.0000000000
103925  -55.011  40.610  -2.381 0.0000000000
103961  -44.432  40.727  -5.102 0.0000000000
103973  -55.838  40.750  -5.583 0.0000000000
103990  -56.460  40.278  -8.416 0.0000000000
104033  -47.622  40.718  -11.093 0.0000000000
104034  -48.411  40.824  -11.140 0.0000000000
104052  -55.349  41.218  -15.445 0.0000000000
104054  -56.073  41.255  -14.338 0.0000000000
104060  -55.867  41.675  -15.744 0.0000000000
104065  -55.287  41.095  -17.195 0.0000000000
104066  -55.439  41.356  -16.746 0.0000000000
104072  -54.811  40.522  -18.170 0.0000000000
104075  -55.699  41.577  -17.012 0.0000000000
104086  -55.223  40.395  -18.815 0.0000000000
104087  -55.606  40.780  -18.704 0.0000000000
104095  -47.486  40.001  -20.647 0.0000000000
104097  -49.573  40.421  -20.156 0.0000000000
104103  -55.325  40.427  -19.371 0.0000000000
104129  -54.396  39.972  -23.015 0.0000000000
104138  -54.197  39.252  -22.971 0.0000000000
104146  -52.485  39.967  -24.694 0.0000000000
104610  -55.265  41.092  -4.076 0.0000000000
104633  -53.427  41.509  -4.695 0.0000000000
104635  -55.030  41.587  -5.205 0.0000000000
104693  -56.550  41.559  -10.533 0.0000000000
104694  -56.831  40.744  -11.240 0.0000000000
104710  -46.505  41.166  -11.636 0.0000000000
104713  -49.576  41.332  -11.852 0.0000000000
104736  -51.784  41.503  -12.590 0.0000000000
104737  -52.700  41.297  -12.480 0.0000000000
104758  -56.245  41.200  -13.627 0.0000000000
104794  -54.825  40.968  -16.806 0.0000000000
104795  -55.862  42.035  -16.377 0.0000000000
104810  -54.222  40.767  -17.488 0.0000000000
104812  -55.698  41.640  -17.038 0.0000000000
104825  -50.751  41.183  -18.693 0.0000000000
104837  -55.645  40.902  -19.181 0.0000000000
104846  -55.168  40.796  -20.459 0.0000000000
104860  -47.212  40.256  -23.273 0.0000000000
104869  -53.901  40.475  -23.815 0.0000000000
104876  -52.569  41.911  -25.296 0.0000000000
104877  -53.240  41.556  -25.051 0.0000000000
105442  -54.879  42.028  -6.900 0.0000000000
105454  -48.961  42.593  -7.361 0.0000000000
105455  -49.550  42.815  -7.567 0.0000000000
105478  -55.893  42.270  -10.029 0.0000000000
105524  -56.230  41.900  -13.718 0.0000000000
105534  -47.300  42.616  -14.758 0.0000000000
105537  -56.199  42.565  -14.498 0.0000000000
105560  -48.528  42.374  -16.361 0.0000000000
105562  -55.868  42.552  -16.340 0.0000000000
105572  -55.676  42.289  -17.446 0.0000000000
105606  -53.695  41.974  -21.644 0.0000000000
105617  -50.191  42.591  -24.178 0.0000000000
105618  -53.829  42.005  -24.177 0.0000000000
105632  -53.266  42.379  -25.309 0.0000000000
106225  -51.647  43.885  -8.584 0.0000000000
106267  -55.703  43.960  -13.860 0.0000000000
106277  -55.919  43.559  -15.684 0.0000000000
106291  -53.453  43.837  -17.758 0.0000000000
106292  -54.495  43.562  -17.540 0.0000000000
106293  -55.165  43.308  -17.266 0.0000000000
106294  -55.526  43.016  -16.999 0.0000000000
106302  -53.074  43.415  -18.596 0.0000000000
106304  -54.954  42.873  -18.018 0.0000000000
106312  -52.704  43.209  -19.426 0.0000000000
106321  -52.441  43.224  -20.394 0.0000000000
106331  -53.119  43.627  -22.461 0.0000000000
106346  -53.794  42.852  -24.611 0.0000000000
106899  -49.240  44.414  -8.788 0.0000000000
106945  -55.592  44.711  -15.180 0.0000000000
106950  -55.315  45.172  -15.148 0.0000000000
106958  -53.201  44.613  -16.895 0.0000000000
106969  -51.668  44.613  -17.861 0.0000000000
106992  -53.450  44.390  -22.881 0.0000000000
107015  -53.183  44.001  -25.501 0.0000000000
107016  -53.817  44.585  -25.373 0.0000000000
107534  -50.587  45.691  -9.113 0.0000000000
107551  -54.601  46.722  -12.789 0.0000000000
107582  -54.250  45.765  -15.418 0.0000000000
107589  -53.156  45.170  -16.323 0.0000000000
107603  -50.885  45.135  -17.949 0.0000000000
107628  -53.394  45.743  -22.683 0.0000000000
107629  -54.015  45.837  -23.279 0.0000000000
107638  -54.319  45.184  -24.414 0.0000000000
107639  -54.340  45.879  -24.760 0.0000000000
107646  -51.851  45.851  -25.296 0.0000000000
107654  -52.742  45.845  -25.694 0.0000000000
108145  -50.988  47.444  -8.476 0.0000000000
108181  -54.899  46.359  -13.608 0.0000000000
108188  -52.164  46.661  -14.615 0.0000000000
108189  -53.309  46.651  -14.492 0.0000000000
108190  -54.300  46.549  -14.386 0.0000000000
108191  -54.880  46.248  -14.298 0.0000000000
108198  -50.644  46.457  -15.563 0.0000000000
108206  -49.557  46.680  -16.655 0.0000000000
108222  -49.533  46.786  -18.286 0.0000000000
108229  -49.725  46.876  -19.063 0.0000000000
108236  -50.529  46.202  -20.088 0.0000000000
108255  -53.789  46.601  -22.841 0.0000000000
108279  -54.260  46.573  -25.040 0.0000000000
108772  -52.667  48.324  -8.317 0.0000000000
108776  -53.711  48.139  -9.635 0.0000000000
108841  -48.436  47.750  -16.510 0.0000000000
108848  -48.432  47.977  -17.430 0.0000000000
108888  -53.904  47.509  -22.772 0.0000000000
108889  -54.259  47.909  -23.229 0.0000000000
108900  -54.349  47.562  -23.930 0.0000000000
108913  -54.292  47.285  -24.658 0.0000000000
108921  -53.430  47.317  -25.539 0.0000000000
108922  -53.878  47.351  -25.375 0.0000000000
108923  -54.120  47.139  -25.195 0.0000000000
109380  -51.090  49.113  -7.696 0.0000000000
109391  -53.727  48.720  -9.980 0.0000000000
109393  -53.672  48.820  -10.596 0.0000000000
109410  -50.570  48.471  -13.063 0.0000000000
109496  -51.549  48.399  -21.188 0.0000000000
109508  -52.325  48.467  -21.541 0.0000000000
109524  -54.244  48.419  -23.763 0.0000000000
109548  -52.428  48.723  -25.150 0.0000000000
109549  -53.069  48.133  -25.338 0.0000000000
109550  -53.606  48.540  -24.925 0.0000000000
109551  -54.063  47.828  -24.977 0.0000000000
110016  -51.549  50.056  -7.740 0.0000000000
110032  -50.861  50.629  -8.042 0.0000000000
110033  -51.849  50.749  -8.225 0.0000000000
110047  -53.274  50.028  -10.140 0.0000000000
110058  -51.524  50.227  -11.332 0.0000000000
110059  -52.386  50.015  -11.215 0.0000000000
110060  -53.062  49.715  -10.913 0.0000000000
110061  -53.406  49.388  -10.574 0.0000000000
110131  -47.469  49.487  -17.162 0.0000000000
110176  -52.770  49.034  -21.512 0.0000000000
110189  -54.091  49.034  -23.982 0.0000000000
110205  -53.211  49.554  -24.687 0.0000000000
110211  -53.054  48.972  -24.970 0.0000000000
110700  -50.316  50.979  -8.450 0.0000000000
110703  -52.778  50.661  -9.620 0.0000000000
110715  -52.067  50.904  -10.158 0.0000000000
110724  -51.335  50.787  -10.711 0.0000000000
110790  -50.523  50.304  -20.029 0.0000000000
110791  -52.052  51.205  -20.212 0.0000000000
110802  -51.474  50.341  -20.394 0.0000000000
110828  -54.148  50.645  -22.897 0.0000000000
110839  -53.863  50.308  -23.641 0.0000000000
110850  -53.515  49.951  -24.229 0.0000000000
111348  -46.272  51.613  -17.215 0.0000000000
111353  -48.693  51.316  -18.528 0.0000000000
111362  -52.604  52.060  -19.980 0.0000000000
111371  -53.733  51.536  -21.152 0.0000000000
111404  -53.456  51.223  -24.320 0.0000000000
111934  -42.462  52.853  -16.446 0.0000000000
111935  -43.170  52.617  -16.607 0.0000000000
111940  -45.365  52.627  -17.251 0.0000000000
111946  -50.665  53.200  -18.616 0.0000000000
111950  -52.296  53.705  -19.061 0.0000000000
112450  -41.245  53.141  -15.843 0.0000000000
112454  -43.479  53.457  -17.026 0.0000000000
112469  -52.717  54.242  -19.362 0.0000000000
112470  -53.156  53.463  -20.229 0.0000000000
112475  -52.651  53.905  -21.825 0.0000000000
112480  -53.036  53.448  -22.651 0.0000000000
112995  -41.441  53.803  -16.366 0.0000000000
112999  -41.226  54.258  -16.640 0.0000000000
113005  -43.461  54.621  -17.661 0.0000000000
113011  -45.773  55.231  -17.820 0.0000000000
113015  -50.193  55.638  -17.873 0.0000000000
113016  -51.161  55.443  -18.018 0.0000000000
113017  -51.785  55.206  -18.365 0.0000000000
113022  -52.120  55.631  -19.404 0.0000000000
113492  -36.090  54.692  -15.075 0.0000000000
113504  -36.851  55.345  -16.765 0.0000000000
113515  -41.548  54.855  -17.544 0.0000000000
113518  -44.970  55.077  -17.898 0.0000000000
113529  -45.460  55.458  -18.300 0.0000000000
113531  -48.758  56.625  -18.366 0.0000000000
113542  -43.551  55.374  -19.492 0.0000000000
113549  -51.136  56.402  -18.495 0.0000000000
113550  -51.666  56.136  -18.810 0.0000000000
113552  -37.992  56.088  -19.832 0.0000000000
113553  -38.703  55.931  -20.044 0.0000000000
113554  -39.498  55.820  -20.263 0.0000000000
113559  -49.107  56.589  -19.615 0.0000000000
113563  -40.704  56.179  -21.086 0.0000000000
113570  -49.825  56.140  -20.299 0.0000000000
113606  -49.860  56.025  -25.224 0.0000000000
114036  -35.136  55.971  -16.993 0.0000000000
114043  -36.637  56.098  -18.573 0.0000000000
114052  -39.821  56.181  -20.964 0.0000000000
114551  -37.361  57.671  -21.271 0.0000000000
124950  -48.951  40.695  -5.229 0.0000000000
125934  -49.419  38.922  -23.974 0.0000000000
127253  -55.739  40.874  -13.615 0.0000000000
127345  -53.774  43.652  -25.070 0.0000000000
127630  -38.592  55.273  -17.798 0.0000000000
130337  -49.709  50.631  -10.969 0.0000000000
130686  -48.956  40.700  -23.985 0.0000000000
131850  -54.050  49.903  -23.075 0.0000000000
132492  -50.070  46.896  -19.849 0.0000000000
132535  -46.086  49.774  -11.059 0.0000000000
132771  -50.663  41.920  -16.151 0.0000000000
132943  -47.396  56.421  -19.025 0.0000000000
133269  -56.336  40.218  -12.239 0.0000000000
133477  -49.161  38.575  -23.050 0.0000000000
133484  -46.652  49.533  -12.835 0.0000000000
134261  -53.775  39.106  -21.293 0.0000000000
134675  -54.376  46.482  -12.178 0.0000000000
135055  -52.612  50.652  -8.699 0.0000000000
135760  -55.236  45.648  -13.656 0.0000000000
136555  -53.843  41.609  -23.309 0.0000000000
138393  -54.019  50.212  -22.168 0.0000000000
139353  -55.908  44.036  -15.192 0.0000000000
139427  -55.291  40.771  -3.593 0.0000000000
139531  -55.727  39.915  -2.473 0.0000000000
140321  -47.509  39.388  -3.427 0.0000000000
141059  -53.127  45.009  -25.665 0.0000000000
141740  -53.174  53.650  -20.733 0.0000000000
141843  -52.390  46.628  -9.101 0.0000000000
142376  -52.811  33.235  2.842 0.0000000000
142927  -55.627  33.543  1.325 0.0000000000
142987  -54.070  47.782  -11.832 0.0000000000
144051  -52.527  46.988  -21.967 0.0000000000
144744  -55.767  41.058  -18.142 0.0000000000
145118  -46.849  40.640  -11.103 0.0000000000
145588  -41.338  55.042  -18.159 0.0000000000
146510  -45.110  55.748  -20.587 0.0000000000
147077  -51.012  41.731  -17.034 0.0000000000
147242  -46.983  55.948  -18.088 0.0000000000
148172  -47.472  56.351  -19.638 0.0000000000
148255  -51.551  38.539  -6.321 0.0000000000
148461  -53.093  39.379  -7.505 0.0000000000
149362  -52.876  51.384  -20.445 0.0000000000
149750  -55.883  41.448  -15.118 0.0000000000
150212  -53.981  48.165  -22.726 0.0000000000
150763  -44.884  55.897  -21.408 0.0000000000
150957  -51.091  42.496  -24.803 0.0000000000
151478  -54.649  46.298  -12.627 0.0000000000
151493  -49.857  52.504  -18.694 0.0000000000
151819  -49.143  48.098  -18.984 0.0000000000
151884  -49.571  35.257  -0.659 0.0000000000
152116  -55.391  36.011  0.842 0.0000000000
152905  -52.274  47.756  -8.487 0.0000000000
154865  -53.027  35.466  -2.983 0.0000000000
155574  -49.183  50.671  -10.682 0.0000000000
156090  -55.923  33.876  0.707 0.0000000000
156271  -53.348  38.699  -22.012 0.0000000000
156321  -53.885  47.809  -12.586 0.0000000000
