#!ascii label  , from subject NIHPD_75_135 vox2ras=TkReg
1992
143209  -48.315  -5.918  33.706 0.0000000000
46532  -36.984  -18.177  45.628 0.0000000000
64737  -51.789  -3.213  16.886 0.0000000000
60102  -42.885  -7.691  21.182 0.0000000000
61322  -53.597  -6.639  25.019 0.0000000000
154195  -46.455  -13.697  39.915 0.0000000000
50047  -33.699  -16.783  31.345 0.0000000000
53435  -39.157  -13.810  25.119 0.0000000000
49848  -27.908  -16.342  47.823 0.0000000000
71067  -61.166  3.921  17.467 0.0000000000
50032  -26.570  -16.989  33.747 0.0000000000
60025  -45.534  -7.779  27.698 0.0000000000
126693  -48.115  -6.212  23.938 0.0000000000
61215  -50.679  -6.137  29.681 0.0000000000
55595  -49.500  -10.818  36.328 0.0000000000
51110  -43.701  -15.425  32.507 0.0000000000
55699  -44.681  -12.007  28.932 0.0000000000
55742  -40.860  -11.086  23.251 0.0000000000
72242  -62.223  4.222  13.035 0.0000000000
48752  -32.621  -17.269  47.212 0.0000000000
147481  -27.812  -15.669  40.886 0.0000000000
47751  -32.013  -18.190  39.286 0.0000000000
60140  -54.642  -7.364  19.013 0.0000000000
141611  -42.562  -16.502  42.760 0.0000000000
47774  -36.031  -18.625  37.917 0.0000000000
52201  -39.884  -14.739  35.982 0.0000000000
51151  -36.870  -14.978  29.107 0.0000000000
47627  -24.376  -18.156  49.409 0.0000000000
62470  -58.611  -5.486  24.989 0.0000000000
65737  -58.234  -2.145  20.950 0.0000000000
72126  -58.919  4.368  22.641 0.0000000000
68836  -55.835  1.158  17.331 0.0000000000
143828  -55.982  1.520  11.887 0.0000000000
47750  -23.930  -18.231  41.396 0.0000000000
47843  -30.302  -19.194  32.423 0.0000000000
59964  -46.836  -7.341  31.082 0.0000000000
61249  -47.586  -6.395  28.514 0.0000000000
62397  -48.117  -4.809  31.348 0.0000000000
58857  -49.159  -9.147  34.969 0.0000000000
55646  -47.496  -11.771  32.841 0.0000000000
57820  -47.218  -10.311  32.020 0.0000000000
147907  -45.121  -9.424  28.676 0.0000000000
63715  -50.669  -4.171  14.609 0.0000000000
125002  -51.439  -2.033  14.881 0.0000000000
47662  -34.791  -18.069  46.755 0.0000000000
48814  -32.602  -17.451  43.262 0.0000000000
46585  -35.070  -18.947  42.461 0.0000000000
149678  -43.486  -7.095  19.238 0.0000000000
61336  -50.537  -6.146  23.803 0.0000000000
150642  -48.892  -6.369  21.238 0.0000000000
61363  -51.325  -6.870  21.733 0.0000000000
136220  -52.182  -7.878  18.855 0.0000000000
60105  -53.807  -7.743  21.770 0.0000000000
52149  -44.353  -15.077  41.682 0.0000000000
49968  -42.035  -16.565  40.294 0.0000000000
153823  -43.953  -14.960  37.829 0.0000000000
52259  -41.501  -14.454  28.630 0.0000000000
124359  -39.921  -14.763  30.790 0.0000000000
130277  -37.915  -14.555  26.895 0.0000000000
57902  -41.303  -9.153  21.882 0.0000000000
63627  -59.116  -4.457  22.571 0.0000000000
71042  -58.030  2.757  20.019 0.0000000000
71064  -57.908  2.724  17.195 0.0000000000
69969  -55.903  1.487  14.586 0.0000000000
69959  -59.253  2.248  14.332 0.0000000000
72267  -59.413  3.588  9.318 0.0000000000
127970  -26.063  -18.385  48.110 0.0000000000
153488  -23.954  -18.507  45.203 0.0000000000
48812  -26.001  -17.074  44.520 0.0000000000
132291  -27.136  -16.364  36.950 0.0000000000
49991  -24.899  -16.696  37.825 0.0000000000
48929  -24.331  -17.619  33.655 0.0000000000
48907  -35.098  -17.212  35.069 0.0000000000
46646  -32.956  -19.591  35.237 0.0000000000
47845  -32.491  -18.882  32.565 0.0000000000
60083  -44.362  -7.732  24.155 0.0000000000
61346  -45.259  -6.845  22.784 0.0000000000
61299  -46.670  -6.562  25.580 0.0000000000
127409  -49.710  -5.900  26.462 0.0000000000
61287  -52.225  -6.145  27.368 0.0000000000
53341  -48.304  -12.908  38.100 0.0000000000
50008  -46.335  -15.144  36.066 0.0000000000
131609  -47.492  -14.040  34.303 0.0000000000
52255  -44.565  -13.983  30.612 0.0000000000
53429  -42.080  -13.392  26.984 0.0000000000
53470  -39.677  -13.144  23.604 0.0000000000
55730  -42.450  -11.133  26.013 0.0000000000
57891  -42.732  -9.644  24.913 0.0000000000
71106  -61.384  3.451  14.811 0.0000000000
151402  -63.240  6.763  14.245 0.0000000000
50944  -30.003  -15.492  47.719 0.0000000000
50980  -27.699  -15.576  44.069 0.0000000000
49904  -30.592  -16.511  43.439 0.0000000000
49947  -30.346  -16.746  40.044 0.0000000000
48897  -29.488  -17.201  36.373 0.0000000000
61371  -46.473  -6.424  20.447 0.0000000000
60148  -52.897  -7.235  17.270 0.0000000000
63667  -53.142  -5.176  18.318 0.0000000000
47679  -40.321  -17.683  44.237 0.0000000000
46588  -36.954  -18.875  40.897 0.0000000000
47755  -39.678  -18.147  41.162 0.0000000000
49996  -37.940  -16.153  37.877 0.0000000000
143316  -36.610  -15.702  34.301 0.0000000000
154326  -42.656  -14.765  34.388 0.0000000000
51105  -38.510  -14.681  32.837 0.0000000000
50061  -35.181  -15.701  30.949 0.0000000000
64556  -48.842  -2.992  33.913 0.0000000000
147400  -39.018  -16.297  45.869 0.0000000000
54374  -42.786  -13.266  43.474 0.0000000000
55520  -44.221  -11.373  42.509 0.0000000000
63544  -50.909  -3.656  32.358 0.0000000000
61197  -52.936  -6.963  31.571 0.0000000000
60028  -54.771  -6.442  28.386 0.0000000000
62420  -56.475  -5.326  28.746 0.0000000000
60058  -56.558  -7.236  24.985 0.0000000000
60108  -56.411  -7.118  22.430 0.0000000000
63649  -55.382  -4.798  20.694 0.0000000000
65746  -54.297  -2.881  19.482 0.0000000000
68800  -58.982  0.902  21.256 0.0000000000
67814  -56.354  -0.116  19.403 0.0000000000
67835  -53.691  -0.979  16.929 0.0000000000
67858  -53.187  -0.284  14.531 0.0000000000
71127  -59.457  2.793  12.539 0.0000000000
48777  -22.409  -17.690  45.834 0.0000000000
47769  -21.518  -18.414  38.709 0.0000000000
49942  -25.509  -16.645  40.816 0.0000000000
144791  -23.157  -17.792  38.526 0.0000000000
46614  -33.944  -19.694  38.555 0.0000000000
47792  -31.475  -19.300  36.202 0.0000000000
48933  -28.392  -17.763  33.106 0.0000000000
47879  -27.532  -18.694  29.912 0.0000000000
61181  -47.201  -7.443  32.069 0.0000000000
61196  -47.276  -6.435  31.424 0.0000000000
62396  -47.607  -5.640  31.980 0.0000000000
139301  -48.756  -8.220  34.305 0.0000000000
57802  -48.354  -10.051  33.937 0.0000000000
59954  -47.395  -8.525  32.639 0.0000000000
59963  -46.706  -8.550  31.345 0.0000000000
63690  -51.687  -5.051  16.532 0.0000000000
64749  -50.868  -3.712  15.260 0.0000000000
64762  -50.642  -3.402  14.344 0.0000000000
65779  -51.638  -2.315  15.781 0.0000000000
46530  -35.622  -18.171  46.127 0.0000000000
46563  -34.895  -18.474  44.609 0.0000000000
148452  -35.977  -18.613  44.392 0.0000000000
140481  -42.095  -7.918  19.766 0.0000000000
60111  -43.231  -7.380  20.503 0.0000000000
61337  -51.983  -6.439  24.001 0.0000000000
141473  -51.364  -6.377  23.425 0.0000000000
61351  -52.299  -6.881  23.069 0.0000000000
60095  -53.076  -7.451  22.347 0.0000000000
60084  -53.256  -7.296  23.261 0.0000000000
129967  -45.297  -14.461  40.707 0.0000000000
49971  -44.495  -15.925  39.903 0.0000000000
49953  -45.596  -15.325  39.877 0.0000000000
135980  -40.137  -14.180  26.682 0.0000000000
52271  -39.275  -14.538  27.970 0.0000000000
52302  -38.054  -14.263  26.205 0.0000000000
52318  -36.502  -14.347  25.568 0.0000000000
58969  -41.908  -8.553  21.844 0.0000000000
57905  -40.430  -9.493  20.606 0.0000000000
57911  -40.967  -8.846  20.375 0.0000000000
71055  -59.607  3.648  18.764 0.0000000000
152776  -60.425  3.419  16.729 0.0000000000
146784  -59.010  2.528  15.683 0.0000000000
154038  -60.308  3.121  15.905 0.0000000000
48750  -27.355  -17.332  48.332 0.0000000000
48779  -26.363  -17.621  45.988 0.0000000000
156405  -26.848  -16.924  45.836 0.0000000000
50015  -27.148  -16.625  35.255 0.0000000000
50014  -26.123  -16.597  35.417 0.0000000000
48930  -25.175  -17.315  33.381 0.0000000000
132808  -24.135  -18.756  32.252 0.0000000000
148015  -24.783  -18.672  31.556 0.0000000000
138712  -34.463  -17.225  33.669 0.0000000000
47818  -33.891  -18.036  33.596 0.0000000000
47846  -32.977  -18.194  32.315 0.0000000000
60053  -44.887  -7.797  25.837 0.0000000000
60054  -45.457  -7.237  25.216 0.0000000000
60041  -46.181  -6.830  26.349 0.0000000000
61250  -49.291  -6.120  28.588 0.0000000000
137287  -48.396  -6.215  27.243 0.0000000000
135010  -49.774  -6.179  27.920 0.0000000000
125933  -50.685  -5.839  26.355 0.0000000000
136890  -51.321  -6.381  28.662 0.0000000000
54461  -49.107  -12.126  37.192 0.0000000000
52221  -48.374  -13.626  36.131 0.0000000000
54489  -48.816  -12.079  35.395 0.0000000000
55675  -46.712  -11.864  31.365 0.0000000000
53405  -46.155  -13.362  31.573 0.0000000000
54567  -44.867  -13.038  29.859 0.0000000000
52276  -43.326  -13.596  28.628 0.0000000000
54585  -43.686  -12.501  28.134 0.0000000000
54594  -42.169  -12.669  26.530 0.0000000000
55717  -43.534  -11.752  27.739 0.0000000000
58910  -45.290  -8.742  28.504 0.0000000000
57882  -43.859  -9.429  26.769 0.0000000000
58941  -44.533  -8.518  26.615 0.0000000000
58952  -43.926  -8.335  24.775 0.0000000000
49852  -31.622  -16.710  47.483 0.0000000000
146971  -30.567  -16.358  46.175 0.0000000000
137295  -31.233  -16.844  45.741 0.0000000000
48846  -32.379  -17.699  40.949 0.0000000000
49918  -31.386  -16.923  42.049 0.0000000000
48873  -30.919  -17.211  39.689 0.0000000000
49981  -29.774  -16.842  38.175 0.0000000000
48882  -30.671  -17.475  38.193 0.0000000000
133739  -46.156  -6.557  22.874 0.0000000000
61358  -45.302  -6.625  21.246 0.0000000000
147065  -46.710  -6.413  22.028 0.0000000000
130659  -48.699  -6.545  19.919 0.0000000000
61384  -47.823  -6.409  19.975 0.0000000000
61394  -48.651  -6.785  18.286 0.0000000000
60125  -53.091  -7.840  19.082 0.0000000000
60138  -52.865  -7.681  18.115 0.0000000000
60149  -53.610  -7.258  17.863 0.0000000000
61410  -53.360  -6.592  17.493 0.0000000000
61398  -54.506  -6.679  18.703 0.0000000000
48799  -41.682  -17.022  43.553 0.0000000000
46568  -40.278  -18.235  42.378 0.0000000000
47722  -41.382  -17.698  42.032 0.0000000000
51044  -40.424  -15.286  38.190 0.0000000000
49967  -39.598  -16.291  39.341 0.0000000000
51055  -39.029  -15.207  36.901 0.0000000000
140198  -37.760  -15.597  36.292 0.0000000000
51069  -38.688  -15.011  35.542 0.0000000000
127855  -45.333  -15.267  34.168 0.0000000000
51072  -44.523  -15.012  35.078 0.0000000000
51095  -43.030  -15.267  33.248 0.0000000000
51152  -38.478  -14.755  29.566 0.0000000000
51106  -39.945  -14.580  31.970 0.0000000000
51117  -37.517  -14.907  31.235 0.0000000000
51116  -36.646  -15.223  31.687 0.0000000000
54603  -40.822  -12.304  23.867 0.0000000000
55519  -43.733  -11.990  42.989 0.0000000000
57730  -47.531  -8.826  39.846 0.0000000000
65605  -49.704  -2.446  33.116 0.0000000000
63546  -53.513  -4.915  32.695 0.0000000000
62383  -54.512  -5.538  31.775 0.0000000000
59995  -53.666  -7.008  30.377 0.0000000000
61219  -55.022  -6.221  29.995 0.0000000000
62441  -57.646  -5.126  27.024 0.0000000000
60016  -56.673  -6.040  27.239 0.0000000000
61306  -57.932  -6.552  25.069 0.0000000000
60086  -56.443  -7.528  23.518 0.0000000000
60075  -57.899  -6.758  23.726 0.0000000000
124940  -59.191  -3.028  21.614 0.0000000000
63635  -57.615  -4.996  22.003 0.0000000000
132990  -56.747  -3.454  21.188 0.0000000000
64710  -54.785  -3.365  20.154 0.0000000000
65736  -56.360  -2.524  20.668 0.0000000000
71013  -58.941  2.638  21.983 0.0000000000
142413  -57.151  2.312  18.701 0.0000000000
69882  -57.452  1.359  19.922 0.0000000000
68824  -55.802  0.718  18.067 0.0000000000
133576  -55.204  -0.548  18.318 0.0000000000
67837  -54.990  0.143  17.119 0.0000000000
128634  -53.510  -0.689  16.277 0.0000000000
68851  -54.574  0.548  15.465 0.0000000000
69994  -55.998  1.506  12.714 0.0000000000
151626  -54.365  0.790  12.931 0.0000000000
68900  -54.608  0.921  11.582 0.0000000000
72219  -61.393  3.297  13.958 0.0000000000
130161  -60.757  2.928  14.115 0.0000000000
71142  -60.187  3.327  12.303 0.0000000000
47718  -24.118  -18.412  43.020 0.0000000000
47701  -23.417  -18.351  43.568 0.0000000000
47734  -23.365  -18.329  41.829 0.0000000000
47747  -21.685  -18.116  40.388 0.0000000000
47761  -23.074  -18.080  40.279 0.0000000000
51001  -27.802  -15.577  42.371 0.0000000000
49915  -26.901  -15.768  42.629 0.0000000000
49944  -26.813  -15.790  41.071 0.0000000000
138161  -24.151  -17.122  37.818 0.0000000000
46668  -22.157  -19.841  34.269 0.0000000000
46608  -36.683  -19.090  39.700 0.0000000000
46596  -35.715  -19.454  40.400 0.0000000000
126773  -35.365  -19.697  38.547 0.0000000000
150991  -31.676  -19.628  34.513 0.0000000000
46644  -31.956  -19.765  35.951 0.0000000000
132049  -30.187  -19.091  33.939 0.0000000000
47816  -29.817  -18.427  34.395 0.0000000000
48934  -29.026  -18.380  32.727 0.0000000000
46702  -26.061  -19.591  29.687 0.0000000000
147327  -46.404  -7.430  29.580 0.0000000000
60011  -46.897  -6.725  28.255 0.0000000000
59994  -46.873  -6.782  29.060 0.0000000000
151321  -47.936  -5.843  29.435 0.0000000000
61214  -49.512  -5.608  29.629 0.0000000000
129124  -49.547  -9.567  36.013 0.0000000000
54518  -48.449  -11.507  34.484 0.0000000000
146384  -48.641  -10.424  34.496 0.0000000000
56793  -47.373  -11.052  32.269 0.0000000000
57843  -46.186  -10.722  30.461 0.0000000000
128481  -45.277  -10.590  29.340 0.0000000000
146678  -46.011  -9.967  30.178 0.0000000000
58890  -46.120  -8.597  30.042 0.0000000000
154222  -51.258  -1.788  13.486 0.0000000000
151583  -33.716  -17.928  47.038 0.0000000000
148812  -32.397  -17.376  45.037 0.0000000000
47690  -34.005  -18.088  44.958 0.0000000000
47705  -33.768  -18.116  43.357 0.0000000000
47737  -33.931  -18.676  41.305 0.0000000000
145614  -49.303  -6.179  23.874 0.0000000000
125957  -48.235  -6.303  22.183 0.0000000000
61348  -49.867  -6.336  22.292 0.0000000000
61362  -50.491  -6.616  21.514 0.0000000000
61374  -50.227  -6.775  20.578 0.0000000000
60124  -50.724  -7.572  18.836 0.0000000000
60114  -51.696  -7.506  20.352 0.0000000000
60115  -53.271  -7.814  20.167 0.0000000000
60116  -54.213  -7.733  20.339 0.0000000000
50992  -43.306  -15.542  42.260 0.0000000000
132056  -42.176  -17.087  41.306 0.0000000000
49951  -43.510  -16.667  40.891 0.0000000000
51020  -43.017  -15.625  39.265 0.0000000000
51046  -42.369  -14.799  37.701 0.0000000000
51133  -42.583  -14.858  30.315 0.0000000000
51121  -41.836  -15.166  31.268 0.0000000000
133585  -40.838  -14.858  30.055 0.0000000000
51175  -38.821  -14.653  28.823 0.0000000000
51174  -37.297  -14.860  28.314 0.0000000000
51190  -36.035  -15.021  27.557 0.0000000000
131296  -36.005  -14.626  26.096 0.0000000000
56870  -40.763  -10.495  22.629 0.0000000000
56873  -40.220  -10.103  21.174 0.0000000000
64633  -59.041  -3.696  25.062 0.0000000000
62490  -59.195  -4.888  23.999 0.0000000000
64639  -59.534  -3.474  23.745 0.0000000000
65716  -59.717  -2.288  22.239 0.0000000000
66770  -59.534  -1.626  21.514 0.0000000000
73226  -59.717  4.837  21.536 0.0000000000
72146  -59.044  3.474  21.599 0.0000000000
72163  -59.364  3.569  19.855 0.0000000000
153880  -57.708  2.758  18.145 0.0000000000
69916  -57.064  2.340  17.661 0.0000000000
69955  -55.846  1.456  15.521 0.0000000000
69942  -57.355  2.052  15.621 0.0000000000
69957  -57.513  1.899  14.714 0.0000000000
133991  -57.748  1.904  13.207 0.0000000000
73310  -62.135  4.726  11.896 0.0000000000
72254  -60.427  4.080  10.650 0.0000000000
73329  -60.869  4.581  9.785 0.0000000000
138878  -25.353  -18.492  48.367 0.0000000000
126736  -23.834  -18.407  46.787 0.0000000000
47658  -25.198  -18.437  46.300 0.0000000000
47703  -24.909  -18.189  44.244 0.0000000000
48827  -24.646  -18.023  42.525 0.0000000000
49979  -27.836  -16.120  38.403 0.0000000000
49962  -26.507  -15.952  39.613 0.0000000000
49992  -26.691  -16.261  37.775 0.0000000000
50012  -24.858  -16.785  36.328 0.0000000000
48928  -23.674  -17.885  34.257 0.0000000000
138217  -23.063  -18.921  33.508 0.0000000000
47838  -23.591  -18.847  32.886 0.0000000000
48891  -35.587  -17.777  36.771 0.0000000000
46635  -34.326  -19.235  36.712 0.0000000000
47804  -34.194  -18.604  35.123 0.0000000000
46671  -32.708  -19.383  33.865 0.0000000000
151869  -31.452  -19.461  32.893 0.0000000000
58971  -42.942  -8.089  22.518 0.0000000000
60103  -44.058  -7.257  21.898 0.0000000000
60093  -44.799  -7.229  23.498 0.0000000000
61332  -45.630  -6.830  23.636 0.0000000000
61316  -47.384  -6.311  24.319 0.0000000000
61283  -47.648  -6.317  26.722 0.0000000000
61301  -48.306  -6.019  25.918 0.0000000000
124979  -48.785  -5.964  25.201 0.0000000000
124859  -50.038  -5.796  25.598 0.0000000000
61302  -51.088  -5.834  25.547 0.0000000000
61304  -52.921  -6.209  25.814 0.0000000000
54426  -47.477  -12.936  39.055 0.0000000000
49988  -46.520  -14.938  38.143 0.0000000000
151755  -47.752  -14.164  37.371 0.0000000000
51086  -47.041  -15.082  35.209 0.0000000000
51113  -45.700  -15.157  33.299 0.0000000000
53402  -47.401  -13.034  33.232 0.0000000000
53400  -45.893  -14.180  32.168 0.0000000000
52251  -44.485  -14.624  31.425 0.0000000000
52261  -42.932  -14.285  29.315 0.0000000000
138324  -41.737  -13.830  27.198 0.0000000000
53436  -40.737  -13.701  25.609 0.0000000000
53445  -39.490  -13.511  24.349 0.0000000000
130642  -40.785  -13.382  24.933 0.0000000000
54597  -41.256  -12.227  24.425 0.0000000000
55734  -41.630  -11.389  24.570 0.0000000000
56855  -43.869  -10.156  27.401 0.0000000000
56861  -42.858  -10.330  26.147 0.0000000000
56865  -42.113  -10.426  24.671 0.0000000000
57896  -42.609  -9.318  24.211 0.0000000000
58964  -42.568  -8.672  23.075 0.0000000000
71078  -61.240  3.733  16.021 0.0000000000
73259  -62.374  4.781  16.182 0.0000000000
73284  -62.742  4.728  14.922 0.0000000000
73303  -62.937  4.482  14.010 0.0000000000
74293  -63.379  5.596  13.111 0.0000000000
74300  -63.405  5.904  11.372 0.0000000000
50943  -29.063  -15.198  48.083 0.0000000000
50962  -27.670  -15.799  45.651 0.0000000000
50953  -29.138  -15.575  46.112 0.0000000000
50973  -29.224  -15.780  44.192 0.0000000000
49916  -29.524  -16.040  42.311 0.0000000000
49905  -31.288  -16.827  43.051 0.0000000000
133709  -30.142  -16.350  41.741 0.0000000000
127159  -29.070  -16.091  39.812 0.0000000000
49980  -28.851  -16.363  38.348 0.0000000000
148257  -28.904  -16.660  37.032 0.0000000000
50016  -28.152  -16.775  35.428 0.0000000000
61357  -44.424  -6.880  21.082 0.0000000000
155632  -44.870  -6.627  19.782 0.0000000000
61372  -47.345  -6.383  20.654 0.0000000000
63678  -52.343  -5.328  17.262 0.0000000000
154505  -52.228  -4.079  17.725 0.0000000000
47678  -38.642  -18.078  45.064 0.0000000000
126892  -37.194  -18.760  42.975 0.0000000000
46566  -38.597  -18.663  42.725 0.0000000000
46589  -38.594  -18.537  41.111 0.0000000000
47776  -37.198  -18.031  39.221 0.0000000000
49948  -40.961  -17.308  40.892 0.0000000000
49966  -38.525  -16.881  39.377 0.0000000000
48884  -37.035  -17.476  38.500 0.0000000000
50005  -36.664  -16.540  36.780 0.0000000000
50028  -35.665  -16.412  34.560 0.0000000000
50033  -35.623  -16.108  33.685 0.0000000000
51049  -45.468  -15.143  37.690 0.0000000000
51059  -43.472  -14.647  36.518 0.0000000000
52217  -41.260  -14.474  35.331 0.0000000000
51093  -41.327  -14.780  32.643 0.0000000000
52231  -40.734  -14.491  33.977 0.0000000000
52230  -39.762  -14.563  34.535 0.0000000000
51092  -38.172  -14.876  33.721 0.0000000000
51102  -35.946  -15.567  32.192 0.0000000000
53468  -38.201  -13.135  23.004 0.0000000000
62353  -49.097  -6.031  34.646 0.0000000000
140847  -48.656  -4.790  34.262 0.0000000000
141242  -26.021  -17.532  49.874 0.0000000000
50922  -28.571  -15.277  49.603 0.0000000000
50923  -29.510  -14.849  49.177 0.0000000000
50924  -31.342  -15.519  49.262 0.0000000000
48721  -34.323  -16.846  47.781 0.0000000000
47635  -35.544  -17.455  47.086 0.0000000000
48754  -36.780  -17.293  46.696 0.0000000000
147290  -37.950  -17.495  45.922 0.0000000000
48770  -39.376  -17.201  45.309 0.0000000000
49883  -40.755  -16.551  44.504 0.0000000000
150627  -41.921  -15.567  43.734 0.0000000000
53272  -41.772  -14.055  44.288 0.0000000000
52131  -42.708  -14.986  43.033 0.0000000000
53299  -43.615  -14.309  42.306 0.0000000000
54398  -44.008  -13.198  41.671 0.0000000000
55544  -44.938  -12.258  40.589 0.0000000000
55546  -46.564  -11.760  39.665 0.0000000000
55559  -47.822  -11.546  38.882 0.0000000000
134938  -48.767  -10.512  38.385 0.0000000000
61146  -49.988  -7.134  35.777 0.0000000000
63542  -48.380  -3.898  32.670 0.0000000000
63555  -49.337  -4.057  31.386 0.0000000000
62399  -50.747  -5.078  31.237 0.0000000000
64565  -52.027  -2.715  33.425 0.0000000000
62381  -51.915  -4.538  32.558 0.0000000000
128392  -51.950  -6.822  30.671 0.0000000000
61253  -52.612  -6.830  29.243 0.0000000000
61270  -53.483  -6.482  27.939 0.0000000000
61289  -53.999  -6.468  27.076 0.0000000000
59999  -55.646  -6.068  28.631 0.0000000000
133939  -55.307  -6.731  26.462 0.0000000000
60072  -55.008  -7.341  24.605 0.0000000000
125704  -54.752  -7.772  23.002 0.0000000000
60097  -55.325  -7.672  22.501 0.0000000000
60118  -55.548  -7.293  21.145 0.0000000000
62497  -58.027  -5.900  22.836 0.0000000000
61378  -56.316  -6.374  21.522 0.0000000000
62506  -55.424  -5.927  20.308 0.0000000000
63648  -54.616  -5.071  19.962 0.0000000000
64708  -53.640  -3.662  19.174 0.0000000000
65754  -53.046  -2.832  18.119 0.0000000000
149152  -59.723  -0.544  21.554 0.0000000000
67809  -58.843  -0.625  20.908 0.0000000000
69867  -58.530  1.793  20.986 0.0000000000
67808  -57.923  -0.127  20.583 0.0000000000
149113  -56.950  -1.118  20.351 0.0000000000
66785  -55.529  -1.417  19.522 0.0000000000
66793  -54.370  -1.664  18.505 0.0000000000
66799  -52.740  -1.985  17.075 0.0000000000
66823  -52.091  -1.555  15.405 0.0000000000
66835  -51.899  -1.351  14.491 0.0000000000
67882  -52.346  -0.631  13.075 0.0000000000
68864  -54.505  0.677  14.559 0.0000000000
68877  -53.753  0.409  13.207 0.0000000000
67892  -52.327  -0.609  12.073 0.0000000000
71103  -60.051  2.561  14.464 0.0000000000
71116  -58.976  2.371  13.082 0.0000000000
69996  -57.289  2.013  11.844 0.0000000000
71156  -59.151  3.300  10.970 0.0000000000
149355  -57.701  2.514  10.484 0.0000000000
70005  -56.464  1.837  10.617 0.0000000000
48795  -23.188  -18.223  45.287 0.0000000000
125054  -27.014  -15.912  44.456 0.0000000000
129359  -25.565  -16.998  42.478 0.0000000000
48844  -25.004  -17.330  41.232 0.0000000000
49961  -25.634  -16.380  39.960 0.0000000000
48871  -24.324  -17.312  39.614 0.0000000000
48870  -23.689  -17.821  39.892 0.0000000000
47770  -22.400  -18.112  38.645 0.0000000000
127454  -36.118  -19.017  41.790 0.0000000000
126224  -34.609  -19.568  40.079 0.0000000000
46613  -33.320  -19.430  38.783 0.0000000000
46633  -33.163  -19.664  36.721 0.0000000000
46624  -32.888  -19.645  37.349 0.0000000000
47772  -32.023  -18.961  37.757 0.0000000000
48898  -30.214  -17.979  36.033 0.0000000000
48917  -28.594  -17.254  34.674 0.0000000000
48932  -27.335  -17.189  33.582 0.0000000000
47874  -30.348  -18.684  30.540 0.0000000000
47873  -29.634  -18.714  30.667 0.0000000000
147149  -28.991  -18.607  31.466 0.0000000000
47860  -28.239  -18.236  31.442 0.0000000000
47858  -26.510  -18.230  30.896 0.0000000000
47857  -25.703  -18.266  31.225 0.0000000000
61182  -47.810  -6.373  32.902 0.0000000000
150122  -47.449  -6.661  32.280 0.0000000000
61169  -48.224  -7.143  33.627 0.0000000000
153589  -48.161  -7.919  33.598 0.0000000000
59955  -47.715  -7.542  32.955 0.0000000000
64728  -51.575  -3.946  16.762 0.0000000000
63689  -51.154  -4.264  15.929 0.0000000000
64736  -51.329  -3.231  16.114 0.0000000000
65769  -51.922  -2.595  16.588 0.0000000000
154593  -36.252  -18.270  45.717 0.0000000000
46541  -35.973  -18.471  45.249 0.0000000000
46542  -36.748  -18.458  45.053 0.0000000000
60110  -42.493  -7.779  20.463 0.0000000000
61321  -52.626  -6.434  24.726 0.0000000000
61338  -52.704  -6.863  23.843 0.0000000000
61339  -53.421  -7.012  24.104 0.0000000000
53329  -45.829  -13.815  40.296 0.0000000000
52155  -45.471  -14.749  40.501 0.0000000000
52156  -46.251  -14.522  39.905 0.0000000000
52320  -39.587  -13.991  25.615 0.0000000000
52304  -39.479  -14.162  26.283 0.0000000000
58975  -42.573  -8.079  21.846 0.0000000000
58973  -41.462  -8.681  21.170 0.0000000000
58979  -41.762  -8.270  20.450 0.0000000000
58983  -41.432  -8.365  19.719 0.0000000000
72166  -61.126  4.114  18.256 0.0000000000
71056  -60.495  3.792  18.241 0.0000000000
129316  -60.674  3.633  17.221 0.0000000000
71077  -60.613  3.416  16.248 0.0000000000
48765  -27.249  -17.289  47.390 0.0000000000
48780  -27.039  -17.164  46.498 0.0000000000
49864  -27.627  -16.365  46.862 0.0000000000
50025  -26.392  -16.747  34.565 0.0000000000
50031  -25.759  -16.935  33.941 0.0000000000
48946  -25.376  -17.586  32.519 0.0000000000
48935  -34.146  -17.091  32.859 0.0000000000
47830  -33.525  -17.850  32.790 0.0000000000
48961  -33.509  -17.301  32.048 0.0000000000
58942  -45.111  -7.787  26.472 0.0000000000
133827  -45.507  -7.291  26.062 0.0000000000
60040  -45.574  -7.404  26.809 0.0000000000
61234  -49.958  -6.091  29.123 0.0000000000
142454  -50.357  -6.244  28.596 0.0000000000
61267  -50.828  -6.143  27.924 0.0000000000
61251  -50.951  -6.408  29.228 0.0000000000
55584  -49.548  -10.886  36.736 0.0000000000
53357  -49.155  -12.075  36.285 0.0000000000
148082  -49.171  -11.641  35.842 0.0000000000
55681  -45.728  -11.893  30.087 0.0000000000
54568  -45.608  -12.698  30.372 0.0000000000
55700  -45.120  -12.335  29.626 0.0000000000
54581  -44.493  -12.743  29.202 0.0000000000
54586  -44.186  -12.468  28.641 0.0000000000
54590  -43.116  -12.452  27.542 0.0000000000
55718  -44.120  -11.799  28.335 0.0000000000
58928  -44.960  -8.625  27.565 0.0000000000
134498  -45.125  -8.000  27.034 0.0000000000
48734  -32.108  -16.962  47.590 0.0000000000
49867  -31.381  -16.771  46.638 0.0000000000
48766  -31.938  -17.150  46.228 0.0000000000
47752  -32.475  -18.208  39.984 0.0000000000
152968  -32.045  -17.688  40.381 0.0000000000
48861  -31.638  -17.608  39.910 0.0000000000
48874  -31.309  -17.709  38.948 0.0000000000
61333  -47.434  -6.300  23.615 0.0000000000
125911  -47.059  -6.321  22.954 0.0000000000
152565  -47.518  -6.328  22.351 0.0000000000
128197  -49.078  -6.788  19.132 0.0000000000
60126  -54.026  -7.742  19.279 0.0000000000
141720  -53.622  -7.610  18.497 0.0000000000
60139  -54.225  -7.354  18.408 0.0000000000
61397  -53.989  -6.835  18.030 0.0000000000
48800  -42.221  -16.920  43.097 0.0000000000
47708  -41.424  -17.678  42.388 0.0000000000
47723  -41.997  -17.444  42.211 0.0000000000
51057  -40.583  -14.913  37.280 0.0000000000
124754  -39.698  -15.230  37.527 0.0000000000
51056  -39.843  -14.928  36.679 0.0000000000
138765  -38.485  -15.246  36.266 0.0000000000
51070  -39.211  -14.942  36.138 0.0000000000
130070  -44.312  -15.406  33.008 0.0000000000
51096  -43.808  -15.395  33.251 0.0000000000
131253  -37.584  -14.906  29.725 0.0000000000
51130  -38.236  -14.792  30.397 0.0000000000
51129  -37.332  -14.966  30.413 0.0000000000
137792  -36.722  -15.125  29.963 0.0000000000
54607  -40.589  -11.920  23.292 0.0000000000
55740  -39.924  -11.571  22.116 0.0000000000
62402  -54.834  -5.848  31.190 0.0000000000
63593  -58.545  -4.356  26.122 0.0000000000
63592  -58.113  -4.445  26.817 0.0000000000
144689  -58.060  -5.335  26.277 0.0000000000
61291  -57.868  -5.842  26.098 0.0000000000
61307  -58.185  -5.993  25.405 0.0000000000
61323  -58.128  -6.566  24.422 0.0000000000
61324  -58.409  -6.057  24.739 0.0000000000
153826  -58.659  -2.818  21.294 0.0000000000
65726  -57.861  -3.090  21.238 0.0000000000
64699  -57.284  -2.574  20.929 0.0000000000
66777  -57.191  -1.808  20.643 0.0000000000
73209  -57.979  4.589  23.593 0.0000000000
72125  -58.645  3.950  23.249 0.0000000000
129847  -58.909  3.106  22.855 0.0000000000
72138  -58.986  3.643  22.438 0.0000000000
69915  -56.425  1.571  18.174 0.0000000000
68823  -55.341  0.061  17.842 0.0000000000
137155  -55.456  0.560  17.418 0.0000000000
68834  -54.711  0.363  16.339 0.0000000000
68835  -55.332  0.762  16.760 0.0000000000
68901  -55.297  1.241  12.202 0.0000000000
148533  -55.376  1.281  11.505 0.0000000000
68904  -55.068  1.162  10.698 0.0000000000
72229  -62.177  3.802  13.824 0.0000000000
72227  -61.023  3.557  12.983 0.0000000000
48748  -23.241  -18.078  48.087 0.0000000000
47735  -24.050  -18.379  42.172 0.0000000000
47717  -23.437  -18.375  42.622 0.0000000000
47749  -23.225  -18.224  41.063 0.0000000000
49930  -27.364  -15.648  41.732 0.0000000000
124459  -27.159  -15.733  40.218 0.0000000000
46656  -22.057  -19.313  34.959 0.0000000000
46607  -36.396  -19.294  39.107 0.0000000000
139201  -35.908  -19.779  39.056 0.0000000000
46617  -36.036  -19.343  38.479 0.0000000000
47829  -30.901  -19.482  33.050 0.0000000000
46658  -30.866  -19.521  33.964 0.0000000000
47828  -30.277  -19.253  33.250 0.0000000000
152328  -29.745  -18.943  32.753 0.0000000000
59978  -46.762  -6.887  29.946 0.0000000000
62416  -47.694  -5.496  30.848 0.0000000000
61212  -47.318  -6.136  30.249 0.0000000000
61213  -48.255  -5.558  29.899 0.0000000000
151426  -48.811  -4.972  30.378 0.0000000000
151718  -49.493  -9.407  35.774 0.0000000000
57803  -48.928  -10.178  34.919 0.0000000000
135622  -48.889  -9.773  34.709 0.0000000000
57812  -47.513  -10.285  32.646 0.0000000000
57813  -47.885  -10.599  33.298 0.0000000000
56806  -46.690  -11.078  31.156 0.0000000000
140814  -46.492  -10.332  30.895 0.0000000000
57819  -46.693  -9.917  31.273 0.0000000000
148359  -46.445  -8.996  30.880 0.0000000000
59977  -46.410  -7.939  30.415 0.0000000000
59993  -46.054  -7.942  29.386 0.0000000000
63701  -50.849  -4.483  15.145 0.0000000000
138750  -51.047  -2.829  15.156 0.0000000000
66834  -51.314  -1.843  14.031 0.0000000000
132977  -34.252  -18.085  46.961 0.0000000000
47661  -33.766  -18.026  46.673 0.0000000000
47677  -34.476  -18.195  46.285 0.0000000000
46573  -34.982  -18.696  43.477 0.0000000000
47706  -34.317  -18.323  44.076 0.0000000000
47721  -34.477  -18.554  42.950 0.0000000000
47720  -33.875  -18.319  42.348 0.0000000000
46584  -34.574  -18.862  41.901 0.0000000000
60134  -42.961  -7.322  18.733 0.0000000000
124821  -49.767  -6.087  24.174 0.0000000000
61335  -49.689  -6.219  23.354 0.0000000000
61350  -51.436  -6.650  22.570 0.0000000000
145217  -50.754  -6.521  22.214 0.0000000000
61375  -51.113  -7.058  20.923 0.0000000000
137606  -50.968  -7.278  20.216 0.0000000000
60104  -51.939  -7.355  21.150 0.0000000000
151063  -52.922  -7.610  21.280 0.0000000000
131519  -53.749  -7.764  20.950 0.0000000000
124915  -54.438  -7.753  21.244 0.0000000000
52148  -43.941  -15.166  41.917 0.0000000000
49920  -43.702  -15.917  41.789 0.0000000000
49932  -44.153  -16.029  41.428 0.0000000000
49985  -44.333  -15.701  39.613 0.0000000000
49984  -43.593  -16.031  39.852 0.0000000000
51033  -43.995  -15.303  38.838 0.0000000000
130774  -43.167  -15.043  38.309 0.0000000000
145666  -41.847  -14.577  29.269 0.0000000000
51132  -41.772  -14.838  30.026 0.0000000000
51155  -41.155  -14.648  29.357 0.0000000000
52286  -38.511  -14.538  27.402 0.0000000000
51176  -39.767  -14.594  28.742 0.0000000000
52270  -38.233  -14.709  28.182 0.0000000000
51192  -37.659  -14.746  27.581 0.0000000000
52284  -36.530  -14.898  27.082 0.0000000000
52285  -37.183  -14.772  27.018 0.0000000000
57898  -41.278  -9.664  22.580 0.0000000000
56874  -40.712  -9.881  21.930 0.0000000000
135166  -59.249  -3.056  24.634 0.0000000000
64638  -59.302  -3.646  24.404 0.0000000000
67787  -59.792  -1.210  23.033 0.0000000000
66752  -59.734  -1.893  23.211 0.0000000000
67788  -59.761  -1.547  22.604 0.0000000000
65728  -59.553  -2.423  21.805 0.0000000000
67801  -59.823  -1.156  21.733 0.0000000000
73233  -60.659  5.144  20.633 0.0000000000
75211  -59.853  6.181  21.166 0.0000000000
73227  -60.193  5.201  21.151 0.0000000000
72147  -59.590  4.052  21.212 0.0000000000
72154  -59.899  3.900  20.283 0.0000000000
71065  -58.764  3.257  17.975 0.0000000000
69929  -57.186  2.260  16.604 0.0000000000
69930  -58.089  2.426  16.149 0.0000000000
69944  -59.128  2.309  14.915 0.0000000000
69943  -58.248  2.175  15.230 0.0000000000
69958  -58.396  2.036  14.424 0.0000000000
69971  -57.651  1.862  13.868 0.0000000000
69972  -58.527  2.071  13.637 0.0000000000
73321  -62.069  5.077  10.789 0.0000000000
47644  -25.318  -18.529  47.282 0.0000000000
47659  -25.906  -18.228  46.554 0.0000000000
48797  -25.951  -17.550  45.237 0.0000000000
48796  -25.436  -17.811  44.742 0.0000000000
48810  -24.748  -18.071  43.396 0.0000000000
48811  -25.417  -17.531  43.799 0.0000000000
145856  -27.227  -16.163  38.115 0.0000000000
48904  -24.877  -17.013  34.923 0.0000000000
50013  -25.240  -16.762  35.534 0.0000000000
48903  -24.364  -17.167  35.553 0.0000000000
48914  -24.299  -17.377  34.603 0.0000000000
47825  -23.630  -18.264  33.518 0.0000000000
46685  -24.206  -19.523  31.735 0.0000000000
45675  -23.982  -20.461  32.049 0.0000000000
48899  -35.453  -17.274  35.995 0.0000000000
47805  -34.749  -18.032  35.770 0.0000000000
48906  -34.624  -17.898  35.094 0.0000000000
152113  -33.075  -18.741  33.145 0.0000000000
47817  -33.402  -18.950  34.024 0.0000000000
46678  -32.162  -19.411  33.164 0.0000000000
47844  -31.825  -19.162  32.411 0.0000000000
60082  -44.036  -7.692  23.358 0.0000000000
150317  -46.148  -6.825  25.130 0.0000000000
60070  -45.935  -6.844  24.479 0.0000000000
61315  -46.679  -6.527  24.736 0.0000000000
137411  -47.384  -6.285  25.087 0.0000000000
61265  -46.878  -6.676  27.451 0.0000000000
61266  -47.658  -6.425  27.698 0.0000000000
128833  -49.264  -6.088  27.224 0.0000000000
61284  -48.754  -6.014  26.573 0.0000000000
148236  -48.012  -6.095  25.346 0.0000000000
147311  -49.168  -5.850  25.852 0.0000000000
153759  -49.399  -5.842  25.380 0.0000000000
61286  -51.376  -5.997  27.097 0.0000000000
153921  -51.504  -5.863  26.234 0.0000000000
135663  -52.025  -6.002  25.603 0.0000000000
61303  -52.217  -5.997  26.534 0.0000000000
53340  -47.783  -13.281  38.620 0.0000000000
52177  -47.844  -13.874  38.065 0.0000000000
52178  -48.193  -13.447  37.817 0.0000000000
52235  -47.942  -14.000  35.016 0.0000000000
52219  -47.482  -14.689  35.343 0.0000000000
52234  -47.284  -14.730  34.748 0.0000000000
51099  -46.055  -15.221  34.058 0.0000000000
52244  -46.373  -14.988  33.642 0.0000000000
55634  -48.096  -11.506  33.930 0.0000000000
54517  -48.101  -12.024  34.017 0.0000000000
54534  -47.481  -12.342  33.023 0.0000000000
53409  -45.717  -13.232  30.943 0.0000000000
128646  -45.306  -13.925  31.297 0.0000000000
126355  -45.168  -14.575  31.967 0.0000000000
52254  -43.904  -14.431  30.569 0.0000000000
127852  -43.995  -13.901  29.825 0.0000000000
53423  -42.584  -13.424  27.593 0.0000000000
52290  -42.269  -13.768  27.645 0.0000000000
52305  -41.266  -13.909  26.897 0.0000000000
156227  -41.074  -13.633  26.002 0.0000000000
53437  -41.237  -13.335  25.692 0.0000000000
55726  -42.525  -11.837  26.546 0.0000000000
54593  -41.697  -12.732  25.724 0.0000000000
54599  -42.090  -11.979  25.862 0.0000000000
55735  -42.094  -11.258  25.271 0.0000000000
57849  -44.934  -10.009  28.722 0.0000000000
56843  -43.957  -10.957  27.950 0.0000000000
57864  -44.456  -10.143  28.043 0.0000000000
57881  -43.340  -9.585  26.166 0.0000000000
56854  -43.330  -10.225  26.768 0.0000000000
137353  -42.936  -9.767  25.638 0.0000000000
56860  -42.506  -10.410  25.454 0.0000000000
56868  -42.025  -9.845  23.934 0.0000000000
58960  -42.954  -8.718  23.777 0.0000000000
58966  -43.641  -8.244  23.967 0.0000000000
58965  -43.296  -8.152  23.224 0.0000000000
74277  -62.854  5.424  15.161 0.0000000000
74285  -63.034  5.388  14.531 0.0000000000
73296  -62.931  4.714  14.390 0.0000000000
153748  -63.181  5.408  14.089 0.0000000000
141475  -63.328  5.538  12.413 0.0000000000
73312  -63.099  5.320  11.929 0.0000000000
75294  -63.532  6.257  12.177 0.0000000000
50952  -29.084  -15.375  47.120 0.0000000000
49850  -29.846  -15.763  46.669 0.0000000000
49881  -30.503  -16.499  45.240 0.0000000000
49891  -29.845  -16.117  44.724 0.0000000000
49903  -29.947  -16.113  43.822 0.0000000000
50982  -29.310  -15.887  43.277 0.0000000000
133500  -29.994  -16.193  43.048 0.0000000000
148206  -32.659  -17.483  44.225 0.0000000000
145090  -31.846  -17.175  44.516 0.0000000000
48798  -31.936  -17.141  43.638 0.0000000000
48845  -31.131  -16.968  41.195 0.0000000000
140517  -30.704  -16.657  41.683 0.0000000000
126350  -30.363  -16.582  40.969 0.0000000000
131464  -29.527  -16.088  41.294 0.0000000000
49946  -29.663  -16.279  40.408 0.0000000000
149087  -29.772  -16.475  39.679 0.0000000000
49995  -29.649  -16.995  37.285 0.0000000000
49994  -29.127  -16.621  37.704 0.0000000000
50003  -28.555  -16.737  36.246 0.0000000000
60112  -43.618  -7.299  21.191 0.0000000000
61345  -44.847  -6.833  21.962 0.0000000000
156189  -45.717  -6.517  20.654 0.0000000000
61370  -45.044  -6.626  20.468 0.0000000000
140594  -45.664  -6.485  19.842 0.0000000000
147230  -48.393  -6.340  21.528 0.0000000000
127115  -47.607  -6.353  21.533 0.0000000000
61373  -48.274  -6.381  20.781 0.0000000000
138306  -47.678  -6.496  18.486 0.0000000000
145187  -51.389  -7.646  19.492 0.0000000000
144173  -51.456  -7.786  18.632 0.0000000000
141310  -52.345  -7.597  17.516 0.0000000000
155976  -52.475  -7.061  16.704 0.0000000000
62516  -53.002  -5.658  17.720 0.0000000000
155222  -52.790  -6.093  17.161 0.0000000000
63666  -52.551  -4.661  17.937 0.0000000000
139748  -39.460  -17.989  44.647 0.0000000000
149605  -38.739  -18.497  44.085 0.0000000000
46555  -39.385  -18.445  43.639 0.0000000000
47739  -40.092  -18.242  41.602 0.0000000000
46590  -39.743  -18.369  41.733 0.0000000000
47754  -38.847  -18.375  40.886 0.0000000000
46599  -38.003  -18.508  40.659 0.0000000000
47766  -38.291  -18.124  40.349 0.0000000000
49949  -41.790  -17.127  40.925 0.0000000000
48864  -41.156  -17.331  40.837 0.0000000000
129003  -41.219  -16.706  40.318 0.0000000000
49982  -38.729  -16.125  38.579 0.0000000000
48885  -38.065  -16.591  38.641 0.0000000000
127602  -37.664  -17.193  39.009 0.0000000000
146496  -37.520  -16.794  38.357 0.0000000000
48893  -36.987  -16.781  37.698 0.0000000000
50006  -37.387  -16.022  37.009 0.0000000000
51068  -37.416  -15.571  35.553 0.0000000000
142767  -36.654  -15.981  35.486 0.0000000000
50029  -36.324  -16.015  34.802 0.0000000000
50034  -36.108  -15.951  34.221 0.0000000000
49998  -46.595  -14.906  37.349 0.0000000000
125079  -46.302  -15.025  37.703 0.0000000000
51062  -45.952  -15.173  36.789 0.0000000000
51071  -43.461  -14.831  34.882 0.0000000000
133249  -43.973  -14.778  35.833 0.0000000000
147848  -42.982  -14.585  35.853 0.0000000000
52233  -42.337  -14.557  35.139 0.0000000000
148077  -40.891  -15.012  30.989 0.0000000000
51108  -41.850  -15.209  31.935 0.0000000000
51107  -40.880  -14.819  31.938 0.0000000000
127716  -38.990  -14.583  32.020 0.0000000000
52247  -40.387  -14.565  32.666 0.0000000000
52242  -39.917  -14.517  33.530 0.0000000000
52241  -39.026  -14.604  33.521 0.0000000000
52229  -38.867  -14.731  34.255 0.0000000000
51115  -35.869  -15.476  31.296 0.0000000000
51103  -36.702  -15.304  32.523 0.0000000000
50048  -35.097  -15.973  31.820 0.0000000000
53457  -40.248  -13.292  24.256 0.0000000000
53456  -38.890  -13.338  23.701 0.0000000000
47607  -25.548  -17.547  50.157 0.0000000000
52077  -29.186  -14.709  49.743 0.0000000000
48720  -33.786  -16.801  47.893 0.0000000000
49868  -38.434  -16.738  46.087 0.0000000000
48769  -38.536  -17.181  45.776 0.0000000000
50965  -41.310  -15.842  44.224 0.0000000000
52122  -41.513  -14.935  44.238 0.0000000000
153498  -42.530  -12.216  44.607 0.0000000000
54347  -42.182  -12.456  45.024 0.0000000000
142841  -42.429  -12.834  44.217 0.0000000000
53285  -42.341  -13.961  43.658 0.0000000000
53286  -42.945  -14.370  42.958 0.0000000000
125825  -43.217  -13.789  42.799 0.0000000000
54387  -43.904  -12.317  42.229 0.0000000000
54386  -43.564  -13.220  42.433 0.0000000000
54410  -44.588  -13.149  40.914 0.0000000000
55531  -44.360  -11.988  41.429 0.0000000000
56665  -46.047  -10.696  40.237 0.0000000000
136960  -46.876  -10.778  39.578 0.0000000000
55547  -47.253  -11.621  39.294 0.0000000000
154945  -47.114  -10.215  39.557 0.0000000000
56682  -47.920  -9.730  39.222 0.0000000000
56683  -48.537  -9.770  38.731 0.0000000000
56699  -49.220  -10.236  37.941 0.0000000000
62354  -49.826  -6.312  35.484 0.0000000000
63529  -48.468  -3.827  33.601 0.0000000000
64563  -48.689  -3.149  33.079 0.0000000000
64573  -50.099  -2.863  32.529 0.0000000000
64582  -49.460  -3.434  31.959 0.0000000000
153710  -50.140  -3.434  32.027 0.0000000000
63543  -50.196  -4.039  31.571 0.0000000000
63556  -51.087  -4.556  31.912 0.0000000000
142332  -53.399  -5.886  32.468 0.0000000000
62382  -52.728  -5.359  32.662 0.0000000000
62401  -52.800  -6.317  32.214 0.0000000000
62400  -51.792  -5.584  31.970 0.0000000000
154031  -52.470  -6.994  31.159 0.0000000000
61236  -52.261  -7.014  29.982 0.0000000000
126429  -52.849  -7.132  30.730 0.0000000000
60012  -54.353  -6.632  29.540 0.0000000000
61254  -53.458  -6.802  29.257 0.0000000000
139268  -53.740  -6.608  28.639 0.0000000000
61271  -54.353  -6.510  28.003 0.0000000000
63572  -56.921  -4.688  28.428 0.0000000000
61220  -55.966  -5.748  29.049 0.0000000000
152275  -56.046  -5.794  28.668 0.0000000000
60044  -56.612  -6.766  25.937 0.0000000000
60030  -56.498  -6.355  26.876 0.0000000000
60057  -55.945  -7.004  25.737 0.0000000000
60056  -55.186  -7.008  25.501 0.0000000000
140008  -55.730  -7.374  24.827 0.0000000000
148390  -54.873  -7.653  23.811 0.0000000000
152571  -55.468  -7.631  24.124 0.0000000000
60099  -56.774  -7.281  23.029 0.0000000000
60098  -56.054  -7.483  22.814 0.0000000000
60107  -55.764  -7.386  22.023 0.0000000000
61364  -56.068  -6.930  21.702 0.0000000000
62499  -59.198  -4.762  23.337 0.0000000000
62498  -58.706  -5.302  23.056 0.0000000000
62503  -58.379  -5.051  22.390 0.0000000000
63634  -56.793  -4.844  21.652 0.0000000000
62501  -56.855  -5.756  21.811 0.0000000000
62507  -56.068  -5.587  21.178 0.0000000000
61377  -55.813  -6.671  20.795 0.0000000000
62510  -54.955  -6.241  19.504 0.0000000000
64709  -54.247  -3.942  19.827 0.0000000000
132802  -53.150  -3.448  18.599 0.0000000000
65755  -53.626  -2.855  18.756 0.0000000000
69851  -59.192  1.504  21.932 0.0000000000
69838  -59.490  0.927  22.364 0.0000000000
68790  -59.590  0.315  21.747 0.0000000000
136798  -59.494  -0.955  21.271 0.0000000000
67800  -59.309  -0.169  21.198 0.0000000000
71028  -58.349  2.449  20.626 0.0000000000
71029  -58.719  2.684  21.127 0.0000000000
68806  -57.105  0.514  19.838 0.0000000000
67815  -57.071  -0.447  20.183 0.0000000000
66786  -56.287  -0.868  19.799 0.0000000000
67821  -55.694  -0.681  19.053 0.0000000000
67827  -54.130  -0.962  17.475 0.0000000000
67820  -54.590  -1.038  18.103 0.0000000000
66801  -54.051  -1.467  17.934 0.0000000000
65762  -53.040  -2.239  17.649 0.0000000000
66800  -53.478  -1.574  17.420 0.0000000000
66808  -52.349  -1.861  16.333 0.0000000000
66809  -53.083  -1.347  16.657 0.0000000000
67849  -53.333  -0.468  15.430 0.0000000000
67848  -52.602  -0.880  14.974 0.0000000000
67870  -52.429  -0.709  14.048 0.0000000000
68865  -55.181  1.088  15.026 0.0000000000
68879  -55.150  1.198  14.094 0.0000000000
68887  -53.876  0.554  12.253 0.0000000000
67883  -53.067  -0.051  12.638 0.0000000000
71091  -61.239  3.517  15.193 0.0000000000
71089  -60.648  3.018  14.865 0.0000000000
71105  -61.009  3.182  14.648 0.0000000000
147212  -59.746  2.620  13.403 0.0000000000
71126  -58.529  2.419  12.281 0.0000000000
69981  -58.177  2.091  12.824 0.0000000000
72253  -59.647  3.650  10.314 0.0000000000
72239  -59.932  3.582  11.291 0.0000000000
72252  -58.892  3.263  10.033 0.0000000000
153650  -57.582  2.493  9.866 0.0000000000
70006  -57.166  2.141  11.005 0.0000000000
129192  -23.882  -18.449  45.936 0.0000000000
47700  -22.716  -18.142  42.959 0.0000000000
48808  -22.625  -18.039  43.640 0.0000000000
138222  -21.247  -17.865  41.885 0.0000000000
48856  -21.022  -18.129  40.531 0.0000000000
47759  -21.198  -18.265  39.707 0.0000000000
47768  -20.798  -18.811  38.395 0.0000000000
50971  -27.705  -15.675  44.946 0.0000000000
49902  -26.946  -15.775  43.605 0.0000000000
49929  -26.450  -16.014  41.849 0.0000000000
49914  -26.071  -16.408  42.526 0.0000000000
49928  -25.769  -16.674  41.935 0.0000000000
134238  -25.198  -17.404  42.024 0.0000000000
152196  -26.092  -16.268  38.348 0.0000000000
49978  -25.884  -16.256  39.075 0.0000000000
48881  -25.339  -16.520  38.510 0.0000000000
148392  -23.770  -17.400  38.370 0.0000000000
48880  -24.441  -17.000  38.667 0.0000000000
48879  -23.721  -17.559  39.082 0.0000000000
156139  -24.221  -17.666  40.290 0.0000000000
47771  -22.934  -18.007  39.372 0.0000000000
46676  -23.140  -19.640  32.965 0.0000000000
45669  -22.831  -20.458  33.132 0.0000000000
46576  -37.416  -18.765  42.206 0.0000000000
46575  -36.630  -18.819  42.437 0.0000000000
126871  -36.804  -18.856  41.604 0.0000000000
46605  -34.611  -19.761  39.306 0.0000000000
46595  -35.186  -19.443  40.632 0.0000000000
46604  -33.956  -19.584  39.458 0.0000000000
46634  -33.723  -19.459  36.366 0.0000000000
46626  -34.031  -19.553  37.272 0.0000000000
128613  -33.205  -19.630  35.958 0.0000000000
146823  -31.485  -19.537  35.559 0.0000000000
46632  -32.439  -19.714  36.612 0.0000000000
46631  -31.950  -19.618  36.601 0.0000000000
46623  -32.265  -19.518  37.222 0.0000000000
47783  -31.564  -18.919  37.090 0.0000000000
47782  -30.860  -18.468  36.534 0.0000000000
134431  -28.931  -18.019  33.471 0.0000000000
126111  -29.427  -17.690  34.921 0.0000000000
130195  -28.489  -17.577  33.843 0.0000000000
48916  -27.898  -17.189  34.120 0.0000000000
153409  -27.951  -17.416  33.491 0.0000000000
46706  -29.749  -18.551  29.952 0.0000000000
47861  -30.198  -18.996  31.434 0.0000000000
46703  -27.692  -19.001  29.292 0.0000000000
47880  -28.277  -18.616  29.913 0.0000000000
47871  -27.880  -18.431  30.566 0.0000000000
46693  -26.080  -18.816  30.332 0.0000000000
48959  -26.567  -17.790  31.647 0.0000000000
59943  -49.414  -8.436  35.131 0.0000000000
58856  -48.687  -9.313  34.327 0.0000000000
58868  -48.082  -8.799  33.554 0.0000000000
58880  -47.164  -9.334  32.160 0.0000000000
58879  -46.820  -9.450  31.542 0.0000000000
130894  -47.003  -8.243  31.875 0.0000000000
47663  -35.203  -18.021  46.598 0.0000000000
46539  -34.971  -18.339  45.580 0.0000000000
46540  -35.411  -18.330  45.698 0.0000000000
46551  -35.464  -18.500  44.933 0.0000000000
148259  -35.451  -18.869  42.886 0.0000000000
60123  -43.662  -7.072  19.920 0.0000000000
148887  -51.226  -6.115  24.142 0.0000000000
60094  -52.167  -7.162  22.029 0.0000000000
60096  -53.949  -7.688  22.669 0.0000000000
53315  -44.743  -14.678  41.321 0.0000000000
51003  -44.495  -15.417  41.392 0.0000000000
51009  -45.067  -15.060  41.028 0.0000000000
156346  -45.126  -15.394  40.518 0.0000000000
51034  -44.885  -15.311  38.682 0.0000000000
52273  -41.022  -14.395  27.899 0.0000000000
151796  -40.228  -14.510  28.058 0.0000000000
52272  -40.057  -14.379  27.433 0.0000000000
52287  -39.355  -14.348  27.074 0.0000000000
150011  -37.432  -14.525  26.493 0.0000000000
131537  -37.335  -14.284  25.873 0.0000000000
139386  -37.225  -14.007  25.113 0.0000000000
57903  -41.796  -8.987  22.454 0.0000000000
136931  -60.764  4.663  20.070 0.0000000000
72164  -60.192  3.866  19.268 0.0000000000
72165  -60.793  3.988  18.743 0.0000000000
71066  -60.060  3.566  17.625 0.0000000000
71076  -59.773  3.218  16.811 0.0000000000
138684  -58.868  2.876  16.633 0.0000000000
71075  -59.653  2.864  16.042 0.0000000000
71087  -59.920  2.715  15.264 0.0000000000
48749  -26.783  -17.983  47.930 0.0000000000
47645  -26.183  -18.281  47.345 0.0000000000
48764  -26.625  -17.858  46.934 0.0000000000
49878  -26.447  -16.997  45.281 0.0000000000
50001  -26.670  -16.483  36.173 0.0000000000
50024  -25.555  -16.812  34.755 0.0000000000
48915  -24.973  -17.106  34.191 0.0000000000
48945  -24.711  -17.701  32.919 0.0000000000
47839  -24.683  -18.076  32.286 0.0000000000
48919  -34.468  -17.763  34.433 0.0000000000
126876  -32.314  -18.570  31.942 0.0000000000
60068  -44.643  -7.750  24.998 0.0000000000
151386  -45.970  -6.907  25.669 0.0000000000
127687  -48.236  -6.065  28.808 0.0000000000
128727  -48.603  -6.262  27.996 0.0000000000
61285  -50.285  -6.036  27.161 0.0000000000
61268  -51.757  -6.288  27.995 0.0000000000
151434  -48.737  -12.357  37.684 0.0000000000
52192  -48.451  -13.333  37.251 0.0000000000
131267  -48.910  -12.650  36.803 0.0000000000
53374  -48.640  -12.961  35.767 0.0000000000
148558  -47.903  -13.429  34.530 0.0000000000
55662  -47.202  -11.840  32.174 0.0000000000
149916  -47.274  -12.227  32.522 0.0000000000
54558  -46.243  -12.654  31.122 0.0000000000
53412  -44.550  -13.541  30.057 0.0000000000
150045  -43.770  -13.610  29.150 0.0000000000
134494  -44.259  -13.359  29.456 0.0000000000
53424  -43.160  -13.154  27.980 0.0000000000
53430  -42.626  -12.956  27.274 0.0000000000
53438  -41.699  -13.184  26.277 0.0000000000
54589  -42.659  -12.360  27.023 0.0000000000
55727  -42.966  -11.733  27.173 0.0000000000
57865  -44.872  -9.383  28.139 0.0000000000
146985  -44.412  -9.358  27.428 0.0000000000
57893  -43.846  -8.956  26.134 0.0000000000
57892  -43.428  -9.040  25.412 0.0000000000
147492  -44.205  -8.384  25.630 0.0000000000
49835  -30.965  -16.080  47.855 0.0000000000
49851  -30.746  -16.190  47.122 0.0000000000
49882  -31.182  -16.887  44.855 0.0000000000
136817  -32.635  -17.516  42.495 0.0000000000
48813  -32.035  -17.132  42.733 0.0000000000
48830  -32.217  -17.382  41.887 0.0000000000
134729  -31.650  -17.360  40.698 0.0000000000
48860  -30.991  -17.086  40.422 0.0000000000
49965  -30.344  -16.927  39.100 0.0000000000
48889  -30.234  -17.365  37.586 0.0000000000
127004  -45.718  -6.593  22.031 0.0000000000
147023  -46.122  -6.488  21.266 0.0000000000
61359  -46.844  -6.410  21.188 0.0000000000
129138  -49.221  -6.504  20.612 0.0000000000
136026  -48.216  -6.521  19.182 0.0000000000
62513  -53.813  -5.997  18.180 0.0000000000
47693  -41.191  -17.479  43.584 0.0000000000
46556  -40.158  -18.323  43.139 0.0000000000
47707  -40.816  -17.965  42.687 0.0000000000
46569  -40.837  -17.897  42.092 0.0000000000
47740  -40.644  -17.869  41.634 0.0000000000
51031  -41.205  -15.576  38.970 0.0000000000
137273  -40.661  -16.172  39.599 0.0000000000
49983  -40.267  -15.721  38.915 0.0000000000
51030  -39.567  -15.644  38.392 0.0000000000
51043  -38.842  -15.601  37.727 0.0000000000
51054  -38.221  -15.589  37.023 0.0000000000
154236  -38.072  -15.299  35.690 0.0000000000
51079  -38.046  -15.154  34.803 0.0000000000
50019  -45.640  -15.247  34.908 0.0000000000
51073  -45.259  -15.142  35.449 0.0000000000
51083  -45.018  -15.229  34.496 0.0000000000
51082  -44.192  -15.195  34.144 0.0000000000
51081  -43.283  -15.119  33.912 0.0000000000
128087  -39.029  -14.738  30.038 0.0000000000
51119  -39.507  -14.664  31.305 0.0000000000
124835  -39.190  -14.721  30.642 0.0000000000
51118  -38.569  -14.702  31.260 0.0000000000
136478  -38.039  -14.758  32.054 0.0000000000
129911  -37.269  -15.021  32.081 0.0000000000
51128  -36.641  -15.176  30.812 0.0000000000
54602  -40.308  -12.709  23.537 0.0000000000
50954  -39.268  -15.606  45.806 0.0000000000
52110  -39.441  -14.753  45.769 0.0000000000
54361  -42.836  -12.133  44.075 0.0000000000
54375  -43.221  -12.628  43.262 0.0000000000
55505  -43.412  -11.568  43.668 0.0000000000
56667  -47.277  -9.674  39.666 0.0000000000
65588  -49.272  -2.217  34.297 0.0000000000
64564  -49.170  -2.497  33.432 0.0000000000
65594  -49.889  -1.889  33.890 0.0000000000
65606  -50.412  -2.265  33.318 0.0000000000
64574  -51.096  -2.834  33.039 0.0000000000
61183  -53.997  -5.780  32.191 0.0000000000
61198  -53.681  -6.563  31.921 0.0000000000
130454  -53.612  -6.968  31.133 0.0000000000
61217  -54.129  -6.654  31.235 0.0000000000
59980  -54.612  -6.542  30.082 0.0000000000
59997  -54.652  -6.507  29.601 0.0000000000
64620  -57.982  -3.822  27.299 0.0000000000
63580  -57.522  -4.582  27.590 0.0000000000
62431  -56.980  -5.198  27.896 0.0000000000
61256  -56.846  -5.773  27.393 0.0000000000
61272  -57.263  -5.981  26.651 0.0000000000
151303  -57.055  -6.515  26.101 0.0000000000
60045  -57.252  -6.861  25.321 0.0000000000
60073  -56.123  -7.589  24.149 0.0000000000
60059  -57.551  -7.062  24.452 0.0000000000
60087  -57.187  -7.281  23.649 0.0000000000
61352  -57.083  -6.888  22.751 0.0000000000
63637  -59.146  -3.848  21.962 0.0000000000
63636  -58.450  -4.356  21.935 0.0000000000
64678  -58.556  -3.554  21.564 0.0000000000
152133  -56.768  -4.173  21.474 0.0000000000
64698  -56.171  -4.401  21.202 0.0000000000
64697  -54.835  -4.145  20.364 0.0000000000
65735  -55.575  -3.557  20.722 0.0000000000
65747  -55.306  -2.414  20.048 0.0000000000
71000  -58.978  2.290  22.733 0.0000000000
69868  -58.805  1.881  21.462 0.0000000000
69900  -57.478  2.175  19.618 0.0000000000
69899  -56.908  1.498  19.248 0.0000000000
68816  -56.312  0.733  18.936 0.0000000000
67822  -55.760  0.035  18.605 0.0000000000
67828  -54.759  -0.450  17.608 0.0000000000
67836  -54.255  -0.361  16.811 0.0000000000
67850  -54.036  -0.061  15.893 0.0000000000
68850  -53.899  0.129  15.000 0.0000000000
69979  -55.957  1.507  13.637 0.0000000000
68889  -55.120  1.164  13.092 0.0000000000
68888  -54.660  0.946  12.415 0.0000000000
68899  -53.791  0.492  11.358 0.0000000000
71119  -61.408  3.351  14.492 0.0000000000
71118  -61.042  3.054  14.295 0.0000000000
71129  -61.230  3.220  13.937 0.0000000000
71128  -60.432  2.998  13.419 0.0000000000
71141  -59.506  3.143  11.725 0.0000000000
72266  -58.751  3.126  9.041 0.0000000000
48762  -22.463  -17.662  46.752 0.0000000000
47702  -24.242  -18.431  43.906 0.0000000000
47686  -23.688  -18.440  44.505 0.0000000000
47716  -22.725  -18.207  42.199 0.0000000000
48842  -22.058  -18.019  41.827 0.0000000000
47733  -22.605  -18.183  41.462 0.0000000000
47748  -22.427  -18.148  40.709 0.0000000000
47760  -22.233  -18.106  39.937 0.0000000000
50990  -27.719  -15.570  43.162 0.0000000000
142744  -26.006  -16.298  41.286 0.0000000000
147863  -24.519  -16.889  37.117 0.0000000000
48888  -23.894  -17.250  37.184 0.0000000000
47781  -22.655  -17.982  37.933 0.0000000000
47799  -21.985  -18.928  35.710 0.0000000000
144665  -21.674  -20.072  34.860 0.0000000000
45665  -21.898  -20.684  34.324 0.0000000000
45668  -22.368  -20.520  33.737 0.0000000000
46587  -36.225  -19.147  40.968 0.0000000000
126627  -35.762  -19.663  39.692 0.0000000000
46606  -35.250  -19.858  39.200 0.0000000000
46615  -34.657  -19.768  38.646 0.0000000000
46659  -32.424  -19.601  34.564 0.0000000000
127429  -32.607  -19.742  35.979 0.0000000000
47802  -31.190  -19.488  34.897 0.0000000000
144898  -30.476  -19.052  34.652 0.0000000000
47791  -30.852  -18.896  35.572 0.0000000000
47827  -29.583  -18.598  33.518 0.0000000000
45710  -26.539  -20.652  28.720 0.0000000000
127452  -26.865  -19.101  29.637 0.0000000000
58911  -45.801  -7.885  28.642 0.0000000000
60010  -46.254  -7.176  28.010 0.0000000000
130471  -46.347  -7.277  28.818 0.0000000000
61232  -47.410  -6.283  29.314 0.0000000000
61233  -48.833  -5.827  29.195 0.0000000000
56743  -49.531  -10.168  36.176 0.0000000000
54490  -49.056  -11.285  35.408 0.0000000000
56756  -49.053  -10.493  35.213 0.0000000000
55635  -48.426  -11.160  34.391 0.0000000000
56779  -47.795  -11.465  33.396 0.0000000000
132723  -47.863  -11.095  33.382 0.0000000000
142070  -47.577  -11.318  32.857 0.0000000000
55661  -47.118  -11.331  31.872 0.0000000000
56815  -46.257  -11.472  30.615 0.0000000000
56814  -45.743  -11.093  29.970 0.0000000000
56824  -45.219  -11.500  29.419 0.0000000000
130038  -45.733  -10.386  29.870 0.0000000000
57842  -45.457  -9.608  29.335 0.0000000000
127395  -45.902  -9.256  29.887 0.0000000000
58901  -45.711  -8.646  29.324 0.0000000000
47646  -33.020  -17.395  47.255 0.0000000000
48767  -32.598  -17.424  46.683 0.0000000000
47676  -33.191  -17.739  46.274 0.0000000000
126073  -33.196  -17.668  45.228 0.0000000000
47689  -33.534  -17.891  44.253 0.0000000000
155023  -34.438  -18.306  44.792 0.0000000000
47704  -33.205  -17.812  42.814 0.0000000000
47719  -33.099  -17.935  41.769 0.0000000000
47736  -33.218  -18.456  40.661 0.0000000000
61334  -48.827  -6.213  23.559 0.0000000000
125061  -48.011  -6.240  23.049 0.0000000000
61347  -48.930  -6.236  22.726 0.0000000000
61360  -48.985  -6.283  21.888 0.0000000000
61349  -50.608  -6.354  22.955 0.0000000000
61361  -49.612  -6.439  21.356 0.0000000000
132068  -49.606  -6.784  19.822 0.0000000000
60113  -50.468  -7.207  19.669 0.0000000000
61385  -49.907  -7.133  19.040 0.0000000000
125085  -52.344  -7.800  19.754 0.0000000000
138806  -52.438  -7.649  20.541 0.0000000000
60127  -54.756  -7.550  19.794 0.0000000000
49906  -42.880  -15.961  42.613 0.0000000000
47724  -42.515  -17.041  42.072 0.0000000000
48831  -43.210  -16.381  41.913 0.0000000000
48866  -42.965  -16.826  41.189 0.0000000000
49950  -42.520  -16.894  40.815 0.0000000000
49952  -44.266  -16.226  40.828 0.0000000000
141763  -43.221  -16.608  40.583 0.0000000000
51019  -42.148  -15.930  39.517 0.0000000000
51032  -42.212  -15.265  38.654 0.0000000000
51045  -41.369  -14.987  37.997 0.0000000000
52203  -41.566  -14.669  37.025 0.0000000000
134212  -42.903  -15.126  31.023 0.0000000000
51122  -42.493  -15.293  31.503 0.0000000000
130128  -42.172  -15.075  30.831 0.0000000000
124926  -41.338  -15.027  30.735 0.0000000000
51177  -40.664  -14.553  28.684 0.0000000000
51154  -40.278  -14.675  29.418 0.0000000000
51131  -39.886  -14.764  30.149 0.0000000000
142066  -37.878  -14.819  28.955 0.0000000000
51173  -36.323  -15.057  28.367 0.0000000000
51191  -36.840  -14.907  27.653 0.0000000000
51204  -35.850  -14.907  26.773 0.0000000000
52300  -35.325  -14.810  26.124 0.0000000000
52301  -36.692  -14.643  26.422 0.0000000000
55741  -40.380  -11.363  22.650 0.0000000000
55745  -40.196  -10.773  21.907 0.0000000000
152828  -39.920  -10.709  21.332 0.0000000000
56872  -39.673  -10.644  20.811 0.0000000000
56878  -39.907  -9.959  20.323 0.0000000000
64627  -58.772  -3.701  25.796 0.0000000000
63607  -59.047  -4.315  24.811 0.0000000000
62480  -58.974  -4.912  24.605 0.0000000000
63613  -59.304  -4.250  24.203 0.0000000000
63614  -59.438  -4.184  23.579 0.0000000000
64649  -59.600  -3.559  23.089 0.0000000000
65684  -59.628  -2.629  23.604 0.0000000000
152426  -59.680  -3.009  23.195 0.0000000000
64663  -59.557  -3.590  22.430 0.0000000000
124980  -59.514  -3.163  21.989 0.0000000000
65727  -59.126  -2.230  21.352 0.0000000000
72139  -59.229  4.263  22.009 0.0000000000
72153  -59.184  3.456  20.765 0.0000000000
71043  -58.658  3.088  20.348 0.0000000000
136428  -58.657  3.321  19.402 0.0000000000
71054  -57.883  2.867  19.030 0.0000000000
69928  -56.400  1.828  17.051 0.0000000000
69940  -55.807  1.378  16.448 0.0000000000
69941  -56.505  1.835  16.043 0.0000000000
69956  -56.649  1.725  15.096 0.0000000000
69970  -56.769  1.696  14.168 0.0000000000
140765  -56.902  1.737  13.199 0.0000000000
69995  -56.709  1.738  12.287 0.0000000000
72241  -61.587  4.128  12.436 0.0000000000
73320  -61.338  4.596  11.069 0.0000000000
134433  -60.110  4.038  9.583 0.0000000000
141461  -23.868  -18.391  47.610 0.0000000000
47643  -24.621  -18.551  47.933 0.0000000000
47657  -24.554  -18.509  46.509 0.0000000000
47674  -24.634  -18.457  45.596 0.0000000000
47675  -25.520  -18.124  45.615 0.0000000000
47688  -24.991  -18.264  44.973 0.0000000000
47687  -24.413  -18.459  44.729 0.0000000000
124547  -28.159  -15.805  39.994 0.0000000000
49963  -27.496  -15.869  39.319 0.0000000000
141773  -26.812  -16.059  38.653 0.0000000000
132349  -25.758  -16.423  37.748 0.0000000000
133350  -26.224  -16.432  36.992 0.0000000000
50000  -25.325  -16.589  37.045 0.0000000000
135395  -23.190  -18.425  34.044 0.0000000000
47826  -24.134  -18.149  32.885 0.0000000000
46677  -23.686  -19.592  32.371 0.0000000000
138385  -35.942  -17.976  37.438 0.0000000000
47784  -35.468  -18.607  37.316 0.0000000000
47794  -34.898  -18.578  36.608 0.0000000000
47793  -34.211  -18.931  36.034 0.0000000000
46647  -33.626  -19.309  35.573 0.0000000000
140546  -33.935  -18.553  34.374 0.0000000000
47803  -33.550  -19.156  34.784 0.0000000000
46660  -33.024  -19.397  34.491 0.0000000000
129564  -32.071  -19.633  33.929 0.0000000000
46670  -31.494  -19.619  33.588 0.0000000000
141550  -43.285  -7.653  21.879 0.0000000000
60091  -43.669  -7.651  22.603 0.0000000000
60092  -44.446  -7.229  22.686 0.0000000000
60069  -45.121  -7.235  24.337 0.0000000000
124973  -46.604  -6.499  23.804 0.0000000000
60026  -46.148  -7.001  27.201 0.0000000000
151496  -46.750  -6.639  26.800 0.0000000000
61282  -46.941  -6.496  26.256 0.0000000000
61300  -47.492  -6.273  25.819 0.0000000000
61317  -48.104  -6.148  24.709 0.0000000000
124848  -48.930  -6.118  24.345 0.0000000000
61318  -49.583  -5.911  24.899 0.0000000000
61319  -50.555  -5.933  24.708 0.0000000000
61320  -51.606  -6.068  24.784 0.0000000000
54413  -47.038  -13.215  39.482 0.0000000000
52165  -47.029  -14.325  39.259 0.0000000000
52176  -47.365  -14.327  38.528 0.0000000000
49989  -46.809  -14.807  37.335 0.0000000000
50009  -46.875  -14.875  36.669 0.0000000000
52191  -48.094  -13.914  37.047 0.0000000000
51063  -47.184  -14.802  36.186 0.0000000000
50021  -46.677  -15.151  35.531 0.0000000000
51084  -45.854  -15.266  34.454 0.0000000000
51098  -45.326  -15.277  33.646 0.0000000000
51111  -44.413  -15.333  32.693 0.0000000000
53384  -48.452  -12.091  34.695 0.0000000000
135361  -48.038  -12.680  34.288 0.0000000000
53392  -47.219  -13.836  33.564 0.0000000000
54549  -47.146  -12.838  32.624 0.0000000000
53401  -46.960  -13.599  32.903 0.0000000000
52249  -46.698  -14.358  33.251 0.0000000000
151059  -46.119  -14.735  32.895 0.0000000000
51125  -44.744  -15.049  32.314 0.0000000000
51124  -44.046  -15.247  31.987 0.0000000000
51134  -43.238  -14.752  30.478 0.0000000000
51157  -42.944  -14.609  29.891 0.0000000000
52260  -42.304  -14.285  28.773 0.0000000000
52262  -43.433  -13.969  29.200 0.0000000000
52274  -42.455  -13.981  28.188 0.0000000000
133130  -41.856  -14.164  27.916 0.0000000000
52288  -40.776  -14.192  27.169 0.0000000000
137360  -40.185  -13.979  25.889 0.0000000000
52321  -40.100  -13.778  25.042 0.0000000000
54598  -41.300  -12.857  24.978 0.0000000000
53446  -40.827  -12.869  24.294 0.0000000000
55738  -41.105  -11.524  23.875 0.0000000000
56823  -44.634  -10.994  28.694 0.0000000000
56842  -43.367  -10.959  27.324 0.0000000000
55731  -42.850  -11.017  26.702 0.0000000000
56864  -41.528  -10.712  24.030 0.0000000000
154932  -41.177  -10.896  23.640 0.0000000000
56867  -41.326  -10.271  23.339 0.0000000000
57899  -41.922  -9.333  23.127 0.0000000000
58961  -43.202  -8.857  24.522 0.0000000000
155491  -42.407  -9.158  23.634 0.0000000000
156248  -42.156  -8.872  22.773 0.0000000000
58970  -42.319  -8.522  22.425 0.0000000000
72182  -61.363  3.900  16.837 0.0000000000
145909  -62.124  4.615  16.883 0.0000000000
153863  -62.114  4.406  16.273 0.0000000000
72194  -62.269  4.189  15.228 0.0000000000
73271  -62.543  4.775  15.502 0.0000000000
72208  -62.463  4.197  14.810 0.0000000000
72221  -62.487  4.019  14.362 0.0000000000
72230  -62.603  4.077  13.924 0.0000000000
72243  -62.608  4.287  13.396 0.0000000000
75287  -63.263  6.099  14.003 0.0000000000
74286  -63.349  5.796  13.597 0.0000000000
150388  -63.080  4.819  13.207 0.0000000000
73311  -62.679  4.783  12.522 0.0000000000
73322  -62.650  5.314  11.081 0.0000000000
73323  -63.108  5.753  10.559 0.0000000000
73331  -62.417  5.350  9.758 0.0000000000
150210  -28.537  -15.510  47.728 0.0000000000
49865  -28.283  -15.637  47.056 0.0000000000
124663  -28.614  -15.459  46.430 0.0000000000
50963  -28.414  -15.541  45.596 0.0000000000
50972  -28.468  -15.586  44.594 0.0000000000
49866  -29.796  -16.003  45.676 0.0000000000
50964  -29.147  -15.714  45.143 0.0000000000
50981  -28.512  -15.615  43.658 0.0000000000
50991  -28.578  -15.677  42.728 0.0000000000
49931  -28.505  -15.717  41.699 0.0000000000
48781  -31.830  -17.159  45.367 0.0000000000
49893  -31.233  -16.858  43.972 0.0000000000
49917  -30.522  -16.490  42.467 0.0000000000
49945  -28.813  -15.871  40.672 0.0000000000
126017  -28.488  -16.043  39.136 0.0000000000
127120  -28.385  -16.406  37.685 0.0000000000
49964  -29.404  -16.408  39.033 0.0000000000
49993  -28.031  -16.463  36.956 0.0000000000
50002  -27.619  -16.535  36.170 0.0000000000
50026  -27.198  -16.884  34.331 0.0000000000
154894  -33.308  -17.219  31.458 0.0000000000
153085  -43.847  -7.062  20.581 0.0000000000
61369  -44.338  -6.812  20.194 0.0000000000
61380  -44.228  -6.771  19.313 0.0000000000
61391  -44.526  -6.623  18.401 0.0000000000
147047  -47.101  -6.361  19.985 0.0000000000
61383  -46.550  -6.397  19.533 0.0000000000
60137  -51.934  -7.821  18.055 0.0000000000
61409  -52.685  -6.656  16.936 0.0000000000
137643  -52.311  -6.002  16.659 0.0000000000
63677  -52.019  -4.433  17.312 0.0000000000
64729  -52.044  -3.657  17.387 0.0000000000
46533  -37.854  -18.190  45.211 0.0000000000
46553  -37.294  -18.616  44.270 0.0000000000
46554  -38.089  -18.605  44.154 0.0000000000
126977  -37.877  -18.734  42.667 0.0000000000
46577  -38.292  -18.722  42.115 0.0000000000
46567  -39.507  -18.532  42.764 0.0000000000
126187  -38.727  -18.579  41.568 0.0000000000
138252  -37.855  -18.645  41.021 0.0000000000
46598  -37.135  -18.794  40.375 0.0000000000
47764  -36.826  -18.757  39.337 0.0000000000
47775  -36.584  -18.513  38.632 0.0000000000
48847  -41.773  -17.418  41.486 0.0000000000
47756  -40.687  -17.828  41.399 0.0000000000
48863  -40.013  -17.569  40.754 0.0000000000
48877  -40.287  -16.833  40.210 0.0000000000
48876  -39.329  -17.129  40.085 0.0000000000
149892  -38.618  -17.541  40.027 0.0000000000
48875  -37.920  -17.711  39.690 0.0000000000
47785  -36.454  -17.745  37.914 0.0000000000
48892  -36.271  -17.274  37.185 0.0000000000
48900  -36.033  -16.983  36.474 0.0000000000
153883  -35.932  -16.785  35.993 0.0000000000
50018  -37.003  -15.958  36.217 0.0000000000
50017  -35.905  -16.547  35.430 0.0000000000
48920  -35.009  -16.839  34.129 0.0000000000
48936  -34.861  -16.564  33.290 0.0000000000
50039  -34.719  -16.406  32.549 0.0000000000
51036  -46.622  -14.959  38.780 0.0000000000
49987  -46.012  -15.205  38.458 0.0000000000
51048  -44.727  -15.041  37.763 0.0000000000
143347  -44.750  -14.967  35.937 0.0000000000
51060  -44.290  -14.806  36.831 0.0000000000
51058  -42.601  -14.594  36.756 0.0000000000
52218  -41.894  -14.570  36.062 0.0000000000
52202  -40.732  -14.634  36.260 0.0000000000
51109  -42.818  -15.415  32.191 0.0000000000
51094  -42.335  -15.158  32.810 0.0000000000
52243  -41.572  -14.669  33.436 0.0000000000
146829  -40.796  -14.525  33.238 0.0000000000
52232  -41.688  -14.526  34.371 0.0000000000
129782  -40.730  -14.468  34.725 0.0000000000
52216  -40.282  -14.574  35.384 0.0000000000
52215  -39.445  -14.750  35.422 0.0000000000
52214  -38.945  -14.818  34.919 0.0000000000
51091  -37.209  -15.326  33.935 0.0000000000
51104  -37.508  -15.021  32.915 0.0000000000
124440  -36.777  -15.382  33.229 0.0000000000
51090  -36.393  -15.661  33.737 0.0000000000
50040  -35.368  -15.998  32.770 0.0000000000
48950  -34.216  -16.558  31.966 0.0000000000
63518  -48.801  -3.656  34.436 0.0000000000
64557  -49.028  -2.789  34.793 0.0000000000
140117  -25.255  -18.259  49.174 0.0000000000
47618  -25.733  -17.925  49.622 0.0000000000
139885  -25.926  -18.253  48.939 0.0000000000
47608  -26.477  -17.191  49.856 0.0000000000
47629  -26.548  -18.016  48.742 0.0000000000
47630  -26.985  -17.696  48.679 0.0000000000
49833  -27.843  -16.706  48.819 0.0000000000
49834  -28.177  -16.006  49.313 0.0000000000
49849  -28.372  -15.725  48.456 0.0000000000
50934  -29.746  -15.110  48.548 0.0000000000
50935  -30.544  -15.567  48.428 0.0000000000
125727  -30.525  -15.292  48.985 0.0000000000
49817  -31.268  -15.947  48.671 0.0000000000
49836  -31.891  -16.628  48.129 0.0000000000
48735  -32.513  -17.017  47.666 0.0000000000
49819  -32.380  -16.591  48.102 0.0000000000
47631  -33.045  -17.194  47.510 0.0000000000
48736  -33.693  -17.282  47.549 0.0000000000
47633  -34.159  -17.734  47.273 0.0000000000
47634  -34.740  -17.725  47.165 0.0000000000
154309  -35.176  -17.658  47.071 0.0000000000
47650  -35.521  -17.687  46.868 0.0000000000
46522  -36.021  -17.744  46.618 0.0000000000
47664  -36.716  -17.808  46.227 0.0000000000
48768  -37.686  -17.179  46.321 0.0000000000
47665  -37.716  -17.858  45.709 0.0000000000
47666  -38.696  -17.641  45.410 0.0000000000
48783  -40.191  -17.167  44.748 0.0000000000
50955  -39.667  -16.092  45.470 0.0000000000
49870  -39.966  -16.650  45.138 0.0000000000
49884  -41.503  -16.551  43.874 0.0000000000
49894  -41.981  -16.121  43.541 0.0000000000
49895  -42.401  -16.304  43.090 0.0000000000
52123  -42.144  -14.925  43.667 0.0000000000
50974  -42.493  -15.676  43.154 0.0000000000
50983  -43.057  -15.428  42.578 0.0000000000
52139  -43.558  -15.184  42.214 0.0000000000
53300  -43.962  -14.889  42.055 0.0000000000
53314  -43.945  -13.915  41.942 0.0000000000
153540  -44.348  -14.753  41.759 0.0000000000
53327  -44.468  -14.128  41.428 0.0000000000
53328  -45.081  -14.001  40.820 0.0000000000
54411  -45.429  -13.075  40.361 0.0000000000
56650  -44.752  -10.774  41.880 0.0000000000
55532  -45.121  -11.228  40.831 0.0000000000
55545  -45.732  -11.984  40.143 0.0000000000
54412  -46.355  -12.921  39.875 0.0000000000
135386  -46.995  -12.443  39.475 0.0000000000
140729  -47.457  -12.417  39.106 0.0000000000
54427  -48.002  -12.416  38.598 0.0000000000
56681  -47.528  -10.601  39.243 0.0000000000
126205  -48.198  -10.613  38.812 0.0000000000
55560  -48.425  -11.413  38.459 0.0000000000
55561  -48.977  -11.138  38.026 0.0000000000
55573  -49.367  -10.738  37.533 0.0000000000
56716  -49.615  -10.096  37.134 0.0000000000
58806  -49.561  -8.395  37.566 0.0000000000
57765  -49.667  -9.134  37.173 0.0000000000
146260  -49.669  -9.483  36.740 0.0000000000
57786  -49.658  -8.992  36.319 0.0000000000
57794  -49.665  -8.896  36.087 0.0000000000
139354  -49.766  -7.887  35.625 0.0000000000
61159  -49.563  -7.026  35.107 0.0000000000
61158  -48.844  -7.000  34.367 0.0000000000
62368  -48.196  -4.744  33.221 0.0000000000
62380  -48.052  -4.697  32.251 0.0000000000
63554  -48.608  -3.988  31.765 0.0000000000
64572  -49.260  -2.851  32.663 0.0000000000
146486  -48.792  -3.365  32.349 0.0000000000
143210  -48.847  -4.416  31.065 0.0000000000
62398  -49.737  -4.627  30.877 0.0000000000
62417  -50.418  -5.509  30.308 0.0000000000
64575  -51.965  -3.593  33.013 0.0000000000
64566  -52.713  -3.422  33.199 0.0000000000
62418  -51.386  -6.082  31.000 0.0000000000
150872  -51.235  -6.334  30.281 0.0000000000
61235  -51.476  -6.665  29.880 0.0000000000
61252  -51.790  -6.664  29.324 0.0000000000
152006  -52.587  -6.652  28.689 0.0000000000
61237  -53.130  -7.086  29.917 0.0000000000
137151  -53.078  -6.654  28.671 0.0000000000
61269  -52.613  -6.440  28.077 0.0000000000
61288  -53.057  -6.232  27.003 0.0000000000
61305  -53.774  -6.485  26.064 0.0000000000
62404  -55.660  -5.359  30.307 0.0000000000
61239  -55.414  -6.073  29.283 0.0000000000
60014  -55.335  -6.263  28.563 0.0000000000
61255  -56.250  -5.889  28.023 0.0000000000
60029  -55.697  -6.342  27.713 0.0000000000
60042  -55.217  -6.510  27.452 0.0000000000
154462  -54.720  -6.559  27.074 0.0000000000
60071  -54.424  -6.851  25.260 0.0000000000
132605  -54.258  -7.171  24.347 0.0000000000
60085  -54.105  -7.497  23.508 0.0000000000
153031  -55.576  -7.692  23.406 0.0000000000
124956  -54.593  -7.767  22.140 0.0000000000
60106  -55.147  -7.640  21.608 0.0000000000
60117  -54.953  -7.602  20.699 0.0000000000
61376  -55.305  -7.186  20.257 0.0000000000
62489  -58.873  -5.478  23.735 0.0000000000
61354  -58.328  -6.056  23.424 0.0000000000
61366  -57.422  -6.398  22.657 0.0000000000
62502  -57.510  -5.806  22.343 0.0000000000
61365  -56.803  -6.526  22.180 0.0000000000
61387  -55.410  -6.697  19.978 0.0000000000
61386  -55.059  -7.026  19.429 0.0000000000
62509  -54.215  -5.651  19.079 0.0000000000
156132  -53.565  -5.165  18.770 0.0000000000
63658  -53.835  -4.633  19.312 0.0000000000
131921  -53.133  -4.333  18.663 0.0000000000
64720  -52.553  -3.649  18.055 0.0000000000
65761  -52.381  -2.779  17.364 0.0000000000
65738  -58.991  -1.429  21.100 0.0000000000
141346  -58.429  1.081  20.810 0.0000000000
69883  -57.953  1.796  20.433 0.0000000000
68807  -57.901  0.793  20.441 0.0000000000
68799  -58.650  0.272  20.812 0.0000000000
66778  -57.956  -1.090  20.708 0.0000000000
65748  -56.252  -1.638  20.193 0.0000000000
66784  -54.729  -1.921  19.237 0.0000000000
66794  -55.024  -1.202  18.778 0.0000000000
124580  -54.141  -2.283  18.824 0.0000000000
66792  -53.670  -2.120  18.178 0.0000000000
151896  -52.342  -2.302  16.845 0.0000000000
66824  -52.787  -1.081  15.872 0.0000000000
66850  -51.692  -1.296  13.521 0.0000000000
68852  -55.224  0.954  15.929 0.0000000000
68863  -53.795  0.291  14.101 0.0000000000
68878  -54.446  0.767  13.666 0.0000000000
67871  -53.086  -0.139  13.607 0.0000000000
131108  -60.554  3.176  15.370 0.0000000000
71088  -60.353  2.761  14.855 0.0000000000
155398  -59.816  2.497  14.757 0.0000000000
71117  -60.294  2.662  14.029 0.0000000000
69973  -59.493  2.372  13.835 0.0000000000
69980  -57.451  1.917  12.590 0.0000000000
142099  -56.590  1.783  11.469 0.0000000000
72240  -60.754  3.896  11.797 0.0000000000
71140  -58.828  2.807  11.606 0.0000000000
71168  -58.125  2.788  9.727 0.0000000000
71155  -58.415  2.881  10.725 0.0000000000
71139  -57.951  2.434  11.462 0.0000000000
70004  -55.884  1.511  11.087 0.0000000000
48778  -23.160  -18.137  46.295 0.0000000000
48809  -22.889  -18.131  44.336 0.0000000000
47746  -20.382  -18.355  40.359 0.0000000000
49879  -27.344  -16.354  46.080 0.0000000000
49890  -27.053  -16.264  45.293 0.0000000000
49901  -26.426  -16.334  44.053 0.0000000000
130177  -26.290  -16.278  43.270 0.0000000000
48829  -25.712  -16.916  43.110 0.0000000000
48828  -25.197  -17.509  42.881 0.0000000000
48843  -24.573  -17.965  41.710 0.0000000000
49943  -26.229  -16.036  40.499 0.0000000000
48872  -25.051  -16.713  39.369 0.0000000000
48859  -24.848  -17.091  40.335 0.0000000000
48858  -24.401  -17.782  40.946 0.0000000000
48857  -23.779  -18.039  40.650 0.0000000000
136736  -22.059  -18.171  39.256 0.0000000000
135917  -22.026  -18.288  38.092 0.0000000000
46669  -22.623  -19.691  33.601 0.0000000000
46565  -36.408  -18.731  43.479 0.0000000000
46574  -35.958  -18.875  42.719 0.0000000000
126856  -35.583  -19.067  42.061 0.0000000000
46586  -35.668  -19.247  41.186 0.0000000000
46594  -34.620  -19.199  40.920 0.0000000000
47753  -33.946  -19.199  40.348 0.0000000000
46603  -33.269  -19.039  39.706 0.0000000000
47763  -32.639  -18.840  39.048 0.0000000000
125836  -34.725  -19.544  37.996 0.0000000000
46625  -33.559  -19.617  37.657 0.0000000000
125945  -33.303  -19.570  38.031 0.0000000000
47773  -32.669  -19.318  38.065 0.0000000000
47762  -32.020  -18.568  38.513 0.0000000000
48883  -31.423  -18.256  37.977 0.0000000000
48890  -30.839  -18.000  37.378 0.0000000000
127997  -30.224  -17.638  36.870 0.0000000000
47801  -30.082  -18.258  35.204 0.0000000000
129396  -29.654  -17.622  35.622 0.0000000000
48905  -29.009  -17.151  35.538 0.0000000000
129393  -26.778  -17.268  32.988 0.0000000000
47862  -32.012  -18.306  31.244 0.0000000000
136603  -31.111  -18.792  31.126 0.0000000000
148127  -31.646  -18.877  31.765 0.0000000000
131860  -31.029  -19.231  32.164 0.0000000000
47881  -29.070  -18.610  29.989 0.0000000000
149207  -29.469  -18.795  31.241 0.0000000000
47842  -29.505  -18.855  31.982 0.0000000000
47841  -28.812  -18.395  31.982 0.0000000000
48949  -28.288  -17.929  32.314 0.0000000000
47870  -27.005  -18.491  30.358 0.0000000000
47859  -27.293  -18.098  31.117 0.0000000000
48960  -27.507  -17.766  31.924 0.0000000000
141268  -26.945  -17.499  32.332 0.0000000000
48947  -26.232  -17.470  32.396 0.0000000000
47840  -25.229  -18.005  31.846 0.0000000000
46691  -24.673  -19.494  31.163 0.0000000000
46521  -35.547  -17.897  46.620 0.0000000000
46529  -35.086  -18.202  46.254 0.0000000000
46531  -36.147  -18.019  46.232 0.0000000000
46543  -39.104  -18.296  44.383 0.0000000000
46544  -39.903  -18.183  43.951 0.0000000000
46552  -36.552  -18.601  44.369 0.0000000000
46564  -35.590  -18.686  43.796 0.0000000000
46578  -39.185  -18.569  42.143 0.0000000000
46579  -40.341  -18.107  41.863 0.0000000000
46597  -36.337  -19.236  40.163 0.0000000000
46616  -35.453  -19.273  37.897 0.0000000000
46627  -34.823  -19.220  37.301 0.0000000000
46645  -32.190  -19.687  35.299 0.0000000000
46713  -26.608  -19.849  29.096 0.0000000000
47596  -25.456  -17.157  50.610 0.0000000000
47597  -26.013  -17.173  50.211 0.0000000000
47617  -25.118  -17.906  49.953 0.0000000000
47619  -26.369  -17.718  49.423 0.0000000000
47632  -33.608  -17.593  47.323 0.0000000000
47642  -24.020  -18.355  48.464 0.0000000000
47647  -33.957  -18.007  47.068 0.0000000000
47648  -34.573  -18.050  46.937 0.0000000000
47649  -35.070  -17.861  46.914 0.0000000000
47651  -37.184  -17.533  46.278 0.0000000000
47656  -24.439  -18.529  47.215 0.0000000000
47660  -33.108  -17.616  46.898 0.0000000000
47667  -39.540  -17.626  44.933 0.0000000000
47691  -34.458  -18.274  45.385 0.0000000000
47692  -40.677  -17.929  43.428 0.0000000000
47709  -41.957  -17.402  42.756 0.0000000000
47738  -39.320  -18.443  41.355 0.0000000000
47741  -41.246  -17.473  41.397 0.0000000000
47742  -42.134  -17.492  42.208 0.0000000000
47757  -41.354  -17.529  41.386 0.0000000000
47765  -37.404  -18.504  39.928 0.0000000000
47872  -28.825  -18.611  30.745 0.0000000000
48718  -32.567  -16.898  47.723 0.0000000000
48737  -34.265  -17.459  47.411 0.0000000000
48751  -32.086  -17.131  47.071 0.0000000000
48782  -32.507  -17.437  45.830 0.0000000000
48784  -40.994  -17.108  44.116 0.0000000000
48815  -42.407  -16.994  42.568 0.0000000000
48816  -42.839  -16.477  42.317 0.0000000000
48841  -21.634  -18.065  41.133 0.0000000000
48848  -42.733  -16.853  41.624 0.0000000000
48849  -43.481  -16.449  41.512 0.0000000000
48862  -39.110  -17.860  40.565 0.0000000000
48865  -42.026  -17.240  41.252 0.0000000000
48867  -43.722  -16.513  41.183 0.0000000000
48918  -29.160  -17.879  34.138 0.0000000000
48931  -25.971  -17.193  33.139 0.0000000000
48948  -27.615  -17.488  32.806 0.0000000000
48958  -25.796  -17.766  31.889 0.0000000000
48975  -33.171  -17.114  30.926 0.0000000000
49837  -32.210  -16.696  48.079 0.0000000000
49869  -39.171  -16.727  45.615 0.0000000000
49880  -27.970  -15.723  46.294 0.0000000000
49892  -30.552  -16.512  44.333 0.0000000000
49919  -43.315  -16.036  42.080 0.0000000000
49933  -44.668  -15.731  41.004 0.0000000000
49969  -42.818  -16.365  40.098 0.0000000000
49970  -43.932  -16.253  40.377 0.0000000000
49972  -45.387  -15.411  39.463 0.0000000000
49973  -46.135  -15.230  39.053 0.0000000000
49986  -44.953  -15.494  39.358 0.0000000000
49997  -46.411  -15.042  36.897 0.0000000000
50004  -36.349  -16.424  36.070 0.0000000000
50007  -45.839  -15.204  35.834 0.0000000000
50020  -46.014  -15.291  35.034 0.0000000000
50027  -27.819  -16.871  34.750 0.0000000000
50993  -43.662  -15.469  41.979 0.0000000000
51002  -44.064  -15.464  41.713 0.0000000000
51010  -45.751  -15.040  40.148 0.0000000000
51011  -46.464  -14.765  39.554 0.0000000000
51018  -41.461  -16.177  39.745 0.0000000000
51021  -46.290  -15.068  39.422 0.0000000000
51022  -46.869  -14.739  38.980 0.0000000000
51035  -45.500  -15.294  38.585 0.0000000000
51037  -47.042  -14.636  38.180 0.0000000000
51038  -47.570  -14.239  37.882 0.0000000000
51047  -43.339  -14.727  37.338 0.0000000000
51050  -45.977  -15.148  37.684 0.0000000000
51051  -47.371  -14.447  37.409 0.0000000000
51061  -45.278  -15.067  36.604 0.0000000000
51064  -47.271  -14.620  36.762 0.0000000000
51065  -47.849  -14.165  37.025 0.0000000000
51074  -46.935  -15.065  35.858 0.0000000000
51075  -47.355  -14.776  35.744 0.0000000000
51076  -47.571  -14.506  36.274 0.0000000000
51078  -37.034  -15.605  34.814 0.0000000000
51080  -42.443  -14.894  33.679 0.0000000000
51085  -46.462  -15.235  34.826 0.0000000000
51089  -36.113  -15.630  33.029 0.0000000000
51097  -44.723  -15.316  33.612 0.0000000000
51100  -46.713  -15.102  34.432 0.0000000000
51112  -45.033  -15.255  32.980 0.0000000000
51120  -40.430  -14.821  31.264 0.0000000000
51123  -43.264  -15.324  31.757 0.0000000000
51135  -43.635  -14.948  31.224 0.0000000000
51150  -36.101  -15.254  29.454 0.0000000000
51153  -39.369  -14.668  29.464 0.0000000000
51156  -42.417  -14.593  29.589 0.0000000000
52138  -43.009  -15.103  42.747 0.0000000000
52154  -45.007  -15.088  41.008 0.0000000000
52166  -47.582  -13.884  38.662 0.0000000000
52204  -48.011  -14.051  36.459 0.0000000000
52205  -48.459  -13.464  36.673 0.0000000000
52220  -47.863  -14.280  35.816 0.0000000000
52246  -39.450  -14.550  32.759 0.0000000000
52248  -45.449  -14.920  32.600 0.0000000000
52253  -43.430  -14.338  29.860 0.0000000000
52275  -42.795  -13.668  28.101 0.0000000000
52289  -41.366  -14.102  27.395 0.0000000000
52303  -38.690  -14.320  26.631 0.0000000000
52306  -41.426  -13.599  26.471 0.0000000000
53273  -42.063  -13.286  44.454 0.0000000000
53330  -46.741  -13.979  39.687 0.0000000000
53339  -47.348  -13.667  39.161 0.0000000000
53349  -48.597  -12.869  37.539 0.0000000000
53364  -48.781  -12.877  36.298 0.0000000000
53365  -48.959  -12.316  35.934 0.0000000000
53383  -48.330  -13.006  35.069 0.0000000000
53393  -47.632  -13.239  33.903 0.0000000000
53406  -46.622  -13.449  32.271 0.0000000000
53408  -45.115  -13.416  30.511 0.0000000000
53419  -43.849  -13.112  28.725 0.0000000000
53428  -40.842  -13.895  26.350 0.0000000000
54428  -48.613  -12.027  38.077 0.0000000000
54444  -49.083  -11.647  37.602 0.0000000000
54445  -49.440  -11.204  37.156 0.0000000000
54462  -49.366  -11.635  36.622 0.0000000000
54502  -48.755  -11.542  34.984 0.0000000000
54503  -48.794  -11.173  34.962 0.0000000000
54535  -47.736  -12.506  33.610 0.0000000000
54548  -46.839  -12.589  31.925 0.0000000000
55609  -49.341  -11.014  35.867 0.0000000000
55621  -49.156  -10.773  35.429 0.0000000000
55647  -47.754  -11.946  33.417 0.0000000000
55682  -46.169  -12.134  30.683 0.0000000000
56729  -49.601  -10.122  36.552 0.0000000000
56757  -49.357  -10.285  35.711 0.0000000000
56765  -48.267  -10.738  34.006 0.0000000000
56766  -48.630  -10.747  34.611 0.0000000000
56778  -47.592  -10.888  32.737 0.0000000000
56792  -46.970  -10.708  31.618 0.0000000000
57793  -49.251  -9.628  35.299 0.0000000000
57830  -46.263  -9.513  30.538 0.0000000000
57906  -40.809  -9.320  21.212 0.0000000000
58867  -47.695  -9.691  33.056 0.0000000000
58974  -42.173  -8.155  21.166 0.0000000000
59932  -49.344  -7.739  34.894 0.0000000000
59979  -54.169  -6.774  30.607 0.0000000000
59981  -55.033  -6.281  29.706 0.0000000000
59996  -54.238  -6.772  29.995 0.0000000000
59998  -55.102  -6.292  29.170 0.0000000000
60013  -54.745  -6.448  29.116 0.0000000000
60015  -56.021  -6.121  27.883 0.0000000000
60027  -54.090  -6.595  28.954 0.0000000000
60031  -57.052  -6.240  26.543 0.0000000000
60043  -55.967  -6.613  26.706 0.0000000000
60055  -54.575  -6.677  26.238 0.0000000000
60074  -56.866  -7.444  24.235 0.0000000000
61184  -54.349  -6.204  31.545 0.0000000000
61199  -55.145  -5.890  30.509 0.0000000000
61200  -55.526  -5.838  29.794 0.0000000000
61216  -52.186  -6.604  31.509 0.0000000000
61218  -54.633  -6.370  30.746 0.0000000000
61238  -53.867  -6.840  29.732 0.0000000000
61240  -56.461  -5.632  28.177 0.0000000000
61273  -57.450  -5.620  26.799 0.0000000000
61290  -57.575  -6.326  25.888 0.0000000000
61340  -57.360  -7.030  23.196 0.0000000000
61341  -58.482  -6.109  24.085 0.0000000000
61353  -57.721  -6.578  23.072 0.0000000000
62451  -58.232  -4.860  26.392 0.0000000000
62460  -58.378  -5.440  25.621 0.0000000000
62461  -58.541  -4.907  25.838 0.0000000000
62471  -58.754  -4.922  25.210 0.0000000000
62479  -58.804  -5.506  24.379 0.0000000000
63530  -53.185  -4.024  32.949 0.0000000000
63545  -52.736  -4.346  32.944 0.0000000000
63601  -58.807  -4.343  25.459 0.0000000000
63628  -59.436  -4.114  23.002 0.0000000000
64664  -59.686  -2.968  22.634 0.0000000000
64677  -57.547  -4.060  21.628 0.0000000000
65607  -51.264  -2.211  33.542 0.0000000000
65702  -59.726  -2.455  22.896 0.0000000000
65715  -59.667  -2.909  22.180 0.0000000000
66745  -59.632  -2.053  23.860 0.0000000000
66761  -59.799  -1.615  22.135 0.0000000000
66762  -59.740  -1.959  22.579 0.0000000000
66771  -59.731  -1.770  21.844 0.0000000000
70008  -55.752  1.538  10.232 0.0000000000
70986  -58.417  2.974  23.532 0.0000000000
71057  -60.812  3.836  17.846 0.0000000000
71068  -60.928  3.665  16.755 0.0000000000
71090  -60.885  3.247  14.927 0.0000000000
71104  -60.699  2.902  14.571 0.0000000000
71125  -57.871  2.154  12.202 0.0000000000
72155  -60.552  4.195  19.711 0.0000000000
72167  -61.426  4.221  17.754 0.0000000000
72183  -61.781  4.103  16.337 0.0000000000
72184  -61.712  3.888  15.539 0.0000000000
72207  -61.912  3.830  15.137 0.0000000000
72220  -61.994  3.626  14.269 0.0000000000
72228  -61.722  3.674  13.532 0.0000000000
73297  -63.203  5.114  13.802 0.0000000000
74227  -60.273  5.723  20.958 0.0000000000
75279  -63.068  6.134  14.709 0.0000000000
124658  -61.862  3.627  14.585 0.0000000000
125774  -31.708  -19.637  35.278 0.0000000000
126387  -37.553  -18.424  44.855 0.0000000000
126662  -37.690  -18.721  41.540 0.0000000000
126672  -34.154  -19.650  38.064 0.0000000000
126749  -42.904  -13.965  28.673 0.0000000000
127187  -37.041  -18.710  43.700 0.0000000000
127317  -35.190  -19.707  39.890 0.0000000000
127598  -37.830  -18.704  43.416 0.0000000000
128266  -41.220  -15.043  31.340 0.0000000000
129022  -41.384  -17.680  43.000 0.0000000000
130704  -44.753  -15.327  33.166 0.0000000000
130825  -25.734  -16.555  36.248 0.0000000000
130973  -47.983  -13.862  37.589 0.0000000000
131427  -27.554  -16.283  37.647 0.0000000000
131534  -38.344  -18.382  44.661 0.0000000000
132339  -33.872  -18.052  45.850 0.0000000000
132553  -49.310  -9.945  35.516 0.0000000000
132813  -47.937  -13.529  38.251 0.0000000000
133938  -39.867  -18.406  42.129 0.0000000000
135891  -49.615  -9.468  36.398 0.0000000000
136140  -38.708  -18.599  43.454 0.0000000000
136643  -36.221  -19.514  39.502 0.0000000000
137110  -60.806  3.420  15.691 0.0000000000
137374  -46.015  -14.227  40.176 0.0000000000
137997  -62.150  4.308  15.808 0.0000000000
138388  -33.153  -17.738  43.597 0.0000000000
138491  -48.159  -11.125  33.966 0.0000000000
139239  -57.052  -5.503  27.453 0.0000000000
139512  -41.739  -12.131  25.093 0.0000000000
139792  -43.452  -14.723  42.447 0.0000000000
140017  -35.157  -19.185  41.497 0.0000000000
140841  -40.560  -14.901  30.655 0.0000000000
141337  -46.739  -15.024  36.163 0.0000000000
141384  -44.908  -15.667  40.374 0.0000000000
141713  -42.010  -16.593  43.407 0.0000000000
142591  -46.991  -14.617  33.978 0.0000000000
143215  -42.900  -16.867  40.939 0.0000000000
145504  -52.119  -6.568  28.689 0.0000000000
146076  -54.178  -5.100  32.268 0.0000000000
146091  -41.770  -17.337  43.206 0.0000000000
146115  -31.754  -17.240  41.353 0.0000000000
146153  -58.855  -4.451  22.167 0.0000000000
147209  -43.166  -15.407  32.758 0.0000000000
147272  -47.918  -5.453  32.815 0.0000000000
147303  -63.512  6.190  13.007 0.0000000000
147555  -47.384  -11.454  32.434 0.0000000000
148538  -48.257  -13.670  35.611 0.0000000000
148589  -49.361  -11.387  36.173 0.0000000000
148803  -46.979  -15.012  36.208 0.0000000000
148933  -40.838  -17.764  41.760 0.0000000000
150428  -41.760  -8.069  19.222 0.0000000000
150820  -26.572  -16.498  44.721 0.0000000000
150902  -25.937  -16.805  43.750 0.0000000000
151672  -39.116  -17.885  45.066 0.0000000000
151775  -36.491  -17.569  46.574 0.0000000000
151918  -61.413  4.021  17.308 0.0000000000
152329  -48.768  -12.779  37.198 0.0000000000
152670  -39.373  -14.569  33.971 0.0000000000
152873  -60.433  2.955  15.165 0.0000000000
153117  -49.007  -9.765  38.308 0.0000000000
153159  -42.375  -16.977  41.057 0.0000000000
153216  -35.132  -17.883  36.312 0.0000000000
153299  -42.367  -9.794  24.439 0.0000000000
153561  -40.229  -18.171  41.710 0.0000000000
153869  -42.940  -16.593  42.215 0.0000000000
154288  -57.097  -7.219  24.752 0.0000000000
154293  -46.206  -7.953  29.859 0.0000000000
154770  -46.468  -14.088  32.673 0.0000000000
155630  -40.535  -14.392  27.638 0.0000000000
155682  -49.431  -11.485  36.908 0.0000000000
155844  -25.473  -16.869  41.476 0.0000000000
