#!ascii label  , from subject NIHPD_75_135 vox2ras=TkReg
2149
64503  -37.717  -1.998  42.619 0.0000000000
79348  -53.119  10.476  17.875 0.0000000000
73104  -41.376  5.216  28.706 0.0000000000
55548  -5.792  -12.623  39.991 0.0000000000
156104  -22.236  -6.348  43.636 0.0000000000
155538  -6.334  -3.714  39.440 0.0000000000
64465  -6.385  -2.034  48.464 0.0000000000
72121  -47.698  4.912  23.004 0.0000000000
141491  -4.839  -1.845  31.104 0.0000000000
154336  -3.888  -14.740  49.016 0.0000000000
65583  -35.936  -3.081  34.792 0.0000000000
61088  -32.312  -4.684  39.227 0.0000000000
63379  -30.807  -2.888  44.739 0.0000000000
80351  -55.767  12.049  14.770 0.0000000000
72076  -44.121  4.411  24.965 0.0000000000
58783  -17.014  -8.097  40.404 0.0000000000
70886  -9.432  2.494  32.554 0.0000000000
59855  -9.956  -8.173  40.440 0.0000000000
58839  -10.930  -8.229  34.233 0.0000000000
53367  -7.485  -13.920  35.855 0.0000000000
54246  -9.696  -11.432  52.258 0.0000000000
56506  -6.066  -9.836  51.940 0.0000000000
73079  -39.162  5.222  32.469 0.0000000000
63324  -27.028  -2.216  47.456 0.0000000000
63419  -24.369  -4.088  41.317 0.0000000000
143230  -6.342  -2.902  43.877 0.0000000000
59813  -7.721  -7.995  45.670 0.0000000000
77406  -50.389  8.376  21.004 0.0000000000
56539  -11.758  -10.019  48.650 0.0000000000
57672  -13.559  -8.846  45.336 0.0000000000
65582  -5.491  -2.859  34.770 0.0000000000
59983  -6.196  -6.615  29.754 0.0000000000
64444  -7.314  -3.024  52.210 0.0000000000
58664  -5.669  -8.571  49.902 0.0000000000
54333  -3.735  -13.556  44.995 0.0000000000
66571  -38.807  -0.759  41.124 0.0000000000
147409  -36.554  -4.695  39.486 0.0000000000
64535  -37.288  -3.303  38.517 0.0000000000
130407  -35.281  -4.440  41.792 0.0000000000
59887  -34.768  -5.920  38.353 0.0000000000
61040  -33.809  -4.061  43.896 0.0000000000
136977  -54.589  11.175  16.356 0.0000000000
77430  -49.419  8.855  17.390 0.0000000000
78444  -51.514  9.852  14.968 0.0000000000
78470  -53.308  10.728  13.167 0.0000000000
73157  -42.541  4.959  26.458 0.0000000000
73117  -38.060  4.380  28.154 0.0000000000
73153  -39.078  4.686  25.995 0.0000000000
73195  -41.093  4.436  24.334 0.0000000000
57716  -7.571  -10.485  40.148 0.0000000000
56702  -8.577  -10.879  37.695 0.0000000000
54446  -6.746  -12.938  38.197 0.0000000000
51052  -6.519  -15.665  35.781 0.0000000000
49955  -6.216  -15.746  38.419 0.0000000000
52073  -8.949  -12.632  49.300 0.0000000000
50874  -8.004  -12.934  50.314 0.0000000000
73064  -38.394  5.384  34.309 0.0000000000
138027  -36.037  0.309  36.630 0.0000000000
66624  -34.656  -1.458  33.848 0.0000000000
136452  -36.261  3.035  34.375 0.0000000000
70893  -36.695  3.513  32.354 0.0000000000
67547  -29.342  -0.285  48.578 0.0000000000
63440  -28.977  -3.382  40.414 0.0000000000
63403  -27.507  -2.916  42.242 0.0000000000
81445  -54.505  12.522  11.009 0.0000000000
84231  -55.353  14.740  9.495 0.0000000000
144574  -6.294  -2.484  45.908 0.0000000000
63374  -8.564  -4.629  45.879 0.0000000000
62210  -8.345  -5.373  48.360 0.0000000000
74220  -48.896  5.895  22.697 0.0000000000
69846  -44.251  2.980  21.469 0.0000000000
124358  -45.924  4.022  20.806 0.0000000000
74236  -46.559  5.669  19.583 0.0000000000
57620  -12.815  -8.578  51.871 0.0000000000
57634  -13.865  -8.090  49.788 0.0000000000
68601  -6.027  0.551  39.454 0.0000000000
68636  -6.744  -0.074  36.705 0.0000000000
63486  -6.334  -3.658  37.184 0.0000000000
56782  -8.623  -11.171  31.433 0.0000000000
142430  -9.245  -7.810  30.910 0.0000000000
132712  -5.989  -10.140  29.583 0.0000000000
63294  -8.491  -3.866  53.456 0.0000000000
54264  -5.281  -12.580  49.784 0.0000000000
57618  -5.662  -9.267  51.265 0.0000000000
55423  -4.395  -12.097  48.393 0.0000000000
56558  -4.453  -11.350  47.376 0.0000000000
53239  -3.219  -13.772  47.433 0.0000000000
66602  -37.156  -1.293  38.082 0.0000000000
65468  -31.137  -1.453  47.294 0.0000000000
62215  -32.762  -2.782  45.869 0.0000000000
62264  -31.706  -4.165  41.715 0.0000000000
81433  -57.010  13.312  13.538 0.0000000000
79381  -54.161  11.460  12.515 0.0000000000
72091  -46.092  4.312  24.346 0.0000000000
72120  -42.562  3.557  22.569 0.0000000000
142912  -21.088  -8.010  40.081 0.0000000000
124823  -19.892  -7.820  41.762 0.0000000000
69733  -5.724  0.944  31.688 0.0000000000
141494  -9.608  -5.119  40.430 0.0000000000
62312  -9.853  -4.904  37.030 0.0000000000
58807  -10.610  -8.307  37.178 0.0000000000
56744  -9.812  -11.125  34.572 0.0000000000
53385  -7.042  -13.818  32.938 0.0000000000
57601  -10.119  -8.258  53.773 0.0000000000
58626  -8.170  -7.623  53.253 0.0000000000
54221  -8.164  -11.055  52.408 0.0000000000
52031  -6.754  -12.504  50.919 0.0000000000
73094  -39.846  5.018  30.536 0.0000000000
72026  -37.448  4.002  30.721 0.0000000000
62226  -24.310  -4.678  46.142 0.0000000000
63348  -28.978  -2.320  45.881 0.0000000000
63376  -25.903  -3.341  44.284 0.0000000000
62260  -23.286  -5.098  42.612 0.0000000000
68590  -5.414  0.738  41.042 0.0000000000
68578  -4.897  0.538  42.969 0.0000000000
63413  -6.002  -3.642  41.574 0.0000000000
62259  -9.372  -5.220  43.018 0.0000000000
58741  -8.614  -8.173  43.277 0.0000000000
57698  -5.855  -10.469  42.710 0.0000000000
78419  -51.825  9.613  19.553 0.0000000000
151857  -48.109  7.843  18.348 0.0000000000
56505  -11.534  -9.178  52.845 0.0000000000
55393  -10.928  -10.841  51.199 0.0000000000
53233  -9.863  -12.287  48.074 0.0000000000
124729  -18.753  -7.717  44.314 0.0000000000
58697  -16.647  -7.523  46.305 0.0000000000
58674  -14.811  -7.583  48.087 0.0000000000
56559  -12.296  -9.655  47.148 0.0000000000
54335  -10.981  -11.426  45.899 0.0000000000
70843  -9.863  2.166  35.669 0.0000000000
68680  -7.515  0.484  34.195 0.0000000000
130196  -4.651  -2.396  32.574 0.0000000000
128876  -9.068  -4.707  34.636 0.0000000000
139154  -6.310  -4.960  32.759 0.0000000000
63566  -5.384  -4.364  30.814 0.0000000000
65446  -6.686  -2.246  50.383 0.0000000000
59754  -6.747  -7.718  52.421 0.0000000000
61008  -6.460  -6.946  51.284 0.0000000000
62203  -7.376  -5.174  50.453 0.0000000000
58682  -5.962  -8.903  47.820 0.0000000000
57671  -5.525  -10.320  45.073 0.0000000000
54389  -4.171  -13.441  42.101 0.0000000000
48740  -2.974  -17.433  47.429 0.0000000000
49885  -3.142  -16.684  44.825 0.0000000000
155553  -4.675  -15.750  40.944 0.0000000000
135135  -38.607  -1.102  41.506 0.0000000000
67589  -37.855  -0.063  43.250 0.0000000000
63424  -37.091  -3.551  40.737 0.0000000000
64514  -37.830  -2.650  40.399 0.0000000000
62265  -36.416  -3.684  42.088 0.0000000000
128907  -36.192  -4.787  40.377 0.0000000000
64498  -37.035  -1.970  43.908 0.0000000000
63381  -36.194  -3.383  43.554 0.0000000000
79358  -54.262  10.925  17.119 0.0000000000
78437  -51.671  9.864  17.731 0.0000000000
77445  -50.279  9.407  15.905 0.0000000000
141655  -52.599  10.340  16.342 0.0000000000
78446  -52.745  10.425  15.341 0.0000000000
73120  -42.167  5.197  27.978 0.0000000000
73121  -43.109  4.954  28.205 0.0000000000
73105  -42.489  5.193  28.847 0.0000000000
73133  -38.873  4.698  26.722 0.0000000000
73135  -40.387  5.123  27.446 0.0000000000
73155  -40.647  4.994  26.054 0.0000000000
56668  -6.426  -11.811  39.834 0.0000000000
55563  -7.121  -11.970  38.745 0.0000000000
54429  -6.136  -13.186  39.227 0.0000000000
52168  -6.370  -13.949  38.152 0.0000000000
52158  -5.575  -14.279  39.503 0.0000000000
136780  -8.593  -13.569  48.126 0.0000000000
50899  -7.758  -13.657  49.556 0.0000000000
70840  -37.323  3.126  37.299 0.0000000000
70851  -36.312  2.349  36.130 0.0000000000
70852  -36.863  3.431  36.172 0.0000000000
71993  -37.415  4.565  34.355 0.0000000000
83318  -56.450  14.008  11.909 0.0000000000
82459  -55.013  13.894  10.075 0.0000000000
126138  -56.949  15.814  10.548 0.0000000000
64484  -6.503  -2.478  47.615 0.0000000000
63344  -7.441  -3.504  47.364 0.0000000000
64485  -6.848  -2.948  48.439 0.0000000000
73212  -48.106  5.204  22.821 0.0000000000
74216  -49.758  6.005  23.525 0.0000000000
70995  -45.505  3.815  22.229 0.0000000000
71023  -45.068  3.134  20.901 0.0000000000
72144  -46.183  4.216  21.487 0.0000000000
73220  -47.137  4.918  21.641 0.0000000000
58656  -14.292  -7.575  51.184 0.0000000000
58657  -15.245  -7.377  50.791 0.0000000000
59824  -22.549  -6.083  45.278 0.0000000000
58732  -21.631  -6.845  44.870 0.0000000000
67710  -5.087  -0.019  30.214 0.0000000000
66583  -5.416  -1.628  39.174 0.0000000000
66594  -5.522  -1.349  38.298 0.0000000000
63476  -6.267  -3.661  38.491 0.0000000000
55650  -6.712  -12.132  31.165 0.0000000000
56781  -8.015  -10.890  30.788 0.0000000000
55665  -5.849  -11.632  30.266 0.0000000000
64436  -9.348  -2.947  53.819 0.0000000000
63289  -9.618  -4.373  53.663 0.0000000000
52057  -4.327  -13.983  49.070 0.0000000000
147561  -5.184  -11.785  49.655 0.0000000000
146070  -4.007  -13.780  48.742 0.0000000000
53231  -3.718  -13.011  48.045 0.0000000000
128909  -3.236  -14.993  48.238 0.0000000000
142584  -38.386  -0.621  39.911 0.0000000000
65566  -37.425  -2.224  38.465 0.0000000000
67636  -37.819  -0.350  39.047 0.0000000000
147901  -38.073  1.243  38.719 0.0000000000
61065  -33.548  -4.604  41.923 0.0000000000
61038  -32.754  -4.053  43.595 0.0000000000
61063  -32.422  -4.444  41.174 0.0000000000
130094  -31.112  -4.039  40.123 0.0000000000
80363  -56.179  12.413  14.385 0.0000000000
142541  -54.480  11.339  13.996 0.0000000000
79374  -53.789  11.054  12.832 0.0000000000
80361  -54.907  11.793  13.403 0.0000000000
156052  -55.537  12.464  12.851 0.0000000000
72090  -45.260  4.278  24.361 0.0000000000
73182  -47.026  4.571  25.557 0.0000000000
73180  -45.398  4.476  25.812 0.0000000000
73196  -42.603  4.528  24.687 0.0000000000
126366  -41.930  4.049  23.564 0.0000000000
72103  -43.450  4.183  23.741 0.0000000000
142696  -44.164  4.168  23.702 0.0000000000
70899  -8.248  2.918  31.427 0.0000000000
70898  -6.774  2.001  31.386 0.0000000000
70885  -7.471  1.700  31.934 0.0000000000
61085  -10.371  -6.367  40.323 0.0000000000
150142  -10.628  -6.689  38.840 0.0000000000
147224  -10.178  -8.338  38.749 0.0000000000
152476  -8.411  -11.869  36.917 0.0000000000
55597  -9.110  -11.254  36.381 0.0000000000
54492  -8.556  -12.837  35.172 0.0000000000
54505  -8.723  -12.728  33.952 0.0000000000
53376  -7.469  -14.117  34.718 0.0000000000
53375  -6.629  -14.937  34.282 0.0000000000
55348  -9.720  -10.365  52.912 0.0000000000
56501  -8.739  -9.801  53.043 0.0000000000
142642  -8.659  -11.284  52.323 0.0000000000
133948  -7.114  -14.206  49.608 0.0000000000
52033  -7.389  -12.597  50.928 0.0000000000
50857  -6.329  -13.929  49.797 0.0000000000
50872  -5.320  -13.999  49.614 0.0000000000
73084  -39.085  4.998  31.779 0.0000000000
72006  -37.735  4.516  32.087 0.0000000000
72014  -37.138  3.786  30.987 0.0000000000
72016  -38.046  4.664  31.721 0.0000000000
73101  -38.325  4.503  30.776 0.0000000000
63320  -26.079  -2.763  47.998 0.0000000000
62212  -25.283  -3.901  47.294 0.0000000000
63333  -26.039  -3.321  46.933 0.0000000000
63350  -30.872  -2.523  45.826 0.0000000000
63326  -30.445  -1.950  46.661 0.0000000000
63364  -30.249  -2.610  45.064 0.0000000000
142500  -25.831  -3.378  42.060 0.0000000000
133058  -26.792  -2.979  43.665 0.0000000000
63401  -24.749  -3.888  42.253 0.0000000000
62247  -24.145  -4.449  43.812 0.0000000000
63418  -23.392  -4.813  41.407 0.0000000000
62283  -22.474  -6.097  40.790 0.0000000000
145452  -5.380  -1.391  44.352 0.0000000000
66541  -5.261  -1.632  43.712 0.0000000000
65537  -5.126  -1.983  42.171 0.0000000000
63384  -6.334  -3.741  42.774 0.0000000000
131525  -7.204  -4.308  42.128 0.0000000000
135107  -7.055  -4.109  43.636 0.0000000000
61031  -9.085  -6.462  45.792 0.0000000000
59822  -9.322  -6.813  44.423 0.0000000000
58724  -7.896  -8.300  44.245 0.0000000000
58740  -7.781  -8.860  42.968 0.0000000000
58739  -6.206  -9.482  43.855 0.0000000000
127614  -50.779  8.817  20.487 0.0000000000
78413  -52.753  9.620  20.863 0.0000000000
140837  -52.323  8.962  22.301 0.0000000000
124955  -48.103  6.938  20.438 0.0000000000
75232  -47.681  7.294  18.997 0.0000000000
76347  -48.903  7.936  19.756 0.0000000000
125915  -50.057  8.853  19.111 0.0000000000
57610  -12.463  -7.493  52.944 0.0000000000
56528  -12.319  -9.510  50.790 0.0000000000
56519  -11.961  -9.942  51.487 0.0000000000
55425  -11.158  -10.421  49.893 0.0000000000
54287  -10.117  -11.516  48.999 0.0000000000
55436  -10.637  -11.108  48.575 0.0000000000
58773  -18.558  -7.807  41.185 0.0000000000
58745  -19.226  -7.731  43.395 0.0000000000
124814  -17.736  -7.558  42.532 0.0000000000
57683  -14.374  -8.574  44.159 0.0000000000
58727  -16.118  -7.646  44.339 0.0000000000
58708  -15.067  -7.853  45.647 0.0000000000
132504  -16.172  -7.353  47.011 0.0000000000
58695  -14.466  -7.946  46.405 0.0000000000
57643  -13.639  -8.249  47.755 0.0000000000
57661  -12.897  -9.278  45.753 0.0000000000
55468  -11.575  -10.986  45.423 0.0000000000
70823  -9.390  2.665  37.505 0.0000000000
130472  -5.749  -1.165  35.971 0.0000000000
68652  -7.262  0.046  35.792 0.0000000000
67660  -5.404  -1.178  34.931 0.0000000000
67678  -5.187  -0.427  33.638 0.0000000000
64551  -5.278  -3.122  33.815 0.0000000000
134939  -11.005  -6.162  35.743 0.0000000000
63489  -8.917  -4.490  35.591 0.0000000000
61148  -10.726  -6.390  34.084 0.0000000000
61203  -7.297  -6.697  30.372 0.0000000000
61171  -7.577  -5.814  31.685 0.0000000000
126251  -6.513  -5.908  30.693 0.0000000000
62385  -5.626  -4.791  31.610 0.0000000000
128719  -5.846  -5.496  30.449 0.0000000000
61221  -5.630  -5.661  29.463 0.0000000000
139397  -7.175  -3.461  51.656 0.0000000000
155807  -7.071  -8.979  52.920 0.0000000000
59750  -7.253  -7.395  52.804 0.0000000000
58636  -6.521  -8.914  52.469 0.0000000000
129375  -5.633  -8.764  50.803 0.0000000000
59773  -5.804  -7.794  51.125 0.0000000000
59781  -5.790  -8.046  50.636 0.0000000000
62200  -7.018  -5.835  51.117 0.0000000000
59791  -5.762  -7.945  49.757 0.0000000000
59796  -6.439  -7.420  49.626 0.0000000000
59799  -5.841  -8.689  48.775 0.0000000000
55467  -3.994  -12.418  45.904 0.0000000000
57660  -5.188  -10.617  46.447 0.0000000000
55481  -4.169  -12.546  45.017 0.0000000000
55496  -4.743  -12.294  43.541 0.0000000000
54362  -4.200  -13.364  43.675 0.0000000000
47652  -2.920  -18.526  46.605 0.0000000000
48755  -2.899  -17.696  46.445 0.0000000000
68598  -38.980  0.386  40.738 0.0000000000
59900  -36.173  -5.158  38.546 0.0000000000
62318  -36.581  -4.646  37.494 0.0000000000
62297  -37.068  -3.920  38.922 0.0000000000
141747  -38.012  -2.121  39.930 0.0000000000
61078  -34.130  -4.908  41.083 0.0000000000
59862  -35.049  -5.555  40.017 0.0000000000
154450  -35.791  -5.602  39.139 0.0000000000
61053  -34.612  -4.124  43.177 0.0000000000
79363  -55.004  11.479  15.774 0.0000000000
77453  -49.683  9.210  14.657 0.0000000000
78457  -50.925  9.726  13.282 0.0000000000
78468  -51.622  9.969  12.821 0.0000000000
78450  -51.973  10.067  14.225 0.0000000000
78452  -53.456  10.761  14.840 0.0000000000
136396  -43.229  4.750  26.030 0.0000000000
73159  -45.131  4.380  26.733 0.0000000000
73139  -43.720  4.649  27.484 0.0000000000
73123  -44.904  4.528  28.820 0.0000000000
72042  -36.787  3.738  28.172 0.0000000000
72065  -37.332  4.097  26.567 0.0000000000
72074  -37.323  3.984  25.490 0.0000000000
73173  -38.077  4.135  24.890 0.0000000000
73203  -39.154  4.053  23.640 0.0000000000
138669  -39.855  4.586  24.915 0.0000000000
73177  -41.719  4.669  24.966 0.0000000000
129683  -8.778  -9.308  40.536 0.0000000000
58791  -9.385  -9.268  39.030 0.0000000000
57742  -8.267  -10.449  38.797 0.0000000000
55575  -7.851  -11.758  38.042 0.0000000000
53358  -7.051  -13.551  37.194 0.0000000000
51053  -6.713  -15.261  35.826 0.0000000000
52179  -6.616  -14.438  37.386 0.0000000000
135822  -6.517  -15.930  37.385 0.0000000000
53198  -9.180  -11.860  51.177 0.0000000000
53189  -8.661  -11.916  51.518 0.0000000000
52059  -8.258  -12.717  50.417 0.0000000000
73071  -38.454  5.218  33.325 0.0000000000
67663  -36.120  -1.455  36.396 0.0000000000
66617  -35.721  -2.402  34.964 0.0000000000
125091  -35.301  -0.776  35.343 0.0000000000
69691  -35.374  1.126  35.129 0.0000000000
69727  -35.034  1.638  33.281 0.0000000000
70879  -36.411  3.320  33.430 0.0000000000
72000  -37.517  4.554  33.347 0.0000000000
64464  -28.142  -1.211  48.203 0.0000000000
62273  -29.979  -3.330  42.130 0.0000000000
63390  -28.922  -2.846  43.333 0.0000000000
153250  -28.365  -2.976  41.952 0.0000000000
64513  -27.106  -3.079  41.139 0.0000000000
82464  -53.823  13.220  9.147 0.0000000000
83345  -54.176  14.028  8.584 0.0000000000
83349  -54.513  14.725  8.098 0.0000000000
143385  -55.010  15.535  6.971 0.0000000000
63343  -6.452  -2.734  45.030 0.0000000000
63372  -6.980  -3.563  44.921 0.0000000000
63357  -7.086  -3.308  45.884 0.0000000000
63359  -8.731  -5.123  46.807 0.0000000000
61028  -8.412  -6.723  47.306 0.0000000000
75207  -49.568  7.078  22.005 0.0000000000
75204  -50.272  6.612  23.345 0.0000000000
69878  -44.020  2.653  19.856 0.0000000000
153834  -44.522  3.499  18.955 0.0000000000
73242  -45.379  4.974  18.531 0.0000000000
74231  -46.573  5.090  20.349 0.0000000000
149206  -47.994  6.091  21.316 0.0000000000
58642  -13.235  -7.692  52.315 0.0000000000
58646  -14.003  -7.334  52.175 0.0000000000
57627  -13.515  -8.173  50.887 0.0000000000
56540  -12.452  -9.421  49.127 0.0000000000
57692  -13.973  -9.458  42.756 0.0000000000
144498  -12.581  -10.200  44.744 0.0000000000
70811  -7.231  1.845  39.103 0.0000000000
69658  -7.893  1.235  37.516 0.0000000000
68622  -6.249  0.338  38.293 0.0000000000
67653  -5.600  -1.475  37.484 0.0000000000
63497  -6.409  -3.525  36.100 0.0000000000
130970  -10.533  -9.396  32.920 0.0000000000
59933  -10.386  -7.277  32.469 0.0000000000
57804  -9.543  -9.712  31.317 0.0000000000
57823  -8.433  -8.956  30.371 0.0000000000
58881  -6.788  -8.481  29.639 0.0000000000
67517  -9.087  -1.109  52.789 0.0000000000
65405  -8.468  -2.111  53.237 0.0000000000
149165  -7.908  -3.724  53.086 0.0000000000
54242  -5.873  -11.286  51.017 0.0000000000
57619  -5.956  -9.048  51.625 0.0000000000
55378  -5.667  -10.664  50.806 0.0000000000
56527  -5.514  -10.075  50.304 0.0000000000
57631  -5.405  -10.245  49.304 0.0000000000
132706  -5.518  -10.039  48.449 0.0000000000
129692  -4.449  -11.696  48.070 0.0000000000
55453  -3.792  -12.185  47.270 0.0000000000
53247  -3.397  -13.850  45.736 0.0000000000
64553  -36.502  -3.900  35.070 0.0000000000
133647  -36.945  -4.008  37.297 0.0000000000
127437  -36.889  -3.108  36.788 0.0000000000
66611  -36.460  -2.056  36.627 0.0000000000
68647  -36.690  -0.436  37.504 0.0000000000
153267  -37.289  2.219  37.675 0.0000000000
62220  -31.892  -3.027  45.419 0.0000000000
62231  -33.190  -3.442  45.098 0.0000000000
62239  -32.340  -3.583  44.409 0.0000000000
62248  -31.032  -3.488  43.147 0.0000000000
131311  -30.360  -3.619  41.546 0.0000000000
79387  -52.594  10.636  11.210 0.0000000000
80379  -54.260  11.930  11.478 0.0000000000
81431  -55.680  12.756  12.547 0.0000000000
72107  -47.195  4.555  23.680 0.0000000000
72093  -47.966  4.820  24.286 0.0000000000
72080  -47.540  4.589  24.739 0.0000000000
130405  -40.406  3.936  23.106 0.0000000000
70992  -43.211  3.329  22.147 0.0000000000
70980  -45.050  3.954  23.126 0.0000000000
59838  -21.739  -6.860  42.001 0.0000000000
58763  -21.435  -7.027  42.525 0.0000000000
58775  -20.805  -7.910  40.420 0.0000000000
57711  -19.851  -8.127  39.997 0.0000000000
69753  -5.793  1.643  31.005 0.0000000000
67692  -4.905  -0.434  31.707 0.0000000000
63451  -7.201  -4.462  39.796 0.0000000000
132772  -8.000  -4.418  38.458 0.0000000000
145841  -9.851  -5.124  38.821 0.0000000000
134671  -10.891  -6.521  37.145 0.0000000000
58818  -10.949  -8.117  36.214 0.0000000000
57757  -9.894  -9.439  37.331 0.0000000000
57777  -10.364  -9.669  35.675 0.0000000000
153333  -10.483  -9.737  34.828 0.0000000000
56758  -9.578  -11.325  32.919 0.0000000000
60984  -9.362  -6.117  53.664 0.0000000000
124712  -9.018  -8.009  53.590 0.0000000000
57606  -8.064  -9.064  53.153 0.0000000000
56508  -6.913  -10.009  52.736 0.0000000000
53187  -7.940  -12.216  51.335 0.0000000000
53169  -7.079  -11.940  51.489 0.0000000000
54244  -6.418  -11.622  51.334 0.0000000000
53197  -5.740  -12.844  50.242 0.0000000000
52058  -4.523  -14.248  49.225 0.0000000000
52070  -4.040  -14.823  49.139 0.0000000000
73095  -40.872  5.144  29.814 0.0000000000
74132  -42.029  5.350  30.427 0.0000000000
74131  -40.821  5.292  30.881 0.0000000000
65590  -35.269  -3.153  33.548 0.0000000000
72032  -36.660  3.452  29.475 0.0000000000
127142  -38.629  4.553  29.467 0.0000000000
61033  -23.933  -5.000  46.585 0.0000000000
156163  -23.137  -5.546  44.882 0.0000000000
142897  -30.108  -0.882  47.954 0.0000000000
64476  -29.623  -1.644  47.136 0.0000000000
63335  -28.200  -2.036  46.906 0.0000000000
145795  -28.426  -2.733  43.956 0.0000000000
63362  -27.500  -2.758  45.249 0.0000000000
63346  -26.504  -3.080  45.924 0.0000000000
63360  -24.922  -4.012  44.913 0.0000000000
62235  -23.733  -4.906  44.475 0.0000000000
61061  -22.380  -6.149  42.422 0.0000000000
61073  -22.155  -6.455  41.533 0.0000000000
84246  -55.326  15.824  6.140 0.0000000000
84254  -56.139  16.372  4.671 0.0000000000
84259  -56.366  16.333  3.987 0.0000000000
68600  -5.881  0.556  39.853 0.0000000000
141998  -5.406  -2.245  40.159 0.0000000000
68586  -5.330  0.867  41.464 0.0000000000
66563  -5.265  -1.927  40.909 0.0000000000
63431  -6.258  -3.757  40.726 0.0000000000
131377  -7.384  -4.473  41.382 0.0000000000
63417  -8.956  -4.790  41.569 0.0000000000
150286  -9.986  -6.407  42.066 0.0000000000
155954  -8.821  -4.771  44.520 0.0000000000
140712  -9.702  -6.058  43.339 0.0000000000
58756  -9.397  -8.036  41.931 0.0000000000
58768  -7.644  -9.692  41.519 0.0000000000
57706  -6.526  -10.575  41.411 0.0000000000
56642  -5.840  -11.547  40.916 0.0000000000
78429  -52.580  10.096  19.179 0.0000000000
74242  -45.802  5.744  18.209 0.0000000000
75240  -46.695  6.831  17.893 0.0000000000
76381  -47.620  7.941  16.951 0.0000000000
77429  -48.700  8.460  17.397 0.0000000000
146472  -50.368  9.148  18.499 0.0000000000
128795  -10.609  -9.158  53.188 0.0000000000
55358  -10.552  -10.408  52.892 0.0000000000
57616  -12.213  -8.881  52.539 0.0000000000
56515  -11.336  -10.241  52.490 0.0000000000
54257  -10.382  -11.294  51.563 0.0000000000
53224  -9.480  -12.493  48.608 0.0000000000
128749  -20.441  -7.597  43.884 0.0000000000
124864  -19.716  -7.796  44.418 0.0000000000
127848  -19.246  -7.673  46.070 0.0000000000
58743  -16.211  -7.690  43.303 0.0000000000
58728  -17.127  -7.569  44.798 0.0000000000
58698  -18.861  -7.466  46.584 0.0000000000
58686  -17.222  -7.234  47.243 0.0000000000
143611  -16.871  -7.041  49.053 0.0000000000
58666  -16.054  -7.293  49.538 0.0000000000
127374  -15.072  -7.544  49.171 0.0000000000
57633  -13.031  -8.815  48.530 0.0000000000
56551  -12.327  -9.518  48.115 0.0000000000
56589  -12.437  -10.016  45.394 0.0000000000
55455  -11.798  -10.339  46.711 0.0000000000
55443  -11.209  -10.817  47.201 0.0000000000
152648  -10.382  -11.918  46.898 0.0000000000
70858  -10.316  2.699  34.125 0.0000000000
154563  -8.594  1.021  36.100 0.0000000000
130544  -8.893  1.308  34.396 0.0000000000
69717  -8.985  1.538  33.525 0.0000000000
68689  -6.398  0.560  32.872 0.0000000000
67685  -4.881  -0.472  32.373 0.0000000000
66640  -4.597  -2.141  32.056 0.0000000000
131893  -7.747  -4.317  36.831 0.0000000000
63488  -7.790  -4.278  35.863 0.0000000000
63499  -6.849  -3.973  34.664 0.0000000000
61160  -9.600  -6.143  32.503 0.0000000000
62357  -7.554  -5.016  33.243 0.0000000000
63521  -6.083  -4.136  33.415 0.0000000000
63532  -5.344  -3.903  32.627 0.0000000000
64577  -5.121  -3.798  31.860 0.0000000000
142010  -5.096  -3.171  31.020 0.0000000000
63573  -5.496  -4.538  29.463 0.0000000000
60990  -8.486  -5.999  53.301 0.0000000000
60994  -7.750  -5.990  52.915 0.0000000000
62186  -7.779  -4.950  52.722 0.0000000000
59759  -6.100  -8.701  51.820 0.0000000000
60997  -6.783  -6.684  51.932 0.0000000000
63305  -7.347  -4.434  51.838 0.0000000000
63311  -7.219  -4.166  51.283 0.0000000000
63318  -7.011  -3.410  50.149 0.0000000000
64475  -7.003  -3.252  49.483 0.0000000000
62206  -7.725  -5.070  49.745 0.0000000000
61023  -8.061  -6.468  48.376 0.0000000000
145858  -6.496  -8.556  46.765 0.0000000000
153313  -5.873  -9.628  47.500 0.0000000000
58704  -5.948  -9.744  46.314 0.0000000000
58722  -6.058  -9.540  45.077 0.0000000000
130019  -5.576  -10.362  43.951 0.0000000000
56640  -5.035  -11.945  42.133 0.0000000000
54399  -4.737  -13.253  40.980 0.0000000000
49791  -3.927  -15.911  49.299 0.0000000000
132370  -3.613  -17.757  48.624 0.0000000000
49823  -3.290  -16.361  48.447 0.0000000000
132892  -2.900  -16.096  47.122 0.0000000000
130463  -2.970  -15.327  45.917 0.0000000000
52112  -3.436  -15.018  44.649 0.0000000000
137651  -3.487  -16.897  43.954 0.0000000000
50975  -3.644  -15.428  43.888 0.0000000000
50994  -3.939  -15.050  42.451 0.0000000000
52141  -4.532  -14.508  41.123 0.0000000000
152926  -5.058  -14.298  40.303 0.0000000000
49954  -5.683  -15.703  39.417 0.0000000000
48869  -6.044  -17.259  39.035 0.0000000000
65536  -38.237  -1.597  41.901 0.0000000000
66553  -38.482  -0.905  42.111 0.0000000000
65528  -38.029  -1.320  42.744 0.0000000000
63407  -37.313  -3.005  41.623 0.0000000000
148673  -38.125  -2.087  41.339 0.0000000000
63406  -36.888  -3.235  42.343 0.0000000000
134880  -36.821  -3.584  41.328 0.0000000000
65527  -37.465  -1.757  43.368 0.0000000000
135954  -36.801  -2.928  43.350 0.0000000000
65520  -37.758  -1.126  43.330 0.0000000000
79349  -53.952  10.744  17.941 0.0000000000
79350  -54.885  11.109  18.052 0.0000000000
79338  -54.602  10.850  18.780 0.0000000000
78438  -52.480  10.178  18.256 0.0000000000
78441  -51.633  9.925  16.671 0.0000000000
134539  -52.440  10.255  17.327 0.0000000000
78442  -53.316  10.589  17.095 0.0000000000
128508  -41.245  5.259  27.698 0.0000000000
146185  -40.609  5.139  28.199 0.0000000000
134505  -39.695  4.892  28.186 0.0000000000
55549  -6.246  -12.233  39.702 0.0000000000
54416  -6.203  -12.743  39.419 0.0000000000
53342  -5.848  -13.651  39.323 0.0000000000
134434  -8.073  -14.220  47.802 0.0000000000
64473  -6.219  -2.049  47.640 0.0000000000
64474  -6.579  -2.444  48.461 0.0000000000
73206  -48.443  5.262  23.435 0.0000000000
70997  -46.750  4.441  22.689 0.0000000000
71010  -45.860  4.012  21.846 0.0000000000
72134  -47.131  4.625  22.654 0.0000000000
72135  -47.319  4.799  22.322 0.0000000000
59774  -16.590  -6.726  51.546 0.0000000000
58648  -15.759  -6.903  51.616 0.0000000000
58653  -16.196  -7.124  51.117 0.0000000000
59833  -22.389  -6.206  44.441 0.0000000000
59823  -22.081  -6.472  45.096 0.0000000000
139940  -21.983  -6.562  44.212 0.0000000000
66652  -4.920  -1.008  30.716 0.0000000000
66653  -5.148  -0.861  29.995 0.0000000000
64533  -5.753  -3.174  39.300 0.0000000000
65559  -5.778  -3.222  38.807 0.0000000000
63464  -6.493  -3.859  39.013 0.0000000000
55666  -6.362  -11.672  30.641 0.0000000000
63290  -10.036  -4.688  53.701 0.0000000000
52069  -3.962  -14.441  49.079 0.0000000000
53214  -4.223  -13.927  49.012 0.0000000000
52083  -3.948  -14.300  49.007 0.0000000000
53223  -3.658  -13.778  48.443 0.0000000000
137702  -3.584  -14.667  48.665 0.0000000000
128178  -38.737  0.273  40.161 0.0000000000
150889  -37.969  -0.753  39.331 0.0000000000
68616  -38.667  0.958  39.648 0.0000000000
69635  -38.521  1.569  39.175 0.0000000000
61077  -33.020  -4.717  40.600 0.0000000000
61064  -32.982  -4.593  41.581 0.0000000000
61076  -32.441  -4.514  40.180 0.0000000000
79372  -55.031  11.700  14.178 0.0000000000
79371  -54.554  11.475  13.572 0.0000000000
80362  -55.488  12.103  13.888 0.0000000000
72077  -44.930  4.377  25.034 0.0000000000
72075  -43.312  4.573  25.204 0.0000000000
72088  -43.413  4.405  24.427 0.0000000000
72089  -44.561  4.307  24.335 0.0000000000
71994  -10.200  3.644  32.660 0.0000000000
70900  -9.083  3.015  31.864 0.0000000000
136594  -8.480  2.186  32.043 0.0000000000
59856  -10.313  -7.311  40.459 0.0000000000
61098  -10.568  -6.950  39.665 0.0000000000
59867  -10.281  -7.814  39.693 0.0000000000
54475  -7.719  -13.218  36.386 0.0000000000
54476  -8.212  -12.691  36.248 0.0000000000
54491  -7.923  -13.474  35.516 0.0000000000
53377  -8.044  -13.569  34.430 0.0000000000
140773  -7.094  -14.578  35.016 0.0000000000
55357  -9.830  -10.842  52.797 0.0000000000
55356  -9.258  -10.827  52.731 0.0000000000
54232  -9.229  -11.273  52.462 0.0000000000
74111  -39.851  5.337  32.104 0.0000000000
65592  -36.154  -3.651  34.601 0.0000000000
73092  -38.442  4.713  31.456 0.0000000000
64467  -27.554  -1.552  48.134 0.0000000000
63321  -26.821  -2.023  48.059 0.0000000000
63323  -26.104  -3.051  47.449 0.0000000000
63365  -30.873  -2.721  45.340 0.0000000000
63378  -30.250  -2.802  44.217 0.0000000000
63420  -25.397  -3.569  41.469 0.0000000000
62284  -22.995  -5.282  40.756 0.0000000000
63436  -23.700  -4.481  40.631 0.0000000000
64495  -5.854  -2.086  44.545 0.0000000000
65512  -5.568  -1.775  44.281 0.0000000000
139336  -5.750  -2.140  43.880 0.0000000000
64502  -5.641  -2.570  42.898 0.0000000000
141321  -6.110  -3.234  43.013 0.0000000000
140964  -6.410  -3.998  42.768 0.0000000000
137875  -6.823  -3.763  44.062 0.0000000000
59814  -8.614  -7.306  45.796 0.0000000000
59820  -8.353  -7.777  44.838 0.0000000000
124856  -7.148  -8.848  43.896 0.0000000000
58707  -7.384  -8.467  44.821 0.0000000000
77407  -51.079  8.728  21.203 0.0000000000
142840  -49.219  7.867  20.397 0.0000000000
76343  -49.754  8.082  20.720 0.0000000000
148299  -50.211  8.528  20.365 0.0000000000
131361  -11.901  -9.975  49.772 0.0000000000
137227  -11.176  -10.479  49.070 0.0000000000
58772  -17.481  -7.769  41.130 0.0000000000
154292  -17.950  -7.622  41.791 0.0000000000
130254  -15.165  -7.957  44.735 0.0000000000
57673  -14.281  -8.404  45.033 0.0000000000
155161  -14.162  -8.291  45.693 0.0000000000
57662  -13.592  -8.579  46.101 0.0000000000
66610  -5.466  -1.815  35.641 0.0000000000
134155  -5.343  -2.294  34.953 0.0000000000
66615  -5.169  -1.744  34.519 0.0000000000
65581  -5.076  -2.419  34.159 0.0000000000
61137  -11.082  -6.790  35.053 0.0000000000
135803  -10.736  -5.786  34.931 0.0000000000
59912  -11.003  -7.360  34.436 0.0000000000
59965  -6.546  -6.614  30.016 0.0000000000
151036  -6.076  -5.463  31.003 0.0000000000
61223  -6.017  -5.984  30.142 0.0000000000
61222  -5.848  -6.081  29.744 0.0000000000
59982  -6.035  -6.614  29.609 0.0000000000
133252  -7.616  -2.870  52.824 0.0000000000
145139  -6.704  -9.788  52.872 0.0000000000
57604  -7.081  -8.826  52.966 0.0000000000
57611  -6.374  -9.250  52.386 0.0000000000
133880  -5.653  -8.741  50.294 0.0000000000
58663  -5.648  -8.496  50.434 0.0000000000
59790  -5.709  -8.139  50.119 0.0000000000
59782  -5.800  -7.826  50.555 0.0000000000
150684  -5.643  -8.310  49.796 0.0000000000
59795  -5.717  -8.522  49.459 0.0000000000
134462  -3.828  -12.924  45.450 0.0000000000
54348  -4.041  -13.183  44.608 0.0000000000
55495  -4.373  -12.789  44.105 0.0000000000
137249  -4.068  -13.763  44.105 0.0000000000
143483  -2.977  -19.989  46.431 0.0000000000
141327  -3.178  -19.750  47.103 0.0000000000
46523  -2.946  -19.232  46.352 0.0000000000
67615  -38.912  -0.316  41.000 0.0000000000
155757  -36.501  -4.968  38.964 0.0000000000
62306  -36.680  -4.466  38.888 0.0000000000
62296  -36.645  -4.532  39.352 0.0000000000
65548  -38.587  -1.358  40.923 0.0000000000
136134  -38.205  -2.041  40.506 0.0000000000
66578  -38.735  -0.957  40.862 0.0000000000
67624  -38.752  -0.435  40.592 0.0000000000
59849  -34.598  -5.354  40.327 0.0000000000
59850  -34.817  -5.123  40.710 0.0000000000
132713  -36.286  -5.061  39.795 0.0000000000
59875  -35.893  -5.538  39.280 0.0000000000
59876  -36.057  -5.344  39.501 0.0000000000
59889  -36.018  -5.473  38.990 0.0000000000
61067  -35.586  -4.095  42.349 0.0000000000
62252  -35.396  -3.854  43.202 0.0000000000
61066  -34.621  -4.404  42.338 0.0000000000
156211  -33.981  -4.654  41.792 0.0000000000
154668  -55.290  11.489  16.670 0.0000000000
79364  -55.783  11.776  16.431 0.0000000000
136389  -48.817  8.651  16.748 0.0000000000
77435  -48.820  8.787  15.904 0.0000000000
77436  -49.492  9.059  16.392 0.0000000000
144676  -51.164  9.700  15.802 0.0000000000
153269  -50.101  9.363  15.135 0.0000000000
147977  -50.739  9.568  15.089 0.0000000000
77463  -50.109  9.402  13.846 0.0000000000
78449  -51.052  9.700  14.192 0.0000000000
142056  -52.181  10.165  14.904 0.0000000000
78447  -53.603  10.729  16.023 0.0000000000
79362  -54.239  11.098  15.298 0.0000000000
145580  -43.235  4.802  26.778 0.0000000000
73158  -43.843  4.599  26.510 0.0000000000
73106  -43.449  5.031  29.097 0.0000000000
73122  -44.012  4.685  28.489 0.0000000000
73107  -44.368  4.819  29.417 0.0000000000
72043  -37.445  4.030  28.675 0.0000000000
72053  -37.358  4.096  27.649 0.0000000000
73152  -38.230  4.400  25.972 0.0000000000
73174  -39.016  4.474  25.136 0.0000000000
73175  -39.847  4.801  25.751 0.0000000000
73137  -41.895  5.190  27.044 0.0000000000
73156  -41.567  4.989  25.996 0.0000000000
73178  -42.494  4.762  25.546 0.0000000000
57717  -8.334  -9.954  39.958 0.0000000000
57731  -7.941  -10.532  39.355 0.0000000000
54431  -6.937  -12.464  38.456 0.0000000000
55564  -7.592  -11.603  38.484 0.0000000000
55574  -7.414  -12.092  38.231 0.0000000000
54448  -7.647  -12.194  37.808 0.0000000000
53351  -6.773  -13.383  37.732 0.0000000000
52180  -6.835  -14.028  37.175 0.0000000000
137911  -6.590  -13.817  37.756 0.0000000000
49975  -6.295  -15.189  38.124 0.0000000000
51024  -6.350  -14.607  37.987 0.0000000000
152602  -6.389  -16.376  37.946 0.0000000000
53216  -9.127  -12.155  50.066 0.0000000000
53205  -8.773  -12.201  50.603 0.0000000000
53215  -8.621  -12.491  50.044 0.0000000000
68660  -35.889  -0.612  36.373 0.0000000000
67662  -35.662  -1.135  35.836 0.0000000000
69707  -35.909  2.246  35.192 0.0000000000
144868  -34.914  0.827  34.262 0.0000000000
70878  -35.578  2.206  34.117 0.0000000000
70892  -35.810  2.659  32.955 0.0000000000
73063  -37.806  5.049  34.881 0.0000000000
65457  -28.355  -0.804  48.615 0.0000000000
66504  -28.920  -0.551  48.579 0.0000000000
63423  -29.675  -3.387  41.425 0.0000000000
127793  -29.131  -3.104  42.017 0.0000000000
63422  -28.826  -3.192  41.304 0.0000000000
81451  -53.503  12.478  9.442 0.0000000000
81452  -54.004  12.502  10.092 0.0000000000
83339  -54.445  13.731  9.403 0.0000000000
83346  -54.756  14.387  9.027 0.0000000000
84237  -55.125  15.159  8.479 0.0000000000
84232  -55.721  15.452  9.076 0.0000000000
143879  -6.625  -2.881  45.609 0.0000000000
143670  -6.824  -2.920  46.614 0.0000000000
63345  -8.291  -4.639  47.635 0.0000000000
132695  -8.877  -6.139  46.722 0.0000000000
62216  -8.616  -5.790  47.619 0.0000000000
142107  -48.969  6.525  21.987 0.0000000000
75208  -50.264  7.331  22.462 0.0000000000
75203  -49.584  6.405  22.785 0.0000000000
69862  -43.958  2.692  20.807 0.0000000000
71024  -45.632  3.685  21.205 0.0000000000
69879  -44.355  2.800  20.544 0.0000000000
71038  -44.715  3.044  20.185 0.0000000000
72151  -45.043  3.623  19.645 0.0000000000
72160  -45.615  4.493  19.459 0.0000000000
73236  -46.090  4.473  20.284 0.0000000000
124842  -48.303  5.857  21.911 0.0000000000
73231  -47.575  5.585  21.328 0.0000000000
75212  -48.402  6.654  21.171 0.0000000000
58644  -14.704  -7.001  52.081 0.0000000000
137766  -13.530  -8.294  50.249 0.0000000000
57626  -12.975  -8.829  50.481 0.0000000000
141093  -13.177  -8.707  49.600 0.0000000000
56619  -13.383  -10.012  43.257 0.0000000000
69637  -6.541  1.051  38.918 0.0000000000
68610  -6.104  0.463  38.976 0.0000000000
66601  -5.515  -2.177  37.818 0.0000000000
65570  -5.641  -2.929  37.356 0.0000000000
66606  -5.542  -2.228  36.754 0.0000000000
64543  -6.005  -3.333  36.807 0.0000000000
56767  -9.502  -10.699  31.916 0.0000000000
57805  -10.145  -9.661  32.049 0.0000000000
57814  -8.887  -10.377  31.035 0.0000000000
56796  -7.327  -10.351  30.243 0.0000000000
57822  -8.224  -9.929  30.457 0.0000000000
57821  -6.720  -9.719  29.761 0.0000000000
57833  -6.252  -9.168  29.504 0.0000000000
56808  -5.473  -10.051  29.229 0.0000000000
64426  -8.988  -3.381  53.763 0.0000000000
65398  -8.896  -2.752  53.690 0.0000000000
64435  -8.565  -3.013  53.603 0.0000000000
64441  -8.076  -2.941  53.294 0.0000000000
54253  -5.630  -11.964  50.394 0.0000000000
55366  -5.871  -10.401  51.245 0.0000000000
126485  -5.524  -11.672  50.285 0.0000000000
55409  -4.949  -11.741  49.192 0.0000000000
55410  -5.410  -10.921  49.983 0.0000000000
56526  -5.363  -10.624  49.664 0.0000000000
56538  -5.542  -9.685  50.139 0.0000000000
56537  -4.967  -11.297  48.827 0.0000000000
148019  -5.003  -11.075  48.504 0.0000000000
145845  -3.429  -13.373  47.881 0.0000000000
54307  -3.604  -12.707  47.556 0.0000000000
131926  -3.380  -13.182  47.154 0.0000000000
129277  -3.458  -13.152  46.363 0.0000000000
145426  -3.244  -13.808  46.684 0.0000000000
64561  -36.543  -4.320  34.906 0.0000000000
64554  -36.632  -4.228  35.458 0.0000000000
63483  -37.035  -3.907  38.023 0.0000000000
63494  -36.761  -4.365  37.374 0.0000000000
64540  -37.143  -3.498  37.727 0.0000000000
66603  -37.186  -2.026  37.895 0.0000000000
64539  -37.150  -2.883  37.579 0.0000000000
65572  -36.943  -2.524  37.263 0.0000000000
65571  -36.692  -2.607  36.708 0.0000000000
66607  -36.820  -1.844  37.380 0.0000000000
67655  -36.534  -1.249  37.141 0.0000000000
67648  -36.933  -0.862  37.816 0.0000000000
69653  -37.534  1.424  38.191 0.0000000000
151284  -33.422  -5.763  37.681 0.0000000000
63329  -32.478  -2.269  46.396 0.0000000000
62213  -32.020  -2.801  45.777 0.0000000000
62221  -32.379  -3.057  45.562 0.0000000000
62224  -34.187  -3.019  45.159 0.0000000000
62241  -33.803  -3.653  44.551 0.0000000000
62250  -32.235  -4.148  43.097 0.0000000000
62249  -31.640  -4.003  42.680 0.0000000000
126516  -31.669  -3.672  43.533 0.0000000000
62263  -30.863  -3.737  42.212 0.0000000000
62274  -31.027  -3.958  41.187 0.0000000000
131759  -30.427  -3.887  39.370 0.0000000000
82431  -57.363  13.881  13.101 0.0000000000
141874  -52.184  10.183  13.037 0.0000000000
145941  -52.177  10.226  12.619 0.0000000000
78469  -52.693  10.455  12.862 0.0000000000
79380  -53.492  11.036  12.266 0.0000000000
147514  -53.059  10.759  12.308 0.0000000000
79388  -53.312  11.016  11.579 0.0000000000
80374  -53.928  11.470  11.887 0.0000000000
80378  -53.663  11.450  11.024 0.0000000000
80375  -54.578  11.953  12.191 0.0000000000
81432  -56.085  12.697  13.179 0.0000000000
82430  -56.513  13.270  12.832 0.0000000000
72106  -46.340  4.322  23.696 0.0000000000
72092  -47.003  4.464  24.290 0.0000000000
137744  -46.946  4.685  26.307 0.0000000000
154742  -47.503  4.695  25.775 0.0000000000
146198  -45.015  4.297  27.493 0.0000000000
73141  -45.621  4.387  27.426 0.0000000000
73204  -39.931  4.121  23.681 0.0000000000
73205  -40.700  4.170  23.749 0.0000000000
127440  -41.866  3.745  22.918 0.0000000000
72119  -41.815  3.428  22.303 0.0000000000
72104  -44.825  4.165  23.744 0.0000000000
70979  -44.410  3.935  23.099 0.0000000000
72105  -45.515  4.189  23.727 0.0000000000
70981  -45.737  4.084  22.991 0.0000000000
58776  -21.361  -7.300  41.378 0.0000000000
58787  -21.209  -7.688  40.487 0.0000000000
57723  -19.946  -8.333  39.351 0.0000000000
72008  -6.397  3.151  30.652 0.0000000000
69754  -6.188  1.533  31.409 0.0000000000
68705  -5.243  0.378  31.201 0.0000000000
68697  -5.154  0.109  31.774 0.0000000000
63435  -8.939  -4.681  39.936 0.0000000000
63453  -8.991  -4.628  39.104 0.0000000000
62290  -9.741  -5.111  39.644 0.0000000000
59881  -10.629  -7.410  38.376 0.0000000000
61118  -10.754  -6.578  37.996 0.0000000000
130879  -10.786  -7.358  37.575 0.0000000000
59894  -10.990  -7.335  36.752 0.0000000000
57743  -8.869  -9.972  38.550 0.0000000000
57744  -9.623  -9.312  38.225 0.0000000000
57756  -9.071  -10.147  37.858 0.0000000000
128836  -9.493  -11.254  35.488 0.0000000000
56730  -9.717  -10.548  35.993 0.0000000000
56731  -10.070  -10.452  35.164 0.0000000000
56759  -9.998  -10.823  33.672 0.0000000000
130890  -9.456  -11.731  33.854 0.0000000000
54504  -7.858  -13.438  33.395 0.0000000000
55622  -8.311  -12.696  32.869 0.0000000000
51067  -6.332  -15.554  34.958 0.0000000000
151612  -6.170  -15.971  35.151 0.0000000000
58628  -9.463  -7.394  53.806 0.0000000000
124892  -9.627  -8.013  53.793 0.0000000000
55345  -8.118  -10.407  52.738 0.0000000000
57607  -8.599  -9.149  53.248 0.0000000000
56500  -8.087  -9.713  52.985 0.0000000000
56499  -7.501  -9.570  52.962 0.0000000000
55344  -7.538  -10.231  52.724 0.0000000000
53188  -8.290  -12.042  51.452 0.0000000000
52034  -7.957  -12.544  50.902 0.0000000000
154285  -6.825  -12.775  50.772 0.0000000000
151025  -7.422  -12.294  51.240 0.0000000000
54230  -6.834  -11.340  51.737 0.0000000000
53186  -6.666  -11.974  51.283 0.0000000000
133377  -6.094  -11.728  51.044 0.0000000000
52048  -6.131  -12.984  50.448 0.0000000000
50886  -5.098  -14.665  49.467 0.0000000000
50871  -4.972  -14.395  49.480 0.0000000000
73103  -39.841  4.924  29.760 0.0000000000
66616  -35.184  -2.026  34.476 0.0000000000
66625  -34.948  -2.464  33.741 0.0000000000
72025  -36.936  3.589  30.253 0.0000000000
72033  -37.245  3.782  29.974 0.0000000000
73093  -39.035  4.789  31.074 0.0000000000
73102  -38.979  4.715  30.166 0.0000000000
62217  -24.489  -4.629  46.676 0.0000000000
62211  -24.565  -4.550  47.075 0.0000000000
61037  -23.656  -5.146  45.975 0.0000000000
61036  -23.481  -5.261  45.093 0.0000000000
63336  -30.269  -2.147  46.307 0.0000000000
64486  -29.412  -1.873  46.815 0.0000000000
125813  -29.237  -2.119  46.366 0.0000000000
63404  -28.365  -2.883  42.623 0.0000000000
63389  -27.840  -2.802  43.449 0.0000000000
63377  -27.284  -2.868  44.370 0.0000000000
63361  -25.951  -3.407  45.269 0.0000000000
62246  -23.491  -5.012  43.536 0.0000000000
61062  -22.919  -5.602  43.078 0.0000000000
61074  -22.654  -5.734  42.059 0.0000000000
61099  -22.120  -6.751  40.066 0.0000000000
85127  -55.567  16.075  6.860 0.0000000000
144293  -56.953  17.149  4.958 0.0000000000
69600  -5.879  1.321  40.726 0.0000000000
145932  -5.697  0.557  40.221 0.0000000000
153511  -5.555  -0.070  39.991 0.0000000000
67611  -5.431  -0.128  40.384 0.0000000000
68571  -4.988  0.724  43.740 0.0000000000
68585  -5.061  0.766  42.243 0.0000000000
149639  -5.443  -2.668  42.072 0.0000000000
66562  -5.126  -1.692  41.756 0.0000000000
64511  -5.555  -3.055  41.473 0.0000000000
64520  -5.730  -3.232  40.727 0.0000000000
63430  -5.875  -3.451  41.083 0.0000000000
150145  -6.685  -4.228  40.621 0.0000000000
63415  -6.722  -4.265  41.307 0.0000000000
127042  -8.131  -4.483  42.506 0.0000000000
63416  -8.168  -4.554  41.848 0.0000000000
62271  -9.480  -5.224  42.070 0.0000000000
61072  -9.906  -5.794  41.676 0.0000000000
128463  -9.806  -5.847  42.506 0.0000000000
63373  -7.661  -3.891  45.468 0.0000000000
63386  -8.265  -4.385  44.946 0.0000000000
62234  -8.981  -5.079  45.237 0.0000000000
59830  -9.048  -7.620  43.620 0.0000000000
59831  -9.469  -6.938  43.652 0.0000000000
59837  -9.370  -7.607  42.853 0.0000000000
58755  -8.729  -8.441  42.498 0.0000000000
149652  -8.823  -8.682  41.786 0.0000000000
57699  -6.383  -10.113  42.336 0.0000000000
58754  -7.218  -9.543  42.278 0.0000000000
57705  -6.006  -10.752  41.882 0.0000000000
148707  -6.166  -11.091  41.078 0.0000000000
154689  -5.784  -11.216  41.535 0.0000000000
78430  -53.490  10.311  19.751 0.0000000000
78420  -52.659  9.888  20.051 0.0000000000
74143  -42.828  5.226  29.729 0.0000000000
73243  -45.975  5.372  19.041 0.0000000000
75230  -46.455  6.209  18.649 0.0000000000
75231  -47.058  6.874  18.559 0.0000000000
76354  -47.453  7.462  17.927 0.0000000000
76380  -46.877  7.313  17.137 0.0000000000
76367  -48.156  8.082  17.638 0.0000000000
77418  -48.821  8.366  18.169 0.0000000000
78418  -50.916  9.319  19.118 0.0000000000
78428  -51.723  9.753  18.664 0.0000000000
57608  -11.166  -8.400  53.285 0.0000000000
56504  -11.219  -8.981  53.006 0.0000000000
56510  -10.949  -9.663  52.993 0.0000000000
56512  -11.296  -9.900  52.872 0.0000000000
130824  -12.740  -8.376  52.274 0.0000000000
128093  -12.643  -8.244  52.417 0.0000000000
56517  -12.329  -9.064  52.177 0.0000000000
55394  -11.446  -10.420  51.507 0.0000000000
55381  -11.636  -10.126  52.027 0.0000000000
55380  -11.069  -10.809  52.014 0.0000000000
54265  -9.775  -11.630  51.097 0.0000000000
54266  -10.239  -11.266  50.791 0.0000000000
154380  -9.833  -12.037  48.635 0.0000000000
53232  -9.505  -12.759  47.982 0.0000000000
58762  -20.989  -7.407  41.941 0.0000000000
58747  -21.002  -7.299  43.213 0.0000000000
58746  -20.386  -7.632  42.583 0.0000000000
133473  -18.309  -7.586  43.327 0.0000000000
127388  -19.185  -7.820  45.340 0.0000000000
58758  -16.057  -7.842  42.301 0.0000000000
58709  -16.214  -7.616  45.375 0.0000000000
58710  -17.450  -7.631  45.679 0.0000000000
129302  -17.863  -7.506  46.478 0.0000000000
129530  -18.352  -7.228  47.283 0.0000000000
58685  -15.895  -7.245  47.745 0.0000000000
153974  -16.543  -7.161  47.512 0.0000000000
58675  -15.914  -7.214  48.643 0.0000000000
155801  -13.241  -8.607  47.181 0.0000000000
57642  -12.844  -8.957  47.565 0.0000000000
142694  -12.462  -10.640  44.293 0.0000000000
55483  -12.155  -10.588  45.023 0.0000000000
55454  -11.330  -10.905  46.295 0.0000000000
54322  -10.740  -11.465  46.830 0.0000000000
71975  -10.705  3.444  36.129 0.0000000000
154958  -10.881  3.522  35.408 0.0000000000
71981  -10.924  3.654  34.636 0.0000000000
144878  -10.004  2.224  34.877 0.0000000000
68637  -7.255  0.524  37.160 0.0000000000
69659  -8.708  1.441  36.710 0.0000000000
142792  -7.473  0.337  36.442 0.0000000000
68665  -6.784  -0.059  34.852 0.0000000000
68666  -7.787  0.422  35.081 0.0000000000
127623  -8.247  0.823  34.534 0.0000000000
69716  -8.241  0.968  33.747 0.0000000000
69715  -7.352  0.709  33.264 0.0000000000
124525  -6.542  0.280  33.790 0.0000000000
155140  -4.644  -1.264  33.320 0.0000000000
67677  -4.803  -0.724  33.151 0.0000000000
67676  -4.605  -1.162  32.759 0.0000000000
134262  -4.632  -1.244  32.101 0.0000000000
63467  -8.710  -4.506  37.517 0.0000000000
145834  -7.563  -4.300  37.620 0.0000000000
63500  -8.125  -4.357  35.089 0.0000000000
149185  -7.021  -4.034  35.632 0.0000000000
63510  -7.795  -4.467  34.408 0.0000000000
59945  -9.837  -7.578  31.563 0.0000000000
146703  -9.591  -6.753  31.813 0.0000000000
61170  -6.706  -5.409  32.126 0.0000000000
62371  -7.782  -5.476  32.431 0.0000000000
129679  -6.891  -5.122  32.831 0.0000000000
62356  -6.758  -4.649  33.383 0.0000000000
62355  -6.202  -4.560  33.123 0.0000000000
126411  -5.693  -4.193  32.863 0.0000000000
63534  -5.849  -4.533  32.766 0.0000000000
62405  -5.460  -4.567  31.259 0.0000000000
141290  -5.363  -4.304  31.779 0.0000000000
63559  -5.255  -4.070  31.380 0.0000000000
64585  -5.069  -3.438  31.464 0.0000000000
64591  -5.230  -3.771  30.910 0.0000000000
64598  -5.362  -4.124  30.242 0.0000000000
64462  -6.873  -3.034  50.348 0.0000000000
132093  -8.838  -6.841  53.490 0.0000000000
60983  -9.024  -5.641  53.496 0.0000000000
59743  -8.332  -6.751  53.272 0.0000000000
133221  -7.864  -6.525  53.031 0.0000000000
60989  -7.267  -6.774  52.699 0.0000000000
62182  -7.954  -5.160  53.010 0.0000000000
62181  -7.512  -5.922  52.579 0.0000000000
146280  -5.886  -9.007  51.503 0.0000000000
139755  -5.955  -9.056  51.893 0.0000000000
58645  -5.872  -8.890  51.412 0.0000000000
61001  -6.126  -7.672  51.314 0.0000000000
59766  -6.359  -7.489  51.769 0.0000000000
61002  -6.632  -6.794  51.623 0.0000000000
62190  -7.210  -5.613  51.763 0.0000000000
62195  -7.104  -5.673  51.374 0.0000000000
61014  -6.959  -6.067  50.835 0.0000000000
63319  -7.278  -4.481  50.568 0.0000000000
140159  -7.361  -4.232  50.000 0.0000000000
59800  -6.157  -8.263  48.444 0.0000000000
59801  -6.997  -7.440  48.686 0.0000000000
148185  -6.752  -7.872  47.881 0.0000000000
59802  -7.612  -7.343  47.707 0.0000000000
58683  -6.312  -8.494  47.480 0.0000000000
57649  -5.126  -10.671  47.770 0.0000000000
57650  -5.632  -9.935  47.832 0.0000000000
124995  -5.288  -10.446  47.180 0.0000000000
57670  -5.083  -10.858  45.458 0.0000000000
58703  -5.546  -10.226  45.932 0.0000000000
58721  -5.865  -9.864  45.471 0.0000000000
58705  -6.155  -9.428  45.969 0.0000000000
57681  -5.770  -9.957  44.583 0.0000000000
58738  -5.984  -9.612  44.387 0.0000000000
155339  -5.553  -10.312  44.502 0.0000000000
55507  -4.393  -12.884  43.175 0.0000000000
56627  -5.110  -11.881  43.001 0.0000000000
55508  -4.727  -12.390  42.652 0.0000000000
55521  -4.747  -12.457  41.823 0.0000000000
126780  -4.500  -12.980  41.613 0.0000000000
49805  -3.889  -16.584  49.303 0.0000000000
136971  -3.283  -17.990  47.981 0.0000000000
47621  -3.662  -18.570  48.297 0.0000000000
48723  -3.231  -17.200  48.247 0.0000000000
48708  -3.559  -16.932  48.852 0.0000000000
50938  -3.040  -15.687  47.867 0.0000000000
49840  -2.986  -16.604  47.686 0.0000000000
49871  -2.914  -16.804  45.867 0.0000000000
131255  -2.870  -16.058  46.337 0.0000000000
50957  -3.002  -15.993  45.453 0.0000000000
126560  -3.157  -15.349  45.205 0.0000000000
154043  -3.768  -15.480  43.337 0.0000000000
52124  -3.808  -14.907  43.186 0.0000000000
50984  -3.826  -15.581  42.895 0.0000000000
50995  -4.203  -15.116  41.762 0.0000000000
51004  -4.554  -15.185  41.037 0.0000000000
155512  -4.862  -14.781  40.547 0.0000000000
141218  -5.233  -14.694  40.017 0.0000000000
130372  -38.724  -1.033  41.188 0.0000000000
67603  -38.767  0.207  41.613 0.0000000000
67602  -38.579  -0.229  42.157 0.0000000000
67595  -38.323  0.173  42.690 0.0000000000
62287  -36.840  -4.266  40.121 0.0000000000
63442  -37.090  -3.843  40.027 0.0000000000
63425  -37.541  -3.065  40.460 0.0000000000
65543  -38.451  -1.576  41.165 0.0000000000
145866  -36.027  -4.015  41.947 0.0000000000
61079  -35.655  -4.841  40.734 0.0000000000
62276  -36.380  -4.155  41.021 0.0000000000
151876  -36.795  -4.034  40.525 0.0000000000
152194  -36.230  -2.466  44.487 0.0000000000
64497  -36.560  -2.541  44.105 0.0000000000
63392  -36.478  -3.439  42.911 0.0000000000
66540  -37.161  -0.936  44.115 0.0000000000
79359  -55.127  11.312  17.318 0.0000000000
78436  -50.922  9.539  17.294 0.0000000000
77437  -50.178  9.321  16.888 0.0000000000
78440  -50.839  9.557  16.516 0.0000000000
78445  -51.957  10.077  15.665 0.0000000000
73138  -42.792  4.991  27.336 0.0000000000
73134  -38.832  4.679  27.659 0.0000000000
126987  -39.576  4.922  27.177 0.0000000000
73154  -40.160  5.030  26.610 0.0000000000
73136  -40.985  5.200  26.799 0.0000000000
56669  -6.803  -11.454  39.697 0.0000000000
56670  -7.302  -11.018  39.507 0.0000000000
55550  -6.755  -11.886  39.303 0.0000000000
55562  -6.646  -12.354  39.053 0.0000000000
54430  -6.492  -12.907  38.772 0.0000000000
53350  -6.511  -13.386  38.245 0.0000000000
53343  -6.239  -13.504  38.757 0.0000000000
52167  -6.048  -14.089  38.745 0.0000000000
51023  -5.987  -14.685  38.783 0.0000000000
52072  -8.212  -12.961  49.748 0.0000000000
52084  -8.425  -13.281  48.921 0.0000000000
50916  -7.937  -13.922  48.571 0.0000000000
145896  -36.780  2.366  37.025 0.0000000000
69673  -36.355  1.383  36.863 0.0000000000
70864  -36.540  3.196  35.147 0.0000000000
70865  -36.971  3.994  35.024 0.0000000000
68535  -29.441  0.261  48.710 0.0000000000
63457  -28.402  -3.307  39.850 0.0000000000
82453  -55.291  13.225  11.496 0.0000000000
82452  -54.936  13.196  10.940 0.0000000000
83333  -55.440  13.737  11.003 0.0000000000
83340  -55.675  14.455  10.408 0.0000000000
85091  -57.615  16.317  11.118 0.0000000000
64483  -6.162  -2.234  46.805 0.0000000000
64492  -6.598  -2.662  46.690 0.0000000000
64493  -6.833  -2.914  47.532 0.0000000000
63331  -7.199  -3.372  48.288 0.0000000000
63332  -7.867  -4.362  48.614 0.0000000000
73222  -48.397  5.496  22.610 0.0000000000
154948  -49.304  5.854  23.253 0.0000000000
73213  -48.853  5.563  23.224 0.0000000000
74212  -49.822  5.775  24.020 0.0000000000
69847  -44.890  3.368  21.952 0.0000000000
69863  -44.680  3.007  21.224 0.0000000000
71009  -45.289  3.467  21.565 0.0000000000
73229  -46.504  4.582  21.074 0.0000000000
154579  -46.731  4.555  21.762 0.0000000000
73221  -47.832  5.218  22.117 0.0000000000
58647  -14.947  -6.918  51.926 0.0000000000
58652  -15.116  -7.176  51.417 0.0000000000
128253  -14.302  -7.767  50.395 0.0000000000
59811  -23.236  -5.446  46.792 0.0000000000
68716  -5.188  0.877  30.436 0.0000000000
68717  -5.148  1.015  29.695 0.0000000000
67629  -5.541  -0.684  39.244 0.0000000000
67630  -5.614  -0.642  38.809 0.0000000000
143270  -5.461  -1.234  38.815 0.0000000000
65565  -5.643  -2.902  38.275 0.0000000000
156184  -6.348  -3.711  37.953 0.0000000000
55651  -7.732  -11.840  31.411 0.0000000000
56780  -7.067  -11.319  30.697 0.0000000000
56795  -6.407  -10.829  30.147 0.0000000000
154296  -5.911  -10.908  29.908 0.0000000000
64427  -9.616  -3.673  53.745 0.0000000000
63288  -9.109  -4.102  53.634 0.0000000000
133078  -5.206  -12.224  49.711 0.0000000000
147306  -4.769  -13.208  49.238 0.0000000000
54277  -4.374  -13.280  48.845 0.0000000000
130779  -4.402  -12.634  48.655 0.0000000000
149547  -4.011  -12.695  48.170 0.0000000000
54285  -3.966  -13.233  48.414 0.0000000000
52090  -3.226  -14.233  48.040 0.0000000000
66597  -37.902  -1.556  39.400 0.0000000000
65567  -37.331  -2.922  38.230 0.0000000000
66596  -37.520  -1.238  38.697 0.0000000000
67649  -37.447  -0.351  38.498 0.0000000000
68615  -38.101  0.531  39.018 0.0000000000
58801  -34.772  -6.084  37.570 0.0000000000
140505  -33.730  -4.306  43.271 0.0000000000
61039  -33.327  -4.091  43.780 0.0000000000
61050  -32.880  -4.420  42.574 0.0000000000
61049  -32.335  -4.348  42.163 0.0000000000
62275  -31.797  -4.235  40.693 0.0000000000
81418  -56.604  12.797  13.971 0.0000000000
79370  -54.021  11.088  13.491 0.0000000000
79375  -54.366  11.442  13.069 0.0000000000
80369  -54.743  11.849  12.809 0.0000000000
80370  -55.372  12.216  13.165 0.0000000000
80371  -55.910  12.431  13.677 0.0000000000
72079  -46.773  4.436  24.967 0.0000000000
72078  -45.781  4.359  25.016 0.0000000000
73181  -46.290  4.548  25.769 0.0000000000
147962  -46.356  4.618  26.442 0.0000000000
152771  -41.342  4.174  23.812 0.0000000000
72087  -41.889  4.353  24.192 0.0000000000
127365  -42.680  4.258  23.946 0.0000000000
72102  -42.676  3.931  23.283 0.0000000000
70978  -43.530  3.847  22.995 0.0000000000
58793  -21.068  -8.214  39.550 0.0000000000
72009  -7.372  3.296  30.941 0.0000000000
136871  -7.533  2.425  31.406 0.0000000000
69755  -6.709  1.460  31.837 0.0000000000
62282  -10.099  -5.629  40.144 0.0000000000
62291  -10.407  -5.916  39.431 0.0000000000
148248  -10.499  -7.448  39.073 0.0000000000
154092  -10.482  -8.011  37.952 0.0000000000
55576  -8.255  -11.488  37.635 0.0000000000
56717  -8.796  -11.099  37.104 0.0000000000
55596  -8.854  -12.010  35.889 0.0000000000
55610  -9.195  -11.990  34.829 0.0000000000
153968  -7.436  -14.005  33.801 0.0000000000
143521  -6.804  -14.488  33.629 0.0000000000
52237  -6.241  -14.918  33.454 0.0000000000
56496  -10.063  -8.925  53.457 0.0000000000
124810  -9.580  -8.732  53.546 0.0000000000
55347  -9.280  -10.129  52.965 0.0000000000
55346  -8.677  -10.616  52.736 0.0000000000
133642  -7.709  -13.795  50.297 0.0000000000
50859  -7.727  -13.136  50.155 0.0000000000
50858  -6.954  -13.429  50.123 0.0000000000
52032  -6.547  -13.185  50.340 0.0000000000
139652  -5.921  -13.639  49.970 0.0000000000
49766  -5.543  -14.494  49.550 0.0000000000
73085  -39.823  5.177  31.372 0.0000000000
142050  -37.319  4.146  32.318 0.0000000000
72015  -37.618  4.265  31.394 0.0000000000
72027  -37.905  4.398  31.128 0.0000000000
72034  -37.749  4.162  30.432 0.0000000000
62209  -25.359  -3.565  47.819 0.0000000000
62218  -25.199  -4.100  46.822 0.0000000000
62227  -25.209  -3.998  46.201 0.0000000000
64478  -31.271  -1.918  46.812 0.0000000000
64469  -30.750  -1.558  47.198 0.0000000000
63337  -30.980  -2.336  46.244 0.0000000000
63349  -30.086  -2.359  45.766 0.0000000000
63363  -29.571  -2.430  45.393 0.0000000000
64505  -26.832  -3.058  41.859 0.0000000000
134257  -27.121  -2.891  42.942 0.0000000000
63402  -26.432  -3.136  42.518 0.0000000000
63388  -25.879  -3.331  43.320 0.0000000000
63375  -24.930  -3.912  44.035 0.0000000000
63387  -24.809  -3.924  43.173 0.0000000000
62261  -23.990  -4.485  42.919 0.0000000000
124591  -23.092  -5.115  41.949 0.0000000000
62272  -22.784  -5.548  41.420 0.0000000000
62292  -22.617  -5.785  40.037 0.0000000000
82467  -52.668  13.135  7.169 0.0000000000
67590  -4.900  -0.327  43.415 0.0000000000
141348  -4.844  -0.882  42.790 0.0000000000
65529  -5.111  -1.946  43.022 0.0000000000
64504  -5.423  -2.393  42.653 0.0000000000
63383  -5.948  -3.437  42.385 0.0000000000
138819  -6.414  -4.038  42.127 0.0000000000
139453  -7.561  -4.272  43.009 0.0000000000
63398  -8.597  -4.589  43.123 0.0000000000
62225  -9.048  -5.558  46.008 0.0000000000
61032  -9.271  -5.796  45.337 0.0000000000
59821  -9.079  -7.056  45.046 0.0000000000
130318  -9.036  -7.382  44.280 0.0000000000
58725  -8.508  -7.926  43.984 0.0000000000
131734  -8.007  -8.428  43.677 0.0000000000
58753  -6.708  -9.465  43.090 0.0000000000
57691  -5.978  -9.915  43.211 0.0000000000
77412  -51.206  9.202  19.990 0.0000000000
78412  -51.945  9.446  20.392 0.0000000000
148525  -51.378  9.089  20.659 0.0000000000
77408  -51.969  9.145  21.296 0.0000000000
75221  -47.631  6.748  19.953 0.0000000000
75220  -47.073  6.461  19.346 0.0000000000
76346  -48.219  7.407  19.771 0.0000000000
76355  -48.481  7.913  19.014 0.0000000000
77419  -49.273  8.398  19.037 0.0000000000
77411  -50.470  8.870  19.813 0.0000000000
57609  -11.792  -8.396  52.947 0.0000000000
56520  -12.383  -9.267  51.639 0.0000000000
55412  -11.533  -10.293  50.750 0.0000000000
55411  -10.709  -10.781  50.359 0.0000000000
54279  -10.074  -11.314  49.881 0.0000000000
55424  -10.580  -10.888  49.445 0.0000000000
53225  -10.225  -11.735  48.225 0.0000000000
58760  -19.450  -7.943  41.136 0.0000000000
150153  -19.677  -7.790  42.674 0.0000000000
124517  -18.875  -7.688  42.219 0.0000000000
57693  -14.512  -8.747  43.269 0.0000000000
58726  -15.231  -8.094  43.760 0.0000000000
152625  -15.859  -7.596  45.944 0.0000000000
58696  -15.554  -7.579  46.396 0.0000000000
138193  -15.177  -7.538  47.111 0.0000000000
58684  -14.321  -7.888  47.213 0.0000000000
57652  -13.681  -8.350  46.852 0.0000000000
57651  -12.898  -8.980  46.660 0.0000000000
55482  -11.890  -11.099  44.598 0.0000000000
54334  -10.613  -11.896  45.503 0.0000000000
54321  -10.467  -11.887  46.354 0.0000000000
70832  -10.196  2.709  36.140 0.0000000000
67654  -6.187  -0.687  36.406 0.0000000000
68651  -6.582  -0.371  35.788 0.0000000000
67661  -5.989  -0.700  35.181 0.0000000000
143573  -5.827  -0.221  34.197 0.0000000000
67668  -5.388  -0.694  34.370 0.0000000000
66623  -4.758  -1.789  33.712 0.0000000000
65589  -4.808  -2.599  33.266 0.0000000000
62313  -10.660  -5.634  36.519 0.0000000000
62322  -9.877  -4.765  36.102 0.0000000000
62323  -10.478  -5.291  35.599 0.0000000000
155194  -10.160  -5.059  34.931 0.0000000000
62334  -10.086  -5.380  34.258 0.0000000000
59967  -8.355  -7.294  30.590 0.0000000000
59944  -9.027  -6.922  31.165 0.0000000000
61188  -7.973  -6.425  31.085 0.0000000000
61187  -6.989  -5.882  31.217 0.0000000000
62386  -6.034  -5.107  32.208 0.0000000000
61185  -5.863  -5.116  31.616 0.0000000000
61201  -5.882  -5.345  30.891 0.0000000000
62406  -5.618  -5.024  30.919 0.0000000000
62421  -5.489  -4.837  30.059 0.0000000000
62422  -5.648  -5.246  30.303 0.0000000000
132876  -7.509  -8.432  53.028 0.0000000000
59751  -7.791  -7.231  53.064 0.0000000000
58633  -7.371  -7.922  52.926 0.0000000000
124696  -6.910  -8.122  52.703 0.0000000000
57622  -5.581  -9.044  50.939 0.0000000000
58650  -5.778  -8.605  51.039 0.0000000000
58655  -5.714  -8.463  50.774 0.0000000000
61007  -5.948  -7.747  50.934 0.0000000000
61013  -6.311  -7.110  50.964 0.0000000000
137053  -6.279  -7.244  50.448 0.0000000000
61019  -7.128  -6.318  50.238 0.0000000000
144260  -6.072  -7.986  49.149 0.0000000000
146432  -4.398  -11.416  46.864 0.0000000000
57659  -4.836  -10.942  46.987 0.0000000000
57669  -4.718  -11.237  46.274 0.0000000000
56588  -4.515  -11.734  45.433 0.0000000000
56603  -4.939  -11.334  44.641 0.0000000000
156232  -5.189  -11.178  44.219 0.0000000000
56615  -4.622  -12.042  44.429 0.0000000000
54376  -4.137  -13.375  42.825 0.0000000000
136662  -3.079  -18.976  47.192 0.0000000000
135335  -2.992  -18.227  47.262 0.0000000000
48771  -2.962  -17.580  45.387 0.0000000000
49908  -3.878  -16.326  42.731 0.0000000000
59909  -35.770  -5.519  37.460 0.0000000000
134659  -36.049  -5.462  36.924 0.0000000000
134474  -36.485  -4.740  38.208 0.0000000000
62307  -36.754  -4.406  38.120 0.0000000000
63473  -37.176  -3.640  38.858 0.0000000000
155830  -37.544  -3.054  39.989 0.0000000000
64522  -37.710  -2.768  40.040 0.0000000000
66587  -38.432  -1.005  40.174 0.0000000000
61089  -32.953  -4.879  39.636 0.0000000000
61090  -33.556  -5.088  40.012 0.0000000000
59860  -34.127  -5.516  39.460 0.0000000000
59873  -34.727  -5.819  39.059 0.0000000000
61091  -35.467  -5.264  40.269 0.0000000000
59874  -35.608  -5.690  39.216 0.0000000000
127527  -35.040  -5.992  38.936 0.0000000000
59899  -35.286  -5.830  37.433 0.0000000000
62233  -34.777  -3.253  44.636 0.0000000000
63380  -35.779  -3.218  44.115 0.0000000000
62243  -35.263  -3.395  44.174 0.0000000000
61052  -34.175  -4.246  43.200 0.0000000000
134106  -33.958  -4.489  42.465 0.0000000000
139409  -33.564  -4.844  40.924 0.0000000000
79368  -55.405  11.737  15.246 0.0000000000
80340  -56.093  12.047  15.803 0.0000000000
141686  -56.348  12.062  16.663 0.0000000000
77444  -49.526  9.129  15.482 0.0000000000
77452  -48.553  8.820  14.184 0.0000000000
151420  -49.214  9.081  14.065 0.0000000000
78458  -51.737  9.984  13.488 0.0000000000
78459  -52.592  10.357  13.545 0.0000000000
78451  -52.727  10.422  14.421 0.0000000000
78460  -53.380  10.735  13.907 0.0000000000
79366  -54.061  11.063  14.317 0.0000000000
79367  -54.705  11.406  14.744 0.0000000000
152668  -43.836  4.579  25.713 0.0000000000
73179  -44.527  4.492  25.951 0.0000000000
73140  -44.466  4.419  27.035 0.0000000000
135053  -44.576  4.406  27.927 0.0000000000
147401  -38.096  4.405  27.114 0.0000000000
72085  -37.298  3.886  24.506 0.0000000000
72086  -37.987  3.969  24.020 0.0000000000
73192  -38.690  4.160  24.253 0.0000000000
73193  -39.479  4.323  24.295 0.0000000000
71987  -10.626  3.579  33.527 0.0000000000
58782  -9.412  -8.803  40.312 0.0000000000
59866  -9.766  -8.618  39.673 0.0000000000
58781  -9.065  -9.322  39.783 0.0000000000
57732  -8.618  -9.927  39.217 0.0000000000
56686  -8.384  -10.664  38.271 0.0000000000
56685  -7.773  -11.034  38.752 0.0000000000
56701  -8.046  -11.275  38.153 0.0000000000
152291  -7.988  -11.963  37.591 0.0000000000
54463  -7.747  -12.552  37.132 0.0000000000
53359  -7.369  -13.377  36.827 0.0000000000
53366  -7.140  -14.243  36.313 0.0000000000
52193  -6.859  -14.721  36.463 0.0000000000
51039  -6.673  -15.139  36.668 0.0000000000
154735  -6.545  -14.836  37.345 0.0000000000
49990  -6.571  -15.775  36.509 0.0000000000
126186  -6.393  -16.497  36.338 0.0000000000
54256  -9.780  -11.566  51.729 0.0000000000
54245  -9.134  -11.526  52.136 0.0000000000
52050  -8.529  -12.252  51.053 0.0000000000
52049  -8.160  -12.932  50.302 0.0000000000
52071  -8.013  -13.517  50.247 0.0000000000
50888  -7.976  -13.615  50.288 0.0000000000
150126  -7.844  -14.231  50.182 0.0000000000
72007  -38.532  5.074  32.621 0.0000000000
154512  -39.560  5.480  33.006 0.0000000000
73072  -39.017  5.341  33.095 0.0000000000
65576  -36.125  -2.642  35.468 0.0000000000
67670  -35.892  -1.967  35.653 0.0000000000
67669  -35.473  -1.602  35.167 0.0000000000
69692  -35.818  1.267  36.033 0.0000000000
68672  -35.038  0.027  35.024 0.0000000000
154264  -34.808  -0.060  34.491 0.0000000000
67679  -34.584  -0.146  33.870 0.0000000000
154997  -34.690  0.764  33.600 0.0000000000
68690  -34.473  0.642  32.903 0.0000000000
146412  -35.375  2.230  32.636 0.0000000000
71992  -36.879  3.934  34.038 0.0000000000
71999  -37.120  4.052  32.975 0.0000000000
73078  -37.989  4.858  32.797 0.0000000000
65456  -27.532  -1.146  48.847 0.0000000000
62262  -30.309  -3.254  42.841 0.0000000000
63391  -29.844  -2.922  43.408 0.0000000000
63405  -29.456  -3.045  42.701 0.0000000000
63439  -28.116  -3.140  40.779 0.0000000000
63421  -27.832  -2.997  41.577 0.0000000000
151609  -26.266  -3.284  41.485 0.0000000000
140992  -25.223  -3.648  40.806 0.0000000000
63437  -24.604  -3.891  40.331 0.0000000000
81455  -53.201  12.742  8.762 0.0000000000
82458  -54.474  13.150  10.131 0.0000000000
82463  -53.355  13.265  8.339 0.0000000000
82468  -53.289  13.642  7.517 0.0000000000
83348  -53.930  14.331  7.587 0.0000000000
83353  -54.110  14.707  6.616 0.0000000000
84240  -54.493  14.986  7.208 0.0000000000
84241  -55.298  15.681  7.657 0.0000000000
84233  -56.388  15.815  9.693 0.0000000000
64496  -6.185  -2.453  44.709 0.0000000000
63355  -6.350  -2.791  44.191 0.0000000000
63371  -6.715  -3.460  43.880 0.0000000000
141889  -6.771  -3.332  44.717 0.0000000000
63358  -8.050  -4.057  46.559 0.0000000000
59808  -8.712  -6.866  46.500 0.0000000000
59807  -7.993  -7.528  46.679 0.0000000000
76339  -49.946  7.760  21.529 0.0000000000
76340  -50.661  8.154  21.785 0.0000000000
133758  -43.603  2.507  20.135 0.0000000000
72159  -44.941  4.151  18.785 0.0000000000
74230  -46.160  5.013  19.754 0.0000000000
73230  -46.949  5.179  20.993 0.0000000000
74232  -47.151  5.851  20.338 0.0000000000
124876  -47.779  6.321  20.773 0.0000000000
124863  -49.188  7.362  21.189 0.0000000000
58638  -14.013  -6.861  52.623 0.0000000000
57617  -13.282  -8.003  52.220 0.0000000000
57621  -13.481  -8.058  51.898 0.0000000000
58651  -14.178  -7.432  51.762 0.0000000000
57624  -13.448  -8.019  51.551 0.0000000000
57623  -12.862  -8.751  51.242 0.0000000000
140631  -12.579  -9.340  49.975 0.0000000000
57719  -15.985  -8.550  40.329 0.0000000000
58771  -16.175  -8.024  41.238 0.0000000000
58757  -15.220  -8.471  41.953 0.0000000000
137927  -14.640  -8.822  42.533 0.0000000000
57682  -13.788  -9.322  43.675 0.0000000000
130566  -13.617  -9.100  44.545 0.0000000000
56590  -12.974  -9.574  44.962 0.0000000000
56604  -13.049  -9.956  44.139 0.0000000000
56618  -12.814  -10.586  43.552 0.0000000000
70812  -7.850  2.119  38.729 0.0000000000
154108  -8.129  1.824  38.087 0.0000000000
69638  -7.364  1.453  38.446 0.0000000000
69657  -6.934  0.755  38.027 0.0000000000
153806  -6.569  0.229  37.573 0.0000000000
67642  -5.726  -0.662  38.122 0.0000000000
67643  -6.104  -0.273  37.572 0.0000000000
144455  -5.825  -0.971  37.062 0.0000000000
153634  -5.610  -1.527  36.601 0.0000000000
65575  -5.560  -2.576  35.722 0.0000000000
64547  -6.000  -3.125  35.611 0.0000000000
58848  -10.778  -8.357  33.185 0.0000000000
59923  -10.814  -7.354  33.573 0.0000000000
58858  -10.362  -8.537  32.094 0.0000000000
58870  -9.832  -8.348  31.338 0.0000000000
153601  -8.961  -9.579  30.723 0.0000000000
58883  -8.658  -8.153  30.484 0.0000000000
58882  -7.739  -8.019  30.054 0.0000000000
59966  -6.929  -7.426  29.820 0.0000000000
59984  -6.391  -7.456  29.550 0.0000000000
58891  -5.950  -7.504  29.333 0.0000000000
66466  -8.898  -1.673  53.177 0.0000000000
152807  -7.608  -3.418  52.750 0.0000000000
55367  -6.080  -10.356  51.580 0.0000000000
57615  -5.993  -9.283  51.899 0.0000000000
56511  -6.087  -9.755  51.850 0.0000000000
56514  -5.807  -9.652  51.275 0.0000000000
140276  -5.562  -9.381  50.840 0.0000000000
55392  -5.472  -11.241  50.211 0.0000000000
56518  -5.610  -10.101  50.693 0.0000000000
124882  -5.569  -9.416  50.711 0.0000000000
57625  -5.574  -9.058  50.578 0.0000000000
57632  -5.630  -9.267  49.912 0.0000000000
139112  -5.649  -9.050  49.727 0.0000000000
57641  -5.580  -9.682  49.168 0.0000000000
57640  -5.283  -10.509  48.549 0.0000000000
56549  -4.682  -11.242  47.926 0.0000000000
155666  -3.937  -12.313  47.817 0.0000000000
55442  -4.131  -11.776  47.565 0.0000000000
56572  -4.041  -11.796  47.077 0.0000000000
148178  -3.815  -12.264  46.664 0.0000000000
133310  -3.690  -12.713  46.164 0.0000000000
154219  -3.615  -13.163  45.724 0.0000000000
64560  -36.340  -4.149  34.438 0.0000000000
65584  -36.371  -3.296  35.395 0.0000000000
61124  -36.377  -5.062  37.046 0.0000000000
63505  -36.725  -4.345  36.610 0.0000000000
64544  -36.928  -3.683  36.890 0.0000000000
64548  -36.739  -4.060  36.117 0.0000000000
65585  -36.643  -3.739  35.733 0.0000000000
65578  -36.656  -3.200  36.145 0.0000000000
65577  -36.438  -2.697  36.051 0.0000000000
154266  -36.212  -2.209  36.039 0.0000000000
68646  -36.284  -0.545  36.953 0.0000000000
140209  -36.611  0.447  37.397 0.0000000000
68629  -37.140  0.223  38.005 0.0000000000
152107  -37.071  0.875  37.821 0.0000000000
69674  -36.912  1.462  37.561 0.0000000000
64470  -31.484  -1.796  46.929 0.0000000000
62219  -31.475  -2.874  45.462 0.0000000000
62228  -31.353  -3.080  44.883 0.0000000000
139888  -33.106  -2.826  45.791 0.0000000000
62240  -33.347  -3.758  44.466 0.0000000000
150673  -32.985  -3.589  44.841 0.0000000000
62230  -32.418  -3.430  45.002 0.0000000000
62229  -31.903  -3.261  45.016 0.0000000000
62238  -31.780  -3.398  44.315 0.0000000000
62237  -31.087  -3.192  44.059 0.0000000000
132278  -29.493  -3.439  40.776 0.0000000000
62285  -30.264  -3.672  40.644 0.0000000000
78482  -52.585  10.486  12.319 0.0000000000
78493  -52.245  10.390  11.703 0.0000000000
152496  -52.067  10.388  11.239 0.0000000000
80386  -54.040  12.003  10.745 0.0000000000
81442  -54.677  12.319  11.742 0.0000000000
81443  -55.072  12.488  12.146 0.0000000000
82444  -55.460  12.994  11.992 0.0000000000
82445  -56.099  13.371  12.258 0.0000000000
82446  -56.861  13.863  12.497 0.0000000000
70983  -47.233  4.612  23.110 0.0000000000
72108  -47.890  4.934  23.603 0.0000000000
73160  -45.843  4.518  26.555 0.0000000000
69835  -43.775  3.068  21.755 0.0000000000
70993  -44.046  3.518  22.434 0.0000000000
154709  -44.389  3.286  22.031 0.0000000000
137153  -45.167  3.763  22.565 0.0000000000
70982  -46.580  4.347  23.098 0.0000000000
59839  -22.148  -6.423  42.716 0.0000000000
59832  -21.875  -6.650  43.139 0.0000000000
141931  -21.050  -7.658  41.010 0.0000000000
58761  -20.597  -7.757  41.341 0.0000000000
58785  -20.485  -8.171  39.751 0.0000000000
58774  -20.184  -8.011  40.660 0.0000000000
155949  -19.743  -8.045  40.530 0.0000000000
57710  -19.191  -8.021  40.460 0.0000000000
58784  -18.185  -7.973  40.397 0.0000000000
57720  -16.713  -8.477  39.820 0.0000000000
70897  -6.138  2.352  30.883 0.0000000000
145682  -5.389  1.193  30.798 0.0000000000
67700  -5.018  -0.245  30.997 0.0000000000
66645  -4.770  -1.109  31.428 0.0000000000
135243  -6.816  -4.243  39.519 0.0000000000
63465  -6.732  -4.084  39.028 0.0000000000
63466  -7.176  -4.356  39.044 0.0000000000
154104  -9.119  -4.653  38.361 0.0000000000
62302  -9.837  -5.070  37.946 0.0000000000
62303  -10.456  -5.823  38.437 0.0000000000
134832  -10.527  -5.727  37.524 0.0000000000
61127  -11.036  -6.546  36.422 0.0000000000
59903  -11.141  -7.144  35.908 0.0000000000
58828  -11.051  -7.932  35.222 0.0000000000
58798  -10.179  -8.680  37.884 0.0000000000
56703  -9.219  -10.385  37.189 0.0000000000
57766  -9.835  -9.966  36.545 0.0000000000
57767  -10.459  -9.067  36.449 0.0000000000
57778  -10.792  -8.772  35.709 0.0000000000
57787  -10.823  -8.971  34.954 0.0000000000
57795  -10.688  -9.297  33.997 0.0000000000
146972  -10.375  -10.019  33.539 0.0000000000
56768  -10.115  -10.347  32.814 0.0000000000
55623  -9.028  -12.115  33.160 0.0000000000
55638  -8.727  -11.830  32.224 0.0000000000
55636  -7.085  -12.684  31.777 0.0000000000
52206  -6.783  -15.015  35.282 0.0000000000
59744  -9.395  -6.801  53.752 0.0000000000
150570  -8.540  -8.008  53.421 0.0000000000
57600  -9.076  -8.604  53.487 0.0000000000
57599  -8.563  -8.541  53.365 0.0000000000
58634  -8.071  -8.428  53.214 0.0000000000
57605  -7.520  -8.979  53.046 0.0000000000
56498  -7.188  -9.371  53.088 0.0000000000
56507  -6.579  -10.121  52.551 0.0000000000
53173  -8.716  -11.614  51.947 0.0000000000
53172  -8.307  -11.754  51.763 0.0000000000
128202  -8.163  -11.470  52.042 0.0000000000
53171  -7.896  -11.875  51.643 0.0000000000
54231  -7.800  -11.436  51.997 0.0000000000
55354  -7.096  -10.692  52.316 0.0000000000
55353  -6.694  -10.568  52.178 0.0000000000
55352  -6.352  -10.424  51.919 0.0000000000
54243  -6.194  -11.096  51.412 0.0000000000
54254  -5.834  -12.158  50.589 0.0000000000
53196  -5.450  -12.759  49.947 0.0000000000
136325  -5.663  -13.370  49.950 0.0000000000
52047  -5.191  -13.562  49.580 0.0000000000
53204  -4.920  -13.436  49.375 0.0000000000
130330  -4.013  -14.789  49.166 0.0000000000
129447  -40.293  5.023  28.978 0.0000000000
149215  -41.927  5.259  29.478 0.0000000000
74121  -40.756  5.439  31.748 0.0000000000
65591  -35.704  -3.444  34.085 0.0000000000
64570  -35.568  -3.710  33.325 0.0000000000
66636  -34.863  -2.785  33.096 0.0000000000
148845  -36.350  3.391  28.616 0.0000000000
73118  -38.071  4.327  29.129 0.0000000000
126680  -38.179  4.355  29.995 0.0000000000
73119  -39.348  4.788  29.217 0.0000000000
62208  -24.631  -4.310  47.503 0.0000000000
61030  -24.051  -4.951  46.930 0.0000000000
61029  -23.636  -5.201  46.870 0.0000000000
59817  -23.188  -5.527  46.296 0.0000000000
59825  -23.091  -5.621  45.479 0.0000000000
61035  -22.822  -5.812  44.665 0.0000000000
66505  -29.707  -0.577  48.271 0.0000000000
65467  -29.980  -1.163  47.695 0.0000000000
65458  -29.362  -0.840  48.159 0.0000000000
152764  -28.939  -1.278  47.790 0.0000000000
63325  -28.224  -1.731  47.446 0.0000000000
138902  -29.308  -2.712  44.038 0.0000000000
126081  -29.500  -2.562  44.787 0.0000000000
130583  -28.708  -2.496  45.329 0.0000000000
130061  -28.512  -2.646  44.638 0.0000000000
63347  -27.824  -2.553  45.881 0.0000000000
130602  -28.069  -2.315  46.410 0.0000000000
63334  -27.025  -2.498  46.920 0.0000000000
150723  -25.922  -3.492  46.491 0.0000000000
141328  -24.802  -4.218  45.652 0.0000000000
138355  -24.327  -4.455  44.565 0.0000000000
150595  -24.132  -4.724  45.327 0.0000000000
61048  -23.151  -5.462  44.217 0.0000000000
61047  -22.588  -5.992  43.603 0.0000000000
59847  -21.931  -6.700  41.704 0.0000000000
59857  -21.421  -7.551  40.393 0.0000000000
61086  -22.063  -6.707  40.850 0.0000000000
59869  -21.706  -7.306  40.319 0.0000000000
83361  -54.357  14.958  5.736 0.0000000000
84252  -55.057  15.522  5.475 0.0000000000
84253  -55.716  16.124  5.310 0.0000000000
84258  -55.562  15.815  4.565 0.0000000000
144163  -56.831  16.488  3.417 0.0000000000
70796  -6.418  1.597  40.143 0.0000000000
139964  -5.657  -0.031  39.707 0.0000000000
152050  -5.388  -1.676  39.709 0.0000000000
65554  -5.684  -3.081  40.037 0.0000000000
143208  -5.297  0.237  41.015 0.0000000000
67604  -4.914  -0.850  42.060 0.0000000000
67605  -5.168  -0.784  41.101 0.0000000000
63448  -6.049  -3.515  40.337 0.0000000000
63449  -6.338  -3.719  40.001 0.0000000000
133421  -6.803  -4.276  40.015 0.0000000000
63433  -7.075  -4.466  40.591 0.0000000000
130438  -8.941  -4.760  40.754 0.0000000000
126897  -8.119  -4.592  41.071 0.0000000000
62281  -9.558  -5.177  41.230 0.0000000000
61084  -10.033  -5.747  40.855 0.0000000000
59845  -10.177  -6.653  41.262 0.0000000000
59844  -9.976  -7.707  41.242 0.0000000000
135257  -7.257  -3.895  44.482 0.0000000000
63385  -8.104  -4.316  43.939 0.0000000000
62258  -9.044  -4.898  43.838 0.0000000000
62245  -9.295  -5.502  44.558 0.0000000000
139389  -9.423  -5.565  43.783 0.0000000000
61060  -9.798  -6.672  42.766 0.0000000000
124825  -9.892  -7.196  42.047 0.0000000000
58770  -9.325  -8.597  41.101 0.0000000000
58769  -8.463  -9.230  41.303 0.0000000000
57708  -7.990  -9.843  40.740 0.0000000000
130042  -8.139  -9.132  42.084 0.0000000000
57707  -7.217  -10.301  40.994 0.0000000000
56653  -6.323  -11.481  40.353 0.0000000000
55535  -6.018  -11.899  40.274 0.0000000000
153455  -5.817  -12.244  40.239 0.0000000000
79337  -53.512  10.501  18.765 0.0000000000
73197  -48.707  5.197  24.022 0.0000000000
73250  -45.196  5.408  17.742 0.0000000000
75239  -45.647  6.112  17.461 0.0000000000
145115  -46.169  6.322  17.876 0.0000000000
75248  -46.213  6.716  17.229 0.0000000000
127402  -47.013  7.682  16.462 0.0000000000
149310  -48.289  8.320  17.024 0.0000000000
77420  -49.696  8.817  18.329 0.0000000000
77431  -50.248  9.212  17.766 0.0000000000
78427  -50.967  9.468  18.177 0.0000000000
56497  -10.606  -8.359  53.553 0.0000000000
56509  -10.281  -10.070  52.985 0.0000000000
55368  -10.131  -11.067  52.687 0.0000000000
57614  -12.500  -8.046  52.572 0.0000000000
57613  -12.055  -8.699  52.684 0.0000000000
56513  -11.793  -9.255  52.774 0.0000000000
134390  -12.052  -9.616  52.008 0.0000000000
56516  -11.826  -9.597  52.498 0.0000000000
55369  -10.790  -10.659  52.643 0.0000000000
55379  -10.329  -11.233  52.229 0.0000000000
53206  -9.282  -11.898  50.677 0.0000000000
54286  -9.587  -11.991  49.386 0.0000000000
52085  -9.053  -13.019  48.416 0.0000000000
52092  -9.108  -13.259  47.757 0.0000000000
58748  -21.526  -6.925  43.796 0.0000000000
58731  -21.065  -7.310  44.576 0.0000000000
147595  -19.914  -7.786  43.400 0.0000000000
58730  -20.407  -7.638  44.970 0.0000000000
149480  -19.690  -7.437  46.607 0.0000000000
58759  -17.018  -7.636  41.922 0.0000000000
131677  -16.851  -7.605  42.670 0.0000000000
58744  -17.309  -7.524  43.326 0.0000000000
138569  -16.909  -7.508  43.984 0.0000000000
126710  -17.785  -7.556  44.154 0.0000000000
58729  -18.158  -7.689  45.068 0.0000000000
58711  -18.491  -7.695  45.881 0.0000000000
132217  -18.788  -7.047  48.038 0.0000000000
148313  -16.857  -7.008  48.126 0.0000000000
134472  -15.240  -7.498  50.010 0.0000000000
58665  -14.492  -7.766  49.675 0.0000000000
138726  -13.944  -8.010  48.951 0.0000000000
56573  -12.349  -9.825  46.241 0.0000000000
55469  -11.925  -10.459  45.824 0.0000000000
56550  -11.722  -10.164  47.641 0.0000000000
55437  -11.161  -10.649  48.125 0.0000000000
54296  -10.701  -11.324  47.725 0.0000000000
54308  -10.268  -11.965  47.474 0.0000000000
53249  -10.030  -12.323  46.923 0.0000000000
53241  -9.852  -12.455  47.590 0.0000000000
70872  -10.123  2.895  33.063 0.0000000000
70830  -8.747  1.961  37.434 0.0000000000
70831  -9.517  2.187  36.623 0.0000000000
69679  -9.219  1.515  35.932 0.0000000000
68653  -8.025  0.545  35.891 0.0000000000
69698  -8.635  1.033  35.289 0.0000000000
144316  -9.424  1.660  35.072 0.0000000000
70857  -9.619  1.884  34.220 0.0000000000
69737  -9.021  1.862  32.804 0.0000000000
69736  -8.157  1.329  32.760 0.0000000000
69735  -7.047  1.100  32.446 0.0000000000
69734  -6.222  1.001  32.103 0.0000000000
68679  -5.711  0.080  33.297 0.0000000000
68678  -5.181  -0.154  32.828 0.0000000000
68687  -5.298  0.269  32.070 0.0000000000
151172  -4.677  -1.798  31.655 0.0000000000
133967  -6.922  -4.150  38.223 0.0000000000
63477  -6.591  -3.890  37.620 0.0000000000
63478  -8.814  -4.506  36.486 0.0000000000
132942  -7.150  -4.144  36.408 0.0000000000
63487  -6.727  -3.866  36.520 0.0000000000
63498  -6.680  -3.751  35.355 0.0000000000
63508  -6.340  -3.523  34.941 0.0000000000
128733  -10.446  -6.533  33.145 0.0000000000
62345  -9.942  -5.721  33.399 0.0000000000
149708  -9.252  -5.134  33.805 0.0000000000
153472  -8.727  -5.715  32.389 0.0000000000
62358  -8.750  -5.353  33.043 0.0000000000
62344  -8.259  -4.849  33.822 0.0000000000
128618  -7.048  -4.288  34.142 0.0000000000
63509  -6.487  -3.842  34.308 0.0000000000
126704  -6.136  -3.717  34.024 0.0000000000
63520  -5.646  -3.739  33.394 0.0000000000
64558  -5.133  -3.405  32.987 0.0000000000
65600  -4.854  -3.059  32.621 0.0000000000
63533  -5.542  -4.395  32.288 0.0000000000
63549  -5.213  -3.984  32.122 0.0000000000
65610  -4.819  -3.054  32.042 0.0000000000
65614  -4.847  -2.602  31.458 0.0000000000
65618  -5.073  -2.591  30.782 0.0000000000
64592  -5.276  -3.360  30.387 0.0000000000
64599  -5.469  -3.869  29.700 0.0000000000
63574  -5.633  -4.260  28.983 0.0000000000
62432  -5.489  -5.247  29.096 0.0000000000
62433  -5.570  -4.926  28.668 0.0000000000
62170  -9.545  -5.378  53.659 0.0000000000
62169  -9.209  -4.865  53.561 0.0000000000
62176  -8.670  -5.232  53.391 0.0000000000
62175  -8.182  -5.603  53.167 0.0000000000
63295  -8.371  -4.796  53.292 0.0000000000
63299  -8.146  -4.406  53.178 0.0000000000
63302  -7.916  -4.468  52.971 0.0000000000
151032  -7.656  -4.085  52.638 0.0000000000
58640  -6.107  -8.847  51.997 0.0000000000
58641  -6.409  -8.517  52.233 0.0000000000
59760  -6.184  -7.856  51.786 0.0000000000
156113  -6.077  -8.012  51.496 0.0000000000
60993  -6.823  -7.024  52.231 0.0000000000
133515  -7.183  -6.129  52.157 0.0000000000
62185  -7.545  -5.048  52.251 0.0000000000
151307  -7.383  -3.993  52.164 0.0000000000
64457  -6.927  -3.004  51.008 0.0000000000
63315  -7.222  -4.334  50.885 0.0000000000
64466  -6.704  -2.611  49.343 0.0000000000
63322  -7.371  -3.718  49.184 0.0000000000
62207  -8.052  -5.578  49.030 0.0000000000
59797  -7.495  -6.477  49.398 0.0000000000
59812  -7.017  -8.238  46.309 0.0000000000
131774  -5.720  -9.399  48.804 0.0000000000
58681  -5.841  -9.218  48.170 0.0000000000
58691  -5.656  -10.011  46.894 0.0000000000
58692  -6.025  -9.430  47.148 0.0000000000
58693  -6.185  -9.085  46.845 0.0000000000
58694  -6.400  -8.868  46.139 0.0000000000
58706  -6.801  -8.647  45.523 0.0000000000
58723  -6.451  -9.132  44.717 0.0000000000
57690  -5.810  -9.893  43.869 0.0000000000
128558  -5.741  -10.238  43.382 0.0000000000
57688  -5.343  -11.011  43.830 0.0000000000
57689  -5.561  -10.823  43.125 0.0000000000
56629  -5.644  -11.050  42.226 0.0000000000
56641  -5.439  -11.606  41.614 0.0000000000
55522  -5.160  -12.141  41.303 0.0000000000
54400  -5.283  -12.899  40.403 0.0000000000
50896  -3.827  -15.446  49.328 0.0000000000
50914  -3.825  -15.303  49.030 0.0000000000
48709  -3.901  -17.452  49.184 0.0000000000
49804  -3.657  -16.119  48.946 0.0000000000
50928  -3.436  -15.522  48.596 0.0000000000
132361  -3.044  -14.923  47.689 0.0000000000
49855  -2.881  -16.790  46.811 0.0000000000
50947  -2.951  -15.302  46.911 0.0000000000
52104  -3.079  -14.566  46.286 0.0000000000
145438  -3.239  -14.714  45.419 0.0000000000
53257  -3.573  -14.305  44.851 0.0000000000
48785  -3.188  -17.591  44.501 0.0000000000
49896  -3.457  -16.169  44.123 0.0000000000
52118  -3.769  -14.724  44.067 0.0000000000
53274  -3.950  -14.291  43.591 0.0000000000
53287  -3.907  -14.225  42.884 0.0000000000
53301  -4.023  -14.032  42.296 0.0000000000
143142  -4.021  -15.708  42.278 0.0000000000
52140  -4.118  -14.505  41.982 0.0000000000
53302  -4.367  -13.834  41.549 0.0000000000
53316  -4.839  -13.825  40.683 0.0000000000
52157  -5.351  -13.751  39.959 0.0000000000
51012  -5.574  -14.937  39.458 0.0000000000
48878  -6.270  -17.082  38.086 0.0000000000
49907  -3.704  -16.111  43.431 0.0000000000
49934  -4.334  -15.768  41.620 0.0000000000
49974  -5.960  -15.202  38.837 0.0000000000
50966  -3.297  -15.763  44.665 0.0000000000
51005  -5.096  -15.273  40.279 0.0000000000
52097  -3.084  -14.426  47.188 0.0000000000
52132  -3.933  -14.530  42.576 0.0000000000
53170  -7.506  -11.823  51.645 0.0000000000
53185  -6.236  -12.279  50.849 0.0000000000
53265  -3.881  -14.140  44.339 0.0000000000
54229  -6.510  -11.034  51.694 0.0000000000
54233  -9.613  -11.278  52.546 0.0000000000
54255  -9.097  -11.738  51.707 0.0000000000
54263  -4.811  -12.529  49.203 0.0000000000
54320  -3.590  -12.609  46.863 0.0000000000
54377  -4.368  -12.901  42.338 0.0000000000
54388  -4.009  -13.778  42.640 0.0000000000
54414  -5.177  -13.371  40.328 0.0000000000
54415  -5.692  -13.165  39.780 0.0000000000
54447  -7.182  -12.768  37.722 0.0000000000
55355  -7.655  -10.886  52.380 0.0000000000
55533  -4.944  -12.657  41.069 0.0000000000
55534  -5.428  -12.416  40.593 0.0000000000
56495  -9.081  -9.144  53.341 0.0000000000
56502  -9.447  -9.403  53.263 0.0000000000
56503  -9.908  -9.685  53.150 0.0000000000
56616  -5.083  -11.606  43.860 0.0000000000
56617  -5.316  -11.363  43.274 0.0000000000
56628  -5.348  -11.449  42.550 0.0000000000
56630  -13.131  -10.479  42.694 0.0000000000
56652  -5.586  -11.970  40.787 0.0000000000
56654  -6.791  -10.935  40.422 0.0000000000
56684  -7.230  -11.499  39.038 0.0000000000
56718  -9.316  -10.651  36.652 0.0000000000
56745  -10.287  -10.254  34.309 0.0000000000
57612  -6.645  -9.270  52.697 0.0000000000
57680  -5.292  -10.751  44.521 0.0000000000
57700  -6.945  -10.059  41.716 0.0000000000
57815  -9.962  -9.034  31.484 0.0000000000
58627  -8.904  -7.450  53.552 0.0000000000
58649  -5.715  -8.960  51.154 0.0000000000
58673  -5.759  -8.863  49.202 0.0000000000
58802  -34.935  -6.022  38.028 0.0000000000
58869  -9.331  -8.800  30.853 0.0000000000
59806  -7.034  -8.004  47.149 0.0000000000
59848  -34.104  -5.270  40.271 0.0000000000
59858  -21.742  -7.039  40.937 0.0000000000
59861  -34.685  -5.645  39.704 0.0000000000
59863  -35.733  -5.537  39.588 0.0000000000
60001  -5.781  -7.081  29.227 0.0000000000
61027  -24.049  -4.840  47.195 0.0000000000
61034  -9.368  -6.334  44.914 0.0000000000
61041  -34.367  -3.927  43.913 0.0000000000
61046  -9.473  -6.219  44.125 0.0000000000
61051  -33.369  -4.394  42.953 0.0000000000
61054  -35.048  -4.121  42.762 0.0000000000
61068  -35.844  -4.398  41.333 0.0000000000
61092  -35.908  -5.277  40.239 0.0000000000
61093  -36.603  -4.600  40.112 0.0000000000
61094  -36.531  -4.846  40.007 0.0000000000
61112  -36.188  -5.157  39.231 0.0000000000
61113  -36.491  -4.724  39.047 0.0000000000
61123  -36.151  -5.147  37.855 0.0000000000
61172  -8.653  -6.118  31.785 0.0000000000
61186  -6.281  -5.431  31.514 0.0000000000
61202  -6.202  -5.952  30.357 0.0000000000
62214  -32.412  -2.783  45.868 0.0000000000
62222  -32.812  -3.035  45.640 0.0000000000
62223  -33.569  -2.904  45.558 0.0000000000
62232  -33.715  -3.256  45.124 0.0000000000
62236  -30.537  -3.109  43.520 0.0000000000
62242  -34.296  -3.463  44.616 0.0000000000
62244  -35.653  -3.575  43.664 0.0000000000
62251  -34.911  -3.899  43.528 0.0000000000
62253  -35.993  -3.777  42.889 0.0000000000
62333  -9.789  -4.764  35.366 0.0000000000
62343  -7.395  -4.627  33.804 0.0000000000
62369  -5.770  -4.814  32.225 0.0000000000
62370  -6.063  -4.872  32.677 0.0000000000
63327  -31.154  -2.138  46.555 0.0000000000
63339  -32.471  -2.531  46.150 0.0000000000
63340  -32.917  -2.579  46.059 0.0000000000
63351  -31.552  -2.688  45.820 0.0000000000
63353  -34.368  -2.727  45.354 0.0000000000
63356  -6.692  -3.120  44.620 0.0000000000
63368  -35.942  -2.788  44.467 0.0000000000
63369  -5.951  -3.075  42.862 0.0000000000
63370  -6.143  -2.910  43.383 0.0000000000
63382  -5.631  -2.950  42.300 0.0000000000
63396  -5.744  -3.327  41.762 0.0000000000
63397  -6.192  -3.797  42.247 0.0000000000
63399  -8.887  -4.747  42.369 0.0000000000
63400  -23.780  -4.574  42.093 0.0000000000
63414  -6.430  -3.977  41.258 0.0000000000
63432  -6.663  -4.077  40.316 0.0000000000
63434  -7.996  -4.601  40.252 0.0000000000
63443  -37.344  -3.405  40.032 0.0000000000
63450  -6.726  -4.064  39.585 0.0000000000
63452  -7.977  -4.523  39.423 0.0000000000
63458  -37.094  -3.854  39.765 0.0000000000
63459  -37.213  -3.606  39.563 0.0000000000
63522  -6.554  -4.183  33.783 0.0000000000
63526  -36.500  -4.638  34.422 0.0000000000
64468  -29.743  -1.389  47.452 0.0000000000
64477  -30.593  -1.823  46.863 0.0000000000
64499  -5.843  -2.512  43.369 0.0000000000
64500  -6.113  -2.549  43.951 0.0000000000
64501  -37.026  -2.309  43.633 0.0000000000
64506  -37.328  -2.657  42.527 0.0000000000
64507  -37.785  -2.338  41.850 0.0000000000
64526  -6.128  -3.535  39.650 0.0000000000
64529  -37.473  -3.025  39.353 0.0000000000
64534  -6.130  -3.582  39.019 0.0000000000
64538  -6.011  -3.443  37.834 0.0000000000
64552  -5.856  -3.337  34.386 0.0000000000
64569  -5.072  -3.597  32.349 0.0000000000
65399  -9.094  -2.301  53.576 0.0000000000
65466  -28.999  -1.066  48.028 0.0000000000
65469  -31.733  -1.582  47.074 0.0000000000
65519  -37.338  -1.324  43.832 0.0000000000
65521  -5.468  -2.094  43.392 0.0000000000
65538  -5.361  -2.464  41.564 0.0000000000
65547  -5.483  -2.752  40.796 0.0000000000
65558  -5.473  -2.459  39.510 0.0000000000
65560  -37.546  -2.552  38.997 0.0000000000
65564  -5.529  -2.621  38.922 0.0000000000
66503  -28.085  -0.585  49.028 0.0000000000
66512  -30.369  -0.668  48.054 0.0000000000
66547  -38.154  -0.588  42.874 0.0000000000
66548  -4.974  -1.318  43.282 0.0000000000
66554  -4.972  -1.561  42.574 0.0000000000
66561  -38.738  -0.594  41.484 0.0000000000
66572  -5.322  -1.254  40.270 0.0000000000
66593  -5.440  -1.997  38.556 0.0000000000
66626  -35.468  -2.822  34.275 0.0000000000
66635  -4.552  -1.719  32.508 0.0000000000
67597  -4.864  -0.095  42.513 0.0000000000
67598  -5.069  0.072  41.685 0.0000000000
67617  -5.467  -0.753  39.732 0.0000000000
67637  -38.289  0.020  39.527 0.0000000000
67667  -4.941  -1.073  33.950 0.0000000000
67680  -34.950  -0.920  34.653 0.0000000000
68540  -29.521  0.977  48.731 0.0000000000
68608  -5.765  -0.026  39.338 0.0000000000
68609  -5.852  -0.056  38.893 0.0000000000
68630  -37.657  0.607  38.531 0.0000000000
68638  -8.024  0.821  36.642 0.0000000000
68659  -35.507  0.013  35.835 0.0000000000
68688  -5.685  0.407  32.446 0.0000000000
68698  -5.519  0.873  31.286 0.0000000000
69611  -5.954  1.034  40.281 0.0000000000
69612  -6.081  0.993  39.942 0.0000000000
70783  -6.215  1.824  40.925 0.0000000000
70822  -8.637  2.424  38.131 0.0000000000
70844  -10.482  2.885  35.290 0.0000000000
70871  -9.663  2.173  33.364 0.0000000000
70887  -9.749  3.136  32.399 0.0000000000
70994  -44.690  3.631  22.538 0.0000000000
70996  -46.156  4.215  22.490 0.0000000000
71039  -45.366  3.516  20.513 0.0000000000
72133  -46.584  4.420  22.171 0.0000000000
74215  -49.394  5.733  23.588 0.0000000000
76342  -48.654  7.388  20.456 0.0000000000
77410  -49.683  8.402  19.881 0.0000000000
77454  -50.332  9.443  14.571 0.0000000000
78483  -53.178  10.756  12.622 0.0000000000
79360  -55.829  11.624  17.396 0.0000000000
79379  -52.901  10.717  11.933 0.0000000000
80376  -55.142  12.274  12.611 0.0000000000
81446  -54.961  12.780  11.620 0.0000000000
82454  -55.773  13.565  11.680 0.0000000000
82469  -53.693  13.710  8.236 0.0000000000
84245  -54.700  15.271  6.343 0.0000000000
85145  -56.744  16.800  4.470 0.0000000000
85161  -57.156  16.857  3.839 0.0000000000
124313  -7.330  -11.368  51.916 0.0000000000
124463  -9.869  -6.784  54.005 0.0000000000
124599  -6.801  2.627  31.008 0.0000000000
124866  -4.213  -11.827  46.412 0.0000000000
126159  -34.401  -4.695  41.609 0.0000000000
127099  -35.545  -5.618  38.300 0.0000000000
127231  -6.525  -15.222  37.333 0.0000000000
128149  -7.538  -9.249  30.020 0.0000000000
128931  -35.037  -4.791  41.208 0.0000000000
130017  -36.275  -3.018  43.977 0.0000000000
130113  -36.727  -4.477  39.684 0.0000000000
130290  -6.307  -9.165  45.480 0.0000000000
130812  -36.243  -5.204  39.624 0.0000000000
130968  -37.277  -2.337  43.146 0.0000000000
133175  -38.061  -2.316  40.831 0.0000000000
133192  -6.991  -4.134  37.197 0.0000000000
133592  -8.817  -6.275  53.444 0.0000000000
134438  -33.249  -3.117  45.487 0.0000000000
134870  -45.654  3.957  20.155 0.0000000000
134906  -10.028  -4.167  53.692 0.0000000000
135733  -37.708  -2.711  41.090 0.0000000000
136246  -43.996  4.303  24.224 0.0000000000
136524  -5.516  -4.802  30.740 0.0000000000
136943  -25.502  -3.517  42.669 0.0000000000
137098  -37.088  -3.910  38.897 0.0000000000
137250  -6.423  -9.502  52.495 0.0000000000
138228  -32.879  -3.734  44.398 0.0000000000
138308  -34.807  -5.876  39.195 0.0000000000
138323  -36.495  -2.121  44.446 0.0000000000
138370  -38.437  -1.514  40.599 0.0000000000
138547  -5.706  -11.200  50.777 0.0000000000
139456  -4.027  -13.809  43.240 0.0000000000
139840  -36.351  -4.950  38.826 0.0000000000
141113  -32.125  -2.527  46.163 0.0000000000
141663  -26.869  -2.758  46.418 0.0000000000
142326  -37.560  4.461  32.662 0.0000000000
144507  -6.538  -3.885  38.439 0.0000000000
144996  -6.687  -3.864  43.242 0.0000000000
146251  -28.774  -1.448  47.629 0.0000000000
146329  -6.112  -9.447  46.556 0.0000000000
146525  -5.965  -3.426  38.507 0.0000000000
146534  -36.500  -5.029  36.354 0.0000000000
146730  -8.769  -4.559  53.475 0.0000000000
147296  -39.504  4.860  26.448 0.0000000000
147439  -6.675  -4.083  42.756 0.0000000000
147739  -9.685  -4.878  53.664 0.0000000000
148200  -32.180  -3.746  43.800 0.0000000000
148342  -4.570  -1.792  33.025 0.0000000000
148982  -38.232  -2.123  40.881 0.0000000000
149564  -5.736  -2.896  36.481 0.0000000000
149569  -7.354  -4.175  34.961 0.0000000000
150081  -34.822  -3.624  44.131 0.0000000000
150328  -32.766  -3.300  45.351 0.0000000000
150658  -47.563  4.602  25.226 0.0000000000
152704  -5.512  -8.736  50.079 0.0000000000
153018  -28.248  -1.007  48.413 0.0000000000
153343  -36.217  -5.389  36.606 0.0000000000
154026  -5.919  -0.034  38.418 0.0000000000
154280  -54.851  15.246  7.680 0.0000000000
154519  -6.229  -7.853  49.034 0.0000000000
154532  -35.214  -3.674  43.769 0.0000000000
155600  -36.784  -3.593  36.312 0.0000000000
155914  -4.405  -13.360  41.563 0.0000000000
156210  -22.386  -6.154  41.351 0.0000000000
156453  -23.546  -5.263  46.570 0.0000000000
