#!ascii label  , from subject NIHPD_75_135 vox2ras=TkReg
1753
136721  -44.444  23.264  -3.982 0.0000000000
141191  -56.301  20.040  -17.276 0.0000000000
96964  -50.827  30.795  -1.154 0.0000000000
88125  -54.134  20.056  -9.580 0.0000000000
87037  -53.671  18.668  1.713 0.0000000000
93949  -48.911  26.538  -14.721 0.0000000000
98731  -56.126  32.230  -14.347 0.0000000000
100133  -47.248  34.026  -8.066 0.0000000000
86987  -43.996  18.761  7.009 0.0000000000
89051  -48.169  20.304  -7.269 0.0000000000
126124  -50.775  21.545  -13.082 0.0000000000
93230  -46.572  25.190  -8.924 0.0000000000
97704  -55.282  32.635  1.576 0.0000000000
96144  -55.821  30.140  -6.404 0.0000000000
98595  -56.515  32.574  -5.582 0.0000000000
127477  -51.685  32.430  -10.448 0.0000000000
100755  -51.438  35.538  -4.236 0.0000000000
90107  -51.632  21.400  -20.109 0.0000000000
93187  -41.069  25.721  1.149 0.0000000000
95314  -45.611  29.227  -3.496 0.0000000000
90904  -59.195  22.773  -6.312 0.0000000000
87108  -53.778  19.164  -4.371 0.0000000000
86140  -47.696  17.826  -2.359 0.0000000000
131161  -46.541  16.284  2.823 0.0000000000
91039  -53.211  23.425  -19.036 0.0000000000
93983  -51.308  26.220  -21.555 0.0000000000
96155  -50.735  29.006  -8.079 0.0000000000
135334  -53.988  29.645  -15.311 0.0000000000
97098  -51.413  30.784  -21.288 0.0000000000
97832  -48.715  31.482  -17.146 0.0000000000
97803  -45.436  31.743  -13.498 0.0000000000
89951  -46.227  21.346  -5.912 0.0000000000
89983  -46.676  22.606  -8.631 0.0000000000
92547  -45.360  24.501  -6.372 0.0000000000
130201  -55.978  35.044  0.403 0.0000000000
98579  -57.415  32.313  -2.660 0.0000000000
99401  -55.581  34.038  -2.247 0.0000000000
99414  -52.978  33.497  -4.412 0.0000000000
88209  -53.570  20.706  -18.761 0.0000000000
93857  -40.356  25.991  3.898 0.0000000000
93866  -43.080  26.904  2.464 0.0000000000
147944  -53.703  18.656  -1.494 0.0000000000
154317  -50.719  18.147  -3.274 0.0000000000
85221  -50.844  17.423  -0.712 0.0000000000
85143  -45.508  16.874  5.229 0.0000000000
87043  -39.849  18.714  1.623 0.0000000000
88972  -38.968  21.058  0.787 0.0000000000
87989  -36.795  20.139  2.773 0.0000000000
89124  -55.209  20.714  -12.574 0.0000000000
91856  -48.910  23.421  -14.423 0.0000000000
142481  -51.967  22.212  -15.773 0.0000000000
91873  -49.734  24.213  -17.185 0.0000000000
91893  -51.566  24.536  -20.064 0.0000000000
93279  -50.018  26.556  -17.658 0.0000000000
96961  -48.039  30.299  -1.965 0.0000000000
96125  -48.293  29.246  -6.034 0.0000000000
96996  -50.754  30.085  -4.452 0.0000000000
143603  -57.698  30.762  -10.862 0.0000000000
96204  -55.571  29.680  -11.001 0.0000000000
96254  -56.379  30.453  -14.628 0.0000000000
96285  -54.667  29.977  -19.440 0.0000000000
130725  -54.867  32.068  -18.263 0.0000000000
97855  -50.753  31.450  -19.208 0.0000000000
98763  -52.669  32.192  -16.179 0.0000000000
98634  -48.946  32.663  -8.915 0.0000000000
125954  -48.471  31.651  -12.584 0.0000000000
124583  -46.461  32.322  -10.311 0.0000000000
98684  -43.679  32.582  -11.680 0.0000000000
100142  -45.152  34.187  -9.199 0.0000000000
88110  -50.697  19.699  -8.620 0.0000000000
89109  -51.669  20.514  -11.453 0.0000000000
89091  -49.252  20.924  -10.124 0.0000000000
90955  -47.809  23.176  -11.515 0.0000000000
93242  -47.821  26.240  -11.852 0.0000000000
147720  -52.907  31.352  0.289 0.0000000000
96976  -53.618  30.471  -3.247 0.0000000000
96989  -56.282  30.664  -3.282 0.0000000000
97752  -58.327  31.591  -5.935 0.0000000000
98656  -57.252  32.256  -9.143 0.0000000000
126865  -53.930  32.502  -11.836 0.0000000000
133364  -54.033  32.466  -7.816 0.0000000000
99440  -51.382  32.887  -7.047 0.0000000000
100766  -49.295  35.231  -6.137 0.0000000000
91054  -49.450  22.093  -20.576 0.0000000000
93192  -41.918  25.064  -1.860 0.0000000000
93881  -43.721  26.423  -4.063 0.0000000000
94578  -42.910  27.598  -1.220 0.0000000000
126099  -45.503  28.791  0.022 0.0000000000
96081  -48.087  29.316  1.144 0.0000000000
96038  -46.891  29.426  4.339 0.0000000000
96056  -50.422  29.745  3.318 0.0000000000
89975  -56.457  21.156  -7.942 0.0000000000
142822  -56.427  20.860  -5.062 0.0000000000
152976  -53.521  19.453  -6.962 0.0000000000
88060  -50.477  19.041  -5.911 0.0000000000
126910  -48.006  19.457  -5.167 0.0000000000
87018  -53.171  18.832  4.288 0.0000000000
139812  -47.588  19.214  7.260 0.0000000000
137832  -49.679  17.301  4.770 0.0000000000
85188  -49.956  16.853  2.287 0.0000000000
149337  -47.544  16.551  0.322 0.0000000000
142952  -43.386  21.760  -2.004 0.0000000000
90089  -58.080  22.161  -17.499 0.0000000000
90043  -53.687  21.197  -14.171 0.0000000000
91000  -55.044  22.550  -16.664 0.0000000000
91048  -55.583  22.918  -19.637 0.0000000000
91907  -54.189  23.357  -20.748 0.0000000000
133341  -51.944  24.035  -21.984 0.0000000000
92641  -49.844  24.865  -22.507 0.0000000000
94607  -46.054  27.387  -6.338 0.0000000000
94624  -48.566  27.817  -8.671 0.0000000000
95372  -50.074  28.492  -11.382 0.0000000000
131795  -53.369  29.567  -7.367 0.0000000000
96189  -52.550  29.349  -11.425 0.0000000000
95406  -50.861  28.692  -14.914 0.0000000000
95431  -52.350  28.813  -18.527 0.0000000000
95455  -51.486  28.663  -21.686 0.0000000000
94705  -48.725  27.079  -22.505 0.0000000000
98726  -50.693  31.795  -14.033 0.0000000000
97811  -46.904  31.504  -14.761 0.0000000000
98769  -43.120  31.663  -16.564 0.0000000000
140093  -42.038  32.802  -14.903 0.0000000000
99487  -40.557  33.451  -12.914 0.0000000000
90883  -45.191  22.539  -5.046 0.0000000000
90901  -45.644  22.871  -6.647 0.0000000000
132853  -44.720  24.246  -5.070 0.0000000000
100080  -56.087  34.732  -0.677 0.0000000000
124937  -54.267  35.052  -2.273 0.0000000000
89172  -55.098  20.502  -18.036 0.0000000000
87054  -53.426  18.466  -0.125 0.0000000000
86126  -52.463  18.101  -1.230 0.0000000000
86114  -52.211  17.833  0.078 0.0000000000
87034  -39.249  18.511  2.225 0.0000000000
87997  -39.132  19.179  1.654 0.0000000000
89082  -55.545  20.664  -9.884 0.0000000000
89096  -54.394  20.392  -11.303 0.0000000000
93260  -48.539  25.555  -14.379 0.0000000000
149448  -49.146  23.881  -15.815 0.0000000000
92597  -48.978  24.747  -15.877 0.0000000000
133022  -49.759  25.587  -17.612 0.0000000000
154027  -49.506  26.632  -16.269 0.0000000000
148415  -49.377  30.537  -1.033 0.0000000000
96983  -49.321  30.316  -3.546 0.0000000000
96973  -50.859  30.537  -2.886 0.0000000000
98714  -57.522  31.320  -12.167 0.0000000000
96232  -56.910  30.349  -12.526 0.0000000000
98766  -56.865  31.350  -15.056 0.0000000000
149667  -56.238  31.450  -17.117 0.0000000000
132071  -55.693  32.178  -15.876 0.0000000000
98776  -53.477  32.304  -16.908 0.0000000000
145474  -54.115  32.439  -14.609 0.0000000000
99449  -48.447  33.145  -8.256 0.0000000000
98650  -47.732  32.587  -9.481 0.0000000000
99459  -46.554  33.127  -9.175 0.0000000000
99470  -45.311  32.971  -9.927 0.0000000000
99446  -46.298  33.715  -8.811 0.0000000000
88094  -49.393  19.861  -7.783 0.0000000000
89065  -50.049  20.101  -9.211 0.0000000000
89076  -48.681  20.789  -9.009 0.0000000000
91830  -46.455  23.539  -8.949 0.0000000000
130987  -47.270  23.065  -10.345 0.0000000000
92569  -47.024  24.327  -10.296 0.0000000000
92578  -47.532  24.795  -11.746 0.0000000000
93923  -47.547  26.206  -10.537 0.0000000000
97720  -54.215  31.823  1.176 0.0000000000
130596  -54.489  31.090  -1.437 0.0000000000
97739  -56.106  31.669  -0.728 0.0000000000
98582  -56.685  32.864  -3.726 0.0000000000
97748  -57.957  31.694  -4.319 0.0000000000
98596  -57.834  32.286  -5.576 0.0000000000
98641  -57.967  32.083  -8.088 0.0000000000
98624  -56.747  32.464  -7.620 0.0000000000
128562  -55.521  32.484  -8.619 0.0000000000
98608  -55.167  32.526  -6.488 0.0000000000
100101  -52.337  34.223  -4.041 0.0000000000
99429  -52.478  32.846  -6.032 0.0000000000
100106  -51.354  34.068  -4.919 0.0000000000
100116  -50.269  33.987  -6.002 0.0000000000
100758  -50.308  35.107  -5.287 0.0000000000
126048  -50.628  21.466  -20.109 0.0000000000
93191  -41.528  25.265  -1.127 0.0000000000
140432  -42.145  26.534  -1.564 0.0000000000
93872  -42.255  26.815  -0.116 0.0000000000
94562  -43.943  27.338  2.407 0.0000000000
94571  -44.142  27.717  0.800 0.0000000000
149588  -45.553  27.986  1.498 0.0000000000
95300  -46.346  28.774  0.680 0.0000000000
95291  -46.874  28.305  2.308 0.0000000000
97685  -46.352  31.204  3.038 0.0000000000
96039  -48.865  29.627  4.417 0.0000000000
96893  -49.851  30.511  4.843 0.0000000000
96906  -51.595  30.765  4.130 0.0000000000
97674  -50.876  31.594  4.439 0.0000000000
89988  -57.774  21.996  -7.938 0.0000000000
89977  -57.477  21.701  -6.745 0.0000000000
89003  -56.081  20.283  -3.704 0.0000000000
88047  -55.169  19.927  -4.740 0.0000000000
88065  -55.007  19.966  -5.558 0.0000000000
88064  -54.154  19.572  -5.745 0.0000000000
88082  -51.967  19.011  -6.651 0.0000000000
88043  -51.955  18.848  -5.211 0.0000000000
86153  -49.225  17.936  -2.930 0.0000000000
87104  -49.691  18.751  -4.518 0.0000000000
132642  -47.934  18.778  -3.894 0.0000000000
86989  -45.852  18.806  6.929 0.0000000000
86063  -47.274  16.815  5.065 0.0000000000
85160  -48.324  16.633  4.116 0.0000000000
86076  -49.660  16.988  3.919 0.0000000000
85186  -48.337  16.444  2.629 0.0000000000
151009  -48.991  16.557  1.100 0.0000000000
85198  -47.263  16.392  1.123 0.0000000000
90864  -42.275  22.445  -1.610 0.0000000000
89913  -41.204  21.539  -0.699 0.0000000000
89177  -59.258  21.967  -16.512 0.0000000000
90027  -50.764  21.174  -12.303 0.0000000000
89122  -52.645  20.781  -12.781 0.0000000000
90041  -51.519  21.449  -13.587 0.0000000000
91025  -52.284  22.758  -17.314 0.0000000000
90999  -53.048  22.159  -16.091 0.0000000000
137431  -53.976  22.979  -17.736 0.0000000000
91028  -55.659  23.172  -18.664 0.0000000000
91886  -54.767  23.587  -19.747 0.0000000000
90122  -54.643  23.263  -20.437 0.0000000000
91885  -53.900  23.784  -20.333 0.0000000000
93293  -51.258  25.587  -20.670 0.0000000000
92623  -52.067  24.686  -21.567 0.0000000000
93301  -51.816  24.799  -21.795 0.0000000000
91920  -51.061  24.453  -22.253 0.0000000000
93315  -50.768  25.924  -22.285 0.0000000000
94584  -44.542  28.110  -4.110 0.0000000000
94594  -45.183  27.380  -5.424 0.0000000000
95316  -45.928  28.967  -4.829 0.0000000000
95334  -49.505  28.881  -7.341 0.0000000000
95333  -48.631  28.635  -7.153 0.0000000000
95352  -49.403  28.290  -8.766 0.0000000000
94633  -49.121  27.944  -10.270 0.0000000000
95354  -50.616  28.726  -9.864 0.0000000000
96122  -54.734  30.091  -5.191 0.0000000000
96129  -53.457  29.729  -6.032 0.0000000000
96158  -54.687  29.763  -7.366 0.0000000000
96228  -54.812  29.681  -13.718 0.0000000000
96203  -54.050  29.533  -11.347 0.0000000000
96227  -53.155  29.496  -13.696 0.0000000000
95391  -51.658  29.118  -13.655 0.0000000000
96238  -52.349  29.324  -14.807 0.0000000000
95415  -51.749  29.009  -16.272 0.0000000000
96262  -52.846  29.336  -16.779 0.0000000000
97102  -54.199  30.595  -20.557 0.0000000000
96302  -52.988  29.602  -21.100 0.0000000000
96313  -51.527  29.348  -21.698 0.0000000000
95454  -49.942  28.099  -22.501 0.0000000000
96311  -49.830  28.676  -22.164 0.0000000000
94699  -47.856  27.961  -21.149 0.0000000000
97097  -49.974  30.275  -21.300 0.0000000000
97843  -49.144  31.397  -17.994 0.0000000000
97864  -48.322  30.793  -19.228 0.0000000000
126929  -52.079  32.419  -11.163 0.0000000000
98709  -52.134  32.252  -12.979 0.0000000000
127950  -51.123  32.225  -11.976 0.0000000000
97797  -46.895  31.587  -12.972 0.0000000000
98705  -47.803  31.527  -13.364 0.0000000000
138923  -46.004  31.607  -14.380 0.0000000000
98771  -44.532  31.949  -15.888 0.0000000000
98759  -44.478  32.024  -14.976 0.0000000000
98740  -42.365  32.445  -15.612 0.0000000000
140700  -43.605  32.355  -14.017 0.0000000000
99481  -43.231  33.051  -11.139 0.0000000000
149879  -42.174  33.035  -12.158 0.0000000000
150036  -41.795  33.321  -11.800 0.0000000000
99478  -40.092  33.722  -12.171 0.0000000000
89039  -46.820  20.907  -6.311 0.0000000000
89063  -47.735  21.088  -8.142 0.0000000000
90902  -46.187  22.274  -7.161 0.0000000000
91816  -45.850  23.894  -7.711 0.0000000000
92553  -45.999  24.648  -7.917 0.0000000000
97734  -56.742  32.554  -0.539 0.0000000000
99384  -56.672  33.528  -0.410 0.0000000000
99402  -56.385  33.645  -2.039 0.0000000000
98581  -55.770  33.211  -3.520 0.0000000000
98586  -54.764  32.874  -4.633 0.0000000000
99408  -54.221  33.784  -3.254 0.0000000000
100095  -52.870  34.864  -3.269 0.0000000000
89184  -52.743  20.751  -19.009 0.0000000000
93184  -40.901  25.715  2.037 0.0000000000
93868  -41.657  26.163  1.041 0.0000000000
142232  -41.434  26.077  2.699 0.0000000000
87081  -53.423  18.730  -2.887 0.0000000000
139687  -52.023  18.503  -3.764 0.0000000000
87069  -52.064  18.119  -2.076 0.0000000000
86135  -50.597  17.557  -1.673 0.0000000000
86134  -49.654  17.381  -1.573 0.0000000000
86030  -44.542  18.011  6.474 0.0000000000
85155  -43.915  16.551  4.608 0.0000000000
88005  -40.963  19.427  0.351 0.0000000000
129507  -40.259  20.894  0.089 0.0000000000
156425  -39.666  19.909  0.836 0.0000000000
88965  -37.980  20.730  1.640 0.0000000000
90977  -49.457  22.675  -13.886 0.0000000000
150969  -50.937  22.086  -14.469 0.0000000000
90986  -49.703  22.764  -14.746 0.0000000000
91008  -50.394  22.976  -16.421 0.0000000000
147415  -51.617  23.099  -17.727 0.0000000000
91884  -52.750  23.785  -19.913 0.0000000000
91882  -50.917  24.240  -18.942 0.0000000000
92616  -50.247  25.195  -18.590 0.0000000000
93972  -50.659  26.406  -19.395 0.0000000000
96106  -46.556  29.771  -2.628 0.0000000000
96114  -46.599  29.414  -4.455 0.0000000000
96982  -48.025  30.025  -3.959 0.0000000000
96117  -49.283  29.822  -5.143 0.0000000000
131061  -51.313  29.468  -6.603 0.0000000000
96182  -57.270  30.418  -9.195 0.0000000000
152061  -56.173  30.046  -9.242 0.0000000000
96194  -56.953  30.169  -10.896 0.0000000000
145167  -56.401  30.100  -13.397 0.0000000000
96241  -55.653  29.994  -14.782 0.0000000000
96263  -54.701  29.863  -17.316 0.0000000000
96275  -55.776  30.510  -17.372 0.0000000000
97859  -55.570  31.284  -18.924 0.0000000000
97869  -53.589  31.270  -20.500 0.0000000000
97867  -51.314  31.309  -20.423 0.0000000000
98791  -52.370  31.817  -18.703 0.0000000000
98784  -51.772  31.833  -17.801 0.0000000000
128521  -50.806  31.719  -16.293 0.0000000000
136127  -50.073  32.327  -10.032 0.0000000000
129542  -49.566  32.041  -11.317 0.0000000000
98670  -49.246  32.235  -10.435 0.0000000000
127299  -47.310  31.803  -11.432 0.0000000000
97788  -45.814  31.779  -11.944 0.0000000000
98704  -44.184  32.229  -12.299 0.0000000000
98686  -45.385  32.130  -11.238 0.0000000000
98665  -44.061  32.864  -10.866 0.0000000000
100150  -43.944  33.842  -9.980 0.0000000000
88123  -52.580  19.691  -9.060 0.0000000000
89095  -52.994  20.136  -10.742 0.0000000000
89078  -51.539  20.018  -10.094 0.0000000000
130486  -50.471  20.642  -10.839 0.0000000000
89107  -49.519  21.543  -11.599 0.0000000000
89995  -48.046  21.745  -9.850 0.0000000000
90004  -48.148  22.093  -10.638 0.0000000000
90957  -48.892  22.211  -12.059 0.0000000000
91851  -48.225  23.686  -12.965 0.0000000000
132059  -47.974  25.161  -12.963 0.0000000000
133169  -48.482  26.726  -13.054 0.0000000000
96956  -51.418  30.943  -0.532 0.0000000000
132172  -52.352  30.741  -2.159 0.0000000000
153009  -53.602  30.776  -2.225 0.0000000000
96977  -54.486  30.548  -3.005 0.0000000000
97004  -56.569  30.477  -4.733 0.0000000000
96979  -57.198  31.608  -2.229 0.0000000000
130015  -57.486  30.822  -4.547 0.0000000000
97012  -57.698  30.828  -6.173 0.0000000000
97030  -58.095  30.962  -8.180 0.0000000000
98676  -57.860  31.666  -10.413 0.0000000000
98694  -56.315  32.324  -12.034 0.0000000000
98711  -54.762  32.441  -13.228 0.0000000000
146057  -54.738  32.554  -11.049 0.0000000000
127315  -54.354  32.560  -10.146 0.0000000000
128566  -52.715  32.517  -9.096 0.0000000000
98592  -53.451  32.699  -5.835 0.0000000000
98605  -52.266  32.706  -6.874 0.0000000000
98637  -51.898  32.547  -8.497 0.0000000000
98619  -50.268  32.790  -8.031 0.0000000000
99425  -49.118  33.885  -6.874 0.0000000000
100124  -48.397  34.247  -7.226 0.0000000000
92526  -42.973  24.549  -2.894 0.0000000000
92531  -43.953  24.846  -4.142 0.0000000000
93196  -43.002  25.477  -3.198 0.0000000000
93877  -42.922  26.942  -2.754 0.0000000000
95308  -43.832  28.230  -2.312 0.0000000000
94569  -42.833  27.110  0.567 0.0000000000
127591  -44.113  28.315  -0.654 0.0000000000
135778  -45.210  29.071  -1.671 0.0000000000
96097  -46.731  29.637  -0.828 0.0000000000
96099  -47.962  29.966  -0.520 0.0000000000
96092  -49.267  30.028  0.731 0.0000000000
144952  -45.999  28.825  4.098 0.0000000000
95274  -47.946  28.952  3.493 0.0000000000
131990  -49.181  29.404  2.083 0.0000000000
96929  -50.361  30.278  1.453 0.0000000000
96931  -51.703  30.642  2.446 0.0000000000
97701  -53.008  31.414  2.555 0.0000000000
97690  -53.959  32.477  2.849 0.0000000000
89986  -56.450  21.133  -8.701 0.0000000000
89053  -55.143  20.390  -8.372 0.0000000000
89943  -58.002  21.858  -4.418 0.0000000000
136147  -57.316  21.515  -5.609 0.0000000000
89042  -56.334  20.952  -6.477 0.0000000000
89040  -54.994  20.233  -7.451 0.0000000000
88097  -53.664  19.643  -8.068 0.0000000000
144222  -51.849  19.329  -7.901 0.0000000000
145692  -50.812  19.218  -7.275 0.0000000000
138717  -49.545  19.554  -7.051 0.0000000000
87105  -50.667  18.658  -4.491 0.0000000000
88059  -49.594  19.110  -5.431 0.0000000000
88057  -47.835  19.957  -5.898 0.0000000000
89024  -46.648  20.714  -5.588 0.0000000000
87948  -49.722  18.964  7.032 0.0000000000
86032  -46.403  17.992  6.455 0.0000000000
86033  -48.253  17.829  6.270 0.0000000000
87005  -50.552  18.199  5.795 0.0000000000
86051  -51.423  17.964  4.492 0.0000000000
87017  -51.669  17.842  3.614 0.0000000000
86090  -52.273  17.902  1.856 0.0000000000
85212  -50.519  17.134  0.755 0.0000000000
147644  -49.364  16.896  -0.053 0.0000000000
86123  -47.282  17.072  -0.964 0.0000000000
126922  -44.179  22.335  -2.861 0.0000000000
91767  -42.526  22.963  -1.899 0.0000000000
91765  -41.218  23.580  -1.027 0.0000000000
92520  -40.674  24.259  -0.270 0.0000000000
92514  -39.838  24.811  1.650 0.0000000000
148094  -59.312  20.043  -15.492 0.0000000000
88192  -58.741  20.725  -16.565 0.0000000000
89174  -57.292  21.416  -17.892 0.0000000000
89111  -53.796  20.446  -11.940 0.0000000000
89137  -54.134  20.898  -13.468 0.0000000000
152898  -51.959  21.838  -14.749 0.0000000000
151500  -54.228  21.597  -15.023 0.0000000000
90074  -56.195  22.107  -15.634 0.0000000000
91029  -56.597  22.817  -17.850 0.0000000000
90099  -56.467  22.555  -18.687 0.0000000000
89186  -56.582  21.842  -18.615 0.0000000000
89185  -54.952  21.837  -19.659 0.0000000000
90109  -53.737  22.117  -20.396 0.0000000000
143306  -52.837  22.312  -20.899 0.0000000000
91895  -53.222  23.979  -20.868 0.0000000000
91915  -53.153  23.481  -21.294 0.0000000000
91056  -51.963  22.634  -21.330 0.0000000000
91062  -50.639  23.103  -21.808 0.0000000000
91061  -49.733  23.074  -21.568 0.0000000000
91910  -48.572  23.829  -21.468 0.0000000000
93205  -44.611  25.801  -5.142 0.0000000000
93214  -45.640  26.026  -6.470 0.0000000000
93910  -46.688  26.311  -7.906 0.0000000000
95320  -46.903  28.679  -5.958 0.0000000000
94617  -47.578  27.383  -7.794 0.0000000000
133415  -47.466  26.629  -9.130 0.0000000000
93924  -48.018  26.880  -10.674 0.0000000000
94645  -48.720  27.543  -11.717 0.0000000000
94659  -48.977  27.383  -13.452 0.0000000000
96997  -52.217  30.164  -4.274 0.0000000000
96128  -52.590  29.690  -5.852 0.0000000000
96157  -52.611  29.407  -7.922 0.0000000000
96180  -54.869  29.721  -9.262 0.0000000000
96179  -52.999  29.392  -9.784 0.0000000000
95355  -51.540  29.045  -10.159 0.0000000000
95373  -50.942  28.876  -11.663 0.0000000000
95398  -50.222  28.431  -13.613 0.0000000000
93950  -49.503  27.453  -14.883 0.0000000000
94673  -50.356  27.945  -16.275 0.0000000000
144067  -51.100  27.177  -19.955 0.0000000000
96272  -53.885  29.561  -18.688 0.0000000000
130817  -52.178  28.660  -20.169 0.0000000000
150476  -51.347  27.570  -21.661 0.0000000000
144312  -50.293  27.033  -22.611 0.0000000000
93989  -48.958  26.339  -22.708 0.0000000000
97093  -48.613  30.405  -20.000 0.0000000000
98729  -53.190  32.337  -14.244 0.0000000000
98747  -51.544  31.937  -14.575 0.0000000000
98762  -50.177  31.655  -15.485 0.0000000000
98707  -49.358  31.712  -12.735 0.0000000000
98744  -48.644  31.532  -14.805 0.0000000000
97820  -47.780  31.587  -15.985 0.0000000000
140564  -46.277  31.657  -16.401 0.0000000000
97838  -43.821  31.117  -17.376 0.0000000000
96248  -42.510  30.296  -16.106 0.0000000000
98720  -43.070  32.586  -13.565 0.0000000000
143257  -40.482  32.916  -14.398 0.0000000000
101415  -47.834  36.520  -7.970 0.0000000000
155593  -46.890  35.588  -8.228 0.0000000000
100794  -45.404  34.898  -8.983 0.0000000000
100793  -44.643  34.945  -9.363 0.0000000000
100799  -43.247  34.847  -9.874 0.0000000000
90882  -44.849  22.895  -4.467 0.0000000000
91796  -45.022  23.381  -5.238 0.0000000000
91784  -44.593  23.687  -4.525 0.0000000000
88202  -55.440  19.894  -17.401 0.0000000000
87047  -54.373  19.007  1.074 0.0000000000
87055  -54.120  18.828  0.173 0.0000000000
87046  -53.575  18.545  0.764 0.0000000000
87045  -52.856  18.182  0.422 0.0000000000
87036  -52.942  18.241  1.283 0.0000000000
87024  -38.612  18.357  2.957 0.0000000000
89081  -54.542  20.314  -10.257 0.0000000000
93265  -48.853  25.681  -15.323 0.0000000000
93266  -49.237  25.775  -16.245 0.0000000000
93955  -49.248  26.578  -15.553 0.0000000000
96963  -50.039  30.639  -1.346 0.0000000000
139801  -49.542  30.562  -1.901 0.0000000000
132216  -50.412  30.640  -2.038 0.0000000000
98732  -57.069  31.694  -13.319 0.0000000000
98753  -57.213  31.206  -13.468 0.0000000000
98752  -56.898  31.648  -14.234 0.0000000000
98751  -56.413  31.929  -15.240 0.0000000000
144955  -55.473  32.332  -15.025 0.0000000000
98750  -54.554  32.406  -15.579 0.0000000000
98730  -54.990  32.430  -14.183 0.0000000000
99448  -47.643  33.340  -8.396 0.0000000000
99447  -46.907  33.534  -8.594 0.0000000000
100132  -46.539  34.264  -8.417 0.0000000000
89052  -48.671  20.263  -7.851 0.0000000000
133605  -49.191  20.285  -8.580 0.0000000000
150954  -48.105  20.625  -7.827 0.0000000000
92563  -46.443  24.395  -9.027 0.0000000000
91834  -46.707  23.935  -9.654 0.0000000000
92564  -46.774  24.817  -9.626 0.0000000000
93237  -47.161  25.350  -10.306 0.0000000000
97721  -55.116  32.106  1.007 0.0000000000
97732  -55.614  31.906  0.106 0.0000000000
97722  -55.753  32.518  0.673 0.0000000000
132106  -56.659  32.671  -4.752 0.0000000000
98588  -57.512  32.435  -4.533 0.0000000000
136057  -57.216  32.494  -6.038 0.0000000000
130844  -57.089  32.474  -6.850 0.0000000000
98609  -56.294  32.526  -6.442 0.0000000000
128996  -55.748  32.505  -7.242 0.0000000000
146369  -55.662  32.556  -5.860 0.0000000000
100100  -51.610  34.650  -4.347 0.0000000000
100099  -50.840  35.023  -4.740 0.0000000000
100105  -50.595  34.407  -5.372 0.0000000000
100754  -50.877  36.046  -4.684 0.0000000000
89183  -52.057  20.522  -18.750 0.0000000000
89182  -51.423  20.804  -19.172 0.0000000000
153342  -50.829  21.052  -19.511 0.0000000000
93189  -41.280  25.708  0.330 0.0000000000
151329  -41.443  25.738  -0.394 0.0000000000
93871  -41.722  26.273  0.131 0.0000000000
94553  -44.428  27.622  3.196 0.0000000000
136341  -44.780  27.566  2.276 0.0000000000
94564  -45.543  27.761  2.049 0.0000000000
95290  -46.146  28.187  1.652 0.0000000000
94565  -46.162  27.977  2.590 0.0000000000
97672  -49.102  31.318  4.426 0.0000000000
97662  -50.450  30.974  4.900 0.0000000000
90914  -58.320  22.268  -6.715 0.0000000000
88046  -54.378  19.556  -4.948 0.0000000000
88045  -53.588  19.244  -5.123 0.0000000000
88044  -52.810  18.962  -5.213 0.0000000000
87107  -53.131  18.958  -4.615 0.0000000000
86141  -48.407  17.890  -2.681 0.0000000000
87087  -48.559  18.307  -3.426 0.0000000000
87078  -47.649  18.332  -3.085 0.0000000000
88036  -47.115  18.982  -3.606 0.0000000000
87086  -46.778  18.604  -2.907 0.0000000000
86988  -44.941  18.754  6.945 0.0000000000
85158  -46.738  16.547  4.381 0.0000000000
85170  -47.080  16.384  3.557 0.0000000000
85171  -47.954  16.459  3.463 0.0000000000
138991  -47.440  16.337  2.720 0.0000000000
130348  -47.806  16.372  1.861 0.0000000000
85185  -46.907  16.303  1.974 0.0000000000
88981  -42.626  20.325  -1.086 0.0000000000
132241  -41.832  20.712  -0.810 0.0000000000
88979  -40.955  20.785  -0.333 0.0000000000
90988  -57.191  22.217  -15.509 0.0000000000
90028  -51.630  21.057  -12.780 0.0000000000
91026  -53.131  23.008  -17.913 0.0000000000
91011  -53.104  22.567  -17.048 0.0000000000
91027  -54.735  23.327  -18.715 0.0000000000
91040  -54.392  23.615  -19.608 0.0000000000
130138  -54.618  23.642  -20.221 0.0000000000
93300  -51.576  25.318  -21.709 0.0000000000
93308  -51.346  25.273  -21.934 0.0000000000
93990  -51.098  26.070  -21.974 0.0000000000
95313  -44.870  28.772  -3.396 0.0000000000
94588  -45.300  28.175  -5.009 0.0000000000
95315  -45.315  28.803  -4.199 0.0000000000
96154  -50.280  29.035  -7.525 0.0000000000
95344  -50.414  28.727  -8.897 0.0000000000
95353  -49.719  28.346  -9.618 0.0000000000
96131  -55.254  30.090  -5.755 0.0000000000
96143  -54.927  29.898  -6.553 0.0000000000
96159  -55.495  29.979  -7.207 0.0000000000
146538  -53.942  29.566  -13.465 0.0000000000
96239  -53.992  29.592  -14.381 0.0000000000
152906  -52.987  29.483  -14.377 0.0000000000
143860  -53.181  29.500  -15.063 0.0000000000
96250  -52.491  29.339  -15.682 0.0000000000
96251  -53.447  29.556  -15.939 0.0000000000
97876  -52.983  31.000  -21.100 0.0000000000
97110  -52.348  29.967  -21.519 0.0000000000
97109  -51.417  30.010  -21.665 0.0000000000
96312  -50.831  29.257  -21.908 0.0000000000
97108  -50.515  29.777  -21.768 0.0000000000
96301  -49.640  29.470  -21.703 0.0000000000
142742  -50.764  30.393  -21.481 0.0000000000
97833  -49.635  31.514  -17.178 0.0000000000
97842  -48.091  31.329  -17.928 0.0000000000
97831  -47.685  31.517  -16.988 0.0000000000
98691  -51.955  32.311  -11.991 0.0000000000
127763  -51.343  32.323  -11.289 0.0000000000
97796  -46.089  31.647  -12.752 0.0000000000
150188  -46.272  31.585  -13.483 0.0000000000
97810  -45.115  31.791  -14.408 0.0000000000
98743  -44.411  32.011  -13.968 0.0000000000
98742  -43.735  32.304  -14.753 0.0000000000
99468  -42.845  33.660  -10.732 0.0000000000
99480  -42.451  33.240  -11.431 0.0000000000
89964  -46.439  21.548  -6.674 0.0000000000
89963  -45.874  22.067  -6.270 0.0000000000
91805  -45.299  23.533  -6.127 0.0000000000
91815  -45.594  23.730  -6.931 0.0000000000
92552  -45.708  24.529  -7.215 0.0000000000
99371  -56.215  33.827  0.278 0.0000000000
100066  -56.232  34.336  0.092 0.0000000000
100089  -55.923  34.388  -1.440 0.0000000000
100090  -56.501  33.894  -1.223 0.0000000000
99410  -56.127  33.400  -2.859 0.0000000000
99409  -55.181  33.639  -2.992 0.0000000000
100097  -54.628  34.294  -2.540 0.0000000000
100087  -54.060  35.891  -2.220 0.0000000000
145926  -53.502  35.261  -2.704 0.0000000000
100751  -52.584  35.836  -3.274 0.0000000000
89171  -54.248  20.261  -17.998 0.0000000000
88200  -53.371  19.891  -17.810 0.0000000000
93178  -40.687  25.781  3.024 0.0000000000
93858  -41.182  26.246  3.699 0.0000000000
129794  -54.348  18.939  -1.568 0.0000000000
87071  -53.871  18.784  -2.190 0.0000000000
87070  -53.038  18.452  -1.972 0.0000000000
86125  -51.569  17.610  -0.318 0.0000000000
86136  -51.585  17.727  -1.263 0.0000000000
125843  -50.148  17.300  -0.981 0.0000000000
86096  -41.562  17.596  1.613 0.0000000000
87051  -41.079  18.186  1.235 0.0000000000
88006  -41.348  18.702  0.608 0.0000000000
87050  -40.513  18.892  1.010 0.0000000000
127138  -40.234  19.668  0.644 0.0000000000
88004  -39.762  19.366  1.168 0.0000000000
87996  -38.506  19.835  1.699 0.0000000000
129869  -37.148  20.813  2.227 0.0000000000
91867  -49.385  24.075  -16.488 0.0000000000
91863  -49.660  23.397  -16.098 0.0000000000
91023  -49.964  23.609  -16.903 0.0000000000
91024  -50.723  23.292  -17.323 0.0000000000
91875  -51.134  23.595  -18.332 0.0000000000
91874  -50.294  23.974  -17.865 0.0000000000
93286  -50.235  26.041  -18.555 0.0000000000
93287  -50.670  25.688  -19.529 0.0000000000
96103  -47.274  30.069  -2.270 0.0000000000
96107  -47.190  29.984  -3.136 0.0000000000
96970  -47.901  30.241  -2.830 0.0000000000
96984  -50.329  30.333  -3.646 0.0000000000
96995  -49.774  30.111  -4.393 0.0000000000
96118  -50.253  29.882  -5.176 0.0000000000
96127  -50.750  29.650  -5.920 0.0000000000
152784  -57.553  30.582  -9.741 0.0000000000
96195  -57.357  30.460  -10.286 0.0000000000
96207  -57.345  30.504  -11.252 0.0000000000
132755  -56.818  30.531  -13.485 0.0000000000
96231  -56.698  30.126  -12.964 0.0000000000
96243  -56.555  30.344  -13.630 0.0000000000
96242  -55.856  30.044  -14.132 0.0000000000
96253  -56.109  30.296  -15.166 0.0000000000
96265  -56.029  30.411  -16.195 0.0000000000
97074  -56.281  30.595  -15.973 0.0000000000
98787  -55.454  31.896  -17.806 0.0000000000
97846  -55.894  31.159  -18.127 0.0000000000
98794  -55.350  31.743  -18.741 0.0000000000
97858  -54.302  31.537  -19.814 0.0000000000
98793  -54.640  31.944  -18.972 0.0000000000
97857  -53.066  31.684  -19.720 0.0000000000
98792  -53.507  31.949  -18.884 0.0000000000
98775  -52.587  32.144  -16.968 0.0000000000
148337  -51.998  31.967  -17.187 0.0000000000
98774  -51.294  31.815  -17.047 0.0000000000
128386  -51.775  31.959  -16.363 0.0000000000
98635  -50.004  32.549  -9.018 0.0000000000
146187  -49.356  32.436  -9.617 0.0000000000
98649  -47.003  32.550  -9.747 0.0000000000
133569  -47.794  32.304  -10.131 0.0000000000
98668  -47.139  32.121  -10.582 0.0000000000
97789  -46.669  31.656  -12.071 0.0000000000
98687  -46.347  31.943  -11.108 0.0000000000
98667  -45.741  32.398  -10.458 0.0000000000
99457  -45.011  33.564  -9.583 0.0000000000
124793  -44.454  33.292  -10.095 0.0000000000
99469  -43.643  33.453  -10.475 0.0000000000
100141  -44.476  34.019  -9.583 0.0000000000
88111  -51.673  19.563  -8.659 0.0000000000
151408  -51.876  19.767  -9.443 0.0000000000
88122  -51.048  19.853  -9.377 0.0000000000
129627  -49.776  20.499  -9.893 0.0000000000
126481  -50.546  20.287  -10.121 0.0000000000
89092  -49.881  20.736  -10.520 0.0000000000
90006  -50.016  21.007  -11.206 0.0000000000
90005  -49.364  21.258  -10.828 0.0000000000
89984  -47.228  21.734  -8.455 0.0000000000
89985  -47.985  21.300  -8.984 0.0000000000
138555  -47.346  22.102  -9.305 0.0000000000
90943  -47.688  22.782  -10.835 0.0000000000
90944  -48.250  22.464  -11.377 0.0000000000
90956  -48.259  22.821  -11.984 0.0000000000
90966  -48.518  22.924  -12.642 0.0000000000
91846  -47.990  23.480  -12.228 0.0000000000
93248  -47.710  25.388  -12.182 0.0000000000
92579  -47.802  24.402  -12.452 0.0000000000
130937  -48.300  25.832  -13.450 0.0000000000
93249  -48.017  26.063  -12.652 0.0000000000
128494  -52.246  31.159  -0.346 0.0000000000
96966  -52.791  31.018  -1.323 0.0000000000
125842  -53.213  31.273  -0.507 0.0000000000
128104  -55.665  31.138  -1.632 0.0000000000
147787  -54.756  30.810  -2.203 0.0000000000
130673  -55.518  30.707  -2.681 0.0000000000
96988  -55.243  30.440  -3.601 0.0000000000
97735  -57.116  32.495  -1.235 0.0000000000
97741  -56.933  31.964  -1.283 0.0000000000
96980  -57.490  31.971  -2.541 0.0000000000
97749  -58.184  31.550  -5.123 0.0000000000
135202  -57.948  31.244  -4.552 0.0000000000
97005  -57.883  30.996  -5.193 0.0000000000
97011  -57.155  30.604  -5.384 0.0000000000
97013  -58.157  31.191  -6.451 0.0000000000
97021  -57.927  30.875  -7.216 0.0000000000
97022  -58.199  31.181  -7.194 0.0000000000
98640  -57.433  32.283  -8.291 0.0000000000
98657  -57.853  32.033  -8.939 0.0000000000
134096  -57.758  32.019  -9.651 0.0000000000
143166  -57.347  32.050  -10.909 0.0000000000
154714  -56.774  32.351  -10.631 0.0000000000
127413  -55.716  32.487  -11.281 0.0000000000
148108  -55.821  32.498  -10.376 0.0000000000
98639  -54.454  32.486  -8.580 0.0000000000
128203  -55.017  32.518  -9.390 0.0000000000
127832  -53.845  32.513  -9.276 0.0000000000
98654  -53.219  32.547  -9.975 0.0000000000
98638  -53.432  32.496  -8.444 0.0000000000
98585  -53.719  32.945  -4.960 0.0000000000
98593  -54.636  32.633  -5.635 0.0000000000
99428  -51.602  33.098  -6.241 0.0000000000
98621  -52.056  32.615  -7.692 0.0000000000
98620  -51.190  32.728  -7.869 0.0000000000
98636  -51.029  32.552  -8.734 0.0000000000
99439  -50.512  33.076  -7.213 0.0000000000
100115  -49.533  34.339  -6.305 0.0000000000
99426  -49.934  33.609  -6.652 0.0000000000
100114  -48.824  34.717  -6.665 0.0000000000
90096  -50.036  21.127  -19.358 0.0000000000
90105  -48.895  21.755  -19.877 0.0000000000
92524  -42.354  24.481  -2.209 0.0000000000
93193  -42.388  25.423  -2.477 0.0000000000
94580  -42.547  27.084  -1.850 0.0000000000
94581  -43.147  27.679  -2.112 0.0000000000
94583  -43.506  27.706  -2.963 0.0000000000
95305  -43.573  28.120  -1.409 0.0000000000
148599  -42.162  26.466  2.074 0.0000000000
93869  -42.242  26.624  0.840 0.0000000000
149848  -42.773  26.861  1.450 0.0000000000
95298  -44.708  28.272  0.258 0.0000000000
94576  -43.948  27.984  0.031 0.0000000000
148958  -44.889  28.715  -0.728 0.0000000000
148973  -45.531  29.106  -0.782 0.0000000000
96096  -46.003  29.459  -1.242 0.0000000000
95303  -46.152  29.238  -0.339 0.0000000000
95301  -47.270  29.023  0.930 0.0000000000
96089  -46.911  29.351  0.045 0.0000000000
96090  -47.679  29.557  0.245 0.0000000000
96091  -48.540  29.878  0.303 0.0000000000
96082  -48.880  29.579  1.314 0.0000000000
96902  -46.269  30.392  3.872 0.0000000000
96052  -45.637  29.198  4.184 0.0000000000
95257  -46.718  28.978  4.206 0.0000000000
95273  -47.262  28.782  3.781 0.0000000000
142682  -47.396  29.316  4.248 0.0000000000
96055  -49.630  29.474  3.556 0.0000000000
96054  -48.743  29.272  3.680 0.0000000000
96070  -49.740  29.531  2.627 0.0000000000
96083  -49.685  29.858  1.583 0.0000000000
96071  -50.396  29.940  2.304 0.0000000000
96930  -50.987  30.423  1.903 0.0000000000
96916  -51.103  30.144  2.910 0.0000000000
97664  -51.768  31.433  4.024 0.0000000000
96918  -52.104  31.083  3.671 0.0000000000
97675  -52.393  31.596  3.543 0.0000000000
97689  -53.377  31.863  3.028 0.0000000000
97676  -53.187  32.224  3.230 0.0000000000
90945  -58.536  22.380  -9.172 0.0000000000
89976  -57.106  21.566  -7.451 0.0000000000
89987  -57.076  21.598  -8.300 0.0000000000
89067  -55.740  20.716  -9.022 0.0000000000
142429  -55.944  20.790  -8.348 0.0000000000
89012  -56.608  20.800  -4.295 0.0000000000
89013  -57.310  21.235  -3.980 0.0000000000
89942  -57.177  21.346  -4.906 0.0000000000
89952  -57.871  21.860  -5.332 0.0000000000
151359  -56.838  21.210  -5.505 0.0000000000
89966  -56.988  21.351  -6.143 0.0000000000
89028  -56.340  20.893  -5.765 0.0000000000
89026  -54.792  19.991  -6.499 0.0000000000
88084  -54.078  19.725  -7.270 0.0000000000
88098  -54.417  19.984  -7.989 0.0000000000
88096  -52.675  19.444  -8.185 0.0000000000
143068  -53.224  19.402  -7.426 0.0000000000
88061  -51.486  18.932  -5.922 0.0000000000
143227  -51.511  19.156  -7.309 0.0000000000
88081  -51.077  19.018  -6.659 0.0000000000
88080  -50.278  19.230  -6.806 0.0000000000
143623  -51.124  18.370  -3.819 0.0000000000
142163  -51.543  18.651  -4.507 0.0000000000
87103  -48.757  18.697  -4.183 0.0000000000
88042  -48.820  19.094  -4.947 0.0000000000
88058  -48.721  19.440  -5.863 0.0000000000
89025  -47.181  20.062  -5.205 0.0000000000
126867  -53.048  18.575  3.404 0.0000000000
87935  -49.008  19.570  7.510 0.0000000000
87947  -48.328  19.017  7.164 0.0000000000
86047  -45.041  17.336  5.903 0.0000000000
86031  -45.463  18.010  6.464 0.0000000000
86048  -45.955  17.343  5.873 0.0000000000
86064  -48.148  16.848  4.872 0.0000000000
146129  -47.803  17.281  5.680 0.0000000000
86049  -48.826  17.365  5.450 0.0000000000
86034  -49.063  18.004  6.252 0.0000000000
86035  -49.769  17.764  5.624 0.0000000000
131886  -51.158  18.138  5.232 0.0000000000
86050  -50.554  17.685  4.894 0.0000000000
85173  -49.748  16.862  3.077 0.0000000000
86077  -50.320  17.218  3.486 0.0000000000
86078  -51.039  17.445  2.984 0.0000000000
86079  -51.910  17.817  2.753 0.0000000000
86089  -51.417  17.506  2.086 0.0000000000
86100  -50.937  17.266  1.440 0.0000000000
85201  -50.215  16.950  1.510 0.0000000000
85199  -48.202  16.466  0.954 0.0000000000
85210  -48.857  16.670  0.399 0.0000000000
146907  -48.215  16.633  0.152 0.0000000000
85227  -48.050  17.121  -1.072 0.0000000000
85218  -47.800  16.789  -0.399 0.0000000000
88987  -43.260  21.003  -1.637 0.0000000000
88994  -44.497  20.653  -2.321 0.0000000000
89921  -43.898  21.196  -2.118 0.0000000000
89927  -44.410  21.465  -2.632 0.0000000000
90870  -43.523  22.395  -2.373 0.0000000000
91773  -43.038  23.117  -2.320 0.0000000000
90865  -42.930  22.398  -1.960 0.0000000000
90859  -41.290  22.202  -0.934 0.0000000000
90863  -41.585  22.658  -1.260 0.0000000000
138221  -39.601  20.989  0.444 0.0000000000
89908  -39.881  21.580  0.097 0.0000000000
89907  -39.275  21.689  0.511 0.0000000000
92516  -39.440  24.195  1.221 0.0000000000
92517  -40.108  24.469  0.703 0.0000000000
87214  -59.564  19.781  -15.054 0.0000000000
87222  -59.737  20.365  -15.413 0.0000000000
89176  -58.934  21.854  -16.924 0.0000000000
88193  -59.217  21.219  -16.452 0.0000000000
147161  -58.645  21.470  -17.087 0.0000000000
88204  -58.068  20.980  -17.274 0.0000000000
89175  -57.960  21.815  -17.732 0.0000000000
89094  -52.075  20.200  -10.754 0.0000000000
138066  -53.416  20.318  -11.380 0.0000000000
138092  -52.543  20.365  -11.424 0.0000000000
89136  -53.188  20.949  -13.459 0.0000000000
89123  -53.678  20.650  -12.701 0.0000000000
156011  -51.503  22.121  -15.008 0.0000000000
90058  -51.580  21.752  -14.316 0.0000000000
143095  -54.046  22.547  -16.826 0.0000000000
144268  -54.153  22.111  -15.942 0.0000000000
90073  -55.165  22.090  -15.759 0.0000000000
91001  -55.997  22.510  -16.500 0.0000000000
143253  -56.628  22.802  -17.095 0.0000000000
91013  -55.905  22.864  -17.455 0.0000000000
91888  -55.520  23.082  -19.188 0.0000000000
91877  -55.959  23.016  -18.696 0.0000000000
90112  -56.029  22.770  -19.234 0.0000000000
90097  -55.931  22.459  -19.353 0.0000000000
133940  -55.724  21.347  -18.674 0.0000000000
90110  -54.575  22.567  -20.266 0.0000000000
90121  -54.110  22.919  -20.813 0.0000000000
90120  -53.381  22.542  -20.915 0.0000000000
91883  -51.707  23.884  -19.454 0.0000000000
91894  -52.368  24.231  -20.587 0.0000000000
92629  -52.214  24.338  -21.635 0.0000000000
91914  -52.501  23.810  -21.610 0.0000000000
91064  -52.499  23.256  -21.508 0.0000000000
91063  -51.709  23.313  -21.783 0.0000000000
91055  -50.999  22.522  -21.355 0.0000000000
91919  -50.509  24.324  -22.323 0.0000000000
91912  -50.204  23.663  -22.066 0.0000000000
91918  -49.818  24.141  -22.226 0.0000000000
91911  -49.388  23.660  -21.811 0.0000000000
92635  -49.154  24.335  -22.097 0.0000000000
93199  -44.050  25.698  -4.489 0.0000000000
92538  -44.446  24.988  -4.825 0.0000000000
93882  -44.308  26.533  -4.695 0.0000000000
94595  -45.719  27.754  -5.799 0.0000000000
93890  -45.508  26.851  -6.002 0.0000000000
93898  -46.111  26.732  -6.686 0.0000000000
148034  -46.139  25.960  -7.249 0.0000000000
93904  -46.625  26.761  -7.278 0.0000000000
96115  -47.384  29.541  -4.857 0.0000000000
95317  -46.703  29.115  -5.258 0.0000000000
96124  -47.519  29.229  -5.639 0.0000000000
94618  -48.216  27.756  -8.074 0.0000000000
95341  -48.108  28.042  -7.505 0.0000000000
93911  -47.246  26.754  -8.301 0.0000000000
94623  -47.868  27.278  -8.538 0.0000000000
93917  -47.820  26.747  -9.918 0.0000000000
94631  -48.160  27.300  -9.299 0.0000000000
94639  -49.264  28.053  -11.128 0.0000000000
94646  -49.423  28.083  -12.009 0.0000000000
94652  -48.862  27.508  -12.585 0.0000000000
94653  -49.621  28.091  -12.974 0.0000000000
96975  -52.783  30.495  -3.020 0.0000000000
145466  -52.256  30.351  -3.593 0.0000000000
96986  -53.069  30.288  -3.936 0.0000000000
96142  -53.287  29.618  -6.723 0.0000000000
138390  -52.859  29.614  -6.426 0.0000000000
147655  -52.190  29.549  -6.497 0.0000000000
96193  -56.189  29.884  -10.485 0.0000000000
96192  -55.210  29.710  -10.141 0.0000000000
96202  -53.292  29.461  -11.800 0.0000000000
147024  -53.598  29.482  -10.390 0.0000000000
96178  -52.550  29.313  -10.485 0.0000000000
126312  -52.251  29.234  -9.554 0.0000000000
95365  -51.703  29.145  -11.080 0.0000000000
95374  -51.859  29.210  -12.033 0.0000000000
95400  -51.603  29.083  -14.456 0.0000000000
95390  -50.985  28.817  -13.269 0.0000000000
95399  -50.881  28.779  -14.063 0.0000000000
94661  -50.138  28.285  -14.474 0.0000000000
94667  -50.201  28.098  -15.374 0.0000000000
95414  -50.926  28.605  -15.807 0.0000000000
96261  -51.888  28.809  -17.389 0.0000000000
142699  -51.096  28.302  -17.468 0.0000000000
95430  -51.498  28.347  -18.221 0.0000000000
95438  -51.910  28.464  -19.240 0.0000000000
96273  -54.744  29.914  -18.413 0.0000000000
127685  -53.829  29.570  -17.637 0.0000000000
95448  -52.175  28.980  -21.308 0.0000000000
95444  -52.673  29.093  -20.766 0.0000000000
95443  -52.006  28.495  -20.925 0.0000000000
94708  -51.191  27.799  -21.904 0.0000000000
93998  -50.713  26.658  -22.285 0.0000000000
94715  -50.666  27.423  -22.292 0.0000000000
94706  -49.458  27.552  -22.679 0.0000000000
139185  -49.351  26.907  -22.840 0.0000000000
93307  -48.616  25.586  -22.292 0.0000000000
93982  -47.597  26.314  -21.195 0.0000000000
97866  -50.114  31.122  -19.930 0.0000000000
97094  -49.520  30.667  -20.490 0.0000000000
97092  -47.805  30.437  -19.229 0.0000000000
146092  -54.611  32.486  -12.476 0.0000000000
126879  -53.956  32.440  -13.730 0.0000000000
98710  -53.030  32.334  -13.341 0.0000000000
98727  -51.427  32.017  -13.555 0.0000000000
98728  -52.285  32.182  -13.912 0.0000000000
98746  -50.711  31.750  -14.818 0.0000000000
146982  -49.987  31.661  -14.537 0.0000000000
128338  -49.034  31.828  -11.928 0.0000000000
98689  -49.854  31.894  -12.108 0.0000000000
98723  -47.558  31.486  -14.228 0.0000000000
98724  -48.314  31.504  -14.182 0.0000000000
97812  -47.824  31.515  -15.016 0.0000000000
98760  -48.570  31.560  -15.505 0.0000000000
97819  -46.997  31.557  -15.668 0.0000000000
143838  -47.064  31.561  -16.443 0.0000000000
98770  -43.778  31.833  -16.322 0.0000000000
97826  -43.262  31.212  -17.024 0.0000000000
97072  -42.892  30.964  -16.988 0.0000000000
97825  -42.611  31.377  -16.639 0.0000000000
97816  -41.918  31.524  -16.353 0.0000000000
98739  -41.314  32.416  -15.479 0.0000000000
97815  -41.278  31.625  -15.944 0.0000000000
98738  -40.612  32.496  -14.947 0.0000000000
98703  -43.317  32.479  -12.598 0.0000000000
99488  -41.530  33.253  -12.722 0.0000000000
99493  -41.707  33.125  -13.602 0.0000000000
99492  -40.929  33.262  -13.715 0.0000000000
98701  -39.987  33.052  -13.856 0.0000000000
101426  -46.773  36.714  -8.748 0.0000000000
100781  -46.176  35.255  -8.577 0.0000000000
101425  -46.090  36.286  -8.876 0.0000000000
101423  -44.513  35.828  -9.465 0.0000000000
100792  -43.901  35.358  -9.645 0.0000000000
89950  -45.631  21.814  -5.322 0.0000000000
90893  -45.400  22.675  -5.793 0.0000000000
132965  -45.053  24.126  -5.683 0.0000000000
100740  -56.109  35.030  -0.115 0.0000000000
100079  -55.635  35.294  -1.039 0.0000000000
100088  -55.122  34.794  -1.793 0.0000000000
124984  -54.910  35.742  -1.588 0.0000000000
100746  -54.686  36.572  -1.784 0.0000000000
101373  -53.976  36.911  -2.449 0.0000000000
93848  -39.874  26.544  4.251 0.0000000000
93849  -40.763  26.681  4.298 0.0000000000
139088  -54.550  19.048  -0.295 0.0000000000
87062  -54.021  18.772  -0.743 0.0000000000
87061  -53.231  18.417  -0.996 0.0000000000
87053  -52.716  18.142  -0.410 0.0000000000
87035  -40.038  18.086  2.149 0.0000000000
89097  -55.396  20.607  -10.830 0.0000000000
92590  -48.520  24.440  -14.431 0.0000000000
92591  -48.819  24.090  -15.180 0.0000000000
92602  -49.418  24.925  -16.881 0.0000000000
151546  -49.474  25.623  -16.893 0.0000000000
127679  -49.591  26.243  -16.910 0.0000000000
96962  -48.753  30.450  -1.568 0.0000000000
96971  -48.827  30.425  -2.590 0.0000000000
96972  -49.879  30.497  -2.778 0.0000000000
97790  -57.643  31.074  -11.840 0.0000000000
97047  -57.501  30.744  -11.598 0.0000000000
97798  -57.416  31.048  -12.679 0.0000000000
97805  -57.164  30.917  -13.536 0.0000000000
97067  -56.944  31.143  -15.006 0.0000000000
129203  -56.387  30.811  -16.322 0.0000000000
97822  -56.678  31.111  -15.794 0.0000000000
98778  -56.009  31.840  -16.963 0.0000000000
98777  -55.258  32.224  -16.690 0.0000000000
98786  -53.842  32.171  -17.972 0.0000000000
143909  -54.264  32.377  -16.509 0.0000000000
98764  -53.500  32.350  -15.952 0.0000000000
98749  -53.416  32.365  -15.106 0.0000000000
98651  -48.511  32.438  -9.696 0.0000000000
98633  -48.081  32.795  -8.916 0.0000000000
99460  -47.305  32.941  -9.011 0.0000000000
98648  -46.121  32.753  -9.777 0.0000000000
99458  -45.735  33.474  -9.275 0.0000000000
100131  -45.856  34.295  -8.822 0.0000000000
88109  -49.987  19.815  -8.336 0.0000000000
89077  -49.254  20.603  -9.415 0.0000000000
89996  -48.648  21.133  -9.629 0.0000000000
90932  -46.908  22.996  -9.646 0.0000000000
91835  -47.033  23.580  -10.175 0.0000000000
91840  -47.352  23.638  -10.861 0.0000000000
91845  -47.563  24.000  -11.673 0.0000000000
92574  -47.325  24.617  -11.040 0.0000000000
93241  -47.505  25.585  -11.277 0.0000000000
97730  -53.712  31.533  0.300 0.0000000000
96958  -54.138  31.366  -0.577 0.0000000000
97731  -54.699  31.685  0.234 0.0000000000
96959  -55.161  31.438  -0.660 0.0000000000
98583  -57.366  32.397  -3.418 0.0000000000
97746  -57.678  31.896  -3.452 0.0000000000
132558  -57.807  32.078  -4.132 0.0000000000
98589  -58.003  32.024  -4.861 0.0000000000
98597  -58.218  31.956  -5.645 0.0000000000
98627  -58.238  31.836  -6.953 0.0000000000
98610  -57.733  32.297  -6.554 0.0000000000
98625  -57.589  32.294  -7.430 0.0000000000
129323  -56.556  32.423  -8.502 0.0000000000
98655  -56.232  32.454  -9.350 0.0000000000
145892  -55.919  32.479  -7.979 0.0000000000
130114  -55.025  32.485  -7.908 0.0000000000
98623  -54.621  32.478  -7.192 0.0000000000
124798  -52.737  33.126  -5.224 0.0000000000
99413  -52.137  33.689  -4.725 0.0000000000
99419  -51.853  33.368  -5.448 0.0000000000
99418  -51.038  33.675  -5.707 0.0000000000
99427  -50.765  33.360  -6.450 0.0000000000
100104  -49.930  34.773  -5.731 0.0000000000
100757  -49.863  35.753  -5.598 0.0000000000
90106  -49.728  21.569  -20.013 0.0000000000
130453  -41.919  25.842  -1.742 0.0000000000
93874  -41.790  26.268  -0.865 0.0000000000
94577  -42.334  27.011  -1.006 0.0000000000
127867  -43.510  27.255  1.357 0.0000000000
94563  -44.274  27.504  1.622 0.0000000000
94572  -44.961  27.796  1.335 0.0000000000
95299  -45.534  28.306  0.912 0.0000000000
128832  -46.882  28.549  1.507 0.0000000000
95292  -47.664  28.719  1.960 0.0000000000
96903  -47.148  30.378  4.210 0.0000000000
127610  -48.148  29.771  4.385 0.0000000000
96904  -48.065  30.447  4.505 0.0000000000
96040  -49.653  29.999  4.687 0.0000000000
151557  -50.276  29.896  4.304 0.0000000000
96905  -51.087  30.188  3.889 0.0000000000
96894  -51.005  30.604  4.637 0.0000000000
97663  -51.236  31.234  4.503 0.0000000000
90934  -58.497  22.424  -8.351 0.0000000000
90922  -58.457  22.397  -7.568 0.0000000000
142718  -57.825  21.972  -7.282 0.0000000000
89011  -55.905  20.353  -4.521 0.0000000000
89027  -55.753  20.425  -5.296 0.0000000000
138574  -53.808  19.517  -6.495 0.0000000000
88083  -52.956  19.199  -6.671 0.0000000000
88063  -53.299  19.213  -5.859 0.0000000000
88062  -52.416  18.978  -5.923 0.0000000000
86154  -50.036  18.022  -3.131 0.0000000000
87089  -50.277  18.369  -3.824 0.0000000000
87088  -49.422  18.332  -3.679 0.0000000000
155030  -48.170  19.053  -4.544 0.0000000000
88041  -47.413  19.426  -4.410 0.0000000000
85157  -45.866  16.566  4.496 0.0000000000
148780  -46.380  16.853  5.165 0.0000000000
86065  -48.947  16.891  4.454 0.0000000000
85172  -48.898  16.646  3.458 0.0000000000
85187  -49.200  16.599  2.482 0.0000000000
85200  -49.469  16.655  1.649 0.0000000000
138036  -48.681  16.464  1.778 0.0000000000
88021  -43.469  19.459  -1.101 0.0000000000
88988  -43.282  20.197  -1.364 0.0000000000
89920  -42.725  21.721  -1.635 0.0000000000
89914  -41.902  21.733  -1.235 0.0000000000
90858  -40.681  22.317  -0.562 0.0000000000
145830  -59.823  21.279  -15.716 0.0000000000
91015  -58.465  22.468  -16.741 0.0000000000
151932  -57.904  22.581  -17.091 0.0000000000
147611  -51.375  20.783  -12.058 0.0000000000
89121  -52.134  20.621  -12.113 0.0000000000
90042  -52.291  21.145  -13.452 0.0000000000
126785  -52.771  21.284  -14.064 0.0000000000
155576  -51.627  22.435  -16.181 0.0000000000
91010  -52.218  22.427  -16.506 0.0000000000
91012  -54.955  22.974  -17.670 0.0000000000
91887  -55.216  23.239  -19.376 0.0000000000
91897  -55.247  23.192  -19.674 0.0000000000
91047  -55.007  23.323  -20.019 0.0000000000
131365  -54.839  23.502  -19.929 0.0000000000
150267  -54.476  23.574  -20.327 0.0000000000
91896  -53.955  23.630  -20.583 0.0000000000
92622  -51.658  25.040  -20.855 0.0000000000
153514  -52.159  24.641  -20.993 0.0000000000
92636  -51.591  24.582  -22.052 0.0000000000
91913  -51.146  23.904  -22.186 0.0000000000
92642  -50.814  25.028  -22.301 0.0000000000
94586  -44.063  27.235  -4.176 0.0000000000
94587  -44.667  27.376  -4.830 0.0000000000
96140  -49.098  29.168  -6.522 0.0000000000
95322  -48.303  28.887  -6.611 0.0000000000
95342  -48.913  28.301  -7.934 0.0000000000
94625  -48.888  27.866  -9.449 0.0000000000
95363  -49.911  28.427  -10.498 0.0000000000
96999  -54.284  30.159  -4.734 0.0000000000
96998  -53.572  30.120  -4.662 0.0000000000
96121  -53.926  29.959  -5.305 0.0000000000
134522  -54.012  29.704  -6.781 0.0000000000
130853  -54.022  29.624  -7.584 0.0000000000
96215  -55.422  29.687  -12.553 0.0000000000
146407  -54.960  29.600  -11.387 0.0000000000
127759  -54.788  29.585  -12.024 0.0000000000
133458  -53.983  29.524  -12.145 0.0000000000
135064  -53.296  29.493  -12.735 0.0000000000
151813  -52.403  29.342  -12.603 0.0000000000
96213  -52.432  29.357  -13.261 0.0000000000
96226  -52.353  29.334  -14.031 0.0000000000
95407  -51.628  29.057  -15.316 0.0000000000
95423  -52.963  29.211  -17.952 0.0000000000
96304  -54.449  30.467  -20.320 0.0000000000
96294  -54.300  30.011  -20.190 0.0000000000
96303  -53.824  30.152  -20.746 0.0000000000
96314  -52.270  29.450  -21.389 0.0000000000
95460  -50.431  28.059  -22.301 0.0000000000
96321  -50.888  28.677  -21.979 0.0000000000
95453  -49.418  28.178  -22.349 0.0000000000
138365  -47.972  27.166  -21.743 0.0000000000
96310  -49.090  28.720  -21.868 0.0000000000
95447  -48.289  28.709  -21.320 0.0000000000
97844  -50.287  31.525  -18.049 0.0000000000
97854  -49.649  31.267  -18.909 0.0000000000
97853  -48.604  31.139  -18.740 0.0000000000
97852  -47.558  31.001  -18.627 0.0000000000
126720  -52.836  32.464  -11.469 0.0000000000
98692  -52.933  32.392  -12.399 0.0000000000
98708  -51.304  32.126  -12.676 0.0000000000
144446  -50.655  31.879  -13.164 0.0000000000
98688  -47.565  31.641  -12.349 0.0000000000
97804  -46.912  31.512  -13.855 0.0000000000
97818  -46.140  31.661  -15.443 0.0000000000
97817  -45.272  31.789  -15.227 0.0000000000
98756  -42.436  31.944  -16.283 0.0000000000
143242  -43.170  32.391  -15.340 0.0000000000
98741  -42.921  32.638  -14.618 0.0000000000
98683  -42.837  32.789  -11.955 0.0000000000
99479  -41.067  33.614  -11.825 0.0000000000
100156  -40.459  33.957  -11.360 0.0000000000
88077  -47.555  20.470  -6.646 0.0000000000
89050  -47.614  20.822  -7.440 0.0000000000
89965  -47.022  21.116  -7.024 0.0000000000
89974  -47.153  21.410  -7.705 0.0000000000
89973  -46.679  22.051  -7.862 0.0000000000
90912  -45.911  23.115  -7.436 0.0000000000
91824  -46.195  23.319  -8.176 0.0000000000
92557  -46.141  24.084  -8.403 0.0000000000
128452  -46.278  24.757  -8.484 0.0000000000
97723  -56.227  32.869  0.294 0.0000000000
98557  -56.534  33.208  -0.038 0.0000000000
98571  -56.957  32.955  -0.639 0.0000000000
99395  -57.129  32.936  -1.183 0.0000000000
100081  -56.425  34.125  -0.508 0.0000000000
99394  -56.893  33.409  -1.153 0.0000000000
99403  -56.919  33.216  -1.918 0.0000000000
99411  -56.854  33.004  -2.739 0.0000000000
98587  -55.778  32.897  -4.255 0.0000000000
98594  -55.682  32.655  -5.120 0.0000000000
99416  -54.923  33.248  -3.775 0.0000000000
99415  -53.946  33.344  -4.095 0.0000000000
100096  -53.735  34.500  -2.885 0.0000000000
99407  -53.288  33.984  -3.608 0.0000000000
100094  -52.052  35.140  -3.762 0.0000000000
100750  -51.921  35.948  -3.780 0.0000000000
89190  -52.291  21.059  -19.548 0.0000000000
93865  -41.438  26.060  1.789 0.0000000000
155899  -42.560  26.641  2.886 0.0000000000
137269  -42.053  26.542  3.375 0.0000000000
87092  -54.769  19.358  -3.214 0.0000000000
87091  -53.964  19.034  -3.559 0.0000000000
87090  -53.031  18.798  -3.808 0.0000000000
87080  -52.510  18.457  -2.911 0.0000000000
87079  -51.484  18.197  -2.937 0.0000000000
86144  -51.291  17.867  -2.115 0.0000000000
86143  -50.675  17.884  -2.594 0.0000000000
86142  -49.879  17.674  -2.369 0.0000000000
129652  -49.039  17.561  -2.178 0.0000000000
140456  -48.283  17.518  -1.986 0.0000000000
86029  -43.659  17.943  6.489 0.0000000000
86046  -44.141  17.321  5.937 0.0000000000
85142  -44.587  16.803  5.181 0.0000000000
85154  -43.176  16.642  4.832 0.0000000000
149300  -44.602  16.511  4.400 0.0000000000
88012  -41.709  19.197  0.026 0.0000000000
88980  -41.370  19.975  -0.247 0.0000000000
88974  -40.606  20.162  0.129 0.0000000000
149572  -39.946  20.334  0.483 0.0000000000
88973  -39.333  20.432  0.815 0.0000000000
88966  -38.726  20.500  1.215 0.0000000000
139963  -38.476  21.116  1.173 0.0000000000
90968  -50.068  22.091  -13.422 0.0000000000
90040  -50.839  21.850  -13.858 0.0000000000
90057  -50.256  22.326  -14.213 0.0000000000
90987  -50.567  22.425  -14.954 0.0000000000
91862  -49.348  23.363  -15.309 0.0000000000
90997  -50.047  22.815  -15.576 0.0000000000
90998  -51.033  22.488  -15.799 0.0000000000
91009  -51.367  22.722  -16.743 0.0000000000
154166  -52.435  23.115  -18.098 0.0000000000
91876  -52.079  23.400  -18.750 0.0000000000
92609  -49.892  24.689  -17.788 0.0000000000
92610  -50.404  24.585  -18.521 0.0000000000
92617  -50.861  24.944  -19.608 0.0000000000
93977  -51.043  26.322  -20.418 0.0000000000
96105  -45.952  29.495  -2.908 0.0000000000
96113  -45.948  29.241  -4.128 0.0000000000
96110  -46.442  29.587  -3.541 0.0000000000
96111  -47.328  29.799  -3.993 0.0000000000
96116  -48.282  29.666  -5.211 0.0000000000
141539  -48.418  30.223  -3.465 0.0000000000
96994  -48.714  30.043  -4.329 0.0000000000
143796  -48.941  29.509  -5.772 0.0000000000
96126  -49.759  29.590  -5.898 0.0000000000
127156  -50.250  29.305  -6.746 0.0000000000
96141  -51.027  29.239  -7.359 0.0000000000
96172  -56.891  30.350  -8.100 0.0000000000
138468  -56.008  30.107  -7.979 0.0000000000
142873  -56.488  30.161  -8.843 0.0000000000
96181  -56.689  30.146  -9.809 0.0000000000
96205  -56.475  29.928  -11.425 0.0000000000
96217  -56.895  30.262  -12.429 0.0000000000
96216  -56.665  30.009  -11.968 0.0000000000
128021  -56.231  29.886  -12.720 0.0000000000
96229  -55.578  29.792  -13.217 0.0000000000
148988  -55.681  29.926  -13.977 0.0000000000
96240  -54.833  29.779  -15.121 0.0000000000
133966  -54.569  29.797  -16.146 0.0000000000
96252  -55.560  30.051  -15.725 0.0000000000
96264  -55.450  30.149  -16.830 0.0000000000
96286  -55.307  30.467  -19.007 0.0000000000
97081  -56.220  30.905  -17.300 0.0000000000
138548  -55.682  30.855  -18.741 0.0000000000
97088  -55.291  30.930  -19.557 0.0000000000
97871  -54.759  30.795  -20.134 0.0000000000
97875  -52.133  31.094  -21.066 0.0000000000
97868  -52.519  31.408  -20.470 0.0000000000
97856  -51.887  31.605  -19.510 0.0000000000
97845  -51.343  31.656  -18.471 0.0000000000
98785  -52.710  32.049  -17.840 0.0000000000
98783  -51.029  31.699  -17.666 0.0000000000
98773  -50.496  31.641  -17.080 0.0000000000
98772  -49.943  31.595  -16.389 0.0000000000
98652  -51.012  32.411  -9.711 0.0000000000
98672  -50.770  32.309  -10.632 0.0000000000
98671  -50.028  32.195  -10.787 0.0000000000
129225  -48.739  32.013  -11.123 0.0000000000
154354  -48.448  32.195  -10.452 0.0000000000
98669  -47.941  31.969  -10.882 0.0000000000
140246  -48.184  31.797  -11.712 0.0000000000
97795  -45.424  31.814  -12.620 0.0000000000
98722  -44.724  31.974  -12.931 0.0000000000
97787  -45.013  32.006  -12.052 0.0000000000
98685  -44.535  32.372  -11.432 0.0000000000
98666  -44.903  32.626  -10.630 0.0000000000
100149  -43.333  34.090  -10.154 0.0000000000
88124  -53.402  19.826  -9.381 0.0000000000
89080  -53.581  20.018  -10.128 0.0000000000
89079  -52.574  19.883  -9.963 0.0000000000
89093  -51.173  20.401  -10.802 0.0000000000
89108  -50.790  20.793  -11.515 0.0000000000
90016  -50.201  21.262  -11.819 0.0000000000
90026  -49.904  21.734  -12.483 0.0000000000
90933  -47.542  22.446  -10.119 0.0000000000
134806  -48.700  21.484  -10.378 0.0000000000
90015  -48.794  21.818  -11.160 0.0000000000
90967  -49.261  22.471  -12.990 0.0000000000
90976  -48.734  23.134  -13.465 0.0000000000
91855  -48.386  23.944  -13.725 0.0000000000
148917  -48.097  24.396  -13.178 0.0000000000
92585  -48.254  24.874  -13.707 0.0000000000
93941  -48.657  26.576  -13.888 0.0000000000
132437  -51.343  30.725  -2.092 0.0000000000
96965  -51.821  30.905  -1.288 0.0000000000
96967  -53.629  31.112  -1.239 0.0000000000
96987  -54.183  30.323  -3.969 0.0000000000
137586  -54.998  30.246  -4.444 0.0000000000
97003  -55.597  30.257  -4.968 0.0000000000
96132  -56.182  30.311  -5.570 0.0000000000
97740  -56.627  31.994  -0.809 0.0000000000
96968  -56.617  31.550  -1.483 0.0000000000
96978  -56.511  31.071  -2.376 0.0000000000
96991  -57.483  31.593  -3.059 0.0000000000
96990  -57.137  31.114  -3.092 0.0000000000
97001  -56.949  30.708  -3.896 0.0000000000
96145  -56.772  30.428  -6.291 0.0000000000
97020  -57.274  30.553  -7.180 0.0000000000
97036  -57.744  30.702  -9.172 0.0000000000
97037  -58.044  30.956  -9.319 0.0000000000
98642  -58.219  31.809  -7.853 0.0000000000
97776  -58.188  31.315  -9.473 0.0000000000
97781  -57.974  31.045  -10.973 0.0000000000
98696  -57.731  31.416  -11.356 0.0000000000
98695  -57.255  31.942  -11.711 0.0000000000
98712  -56.495  32.163  -12.985 0.0000000000
127134  -55.779  32.347  -13.528 0.0000000000
127075  -55.519  32.409  -12.685 0.0000000000
98693  -55.123  32.516  -11.882 0.0000000000
98673  -53.597  32.528  -10.841 0.0000000000
126868  -52.607  32.503  -10.625 0.0000000000
98653  -52.279  32.517  -9.879 0.0000000000
98607  -54.114  32.519  -6.502 0.0000000000
145661  -53.771  32.478  -7.156 0.0000000000
98606  -53.165  32.582  -6.667 0.0000000000
98622  -53.033  32.525  -7.570 0.0000000000
132112  -52.618  32.527  -8.268 0.0000000000
152720  -51.693  32.472  -9.833 0.0000000000
99450  -49.327  32.939  -8.156 0.0000000000
99438  -49.627  33.265  -7.371 0.0000000000
99437  -48.781  33.508  -7.557 0.0000000000
99436  -47.993  33.776  -7.782 0.0000000000
100123  -47.685  34.582  -7.610 0.0000000000
92527  -43.624  24.121  -3.380 0.0000000000
133348  -44.129  24.002  -3.929 0.0000000000
92530  -43.463  24.842  -3.548 0.0000000000
93198  -43.537  25.595  -3.831 0.0000000000
93879  -43.178  26.292  -3.414 0.0000000000
93195  -42.674  26.119  -2.885 0.0000000000
137733  -43.484  27.095  -3.542 0.0000000000
154202  -43.919  27.708  -3.614 0.0000000000
95312  -44.160  28.253  -3.180 0.0000000000
95309  -44.594  28.713  -2.489 0.0000000000
94574  -42.824  27.387  -0.340 0.0000000000
94570  -43.445  27.561  0.291 0.0000000000
94575  -43.434  27.878  -0.552 0.0000000000
95306  -44.341  28.568  -1.556 0.0000000000
95310  -45.332  29.173  -2.698 0.0000000000
96101  -45.926  29.505  -2.149 0.0000000000
96102  -46.640  29.777  -1.735 0.0000000000
96098  -47.437  29.993  -1.285 0.0000000000
138990  -47.339  29.722  -0.467 0.0000000000
96952  -48.159  30.232  -1.211 0.0000000000
96953  -48.664  30.293  -0.691 0.0000000000
96942  -49.306  30.314  -0.116 0.0000000000
96954  -50.042  30.612  -0.535 0.0000000000
95282  -46.732  28.311  3.148 0.0000000000
95283  -47.492  28.544  2.957 0.0000000000
96053  -48.070  29.239  4.079 0.0000000000
95284  -48.238  28.916  2.850 0.0000000000
95293  -48.520  29.143  2.046 0.0000000000
96943  -50.006  30.411  0.570 0.0000000000
96955  -50.756  30.763  -0.080 0.0000000000
96944  -50.844  30.645  0.919 0.0000000000
137578  -51.495  30.980  0.339 0.0000000000
96957  -52.277  31.207  0.800 0.0000000000
96917  -51.704  30.586  3.415 0.0000000000
96946  -52.364  31.097  1.945 0.0000000000
97719  -53.193  31.472  1.326 0.0000000000
97702  -53.808  31.826  2.162 0.0000000000
97703  -54.627  32.204  1.900 0.0000000000
97691  -54.719  32.676  2.366 0.0000000000
97677  -53.888  32.741  2.981 0.0000000000
89999  -57.767  21.995  -8.725 0.0000000000
89998  -57.073  21.529  -9.115 0.0000000000
89997  -56.356  21.084  -9.511 0.0000000000
89066  -54.883  20.358  -9.316 0.0000000000
88113  -54.162  19.937  -8.783 0.0000000000
137484  -56.857  21.338  -6.799 0.0000000000
89055  -56.387  21.045  -7.203 0.0000000000
139506  -55.665  20.470  -6.081 0.0000000000
89041  -55.678  20.566  -6.896 0.0000000000
89054  -55.792  20.682  -7.698 0.0000000000
88112  -53.304  19.687  -8.703 0.0000000000
142766  -52.368  19.218  -7.364 0.0000000000
143644  -51.027  19.421  -7.938 0.0000000000
88095  -50.208  19.510  -7.623 0.0000000000
88093  -48.840  19.894  -7.197 0.0000000000
87106  -52.418  18.765  -4.525 0.0000000000
87122  -51.067  18.863  -5.183 0.0000000000
87121  -50.300  18.943  -5.089 0.0000000000
130231  -49.593  19.306  -6.281 0.0000000000
88079  -48.999  19.600  -6.600 0.0000000000
88078  -48.341  19.919  -6.586 0.0000000000
129309  -47.191  20.402  -5.939 0.0000000000
89941  -46.133  21.110  -5.237 0.0000000000
90876  -45.187  22.027  -4.354 0.0000000000
90875  -44.647  22.504  -3.689 0.0000000000
146203  -52.994  18.312  2.014 0.0000000000
87936  -50.033  19.622  7.492 0.0000000000
87949  -50.607  18.864  6.698 0.0000000000
86990  -47.827  18.509  6.802 0.0000000000
148331  -46.872  17.325  5.790 0.0000000000
139519  -47.351  17.913  6.375 0.0000000000
86991  -48.522  18.385  6.673 0.0000000000
139852  -49.084  18.689  6.852 0.0000000000
86992  -49.808  18.393  6.376 0.0000000000
86993  -51.364  18.523  5.898 0.0000000000
87006  -51.875  18.385  5.099 0.0000000000
125831  -52.319  18.345  4.168 0.0000000000
86066  -50.229  17.330  4.205 0.0000000000
146220  -52.322  18.158  3.314 0.0000000000
87025  -52.655  18.227  2.648 0.0000000000
86102  -52.273  17.850  0.905 0.0000000000
86112  -51.144  17.369  0.822 0.0000000000
128173  -50.971  17.383  0.148 0.0000000000
85211  -49.666  16.813  0.744 0.0000000000
85220  -50.143  17.139  -0.130 0.0000000000
86124  -49.459  17.120  -0.774 0.0000000000
150659  -48.178  17.325  -1.534 0.0000000000
86132  -47.610  17.433  -1.660 0.0000000000
85184  -46.008  16.318  2.082 0.0000000000
85197  -46.372  16.423  1.228 0.0000000000
85209  -46.737  16.549  0.436 0.0000000000
86121  -45.864  17.056  -0.402 0.0000000000
86122  -46.525  17.070  -0.742 0.0000000000
86131  -46.690  17.524  -1.501 0.0000000000
86139  -47.112  17.786  -2.077 0.0000000000
91780  -44.007  23.255  -3.333 0.0000000000
91779  -43.365  23.643  -2.837 0.0000000000
132421  -42.808  23.882  -2.465 0.0000000000
91772  -42.386  23.649  -2.019 0.0000000000
91766  -41.931  23.250  -1.599 0.0000000000
129585  -41.742  24.263  -1.555 0.0000000000
139563  -41.141  25.096  -0.329 0.0000000000
92518  -40.758  25.121  0.456 0.0000000000
89909  -40.511  21.528  -0.290 0.0000000000
91759  -40.058  23.637  0.075 0.0000000000
93186  -40.483  25.235  1.355 0.0000000000
93183  -40.243  25.347  2.287 0.0000000000
93177  -39.912  25.549  3.188 0.0000000000
93176  -38.784  24.759  2.666 0.0000000000
149897  -39.136  25.315  3.308 0.0000000000
93169  -39.515  25.857  3.922 0.0000000000
87221  -58.818  19.532  -15.332 0.0000000000
88181  -59.318  20.560  -15.932 0.0000000000
87233  -58.754  20.045  -15.929 0.0000000000
87232  -57.991  19.397  -15.821 0.0000000000
88191  -58.014  20.121  -16.587 0.0000000000
88203  -57.242  20.439  -17.293 0.0000000000
143351  -53.791  20.192  -10.769 0.0000000000
135062  -54.481  20.545  -12.197 0.0000000000
89110  -53.023  20.470  -12.077 0.0000000000
155826  -54.513  20.700  -12.871 0.0000000000
155469  -52.077  21.419  -13.998 0.0000000000
141220  -53.134  21.491  -14.751 0.0000000000
90071  -52.464  21.861  -15.182 0.0000000000
90060  -55.409  21.669  -14.878 0.0000000000
91002  -56.891  22.553  -16.377 0.0000000000
91014  -57.280  22.735  -17.048 0.0000000000
91031  -57.760  22.501  -17.346 0.0000000000
91030  -56.826  22.747  -17.771 0.0000000000
90100  -57.320  22.246  -18.073 0.0000000000
89187  -57.084  22.126  -18.385 0.0000000000
89173  -56.507  20.968  -17.932 0.0000000000
154342  -55.809  20.566  -17.849 0.0000000000
128127  -54.671  21.036  -18.833 0.0000000000
90111  -55.302  22.923  -20.043 0.0000000000
89192  -54.165  21.618  -19.639 0.0000000000
89191  -53.205  21.314  -19.660 0.0000000000
90108  -52.772  21.778  -20.423 0.0000000000
91906  -53.843  23.517  -20.856 0.0000000000
91905  -52.531  24.270  -21.278 0.0000000000
124561  -53.035  23.864  -21.101 0.0000000000
91058  -53.690  23.179  -21.115 0.0000000000
91057  -52.889  22.794  -21.253 0.0000000000
90119  -52.242  22.121  -20.849 0.0000000000
90118  -51.298  21.975  -20.782 0.0000000000
90117  -50.342  21.989  -20.693 0.0000000000
134625  -50.064  22.538  -21.196 0.0000000000
155592  -49.324  22.618  -21.014 0.0000000000
91904  -48.903  23.096  -21.203 0.0000000000
91795  -44.368  24.351  -4.499 0.0000000000
92539  -44.961  24.993  -5.584 0.0000000000
93889  -44.875  26.656  -5.342 0.0000000000
93206  -45.137  25.951  -5.810 0.0000000000
135354  -45.340  25.352  -6.219 0.0000000000
93219  -45.941  25.179  -7.476 0.0000000000
93225  -46.344  25.444  -8.104 0.0000000000
93226  -46.860  26.027  -8.750 0.0000000000
95319  -46.112  28.504  -5.560 0.0000000000
94596  -46.394  28.036  -6.224 0.0000000000
95332  -47.877  28.402  -6.899 0.0000000000
95331  -47.140  28.216  -6.588 0.0000000000
94608  -46.681  27.459  -6.816 0.0000000000
93905  -47.045  26.890  -7.718 0.0000000000
155433  -47.114  26.110  -9.293 0.0000000000
127308  -47.300  26.129  -9.789 0.0000000000
93930  -47.772  26.392  -11.164 0.0000000000
94638  -48.584  27.492  -10.884 0.0000000000
93931  -48.152  26.939  -11.430 0.0000000000
93936  -48.287  26.873  -12.231 0.0000000000
93942  -49.062  27.209  -14.190 0.0000000000
96985  -51.398  30.283  -3.763 0.0000000000
143547  -51.553  30.062  -4.554 0.0000000000
141565  -52.835  30.059  -4.654 0.0000000000
96119  -52.180  29.897  -5.090 0.0000000000
141635  -51.204  29.877  -5.177 0.0000000000
130270  -51.709  29.659  -5.849 0.0000000000
146916  -51.918  29.404  -7.232 0.0000000000
96156  -51.600  29.231  -7.984 0.0000000000
96171  -55.240  29.864  -7.893 0.0000000000
96170  -54.540  29.684  -8.277 0.0000000000
128936  -53.954  29.557  -9.011 0.0000000000
96191  -54.597  29.587  -10.676 0.0000000000
129913  -53.576  29.519  -8.180 0.0000000000
96169  -53.001  29.402  -8.958 0.0000000000
132682  -52.020  29.215  -8.715 0.0000000000
96168  -51.342  29.002  -9.294 0.0000000000
95364  -50.793  28.801  -10.765 0.0000000000
95382  -51.025  28.869  -12.498 0.0000000000
95381  -50.230  28.517  -12.243 0.0000000000
94660  -49.542  27.853  -13.940 0.0000000000
94672  -49.752  27.327  -15.858 0.0000000000
93961  -49.921  27.158  -16.820 0.0000000000
95422  -51.035  28.489  -16.716 0.0000000000
94701  -51.226  27.018  -21.232 0.0000000000
141481  -53.857  29.653  -16.750 0.0000000000
95432  -53.148  29.233  -18.894 0.0000000000
96284  -53.782  29.601  -19.652 0.0000000000
95439  -52.802  29.061  -19.706 0.0000000000
94690  -51.629  28.070  -20.053 0.0000000000
94694  -51.585  27.745  -20.998 0.0000000000
94707  -51.100  26.961  -21.971 0.0000000000
93314  -50.147  25.755  -22.630 0.0000000000
94714  -50.107  27.524  -22.648 0.0000000000
93996  -49.678  26.390  -22.865 0.0000000000
93313  -49.375  25.648  -22.694 0.0000000000
92640  -49.039  24.996  -22.387 0.0000000000
97095  -50.485  30.863  -20.912 0.0000000000
97096  -49.087  30.099  -20.964 0.0000000000
97865  -49.093  30.946  -19.579 0.0000000000
96291  -48.053  29.878  -19.849 0.0000000000
98748  -52.525  32.182  -14.794 0.0000000000
146031  -52.062  32.035  -15.472 0.0000000000
128074  -51.172  31.808  -15.490 0.0000000000
98761  -49.299  31.582  -15.873 0.0000000000
98690  -50.467  32.153  -11.505 0.0000000000
146758  -50.064  31.815  -12.790 0.0000000000
128091  -49.831  31.694  -13.567 0.0000000000
98706  -48.835  31.571  -13.445 0.0000000000
98725  -49.166  31.561  -14.265 0.0000000000
98745  -49.315  31.581  -15.073 0.0000000000
97821  -48.544  31.560  -16.324 0.0000000000
97830  -46.608  31.488  -17.174 0.0000000000
97829  -45.464  31.466  -17.304 0.0000000000
127621  -45.369  31.796  -16.220 0.0000000000
97839  -44.433  31.272  -17.413 0.0000000000
97077  -43.530  30.929  -17.357 0.0000000000
97064  -41.047  30.874  -15.706 0.0000000000
98721  -43.868  32.215  -13.222 0.0000000000
98719  -42.266  32.921  -14.033 0.0000000000
98702  -42.398  32.843  -12.946 0.0000000000
98718  -41.315  33.016  -14.520 0.0000000000
99486  -39.573  33.310  -13.078 0.0000000000
101385  -51.622  36.582  -4.300 0.0000000000
101395  -49.263  36.194  -6.250 0.0000000000
100765  -48.722  35.629  -6.682 0.0000000000
100775  -48.177  35.114  -7.134 0.0000000000
100774  -47.533  35.560  -7.748 0.0000000000
100782  -46.992  34.862  -8.070 0.0000000000
139217  -45.325  35.796  -9.181 0.0000000000
100140  -43.917  34.515  -9.773 0.0000000000
85156  -45.157  16.603  4.634 0.0000000000
85159  -47.597  16.570  4.255 0.0000000000
85216  -46.394  16.773  -0.130 0.0000000000
85217  -47.041  16.735  -0.271 0.0000000000
85219  -48.650  16.894  -0.459 0.0000000000
86067  -50.891  17.541  3.952 0.0000000000
86088  -50.657  17.183  2.186 0.0000000000
86101  -51.622  17.562  1.271 0.0000000000
86113  -51.639  17.584  0.487 0.0000000000
86133  -48.763  17.253  -1.381 0.0000000000
87044  -40.445  18.316  1.580 0.0000000000
87077  -47.134  18.121  -2.546 0.0000000000
87082  -54.127  18.969  -2.848 0.0000000000
88003  -39.180  19.862  1.228 0.0000000000
88182  -59.692  20.952  -15.850 0.0000000000
89064  -48.387  20.712  -8.405 0.0000000000
89165  -59.476  21.550  -16.238 0.0000000000
89902  -38.687  21.718  0.946 0.0000000000
89926  -43.893  21.833  -2.389 0.0000000000
90059  -52.320  21.602  -14.512 0.0000000000
90082  -59.645  21.768  -15.902 0.0000000000
90098  -56.316  22.372  -19.059 0.0000000000
90913  -46.323  22.677  -7.854 0.0000000000
91032  -58.687  22.238  -16.919 0.0000000000
91041  -56.164  22.847  -18.693 0.0000000000
91042  -57.049  22.522  -18.043 0.0000000000
91049  -56.104  23.026  -19.135 0.0000000000
91774  -43.643  22.949  -2.726 0.0000000000
92596  -48.655  24.896  -15.058 0.0000000000
93231  -46.941  25.617  -9.458 0.0000000000
93859  -42.810  26.932  3.460 0.0000000000
93876  -42.359  26.351  -2.252 0.0000000000
93997  -50.248  26.500  -22.655 0.0000000000
94555  -46.087  28.128  3.268 0.0000000000
94609  -47.417  27.786  -7.155 0.0000000000
94616  -47.075  27.253  -7.346 0.0000000000
94632  -48.428  27.372  -10.080 0.0000000000
94700  -48.636  27.940  -22.073 0.0000000000
94702  -51.617  28.249  -21.499 0.0000000000
94713  -49.878  27.013  -22.866 0.0000000000
94716  -50.908  28.109  -22.054 0.0000000000
95256  -46.331  29.298  4.289 0.0000000000
95272  -46.417  28.505  3.767 0.0000000000
95321  -47.659  28.814  -6.317 0.0000000000
95343  -49.887  28.680  -8.078 0.0000000000
95383  -51.730  29.151  -12.884 0.0000000000
95389  -50.401  28.554  -12.920 0.0000000000
96069  -49.021  29.222  2.835 0.0000000000
96112  -47.938  29.849  -4.484 0.0000000000
96120  -53.100  29.881  -5.264 0.0000000000
96130  -54.382  29.875  -5.923 0.0000000000
96160  -56.390  30.247  -7.175 0.0000000000
96167  -51.217  29.055  -8.601 0.0000000000
96190  -53.211  29.435  -11.081 0.0000000000
96201  -52.679  29.387  -12.113 0.0000000000
96206  -56.866  30.225  -11.827 0.0000000000
96214  -54.551  29.606  -12.842 0.0000000000
96218  -57.113  30.493  -12.066 0.0000000000
96230  -56.699  30.013  -12.897 0.0000000000
96244  -56.825  30.289  -13.170 0.0000000000
96257  -42.813  30.617  -16.651 0.0000000000
96258  -43.327  30.607  -17.061 0.0000000000
96266  -56.302  30.504  -15.408 0.0000000000
96274  -55.353  30.304  -17.940 0.0000000000
96287  -55.608  30.620  -18.257 0.0000000000
96293  -53.485  29.636  -20.492 0.0000000000
96295  -54.919  30.481  -19.882 0.0000000000
96315  -53.139  30.004  -21.249 0.0000000000
96320  -50.356  28.633  -22.166 0.0000000000
96890  -46.662  29.823  4.357 0.0000000000
96891  -47.374  29.821  4.417 0.0000000000
96892  -49.037  30.260  4.708 0.0000000000
96895  -51.509  31.036  4.371 0.0000000000
96932  -52.323  30.987  2.985 0.0000000000
96945  -51.598  30.846  1.382 0.0000000000
96974  -51.826  30.514  -2.922 0.0000000000
97000  -55.947  30.421  -4.150 0.0000000000
97002  -57.664  31.274  -3.823 0.0000000000
97006  -58.129  31.215  -5.729 0.0000000000
97029  -57.606  30.635  -8.193 0.0000000000
97041  -57.719  30.711  -10.094 0.0000000000
97042  -57.995  30.983  -10.199 0.0000000000
97052  -57.368  30.788  -12.070 0.0000000000
97058  -57.167  30.738  -12.799 0.0000000000
97062  -56.609  30.550  -14.201 0.0000000000
97066  -56.555  30.710  -15.170 0.0000000000
97073  -56.104  30.650  -16.851 0.0000000000
97080  -55.860  30.781  -17.834 0.0000000000
97099  -52.278  30.549  -21.376 0.0000000000
97100  -53.110  30.440  -21.239 0.0000000000
97101  -53.677  30.383  -20.935 0.0000000000
97661  -49.556  30.887  4.850 0.0000000000
97673  -49.941  31.474  4.511 0.0000000000
97688  -52.654  31.395  3.262 0.0000000000
97733  -56.281  32.254  -0.143 0.0000000000
97742  -57.316  32.075  -1.839 0.0000000000
97759  -58.322  31.544  -6.692 0.0000000000
97765  -58.306  31.437  -7.555 0.0000000000
97771  -58.286  31.344  -8.542 0.0000000000
97782  -58.082  31.307  -10.170 0.0000000000
97827  -43.793  31.448  -16.963 0.0000000000
97834  -56.416  31.140  -16.780 0.0000000000
97847  -56.162  31.227  -17.456 0.0000000000
97870  -54.344  31.062  -20.340 0.0000000000
97877  -53.734  30.772  -20.823 0.0000000000
98576  -57.322  32.408  -1.915 0.0000000000
98611  -58.149  32.082  -6.328 0.0000000000
98612  -58.332  31.878  -6.266 0.0000000000
98626  -58.020  32.066  -7.190 0.0000000000
98658  -58.138  31.751  -8.770 0.0000000000
98674  -56.588  32.353  -11.157 0.0000000000
98675  -57.115  32.274  -10.081 0.0000000000
98677  -58.041  31.698  -9.599 0.0000000000
98713  -57.135  31.815  -12.530 0.0000000000
98733  -57.366  31.349  -12.837 0.0000000000
98755  -41.787  32.077  -16.061 0.0000000000
98765  -56.242  31.844  -16.147 0.0000000000
98779  -56.427  31.474  -16.448 0.0000000000
98788  -55.954  31.537  -17.706 0.0000000000
98795  -55.711  31.551  -18.363 0.0000000000
99346  -53.959  33.054  2.974 0.0000000000
99404  -57.176  32.854  -1.978 0.0000000000
99412  -57.195  32.695  -2.547 0.0000000000
100722  -55.723  35.632  0.525 0.0000000000
101413  -46.601  36.032  -8.515 0.0000000000
124521  -49.440  29.620  4.219 0.0000000000
126754  -53.841  32.458  -12.824 0.0000000000
127577  -55.798  29.719  -11.921 0.0000000000
127849  -54.278  29.581  -9.837 0.0000000000
128129  -54.561  32.256  -17.391 0.0000000000
128495  -50.581  32.016  -12.374 0.0000000000
129366  -57.396  22.655  -17.381 0.0000000000
130664  -55.582  29.926  -8.722 0.0000000000
130936  -45.651  25.271  -6.848 0.0000000000
131420  -51.774  32.507  -9.293 0.0000000000
132446  -52.715  29.530  -7.029 0.0000000000
133262  -50.279  30.413  4.768 0.0000000000
133691  -55.151  31.438  -19.445 0.0000000000
134781  -55.762  35.081  0.749 0.0000000000
139232  -54.131  32.245  2.549 0.0000000000
140680  -57.086  31.099  -14.263 0.0000000000
140923  -56.951  30.880  -14.211 0.0000000000
141837  -41.063  22.801  -0.873 0.0000000000
141908  -46.674  21.667  -7.296 0.0000000000
142628  -50.345  17.117  2.803 0.0000000000
145258  -50.278  29.149  -22.003 0.0000000000
145506  -55.798  29.905  -9.609 0.0000000000
145510  -57.251  32.530  -5.289 0.0000000000
145552  -52.805  32.236  -15.491 0.0000000000
145662  -56.565  32.041  -13.706 0.0000000000
145885  -55.860  32.059  -16.449 0.0000000000
147954  -52.124  17.839  -0.633 0.0000000000
148095  -51.834  31.168  4.010 0.0000000000
148811  -47.764  30.080  -3.483 0.0000000000
149228  -43.374  19.038  7.385 0.0000000000
149795  -56.610  31.533  -15.753 0.0000000000
150124  -54.911  31.121  -19.966 0.0000000000
151454  -51.836  34.131  -4.502 0.0000000000
151919  -54.767  32.426  -14.843 0.0000000000
152653  -55.037  29.775  -14.400 0.0000000000
153248  -57.555  30.605  -10.684 0.0000000000
153249  -53.892  23.301  -18.573 0.0000000000
153698  -50.475  19.608  -8.130 0.0000000000
153794  -53.558  29.481  -9.588 0.0000000000
153852  -49.228  31.536  -16.557 0.0000000000
154245  -56.494  32.506  -7.038 0.0000000000
154757  -53.120  32.202  -17.412 0.0000000000
155445  -58.474  21.867  -17.346 0.0000000000
155446  -56.807  30.040  -12.852 0.0000000000
155679  -43.867  19.807  -1.493 0.0000000000
155782  -43.795  24.454  -3.751 0.0000000000
156073  -50.438  35.664  -5.102 0.0000000000
