#!ascii label  , from subject NIHPD_75_135 vox2ras=TkReg
1172
62088  -22.021  -6.739  -45.786 0.5555555820
60914  -22.733  -7.034  -46.082 0.6666666865
63209  -22.940  -5.870  -47.037 0.7777777910
62100  -23.708  -6.240  -47.217 0.7777777910
64345  -23.151  -4.704  -48.004 0.8888888955
64358  -25.566  -4.539  -48.985 0.8888888955
62075  -20.779  -6.719  -44.526 0.5555555820
62087  -21.127  -6.249  -45.289 0.5555555820
63207  -21.589  -5.156  -46.532 0.6666666865
62109  -24.142  -5.646  -47.826 0.8888888955
63232  -24.414  -5.072  -48.371 0.8888888955
64374  -25.243  -3.825  -49.439 1.0000000000
64359  -26.237  -4.649  -48.888 0.8888888955
65339  -26.528  -3.192  -49.767 1.0000000000
64321  -20.917  -4.818  -46.000 0.7777777910
64344  -22.291  -4.132  -47.820 1.0000000000
135137  -21.789  -3.219  -48.041 1.0000000000
129956  -22.536  -3.565  -48.418 1.0000000000
66388  -23.726  -2.661  -49.848 1.0000000000
65320  -22.376  -2.919  -48.757 1.0000000000
65337  -24.456  -2.908  -49.974 1.0000000000
66387  -23.182  -2.367  -49.710 1.0000000000
156261  -24.229  -2.254  -50.418 1.0000000000
65348  -24.778  -2.357  -50.506 1.0000000000
66403  -26.206  -2.520  -50.408 1.0000000000
67453  -24.775  -1.749  -50.965 1.0000000000
66402  -25.265  -2.125  -50.772 1.0000000000
66404  -26.649  -1.807  -50.753 1.0000000000
128124  -26.118  -0.476  -51.873 1.0000000000
68452  -26.806  -0.468  -51.682 0.7777777910
67425  -21.079  -1.835  -48.274 0.8888888955
66401  -23.572  -2.059  -50.206 1.0000000000
67438  -22.101  -1.637  -49.430 1.0000000000
134981  -23.320  -1.417  -50.469 1.0000000000
67464  -24.514  -1.106  -51.359 1.0000000000
137689  -25.148  -1.107  -51.507 1.0000000000
68453  -27.240  0.206  -51.889 1.0000000000
147025  -28.039  0.427  -51.328 0.8888888955
69448  -27.647  0.943  -51.959 1.0000000000
70610  -28.425  1.250  -51.299 0.7777777910
70599  -29.290  1.591  -50.617 0.7777777910
68425  -21.034  -0.303  -49.130 0.5555555820
69436  -22.067  0.665  -50.859 0.7777777910
68436  -22.287  -0.435  -50.278 0.8888888955
68448  -23.477  -0.273  -51.373 1.0000000000
67463  -23.774  -0.980  -51.115 1.0000000000
134751  -23.199  0.327  -51.592 0.8888888955
69447  -23.939  0.240  -52.041 1.0000000000
68460  -24.642  -0.060  -52.149 1.0000000000
144300  -26.295  0.675  -52.664 1.0000000000
69458  -26.919  0.741  -52.444 0.8888888955
134143  -26.661  1.265  -52.940 1.0000000000
70621  -27.328  1.467  -52.543 0.8888888955
71743  -29.009  2.926  -51.386 0.7777777910
71729  -30.334  2.765  -50.344 0.6666666865
72816  -30.563  3.559  -50.502 0.6666666865
70585  -20.338  1.283  -49.268 0.4444444478
69435  -21.504  0.588  -50.232 0.7777777910
71727  -21.055  2.121  -50.773 0.6666666865
70609  -22.563  1.528  -51.877 0.7777777910
69446  -23.275  0.881  -52.051 0.8888888955
69454  -24.031  0.991  -52.564 0.8888888955
69456  -25.788  0.681  -52.767 1.0000000000
70630  -25.144  1.545  -53.354 1.0000000000
70631  -25.824  1.690  -53.490 1.0000000000
70620  -26.402  1.801  -53.395 1.0000000000
142560  -27.292  2.701  -53.063 0.8888888955
72840  -27.820  3.272  -52.668 0.7777777910
72829  -28.881  3.528  -51.722 0.7777777910
148037  -31.265  3.820  -50.351 0.5555555820
73882  -29.173  4.192  -51.672 0.7777777910
73868  -30.407  4.762  -50.924 0.6666666865
71740  -21.438  2.537  -51.453 0.6666666865
71741  -22.096  2.210  -51.856 0.7777777910
71751  -21.933  2.863  -52.125 0.7777777910
71753  -23.502  2.203  -52.946 0.8888888955
70629  -24.224  1.746  -53.085 0.8888888955
71763  -23.932  2.532  -53.474 1.0000000000
71776  -25.005  2.660  -54.164 1.0000000000
70632  -26.063  2.428  -53.858 1.0000000000
73893  -27.973  4.219  -52.841 0.8888888955
137668  -28.469  3.802  -52.198 0.7777777910
73892  -27.361  4.405  -53.567 0.8888888955
74886  -27.853  4.969  -53.177 0.7777777910
74887  -28.450  5.179  -52.527 0.7777777910
74873  -30.414  5.527  -51.096 0.7777777910
74874  -31.455  5.806  -50.835 0.6666666865
72827  -21.214  3.302  -51.679 0.6666666865
71739  -20.642  2.966  -50.841 0.5555555820
72838  -22.458  3.155  -52.792 0.8888888955
130126  -23.529  3.212  -53.715 0.8888888955
132655  -23.751  3.624  -54.217 1.0000000000
72849  -24.331  3.008  -54.107 1.0000000000
72861  -26.278  3.785  -54.257 1.0000000000
72850  -26.517  3.158  -53.900 0.8888888955
75936  -28.601  6.120  -52.514 0.7777777910
75937  -29.150  6.429  -52.049 0.7777777910
75923  -30.865  6.461  -51.139 0.6666666865
75924  -31.917  6.573  -51.025 0.5555555820
142831  -32.322  5.944  -50.903 0.5555555820
72836  -21.037  3.946  -51.907 0.7777777910
73890  -20.565  4.436  -51.769 0.6666666865
72837  -21.682  3.716  -52.458 0.8888888955
73909  -23.572  4.311  -54.560 1.0000000000
137869  -24.876  4.032  -54.823 1.0000000000
74910  -26.150  5.395  -54.648 0.8888888955
73912  -26.726  4.700  -54.171 0.8888888955
74911  -26.858  5.835  -54.237 0.8888888955
74897  -27.430  5.311  -53.705 0.8888888955
77041  -28.795  6.966  -52.406 0.7777777910
78090  -29.163  7.887  -52.236 0.7777777910
133197  -29.879  7.730  -51.734 0.7777777910
143817  -31.388  7.364  -51.299 0.5555555820
78107  -27.826  8.360  -53.484 0.7777777910
78091  -29.964  8.554  -51.881 0.5555555820
78075  -32.162  7.964  -51.492 0.5555555820
74864  -19.686  5.083  -51.207 0.4444444478
74865  -20.120  4.935  -51.614 0.5555555820
150564  -21.691  5.100  -53.479 0.7777777910
130133  -22.715  5.051  -54.453 1.0000000000
73901  -22.241  4.669  -53.708 0.8888888955
74907  -23.485  5.115  -55.005 1.0000000000
74908  -24.081  5.228  -55.264 0.8888888955
75968  -25.363  6.553  -55.275 0.8888888955
75956  -25.660  5.853  -55.045 0.8888888955
75957  -26.153  6.490  -54.807 0.8888888955
77054  -27.643  7.300  -53.553 0.8888888955
78108  -28.620  8.509  -52.811 0.6666666865
79034  -31.418  9.439  -51.834 0.5555555820
77053  -20.513  7.538  -53.568 0.6666666865
75944  -21.021  6.627  -53.663 0.6666666865
75955  -22.328  6.792  -54.952 0.7777777910
75966  -23.806  6.683  -55.656 0.8888888955
75965  -22.997  6.711  -55.449 0.7777777910
77075  -25.006  7.368  -55.591 0.7777777910
75967  -24.621  6.616  -55.556 0.8888888955
131624  -25.502  8.019  -55.475 0.7777777910
143893  -25.664  7.228  -55.209 0.8888888955
78119  -26.661  8.636  -54.583 0.7777777910
77064  -26.284  7.705  -54.806 0.7777777910
78120  -27.275  8.704  -54.103 0.6666666865
79939  -26.745  10.061  -54.624 0.6666666865
79930  -28.059  9.924  -53.584 0.6666666865
79912  -28.659  9.808  -53.138 0.6666666865
79031  -28.943  9.268  -52.741 0.5555555820
80886  -28.077  11.346  -53.890 0.6666666865
79913  -28.671  10.692  -53.295 0.5555555820
79914  -29.666  10.765  -52.725 0.5555555820
79033  -30.499  9.383  -51.989 0.4444444478
80873  -29.348  11.460  -53.106 0.5555555820
79043  -19.966  9.513  -53.400 0.3333333433
79044  -20.330  9.546  -53.934 0.3333333433
78117  -20.960  8.679  -54.547 0.5555555820
77062  -21.346  7.927  -54.646 0.6666666865
78127  -21.878  8.815  -55.551 0.5555555820
130741  -22.408  8.234  -55.684 0.7777777910
77081  -23.727  8.348  -56.139 0.7777777910
79083  -24.509  9.568  -56.308 0.6666666865
78129  -24.680  8.295  -55.967 0.6666666865
78142  -24.788  9.032  -56.153 0.6666666865
79072  -25.740  9.468  -55.483 0.6666666865
79938  -26.141  10.130  -55.184 0.6666666865
80895  -26.623  10.856  -54.916 0.6666666865
80897  -27.721  11.891  -54.396 0.6666666865
80887  -28.713  11.560  -53.522 0.5555555820
81903  -29.978  12.609  -53.275 0.5555555820
144333  -29.173  12.224  -53.488 0.6666666865
134867  -20.481  10.126  -54.293 0.4444444478
141909  -20.191  10.089  -53.829 0.4444444478
79057  -20.787  9.410  -54.513 0.4444444478
79950  -21.063  10.692  -55.280 0.5555555820
79070  -21.789  9.538  -55.744 0.5555555820
79080  -22.366  9.681  -56.214 0.6666666865
78139  -22.777  9.227  -56.301 0.6666666865
79081  -23.056  9.700  -56.486 0.6666666865
79071  -25.153  9.533  -55.997 0.6666666865
80907  -25.976  10.717  -55.472 0.6666666865
81912  -26.938  11.818  -54.910 0.6666666865
82921  -28.510  13.320  -54.398 0.6666666865
82930  -29.310  13.916  -54.318 0.5555555820
124918  -29.405  13.130  -53.779 0.6666666865
152757  -21.098  11.214  -55.338 0.4444444478
140644  -22.928  10.926  -56.579 0.6666666865
79961  -23.529  10.389  -56.577 0.6666666865
135970  -24.441  10.776  -56.412 0.6666666865
79952  -24.892  10.179  -56.183 0.6666666865
146636  -27.475  12.398  -54.734 0.6666666865
63222  -23.370  -5.438  -47.618 0.8888888955
64343  -21.742  -4.493  -47.095 1.0000000000
65322  -23.585  -3.850  -48.877 1.0000000000
131758  -25.005  -3.273  -49.863 1.0000000000
70596  -20.674  1.715  -50.063 0.5555555820
72839  -27.218  3.439  -53.384 0.8888888955
72826  -20.576  3.787  -51.315 0.5555555820
74883  -19.919  5.711  -51.770 0.5555555820
73900  -21.707  4.483  -53.057 0.7777777910
73910  -24.190  4.513  -54.977 1.0000000000
75945  -27.525  6.289  -53.662 0.8888888955
75903  -19.456  5.862  -51.266 0.2222222239
79032  -29.668  9.336  -52.329 0.6666666865
77074  -24.173  7.491  -55.855 0.7777777910
142466  -30.107  10.075  -52.362 0.4444444478
79960  -22.614  10.305  -56.432 0.6666666865
137822  -22.196  10.979  -56.274 0.6666666865
71726  -20.443  2.386  -50.189 0.4444444478
72809  -20.106  3.698  -50.597 0.4444444478
82922  -30.902  13.518  -53.591 0.5555555820
81904  -30.782  12.840  -53.175 0.5555555820
79924  -20.141  10.421  -53.871 0.2222222239
79937  -20.252  10.630  -54.124 0.3333333433
83827  -30.131  13.769  -53.932 0.5555555820
60891  -21.906  -7.882  -44.770 0.5555555820
59682  -22.574  -8.197  -45.056 0.5555555820
60915  -23.403  -6.877  -46.545 0.5555555820
62101  -24.326  -6.995  -46.867 0.5555555820
62111  -25.763  -5.772  -48.079 0.7777777910
62121  -26.041  -5.186  -48.562 0.8888888955
60890  -21.103  -7.501  -44.335 0.5555555820
62110  -24.630  -6.364  -47.469 0.6666666865
63223  -24.923  -5.748  -48.023 0.8888888955
137438  -26.699  -4.389  -48.890 0.7777777910
62063  -19.952  -6.573  -43.331 0.4444444478
63199  -20.490  -5.487  -44.947 0.5555555820
64319  -20.187  -3.963  -44.645 0.2222222239
65299  -20.614  -3.595  -46.236 0.6666666865
68437  -27.980  -0.880  -50.466 0.8888888955
68438  -28.406  -0.065  -50.578 0.6666666865
69437  -28.809  0.762  -50.611 0.7777777910
70587  -29.626  1.007  -50.089 0.6666666865
141326  -20.797  -3.117  -46.875 0.5555555820
70600  -30.046  1.994  -50.229 0.6666666865
67424  -20.576  -1.278  -47.944 0.4444444478
71719  -30.871  2.178  -49.918 0.5555555820
72817  -32.045  3.707  -50.276 0.5555555820
69417  -19.918  0.763  -48.243 0.2222222239
73869  -31.649  4.412  -50.488 0.5555555820
71713  -20.093  2.145  -49.470 0.4444444478
74875  -33.007  5.617  -50.983 0.5555555820
72795  -19.698  2.888  -49.378 0.3333333433
74888  -33.544  5.888  -51.503 0.5555555820
77029  -33.160  7.162  -51.629 0.4444444478
74852  -19.489  5.346  -50.995 0.3333333433
78094  -32.866  8.503  -51.905 0.5555555820
143783  -31.859  10.111  -52.073 0.4444444478
134510  -19.700  9.173  -52.993 0.3333333433
78084  -19.771  8.772  -53.022 0.3333333433
77052  -20.020  8.188  -53.236 0.4444444478
79915  -30.576  10.830  -52.423 0.4444444478
81894  -31.352  12.304  -52.876 0.4444444478
82923  -31.643  13.799  -53.934 0.2222222239
80894  -20.332  11.164  -54.326 0.3333333433
80916  -21.499  11.095  -55.732 0.6666666865
80918  -23.717  11.440  -56.573 0.6666666865
81917  -25.615  11.929  -55.834 0.6666666865
132570  -26.537  12.927  -55.546 0.6666666865
135707  -27.945  13.706  -54.927 0.6666666865
82928  -27.668  13.053  -54.820 0.6666666865
83835  -30.054  14.570  -54.454 0.4444444478
83829  -31.616  14.453  -54.425 0.3333333433
80917  -22.705  11.645  -56.441 0.5555555820
62086  -20.484  -6.060  -44.586 0.5555555820
60902  -21.540  -7.132  -45.070 0.5555555820
60903  -22.442  -7.544  -45.486 0.6666666865
62098  -21.751  -5.975  -46.129 0.6666666865
62099  -22.605  -6.379  -46.473 0.7777777910
153703  -23.172  -6.341  -46.826 0.7777777910
63208  -22.274  -5.701  -46.706 0.7777777910
63221  -22.466  -5.089  -47.312 0.8888888955
64357  -23.822  -4.453  -48.585 1.0000000000
64356  -23.081  -4.049  -48.470 1.0000000000
63231  -23.790  -5.065  -48.111 0.8888888955
63233  -25.212  -5.131  -48.532 0.8888888955
132313  -20.371  -7.057  -43.842 0.4444444478
62074  -20.173  -6.296  -43.997 0.4444444478
63200  -21.031  -5.441  -45.737 0.6666666865
143003  -24.674  -4.377  -48.938 1.0000000000
64372  -24.066  -3.937  -49.052 1.0000000000
64373  -24.522  -3.623  -49.448 1.0000000000
140717  -26.106  -3.972  -49.354 1.0000000000
65338  -25.696  -3.165  -49.992 1.0000000000
150883  -20.268  -4.229  -45.068 0.5555555820
64332  -20.555  -4.220  -45.744 0.6666666865
64333  -21.103  -4.328  -46.468 0.8888888955
64320  -20.500  -4.823  -45.338 0.6666666865
65300  -21.309  -3.662  -47.137 0.8888888955
65308  -21.109  -2.918  -47.457 0.8888888955
66363  -21.249  -2.455  -48.020 1.0000000000
65321  -23.084  -3.459  -48.898 1.0000000000
65335  -23.111  -2.880  -49.345 1.0000000000
65336  -23.780  -3.370  -49.389 1.0000000000
65349  -25.141  -2.734  -50.305 1.0000000000
66386  -22.554  -2.330  -49.328 1.0000000000
136507  -22.893  -1.835  -49.852 1.0000000000
149684  -25.629  -2.470  -50.513 1.0000000000
67440  -27.491  -1.674  -50.280 0.8888888955
66412  -25.866  -1.829  -50.977 1.0000000000
67452  -24.043  -1.634  -50.803 1.0000000000
67465  -25.721  -1.099  -51.508 1.0000000000
67466  -26.364  -1.138  -51.371 1.0000000000
67454  -27.141  -1.082  -51.045 0.8888888955
136894  -27.590  -0.328  -51.223 0.7777777910
67431  -21.240  -1.242  -48.782 1.0000000000
66362  -20.650  -2.319  -47.251 0.6666666865
66371  -21.743  -2.191  -48.752 1.0000000000
137285  -20.725  -1.886  -47.723 0.5555555820
67439  -22.568  -1.161  -50.058 1.0000000000
67451  -23.019  -0.714  -50.717 1.0000000000
68449  -24.240  -0.472  -51.675 1.0000000000
68450  -24.923  -0.540  -51.878 1.0000000000
68462  -25.918  0.113  -52.333 1.0000000000
68463  -26.517  0.124  -52.204 1.0000000000
71742  -28.043  1.741  -51.925 0.8888888955
70611  -28.772  2.070  -51.291 0.7777777910
71728  -29.528  2.448  -50.753 0.6666666865
67430  -20.489  -0.494  -48.306 0.5555555820
68426  -21.801  -0.827  -49.596 0.7777777910
70597  -21.451  1.309  -50.648 0.6666666865
70598  -22.102  1.207  -51.258 0.8888888955
68447  -22.659  0.052  -50.987 0.8888888955
69445  -22.640  0.767  -51.455 0.8888888955
69455  -24.667  0.509  -52.544 1.0000000000
69457  -26.112  1.185  -53.101 1.0000000000
71755  -27.738  2.369  -52.476 0.8888888955
72828  -28.357  3.072  -52.026 0.8888888955
148197  -28.363  2.444  -51.805 0.7777777910
73867  -29.979  4.080  -51.019 0.6666666865
71730  -31.309  3.052  -50.090 0.5555555820
142731  -30.809  4.295  -50.602 0.6666666865
70584  -19.792  1.815  -48.839 0.3333333433
70572  -19.955  1.186  -48.597 0.3333333433
69425  -20.941  0.491  -49.522 0.6666666865
70608  -21.772  1.805  -51.343 0.7777777910
70618  -23.377  1.593  -52.536 0.8888888955
144485  -25.252  0.845  -52.860 1.0000000000
71765  -25.403  2.204  -53.853 1.0000000000
74871  -29.116  4.980  -51.881 0.7777777910
74858  -31.124  5.021  -50.685 0.5555555820
71762  -23.185  2.801  -53.131 0.8888888955
71777  -25.520  2.844  -54.218 1.0000000000
132830  -29.827  6.264  -51.553 0.7777777910
74872  -29.636  5.465  -51.558 0.7777777910
72808  -19.991  2.909  -49.869 0.4444444478
72848  -22.902  3.396  -53.361 0.8888888955
72859  -24.954  3.267  -54.469 1.0000000000
132602  -25.943  4.473  -54.604 0.8888888955
75946  -28.143  6.672  -53.014 0.7777777910
77027  -30.323  7.140  -51.484 0.6666666865
77028  -32.436  7.224  -51.342 0.5555555820
144332  -32.945  6.464  -51.260 0.5555555820
73877  -20.077  4.382  -51.171 0.5555555820
74885  -21.223  5.142  -52.980 0.6666666865
73902  -22.998  3.997  -53.931 0.8888888955
74909  -25.497  5.116  -54.970 1.0000000000
144431  -28.350  7.617  -52.901 0.8888888955
77043  -30.624  7.951  -51.526 0.6666666865
144323  -27.137  7.936  -54.151 0.8888888955
78093  -31.874  8.723  -51.648 0.5555555820
74884  -20.568  5.197  -52.295 0.5555555820
74906  -22.146  6.083  -54.526 0.7777777910
74895  -21.382  5.767  -53.566 0.7777777910
74920  -24.332  5.833  -55.469 0.8888888955
74918  -22.844  5.912  -55.023 0.7777777910
79035  -32.390  9.463  -52.000 0.5555555820
77061  -20.766  8.122  -54.178 0.4444444478
75953  -21.105  7.359  -54.118 0.6666666865
77063  -21.932  7.501  -54.887 0.6666666865
74905  -21.572  6.306  -54.074 0.7777777910
140720  -20.347  6.003  -52.453 0.7777777910
75930  -19.935  6.547  -52.271 0.6666666865
77072  -22.434  7.505  -55.354 0.7777777910
78131  -25.967  8.684  -55.187 0.6666666865
79048  -27.629  9.251  -53.807 0.6666666865
79060  -27.020  9.343  -54.379 0.6666666865
142724  -27.180  10.549  -54.420 0.6666666865
80885  -27.767  10.622  -53.933 0.6666666865
130913  -29.286  9.989  -52.756 0.5555555820
80875  -31.022  11.589  -52.557 0.4444444478
79916  -31.572  10.882  -52.322 0.4444444478
81893  -30.512  12.166  -52.873 0.5555555820
78103  -20.523  8.862  -54.116 0.4444444478
78128  -22.849  8.608  -56.113 0.7777777910
149121  -28.693  12.672  -53.965 0.6666666865
79951  -21.324  9.996  -55.409 0.5555555820
79959  -21.777  10.311  -55.932 0.6666666865
80906  -25.375  10.972  -55.960 0.6666666865
81918  -26.353  12.251  -55.435 0.6666666865
81919  -27.015  12.672  -55.157 0.6666666865
75915  -19.569  6.383  -51.703 0.3333333433
138774  -19.672  2.454  -49.106 0.4444444478
128913  -19.814  3.516  -50.059 0.4444444478
82924  -32.390  13.378  -53.975 0.3333333433
83836  -30.961  14.889  -54.579 0.3333333433
62122  -26.618  -5.788  -48.088 0.6666666865
60879  -20.631  -7.861  -43.622 0.5555555820
66389  -27.000  -2.459  -50.076 0.7777777910
60889  -19.996  -7.336  -43.163 0.3333333433
63192  -20.096  -5.555  -44.193 0.4444444478
68424  -20.335  0.444  -48.672 0.3333333433
68419  -20.051  0.075  -47.996 0.3333333433
68418  -20.041  -0.201  -47.611 0.1111111119
70571  -19.809  1.356  -48.415 0.1111111119
73860  -19.752  4.414  -50.733 0.3333333433
77035  -19.605  7.952  -52.623 0.3333333433
82929  -28.581  14.140  -54.751 0.6666666865
83834  -29.221  14.550  -54.681 0.4444444478
58580  -26.469  -9.000  -45.378 0.4444444478
59663  -27.588  -8.632  -44.100 0.2222222239
59673  -23.075  -8.763  -44.949 0.4444444478
58566  -23.743  -9.495  -44.749 0.4444444478
59683  -23.159  -8.149  -45.468 0.4444444478
59684  -24.415  -8.250  -45.942 0.4444444478
59685  -25.437  -8.898  -45.742 0.4444444478
59696  -26.401  -8.183  -46.372 0.4444444478
59687  -28.083  -7.621  -46.177 0.2222222239
60916  -24.944  -7.789  -46.478 0.4444444478
60917  -25.856  -7.702  -46.728 0.4444444478
133222  -28.550  -7.113  -46.349 0.1111111119
60907  -29.134  -6.682  -45.978 0.1111111119
60918  -26.667  -7.632  -46.880 0.4444444478
60919  -27.377  -7.471  -46.953 0.3333333433
60929  -25.228  -7.066  -47.081 0.4444444478
60932  -27.677  -6.878  -47.355 0.3333333433
60921  -28.780  -6.600  -46.794 0.2222222239
60930  -26.103  -7.048  -47.204 0.4444444478
60931  -26.926  -7.010  -47.298 0.3333333433
63236  -28.807  -5.579  -47.650 0.2222222239
64362  -29.519  -5.005  -47.784 0.1111111119
131603  -30.153  -4.437  -47.946 0.1111111119
63224  -28.126  -5.937  -47.790 0.3333333433
63235  -28.009  -5.196  -48.081 0.3333333433
64360  -27.456  -4.437  -48.589 0.4444444478
65323  -27.869  -3.732  -48.756 0.5555555820
65341  -28.288  -2.975  -48.864 0.6666666865
66372  -29.285  -2.987  -48.535 0.4444444478
65340  -27.385  -3.070  -49.356 0.6666666865
68420  -30.869  -1.230  -48.909 0.3333333433
66390  -27.864  -2.304  -49.541 0.6666666865
67442  -29.223  -1.115  -49.346 0.5555555820
68428  -29.831  -0.494  -49.286 0.5555555820
68429  -30.887  -0.189  -49.204 0.5555555820
68439  -31.784  -0.029  -49.304 0.3333333433
68427  -28.817  -0.598  -49.835 0.5555555820
70589  -31.397  1.498  -49.644 0.4444444478
69428  -31.119  0.685  -49.457 0.4444444478
71731  -32.390  2.888  -50.060 0.4444444478
80919  -24.797  11.660  -56.311 0.5555555820
81925  -25.163  12.525  -56.190 0.5555555820
82937  -25.911  12.734  -55.834 0.5555555820
82938  -26.292  13.365  -55.866 0.5555555820
82939  -27.116  13.609  -55.465 0.5555555820
84690  -28.030  15.286  -55.717 0.5555555820
58579  -25.107  -9.454  -45.295 0.4444444478
59674  -27.518  -8.422  -45.009 0.2222222239
60920  -28.110  -7.208  -46.893 0.2222222239
63225  -29.477  -5.371  -47.440 0.1111111119
64361  -28.394  -4.424  -48.282 0.4444444478
124337  -29.312  -4.439  -48.077 0.3333333433
146898  -28.757  -2.237  -49.010 0.6666666865
147809  -29.670  -2.223  -48.687 0.4444444478
69429  -32.024  0.835  -49.479 0.3333333433
71721  -32.705  2.011  -49.897 0.4444444478
73871  -33.395  4.362  -50.888 0.4444444478
144573  -24.761  13.081  -56.366 0.5555555820
82946  -24.824  13.789  -56.522 0.5555555820
60905  -24.020  -7.584  -46.276 0.4444444478
66373  -30.306  -2.998  -48.377 0.2222222239
83845  -28.693  14.875  -55.104 0.5555555820
57542  -23.739  -10.650  -43.756 0.4444444478
57552  -25.118  -10.334  -44.308 0.4444444478
57544  -25.791  -10.077  -44.005 0.4444444478
58557  -27.073  -9.175  -43.686 0.2222222239
59650  -27.786  -8.806  -43.128 0.2222222239
59662  -21.951  -9.102  -43.864 0.4444444478
58555  -23.311  -10.003  -44.115 0.4444444478
59675  -28.069  -7.875  -45.341 0.1111111119
60893  -29.165  -6.999  -45.028 0.1111111119
142961  -28.172  -8.306  -43.663 0.1111111119
153599  -29.714  -6.174  -45.984 0.1111111119
63210  -29.774  -5.542  -47.069 0.1111111119
63211  -30.455  -5.180  -46.870 0.1111111119
64363  -30.844  -4.297  -47.821 0.1111111119
65326  -30.877  -3.763  -48.184 0.1111111119
66374  -31.393  -3.025  -48.652 0.2222222239
146963  -31.535  -0.778  -49.167 0.1111111119
67434  -31.404  -2.186  -48.884 0.2222222239
68440  -32.700  -0.038  -49.748 0.2222222239
69438  -33.426  0.446  -50.334 0.2222222239
69430  -32.778  1.079  -49.875 0.3333333433
72819  -33.853  3.728  -51.093 0.3333333433
72831  -34.388  3.875  -51.868 0.3333333433
74859  -33.025  4.960  -50.770 0.4444444478
72830  -33.932  4.369  -51.382 0.3333333433
131385  -19.551  7.099  -52.120 0.4444444478
77045  -32.869  7.722  -51.655 0.4444444478
155407  -32.160  11.116  -52.489 0.3333333433
84679  -29.506  15.192  -54.918 0.5555555820
81923  -23.317  12.406  -56.485 0.5555555820
82945  -23.971  13.289  -56.491 0.5555555820
82948  -26.322  14.145  -56.199 0.5555555820
59672  -22.296  -8.603  -44.529 0.4444444478
149256  -25.496  -6.396  -47.585 0.5555555820
134158  -26.352  -6.397  -47.644 0.5555555820
126966  -26.922  -5.096  -48.486 0.6666666865
64375  -26.968  -3.790  -49.107 0.6666666865
69426  -29.237  0.223  -49.935 0.5555555820
69427  -30.186  0.458  -49.595 0.5555555820
70588  -30.438  1.355  -49.831 0.4444444478
74876  -33.661  5.087  -51.314 0.4444444478
80876  -31.945  11.665  -52.663 0.3333333433
133337  -23.758  -8.040  -45.804 0.4444444478
63234  -27.462  -5.832  -47.993 0.3333333433
62112  -27.166  -6.404  -47.690 0.3333333433
144365  -25.824  -9.333  -45.357 0.4444444478
137710  -27.023  -8.667  -45.443 0.4444444478
58569  -26.905  -9.023  -44.667 0.3333333433
59686  -26.124  -8.753  -45.859 0.4444444478
58568  -26.170  -9.542  -44.769 0.4444444478
59664  -28.118  -8.087  -44.442 0.1111111119
58565  -22.807  -9.325  -44.357 0.4444444478
127760  -23.907  -8.715  -45.403 0.4444444478
58567  -24.636  -9.951  -44.728 0.4444444478
58578  -24.438  -9.334  -45.184 0.4444444478
124875  -24.735  -8.882  -45.623 0.4444444478
133182  -25.047  -8.462  -46.033 0.4444444478
59695  -25.658  -8.320  -46.212 0.4444444478
132824  -27.450  -8.167  -45.919 0.4444444478
59697  -27.078  -8.029  -46.519 0.4444444478
147987  -27.599  -7.706  -46.528 0.4444444478
60906  -28.606  -7.310  -45.621 0.1111111119
62102  -29.419  -6.111  -46.621 0.1111111119
62089  -29.739  -6.470  -45.262 0.1111111119
62113  -27.796  -6.344  -47.667 0.3333333433
62114  -28.363  -6.401  -47.369 0.2222222239
62115  -29.104  -5.942  -47.190 0.2222222239
145497  -28.847  -4.964  -47.953 0.2222222239
63226  -30.176  -4.933  -47.533 0.1111111119
67433  -30.596  -2.174  -48.671 0.3333333433
65324  -28.833  -3.725  -48.401 0.4444444478
65325  -29.838  -3.781  -48.213 0.3333333433
67443  -31.812  -1.647  -49.194 0.1111111119
67432  -29.886  -1.441  -48.909 0.4444444478
67441  -28.448  -1.475  -49.641 0.5555555820
66391  -29.179  -1.664  -49.079 0.5555555820
71732  -33.303  2.568  -50.354 0.4444444478
82947  -25.543  13.408  -56.220 0.5555555820
81924  -24.302  12.389  -56.478 0.5555555820
83843  -27.220  14.638  -55.890 0.5555555820
57553  -25.465  -9.862  -44.797 0.4444444478
140762  -24.227  14.100  -56.513 0.5555555820
57551  -24.489  -10.536  -44.098 0.4444444478
124556  -23.988  -10.180  -44.333 0.4444444478
58556  -26.521  -9.773  -43.214 0.2222222239
131394  -26.484  -9.530  -44.086 0.4444444478
58554  -22.537  -9.828  -43.724 0.4444444478
60892  -28.639  -7.543  -44.748 0.1111111119
60880  -28.764  -7.776  -43.794 0.1111111119
149175  -30.057  -5.725  -46.399 0.1111111119
53046  -25.452  -14.436  -37.486 0.1111111119
142740  -21.892  -13.898  -40.399 0.3333333433
54118  -24.415  -13.688  -39.063 0.2222222239
53065  -24.744  -14.111  -38.166 0.2222222239
54103  -25.766  -13.823  -37.999 0.1111111119
54119  -25.284  -13.427  -38.715 0.1111111119
56419  -20.614  -11.829  -40.864 0.3333333433
55260  -20.370  -12.498  -40.215 0.3333333433
54142  -21.198  -13.291  -40.403 0.3333333433
54150  -22.943  -13.160  -41.407 0.3333333433
54144  -23.647  -13.295  -40.807 0.3333333433
54134  -24.071  -13.440  -39.871 0.2222222239
55250  -24.528  -12.865  -40.336 0.2222222239
54135  -24.877  -13.084  -39.495 0.2222222239
54120  -26.208  -13.233  -38.509 0.1111111119
58532  -19.664  -9.634  -41.227 0.2222222239
57522  -20.267  -10.381  -41.413 0.2222222239
57513  -20.113  -11.000  -40.906 0.2222222239
56420  -21.294  -12.020  -41.255 0.3333333433
55272  -21.771  -12.492  -41.314 0.3333333433
55251  -25.317  -12.471  -39.935 0.1111111119
58542  -19.964  -9.075  -41.909 0.2222222239
58543  -20.775  -9.475  -42.473 0.3333333433
149223  -21.054  -10.308  -42.045 0.3333333433
152389  -21.339  -9.965  -42.552 0.3333333433
57532  -21.796  -10.400  -42.616 0.3333333433
57523  -21.783  -11.061  -42.123 0.3333333433
57533  -22.456  -10.966  -42.672 0.3333333433
55283  -23.632  -11.844  -42.392 0.3333333433
56439  -23.107  -11.445  -42.655 0.3333333433
55276  -24.717  -11.748  -42.088 0.3333333433
56440  -24.335  -11.641  -42.577 0.3333333433
56431  -25.294  -11.478  -41.722 0.3333333433
138294  -25.333  -11.759  -41.069 0.1111111119
56432  -25.887  -11.286  -41.103 0.2222222239
60860  -19.635  -8.239  -42.128 0.2222222239
59660  -20.245  -8.724  -42.544 0.2222222239
58553  -21.673  -9.717  -43.118 0.3333333433
56448  -23.844  -11.289  -43.083 0.3333333433
147159  -24.345  -10.949  -43.574 0.3333333433
57535  -25.965  -10.794  -41.962 0.1111111119
154711  -19.716  -7.568  -42.572 0.3333333433
60878  -20.131  -8.086  -42.896 0.3333333433
59671  -21.458  -8.304  -44.090 0.3333333433
127438  -23.026  -10.383  -43.626 0.3333333433
57543  -25.048  -10.759  -43.581 0.3333333433
126653  -25.797  -10.483  -42.990 0.3333333433
70601  -33.528  1.523  -50.390 0.2222222239
130170  -33.768  3.044  -50.797 0.2222222239
71733  -34.096  2.225  -50.918 0.2222222239
75925  -33.728  6.636  -51.967 0.3333333433
74877  -34.131  5.560  -52.100 0.2222222239
54143  -22.721  -13.719  -40.736 0.3333333433
54133  -23.318  -13.893  -40.110 0.3333333433
55233  -25.728  -12.779  -39.174 0.1111111119
58533  -20.310  -9.766  -41.815 0.3333333433
56428  -20.992  -11.221  -41.484 0.3333333433
56429  -22.653  -12.068  -41.884 0.3333333433
55274  -23.228  -12.423  -41.859 0.3333333433
55264  -24.278  -12.624  -41.162 0.3333333433
55265  -24.796  -12.051  -41.472 0.3333333433
59661  -20.943  -8.779  -43.269 0.3333333433
142893  -24.724  -14.696  -37.529 0.1111111119
51918  -25.186  -15.025  -37.018 0.1111111119
54141  -20.555  -13.348  -39.742 0.3333333433
54131  -21.215  -13.941  -39.846 0.3333333433
133429  -21.792  -14.474  -39.769 0.3333333433
53073  -22.393  -14.761  -39.399 0.3333333433
53074  -23.131  -14.356  -39.431 0.3333333433
53064  -23.807  -14.270  -38.764 0.3333333433
53031  -26.013  -14.864  -36.926 0.1111111119
53047  -26.316  -14.273  -37.422 0.1111111119
56418  -19.826  -11.522  -40.323 0.3333333433
54104  -26.657  -13.704  -37.891 0.1111111119
57521  -19.711  -10.316  -40.891 0.2222222239
55234  -26.698  -12.515  -38.963 0.1111111119
59637  -19.429  -8.792  -41.365 0.2222222239
56407  -26.410  -11.688  -39.937 0.1111111119
56422  -26.464  -11.261  -40.451 0.1111111119
57524  -26.569  -10.734  -41.105 0.1111111119
137270  -19.494  -7.449  -41.990 0.1111111119
72820  -34.288  3.028  -51.392 0.2222222239
77047  -34.053  7.212  -52.713 0.2222222239
75938  -34.249  6.334  -52.793 0.2222222239
63175  -20.031  -6.148  -43.738 0.2222222239
73884  -34.175  4.714  -51.831 0.2222222239
55262  -22.003  -13.219  -41.076 0.3333333433
55261  -21.194  -12.603  -40.897 0.3333333433
54132  -22.540  -14.262  -40.048 0.3333333433
53075  -23.737  -13.916  -39.442 0.3333333433
57512  -19.474  -10.679  -40.386 0.2222222239
55273  -22.437  -12.585  -41.559 0.3333333433
55263  -23.632  -12.801  -41.482 0.3333333433
127692  -25.008  -12.275  -40.732 0.2222222239
55252  -26.091  -12.174  -39.625 0.1111111119
56421  -25.769  -11.816  -40.387 0.1111111119
57541  -22.432  -10.376  -43.174 0.3333333433
56438  -22.501  -11.562  -42.205 0.3333333433
130717  -21.932  -11.853  -41.669 0.3333333433
56430  -23.047  -11.884  -42.197 0.3333333433
55275  -24.107  -12.250  -41.934 0.3333333433
127912  -25.111  -11.222  -42.621 0.3333333433
57534  -23.109  -10.884  -43.187 0.3333333433
57536  -26.415  -10.208  -42.464 0.1111111119
51917  -24.388  -15.259  -37.203 0.1111111119
127052  -20.651  -13.966  -39.371 0.2222222239
53072  -21.102  -14.565  -39.322 0.3333333433
53063  -23.007  -14.913  -38.701 0.3333333433
57497  -19.186  -11.095  -39.754 0.2222222239
71744  -34.635  2.230  -51.711 0.1111111119
70622  -34.846  1.378  -52.074 0.1111111119
70633  -35.432  1.022  -53.944 0.1111111119
71756  -35.039  2.068  -52.573 0.1111111119
71767  -35.079  2.703  -53.149 0.1111111119
149922  -35.251  2.412  -53.945 0.1111111119
73894  -34.523  4.591  -52.635 0.1111111119
72851  -35.083  3.245  -53.906 0.1111111119
128078  -34.910  4.061  -54.253 0.1111111119
79036  -33.229  9.274  -52.466 0.2222222239
131587  -34.493  5.470  -53.093 0.1111111119
73904  -34.698  4.730  -53.618 0.1111111119
79931  -33.114  10.637  -52.900 0.1111111119
79917  -32.403  10.593  -52.404 0.2222222239
80888  -32.635  11.911  -53.175 0.1111111119
133641  -33.459  9.898  -53.057 0.1111111119
79954  -33.859  10.778  -54.671 0.1111111119
81906  -32.546  12.643  -53.565 0.1111111119
82936  -22.106  13.274  -55.705 0.4444444478
81922  -22.377  12.467  -56.143 0.4444444478
81914  -33.059  12.901  -54.249 0.1111111119
137567  -25.496  14.158  -56.527 0.4444444478
154102  -30.581  15.934  -55.202 0.3333333433
84681  -31.096  15.547  -54.995 0.2222222239
84682  -32.304  15.059  -55.272 0.1111111119
82932  -32.888  13.610  -54.650 0.1111111119
83846  -33.222  14.201  -55.805 0.1111111119
83852  -24.854  14.642  -56.693 0.4444444478
84699  -26.067  15.672  -56.959 0.4444444478
83854  -26.622  15.058  -56.465 0.4444444478
84700  -26.944  15.773  -56.731 0.4444444478
83855  -27.311  15.330  -56.242 0.4444444478
84702  -28.477  16.121  -55.913 0.4444444478
85665  -28.926  16.819  -56.085 0.4444444478
85650  -29.712  16.784  -55.756 0.2222222239
86592  -30.394  17.246  -56.101 0.2222222239
85651  -31.132  16.767  -55.932 0.2222222239
85667  -31.732  16.866  -56.490 0.2222222239
85652  -31.802  16.266  -55.909 0.2222222239
89531  -30.018  20.034  -61.019 0.1111111119
88571  -30.786  19.212  -59.673 0.1111111119
85676  -32.843  16.506  -57.956 0.1111111119
83840  -21.889  14.020  -55.380 0.4444444478
83842  -23.026  14.758  -55.959 0.4444444478
83841  -22.524  14.036  -55.867 0.4444444478
83851  -23.926  14.738  -56.408 0.3333333433
84698  -25.224  15.434  -56.889 0.4444444478
85674  -26.536  16.341  -57.199 0.4444444478
85675  -26.923  16.952  -57.429 0.4444444478
85664  -27.327  16.461  -56.886 0.4444444478
148412  -28.122  16.656  -56.475 0.4444444478
86605  -28.577  17.388  -56.659 0.4444444478
138678  -26.565  17.373  -57.882 0.3333333433
86625  -29.048  18.103  -56.943 0.3333333433
87587  -29.561  18.604  -57.445 0.1111111119
87567  -29.883  18.064  -56.837 0.1111111119
147551  -31.174  18.053  -57.459 0.1111111119
85666  -31.108  17.271  -56.418 0.2222222239
86627  -31.780  17.680  -57.710 0.1111111119
86635  -31.759  18.028  -58.521 0.1111111119
84687  -22.234  14.752  -55.488 0.2222222239
84697  -24.395  15.436  -56.563 0.3333333433
85662  -24.789  16.096  -56.814 0.3333333433
86622  -26.222  16.905  -57.661 0.3333333433
86604  -27.714  17.187  -57.039 0.4444444478
87586  -27.687  18.407  -58.012 0.2222222239
141987  -28.659  18.628  -57.649 0.2222222239
138967  -30.115  18.961  -58.041 0.1111111119
88556  -27.144  18.823  -58.786 0.1111111119
88557  -28.263  19.189  -58.469 0.1111111119
145064  -28.497  19.745  -59.226 0.1111111119
87604  -30.529  19.150  -58.798 0.1111111119
88568  -27.563  19.503  -59.284 0.1111111119
88569  -29.303  19.764  -59.268 0.1111111119
88570  -30.059  19.599  -59.392 0.1111111119
84689  -23.557  15.469  -56.040 0.3333333433
85647  -23.212  16.230  -55.553 0.3333333433
85648  -24.562  16.969  -56.607 0.3333333433
85672  -25.215  16.629  -57.226 0.3333333433
86634  -26.034  17.465  -58.191 0.2222222239
87598  -26.629  17.978  -58.408 0.2222222239
88567  -26.584  19.182  -59.515 0.1111111119
89521  -27.869  20.130  -59.849 0.1111111119
89530  -29.499  20.162  -60.518 0.1111111119
89541  -28.361  21.086  -62.399 0.1111111119
86585  -23.046  17.929  -53.961 0.1111111119
86589  -23.320  17.624  -54.804 0.1111111119
86590  -24.307  17.767  -55.986 0.2222222239
86603  -24.616  17.888  -56.871 0.2222222239
86620  -25.088  17.523  -57.522 0.3333333433
128297  -24.838  18.310  -57.608 0.2222222239
86621  -25.658  17.089  -57.712 0.3333333433
86632  -25.091  18.129  -58.182 0.2222222239
87602  -25.200  18.803  -59.467 0.1111111119
88565  -25.012  19.388  -59.870 0.1111111119
88566  -25.668  19.002  -59.737 0.1111111119
89519  -26.126  19.502  -60.034 0.1111111119
89528  -27.164  20.398  -60.454 0.1111111119
89535  -27.412  20.838  -61.143 0.1111111119
142997  -28.844  20.447  -60.738 0.1111111119
89538  -30.204  20.066  -61.734 0.1111111119
87559  -23.791  18.429  -54.531 0.1111111119
133566  -24.514  18.987  -54.819 0.1111111119
87560  -24.298  18.448  -55.415 0.1111111119
140489  -24.752  19.017  -55.642 0.1111111119
88545  -24.896  19.885  -57.288 0.1111111119
87585  -24.744  19.058  -57.535 0.1111111119
87595  -24.818  18.719  -58.344 0.2222222239
88553  -24.615  19.640  -58.392 0.1111111119
88554  -24.782  19.021  -59.181 0.1111111119
143340  -24.872  20.615  -59.585 0.1111111119
89518  -25.181  19.993  -60.147 0.1111111119
89525  -25.253  20.717  -60.225 0.1111111119
89527  -26.263  20.080  -60.377 0.1111111119
88527  -25.137  19.425  -55.100 0.1111111119
88523  -24.984  19.284  -54.285 0.1111111119
88531  -25.199  20.006  -56.359 0.1111111119
89477  -25.249  20.645  -56.969 0.1111111119
89492  -24.851  20.693  -57.963 0.1111111119
88532  -25.724  20.624  -56.248 0.1111111119
89474  -26.329  20.653  -55.667 0.1111111119
89478  -25.737  21.155  -56.742 0.1111111119
70623  -35.205  1.194  -52.984 0.1111111119
129113  -34.736  2.936  -52.222 0.1111111119
71757  -35.273  1.863  -53.496 0.1111111119
71768  -35.395  1.719  -54.438 0.1111111119
140025  -34.485  6.110  -53.682 0.1111111119
74898  -34.618  5.371  -54.025 0.1111111119
137073  -34.339  6.906  -53.511 0.1111111119
80898  -33.594  11.397  -54.164 0.1111111119
82944  -22.912  13.260  -56.252 0.4444444478
85649  -28.936  15.651  -55.383 0.4444444478
84691  -29.814  15.990  -55.289 0.3333333433
84692  -31.160  16.155  -55.436 0.2222222239
84693  -31.769  15.651  -55.361 0.1111111119
84694  -32.444  15.629  -55.944 0.1111111119
82933  -33.404  13.112  -55.008 0.1111111119
83853  -25.795  14.835  -56.684 0.4444444478
86608  -32.292  16.958  -57.259 0.2222222239
87605  -31.270  18.696  -59.085 0.1111111119
86642  -32.323  17.446  -59.137 0.1111111119
85673  -25.834  16.392  -57.380 0.3333333433
88575  -29.596  19.926  -59.855 0.1111111119
145810  -24.696  18.567  -56.974 0.2222222239
154345  -25.108  19.543  -55.807 0.1111111119
89507  -24.624  20.373  -58.872 0.1111111119
89493  -25.422  21.362  -57.351 0.1111111119
89479  -26.319  21.200  -56.308 0.1111111119
69476  -36.437  0.613  -55.513 0.1111111119
70639  -35.721  0.907  -54.980 0.1111111119
77055  -33.948  7.919  -52.774 0.2222222239
143183  -32.883  10.003  -52.450 0.2222222239
81907  -33.221  12.088  -53.907 0.1111111119
81916  -21.684  12.464  -55.604 0.4444444478
83850  -23.420  14.032  -56.321 0.4444444478
86624  -28.166  17.908  -57.312 0.2222222239
87556  -24.232  18.992  -53.965 0.1111111119
88516  -24.771  19.138  -53.567 0.1111111119
88524  -25.693  19.638  -54.598 0.1111111119
142173  -36.122  0.276  -54.901 0.1111111119
70602  -34.137  1.398  -50.954 0.1111111119
69459  -34.992  0.344  -52.522 0.1111111119
69465  -35.667  0.074  -54.208 0.1111111119
69477  -37.358  0.478  -55.497 0.1111111119
69470  -36.682  0.033  -55.083 0.1111111119
70645  -36.105  1.252  -55.864 0.1111111119
72863  -35.113  2.372  -55.691 0.1111111119
72872  -35.076  2.315  -56.680 0.1111111119
142921  -34.718  4.176  -55.177 0.1111111119
75947  -34.472  6.597  -54.371 0.1111111119
134346  -34.550  5.893  -54.451 0.1111111119
74912  -34.581  5.204  -55.008 0.1111111119
77065  -34.378  7.432  -54.245 0.1111111119
79073  -34.155  8.977  -55.227 0.1111111119
150990  -34.001  9.986  -55.341 0.1111111119
127447  -33.870  10.918  -55.442 0.1111111119
80908  -33.756  11.635  -54.992 0.1111111119
83856  -33.212  14.698  -56.417 0.1111111119
81926  -33.657  12.586  -56.475 0.1111111119
82935  -21.629  13.261  -55.262 0.4444444478
84709  -33.409  15.211  -58.390 0.1111111119
85681  -32.763  16.714  -58.831 0.1111111119
84677  -22.080  15.517  -55.236 0.2222222239
84688  -22.701  15.492  -55.521 0.3333333433
87608  -31.797  18.150  -60.501 0.1111111119
85637  -22.194  16.946  -54.450 0.1111111119
126279  -23.788  17.061  -55.583 0.2222222239
88581  -31.146  19.136  -61.471 0.1111111119
88584  -30.789  19.566  -61.958 0.1111111119
145043  -22.388  17.510  -53.807 0.1111111119
86581  -22.930  18.069  -53.078 0.1111111119
87550  -24.211  18.811  -53.073 0.1111111119
89542  -29.766  20.543  -62.406 0.1111111119
87551  -24.957  19.016  -52.840 0.1111111119
88504  -25.771  19.243  -52.663 0.1111111119
90429  -25.730  21.519  -60.876 0.1111111119
128139  -26.295  21.683  -62.245 0.1111111119
90437  -26.923  21.468  -62.537 0.1111111119
90438  -27.648  21.332  -62.849 0.1111111119
88525  -26.206  19.784  -54.113 0.1111111119
89468  -26.413  20.214  -54.839 0.1111111119
90391  -25.207  21.624  -58.109 0.1111111119
91324  -25.163  22.196  -60.304 0.1111111119
78095  -33.622  8.507  -52.574 0.1111111119
82931  -32.261  14.050  -54.453 0.1111111119
72841  -34.794  3.587  -52.845 0.1111111119
80889  -33.197  11.331  -53.396 0.2222222239
152510  -34.830  4.061  -53.432 0.1111111119
71779  -35.474  1.687  -55.402 0.1111111119
136002  -35.033  3.273  -54.942 0.1111111119
136903  -33.794  9.144  -53.150 0.1111111119
79941  -33.932  10.095  -54.406 0.1111111119
140800  -34.261  8.744  -54.534 0.1111111119
81920  -33.653  12.453  -55.518 0.1111111119
84683  -32.850  14.886  -55.797 0.1111111119
83847  -33.412  14.036  -56.422 0.1111111119
86591  -29.522  17.477  -56.359 0.2222222239
154901  -30.124  17.686  -56.469 0.2222222239
86606  -30.674  17.778  -56.779 0.1111111119
153876  -32.803  15.754  -56.592 0.1111111119
88580  -30.583  19.607  -61.182 0.1111111119
89537  -29.411  20.431  -61.407 0.1111111119
86641  -31.845  18.126  -59.540 0.1111111119
88577  -31.049  19.131  -60.598 0.1111111119
153709  -31.434  18.656  -60.541 0.1111111119
85682  -33.182  15.985  -58.590 0.1111111119
84708  -33.226  15.739  -57.781 0.1111111119
86636  -32.349  17.268  -58.217 0.2222222239
86623  -27.270  17.626  -57.686 0.3333333433
153847  -29.021  19.525  -58.692 0.1111111119
89522  -28.827  20.205  -59.933 0.1111111119
85661  -24.071  16.191  -56.181 0.3333333433
85646  -22.830  16.953  -55.020 0.1111111119
87597  -25.829  18.031  -58.782 0.2222222239
88555  -26.193  18.499  -59.166 0.1111111119
89520  -26.911  19.820  -59.933 0.1111111119
89529  -28.091  20.522  -60.546 0.1111111119
89536  -28.403  20.798  -61.443 0.1111111119
90431  -27.595  21.168  -61.977 0.1111111119
147134  -29.029  20.818  -62.083 0.1111111119
152453  -22.618  17.786  -53.433 0.1111111119
86584  -22.678  17.399  -54.421 0.1111111119
87566  -24.609  18.455  -56.224 0.1111111119
86633  -25.527  17.798  -58.242 0.3333333433
87603  -25.579  18.492  -59.268 0.1111111119
88574  -25.577  19.692  -60.140 0.1111111119
90430  -26.804  21.245  -61.647 0.1111111119
89534  -26.539  20.741  -60.889 0.1111111119
87555  -23.569  18.506  -53.499 0.1111111119
129505  -24.873  19.198  -56.540 0.1111111119
88564  -24.692  19.798  -59.408 0.1111111119
89517  -24.874  20.017  -59.966 0.1111111119
90415  -25.217  21.266  -60.023 0.1111111119
89526  -25.786  20.557  -60.460 0.1111111119
131526  -26.217  21.377  -61.249 0.1111111119
88528  -25.660  20.010  -55.515 0.1111111119
90390  -24.869  21.121  -58.841 0.1111111119
90403  -25.075  21.543  -59.533 0.1111111119
69460  -35.239  -0.393  -53.349 0.1111111119
77056  -34.225  7.696  -53.400 0.1111111119
84703  -33.182  15.321  -57.010 0.1111111119
86646  -32.281  17.502  -60.057 0.1111111119
90424  -25.406  21.731  -60.676 0.1111111119
90392  -25.695  22.019  -57.592 0.1111111119
70646  -36.928  1.078  -56.041 0.1111111119
88517  -25.543  19.407  -53.637 0.1111111119
78110  -34.301  8.229  -54.049 0.1111111119
84704  -33.389  15.038  -57.686 0.1111111119
84715  -32.851  16.227  -60.095 0.1111111119
87612  -31.934  17.911  -61.479 0.1111111119
85629  -22.091  17.284  -53.678 0.1111111119
138572  -31.477  18.600  -61.081 0.1111111119
139107  -25.823  21.986  -61.912 0.1111111119
91315  -25.169  22.465  -59.528 0.1111111119
51935  -21.694  -15.074  -39.222 0.2222222239
67409  -19.758  -1.689  -46.405 0.2222222239
141514  -19.899  -1.039  -46.914 0.2222222239
64305  -20.137  -4.748  -44.514 0.3333333433
65298  -20.305  -2.928  -45.993 0.3333333433
67410  -20.190  -1.523  -47.092 0.3333333433
80905  -21.307  11.686  -55.450 0.3333333433
81910  -20.715  11.453  -54.757 0.2222222239
83826  -20.667  14.490  -54.100 0.1111111119
140824  -21.820  14.590  -55.284 0.1111111119
83833  -21.650  13.884  -55.227 0.2222222239
78070  -19.507  8.456  -52.613 0.2222222239
65283  -20.252  -2.900  -45.316 0.2222222239
77022  -19.376  7.577  -52.145 0.1111111119
79907  -19.565  10.914  -51.541 0.1111111119
81898  -20.878  12.630  -53.931 0.1111111119
82911  -21.146  13.883  -53.375 0.1111111119
154103  -20.818  15.365  -54.474 0.1111111119
80904  -20.768  11.335  -54.979 0.2222222239
80879  -19.936  11.042  -52.901 0.1111111119
63191  -19.962  -5.073  -43.898 0.2222222239
152319  -20.257  -3.404  -44.859 0.2222222239
65284  -20.312  -3.559  -45.357 0.3333333433
153663  -19.594  2.530  -48.965 0.3333333433
81915  -21.267  12.251  -55.168 0.3333333433
82927  -21.579  13.251  -55.198 0.1111111119
81897  -20.450  11.106  -54.496 0.1111111119
82918  -20.898  13.662  -53.850 0.1111111119
146910  -19.926  10.986  -51.758 0.1111111119
81911  -20.861  12.996  -54.286 0.1111111119
80869  -21.067  11.511  -53.248 0.1111111119
128148  -21.128  13.064  -53.714 0.1111111119
81887  -20.268  11.255  -53.121 0.1111111119
65327  -31.777  -3.509  -48.471 0.1111111119
51926  -20.937  -15.327  -38.751 0.1111111119
51936  -22.264  -15.266  -38.961 0.1111111119
51927  -22.482  -15.594  -38.412 0.1111111119
53061  -19.517  -14.478  -38.161 0.1111111119
53062  -20.270  -14.401  -38.820 0.1111111119
54117  -20.054  -13.539  -39.134 0.1111111119
55249  -19.833  -12.801  -39.455 0.1111111119
55259  -19.501  -11.970  -39.651 0.1111111119
64262  -19.992  -5.290  -42.875 0.1111111119
68391  -19.891  -1.310  -46.668 0.1111111119
66357  -20.225  -2.208  -46.462 0.1111111119
73849  -19.168  4.417  -48.870 0.2222222239
73848  -19.037  5.100  -49.215 0.2222222239
74840  -18.868  5.744  -49.224 0.2222222239
68407  -19.930  -0.652  -47.082 0.1111111119
67423  -20.087  -0.675  -47.502 0.1111111119
51911  -19.594  -15.346  -37.674 0.1111111119
51914  -21.975  -16.221  -38.151 0.1111111119
53060  -18.850  -13.735  -37.976 0.1111111119
54116  -19.485  -13.690  -38.579 0.1111111119
55248  -19.168  -12.377  -39.011 0.1111111119
58521  -19.302  -9.960  -40.531 0.1111111119
59617  -19.229  -9.304  -40.674 0.1111111119
63174  -19.927  -5.514  -43.221 0.1111111119
65226  -19.987  -5.025  -43.167 0.1111111119
67390  -19.899  -1.839  -46.001 0.1111111119
73837  -19.653  4.423  -48.245 0.2222222239
74841  -19.348  5.763  -49.035 0.2222222239
75871  -18.652  7.091  -49.233 0.1111111119
53045  -23.905  -14.855  -37.950 0.1111111119
51913  -21.210  -16.153  -38.291 0.1111111119
75902  -19.338  5.972  -51.168 0.2222222239
75914  -19.352  6.610  -51.555 0.1111111119
73836  -19.275  4.042  -48.234 0.2222222239
141393  -19.250  -8.379  -40.599 0.1111111119
144450  -19.396  -8.198  -41.577 0.1111111119
62062  -19.860  -6.171  -42.923 0.1111111119
54130  -19.469  -13.055  -38.914 0.1111111119
144193  -21.747  -15.669  -38.706 0.1111111119
66356  -20.095  -2.290  -45.859 0.1111111119
64304  -20.090  -4.428  -44.105 0.1111111119
64284  -20.011  -4.921  -43.514 0.1111111119
66339  -20.280  -2.377  -45.303 0.1111111119
148905  -20.144  -15.119  -38.337 0.1111111119
51912  -20.449  -15.865  -38.117 0.1111111119
74825  -19.267  5.023  -48.901 0.1111111119
55232  -18.858  -12.902  -38.418 0.1111111119
56405  -18.636  -11.479  -38.476 0.1111111119
124785  -19.918  -5.770  -42.497 0.1111111119
64241  -19.928  -5.731  -42.498 0.1111111119
65248  -20.144  -4.337  -44.021 0.1111111119
130750  -19.897  6.484  -49.345 0.1111111119
76996  -18.791  7.511  -49.132 0.1111111119
72786  -19.329  3.697  -47.727 0.1111111119
78069  -18.281  9.018  -50.362 0.1111111119
79017  -18.680  10.281  -50.504 0.1111111119
79027  -19.824  9.599  -53.270 0.1111111119
56441  -24.549  -11.219  -43.123 0.3333333433
58581  -26.775  -8.505  -45.958 0.4444444478
60904  -23.249  -7.542  -45.958 0.6666666865
68435  -21.614  -0.062  -49.859 0.8888888955
68451  -25.524  -0.482  -51.926 1.0000000000
68461  -25.277  0.137  -52.381 1.0000000000
69464  -25.672  1.179  -53.128 1.0000000000
69471  -37.326  -0.186  -55.042 0.1111111119
70586  -20.963  1.069  -49.953 0.7777777910
70590  -32.154  1.554  -49.686 0.4444444478
70612  -34.462  1.611  -51.388 0.2222222239
70619  -24.698  1.115  -52.900 1.0000000000
71720  -31.805  2.222  -49.819 0.5555555820
71752  -22.714  2.316  -52.494 0.7777777910
71754  -27.057  1.963  -53.108 0.8888888955
71764  -24.705  2.260  -53.730 1.0000000000
71766  -26.744  2.551  -53.506 0.8888888955
71778  -26.004  3.114  -54.216 0.8888888955
72815  -29.775  3.251  -50.844 0.6666666865
72818  -33.072  3.553  -50.501 0.5555555820
72847  -22.338  3.896  -53.209 0.8888888955
72852  -35.249  2.457  -54.734 0.1111111119
72858  -24.294  3.749  -54.573 1.0000000000
72860  -25.576  3.653  -54.527 1.0000000000
73870  -32.575  4.376  -50.547 0.5555555820
73881  -28.624  4.478  -52.221 0.8888888955
73883  -29.779  4.837  -51.351 0.7777777910
73891  -21.125  4.473  -52.411 0.6666666865
73903  -26.823  3.874  -53.881 0.8888888955
73911  -25.342  4.407  -54.839 0.8888888955
73918  -24.786  4.944  -55.180 1.0000000000
74894  -20.835  5.893  -53.006 0.7777777910
74896  -21.946  5.498  -53.997 1.0000000000
74919  -23.581  5.886  -55.381 0.8888888955
74921  -25.054  5.794  -55.312 0.8888888955
75888  -18.786  6.477  -49.297 0.2222222239
75889  -18.970  6.605  -49.126 0.1111111119
75922  -29.101  5.738  -51.985 0.7777777910
75931  -20.419  6.658  -52.988 0.6666666865
75935  -28.003  5.751  -53.111 0.7777777910
75954  -21.677  6.997  -54.460 0.7777777910
75958  -26.932  6.922  -54.198 0.8888888955
76980  -18.419  7.775  -49.253 0.1111111119
76997  -19.284  7.182  -49.240 0.1111111119
77021  -18.172  7.973  -50.171 0.1111111119
77036  -19.968  7.352  -52.801 0.4444444478
77042  -29.507  7.069  -51.888 0.6666666865
77044  -31.397  8.147  -51.489 0.5555555820
77046  -33.512  7.680  -52.133 0.4444444478
77071  -21.875  8.124  -55.185 0.7777777910
77073  -23.180  7.646  -55.822 0.7777777910
78092  -30.939  8.720  -51.634 0.5555555820
78102  -20.135  8.927  -53.575 0.4444444478
78109  -34.080  8.426  -53.273 0.1111111119
78118  -21.391  8.667  -54.969 0.5555555820
78130  -25.329  8.833  -55.785 0.6666666865
78140  -23.378  9.081  -56.360 0.6666666865
78141  -24.146  8.989  -56.286 0.6666666865
79049  -28.298  9.184  -53.272 0.5555555820
79050  -33.864  9.690  -53.782 0.1111111119
79051  -34.165  8.967  -53.870 0.1111111119
79058  -21.107  9.050  -54.764 0.5555555820
79059  -26.347  9.405  -54.888 0.6666666865
79061  -34.109  9.423  -54.520 0.1111111119
79068  -21.020  9.958  -54.979 0.5555555820
79069  -21.300  9.372  -55.113 0.5555555820
79082  -23.800  9.626  -56.485 0.6666666865
79923  -19.705  10.793  -52.401 0.2222222239
79929  -27.406  9.964  -54.140 0.6666666865
79940  -33.628  10.564  -53.736 0.1111111119
79949  -20.527  10.738  -54.627 0.3333333433
79953  -25.551  10.171  -55.735 0.6666666865
79962  -24.238  10.092  -56.472 0.6666666865
80867  -19.939  10.954  -52.373 0.1111111119
80868  -20.309  11.141  -52.769 0.1111111119
80874  -30.142  11.485  -52.728 0.4444444478
80877  -32.623  11.237  -52.773 0.3333333433
80880  -20.165  10.949  -53.968 0.1111111119
80896  -27.373  11.188  -54.415 0.6666666865
81888  -20.857  11.865  -53.653 0.1111111119
81892  -29.816  12.003  -53.051 0.5555555820
81895  -32.058  12.354  -53.039 0.1111111119
81902  -28.384  12.055  -53.914 0.6666666865
81905  -31.691  13.028  -53.361 0.3333333433
81913  -28.082  12.559  -54.390 0.6666666865
82940  -33.206  13.745  -55.280 0.1111111119
82941  -33.498  13.386  -55.898 0.1111111119
82949  -33.546  13.464  -56.853 0.1111111119
83828  -30.896  14.196  -54.104 0.5555555820
83837  -32.149  14.621  -54.784 0.1111111119
83838  -32.743  14.335  -55.118 0.1111111119
83844  -27.924  14.380  -55.298 0.5555555820
83857  -33.431  14.384  -57.174 0.1111111119
83863  -33.443  14.573  -58.969 0.1111111119
84680  -30.342  15.378  -54.862 0.2222222239
84701  -27.707  15.933  -56.335 0.4444444478
84712  -33.304  15.389  -59.199 0.1111111119
85663  -25.422  16.018  -57.109 0.3333333433
85668  -32.373  16.299  -56.542 0.2222222239
85688  -32.667  16.819  -59.695 0.1111111119
85689  -33.032  16.137  -59.408 0.1111111119
86580  -22.415  17.696  -53.061 0.1111111119
86607  -31.505  17.493  -56.978 0.2222222239
86626  -30.428  18.386  -57.413 0.1111111119
87596  -25.230  18.370  -58.872 0.1111111119
87599  -29.230  19.154  -58.087 0.1111111119
87600  -31.011  18.564  -58.135 0.1111111119
88558  -29.729  19.426  -58.672 0.1111111119
88576  -30.245  19.692  -60.310 0.1111111119
88585  -31.110  19.543  -62.692 0.1111111119
124506  -30.232  13.198  -53.504 0.5555555820
124627  -30.468  16.518  -55.564 0.2222222239
128014  -32.872  16.143  -57.165 0.1111111119
129783  -31.395  18.703  -59.980 0.1111111119
130016  -19.001  5.893  -49.185 0.2222222239
131162  -18.445  7.153  -49.379 0.1111111119
132867  -22.315  9.091  -56.016 0.6666666865
134144  -34.707  4.726  -54.408 0.1111111119
136453  -29.252  8.721  -52.363 0.6666666865
138070  -26.151  11.424  -55.430 0.6666666865
139109  -20.383  8.360  -53.755 0.4444444478
139222  -33.497  12.362  -54.668 0.1111111119
139880  -21.889  11.721  -56.004 0.4444444478
143017  -30.993  10.137  -52.092 0.4444444478
144048  -35.316  0.438  -53.418 0.1111111119
144076  -20.025  9.951  -53.558 0.4444444478
147093  -29.847  1.508  -50.154 0.6666666865
150159  -25.357  -1.587  -51.182 1.0000000000
150233  -22.034  0.150  -50.451 0.8888888955
151017  -29.378  3.601  -51.336 0.7777777910
151411  -32.171  5.181  -50.677 0.5555555820
151787  -31.672  15.066  -54.858 0.1111111119
151875  -21.785  -2.707  -48.415 1.0000000000
152014  -32.395  10.047  -52.206 0.4444444478
153200  -21.347  6.845  -54.086 0.6666666865
153952  -22.351  8.695  -55.870 0.6666666865
154250  -31.456  18.121  -57.931 0.1111111119
154477  -29.170  16.295  -55.646 0.2222222239
154524  -32.926  15.269  -56.348 0.1111111119
154777  -23.895  17.886  -55.263 0.1111111119
156242  -33.547  11.879  -54.427 0.1111111119
