#!ascii label  , from subject NIHPD_75_135 vox2ras=TkReg
449
69457  -26.112  1.185  -53.101 0.0000000000
65320  -22.376  -2.919  -48.757 0.0000000000
66390  -27.864  -2.304  -49.541 0.0000000000
60929  -25.228  -7.066  -47.081 0.0000000000
137567  -25.496  14.158  -56.527 0.0000000000
80897  -27.721  11.891  -54.396 0.0000000000
130133  -22.715  5.051  -54.453 0.0000000000
58555  -23.311  -10.003  -44.115 0.0000000000
64345  -23.151  -4.704  -48.004 0.0000000000
62098  -21.751  -5.975  -46.129 0.0000000000
132570  -26.537  12.927  -55.546 0.0000000000
79081  -23.056  9.700  -56.486 0.0000000000
70598  -22.102  1.207  -51.258 0.0000000000
72827  -21.214  3.302  -51.679 0.0000000000
72849  -24.331  3.008  -54.107 0.0000000000
74911  -26.858  5.835  -54.237 0.0000000000
73893  -27.973  4.219  -52.841 0.0000000000
71728  -29.528  2.448  -50.753 0.0000000000
68425  -21.034  -0.303  -49.130 0.0000000000
67463  -23.774  -0.980  -51.115 0.0000000000
68452  -26.806  -0.468  -51.682 0.0000000000
65349  -25.141  -2.734  -50.305 0.0000000000
64359  -26.237  -4.649  -48.888 0.0000000000
60932  -27.677  -6.878  -47.355 0.0000000000
77053  -20.513  7.538  -53.568 0.0000000000
131624  -25.502  8.019  -55.475 0.0000000000
130913  -29.286  9.989  -52.756 0.0000000000
60890  -21.103  -7.501  -44.335 0.0000000000
59684  -24.415  -8.250  -45.942 0.0000000000
63207  -21.589  -5.156  -46.532 0.0000000000
63199  -20.490  -5.487  -44.947 0.0000000000
140644  -22.928  10.926  -56.579 0.0000000000
79070  -21.789  9.538  -55.744 0.0000000000
69454  -24.031  0.991  -52.564 0.0000000000
71753  -23.502  2.203  -52.946 0.0000000000
71765  -25.403  2.204  -53.853 0.0000000000
72850  -26.517  3.158  -53.900 0.0000000000
142560  -27.292  2.701  -53.063 0.0000000000
72829  -28.881  3.528  -51.722 0.0000000000
70621  -27.328  1.467  -52.543 0.0000000000
67431  -21.240  -1.242  -48.782 0.0000000000
67439  -22.568  -1.161  -50.058 0.0000000000
136507  -22.893  -1.835  -49.852 0.0000000000
67453  -24.775  -1.749  -50.965 0.0000000000
66388  -23.726  -2.661  -49.848 0.0000000000
62109  -24.142  -5.646  -47.826 0.0000000000
63233  -25.212  -5.131  -48.532 0.0000000000
62111  -25.763  -5.772  -48.079 0.0000000000
63234  -27.462  -5.832  -47.993 0.0000000000
60930  -26.103  -7.048  -47.204 0.0000000000
83850  -23.420  14.032  -56.321 0.0000000000
83842  -23.026  14.758  -55.959 0.0000000000
84698  -25.224  15.434  -56.889 0.0000000000
85673  -25.834  16.392  -57.380 0.0000000000
83855  -27.311  15.330  -56.242 0.0000000000
146636  -27.475  12.398  -54.734 0.0000000000
73900  -21.707  4.483  -53.057 0.0000000000
74884  -20.568  5.197  -52.295 0.0000000000
74905  -21.572  6.306  -54.074 0.0000000000
77072  -22.434  7.505  -55.354 0.0000000000
75966  -23.806  6.683  -55.656 0.0000000000
77041  -28.795  6.966  -52.406 0.0000000000
78107  -27.826  8.360  -53.484 0.0000000000
78091  -29.964  8.554  -51.881 0.0000000000
68437  -27.980  -0.880  -50.466 0.0000000000
68438  -28.406  -0.065  -50.578 0.0000000000
59662  -21.951  -9.102  -43.864 0.0000000000
59672  -22.296  -8.603  -44.529 0.0000000000
59682  -22.574  -8.197  -45.056 0.0000000000
58566  -23.743  -9.495  -44.749 0.0000000000
135137  -21.789  -3.219  -48.041 0.0000000000
129956  -22.536  -3.565  -48.418 0.0000000000
64343  -21.742  -4.493  -47.095 0.0000000000
63221  -22.466  -5.089  -47.312 0.0000000000
153703  -23.172  -6.341  -46.826 0.0000000000
82945  -23.971  13.289  -56.491 0.0000000000
82948  -26.322  14.145  -56.199 0.0000000000
81925  -25.163  12.525  -56.190 0.0000000000
81917  -25.615  11.929  -55.834 0.0000000000
80907  -25.976  10.717  -55.472 0.0000000000
70596  -20.674  1.715  -50.063 0.0000000000
71740  -21.438  2.537  -51.453 0.0000000000
72838  -22.458  3.155  -52.792 0.0000000000
73909  -23.572  4.311  -54.560 0.0000000000
74908  -24.081  5.228  -55.264 0.0000000000
132602  -25.943  4.473  -54.604 0.0000000000
74897  -27.430  5.311  -53.705 0.0000000000
132830  -29.827  6.264  -51.553 0.0000000000
74873  -30.414  5.527  -51.096 0.0000000000
147159  -24.345  -10.949  -43.574 0.0000000000
57552  -25.118  -10.334  -44.308 0.0000000000
69435  -21.504  0.588  -50.232 0.0000000000
134751  -23.199  0.327  -51.592 0.0000000000
68460  -24.642  -0.060  -52.149 0.0000000000
68463  -26.517  0.124  -52.204 0.0000000000
137689  -25.148  -1.107  -51.507 0.0000000000
66412  -25.866  -1.829  -50.977 0.0000000000
66403  -26.206  -2.520  -50.408 0.0000000000
64372  -24.066  -3.937  -49.052 0.0000000000
64374  -25.243  -3.825  -49.439 0.0000000000
64375  -26.968  -3.790  -49.107 0.0000000000
64360  -27.456  -4.437  -48.589 0.0000000000
63236  -28.807  -5.579  -47.650 0.0000000000
84690  -28.030  15.286  -55.717 0.0000000000
78127  -21.878  8.815  -55.551 0.0000000000
78142  -24.788  9.032  -56.153 0.0000000000
79939  -26.745  10.061  -54.624 0.0000000000
143893  -25.664  7.228  -55.209 0.0000000000
79048  -27.629  9.251  -53.807 0.0000000000
79913  -28.671  10.692  -53.295 0.0000000000
70610  -28.425  1.250  -51.299 0.0000000000
70600  -30.046  1.994  -50.229 0.0000000000
62086  -20.484  -6.060  -44.586 0.0000000000
62088  -22.021  -6.739  -45.786 0.0000000000
60914  -22.733  -7.034  -46.082 0.0000000000
60916  -24.944  -7.789  -46.478 0.0000000000
58579  -25.107  -9.454  -45.295 0.0000000000
59685  -25.437  -8.898  -45.742 0.0000000000
60917  -25.856  -7.702  -46.728 0.0000000000
79057  -20.787  9.410  -54.513 0.0000000000
144485  -25.252  0.845  -52.860 0.0000000000
70630  -25.144  1.545  -53.354 0.0000000000
70631  -25.824  1.690  -53.490 0.0000000000
70632  -26.063  2.428  -53.858 0.0000000000
70620  -26.402  1.801  -53.395 0.0000000000
71755  -27.738  2.369  -52.476 0.0000000000
134143  -26.661  1.265  -52.940 0.0000000000
66363  -21.249  -2.455  -48.020 0.0000000000
67425  -21.079  -1.835  -48.274 0.0000000000
66371  -21.743  -2.191  -48.752 0.0000000000
67438  -22.101  -1.637  -49.430 0.0000000000
66386  -22.554  -2.330  -49.328 0.0000000000
66387  -23.182  -2.367  -49.710 0.0000000000
65335  -23.111  -2.880  -49.345 0.0000000000
62110  -24.630  -6.364  -47.469 0.0000000000
63223  -24.923  -5.748  -48.023 0.0000000000
149256  -25.496  -6.396  -47.585 0.0000000000
134158  -26.352  -6.397  -47.644 0.0000000000
140762  -24.227  14.100  -56.513 0.0000000000
83851  -23.926  14.738  -56.408 0.0000000000
83852  -24.854  14.642  -56.693 0.0000000000
84699  -26.067  15.672  -56.959 0.0000000000
84700  -26.944  15.773  -56.731 0.0000000000
83854  -26.622  15.058  -56.465 0.0000000000
82921  -28.510  13.320  -54.398 0.0000000000
149121  -28.693  12.672  -53.965 0.0000000000
144333  -29.173  12.224  -53.488 0.0000000000
73901  -22.241  4.669  -53.708 0.0000000000
74885  -21.223  5.142  -52.980 0.0000000000
150564  -21.691  5.100  -53.479 0.0000000000
74895  -21.382  5.767  -53.566 0.0000000000
74906  -22.146  6.083  -54.526 0.0000000000
75955  -22.328  6.792  -54.952 0.0000000000
74918  -22.844  5.912  -55.023 0.0000000000
133197  -29.879  7.730  -51.734 0.0000000000
78090  -29.163  7.887  -52.236 0.0000000000
67440  -27.491  -1.674  -50.280 0.0000000000
68427  -28.817  -0.598  -49.835 0.0000000000
67441  -28.448  -1.475  -49.641 0.0000000000
127438  -23.026  -10.383  -43.626 0.0000000000
58554  -22.537  -9.828  -43.724 0.0000000000
58565  -22.807  -9.325  -44.357 0.0000000000
59673  -23.075  -8.763  -44.949 0.0000000000
65300  -21.309  -3.662  -47.137 0.0000000000
64344  -22.291  -4.132  -47.820 0.0000000000
63208  -22.274  -5.701  -46.706 0.0000000000
63209  -22.940  -5.870  -47.037 0.0000000000
62099  -22.605  -6.379  -46.473 0.0000000000
81923  -23.317  12.406  -56.485 0.0000000000
81924  -24.302  12.389  -56.478 0.0000000000
80917  -22.705  11.645  -56.441 0.0000000000
79961  -23.529  10.389  -56.577 0.0000000000
135970  -24.441  10.776  -56.412 0.0000000000
80906  -25.375  10.972  -55.960 0.0000000000
79952  -24.892  10.179  -56.183 0.0000000000
70597  -21.451  1.309  -50.648 0.0000000000
70608  -21.772  1.805  -51.343 0.0000000000
71763  -23.932  2.532  -53.474 0.0000000000
71762  -23.185  2.801  -53.131 0.0000000000
130126  -23.529  3.212  -53.715 0.0000000000
72848  -22.902  3.396  -53.361 0.0000000000
132655  -23.751  3.624  -54.217 0.0000000000
137869  -24.876  4.032  -54.823 0.0000000000
72859  -24.954  3.267  -54.469 0.0000000000
73892  -27.361  4.405  -53.567 0.0000000000
74886  -27.853  4.969  -53.177 0.0000000000
75936  -28.601  6.120  -52.514 0.0000000000
74887  -28.450  5.179  -52.527 0.0000000000
74872  -29.636  5.465  -51.558 0.0000000000
74871  -29.116  4.980  -51.881 0.0000000000
71743  -29.009  2.926  -51.386 0.0000000000
73867  -29.979  4.080  -51.019 0.0000000000
71729  -30.334  2.765  -50.344 0.0000000000
56448  -23.844  -11.289  -43.083 0.0000000000
127912  -25.111  -11.222  -42.621 0.0000000000
69425  -20.941  0.491  -49.522 0.0000000000
67451  -23.019  -0.714  -50.717 0.0000000000
68448  -23.477  -0.273  -51.373 0.0000000000
69447  -23.939  0.240  -52.041 0.0000000000
68449  -24.240  -0.472  -51.675 0.0000000000
68450  -24.923  -0.540  -51.878 0.0000000000
67464  -24.514  -1.106  -51.359 0.0000000000
65348  -24.778  -2.357  -50.506 0.0000000000
66402  -25.265  -2.125  -50.772 0.0000000000
149684  -25.629  -2.470  -50.513 0.0000000000
65338  -25.696  -3.165  -49.992 0.0000000000
64356  -23.081  -4.049  -48.470 0.0000000000
65322  -23.585  -3.850  -48.877 0.0000000000
64357  -23.822  -4.453  -48.585 0.0000000000
64358  -25.566  -4.539  -48.985 0.0000000000
140717  -26.106  -3.972  -49.354 0.0000000000
137438  -26.699  -4.389  -48.890 0.0000000000
65323  -27.869  -3.732  -48.756 0.0000000000
62113  -27.796  -6.344  -47.667 0.0000000000
63224  -28.126  -5.937  -47.790 0.0000000000
82938  -26.292  13.365  -55.866 0.0000000000
83843  -27.220  14.638  -55.890 0.0000000000
82939  -27.116  13.609  -55.465 0.0000000000
71739  -20.642  2.966  -50.841 0.0000000000
77061  -20.766  8.122  -54.178 0.0000000000
78117  -20.960  8.679  -54.547 0.0000000000
77062  -21.346  7.927  -54.646 0.0000000000
77074  -24.173  7.491  -55.855 0.0000000000
77081  -23.727  8.348  -56.139 0.0000000000
78129  -24.680  8.295  -55.967 0.0000000000
79072  -25.740  9.468  -55.483 0.0000000000
78131  -25.967  8.684  -55.187 0.0000000000
75956  -25.660  5.853  -55.045 0.0000000000
75968  -25.363  6.553  -55.275 0.0000000000
75957  -26.153  6.490  -54.807 0.0000000000
79031  -28.943  9.268  -52.741 0.0000000000
78120  -27.275  8.704  -54.103 0.0000000000
79912  -28.659  9.808  -53.138 0.0000000000
79930  -28.059  9.924  -53.584 0.0000000000
79914  -29.666  10.765  -52.725 0.0000000000
68453  -27.240  0.206  -51.889 0.0000000000
69448  -27.647  0.943  -51.959 0.0000000000
147025  -28.039  0.427  -51.328 0.0000000000
70587  -29.626  1.007  -50.089 0.0000000000
132313  -20.371  -7.057  -43.842 0.0000000000
62075  -20.779  -6.719  -44.526 0.0000000000
60902  -21.540  -7.132  -45.070 0.0000000000
59683  -23.159  -8.149  -45.468 0.0000000000
60903  -22.442  -7.544  -45.486 0.0000000000
133337  -23.758  -8.040  -45.804 0.0000000000
60905  -24.020  -7.584  -46.276 0.0000000000
58567  -24.636  -9.951  -44.728 0.0000000000
59695  -25.658  -8.320  -46.212 0.0000000000
64333  -21.103  -4.328  -46.468 0.0000000000
64321  -20.917  -4.818  -46.000 0.0000000000
63200  -21.031  -5.441  -45.737 0.0000000000
137822  -22.196  10.979  -56.274 0.0000000000
79959  -21.777  10.311  -55.932 0.0000000000
79960  -22.614  10.305  -56.432 0.0000000000
79080  -22.366  9.681  -56.214 0.0000000000
69446  -23.275  0.881  -52.051 0.0000000000
70609  -22.563  1.528  -51.877 0.0000000000
70618  -23.377  1.593  -52.536 0.0000000000
70629  -24.224  1.746  -53.085 0.0000000000
71776  -25.005  2.660  -54.164 0.0000000000
71777  -25.520  2.844  -54.218 0.0000000000
72839  -27.218  3.439  -53.384 0.0000000000
137668  -28.469  3.802  -52.198 0.0000000000
72840  -27.820  3.272  -52.668 0.0000000000
72828  -28.357  3.072  -52.026 0.0000000000
148197  -28.363  2.444  -51.805 0.0000000000
67424  -20.576  -1.278  -47.944 0.0000000000
68426  -21.801  -0.827  -49.596 0.0000000000
134981  -23.320  -1.417  -50.469 0.0000000000
67452  -24.043  -1.634  -50.803 0.0000000000
66401  -23.572  -2.059  -50.206 0.0000000000
156261  -24.229  -2.254  -50.418 0.0000000000
65337  -24.456  -2.908  -49.974 0.0000000000
63231  -23.790  -5.065  -48.111 0.0000000000
63232  -24.414  -5.072  -48.371 0.0000000000
62121  -26.041  -5.186  -48.562 0.0000000000
126966  -26.922  -5.096  -48.486 0.0000000000
62122  -26.618  -5.788  -48.088 0.0000000000
62112  -27.166  -6.404  -47.690 0.0000000000
60931  -26.926  -7.010  -47.298 0.0000000000
83841  -22.524  14.036  -55.867 0.0000000000
148412  -28.122  16.656  -56.475 0.0000000000
81919  -27.015  12.672  -55.157 0.0000000000
135707  -27.945  13.706  -54.927 0.0000000000
82928  -27.668  13.053  -54.820 0.0000000000
74883  -19.919  5.711  -51.770 0.0000000000
140720  -20.347  6.003  -52.453 0.0000000000
75944  -21.021  6.627  -53.663 0.0000000000
75953  -21.105  7.359  -54.118 0.0000000000
77063  -21.932  7.501  -54.887 0.0000000000
75965  -22.997  6.711  -55.449 0.0000000000
77075  -25.006  7.368  -55.591 0.0000000000
75945  -27.525  6.289  -53.662 0.0000000000
77054  -27.643  7.300  -53.553 0.0000000000
144431  -28.350  7.617  -52.901 0.0000000000
78108  -28.620  8.509  -52.811 0.0000000000
79032  -29.668  9.336  -52.329 0.0000000000
67454  -27.141  -1.082  -51.045 0.0000000000
136894  -27.590  -0.328  -51.223 0.0000000000
69426  -29.237  0.223  -49.935 0.0000000000
59661  -20.943  -8.779  -43.269 0.0000000000
59671  -21.458  -8.304  -44.090 0.0000000000
60891  -21.906  -7.882  -44.770 0.0000000000
127760  -23.907  -8.715  -45.403 0.0000000000
65308  -21.109  -2.918  -47.457 0.0000000000
63222  -23.370  -5.438  -47.618 0.0000000000
62100  -23.708  -6.240  -47.217 0.0000000000
62101  -24.326  -6.995  -46.867 0.0000000000
82936  -22.106  13.274  -55.705 0.0000000000
82944  -22.912  13.260  -56.252 0.0000000000
82946  -24.824  13.789  -56.522 0.0000000000
144573  -24.761  13.081  -56.366 0.0000000000
82947  -25.543  13.408  -56.220 0.0000000000
82937  -25.911  12.734  -55.834 0.0000000000
80918  -23.717  11.440  -56.573 0.0000000000
80919  -24.797  11.660  -56.311 0.0000000000
81918  -26.353  12.251  -55.435 0.0000000000
81912  -26.938  11.818  -54.910 0.0000000000
80895  -26.623  10.856  -54.916 0.0000000000
71741  -22.096  2.210  -51.856 0.0000000000
71751  -21.933  2.863  -52.125 0.0000000000
72837  -21.682  3.716  -52.458 0.0000000000
73902  -22.998  3.997  -53.931 0.0000000000
74907  -23.485  5.115  -55.005 0.0000000000
73910  -24.190  4.513  -54.977 0.0000000000
74909  -25.497  5.116  -54.970 0.0000000000
74910  -26.150  5.395  -54.648 0.0000000000
72861  -26.278  3.785  -54.257 0.0000000000
73912  -26.726  4.700  -54.171 0.0000000000
75946  -28.143  6.672  -53.014 0.0000000000
75937  -29.150  6.429  -52.049 0.0000000000
77027  -30.323  7.140  -51.484 0.0000000000
75923  -30.865  6.461  -51.139 0.0000000000
73882  -29.173  4.192  -51.672 0.0000000000
146898  -28.757  -2.237  -49.010 0.0000000000
57542  -23.739  -10.650  -43.756 0.0000000000
124556  -23.988  -10.180  -44.333 0.0000000000
69436  -22.067  0.665  -50.859 0.0000000000
68436  -22.287  -0.435  -50.278 0.0000000000
68447  -22.659  0.052  -50.987 0.0000000000
69445  -22.640  0.767  -51.455 0.0000000000
69455  -24.667  0.509  -52.544 0.0000000000
69456  -25.788  0.681  -52.767 0.0000000000
144300  -26.295  0.675  -52.664 0.0000000000
68462  -25.918  0.113  -52.333 0.0000000000
128124  -26.118  -0.476  -51.873 0.0000000000
67465  -25.721  -1.099  -51.508 0.0000000000
67466  -26.364  -1.138  -51.371 0.0000000000
66404  -26.649  -1.807  -50.753 0.0000000000
66389  -27.000  -2.459  -50.076 0.0000000000
65321  -23.084  -3.459  -48.898 0.0000000000
65336  -23.780  -3.370  -49.389 0.0000000000
64373  -24.522  -3.623  -49.448 0.0000000000
143003  -24.674  -4.377  -48.938 0.0000000000
131758  -25.005  -3.273  -49.863 0.0000000000
65339  -26.528  -3.192  -49.767 0.0000000000
65340  -27.385  -3.070  -49.356 0.0000000000
65341  -28.288  -2.975  -48.864 0.0000000000
63235  -28.009  -5.196  -48.081 0.0000000000
83845  -28.693  14.875  -55.104 0.0000000000
78139  -22.777  9.227  -56.301 0.0000000000
130741  -22.408  8.234  -55.684 0.0000000000
78128  -22.849  8.608  -56.113 0.0000000000
79083  -24.509  9.568  -56.308 0.0000000000
79071  -25.153  9.533  -55.997 0.0000000000
79938  -26.141  10.130  -55.184 0.0000000000
142724  -27.180  10.549  -54.420 0.0000000000
74920  -24.332  5.833  -55.469 0.0000000000
75967  -24.621  6.616  -55.556 0.0000000000
144323  -27.137  7.936  -54.151 0.0000000000
77064  -26.284  7.705  -54.806 0.0000000000
78119  -26.661  8.636  -54.583 0.0000000000
79060  -27.020  9.343  -54.379 0.0000000000
80885  -27.767  10.622  -53.933 0.0000000000
80886  -28.077  11.346  -53.890 0.0000000000
80887  -28.713  11.560  -53.522 0.0000000000
69458  -26.919  0.741  -52.444 0.0000000000
71742  -28.043  1.741  -51.925 0.0000000000
70611  -28.772  2.070  -51.291 0.0000000000
69437  -28.809  0.762  -50.611 0.0000000000
70599  -29.290  1.591  -50.617 0.0000000000
62087  -21.127  -6.249  -45.289 0.0000000000
60915  -23.403  -6.877  -46.545 0.0000000000
58578  -24.438  -9.334  -45.184 0.0000000000
124875  -24.735  -8.882  -45.623 0.0000000000
144365  -25.824  -9.333  -45.357 0.0000000000
133182  -25.047  -8.462  -46.033 0.0000000000
60918  -26.667  -7.632  -46.880 0.0000000000
56441  -24.549  -11.219  -43.123 0.0000000000
60904  -23.249  -7.542  -45.958 0.0000000000
68435  -21.614  -0.062  -49.859 0.0000000000
68451  -25.524  -0.482  -51.926 0.0000000000
68461  -25.277  0.137  -52.381 0.0000000000
69464  -25.672  1.179  -53.128 0.0000000000
70586  -20.963  1.069  -49.953 0.0000000000
70619  -24.698  1.115  -52.900 0.0000000000
71752  -22.714  2.316  -52.494 0.0000000000
71754  -27.057  1.963  -53.108 0.0000000000
71764  -24.705  2.260  -53.730 0.0000000000
71766  -26.744  2.551  -53.506 0.0000000000
71778  -26.004  3.114  -54.216 0.0000000000
72847  -22.338  3.896  -53.209 0.0000000000
72858  -24.294  3.749  -54.573 0.0000000000
72860  -25.576  3.653  -54.527 0.0000000000
73881  -28.624  4.478  -52.221 0.0000000000
73883  -29.779  4.837  -51.351 0.0000000000
73903  -26.823  3.874  -53.881 0.0000000000
73911  -25.342  4.407  -54.839 0.0000000000
73918  -24.786  4.944  -55.180 0.0000000000
74894  -20.835  5.893  -53.006 0.0000000000
74896  -21.946  5.498  -53.997 0.0000000000
74919  -23.581  5.886  -55.381 0.0000000000
74921  -25.054  5.794  -55.312 0.0000000000
75922  -29.101  5.738  -51.985 0.0000000000
75931  -20.419  6.658  -52.988 0.0000000000
75935  -28.003  5.751  -53.111 0.0000000000
75954  -21.677  6.997  -54.460 0.0000000000
75958  -26.932  6.922  -54.198 0.0000000000
77042  -29.507  7.069  -51.888 0.0000000000
77071  -21.875  8.124  -55.185 0.0000000000
77073  -23.180  7.646  -55.822 0.0000000000
78118  -21.391  8.667  -54.969 0.0000000000
78130  -25.329  8.833  -55.785 0.0000000000
78140  -23.378  9.081  -56.360 0.0000000000
78141  -24.146  8.989  -56.286 0.0000000000
79049  -28.298  9.184  -53.272 0.0000000000
79058  -21.107  9.050  -54.764 0.0000000000
79059  -26.347  9.405  -54.888 0.0000000000
79069  -21.300  9.372  -55.113 0.0000000000
79082  -23.800  9.626  -56.485 0.0000000000
79929  -27.406  9.964  -54.140 0.0000000000
79953  -25.551  10.171  -55.735 0.0000000000
79962  -24.238  10.092  -56.472 0.0000000000
80896  -27.373  11.188  -54.415 0.0000000000
81902  -28.384  12.055  -53.914 0.0000000000
81913  -28.082  12.559  -54.390 0.0000000000
83844  -27.924  14.380  -55.298 0.0000000000
84701  -27.707  15.933  -56.335 0.0000000000
132867  -22.315  9.091  -56.016 0.0000000000
136453  -29.252  8.721  -52.363 0.0000000000
138070  -26.151  11.424  -55.430 0.0000000000
139109  -20.383  8.360  -53.755 0.0000000000
147093  -29.847  1.508  -50.154 0.0000000000
150159  -25.357  -1.587  -51.182 0.0000000000
150233  -22.034  0.150  -50.451 0.0000000000
151017  -29.378  3.601  -51.336 0.0000000000
151875  -21.785  -2.707  -48.415 0.0000000000
153200  -21.347  6.845  -54.086 0.0000000000
153952  -22.351  8.695  -55.870 0.0000000000
