#!ascii label  , from subject NIHPD_75_135 vox2ras=TkReg
894
13170  -45.285  -58.939  -40.093 0.5000000000
13174  -43.247  -59.036  -41.080 0.8000000119
14553  -42.186  -56.976  -39.605 0.8000000119
13857  -42.799  -57.569  -40.248 0.8000000119
13858  -43.783  -57.838  -40.461 0.8000000119
12510  -45.095  -59.773  -39.618 0.5000000000
13866  -44.519  -58.911  -40.582 0.5000000000
13859  -44.635  -58.222  -40.454 0.6000000238
15219  -40.752  -55.819  -38.477 0.6999999881
149104  -42.170  -56.401  -38.898 0.6999999881
14554  -43.560  -57.144  -39.933 0.8000000119
14555  -44.681  -57.277  -40.113 0.6999999881
153911  -45.292  -59.445  -38.217 0.6000000238
13167  -45.778  -59.306  -39.013 0.5000000000
154842  -46.069  -58.566  -39.641 0.6000000238
15930  -39.369  -54.955  -38.208 0.6999999881
132001  -45.529  -57.953  -40.102 0.6000000238
13860  -46.357  -57.772  -39.565 0.6000000238
15931  -40.266  -55.126  -37.913 0.6999999881
15218  -39.829  -55.589  -38.753 0.6999999881
14539  -43.028  -56.587  -39.249 0.6999999881
14556  -45.777  -57.107  -39.850 0.6000000238
14542  -46.575  -56.930  -39.365 0.6000000238
14540  -44.121  -56.514  -39.481 0.8000000119
14541  -45.192  -56.455  -39.594 0.8000000119
144240  -46.055  -56.435  -39.508 0.6999999881
13163  -45.366  -58.257  -37.346 0.4000000060
13850  -46.505  -58.455  -38.704 0.6000000238
15912  -38.957  -54.393  -37.641 0.6999999881
148848  -47.367  -56.807  -38.821 0.6000000238
15913  -39.863  -54.427  -37.416 0.6999999881
15932  -41.209  -55.215  -37.762 0.6999999881
124819  -41.698  -55.895  -38.331 0.6999999881
142392  -42.638  -55.927  -38.424 0.6999999881
15220  -43.611  -55.916  -38.678 0.6000000238
15222  -45.667  -55.629  -39.061 0.6999999881
16690  -47.754  -53.690  -39.184 0.5000000000
15208  -43.143  -55.215  -37.994 0.6000000238
15933  -44.085  -55.161  -38.277 0.6000000238
15934  -45.540  -54.636  -38.531 0.6000000238
149855  -46.175  -54.145  -38.641 0.6000000238
15918  -45.420  -53.575  -38.294 0.6000000238
140245  -46.492  -53.325  -38.761 0.5000000000
13834  -46.557  -57.254  -37.014 0.4000000060
13844  -46.319  -58.054  -37.676 0.5000000000
16682  -38.588  -53.913  -36.968 0.6999999881
13845  -47.131  -57.485  -37.823 0.6000000238
14524  -48.120  -56.268  -37.096 0.6000000238
142441  -41.739  -54.440  -37.292 0.6999999881
15224  -47.899  -55.998  -38.585 0.6000000238
135078  -42.698  -54.408  -37.469 0.6999999881
131696  -48.269  -54.663  -38.790 0.5000000000
16691  -48.896  -53.762  -38.819 0.6000000238
16687  -43.999  -53.656  -37.663 0.6999999881
16688  -44.579  -53.367  -37.873 0.6000000238
124614  -47.307  -52.761  -39.187 0.5000000000
127662  -48.429  -52.991  -39.277 0.5000000000
152399  -45.649  -52.703  -38.514 0.5000000000
16668  -35.539  -53.667  -36.047 0.6000000238
16656  -35.922  -53.152  -35.213 0.6000000238
14522  -45.739  -56.593  -36.321 0.5000000000
15203  -46.377  -55.883  -36.086 0.5000000000
148431  -37.540  -53.448  -36.185 0.6999999881
16670  -37.584  -53.905  -37.061 0.6999999881
126537  -46.739  -56.535  -36.560 0.5000000000
148568  -48.299  -55.639  -36.625 0.5000000000
15898  -47.920  -54.985  -36.171 0.4000000060
16683  -39.510  -53.801  -36.885 0.6999999881
15205  -48.822  -55.065  -36.611 0.5000000000
16684  -40.430  -53.674  -36.869 0.6999999881
140065  -41.353  -53.613  -36.931 0.6999999881
15900  -49.209  -54.335  -36.802 0.5000000000
16685  -42.285  -53.541  -37.084 0.6999999881
16686  -43.218  -53.511  -37.403 0.6000000238
16689  -49.557  -53.593  -38.088 0.5000000000
17441  -44.870  -52.635  -38.115 0.6000000238
17445  -49.178  -52.861  -38.718 0.5000000000
17440  -44.289  -51.854  -38.155 0.5000000000
135628  -45.240  -51.849  -38.660 0.5000000000
18278  -45.988  -51.497  -39.290 0.5000000000
17443  -47.933  -52.360  -39.506 0.5000000000
18279  -47.002  -51.958  -39.447 0.5000000000
19202  -48.919  -50.835  -40.072 0.3000000119
16659  -46.542  -53.613  -35.494 0.3000000119
16654  -34.070  -53.536  -35.508 0.6000000238
15201  -46.233  -54.600  -35.555 0.4000000060
15889  -46.979  -54.303  -35.753 0.4000000060
17427  -38.755  -52.737  -35.726 0.6000000238
15899  -48.592  -54.378  -36.299 0.5000000000
16671  -39.177  -53.257  -36.292 0.6999999881
16672  -40.070  -52.953  -36.448 0.6999999881
16675  -49.430  -53.457  -37.198 0.5000000000
17436  -42.776  -52.401  -37.259 0.5000000000
17439  -49.481  -52.719  -38.017 0.5000000000
143189  -43.547  -51.853  -37.741 0.5000000000
18280  -49.248  -51.921  -38.821 0.4000000060
17444  -48.707  -52.210  -39.287 0.3000000119
19203  -49.221  -50.366  -39.722 0.4000000060
18282  -46.675  -51.155  -39.944 0.5000000000
156312  -47.582  -51.085  -40.272 0.4000000060
16646  -34.314  -53.121  -34.910 0.6000000238
17417  -35.904  -52.579  -34.475 0.6000000238
17418  -36.661  -52.613  -34.749 0.6000000238
150051  -37.853  -51.927  -34.735 0.6000000238
17419  -38.282  -52.263  -35.198 0.6000000238
17430  -47.721  -52.237  -36.526 0.3000000119
17423  -48.730  -52.997  -36.640 0.4000000060
139916  -39.617  -52.392  -35.900 0.6000000238
18267  -47.806  -51.385  -37.084 0.3000000119
17428  -40.540  -51.911  -36.210 0.6000000238
16673  -41.061  -52.679  -36.654 0.6999999881
19192  -48.720  -51.308  -37.859 0.3000000119
147445  -49.328  -52.635  -37.377 0.3000000119
17429  -41.300  -51.797  -36.594 0.6000000238
20184  -48.270  -49.809  -38.220 0.3000000119
19197  -48.791  -50.547  -38.429 0.3000000119
131810  -42.226  -50.676  -37.452 0.5000000000
18273  -42.426  -51.414  -37.333 0.5000000000
18274  -43.057  -51.462  -37.665 0.5000000000
20189  -49.224  -49.717  -39.515 0.3000000119
19198  -49.147  -50.488  -39.130 0.3000000119
18276  -43.657  -51.133  -38.307 0.5000000000
18277  -45.093  -51.051  -39.226 0.5000000000
20193  -49.342  -49.693  -40.062 0.3000000119
19195  -44.246  -50.572  -39.093 0.5000000000
19204  -47.685  -50.099  -40.798 0.4000000060
19205  -48.540  -50.267  -40.533 0.3000000119
17407  -34.632  -51.997  -34.002 0.5000000000
17408  -35.508  -52.143  -34.040 0.6000000238
17409  -36.321  -51.978  -34.076 0.5000000000
18257  -39.832  -51.452  -35.708 0.6000000238
18250  -39.255  -51.014  -35.249 0.5000000000
21107  -48.186  -48.755  -38.400 0.3000000119
18258  -40.489  -50.892  -36.069 0.6000000238
22001  -48.312  -47.747  -38.569 0.3000000119
21110  -49.189  -48.922  -39.189 0.3000000119
18264  -41.140  -51.105  -36.523 0.6000000238
126108  -42.870  -50.820  -37.929 0.5000000000
20186  -44.282  -49.550  -39.750 0.5000000000
19200  -46.923  -50.432  -40.491 0.4000000060
21117  -46.129  -49.035  -41.010 0.4000000060
17399  -35.296  -51.527  -33.708 0.5000000000
18239  -36.057  -51.198  -33.609 0.5000000000
18240  -37.458  -50.764  -34.022 0.5000000000
149085  -37.680  -51.345  -34.380 0.5000000000
18249  -38.094  -50.650  -34.406 0.5000000000
21999  -46.343  -47.507  -37.489 0.3000000119
22000  -47.417  -47.694  -38.086 0.3000000119
19182  -41.012  -50.278  -36.494 0.6000000238
149987  -42.053  -50.065  -37.406 0.5000000000
19194  -43.809  -49.919  -39.224 0.5000000000
21119  -48.077  -49.051  -41.258 0.4000000060
22012  -46.722  -48.178  -41.354 0.4000000060
132925  -36.793  -50.383  -33.617 0.5000000000
19159  -37.668  -50.048  -33.988 0.5000000000
19168  -38.405  -49.844  -34.443 0.5000000000
144389  -45.044  -46.641  -36.645 0.4000000060
22871  -45.671  -45.885  -36.976 0.4000000060
148002  -39.369  -50.274  -35.226 0.5000000000
19177  -40.433  -50.026  -35.974 0.5000000000
135836  -46.654  -45.896  -37.619 0.4000000060
22880  -47.980  -46.935  -38.449 0.3000000119
140596  -40.049  -48.759  -35.670 0.4000000060
22883  -48.577  -46.340  -38.863 0.3000000119
20171  -40.858  -49.487  -36.421 0.5000000000
20172  -41.533  -49.661  -36.965 0.4000000060
20181  -42.706  -49.131  -38.366 0.4000000060
21116  -45.870  -48.166  -41.027 0.4000000060
20148  -36.268  -49.491  -33.378 0.5000000000
20149  -37.161  -49.409  -33.633 0.5000000000
20157  -37.961  -49.183  -34.040 0.5000000000
23702  -44.504  -45.249  -36.046 0.4000000060
19169  -39.086  -49.686  -34.946 0.5000000000
20158  -38.695  -48.992  -34.562 0.4000000060
23703  -45.721  -44.721  -36.876 0.4000000060
150203  -47.108  -45.174  -37.871 0.4000000060
21090  -40.322  -47.990  -35.847 0.4000000060
127489  -40.687  -48.670  -36.269 0.4000000060
23711  -47.682  -45.898  -38.292 0.4000000060
131037  -41.698  -48.885  -37.224 0.4000000060
151401  -42.190  -48.781  -37.729 0.4000000060
21108  -43.083  -48.335  -38.801 0.4000000060
138272  -44.163  -48.969  -39.818 0.4000000060
21109  -43.793  -48.345  -39.503 0.4000000060
140787  -45.241  -48.054  -40.629 0.4000000060
22015  -47.258  -47.237  -41.598 0.4000000060
22011  -46.372  -47.325  -41.338 0.4000000060
146477  -36.292  -48.153  -33.332 0.5000000000
141297  -37.572  -47.881  -33.741 0.4000000060
131884  -44.351  -44.038  -35.651 0.4000000060
25386  -45.031  -44.120  -36.291 0.4000000060
21081  -38.223  -48.209  -34.122 0.5000000000
21082  -39.026  -48.141  -34.740 0.4000000060
21096  -40.790  -47.904  -36.342 0.4000000060
24540  -46.910  -44.336  -37.826 0.4000000060
21097  -41.310  -48.233  -36.792 0.4000000060
21105  -41.909  -48.182  -37.410 0.4000000060
22893  -48.497  -46.417  -41.671 0.3000000119
21112  -44.593  -48.358  -40.159 0.4000000060
21968  -37.209  -47.298  -33.557 0.4000000060
21975  -37.953  -47.316  -33.919 0.5000000000
22851  -38.950  -46.585  -34.759 0.4000000060
149854  -45.555  -43.446  -36.598 0.4000000060
22860  -39.551  -46.581  -35.317 0.4000000060
21983  -39.959  -47.285  -35.558 0.4000000060
22861  -40.157  -46.499  -35.880 0.4000000060
21984  -40.549  -47.240  -36.119 0.4000000060
21991  -41.136  -47.367  -36.630 0.4000000060
21998  -42.141  -47.328  -37.637 0.4000000060
22002  -42.818  -47.450  -38.371 0.4000000060
22003  -43.414  -47.516  -39.112 0.4000000060
22891  -46.905  -46.351  -41.687 0.4000000060
22888  -45.141  -46.546  -40.745 0.4000000060
22889  -45.970  -46.479  -41.315 0.4000000060
22850  -38.280  -46.561  -34.202 0.4000000060
135113  -39.162  -45.967  -35.120 0.4000000060
23693  -39.661  -45.816  -35.627 0.4000000060
135209  -40.256  -45.682  -36.221 0.4000000060
22869  -40.876  -46.406  -36.523 0.4000000060
22877  -41.954  -46.419  -37.587 0.4000000060
23726  -47.560  -45.214  -42.075 0.4000000060
22881  -42.539  -46.535  -38.094 0.4000000060
22882  -43.129  -46.664  -38.753 0.4000000060
23714  -42.863  -45.789  -38.593 0.4000000060
22886  -44.392  -46.594  -40.087 0.4000000060
23721  -44.657  -45.700  -40.558 0.4000000060
23686  -38.556  -45.709  -34.582 0.4000000060
23692  -39.111  -45.129  -35.230 0.4000000060
23699  -39.718  -45.027  -35.972 0.4000000060
23709  -40.874  -44.655  -37.175 0.4000000060
23701  -40.824  -45.450  -36.791 0.4000000060
24543  -41.250  -44.097  -37.881 0.4000000060
23710  -41.434  -45.833  -37.219 0.4000000060
23713  -42.117  -45.541  -37.982 0.4000000060
23716  -42.560  -44.861  -38.749 0.4000000060
23725  -46.443  -45.527  -41.772 0.3000000119
133243  -44.224  -44.993  -40.411 0.4000000060
23722  -45.490  -45.636  -41.247 0.4000000060
24522  -38.715  -44.244  -35.037 0.4000000060
24530  -39.293  -44.316  -35.716 0.4000000060
26131  -39.220  -42.934  -36.055 0.4000000060
24531  -39.812  -44.283  -36.354 0.4000000060
24539  -40.336  -44.101  -36.910 0.4000000060
24544  -41.883  -44.448  -38.318 0.4000000060
24548  -42.227  -43.956  -39.138 0.4000000060
151870  -47.877  -44.478  -42.015 0.4000000060
24560  -46.805  -44.698  -42.102 0.3000000119
23717  -43.223  -45.221  -39.233 0.4000000060
24556  -44.938  -44.729  -41.178 0.5000000000
140687  -45.929  -44.757  -41.834 0.4000000060
24550  -43.586  -44.705  -39.959 0.5000000000
26139  -39.070  -42.136  -35.858 0.4000000060
26140  -39.532  -42.331  -36.672 0.4000000060
25394  -39.711  -43.067  -36.747 0.4000000060
26148  -39.976  -42.476  -37.488 0.4000000060
24553  -42.494  -43.677  -39.869 0.4000000060
24555  -44.051  -44.150  -40.814 0.5000000000
26863  -38.899  -41.211  -35.651 0.4000000060
26870  -39.383  -41.548  -36.525 0.4000000060
27697  -39.769  -41.159  -38.026 0.4000000060
24554  -43.135  -43.874  -40.295 0.4000000060
25411  -43.537  -43.307  -41.049 0.5000000000
143635  -38.897  -40.059  -35.999 0.4000000060
27686  -39.261  -40.686  -36.498 0.4000000060
27696  -39.524  -40.529  -37.524 0.4000000060
26167  -43.264  -42.477  -41.472 0.5000000000
30387  -38.461  -37.432  -37.910 0.4000000060
28589  -38.789  -39.406  -36.206 0.4000000060
29481  -38.723  -38.318  -37.632 0.4000000060
135500  -39.207  -39.798  -36.968 0.4000000060
136726  -38.767  -38.052  -38.485 0.4000000060
29496  -39.014  -38.183  -39.314 0.5000000000
29468  -38.504  -38.287  -36.608 0.4000000060
21114  -45.432  -49.347  -40.543 0.5000000000
21118  -47.140  -48.970  -41.279 0.4000000060
11797  -44.547  -60.148  -39.960 0.5000000000
147394  -41.898  -57.473  -40.193 0.8000000119
14552  -41.220  -56.970  -39.856 0.8000000119
148376  -40.347  -56.324  -39.425 0.6999999881
13165  -44.730  -59.725  -38.092 0.5000000000
143200  -38.975  -55.372  -39.032 0.6999999881
12500  -43.944  -59.802  -37.742 0.5000000000
15929  -37.686  -54.518  -38.989 0.6999999881
13833  -45.555  -57.531  -36.870 0.4000000060
13162  -44.545  -58.863  -37.502 0.4000000060
143238  -38.046  -54.360  -37.892 0.6999999881
141507  -36.299  -53.544  -35.997 0.6999999881
128894  -44.679  -56.973  -36.270 0.4000000060
14516  -44.736  -56.091  -35.770 0.4000000060
16667  -34.665  -53.822  -36.167 0.6000000238
15887  -45.486  -54.461  -35.207 0.4000000060
17416  -33.529  -53.037  -35.022 0.6000000238
18246  -33.596  -51.596  -34.211 0.5000000000
18247  -34.474  -51.067  -33.664 0.5000000000
19158  -35.768  -50.291  -33.389 0.5000000000
20147  -35.250  -49.392  -33.329 0.4000000060
21967  -36.321  -47.393  -33.330 0.4000000060
154227  -36.374  -45.987  -33.368 0.4000000060
22849  -37.543  -46.584  -33.729 0.4000000060
23684  -37.283  -45.201  -33.738 0.4000000060
24515  -37.961  -44.195  -34.374 0.4000000060
139390  -38.667  -42.777  -35.324 0.4000000060
26130  -38.469  -41.932  -35.063 0.4000000060
26862  -38.329  -41.156  -34.853 0.4000000060
27685  -38.465  -40.418  -35.235 0.4000000060
29467  -38.336  -37.637  -36.874 0.4000000060
13173  -42.416  -58.777  -40.986 0.8000000119
153741  -42.899  -57.089  -39.775 0.8000000119
13166  -45.763  -58.869  -37.982 0.5000000000
14538  -41.367  -56.452  -39.052 0.6999999881
15915  -42.179  -55.235  -37.787 0.6999999881
153742  -47.418  -57.253  -38.331 0.6000000238
15936  -47.482  -55.223  -38.859 0.6999999881
15221  -44.600  -55.813  -38.941 0.6999999881
15225  -48.386  -56.134  -37.795 0.6000000238
124443  -47.090  -54.327  -38.901 0.6000000238
15935  -46.461  -54.980  -38.864 0.6000000238
141057  -38.282  -53.441  -36.247 0.6999999881
16692  -49.188  -54.495  -38.141 0.5000000000
16657  -36.978  -53.166  -35.580 0.6000000238
15200  -45.877  -55.169  -35.628 0.5000000000
14523  -47.471  -55.970  -36.417 0.5000000000
17422  -47.574  -53.033  -36.066 0.3000000119
18281  -45.718  -50.865  -39.673 0.5000000000
18256  -38.466  -51.388  -34.844 0.6000000238
19189  -42.607  -50.046  -38.077 0.5000000000
19199  -45.872  -50.404  -40.128 0.5000000000
20190  -44.786  -49.177  -40.214 0.4000000060
20185  -43.529  -49.176  -39.226 0.4000000060
21121  -47.814  -48.078  -41.472 0.4000000060
22006  -44.115  -47.505  -39.774 0.4000000060
23685  -37.945  -45.055  -34.191 0.4000000060
23718  -43.901  -45.686  -39.777 0.4000000060
28602  -39.172  -39.214  -37.844 0.4000000060
7832  -29.948  -65.571  -38.933 0.4000000060
125900  -30.508  -65.658  -39.166 0.4000000060
8465  -31.120  -66.546  -38.136 0.4000000060
7808  -31.655  -66.603  -37.090 0.4000000060
8455  -30.985  -66.237  -37.141 0.4000000060
8456  -31.681  -66.212  -36.268 0.4000000060
7796  -32.304  -66.655  -36.302 0.4000000060
8448  -33.253  -65.617  -34.803 0.4000000060
133516  -35.276  -63.951  -36.593 0.5000000000
137767  -31.677  -65.897  -35.681 0.4000000060
8447  -32.295  -66.020  -35.504 0.4000000060
9107  -34.281  -64.281  -34.894 0.5000000000
9108  -34.938  -63.941  -35.791 0.5000000000
9752  -35.068  -63.567  -38.811 0.6000000238
8436  -31.232  -65.747  -35.306 0.4000000060
8437  -31.953  -65.625  -35.153 0.4000000060
9098  -33.468  -64.674  -34.503 0.4000000060
9120  -35.126  -63.746  -37.710 0.5000000000
129066  -44.553  -57.812  -36.843 0.3000000119
13825  -43.724  -57.288  -36.248 0.4000000060
15198  -43.913  -55.603  -35.246 0.3000000119
9132  -35.500  -64.047  -38.385 0.5000000000
11095  -43.187  -61.314  -38.709 0.5000000000
12499  -42.919  -60.020  -37.462 0.4000000060
128475  -34.433  -62.501  -34.785 0.4000000060
9727  -34.690  -63.380  -35.946 0.5000000000
9740  -34.761  -63.278  -37.843 0.5000000000
9712  -34.087  -63.264  -34.742 0.4000000060
9719  -34.145  -63.737  -35.013 0.4000000060
9760  -35.672  -63.811  -40.330 0.6000000238
9763  -36.622  -63.770  -40.667 0.6000000238
9761  -37.848  -63.629  -40.702 0.6999999881
11791  -44.057  -60.964  -38.985 0.5000000000
149457  -37.137  -64.128  -40.289 0.6999999881
9756  -39.706  -63.269  -40.016 0.6999999881
11102  -42.725  -61.851  -39.420 0.6999999881
9762  -39.085  -63.171  -40.719 0.6999999881
10412  -40.156  -62.876  -40.585 0.6999999881
10387  -34.680  -62.938  -36.969 0.5000000000
10399  -34.822  -62.951  -38.500 0.6000000238
10406  -35.012  -63.104  -39.477 0.6000000238
129058  -36.551  -62.572  -40.884 0.6000000238
10376  -34.779  -62.109  -35.524 0.4000000060
10377  -34.846  -62.253  -36.483 0.5000000000
11100  -35.261  -62.368  -38.934 0.6000000238
10410  -35.408  -63.231  -40.268 0.6000000238
11110  -37.503  -62.284  -41.036 0.6000000238
10416  -38.363  -62.735  -41.162 0.6000000238
15199  -44.870  -55.151  -35.299 0.3000000119
10415  -37.088  -63.145  -41.127 0.6000000238
10417  -39.634  -62.523  -41.134 0.6999999881
11103  -43.520  -61.387  -39.587 0.6000000238
11792  -44.647  -60.398  -39.282 0.5000000000
11767  -35.809  -60.569  -36.481 0.6000000238
141055  -36.385  -60.222  -37.260 0.6000000238
11783  -36.307  -60.800  -38.104 0.6999999881
11101  -36.100  -61.560  -39.183 0.6000000238
11793  -36.952  -61.113  -39.749 0.6000000238
127826  -38.309  -61.910  -41.114 0.6000000238
11073  -35.197  -61.356  -36.000 0.5000000000
11092  -35.079  -62.197  -37.887 0.6000000238
11111  -39.162  -61.849  -41.204 0.6000000238
11112  -40.253  -61.710  -41.195 0.6999999881
11802  -41.918  -61.025  -41.206 0.6999999881
11114  -42.121  -61.686  -40.807 0.6999999881
11796  -44.142  -60.863  -39.939 0.6000000238
11109  -42.965  -61.584  -40.300 0.6999999881
12497  -36.772  -59.350  -37.350 0.6000000238
151273  -36.828  -59.986  -37.854 0.6999999881
11790  -37.486  -59.972  -39.291 0.6999999881
149172  -36.889  -60.419  -38.708 0.6999999881
11795  -38.406  -60.517  -40.551 0.6000000238
12518  -43.379  -59.883  -41.027 0.5000000000
11800  -39.781  -60.841  -41.149 0.6999999881
11801  -40.927  -60.879  -41.171 0.6999999881
147345  -43.453  -60.842  -40.679 0.6000000238
13861  -38.999  -57.969  -40.158 0.6999999881
13863  -40.687  -58.390  -40.624 0.6999999881
12509  -37.695  -59.001  -39.035 0.6999999881
13171  -39.352  -58.884  -40.445 0.6000000238
13172  -40.209  -59.078  -40.757 0.5000000000
12511  -38.164  -59.523  -39.819 0.6999999881
12512  -38.872  -59.629  -40.414 0.6000000238
12515  -40.575  -59.970  -41.073 0.6999999881
12517  -42.540  -59.535  -41.142 0.5000000000
11799  -38.747  -61.157  -41.081 0.6000000238
12516  -41.659  -60.023  -41.199 0.6999999881
141292  -42.635  -60.425  -41.142 0.6000000238
13855  -40.172  -57.506  -40.304 0.6999999881
13856  -41.167  -57.703  -40.416 0.6999999881
14551  -39.570  -56.560  -39.987 0.6999999881
141531  -41.865  -59.209  -41.083 0.6000000238
151067  -41.576  -58.571  -40.809 0.6999999881
11785  -43.597  -60.623  -38.158 0.5000000000
140962  -41.106  -59.204  -40.975 0.6000000238
8464  -30.591  -66.111  -38.366 0.4000000060
8449  -34.393  -65.045  -34.845 0.4000000060
9091  -32.863  -64.721  -34.396 0.4000000060
9097  -32.634  -65.377  -34.845 0.4000000060
132976  -34.669  -62.764  -36.137 0.4000000060
9720  -34.481  -62.988  -35.436 0.4000000060
10413  -41.141  -62.497  -40.172 0.6999999881
11108  -42.115  -62.087  -40.184 0.6999999881
11105  -36.292  -62.084  -40.251 0.6000000238
11106  -37.107  -61.727  -40.583 0.6000000238
11084  -35.246  -61.693  -36.914 0.6999999881
11774  -35.757  -61.189  -37.474 0.6000000238
11794  -37.687  -60.761  -40.175 0.6000000238
13169  -38.616  -58.635  -40.041 0.6999999881
12514  -39.659  -59.809  -40.802 0.6000000238
13862  -39.801  -58.191  -40.397 0.6000000238
12505  -37.205  -59.306  -38.272 0.5000000000
11762  -35.491  -60.393  -35.499 0.4000000060
12496  -36.343  -59.526  -36.622 0.5000000000
12506  -37.294  -58.414  -38.649 0.6000000238
152928  -34.888  -60.867  -34.405 0.4000000060
12479  -35.525  -59.477  -35.026 0.5000000000
12488  -35.934  -59.564  -35.836 0.5000000000
13160  -36.509  -58.826  -36.909 0.5000000000
13164  -36.771  -58.552  -37.675 0.5000000000
13849  -36.316  -57.932  -37.758 0.5000000000
13168  -37.976  -58.215  -39.421 0.6000000238
132201  -37.864  -57.258  -39.846 0.5000000000
13852  -37.178  -57.545  -39.241 0.5000000000
142986  -37.908  -56.403  -40.009 0.6999999881
136085  -37.338  -56.722  -39.882 0.6000000238
15231  -38.016  -55.624  -39.966 0.6000000238
12478  -35.102  -59.392  -34.256 0.5000000000
13152  -35.262  -58.641  -34.704 0.5000000000
13821  -35.651  -57.921  -36.208 0.5000000000
13848  -35.820  -57.541  -38.034 0.5000000000
13843  -36.246  -58.238  -36.927 0.5000000000
14550  -38.655  -56.416  -39.991 0.6000000238
14549  -36.647  -56.741  -39.732 0.6000000238
15230  -37.164  -55.745  -40.025 0.5000000000
15217  -38.209  -55.095  -39.465 0.6000000238
13149  -34.740  -58.515  -33.953 0.5000000000
13820  -35.189  -57.956  -35.253 0.5000000000
13819  -34.659  -57.334  -35.985 0.5000000000
13832  -35.132  -57.418  -36.837 0.5000000000
14536  -35.424  -57.265  -38.872 0.5000000000
153190  -39.454  -55.925  -39.433 0.6000000238
15229  -36.180  -55.826  -39.986 0.5000000000
15216  -37.426  -54.865  -39.812 0.6000000238
128130  -34.495  -57.480  -34.933 0.5000000000
14521  -33.671  -57.035  -36.410 0.5000000000
14527  -33.356  -57.222  -37.509 0.5000000000
146837  -33.002  -57.305  -38.535 0.6000000238
13831  -34.331  -57.165  -37.138 0.4000000060
124438  -32.540  -57.023  -39.155 0.4000000060
14534  -33.583  -57.093  -39.133 0.5000000000
14535  -34.517  -57.198  -39.011 0.5000000000
13841  -35.037  -57.328  -37.878 0.4000000060
15226  -31.944  -56.090  -39.436 0.4000000060
15937  -33.709  -54.995  -39.322 0.5000000000
15938  -34.604  -55.059  -39.573 0.5000000000
15213  -32.150  -55.408  -39.228 0.4000000060
15939  -35.534  -55.170  -39.818 0.6000000238
15215  -36.517  -54.923  -39.911 0.6000000238
15928  -36.748  -54.313  -39.242 0.6000000238
15911  -37.178  -54.171  -38.232 0.6000000238
14546  -33.267  -56.515  -39.574 0.5000000000
143681  -33.613  -54.574  -38.760 0.5000000000
15909  -34.853  -54.127  -37.936 0.5000000000
15925  -34.471  -54.445  -38.918 0.5000000000
15906  -32.208  -54.504  -38.060 0.4000000060
15894  -33.451  -54.263  -37.115 0.5000000000
15897  -35.794  -53.986  -37.913 0.6000000238
15926  -35.296  -54.463  -39.337 0.6000000238
16681  -36.663  -53.926  -37.509 0.6000000238
15895  -34.344  -54.154  -37.042 0.5000000000
17415  -32.677  -52.864  -35.336 0.3000000119
16652  -32.316  -53.374  -35.991 0.4000000060
16665  -32.882  -53.942  -36.430 0.4000000060
16666  -33.773  -53.952  -36.274 0.5000000000
15896  -35.232  -53.976  -36.965 0.5000000000
143392  -36.079  -53.783  -36.818 0.6000000238
131857  -35.670  -47.951  -33.280 0.3000000119
20146  -34.345  -49.608  -33.538 0.3000000119
19157  -34.879  -50.271  -33.443 0.4000000060
19167  -33.645  -50.659  -33.935 0.4000000060
22837  -35.900  -46.535  -33.299 0.3000000119
155835  -37.431  -44.584  -33.922 0.3000000119
136805  -36.496  -45.323  -33.495 0.3000000119
25369  -37.535  -43.299  -34.215 0.3000000119
26129  -38.008  -42.585  -34.565 0.3000000119
26855  -37.626  -41.616  -34.340 0.3000000119
27678  -37.738  -40.632  -34.494 0.3000000119
28580  -38.374  -39.583  -35.503 0.3000000119
16653  -33.183  -53.518  -35.682 0.5000000000
21966  -35.406  -47.218  -33.325 0.3000000119
13854  -39.290  -57.275  -40.142 0.5000000000
13155  -35.712  -58.679  -35.485 0.5000000000
143747  -35.439  -56.069  -39.912 0.5000000000
138763  -35.928  -54.080  -38.939 0.6000000238
11784  -42.644  -60.914  -37.841 0.3000000119
10407  -40.463  -62.911  -39.800 0.6000000238
10414  -41.817  -62.197  -39.315 0.6000000238
13822  -40.908  -57.764  -35.022 0.3000000119
13823  -41.667  -57.520  -35.431 0.3000000119
13157  -42.167  -58.697  -36.383 0.3000000119
13824  -42.890  -57.590  -36.188 0.3000000119
140132  -41.621  -59.195  -36.195 0.3000000119
13161  -43.122  -58.974  -37.081 0.3000000119
134179  -43.582  -58.104  -36.726 0.3000000119
10409  -41.442  -62.122  -38.490 0.6000000238
11094  -42.183  -61.693  -38.405 0.5000000000
13813  -40.478  -57.296  -34.487 0.3000000119
14514  -42.137  -56.775  -35.289 0.3000000119
152851  -42.345  -57.328  -35.729 0.3000000119
137214  -42.938  -56.884  -35.744 0.3000000119
12498  -42.188  -59.494  -36.793 0.3000000119
11776  -41.998  -60.344  -37.128 0.3000000119
11086  -41.683  -61.141  -37.496 0.4000000060
11063  -34.718  -61.650  -34.588 0.4000000060
13803  -40.067  -56.887  -33.994 0.3000000119
147769  -41.250  -56.886  -34.827 0.3000000119
14511  -41.864  -56.128  -34.743 0.3000000119
15197  -42.868  -56.018  -35.163 0.3000000119
153380  -33.069  -67.860  -37.220 0.5000000000
130408  -33.830  -67.548  -36.150 0.5000000000
8475  -30.980  -66.099  -39.226 0.4000000060
7821  -31.722  -67.269  -37.890 0.4000000060
7205  -32.526  -67.637  -37.331 0.4000000060
6613  -33.132  -68.212  -37.910 0.5000000000
9110  -36.287  -64.397  -36.491 0.5000000000
7755  -35.282  -66.123  -34.857 0.5000000000
7193  -33.065  -67.035  -36.158 0.5000000000
7775  -34.422  -66.484  -35.135 0.5000000000
145040  -32.136  -67.057  -37.033 0.4000000060
9741  -38.516  -63.466  -37.712 0.6000000238
9754  -37.898  -63.964  -38.624 0.6000000238
9122  -37.055  -64.132  -38.214 0.5000000000
9109  -35.661  -64.406  -36.005 0.5000000000
7797  -32.974  -66.442  -35.558 0.3000000119
8438  -33.777  -66.115  -35.098 0.4000000060
138242  -34.665  -65.608  -34.951 0.5000000000
9742  -39.310  -63.141  -38.215 0.6000000238
132459  -37.958  -64.092  -39.868 0.6000000238
9134  -37.067  -64.232  -39.390 0.6000000238
149336  -35.614  -64.108  -37.193 0.4000000060
9121  -36.187  -64.277  -37.729 0.5000000000
10401  -40.713  -62.283  -37.951 0.6000000238
12490  -41.456  -59.891  -36.419 0.3000000119
11085  -40.797  -61.537  -37.031 0.4000000060
9133  -36.157  -64.234  -38.927 0.4000000060
12489  -41.060  -59.450  -35.782 0.3000000119
13156  -41.336  -58.509  -35.639 0.3000000119
10402  -41.376  -61.769  -37.848 0.5000000000
133715  -38.809  -63.692  -40.114 0.6000000238
10400  -40.126  -62.971  -38.832 0.6000000238
9755  -38.676  -63.633  -38.958 0.6000000238
11775  -41.216  -60.698  -36.684 0.3000000119
9728  -39.131  -62.939  -37.143 0.5000000000
10389  -39.874  -62.664  -37.609 0.5000000000
10378  -39.550  -62.492  -36.648 0.4000000060
10390  -40.155  -62.127  -37.064 0.5000000000
147935  -38.893  -62.928  -36.227 0.5000000000
9113  -38.499  -63.341  -36.567 0.5000000000
149134  -39.167  -62.538  -35.856 0.4000000060
10379  -39.929  -61.814  -36.058 0.4000000060
9111  -37.227  -64.114  -36.955 0.5000000000
9112  -38.038  -63.698  -36.948 0.5000000000
4817  -33.137  -71.436  -42.521 0.3000000119
4806  -32.649  -72.391  -42.291 0.3000000119
4818  -33.970  -71.155  -42.377 0.3000000119
5415  -34.744  -70.629  -42.183 0.3000000119
133388  -35.587  -69.944  -42.046 0.4000000060
5427  -33.534  -70.418  -42.615 0.3000000119
6110  -33.137  -69.691  -42.418 0.3000000119
5416  -37.201  -69.643  -41.339 0.4000000060
149387  -36.466  -69.314  -41.666 0.4000000060
6112  -34.751  -69.714  -42.328 0.3000000119
6098  -33.562  -69.126  -42.060 0.3000000119
6090  -37.705  -69.321  -40.973 0.4000000060
6082  -37.411  -68.988  -41.022 0.4000000060
6663  -36.026  -68.922  -41.612 0.4000000060
6099  -34.464  -69.133  -42.078 0.4000000060
6660  -33.061  -68.876  -41.496 0.4000000060
6661  -34.001  -68.827  -41.671 0.4000000060
149516  -39.641  -68.365  -37.516 0.3000000119
6076  -38.458  -69.280  -39.652 0.4000000060
6629  -37.962  -68.950  -38.774 0.4000000060
6075  -37.691  -68.997  -39.799 0.4000000060
6636  -35.561  -68.737  -40.303 0.4000000060
6635  -34.718  -68.660  -40.597 0.4000000060
6647  -33.354  -68.685  -41.087 0.4000000060
7178  -39.112  -67.501  -35.887 0.3000000119
6616  -38.332  -68.638  -37.802 0.4000000060
139889  -37.038  -68.691  -37.504 0.4000000060
135074  -36.811  -68.912  -38.797 0.4000000060
138822  -35.912  -68.731  -37.746 0.4000000060
6628  -35.564  -68.789  -38.911 0.4000000060
6615  -35.065  -68.638  -37.857 0.4000000060
136647  -34.462  -68.717  -39.413 0.4000000060
151082  -33.647  -68.698  -40.249 0.4000000060
7197  -38.347  -67.801  -36.060 0.4000000060
6603  -37.710  -68.320  -36.675 0.4000000060
7195  -35.697  -68.019  -36.115 0.4000000060
6601  -35.118  -68.393  -36.909 0.4000000060
150219  -32.761  -68.558  -39.614 0.4000000060
7228  -32.560  -68.581  -40.341 0.4000000060
7177  -37.281  -67.737  -35.775 0.4000000060
6602  -36.054  -68.480  -36.868 0.4000000060
7194  -34.775  -67.838  -36.015 0.4000000060
6625  -32.486  -68.281  -38.820 0.4000000060
143066  -34.280  -68.080  -36.666 0.4000000060
7777  -37.040  -67.066  -35.121 0.4000000060
7776  -36.048  -66.726  -34.928 0.4000000060
9099  -36.305  -64.902  -35.398 0.4000000060
9102  -38.309  -63.569  -35.464 0.4000000060
7756  -37.043  -66.285  -34.810 0.4000000060
9100  -37.154  -64.539  -35.747 0.4000000060
128945  -38.651  -63.044  -35.540 0.3000000119
10367  -39.199  -62.162  -35.401 0.3000000119
148701  -35.117  -66.791  -35.059 0.4000000060
9101  -37.883  -63.927  -35.920 0.4000000060
8430  -36.205  -65.782  -34.848 0.4000000060
147937  -37.181  -69.173  -41.281 0.4000000060
149735  -36.798  -69.005  -41.421 0.4000000060
6650  -36.424  -68.791  -41.143 0.4000000060
6649  -35.421  -68.697  -41.239 0.4000000060
6604  -38.797  -68.363  -37.061 0.4000000060
6630  -38.983  -68.962  -38.808 0.4000000060
7198  -39.516  -67.983  -36.708 0.3000000119
7196  -36.655  -68.194  -36.350 0.4000000060
144776  -37.777  -67.323  -35.384 0.4000000060
7176  -36.332  -67.548  -35.519 0.4000000060
6626  -33.934  -68.534  -38.437 0.4000000060
7175  -35.393  -67.368  -35.401 0.4000000060
8441  -37.865  -64.849  -35.066 0.4000000060
6078  -39.809  -69.882  -38.717 0.3000000119
127502  -37.736  -71.543  -39.228 0.3000000119
4783  -36.389  -71.637  -39.943 0.3000000119
5398  -38.246  -70.381  -40.016 0.3000000119
5399  -38.802  -70.138  -39.560 0.3000000119
4797  -36.920  -70.657  -40.873 0.3000000119
5397  -37.651  -70.154  -40.828 0.3000000119
6077  -39.129  -69.556  -39.265 0.3000000119
6084  -38.414  -69.623  -39.936 0.3000000119
7758  -38.706  -66.475  -35.000 0.3000000119
8432  -38.564  -65.553  -34.520 0.3000000119
8442  -38.204  -64.443  -35.008 0.3000000119
149096  -40.143  -68.657  -38.173 0.3000000119
7757  -37.836  -66.727  -35.018 0.3000000119
4784  -37.387  -71.100  -40.067 0.3000000119
4816  -32.280  -71.559  -42.657 0.3000000119
5385  -39.219  -70.505  -38.983 0.3000000119
5404  -36.333  -70.258  -41.557 0.4000000060
5428  -34.201  -70.263  -42.524 0.3000000119
6083  -37.994  -69.342  -40.469 0.4000000060
6100  -35.444  -69.228  -41.949 0.4000000060
6111  -33.932  -69.610  -42.433 0.3000000119
6599  -33.092  -67.563  -36.726 0.5000000000
6600  -33.574  -67.989  -36.992 0.5000000000
6614  -34.222  -68.392  -37.555 0.4000000060
6617  -39.363  -68.641  -38.071 0.3000000119
6627  -34.625  -68.643  -38.398 0.4000000060
6631  -39.765  -69.046  -38.727 0.3000000119
6637  -36.647  -68.848  -40.098 0.4000000060
6648  -34.403  -68.679  -41.217 0.4000000060
6662  -35.017  -68.849  -41.706 0.4000000060
7173  -33.711  -66.850  -35.529 0.5000000000
7174  -34.512  -67.187  -35.451 0.5000000000
7192  -32.600  -67.202  -36.686 0.4000000060
7236  -32.329  -68.596  -40.861 0.4000000060
7778  -38.511  -67.178  -35.381 0.3000000119
7831  -29.180  -65.586  -39.437 0.4000000060
8431  -37.885  -65.914  -34.789 0.3000000119
8439  -35.461  -65.187  -35.195 0.5000000000
8440  -37.131  -65.377  -34.978 0.4000000060
8446  -31.151  -65.967  -36.138 0.4000000060
8450  -35.161  -64.569  -35.463 0.4000000060
9123  -37.796  -63.868  -37.670 0.6000000238
9138  -36.249  -64.215  -39.994 0.6000000238
9711  -33.611  -64.000  -34.470 0.4000000060
9739  -34.944  -63.474  -36.920 0.5000000000
9753  -35.490  -64.029  -39.477 0.5000000000
9759  -35.235  -63.589  -39.766 0.6000000238
10388  -34.811  -62.423  -37.223 0.6000000238
10408  -40.996  -62.562  -39.076 0.6000000238
10411  -36.086  -63.265  -40.791 0.6000000238
10418  -40.679  -62.281  -40.911 0.6999999881
11064  -35.080  -61.116  -35.105 0.4000000060
11093  -35.650  -61.617  -38.330 0.6000000238
11104  -35.519  -62.556  -39.900 0.6000000238
11107  -41.511  -62.123  -40.722 0.6999999881
11113  -41.274  -61.683  -41.127 0.6999999881
11755  -34.837  -60.202  -33.939 0.5000000000
11761  -35.194  -60.243  -34.680 0.4000000060
11798  -37.920  -61.396  -40.852 0.6000000238
11803  -44.112  -60.137  -40.560 0.5000000000
12481  -40.716  -59.086  -35.298 0.3000000119
12507  -44.424  -60.310  -38.462 0.5000000000
12508  -45.037  -59.847  -38.775 0.6000000238
12513  -44.632  -59.539  -40.340 0.5000000000
13158  -42.761  -58.229  -36.495 0.3000000119
13159  -36.157  -58.746  -36.263 0.5000000000
13175  -44.022  -59.333  -40.879 0.5000000000
13840  -33.970  -57.296  -38.306 0.4000000060
13842  -35.766  -57.688  -37.198 0.5000000000
13851  -46.924  -57.558  -38.710 0.6000000238
13853  -38.511  -57.139  -40.034 0.5000000000
13864  -43.059  -58.314  -40.758 0.8000000119
13865  -43.891  -58.586  -40.789 0.5000000000
14517  -45.506  -55.773  -35.816 0.5000000000
14528  -47.373  -56.783  -37.102 0.6000000238
14537  -36.300  -57.487  -38.795 0.6000000238
14543  -47.815  -56.808  -37.927 0.6000000238
14547  -34.156  -56.625  -39.615 0.5000000000
14548  -35.003  -56.712  -39.566 0.5000000000
15204  -46.836  -55.164  -35.894 0.4000000060
15209  -48.695  -55.647  -37.208 0.6000000238
15214  -32.891  -55.685  -39.454 0.5000000000
15223  -46.857  -55.999  -39.189 0.6999999881
15227  -33.893  -55.763  -39.668 0.5000000000
15228  -34.751  -55.887  -39.856 0.6000000238
15888  -46.038  -53.969  -35.328 0.4000000060
15890  -47.869  -54.222  -36.020 0.4000000060
15893  -32.596  -54.241  -37.230 0.4000000060
15907  -33.098  -54.473  -38.010 0.5000000000
15908  -33.978  -54.343  -37.981 0.5000000000
15910  -36.462  -54.027  -38.418 0.6000000238
15914  -40.786  -54.446  -37.291 0.6999999881
15916  -43.629  -54.393  -37.741 0.6999999881
15917  -44.593  -54.282  -38.088 0.6000000238
15919  -49.205  -54.947  -37.336 0.5000000000
15920  -49.465  -54.191  -37.462 0.5000000000
15924  -32.771  -54.857  -38.960 0.5000000000
15927  -36.002  -54.485  -39.534 0.6000000238
16647  -35.035  -52.779  -34.558 0.6000000238
16655  -34.936  -53.415  -35.339 0.6000000238
16658  -37.910  -52.960  -35.631 0.6000000238
16660  -47.317  -53.665  -35.848 0.4000000060
16661  -48.239  -53.713  -36.187 0.5000000000
16669  -36.870  -53.638  -36.515 0.6000000238
16674  -48.957  -53.792  -36.522 0.5000000000
17405  -33.084  -52.335  -34.738 0.5000000000
17406  -34.007  -52.532  -34.481 0.6000000238
17410  -37.185  -51.974  -34.443 0.5000000000
17420  -39.057  -51.884  -35.413 0.6000000238
17435  -41.889  -52.046  -36.860 0.5000000000
17437  -43.917  -52.718  -37.646 0.6000000238
17438  -49.298  -51.994  -37.990 0.5000000000
17442  -46.269  -52.303  -38.907 0.5000000000
18248  -36.951  -51.309  -33.935 0.5000000000
18272  -41.771  -51.248  -36.945 0.5000000000
18275  -48.781  -52.100  -37.220 0.3000000119
18283  -47.934  -51.710  -39.862 0.5000000000
18284  -48.873  -51.505  -39.634 0.3000000119
18285  -49.150  -51.069  -39.358 0.4000000060
19156  -34.182  -50.306  -33.625 0.4000000060
19176  -39.877  -50.551  -35.608 0.5000000000
19183  -41.637  -50.504  -36.955 0.5000000000
19190  -43.352  -50.368  -38.619 0.5000000000
19191  -47.797  -50.468  -37.647 0.3000000119
19193  -49.109  -51.262  -38.655 0.4000000060
19196  -45.056  -50.428  -39.683 0.5000000000
19201  -48.359  -51.227  -40.162 0.4000000060
19206  -49.062  -50.215  -40.163 0.3000000119
20159  -39.380  -48.880  -35.144 0.5000000000
20164  -39.798  -49.639  -35.505 0.4000000060
20165  -40.375  -49.313  -35.957 0.5000000000
20180  -42.149  -49.433  -37.620 0.4000000060
20187  -44.476  -50.051  -39.614 0.5000000000
20188  -48.924  -49.740  -38.845 0.3000000119
20191  -45.079  -49.849  -40.148 0.5000000000
20192  -45.998  -49.801  -40.586 0.4000000060
20194  -46.857  -49.666  -40.912 0.4000000060
20195  -47.571  -49.536  -41.083 0.4000000060
20196  -48.278  -49.703  -40.921 0.4000000060
20197  -48.949  -49.712  -40.542 0.3000000119
21069  -34.525  -48.891  -33.477 0.3000000119
21070  -35.104  -48.465  -33.326 0.3000000119
21071  -35.879  -48.696  -33.280 0.4000000060
21072  -36.668  -48.723  -33.444 0.5000000000
21080  -37.443  -48.571  -33.710 0.4000000060
21089  -39.700  -48.066  -35.310 0.4000000060
21106  -42.489  -48.217  -38.032 0.4000000060
21113  -45.324  -48.739  -40.628 0.4000000060
21120  -48.805  -48.463  -41.218 0.4000000060
21976  -38.659  -47.358  -34.432 0.4000000060
21977  -39.344  -47.335  -34.989 0.4000000060
21993  -45.578  -46.977  -37.052 0.4000000060
21997  -41.623  -47.592  -37.088 0.4000000060
22004  -48.978  -47.226  -39.107 0.3000000119
22007  -44.835  -47.429  -40.388 0.4000000060
22010  -45.568  -47.363  -40.913 0.4000000060
22016  -48.030  -47.087  -41.676 0.3000000119
22838  -36.760  -46.612  -33.416 0.4000000060
22870  -44.800  -45.991  -36.357 0.4000000060
22876  -41.551  -46.823  -37.080 0.4000000060
22878  -46.215  -46.603  -37.406 0.3000000119
22879  -46.995  -46.755  -37.903 0.4000000060
22885  -43.719  -46.665  -39.415 0.4000000060
22892  -47.781  -46.306  -41.817 0.4000000060
23691  -38.477  -44.862  -34.680 0.4000000060
23700  -40.280  -44.878  -36.581 0.4000000060
23712  -41.470  -44.964  -37.591 0.4000000060
24500  -36.743  -44.601  -33.654 0.3000000119
24514  -37.099  -43.949  -33.870 0.3000000119
24524  -44.293  -44.671  -35.756 0.4000000060
24549  -42.875  -44.371  -39.521 0.4000000060
24561  -47.917  -43.967  -41.863 0.4000000060
25375  -38.332  -43.440  -34.819 0.4000000060
25376  -38.941  -43.560  -35.528 0.4000000060
25379  -45.361  -42.990  -36.286 0.4000000060
25384  -39.466  -43.645  -36.182 0.4000000060
25385  -39.921  -43.675  -36.692 0.4000000060
25395  -40.279  -43.298  -37.386 0.4000000060
26871  -39.725  -41.758  -37.393 0.4000000060
27709  -39.462  -39.932  -37.962 0.4000000060
28579  -37.778  -39.791  -34.784 0.3000000119
29457  -38.340  -38.776  -35.858 0.3000000119
29488  -39.085  -38.750  -38.664 0.4000000060
128806  -38.807  -50.484  -34.824 0.5000000000
129007  -44.895  -55.119  -38.563 0.6000000238
129093  -42.172  -57.958  -35.983 0.3000000119
129875  -33.367  -68.552  -39.057 0.4000000060
130796  -38.859  -38.931  -36.839 0.4000000060
131392  -43.167  -49.745  -38.751 0.5000000000
132013  -39.098  -60.407  -40.823 0.6000000238
134454  -37.816  -45.828  -33.953 0.4000000060
135717  -42.691  -61.203  -40.966 0.6999999881
135738  -38.392  -57.798  -39.913 0.6000000238
135807  -46.389  -45.046  -37.376 0.4000000060
136103  -41.199  -48.990  -36.751 0.4000000060
136442  -34.664  -62.801  -37.729 0.5000000000
136661  -37.507  -52.530  -35.008 0.6000000238
138224  -48.616  -55.371  -38.081 0.5000000000
138591  -35.835  -56.764  -39.578 0.5000000000
139592  -39.567  -41.135  -37.183 0.4000000060
140920  -35.855  -62.769  -40.559 0.6000000238
142313  -37.078  -45.909  -33.548 0.4000000060
142751  -43.398  -45.991  -39.098 0.4000000060
143020  -38.519  -54.762  -38.579 0.6999999881
143178  -38.778  -55.795  -39.743 0.6000000238
143866  -42.158  -58.072  -40.625 0.8000000119
144376  -40.475  -56.971  -40.104 0.8000000119
144737  -48.777  -49.226  -40.985 0.4000000060
144913  -32.483  -56.474  -39.505 0.4000000060
145597  -35.292  -50.893  -33.487 0.5000000000
146704  -41.175  -56.217  -34.408 0.3000000119
147067  -39.354  -63.363  -39.230 0.6000000238
147119  -36.806  -58.016  -38.386 0.5000000000
147998  -41.883  -52.850  -36.848 0.6999999881
148578  -32.264  -65.267  -34.684 0.4000000060
150362  -45.099  -45.193  -36.549 0.4000000060
150788  -36.928  -48.003  -33.498 0.5000000000
152143  -43.584  -61.231  -40.146 0.6000000238
152526  -46.830  -57.992  -38.220 0.6000000238
153099  -35.808  -51.733  -33.807 0.6000000238
153692  -38.076  -69.573  -40.517 0.4000000060
155058  -38.922  -40.588  -35.813 0.4000000060
155386  -44.479  -51.260  -38.712 0.5000000000
155475  -41.150  -45.232  -37.181 0.4000000060
155540  -34.870  -58.032  -34.557 0.5000000000
155756  -48.053  -50.720  -40.494 0.4000000060
156341  -35.275  -54.168  -38.655 0.6000000238
156447  -48.122  -55.348  -38.634 0.6000000238
