#!ascii label  , from subject NIHPD_75_135 vox2ras=TkReg
1868
23705  -28.818  -45.847  -37.237 0.5000000000
149688  -28.315  -45.848  -36.811 0.4000000060
23697  -28.258  -45.436  -36.540 0.6000000238
24534  -28.526  -44.462  -37.149 0.6000000238
24535  -29.561  -44.487  -37.544 0.6000000238
139569  -28.895  -45.091  -37.324 0.5000000000
25398  -30.605  -43.311  -37.871 0.6000000238
24533  -28.298  -44.520  -36.744 0.6999999881
23689  -28.375  -45.390  -35.968 0.6999999881
25389  -28.176  -43.680  -36.906 0.6999999881
25390  -28.747  -43.604  -37.354 0.6999999881
140460  -29.610  -43.032  -37.638 0.6999999881
26888  -31.732  -42.130  -38.114 0.5000000000
26154  -30.487  -42.528  -37.874 0.6999999881
25392  -31.981  -43.397  -38.006 0.5000000000
152783  -26.875  -47.364  -26.269 0.5000000000
24527  -28.274  -44.593  -36.336 0.6999999881
25381  -28.063  -43.715  -36.576 0.6999999881
26136  -27.875  -42.886  -36.756 0.6999999881
149009  -28.615  -42.039  -37.470 0.6999999881
26143  -28.037  -42.871  -37.089 0.6999999881
26142  -27.598  -42.168  -36.953 0.6999999881
26878  -31.447  -41.509  -38.084 0.6000000238
24485  -31.641  -44.410  -32.453 0.6999999881
140876  -31.286  -43.874  -33.165 0.6999999881
24519  -28.691  -44.655  -35.660 0.6999999881
25364  -29.281  -43.966  -35.155 0.6999999881
21910  -25.811  -47.122  -27.203 0.6000000238
21025  -24.532  -47.997  -28.204 0.4000000060
25363  -28.324  -43.750  -35.904 0.6999999881
26145  -29.498  -42.240  -37.642 0.6999999881
26877  -30.429  -41.624  -37.879 0.6999999881
138925  -28.772  -40.767  -37.542 0.6999999881
27706  -31.896  -40.801  -37.944 0.6000000238
25335  -32.341  -43.695  -31.291 0.6999999881
25334  -32.043  -43.830  -31.930 0.6999999881
24509  -30.701  -44.167  -33.822 0.6999999881
25346  -31.729  -43.472  -32.540 0.6999999881
25347  -32.194  -43.004  -31.850 0.6999999881
22763  -26.989  -46.025  -26.388 0.6000000238
25355  -30.897  -43.343  -33.761 0.6999999881
143966  -29.488  -43.113  -35.042 0.6999999881
25365  -30.176  -43.609  -34.460 0.6999999881
25356  -31.424  -43.175  -33.166 0.6999999881
26102  -31.800  -42.554  -32.760 0.6999999881
21918  -24.767  -47.261  -28.250 0.5000000000
149097  -25.301  -47.347  -27.652 0.5000000000
26135  -27.510  -42.158  -36.635 0.6999999881
26127  -27.861  -42.917  -36.352 0.6999999881
26111  -31.535  -41.956  -33.320 0.6999999881
21034  -24.152  -47.738  -28.746 0.4000000060
26875  -28.191  -41.496  -37.402 0.6999999881
130215  -28.484  -42.802  -35.627 0.6999999881
26120  -30.404  -42.630  -34.380 0.6999999881
26842  -30.987  -41.866  -33.940 0.6999999881
21033  -23.560  -48.228  -29.105 0.4000000060
26117  -27.723  -42.115  -36.111 0.6999999881
26852  -30.244  -41.667  -34.575 0.6999999881
133761  -30.833  -41.092  -34.159 0.6999999881
26876  -29.233  -41.489  -37.615 0.6999999881
26874  -27.546  -41.506  -37.112 0.6999999881
27674  -29.161  -40.455  -35.199 0.6999999881
137187  -29.933  -40.762  -37.767 0.6999999881
27673  -27.983  -40.574  -35.693 0.6999999881
136845  -31.055  -39.433  -37.771 0.6000000238
136055  -29.424  -39.994  -37.649 0.6999999881
28598  -28.243  -40.050  -37.446 0.6999999881
30371  -31.563  -37.147  -36.921 0.5000000000
30386  -31.800  -38.085  -36.943 0.5000000000
29466  -33.822  -38.438  -35.392 0.4000000060
30374  -33.087  -37.925  -35.781 0.5000000000
26092  -32.660  -42.267  -31.258 0.6999999881
24422  -27.810  -44.440  -26.007 0.6000000238
26119  -29.454  -42.243  -35.054 0.6999999881
151467  -25.952  -46.438  -27.252 0.5000000000
26836  -32.060  -41.494  -32.764 0.6999999881
27682  -27.192  -40.737  -36.670 0.6999999881
26849  -27.758  -41.326  -35.926 0.6999999881
27704  -27.777  -40.808  -37.275 0.6999999881
28564  -27.514  -40.067  -35.818 0.6999999881
30385  -30.151  -37.308  -37.575 0.6999999881
139601  -30.538  -40.019  -37.835 0.6999999881
29477  -30.196  -38.222  -37.630 0.6999999881
28600  -30.074  -39.152  -37.684 0.6999999881
150650  -30.859  -36.818  -37.387 0.6999999881
25286  -31.714  -43.381  -26.628 0.6999999881
143904  -32.213  -43.216  -27.180 0.6999999881
26788  -32.817  -42.464  -28.174 0.8000000119
26789  -33.072  -41.790  -28.580 0.8000000119
25269  -31.134  -43.595  -26.123 0.6000000238
26023  -31.368  -42.818  -26.174 0.6000000238
26037  -32.004  -42.459  -26.694 0.6000000238
26802  -33.143  -41.850  -29.451 0.8000000119
141636  -30.783  -43.037  -25.851 0.6000000238
130520  -30.100  -42.872  -25.637 0.6000000238
26827  -33.060  -41.362  -31.006 0.6999999881
147828  -28.392  -44.219  -25.729 0.6000000238
25267  -29.596  -43.615  -25.588 0.6000000238
23617  -26.171  -45.103  -27.351 0.6000000238
148885  -27.481  -43.997  -26.326 0.6000000238
22773  -25.772  -45.803  -27.595 0.5000000000
26837  -32.667  -41.412  -31.887 0.6999999881
26843  -31.462  -41.248  -33.548 0.6999999881
27693  -27.297  -40.795  -36.906 0.6999999881
27672  -27.340  -40.681  -36.282 0.6999999881
142978  -30.115  -40.818  -34.671 0.6999999881
29476  -28.694  -38.067  -37.515 0.8000000119
28599  -29.328  -38.546  -37.585 0.6999999881
28575  -27.119  -40.000  -36.520 0.6999999881
141977  -29.342  -39.611  -35.155 0.6999999881
30384  -29.194  -37.327  -37.590 0.8000000119
28597  -27.404  -40.082  -37.123 0.6999999881
140830  -27.111  -39.225  -36.327 0.6999999881
30372  -32.334  -37.483  -36.355 0.5000000000
30373  -33.065  -36.927  -35.764 0.5000000000
31293  -33.028  -36.088  -35.838 0.5000000000
30361  -34.070  -37.419  -35.244 0.4000000060
143717  -31.521  -42.141  -26.166 0.6000000238
26775  -32.865  -41.754  -27.782 0.6999999881
144717  -32.860  -41.093  -27.539 0.8000000119
26776  -33.146  -41.115  -28.166 0.8999999762
26022  -30.795  -42.251  -25.810 0.6000000238
134569  -33.336  -41.039  -29.046 0.8000000119
26817  -33.328  -41.122  -30.077 0.8000000119
26828  -33.308  -40.674  -30.797 0.8000000119
152420  -28.346  -43.034  -25.910 0.6000000238
153659  -27.451  -43.494  -26.471 0.6000000238
22784  -25.228  -45.716  -28.212 0.6000000238
24435  -26.599  -44.416  -27.067 0.6000000238
25284  -27.024  -43.836  -26.751 0.6000000238
150404  -32.931  -40.137  -32.048 0.6999999881
22783  -24.759  -46.321  -28.555 0.5000000000
27664  -32.238  -39.752  -32.980 0.6999999881
129657  -32.764  -39.667  -32.339 0.6999999881
22793  -23.640  -46.544  -29.623 0.5000000000
22794  -24.221  -45.980  -29.234 0.5000000000
27663  -31.628  -39.796  -33.617 0.6999999881
154281  -30.731  -40.434  -34.334 0.6999999881
136148  -28.067  -37.476  -37.415 0.8000000119
155099  -28.406  -38.740  -37.477 0.8000000119
136979  -26.988  -39.279  -36.660 0.6999999881
29444  -27.192  -38.439  -36.018 0.6999999881
28565  -28.834  -38.994  -35.370 0.6999999881
137238  -27.134  -39.163  -37.144 0.6999999881
26740  -31.272  -41.532  -25.987 0.6999999881
27596  -31.672  -40.924  -26.227 0.6999999881
26760  -31.915  -41.611  -26.435 0.6999999881
27609  -32.697  -40.547  -27.047 0.8000000119
27610  -33.118  -40.502  -27.741 0.8000000119
28517  -33.494  -39.812  -28.662 0.8000000119
26020  -29.111  -42.741  -25.677 0.6000000238
143979  -33.461  -40.511  -29.592 0.8000000119
140612  -27.754  -42.944  -26.375 0.6000000238
27641  -33.480  -40.265  -30.245 0.6999999881
23624  -25.133  -45.045  -28.484 0.6000000238
24434  -25.947  -44.204  -27.801 0.6000000238
28546  -33.159  -39.745  -31.726 0.8000000119
140755  -33.446  -39.171  -31.212 0.6999999881
23623  -24.715  -45.440  -28.813 0.6000000238
28553  -33.105  -38.871  -32.028 0.8000000119
22804  -23.060  -46.206  -30.315 0.4000000060
27675  -30.169  -39.908  -34.686 0.6999999881
27662  -31.036  -39.843  -34.223 0.6999999881
28557  -31.928  -38.999  -33.424 0.6999999881
21049  -21.968  -48.002  -30.987 0.4000000060
28567  -30.671  -39.269  -34.439 0.6999999881
28556  -31.272  -39.110  -33.990 0.6999999881
29475  -27.569  -38.461  -37.261 0.8000000119
29463  -26.999  -38.475  -36.750 0.8000000119
28566  -29.945  -38.931  -34.873 0.6999999881
29445  -28.161  -38.327  -35.563 0.6999999881
137432  -29.626  -36.106  -37.677 0.8000000119
31307  -30.246  -36.438  -37.585 0.6999999881
32205  -30.767  -36.015  -37.451 0.5000000000
32177  -33.470  -35.418  -35.735 0.5000000000
31292  -32.233  -36.407  -36.387 0.5000000000
139151  -34.825  -35.955  -35.230 0.4000000060
148833  -31.421  -40.370  -26.037 0.6000000238
27597  -32.091  -40.209  -26.408 0.6999999881
28500  -33.103  -39.808  -27.428 0.8000000119
127851  -33.459  -39.223  -28.033 0.8000000119
26021  -29.813  -41.939  -25.669 0.6999999881
143235  -28.976  -41.896  -25.840 0.6999999881
29414  -33.655  -38.902  -29.757 0.8000000119
142277  -27.552  -42.228  -26.893 0.6000000238
133741  -33.641  -39.099  -28.937 0.8000000119
153536  -26.636  -42.866  -27.680 0.6000000238
29420  -33.631  -38.589  -30.573 0.8000000119
24443  -24.819  -44.577  -29.017 0.6000000238
151717  -25.621  -43.748  -28.470 0.6000000238
28558  -32.539  -38.942  -32.779 0.8999999762
29425  -33.444  -38.305  -31.375 0.8000000119
29436  -31.474  -38.200  -33.832 0.8000000119
29437  -32.204  -38.184  -33.179 0.8000000119
23633  -23.634  -45.615  -29.898 0.5000000000
30354  -30.514  -37.222  -34.511 0.8000000119
29435  -30.775  -38.561  -34.376 0.6999999881
135475  -22.502  -45.891  -31.163 0.4000000060
32202  -28.086  -35.857  -37.507 0.8000000119
128559  -27.036  -37.624  -37.057 0.8000000119
30370  -26.727  -37.509  -36.590 0.8000000119
29446  -29.300  -38.184  -35.191 0.6999999881
137700  -28.770  -36.569  -37.590 0.8000000119
29453  -26.921  -38.453  -36.490 0.8000000119
30360  -26.882  -37.646  -36.249 0.8000000119
135894  -28.741  -35.200  -37.679 0.8000000119
31281  -26.535  -36.892  -36.292 0.8000000119
32189  -31.179  -35.465  -37.195 0.6000000238
152990  -30.632  -35.410  -37.448 0.6000000238
32191  -32.635  -35.481  -36.178 0.5000000000
28462  -30.785  -40.142  -25.813 0.6000000238
28481  -32.693  -39.638  -26.791 0.6999999881
26759  -29.263  -41.238  -25.912 0.6000000238
28482  -33.097  -38.948  -27.150 0.6999999881
29406  -33.654  -38.411  -28.493 0.6999999881
26758  -28.583  -41.365  -26.322 0.6000000238
27577  -29.592  -40.589  -25.931 0.6000000238
28479  -30.553  -39.277  -25.839 0.6000000238
136346  -28.269  -40.799  -26.810 0.6000000238
132213  -33.745  -38.424  -29.220 0.8000000119
25301  -26.112  -43.166  -28.210 0.6000000238
26757  -27.943  -41.462  -26.824 0.6000000238
30320  -33.903  -37.639  -29.024 0.6999999881
154981  -24.700  -43.887  -29.529 0.5000000000
30331  -33.680  -37.607  -30.740 0.8000000119
24453  -24.228  -44.155  -29.941 0.3000000119
31257  -32.746  -36.637  -32.571 0.8000000119
30335  -33.034  -37.404  -32.280 0.8000000119
30343  -31.856  -37.404  -33.458 0.8000000119
31266  -32.138  -36.626  -33.182 0.8000000119
31274  -29.943  -36.434  -34.797 0.8000000119
31305  -26.649  -36.824  -36.866 0.8000000119
30353  -29.675  -37.361  -34.994 0.8000000119
29447  -30.221  -38.015  -34.733 0.6999999881
31271  -26.985  -36.931  -35.880 0.8000000119
31270  -26.511  -36.285  -35.969 0.8000000119
32204  -30.192  -35.730  -37.613 0.6999999881
33055  -31.566  -34.783  -36.903 0.6000000238
33041  -34.918  -34.491  -35.485 0.3000000119
148656  -31.374  -39.014  -25.890 0.6000000238
29370  -32.609  -38.386  -26.517 0.6999999881
29389  -33.230  -38.001  -27.180 0.6999999881
26815  -24.599  -38.920  -30.861 0.5000000000
137703  -29.365  -39.939  -26.197 0.6000000238
30313  -33.964  -37.003  -28.503 0.6999999881
26056  -25.963  -42.272  -28.905 0.5000000000
26774  -27.401  -41.429  -27.515 0.5000000000
27595  -28.856  -40.475  -26.417 0.6000000238
30321  -34.144  -36.723  -29.154 0.6999999881
25322  -24.437  -43.120  -30.290 0.3000000119
25311  -25.565  -43.091  -28.947 0.5000000000
142704  -33.951  -37.151  -29.888 0.8000000119
31250  -33.974  -35.856  -30.716 0.8000000119
146574  -31.564  -36.717  -33.663 0.8999999762
142082  -33.019  -35.994  -32.294 0.8999999762
31258  -33.308  -36.652  -31.896 0.8000000119
31249  -33.658  -36.259  -31.269 0.8000000119
132561  -23.685  -44.679  -30.283 0.4000000060
32171  -30.432  -35.626  -34.437 0.8999999762
31264  -30.930  -36.392  -34.146 0.8999999762
33067  -27.566  -34.949  -37.556 0.8000000119
32201  -26.817  -35.912  -37.197 0.8000000119
150343  -28.111  -36.747  -35.485 0.8000000119
30352  -28.674  -37.512  -35.369 0.8000000119
33068  -29.375  -34.753  -37.664 0.6999999881
33070  -30.870  -34.812  -37.298 0.6000000238
144336  -32.757  -34.081  -36.204 0.6000000238
33057  -33.061  -34.744  -36.009 0.6000000238
29368  -30.873  -38.409  -25.824 0.6000000238
29369  -31.780  -38.391  -25.976 0.6000000238
30281  -32.864  -37.426  -26.617 0.6999999881
28478  -29.630  -39.235  -26.195 0.6000000238
30300  -33.435  -37.116  -27.237 0.8000000119
26786  -26.348  -41.324  -28.923 0.6000000238
26787  -27.279  -40.437  -28.201 0.5000000000
27594  -28.258  -39.927  -27.173 0.6000000238
31229  -33.859  -36.752  -27.864 0.6999999881
31238  -34.348  -36.038  -29.146 0.8000000119
26066  -24.880  -42.080  -30.219 0.4000000060
31244  -34.194  -36.175  -29.900 0.6999999881
25310  -25.063  -43.098  -29.588 0.4000000060
146698  -32.469  -35.727  -32.885 0.8000000119
149876  -33.766  -35.622  -31.283 0.8000000119
32170  -29.620  -35.509  -34.897 0.8999999762
31265  -31.650  -35.863  -33.581 0.8000000119
143457  -33.419  -35.792  -31.782 0.8000000119
150438  -30.778  -35.081  -34.190 0.8000000119
32176  -26.239  -35.635  -36.145 0.8000000119
32168  -27.732  -35.413  -35.462 0.8000000119
31273  -28.999  -36.141  -35.215 0.6999999881
33066  -26.436  -35.013  -37.145 0.8000000119
31272  -28.191  -35.973  -35.421 0.8000000119
137823  -27.291  -36.173  -35.635 0.8000000119
135838  -28.589  -34.436  -37.713 0.8000000119
148356  -26.024  -35.102  -36.332 0.8000000119
134089  -30.416  -34.158  -37.371 0.6999999881
33956  -31.223  -34.048  -37.038 0.6999999881
35848  -31.935  -31.631  -36.446 0.6000000238
135432  -32.788  -31.709  -36.276 0.6000000238
35838  -34.013  -32.219  -35.889 0.6000000238
29367  -29.978  -38.418  -26.116 0.6000000238
31204  -32.443  -36.165  -26.102 0.8000000119
31205  -33.089  -36.493  -26.660 0.6999999881
28532  -26.107  -37.945  -29.648 0.5000000000
28499  -28.179  -38.750  -27.616 0.5000000000
148650  -34.047  -36.123  -27.776 0.8000000119
31230  -34.216  -36.263  -28.443 0.6999999881
27617  -27.047  -39.232  -28.898 0.5000000000
32111  -33.894  -35.627  -27.387 0.8000000119
31217  -34.282  -35.562  -28.014 0.8000000119
27616  -26.468  -39.004  -29.517 0.5000000000
32138  -34.423  -35.426  -29.467 0.8000000119
33000  -34.536  -34.580  -29.692 0.8000000119
32144  -34.066  -35.123  -30.985 0.8000000119
32145  -34.298  -35.279  -30.238 0.8000000119
32153  -33.111  -35.147  -32.311 0.8000000119
32160  -31.327  -35.008  -33.818 0.8000000119
32154  -33.668  -35.070  -31.626 0.8000000119
33030  -26.266  -34.753  -35.920 0.8000000119
133250  -29.255  -34.736  -35.030 0.8000000119
33032  -28.321  -34.689  -35.289 0.8999999762
146062  -27.734  -33.948  -37.674 0.8000000119
33054  -25.806  -34.052  -36.748 0.8000000119
33955  -29.678  -33.555  -37.491 0.6999999881
33954  -28.683  -33.640  -37.701 0.6999999881
33944  -31.658  -33.261  -36.648 0.6999999881
132709  -28.948  -32.784  -37.576 0.6999999881
126398  -29.870  -32.584  -37.287 0.6999999881
34898  -30.562  -32.146  -36.919 0.6999999881
34899  -31.355  -32.380  -36.648 0.6999999881
31184  -30.926  -36.163  -25.677 0.8000000119
30279  -31.277  -37.636  -25.824 0.6000000238
31185  -31.717  -35.830  -25.717 0.6000000238
30273  -26.608  -37.253  -25.979 0.6000000238
30298  -27.555  -36.930  -27.338 0.5000000000
29366  -29.199  -38.341  -26.711 0.6000000238
31202  -29.778  -36.868  -26.149 0.6000000238
32098  -33.054  -35.606  -26.414 0.8000000119
139503  -25.228  -38.415  -25.676 0.6000000238
154595  -26.050  -37.576  -25.694 0.6000000238
30275  -28.144  -36.680  -27.018 0.5000000000
30276  -28.520  -37.347  -27.173 0.5000000000
32096  -23.362  -35.973  -25.952 0.5000000000
31177  -24.017  -36.750  -25.567 0.5000000000
31179  -25.280  -36.222  -25.187 0.6000000238
31180  -26.657  -36.605  -25.476 0.6000000238
28515  -26.623  -37.735  -29.155 0.5000000000
30299  -27.760  -37.112  -27.710 0.5000000000
153129  -33.970  -34.539  -27.034 0.8000000119
32981  -34.450  -34.874  -28.375 0.8000000119
142389  -24.354  -36.070  -25.467 0.5000000000
143118  -22.513  -35.487  -26.579 0.4000000060
27608  -27.641  -39.321  -28.096 0.5000000000
138776  -34.647  -34.218  -28.911 0.6999999881
33016  -33.538  -34.333  -31.999 0.8000000119
33009  -34.349  -34.465  -30.564 0.8000000119
33886  -34.601  -33.721  -30.068 0.6999999881
33021  -30.882  -34.412  -34.137 0.8000000119
32161  -32.012  -34.954  -33.355 0.8000000119
33895  -34.342  -33.679  -30.952 0.8000000119
33015  -32.954  -34.233  -32.599 0.8000000119
33902  -32.704  -33.390  -32.848 0.8000000119
33952  -26.098  -33.567  -37.164 0.8999999762
33040  -25.867  -34.392  -36.332 0.8999999762
33922  -27.986  -33.808  -35.287 0.8000000119
33033  -30.157  -34.743  -34.562 0.8000000119
33921  -26.766  -33.888  -35.562 1.0000000000
151424  -28.862  -34.122  -35.113 0.8000000119
133727  -27.778  -32.943  -37.691 0.6999999881
139045  -30.305  -35.631  -25.647 0.8000000119
31186  -32.426  -35.321  -25.901 0.8000000119
149948  -26.054  -36.289  -25.109 0.6000000238
150018  -29.680  -35.807  -25.835 0.6000000238
31183  -30.108  -36.275  -25.866 0.6000000238
32954  -33.087  -34.737  -26.165 0.8000000119
32079  -24.803  -35.357  -25.262 0.5000000000
30253  -25.883  -37.013  -25.402 0.6000000238
31181  -27.394  -36.175  -25.569 0.6000000238
141879  -29.350  -36.246  -26.144 0.6000000238
32955  -33.726  -34.144  -26.580 0.8000000119
140751  -34.206  -34.084  -27.263 0.6999999881
31182  -28.218  -35.683  -25.617 0.6000000238
127041  -23.193  -34.896  -26.281 0.4000000060
32936  -24.452  -34.533  -25.454 0.4000000060
32919  -25.953  -34.623  -24.715 0.4000000060
141428  -34.486  -34.148  -28.028 0.6999999881
32935  -23.751  -34.297  -25.895 0.4000000060
145979  -24.842  -34.017  -25.230 0.4000000060
32066  -27.126  -35.212  -24.770 0.4000000060
33873  -34.744  -33.500  -29.292 0.6999999881
33827  -24.887  -33.246  -25.174 0.4000000060
141513  -26.579  -33.115  -24.351 0.5000000000
34788  -24.185  -32.889  -25.714 0.3000000119
142906  -25.714  -33.142  -24.654 0.5000000000
33022  -31.571  -34.100  -33.682 0.8000000119
33912  -32.010  -33.296  -33.359 0.8000000119
33903  -33.349  -33.515  -32.287 0.8000000119
34851  -34.230  -32.900  -31.307 0.8000000119
33894  -33.901  -33.608  -31.657 0.8000000119
33942  -25.756  -33.302  -36.748 0.8000000119
33920  -26.025  -33.781  -35.958 1.0000000000
137254  -27.286  -33.036  -35.284 0.8000000119
133231  -28.330  -32.874  -35.019 0.8000000119
132295  -28.975  -33.432  -34.928 0.8000000119
33910  -30.603  -32.952  -34.172 0.8000000119
33911  -31.347  -33.169  -33.810 0.8000000119
34889  -25.831  -32.815  -35.912 1.0000000000
136976  -29.893  -32.379  -34.328 0.8000000119
33953  -26.966  -33.495  -37.512 0.8000000119
134243  -29.162  -32.656  -34.683 0.8000000119
134766  -28.299  -31.986  -37.560 0.6999999881
34910  -29.276  -31.934  -37.374 0.6999999881
35862  -29.671  -31.184  -37.201 0.6999999881
35846  -30.415  -31.310  -36.917 0.6999999881
36769  -31.653  -30.934  -36.547 0.6999999881
36771  -33.393  -31.066  -36.288 0.6000000238
37685  -31.747  -30.169  -36.696 0.6999999881
36791  -30.193  -30.468  -37.046 0.6999999881
155955  -33.981  -30.626  -36.341 0.6000000238
37686  -33.369  -30.225  -36.484 0.6000000238
32085  -31.043  -35.420  -25.490 0.8000000119
32086  -31.727  -35.043  -25.512 0.8000000119
32084  -29.631  -35.186  -25.533 0.8000000119
146557  -29.929  -34.406  -25.151 0.8000000119
130669  -30.461  -34.934  -25.383 0.8000000119
32941  -32.379  -34.476  -25.629 0.8000000119
32080  -25.755  -35.487  -24.904 0.5000000000
32082  -27.439  -35.666  -25.138 0.6000000238
32067  -27.769  -35.244  -24.980 0.5000000000
32937  -25.186  -34.657  -25.037 0.4000000060
32920  -26.742  -34.554  -24.595 0.5000000000
32939  -29.133  -34.626  -25.101 0.6999999881
32083  -28.899  -35.225  -25.478 0.6999999881
33831  -33.082  -33.764  -25.829 0.6999999881
33842  -34.138  -33.394  -26.884 0.6999999881
33826  -24.282  -33.741  -25.585 0.3000000119
33849  -34.489  -33.397  -27.652 0.6999999881
34813  -34.791  -32.668  -28.088 0.6999999881
34775  -26.100  -32.331  -24.361 0.5000000000
34827  -35.056  -32.113  -29.543 0.6999999881
35740  -24.871  -31.444  -25.107 0.4000000060
35741  -25.641  -31.496  -24.531 0.4000000060
34859  -33.112  -32.691  -32.516 0.8000000119
34840  -34.572  -32.949  -30.588 0.6999999881
34858  -32.353  -32.453  -33.033 0.8000000119
34868  -31.641  -32.527  -33.488 0.8000000119
36731  -32.771  -31.002  -32.738 0.6999999881
34875  -27.807  -32.146  -34.965 0.8000000119
34867  -31.099  -32.490  -33.832 0.8000000119
132193  -25.820  -32.549  -36.996 0.8999999762
34909  -26.599  -32.737  -37.430 0.8999999762
34888  -25.569  -32.038  -36.119 0.8999999762
34874  -25.879  -32.025  -35.729 0.8000000119
35824  -26.303  -31.477  -35.487 0.8000000119
35826  -28.100  -31.328  -34.813 0.8000000119
133931  -27.182  -31.954  -37.566 0.8999999762
137210  -26.176  -31.829  -37.324 0.8000000119
35861  -28.780  -31.139  -37.436 0.8000000119
35839  -34.834  -31.959  -35.890 0.4000000060
36790  -29.304  -30.360  -37.339 0.6999999881
36768  -30.996  -30.665  -36.756 0.6999999881
38638  -34.058  -28.577  -37.476 0.5000000000
129492  -30.788  -34.174  -25.118 0.6999999881
32940  -31.610  -34.312  -25.289 0.8000000119
33817  -29.970  -33.130  -24.561 0.6999999881
34791  -32.172  -32.743  -25.030 0.6999999881
34778  -28.735  -32.461  -23.972 0.6000000238
33818  -30.823  -33.269  -24.814 0.6999999881
33841  -33.688  -33.371  -26.298 0.6999999881
34802  -34.015  -32.688  -26.443 0.6999999881
35757  -34.427  -31.808  -26.693 0.6999999881
34803  -34.479  -32.646  -27.216 0.6999999881
139602  -27.108  -32.376  -24.010 0.5000000000
35767  -34.831  -31.902  -27.626 0.6999999881
36630  -26.015  -30.666  -24.206 0.4000000060
36646  -25.256  -30.692  -24.746 0.3000000119
138366  -27.475  -31.448  -23.765 0.5000000000
35797  -34.113  -32.017  -31.610 0.6999999881
35779  -35.234  -31.444  -29.364 0.6999999881
36631  -26.920  -30.580  -23.819 0.4000000060
35807  -32.932  -31.845  -32.635 0.6999999881
152069  -34.544  -32.322  -30.984 0.6999999881
35808  -33.560  -31.273  -32.182 0.6999999881
35816  -31.547  -31.143  -33.406 0.6999999881
35825  -27.221  -31.465  -35.146 0.8000000119
34876  -28.636  -32.247  -34.767 0.8000000119
34878  -29.941  -31.681  -34.200 0.8000000119
34866  -30.568  -31.972  -33.954 0.8000000119
35827  -28.874  -31.176  -34.550 0.8000000119
36762  -25.613  -30.734  -36.015 0.8000000119
132933  -26.204  -30.366  -37.455 0.8000000119
36787  -25.544  -30.284  -36.913 0.8000000119
35857  -25.533  -31.096  -36.776 0.8999999762
35860  -27.707  -31.096  -37.579 0.8999999762
36789  -28.257  -30.257  -37.580 0.8000000119
37707  -28.900  -29.554  -37.633 0.8000000119
37710  -32.605  -29.785  -36.703 0.6999999881
37711  -33.521  -29.317  -36.916 0.6000000238
37708  -29.891  -29.651  -37.344 0.6999999881
37709  -30.897  -29.689  -37.051 0.6999999881
38648  -29.216  -28.300  -38.282 0.6999999881
33829  -31.402  -33.715  -25.067 0.6999999881
35727  -29.237  -31.697  -23.864 0.6000000238
35728  -30.062  -31.728  -24.088 0.6000000238
34780  -30.462  -32.470  -24.420 0.6999999881
34782  -32.111  -31.956  -24.764 0.6999999881
34792  -32.905  -32.180  -25.298 0.6999999881
128080  -33.394  -32.849  -25.840 0.6999999881
35725  -27.925  -32.157  -23.806 0.5000000000
146819  -29.291  -33.051  -24.299 0.6000000238
35731  -32.591  -31.277  -24.908 0.6999999881
34793  -33.757  -32.019  -25.904 0.6999999881
36645  -24.575  -30.641  -25.307 0.3000000119
35726  -28.389  -31.552  -23.721 0.5000000000
137664  -30.474  -30.995  -24.084 0.6000000238
37550  -27.277  -29.614  -23.830 0.4000000060
36632  -28.044  -30.520  -23.686 0.5000000000
36633  -29.061  -30.212  -23.753 0.6000000238
35768  -35.153  -31.152  -27.944 0.6999999881
36712  -35.044  -30.874  -30.437 0.6999999881
36698  -35.341  -30.883  -28.815 0.6999999881
35798  -34.718  -31.510  -30.918 0.6999999881
38487  -26.608  -28.908  -24.176 0.3000000119
149991  -33.973  -30.415  -31.886 0.6999999881
35828  -29.625  -31.105  -34.288 0.8000000119
36739  -30.833  -30.509  -33.721 0.8000000119
138091  -32.150  -30.800  -33.106 0.6999999881
36732  -33.226  -30.355  -32.446 0.6999999881
36751  -27.699  -30.159  -34.976 0.8000000119
36754  -30.048  -30.373  -34.131 0.8000000119
36767  -25.448  -30.524  -36.503 0.8000000119
147587  -26.018  -30.915  -35.651 0.8000000119
140263  -26.819  -30.685  -35.327 0.8000000119
130847  -28.392  -30.619  -34.699 0.8000000119
140140  -26.144  -29.761  -37.518 0.8000000119
38608  -26.290  -28.173  -36.445 0.8000000119
38593  -27.991  -28.634  -35.233 0.8000000119
38610  -28.438  -27.966  -35.415 0.8000000119
39570  -27.868  -27.419  -36.116 0.8000000119
38637  -33.116  -28.573  -37.445 0.6000000238
38636  -32.222  -28.630  -37.485 0.6999999881
38633  -28.423  -28.835  -38.079 0.8000000119
144716  -30.377  -29.045  -37.459 0.6000000238
39601  -28.821  -27.657  -38.820 0.6999999881
39612  -29.496  -27.207  -39.308 0.6000000238
145160  -31.066  -28.097  -38.055 0.6000000238
35729  -30.872  -31.747  -24.318 0.6000000238
138498  -29.634  -30.968  -23.836 0.6000000238
35742  -33.373  -31.310  -25.446 0.6999999881
36635  -30.940  -30.248  -24.175 0.6000000238
36648  -33.734  -30.639  -25.584 0.6999999881
35743  -34.098  -31.182  -25.998 0.6999999881
37551  -28.347  -29.320  -23.820 0.4000000060
36647  -33.084  -30.525  -25.058 0.6999999881
36684  -34.848  -31.265  -27.237 0.6999999881
37552  -29.426  -29.352  -23.942 0.5000000000
37553  -30.430  -29.331  -24.175 0.5000000000
36685  -35.072  -30.564  -27.326 0.6999999881
38488  -27.509  -28.676  -24.065 0.3000000119
155671  -28.226  -28.467  -24.112 0.3000000119
152443  -35.437  -30.282  -28.691 0.6999999881
39450  -26.874  -27.952  -24.485 0.3000000119
39451  -27.792  -27.930  -24.392 0.3000000119
36713  -35.192  -30.045  -30.203 0.6999999881
37619  -34.842  -29.471  -30.922 0.6999999881
36753  -29.530  -29.861  -34.328 0.8000000119
37650  -32.256  -29.602  -33.087 0.6999999881
36741  -32.485  -30.236  -32.894 0.6999999881
37629  -34.962  -28.757  -30.853 0.6999999881
37637  -32.893  -29.585  -32.688 0.6999999881
37639  -34.047  -28.910  -32.041 0.6999999881
37660  -26.810  -29.728  -35.431 0.8000000119
37661  -27.762  -29.362  -35.063 0.8000000119
36740  -31.681  -30.138  -33.318 0.6999999881
127223  -33.328  -28.888  -32.543 0.6999999881
126298  -33.770  -27.718  -32.816 0.6999999881
37670  -25.639  -30.017  -36.240 0.8000000119
36752  -28.679  -29.790  -34.628 0.8000000119
125948  -29.451  -29.133  -34.399 0.8000000119
38580  -30.367  -28.934  -34.067 0.8000000119
38582  -32.553  -28.282  -33.386 0.8000000119
39533  -33.435  -27.512  -33.351 0.6999999881
37671  -25.614  -29.420  -36.507 0.8000000119
132084  -28.577  -29.055  -34.757 0.8000000119
39554  -30.346  -27.803  -34.803 0.8000000119
39545  -31.549  -28.118  -34.037 0.8000000119
37704  -25.506  -29.603  -36.996 0.8000000119
142760  -25.698  -28.298  -36.964 0.8000000119
38609  -27.327  -28.067  -35.853 0.8000000119
38611  -29.444  -27.900  -35.081 0.8000000119
39574  -31.736  -27.128  -35.019 0.8000000119
129988  -26.450  -29.219  -37.773 0.8000000119
39569  -26.776  -27.477  -36.556 0.8000000119
39571  -28.978  -27.377  -35.733 0.8000000119
39572  -29.976  -27.341  -35.466 0.8000000119
40487  -31.443  -26.714  -35.710 0.8000000119
38631  -26.099  -27.642  -38.097 0.8000000119
40499  -29.159  -26.356  -36.859 0.8000000119
38632  -26.920  -28.498  -38.230 0.8000000119
38652  -33.560  -27.961  -37.983 0.5000000000
38650  -31.786  -28.081  -37.998 0.6000000238
38645  -26.274  -26.956  -38.511 0.8000000119
39600  -27.683  -27.426  -38.976 0.8000000119
38651  -32.661  -27.999  -37.972 0.6000000238
39604  -32.191  -27.461  -38.520 0.6000000238
39613  -30.630  -27.198  -39.066 0.6000000238
39603  -31.341  -27.582  -38.509 0.6000000238
138809  -31.295  -31.064  -24.357 0.6999999881
35730  -31.923  -31.281  -24.585 0.6999999881
36634  -30.009  -30.179  -23.909 0.6000000238
137903  -32.875  -29.676  -24.814 0.6999999881
37563  -33.720  -29.815  -25.413 0.6999999881
36649  -34.306  -30.358  -26.013 0.6999999881
37554  -31.321  -29.512  -24.329 0.5000000000
128970  -33.353  -29.011  -25.075 0.6999999881
144575  -28.930  -28.585  -24.100 0.4000000060
39453  -29.918  -27.824  -24.476 0.4000000060
38490  -30.636  -28.444  -24.407 0.5000000000
141187  -35.380  -30.377  -28.120 0.6999999881
39470  -28.151  -27.274  -24.723 0.3000000119
144282  -29.738  -26.671  -25.075 0.3000000119
39454  -30.605  -27.688  -24.595 0.5000000000
38513  -35.339  -28.643  -27.189 0.6999999881
37600  -35.499  -29.665  -28.567 0.6999999881
144833  -27.442  -27.385  -24.703 0.3000000119
141039  -29.866  -26.106  -25.456 0.3000000119
37612  -35.456  -29.386  -29.485 0.6999999881
41288  -29.194  -25.650  -25.872 0.3000000119
38549  -35.290  -28.248  -30.488 0.6999999881
38581  -31.191  -28.769  -33.821 0.8000000119
38568  -32.528  -28.885  -33.069 0.6999999881
38557  -34.413  -28.184  -31.843 0.6999999881
37649  -31.738  -29.239  -33.431 0.6999999881
38569  -33.171  -28.189  -32.996 0.6999999881
39534  -34.194  -27.102  -33.012 0.6999999881
38592  -26.773  -28.915  -35.684 0.8000000119
129483  -31.968  -28.547  -33.600 0.6999999881
38583  -32.859  -27.845  -33.495 0.8000000119
37659  -26.098  -29.478  -35.920 0.8000000119
39547  -32.904  -27.338  -34.010 0.8000000119
39573  -30.883  -27.264  -35.246 0.8000000119
40488  -32.299  -26.588  -35.482 0.8000000119
39568  -26.040  -27.589  -37.069 0.8000000119
150064  -25.963  -27.763  -37.508 0.8000000119
39587  -27.200  -26.773  -36.854 0.8000000119
39589  -29.576  -26.848  -36.155 0.8000000119
40500  -30.195  -26.348  -36.628 0.8000000119
40502  -32.040  -26.215  -36.221 0.8000000119
39594  -26.056  -26.963  -38.035 0.8000000119
40507  -26.206  -26.421  -38.086 0.8000000119
40498  -28.020  -26.325  -37.155 0.8000000119
40510  -28.703  -25.837  -37.535 0.8000000119
41431  -31.718  -25.727  -36.882 0.8000000119
39611  -28.359  -27.069  -39.395 0.8000000119
37555  -32.115  -29.311  -24.515 0.6000000238
144423  -28.580  -27.896  -24.388 0.3000000119
38489  -29.760  -28.583  -24.243 0.5000000000
148373  -32.713  -28.977  -24.710 0.6000000238
38491  -31.437  -28.778  -24.444 0.5000000000
37568  -34.053  -28.949  -25.556 0.6999999881
37570  -34.986  -29.160  -26.593 0.6999999881
39474  -32.339  -27.757  -24.839 0.6000000238
38505  -33.636  -28.285  -25.310 0.6999999881
137645  -34.590  -28.823  -26.037 0.6999999881
40375  -28.380  -26.609  -25.205 0.3000000119
40377  -30.428  -26.591  -25.124 0.3000000119
39483  -34.546  -27.489  -26.041 0.6999999881
41286  -27.741  -26.078  -25.715 0.3000000119
42328  -31.280  -24.777  -26.404 0.3000000119
135186  -35.535  -28.001  -27.706 0.6999999881
128691  -35.545  -28.838  -28.057 0.6999999881
42378  -28.513  -24.025  -28.199 0.3000000119
43348  -29.098  -24.306  -27.583 0.3000000119
42357  -29.734  -24.585  -26.958 0.3000000119
42358  -30.654  -24.371  -26.968 0.3000000119
142507  -28.746  -23.572  -28.730 0.3000000119
38558  -34.921  -28.161  -31.204 0.6999999881
39526  -34.955  -27.429  -31.752 0.6999999881
39548  -33.794  -26.924  -33.829 0.8000000119
40489  -33.094  -26.414  -35.225 0.8000000119
41418  -32.875  -26.047  -35.933 0.8000000119
39586  -26.452  -26.533  -37.559 0.8000000119
40509  -27.536  -25.791  -37.777 0.8000000119
40511  -29.809  -25.864  -37.323 0.8000000119
41442  -30.426  -25.277  -37.845 0.8000000119
41430  -30.801  -25.815  -37.108 0.8000000119
39609  -26.480  -26.457  -38.961 0.8000000119
39610  -27.243  -26.776  -39.342 0.8000000119
40524  -27.778  -26.380  -39.843 0.6999999881
40525  -28.967  -26.632  -39.949 0.6000000238
38500  -32.916  -28.359  -24.913 0.6000000238
39482  -33.872  -27.527  -25.552 0.6000000238
38507  -34.940  -28.244  -26.425 0.6999999881
41290  -31.528  -25.905  -25.540 0.4000000060
40399  -34.072  -26.680  -25.890 0.6000000238
39484  -35.076  -27.420  -26.603 0.6999999881
152248  -35.327  -27.924  -27.007 0.6999999881
41322  -33.863  -25.716  -26.247 0.4000000060
39489  -35.422  -27.283  -27.268 0.6999999881
39496  -35.695  -27.149  -28.178 0.6999999881
38540  -35.551  -28.403  -29.586 0.6999999881
43351  -31.956  -23.596  -27.468 0.3000000119
42331  -33.965  -24.968  -26.787 0.4000000060
40408  -35.446  -26.487  -27.465 0.6000000238
40417  -35.861  -26.544  -28.991 0.6999999881
128439  -35.608  -27.565  -30.068 0.6999999881
39517  -35.373  -27.511  -30.897 0.6999999881
40433  -36.001  -26.085  -30.903 0.6999999881
40444  -35.277  -26.644  -32.133 0.6999999881
39546  -32.286  -27.930  -33.785 0.8000000119
39556  -32.034  -27.534  -34.360 0.8000000119
40469  -33.386  -26.683  -34.527 0.8000000119
40501  -31.136  -26.284  -36.413 0.8000000119
41433  -33.487  -25.425  -36.313 0.8000000119
127632  -31.912  -24.806  -37.900 0.8000000119
41448  -26.723  -25.457  -38.785 0.8000000119
41440  -28.192  -25.288  -38.264 0.8000000119
41451  -29.819  -25.008  -38.286 0.8000000119
41450  -29.071  -24.920  -38.473 0.8000000119
40526  -30.110  -26.681  -39.884 0.6000000238
40523  -26.822  -26.027  -39.461 0.8000000119
41466  -28.958  -25.428  -40.951 0.6000000238
40533  -27.263  -25.555  -40.008 0.6999999881
42478  -27.729  -24.200  -40.857 0.6999999881
40379  -32.562  -27.073  -25.176 0.6000000238
40380  -33.299  -26.915  -25.445 0.6000000238
42329  -32.228  -24.687  -26.413 0.3000000119
40401  -35.124  -26.702  -26.799 0.6000000238
42360  -32.547  -24.109  -26.928 0.3000000119
154101  -33.472  -25.170  -26.402 0.3000000119
41323  -34.526  -25.610  -26.732 0.5000000000
140265  -34.298  -24.334  -27.386 0.3000000119
44410  -30.519  -22.820  -28.905 0.3000000119
43382  -32.377  -23.098  -28.011 0.3000000119
41350  -35.936  -24.649  -28.885 0.4000000060
40422  -36.059  -26.060  -29.864 0.6999999881
44438  -30.798  -22.302  -29.544 0.3000000119
41363  -36.293  -25.303  -30.504 0.6000000238
41377  -35.558  -25.975  -32.637 0.6000000238
41378  -36.120  -25.337  -32.303 0.6000000238
148202  -34.874  -26.028  -34.022 0.8000000119
126585  -35.216  -25.993  -33.419 0.6999999881
133628  -36.359  -24.544  -32.740 0.6000000238
40470  -34.232  -26.282  -34.394 0.8000000119
41388  -35.354  -25.529  -34.024 0.6999999881
41389  -35.838  -25.243  -33.282 0.6999999881
41419  -33.641  -25.892  -35.587 0.8000000119
41420  -34.302  -25.785  -35.121 0.8000000119
41421  -34.971  -25.162  -35.236 0.6999999881
41405  -35.345  -25.211  -34.594 0.6999999881
42420  -35.784  -24.879  -34.163 0.6999999881
41432  -32.609  -25.572  -36.641 0.8000000119
41434  -34.262  -25.308  -35.832 0.8000000119
125951  -34.861  -24.682  -35.974 0.6999999881
155290  -35.362  -24.554  -35.492 0.6999999881
41444  -32.260  -25.137  -37.333 0.8000000119
42440  -33.234  -24.848  -37.141 0.8000000119
145639  -34.868  -24.192  -36.587 0.6999999881
42442  -35.430  -24.095  -36.008 0.6999999881
40508  -26.590  -25.903  -38.087 0.8000000119
41439  -27.156  -25.456  -38.398 0.8000000119
42449  -31.202  -24.769  -38.204 0.8000000119
128956  -33.350  -24.263  -37.792 0.8000000119
41449  -28.274  -24.743  -38.786 0.8000000119
42459  -30.359  -24.697  -38.507 0.8000000119
42460  -31.990  -24.265  -38.544 0.8000000119
40516  -26.415  -25.927  -38.601 0.8000000119
42448  -27.359  -24.894  -38.968 0.8000000119
43465  -29.857  -24.167  -39.166 0.8000000119
42468  -30.975  -24.229  -38.890 0.8000000119
150448  -26.620  -25.561  -39.059 0.8000000119
41456  -27.032  -25.069  -39.457 0.8000000119
43489  -27.634  -23.944  -40.466 0.6999999881
40535  -29.564  -26.130  -40.505 0.6000000238
41483  -30.777  -25.178  -41.530 0.6000000238
41464  -27.024  -25.058  -40.123 0.8000000119
42477  -27.523  -24.306  -40.438 0.6999999881
42488  -28.073  -23.776  -41.279 0.6999999881
141067  -35.383  -25.767  -27.569 0.5000000000
129850  -35.691  -26.112  -28.182 0.5000000000
43352  -32.905  -23.569  -27.461 0.3000000119
42362  -35.041  -24.434  -27.856 0.4000000060
41343  -35.582  -25.151  -28.099 0.5000000000
41357  -36.227  -25.083  -29.630 0.6000000238
44413  -33.610  -22.607  -28.536 0.3000000119
44440  -33.110  -22.142  -28.999 0.3000000119
44414  -34.398  -22.691  -28.706 0.3000000119
138927  -36.373  -24.499  -30.214 0.6000000238
42395  -36.483  -24.634  -31.020 0.6000000238
45351  -31.146  -21.740  -30.116 0.3000000119
45368  -32.741  -21.316  -30.084 0.3000000119
43402  -35.446  -22.796  -29.358 0.3000000119
45367  -31.835  -21.299  -30.452 0.3000000119
42398  -36.440  -24.637  -31.856 0.6000000238
45366  -30.507  -21.554  -30.713 0.3000000119
42408  -36.261  -24.368  -33.643 0.6999999881
42421  -36.119  -24.173  -34.508 0.6999999881
43466  -32.397  -23.662  -38.991 0.8000000119
43456  -33.786  -23.744  -38.053 0.6999999881
42451  -34.693  -23.808  -37.155 0.6999999881
42461  -32.982  -23.892  -38.451 0.6999999881
43480  -31.615  -23.656  -39.243 0.8000000119
43464  -28.629  -23.811  -39.686 0.8000000119
141932  -29.594  -23.499  -39.724 0.6999999881
43479  -30.583  -23.586  -39.502 0.8000000119
41484  -31.770  -25.231  -41.493 0.6000000238
43476  -27.637  -23.944  -40.270 0.6999999881
44527  -27.921  -22.805  -41.014 0.6999999881
43477  -27.979  -23.379  -40.457 0.6999999881
43499  -28.520  -23.260  -41.778 0.6999999881
127535  -29.063  -24.177  -41.698 0.6999999881
151795  -27.853  -23.025  -41.014 0.6999999881
47523  -29.210  -18.989  -43.337 0.5000000000
47524  -29.244  -19.350  -43.621 0.5000000000
139825  -36.487  -23.899  -30.713 0.6000000238
139806  -36.565  -23.965  -31.409 0.6000000238
139533  -36.589  -23.184  -31.565 0.6000000238
128756  -36.595  -23.695  -33.085 0.6000000238
43428  -36.553  -23.551  -34.007 0.6999999881
42433  -35.850  -24.074  -35.300 0.6999999881
46331  -28.794  -20.652  -32.900 0.3000000119
153771  -35.404  -23.438  -36.670 0.6999999881
43435  -36.400  -23.360  -34.972 0.6999999881
43445  -35.959  -23.445  -35.828 0.6999999881
44530  -31.211  -22.985  -39.837 0.6999999881
43468  -33.575  -23.214  -38.661 0.6999999881
43457  -34.356  -23.601  -37.682 0.6000000238
43467  -32.936  -23.305  -39.022 0.6999999881
42457  -28.203  -24.278  -39.253 0.6999999881
43478  -28.843  -23.072  -40.220 0.6999999881
139048  -29.998  -22.896  -40.144 0.6999999881
44540  -30.726  -22.287  -40.397 0.6000000238
44528  -28.275  -22.570  -40.824 0.6999999881
42489  -30.258  -24.510  -41.897 0.6000000238
42490  -31.336  -24.703  -41.937 0.5000000000
43512  -28.139  -22.420  -41.768 0.6999999881
45504  -28.271  -21.289  -42.241 0.6999999881
143774  -28.197  -21.913  -42.187 0.6999999881
44578  -29.254  -21.249  -43.161 0.6000000238
43409  -36.386  -23.076  -30.685 0.5000000000
44472  -36.420  -22.328  -31.318 0.4000000060
156266  -36.617  -22.638  -31.852 0.5000000000
130604  -36.714  -22.925  -32.446 0.6000000238
44474  -36.636  -22.137  -32.096 0.5000000000
135104  -36.851  -22.108  -32.907 0.6000000238
140424  -36.759  -22.717  -34.320 0.6000000238
46348  -29.120  -20.162  -33.361 0.3000000119
46332  -29.554  -20.486  -32.789 0.3000000119
136619  -36.377  -22.846  -35.603 0.6999999881
44511  -35.651  -22.584  -37.103 0.6000000238
136381  -36.084  -22.754  -36.306 0.6000000238
43458  -34.941  -23.064  -37.560 0.6000000238
44531  -32.605  -22.329  -39.828 0.6000000238
44532  -34.083  -22.521  -38.796 0.6000000238
142211  -29.070  -22.479  -40.544 0.6999999881
44541  -31.804  -22.364  -40.117 0.6000000238
128826  -33.256  -22.614  -39.327 0.6000000238
45471  -30.015  -21.497  -40.939 0.6999999881
46393  -30.897  -20.942  -41.203 0.6000000238
45486  -28.133  -21.620  -41.789 0.6999999881
43513  -28.906  -22.622  -42.382 0.6999999881
43514  -30.307  -23.126  -42.613 0.6000000238
43515  -31.500  -23.439  -42.590 0.5000000000
44567  -29.767  -22.178  -42.936 0.6000000238
44568  -31.076  -22.582  -42.975 0.6000000238
44580  -31.894  -22.056  -43.266 0.5000000000
45505  -28.611  -20.478  -42.634 0.6000000238
44579  -30.580  -21.581  -43.404 0.5000000000
44577  -28.636  -20.979  -42.793 0.5000000000
45516  -30.566  -20.696  -43.827 0.5000000000
137399  -30.415  -20.022  -44.166 0.5000000000
47533  -30.440  -18.772  -44.381 0.5000000000
45392  -36.350  -21.510  -31.656 0.4000000060
46321  -36.251  -20.785  -31.965 0.4000000060
47402  -33.755  -19.769  -31.695 0.4000000060
130411  -36.934  -22.024  -33.782 0.6000000238
47435  -29.492  -19.546  -33.760 0.3000000119
47436  -30.334  -19.415  -33.584 0.3000000119
47415  -31.797  -19.659  -32.689 0.3000000119
44502  -36.591  -22.098  -35.761 0.6000000238
49621  -30.042  -17.869  -34.665 0.3000000119
44512  -36.227  -21.962  -36.694 0.6000000238
45446  -34.616  -21.743  -38.840 0.5000000000
45457  -33.163  -21.850  -39.849 0.6000000238
45458  -33.875  -21.902  -39.369 0.6000000238
45473  -32.381  -21.744  -40.296 0.6000000238
45472  -31.356  -21.647  -40.637 0.6000000238
45474  -33.021  -21.184  -40.338 0.6000000238
44539  -28.974  -21.850  -40.940 0.6999999881
46406  -31.409  -20.272  -41.400 0.6000000238
46404  -28.863  -20.376  -41.915 0.6999999881
46430  -28.803  -19.645  -43.110 0.5000000000
46431  -29.570  -20.008  -43.766 0.5000000000
47532  -29.675  -18.780  -43.919 0.5000000000
46320  -35.314  -20.233  -31.526 0.4000000060
45402  -36.633  -21.379  -32.455 0.4000000060
46335  -35.938  -20.166  -32.088 0.4000000060
47419  -35.840  -19.502  -32.644 0.4000000060
45417  -36.901  -21.334  -33.284 0.4000000060
45427  -37.069  -21.182  -34.155 0.4000000060
147349  -36.906  -21.956  -34.614 0.5000000000
47456  -30.794  -18.888  -33.830 0.3000000119
48529  -31.350  -18.399  -33.971 0.3000000119
48511  -31.805  -18.785  -33.506 0.4000000060
129584  -36.996  -21.342  -35.201 0.4000000060
148627  -31.771  -17.866  -34.208 0.3000000119
48512  -32.654  -18.656  -33.351 0.4000000060
45438  -35.770  -21.817  -37.497 0.5000000000
45432  -36.680  -21.242  -36.195 0.6000000238
45447  -35.259  -21.787  -38.191 0.5000000000
46374  -34.811  -20.953  -39.175 0.5000000000
150077  -33.715  -21.266  -39.839 0.6000000238
46375  -35.410  -20.563  -38.760 0.5000000000
46394  -32.100  -20.943  -40.835 0.6000000238
46395  -32.940  -20.564  -40.715 0.6000000238
47499  -29.666  -19.930  -41.939 0.6000000238
47501  -31.676  -19.524  -41.738 0.6000000238
47498  -29.059  -19.569  -42.466 0.5000000000
46420  -28.713  -19.967  -42.547 0.5000000000
48607  -29.371  -18.728  -43.069 0.5000000000
47531  -29.759  -18.527  -43.527 0.5000000000
48614  -30.431  -18.181  -44.184 0.5000000000
48615  -31.078  -18.195  -44.759 0.5000000000
47404  -35.322  -19.745  -32.057 0.4000000060
156382  -36.933  -20.826  -33.543 0.4000000060
147496  -36.563  -20.464  -32.889 0.4000000060
46351  -36.909  -20.322  -33.869 0.4000000060
148719  -35.916  -18.982  -33.259 0.4000000060
46363  -37.119  -20.416  -34.765 0.4000000060
46366  -36.984  -20.457  -35.686 0.4000000060
152516  -30.632  -17.406  -34.781 0.3000000119
46371  -36.353  -20.222  -37.523 0.4000000060
146355  -30.310  -17.026  -35.087 0.3000000119
46376  -35.924  -20.251  -38.277 0.4000000060
47476  -34.997  -20.090  -39.528 0.5000000000
47469  -35.704  -19.770  -38.826 0.4000000060
132571  -33.618  -20.617  -40.305 0.6000000238
46396  -34.238  -20.030  -40.263 0.5000000000
46407  -32.415  -20.120  -41.194 0.6000000238
47503  -33.534  -19.199  -41.249 0.5000000000
47488  -34.153  -19.359  -40.790 0.5000000000
48586  -29.790  -19.272  -42.390 0.5000000000
48587  -30.768  -19.004  -42.374 0.6000000238
48588  -31.949  -18.661  -42.198 0.6000000238
47502  -32.712  -19.357  -41.496 0.6000000238
48608  -29.908  -18.381  -43.180 0.5000000000
49698  -31.035  -17.557  -44.200 0.5000000000
48621  -31.612  -17.689  -45.302 0.5000000000
48599  -30.781  -18.224  -42.928 0.5000000000
156165  -29.072  -14.733  -36.766 0.3000000119
53036  -30.442  -14.454  -36.687 0.4000000060
54094  -31.085  -13.931  -36.757 0.4000000060
48600  -32.704  -17.997  -42.304 0.5000000000
54105  -28.658  -13.418  -37.723 0.4000000060
138699  -34.677  -17.097  -41.605 0.5000000000
49682  -35.157  -17.377  -40.958 0.5000000000
49689  -32.324  -17.382  -42.811 0.5000000000
49691  -34.055  -17.260  -42.056 0.5000000000
49688  -31.373  -17.499  -43.410 0.5000000000
49718  -32.619  -16.944  -46.252 0.5000000000
50797  -31.393  -16.983  -44.758 0.6000000238
50804  -31.739  -16.473  -45.199 0.5000000000
50810  -32.073  -16.514  -45.967 0.6000000238
50816  -32.937  -16.296  -46.474 0.4000000060
54107  -30.200  -13.370  -37.377 0.4000000060
53037  -31.902  -14.198  -36.490 0.4000000060
150998  -32.806  -16.895  -42.851 0.5000000000
50798  -32.134  -16.342  -43.922 0.5000000000
51961  -32.843  -15.711  -43.786 0.5000000000
51954  -33.363  -15.907  -42.993 0.5000000000
50788  -31.532  -16.898  -44.075 0.5000000000
149460  -31.721  -16.509  -44.540 0.5000000000
51981  -33.039  -15.419  -46.472 0.4000000060
51975  -32.234  -15.925  -45.471 0.5000000000
51980  -32.500  -15.866  -46.106 0.5000000000
143472  -31.241  -12.708  -37.434 0.4000000060
56375  -29.606  -12.098  -38.433 0.4000000060
49690  -33.227  -17.368  -42.427 0.5000000000
50781  -35.136  -16.451  -41.374 0.4000000060
51969  -32.669  -15.420  -44.794 0.4000000060
53111  -33.058  -14.951  -45.114 0.4000000060
51976  -32.701  -15.353  -45.699 0.5000000000
53124  -33.473  -14.698  -46.760 0.3000000119
51955  -34.126  -15.756  -42.499 0.4000000060
53102  -33.386  -14.951  -44.170 0.4000000060
53118  -33.148  -14.770  -45.893 0.5000000000
53125  -33.961  -13.938  -47.145 0.4000000060
53119  -33.669  -14.160  -46.033 0.4000000060
53134  -36.508  -13.959  -48.233 0.4000000060
53112  -33.589  -14.489  -45.033 0.4000000060
54187  -34.434  -13.311  -47.019 0.4000000060
54165  -34.806  -13.707  -43.963 0.4000000060
54195  -35.271  -12.950  -48.206 0.4000000060
154369  -35.949  -13.226  -48.383 0.4000000060
54196  -36.746  -13.002  -48.369 0.4000000060
53135  -37.332  -13.568  -48.026 0.4000000060
54174  -34.859  -13.343  -45.134 0.4000000060
54180  -34.286  -13.561  -46.095 0.3000000119
54188  -34.904  -12.828  -47.388 0.4000000060
55296  -35.370  -12.693  -45.384 0.4000000060
55289  -35.370  -13.007  -44.261 0.4000000060
55303  -35.348  -12.361  -46.608 0.3000000119
55309  -35.537  -12.267  -47.726 0.4000000060
55317  -36.052  -12.496  -48.329 0.4000000060
54197  -37.756  -12.753  -48.122 0.4000000060
54181  -34.868  -13.013  -46.264 0.3000000119
55304  -35.915  -11.592  -46.963 0.4000000060
55310  -36.240  -11.701  -48.071 0.5000000000
148679  -32.924  -42.588  -29.719 0.6999999881
26761  -32.468  -41.559  -27.055 0.6999999881
27631  -33.470  -40.326  -29.053 0.8000000119
27578  -30.302  -40.690  -25.756 0.6000000238
129502  -32.143  -39.213  -26.270 0.6000000238
156197  -32.668  -39.053  -26.663 0.6999999881
30336  -33.408  -37.498  -31.608 0.8000000119
141102  -25.278  -41.289  -30.116 0.4000000060
31290  -26.349  -36.188  -36.639 0.8000000119
151762  -31.696  -36.762  -25.846 0.6000000238
29404  -26.644  -37.651  -28.772 0.5000000000
32132  -34.423  -35.524  -28.743 0.8000000119
33008  -34.022  -34.386  -31.324 0.8000000119
32966  -33.655  -35.055  -26.831 0.8000000119
142368  -23.945  -35.179  -25.693 0.4000000060
32097  -29.071  -35.690  -25.907 0.6000000238
32065  -26.447  -35.172  -24.728 0.5000000000
32922  -28.519  -34.172  -24.652 0.6000000238
134413  -32.758  -33.032  -25.448 0.6999999881
35815  -30.895  -31.321  -33.716 0.6999999881
36636  -32.038  -30.373  -24.543 0.6999999881
40486  -30.547  -26.803  -35.924 0.8000000119
37569  -34.469  -29.532  -26.005 0.6999999881
39535  -34.742  -27.070  -32.428 0.6999999881
40449  -34.940  -26.555  -32.873 0.6999999881
40407  -35.077  -25.970  -26.985 0.6000000238
134369  -35.561  -26.779  -31.341 0.6999999881
41372  -35.842  -26.055  -31.800 0.6000000238
147866  -32.725  -26.499  -25.420 0.6000000238
42379  -35.489  -24.438  -28.367 0.5000000000
44518  -34.765  -22.447  -38.242 0.6000000238
49708  -31.524  -17.027  -45.412 0.5000000000
47440  -36.821  -19.519  -34.431 0.4000000060
51962  -33.628  -15.286  -43.215 0.4000000060
23706  -29.796  -45.394  -37.532 0.5000000000
25391  -30.671  -44.074  -37.837 0.5000000000
22845  -28.545  -46.209  -35.528 0.6999999881
26879  -32.164  -41.686  -38.018 0.5000000000
151187  -27.809  -46.883  -25.790 0.5000000000
27705  -30.992  -40.779  -38.005 0.6999999881
137367  -32.519  -43.064  -31.095 0.6999999881
26103  -32.301  -42.156  -32.115 0.6999999881
26118  -28.482  -41.855  -35.521 0.6999999881
26851  -29.370  -41.362  -35.085 0.6999999881
142564  -28.363  -39.791  -35.509 0.6999999881
26850  -28.523  -41.127  -35.463 0.6999999881
29478  -30.808  -38.686  -37.641 0.6999999881
29464  -32.484  -38.403  -36.465 0.5000000000
138603  -31.001  -37.861  -37.421 0.6000000238
31291  -31.392  -36.226  -37.050 0.5000000000
25285  -27.960  -43.670  -25.991 0.6000000238
27655  -31.896  -40.558  -33.210 0.6999999881
145981  -29.559  -37.881  -37.602 0.6999999881
24406  -29.130  -44.448  -25.569 0.6000000238
26816  -33.016  -42.013  -30.337 0.8000000119
27656  -32.546  -40.521  -32.422 0.6999999881
31282  -33.938  -36.257  -35.420 0.4000000060
27618  -33.340  -40.464  -28.443 0.8000000119
26049  -27.100  -43.024  -26.989 0.6000000238
25293  -26.553  -43.591  -27.404 0.6000000238
150266  -27.473  -36.733  -37.318 0.8000000119
26739  -30.529  -41.408  -25.760 0.6999999881
28540  -33.560  -39.457  -30.400 0.6999999881
154232  -24.499  -44.416  -29.485 0.5000000000
29430  -32.769  -38.146  -32.530 0.8000000119
32190  -31.862  -35.522  -36.702 0.5000000000
150422  -33.439  -38.445  -27.760 0.6999999881
26057  -26.481  -42.240  -28.248 0.6000000238
126276  -33.816  -38.062  -29.875 0.8000000119
152586  -30.868  -37.856  -34.297 0.8000000119
33069  -30.146  -34.955  -37.576 0.6999999881
33056  -32.305  -34.774  -36.450 0.6000000238
27593  -27.799  -40.612  -27.422 0.6000000238
32169  -28.726  -35.402  -35.254 0.8999999762
32167  -26.746  -35.528  -35.736 0.8000000119
142889  -32.000  -34.054  -36.601 0.6000000238
33933  -34.145  -33.703  -35.673 0.4000000060
26799  -24.603  -40.422  -30.822 0.3000000119
26773  -26.854  -41.370  -28.212 0.5000000000
26067  -25.447  -42.253  -29.554 0.5000000000
26078  -24.212  -41.694  -30.963 0.4000000060
140393  -31.027  -35.597  -34.015 0.8999999762
139820  -26.733  -34.238  -37.373 0.8000000119
30280  -32.161  -37.599  -26.100 0.6000000238
28477  -28.862  -39.318  -26.786 0.5000000000
26785  -25.799  -41.272  -29.582 0.4000000060
26801  -26.155  -40.118  -29.628 0.5000000000
135767  -26.730  -40.301  -28.927 0.5000000000
142571  -32.581  -34.846  -32.871 0.8000000119
33943  -30.688  -33.173  -37.067 0.6999999881
36770  -32.494  -30.770  -36.444 0.6000000238
35850  -34.202  -31.350  -36.125 0.4000000060
30278  -30.322  -37.635  -25.992 0.6000000238
29412  -25.773  -37.926  -29.558 0.5000000000
140208  -26.685  -38.251  -29.298 0.5000000000
29365  -28.596  -38.251  -27.299 0.5000000000
28516  -27.145  -38.183  -28.860 0.5000000000
32967  -34.166  -34.847  -27.546 0.6999999881
31203  -30.676  -36.908  -25.829 0.6000000238
29364  -26.820  -37.400  -27.004 0.5000000000
29386  -27.168  -37.228  -28.109 0.5000000000
30274  -27.234  -36.913  -26.672 0.6000000238
30277  -29.444  -37.516  -26.483 0.5000000000
31178  -24.902  -36.939  -25.360 0.6000000238
30252  -25.491  -37.694  -25.564 0.6000000238
29387  -27.438  -37.393  -28.167 0.5000000000
28498  -27.597  -37.988  -28.317 0.5000000000
126194  -28.952  -36.737  -26.616 0.5000000000
33860  -34.703  -33.445  -28.488 0.6999999881
34826  -34.808  -32.873  -29.806 0.6999999881
33923  -29.779  -33.201  -34.549 0.8000000119
32081  -26.701  -35.862  -24.995 0.5000000000
31200  -27.936  -36.287  -26.335 0.6000000238
31201  -28.628  -36.227  -26.309 0.6000000238
32938  -28.389  -34.956  -25.020 0.6000000238
33812  -25.458  -33.925  -24.879 0.4000000060
33813  -26.240  -33.866  -24.571 0.4000000060
32921  -27.645  -34.543  -24.632 0.5000000000
33814  -27.064  -33.826  -24.421 0.5000000000
34817  -34.913  -32.746  -28.970 0.6999999881
34790  -25.173  -32.351  -24.921 0.4000000060
34776  -27.312  -33.167  -24.245 0.5000000000
34850  -33.724  -32.812  -31.946 0.6999999881
138620  -26.387  -33.180  -35.602 0.8000000119
134531  -31.884  -29.324  -37.028 0.6999999881
33830  -32.172  -33.612  -25.285 0.6999999881
32923  -29.390  -33.792  -24.699 0.6999999881
33828  -30.181  -33.750  -24.891 0.6999999881
35774  -35.104  -31.853  -28.617 0.6999999881
35724  -26.522  -31.485  -24.042 0.5000000000
148317  -34.852  -32.218  -30.346 0.6999999881
34779  -29.639  -32.435  -24.177 0.6000000238
34781  -31.375  -32.452  -24.648 0.6999999881
33816  -28.635  -33.349  -24.304 0.6000000238
33815  -27.860  -33.668  -24.349 0.5000000000
37549  -26.340  -29.802  -24.062 0.3000000119
36721  -34.263  -31.139  -31.583 0.6999999881
35787  -35.293  -30.829  -29.718 0.6999999881
134958  -26.988  -30.167  -37.697 0.8999999762
37706  -27.662  -29.418  -37.873 0.8000000119
38634  -29.556  -28.945  -37.736 0.6000000238
38635  -31.215  -28.716  -37.510 0.6000000238
39602  -29.880  -27.756  -38.613 0.6000000238
38647  -28.005  -28.115  -38.575 0.8000000119
137996  -28.882  -30.989  -23.697 0.6000000238
136337  -31.519  -31.707  -24.510 0.6999999881
36722  -34.678  -30.448  -31.119 0.6999999881
37648  -30.909  -29.573  -33.738 0.8000000119
37638  -33.637  -29.633  -32.206 0.6999999881
132718  -25.949  -28.418  -37.688 0.8000000119
35744  -34.624  -30.874  -26.639 0.6999999881
152557  -30.947  -29.013  -24.327 0.5000000000
37583  -35.315  -29.626  -27.479 0.6999999881
36705  -35.418  -30.187  -29.260 0.6999999881
136262  -27.577  -26.781  -25.091 0.3000000119
37620  -35.250  -29.062  -30.271 0.6999999881
37627  -34.301  -29.626  -31.607 0.6999999881
39525  -34.314  -27.618  -32.375 0.6999999881
38596  -30.747  -28.289  -34.268 0.8000000119
146218  -34.843  -30.028  -26.650 0.6999999881
39471  -29.157  -27.195  -24.741 0.3000000119
39472  -30.129  -27.166  -24.768 0.5000000000
40376  -29.136  -26.363  -25.334 0.3000000119
136651  -31.758  -27.142  -24.955 0.5000000000
39473  -30.935  -27.148  -24.816 0.4000000060
128640  -35.575  -28.894  -28.868 0.6999999881
140073  -28.346  -25.467  -26.261 0.3000000119
130570  -35.764  -26.827  -30.472 0.6999999881
39475  -33.126  -27.648  -25.178 0.6000000238
41320  -31.886  -25.287  -25.937 0.3000000119
42359  -31.600  -24.189  -26.926 0.3000000119
38525  -35.665  -28.135  -28.596 0.6999999881
40534  -28.316  -25.906  -40.416 0.6999999881
40398  -33.253  -26.138  -25.691 0.6000000238
40400  -34.603  -26.252  -26.467 0.6000000238
41321  -32.909  -25.335  -26.065 0.4000000060
132270  -35.751  -27.459  -29.191 0.6999999881
39506  -35.816  -26.892  -29.714 0.6999999881
42441  -34.193  -24.729  -36.620 0.8000000119
126861  -32.634  -24.545  -37.866 0.8000000119
41481  -28.441  -24.601  -41.202 0.6000000238
41482  -29.629  -24.990  -41.459 0.6000000238
42330  -33.116  -24.692  -26.546 0.3000000119
41291  -32.399  -25.916  -25.611 0.5000000000
42361  -33.452  -24.178  -27.067 0.3000000119
41342  -34.890  -25.163  -27.300 0.5000000000
41356  -35.992  -25.602  -28.907 0.5000000000
44411  -31.392  -22.545  -28.962 0.3000000119
44412  -32.766  -22.620  -28.503 0.3000000119
42385  -36.168  -24.363  -29.557 0.5000000000
41373  -36.260  -25.370  -31.410 0.6000000238
41404  -34.868  -25.691  -34.583 0.8000000119
42450  -34.038  -24.216  -37.379 0.6999999881
43384  -34.081  -23.148  -28.169 0.3000000119
44439  -32.210  -22.230  -29.102 0.3000000119
44415  -35.008  -22.857  -28.896 0.3000000119
137666  -31.154  -21.302  -30.779 0.3000000119
43417  -36.586  -23.840  -32.192 0.6000000238
44550  -28.082  -22.377  -41.401 0.6999999881
44538  -28.138  -22.059  -41.337 0.6999999881
131727  -36.782  -22.843  -33.426 0.6000000238
44496  -36.679  -22.505  -35.082 0.6999999881
45470  -28.392  -21.269  -41.636 0.6999999881
42506  -30.856  -24.015  -42.326 0.5000000000
45372  -36.085  -21.646  -30.986 0.4000000060
46392  -29.755  -20.662  -41.483 0.6000000238
46405  -30.484  -20.297  -41.559 0.6000000238
46432  -31.351  -20.383  -44.171 0.4000000060
45391  -35.802  -20.944  -31.263 0.4000000060
147616  -33.267  -19.545  -32.184 0.4000000060
47437  -31.246  -19.357  -33.280 0.3000000119
47455  -29.951  -18.848  -34.174 0.3000000119
48528  -30.631  -18.377  -34.252 0.3000000119
45439  -36.329  -21.141  -37.137 0.5000000000
141449  -35.190  -21.226  -38.623 0.5000000000
153020  -34.274  -21.326  -39.412 0.5000000000
133897  -29.187  -20.978  -41.400 0.5000000000
48530  -32.166  -18.222  -33.811 0.4000000060
46370  -35.774  -21.016  -38.027 0.5000000000
130535  -37.030  -19.698  -35.266 0.4000000060
47467  -36.248  -19.606  -38.147 0.4000000060
47489  -34.808  -19.367  -40.192 0.5000000000
131160  -31.797  -17.896  -42.720 0.6000000238
53035  -29.645  -14.592  -36.785 0.3000000119
48601  -33.637  -17.961  -41.886 0.5000000000
54095  -31.639  -13.370  -36.973 0.4000000060
54173  -34.243  -13.937  -45.029 0.4000000060
54164  -34.086  -14.331  -44.106 0.4000000060
55318  -36.926  -12.122  -48.423 0.4000000060
55319  -37.709  -11.847  -48.332 0.3000000119
20129  -31.167  -49.196  -31.471 0.5000000000
20145  -30.491  -49.242  -32.826 0.5000000000
127014  -31.388  -49.597  -28.262 0.4000000060
20115  -31.621  -48.866  -29.748 0.5000000000
20121  -31.468  -49.238  -30.457 0.5000000000
137854  -31.426  -48.621  -30.951 0.5000000000
21050  -31.214  -48.324  -31.612 0.6000000238
21060  -30.868  -48.001  -32.385 0.6000000238
132298  -31.599  -49.050  -28.954 0.5000000000
21026  -31.635  -48.257  -28.411 0.5000000000
21035  -31.763  -48.155  -29.388 0.5000000000
132190  -31.578  -47.929  -30.942 0.5000000000
21019  -31.373  -48.402  -27.616 0.5000000000
21947  -31.342  -47.437  -31.719 0.6000000238
22824  -31.333  -46.673  -32.162 0.6000000238
21955  -30.942  -47.264  -32.618 0.6000000238
22823  -30.950  -46.560  -32.938 0.6000000238
22834  -30.404  -46.535  -33.668 0.6000000238
23671  -30.851  -45.769  -33.306 0.6000000238
147425  -29.821  -46.515  -34.280 0.6000000238
140984  -29.420  -46.006  -34.764 0.6000000238
23680  -29.782  -45.253  -34.578 0.6000000238
21920  -31.886  -47.491  -28.684 0.5000000000
21931  -31.841  -47.622  -30.164 0.5000000000
21940  -31.752  -47.128  -30.875 0.6000000238
21900  -31.163  -47.852  -26.999 0.5000000000
21911  -31.604  -47.528  -27.745 0.5000000000
136684  -31.711  -46.082  -31.723 0.6000000238
21888  -30.119  -47.550  -25.959 0.5000000000
138748  -30.801  -47.283  -26.487 0.5000000000
23659  -31.349  -45.937  -32.503 0.6000000238
23681  -30.539  -45.050  -33.821 0.6000000238
23679  -29.022  -45.379  -35.288 0.6000000238
155952  -31.979  -47.357  -29.448 0.5000000000
22805  -32.082  -46.710  -30.010 0.5000000000
144188  -31.344  -47.042  -27.016 0.5000000000
144582  -31.667  -46.768  -27.528 0.5000000000
22795  -32.158  -46.753  -29.004 0.5000000000
149459  -31.972  -46.331  -30.938 0.6000000238
22752  -30.397  -46.626  -26.098 0.5000000000
22764  -31.038  -46.466  -26.565 0.5000000000
23660  -31.729  -45.283  -32.028 0.6000000238
22751  -29.631  -46.771  -25.745 0.5000000000
24484  -31.301  -45.207  -32.801 0.6000000238
156291  -30.972  -45.171  -33.284 0.6000000238
24507  -29.381  -44.742  -35.045 0.6000000238
24508  -30.014  -44.463  -34.486 0.6000000238
22774  -31.896  -46.158  -27.700 0.5000000000
23635  -32.412  -45.081  -29.637 0.5000000000
22796  -32.290  -45.949  -29.347 0.6000000238
24465  -32.425  -44.169  -30.769 0.6000000238
23610  -31.717  -45.553  -27.220 0.5000000000
22806  -32.242  -45.750  -30.281 0.6000000238
23643  -32.356  -44.876  -30.552 0.6000000238
133325  -28.362  -46.556  -25.669 0.5000000000
152845  -26.477  -46.767  -26.680 0.5000000000
24424  -31.957  -44.685  -27.287 0.5000000000
23618  -32.126  -45.401  -27.889 0.5000000000
24444  -32.495  -44.438  -28.987 0.5000000000
24454  -32.546  -44.158  -29.934 0.6000000238
23600  -29.884  -45.847  -25.768 0.5000000000
137658  -29.043  -46.199  -25.593 0.5000000000
138759  -29.717  -45.026  -25.642 0.6000000238
24425  -32.301  -43.907  -27.612 0.6000000238
24436  -32.345  -44.601  -28.117 0.5000000000
25302  -32.658  -43.650  -29.162 0.5000000000
25312  -32.724  -43.300  -29.851 0.6000000238
131245  -30.410  -45.086  -25.878 0.6000000238
24409  -31.484  -44.297  -26.566 0.6000000238
25323  -32.573  -43.536  -30.573 0.6000000238
24405  -28.373  -44.922  -25.718 0.5000000000
24407  -30.033  -44.366  -25.653 0.6000000238
126513  -30.800  -44.348  -25.995 0.6000000238
126235  -31.963  -43.902  -27.034 0.6000000238
25294  -32.563  -43.169  -27.861 0.6000000238
133656  -32.550  -43.823  -28.370 0.5000000000
26068  -32.806  -43.029  -29.254 0.6000000238
26079  -32.753  -42.801  -30.476 0.6000000238
26058  -32.936  -42.477  -28.954 0.6999999881
33945  -32.509  -33.327  -36.300 0.5000000000
38499  -32.171  -28.508  -24.608 0.5000000000
40457  -34.558  -26.503  -33.601 0.6000000238
40536  -30.684  -26.150  -40.475 0.5000000000
42505  -29.640  -23.674  -42.190 0.5000000000
56467  -37.171  -11.213  -48.299 0.4000000060
56473  -38.105  -11.252  -48.182 0.3000000119
56469  -39.123  -10.627  -47.222 0.3000000119
58582  -39.933  -9.388  -46.420 0.3000000119
19119  -31.267  -50.332  -28.330 0.4000000060
19129  -31.506  -50.094  -30.104 0.5000000000
19137  -31.297  -50.013  -30.999 0.5000000000
21066  -29.912  -48.225  -33.749 0.5000000000
20098  -31.235  -49.169  -27.566 0.4000000060
21964  -30.470  -47.747  -33.205 0.6000000238
155326  -30.558  -47.102  -33.305 0.6000000238
21963  -29.870  -47.327  -34.058 0.5000000000
22846  -29.147  -46.786  -34.815 0.5000000000
20087  -30.889  -49.372  -27.023 0.4000000060
21899  -30.617  -48.130  -26.449 0.5000000000
151084  -29.632  -48.120  -25.789 0.5000000000
21000  -30.116  -48.363  -26.025 0.5000000000
21887  -29.283  -47.494  -25.683 0.3000000119
21885  -27.510  -47.470  -25.888 0.4000000060
21897  -25.567  -47.840  -27.236 0.4000000060
33946  -33.411  -34.118  -35.869 0.4000000060
34890  -33.835  -32.946  -35.834 0.4000000060
34901  -33.166  -32.559  -36.095 0.4000000060
141867  -32.032  -26.504  -25.305 0.4000000060
40527  -31.163  -26.579  -39.792 0.5000000000
40537  -31.684  -26.109  -40.436 0.5000000000
41468  -31.246  -25.677  -41.026 0.5000000000
43403  -36.227  -23.684  -29.928 0.4000000060
57575  -38.476  -10.636  -47.921 0.3000000119
58583  -40.255  -8.618  -46.238 0.3000000119
19112  -31.010  -50.012  -27.559 0.4000000060
23651  -32.081  -45.490  -31.180 0.6000000238
23608  -26.789  -45.210  -26.697 0.5000000000
127027  -27.693  -46.213  -25.930 0.5000000000
130557  -28.338  -45.757  -25.713 0.6000000238
39614  -31.676  -26.989  -39.107 0.5000000000
21886  -28.382  -47.406  -25.653 0.4000000060
21059  -30.854  -48.773  -32.251 0.6000000238
19124  -31.494  -50.067  -29.118 0.4000000060
21043  -31.638  -48.409  -30.278 0.5000000000
21010  -31.002  -48.672  -26.966 0.5000000000
23625  -32.328  -45.262  -28.731 0.5000000000
23601  -30.717  -45.807  -26.195 0.5000000000
24423  -31.518  -45.065  -26.789 0.5000000000
56468  -37.823  -10.658  -48.180 0.4000000060
21009  -30.425  -49.041  -26.419 0.4000000060
21973  -28.953  -47.532  -34.826 0.4000000060
21972  -28.383  -47.107  -35.421 0.4000000060
128097  -29.586  -48.943  -25.839 0.4000000060
28513  -25.150  -38.086  -29.556 0.4000000060
28531  -25.269  -38.025  -30.081 0.3000000119
27629  -25.115  -38.549  -30.457 0.4000000060
26800  -25.401  -39.920  -30.307 0.4000000060
28496  -25.342  -38.788  -28.187 0.4000000060
28514  -25.947  -37.786  -28.833 0.4000000060
28459  -24.401  -39.635  -25.684 0.4000000060
28460  -25.050  -39.536  -26.034 0.4000000060
28497  -25.839  -38.563  -27.514 0.4000000060
146872  -22.474  -39.231  -25.633 0.3000000119
28458  -23.461  -39.502  -25.550 0.3000000119
29347  -22.680  -37.809  -25.917 0.4000000060
29350  -25.460  -38.842  -26.111 0.4000000060
137482  -23.008  -38.640  -25.643 0.4000000060
29348  -23.959  -38.918  -25.523 0.5000000000
31198  -23.244  -37.100  -25.840 0.4000000060
30251  -24.416  -37.665  -25.498 0.5000000000
41289  -30.677  -25.969  -25.487 0.3000000119
142741  -35.608  -24.057  -28.719 0.3000000119
43385  -34.779  -23.286  -28.470 0.3000000119
43355  -35.156  -23.896  -28.356 0.3000000119
43387  -35.900  -23.911  -29.216 0.3000000119
43386  -35.409  -23.430  -28.894 0.3000000119
134638  -35.979  -22.845  -29.908 0.3000000119
48589  -33.122  -18.633  -41.720 0.4000000060
46306  -35.000  -20.691  -30.808 0.3000000119
46319  -34.378  -20.184  -31.253 0.3000000119
48590  -34.095  -18.611  -41.278 0.4000000060
47417  -33.959  -19.321  -32.224 0.3000000119
47416  -32.534  -19.600  -32.422 0.3000000119
48579  -35.165  -18.660  -40.253 0.4000000060
49673  -34.837  -18.222  -40.845 0.3000000119
49681  -34.438  -17.775  -41.458 0.4000000060
50791  -33.566  -16.594  -42.580 0.4000000060
47403  -34.588  -19.699  -31.809 0.3000000119
47418  -34.843  -19.268  -32.353 0.3000000119
48496  -35.163  -18.834  -32.905 0.3000000119
48494  -33.186  -19.092  -32.749 0.3000000119
48495  -34.195  -18.832  -32.746 0.3000000119
48515  -35.496  -18.423  -33.514 0.3000000119
49610  -33.947  -17.828  -33.671 0.3000000119
48514  -34.550  -18.339  -33.272 0.3000000119
48531  -35.843  -18.010  -34.160 0.3000000119
153048  -36.626  -18.918  -34.563 0.3000000119
47457  -36.811  -18.957  -35.144 0.3000000119
133529  -36.933  -19.639  -36.059 0.3000000119
49609  -33.018  -18.049  -33.750 0.3000000119
46368  -36.702  -20.394  -36.589 0.3000000119
50710  -31.846  -17.301  -34.559 0.3000000119
50726  -31.989  -16.603  -34.946 0.3000000119
155931  -36.554  -19.419  -37.481 0.3000000119
143498  -31.433  -16.330  -35.299 0.3000000119
51890  -31.272  -15.689  -35.720 0.3000000119
48556  -36.126  -18.992  -38.698 0.3000000119
48569  -36.040  -18.317  -39.217 0.3000000119
53051  -29.882  -13.982  -37.131 0.3000000119
54093  -30.493  -13.817  -37.022 0.3000000119
48568  -35.534  -19.100  -39.534 0.3000000119
152368  -35.612  -18.355  -39.816 0.3000000119
143261  -30.565  -12.859  -37.537 0.3000000119
55217  -29.124  -12.824  -38.050 0.3000000119
50780  -34.426  -16.526  -42.034 0.3000000119
53103  -33.961  -14.716  -43.453 0.3000000119
47439  -36.295  -18.812  -33.990 0.3000000119
49625  -34.330  -17.232  -34.207 0.3000000119
49611  -34.934  -17.802  -33.802 0.3000000119
140990  -36.660  -18.076  -35.523 0.3000000119
48544  -36.895  -18.854  -35.978 0.3000000119
150825  -36.837  -19.210  -36.445 0.3000000119
50711  -32.685  -16.952  -34.585 0.3000000119
49624  -33.342  -17.390  -34.175 0.3000000119
49626  -35.321  -17.313  -34.431 0.3000000119
142706  -36.821  -18.183  -36.279 0.3000000119
135539  -36.776  -18.753  -36.930 0.3000000119
155464  -33.525  -16.096  -35.028 0.3000000119
50713  -34.751  -16.629  -34.744 0.3000000119
48550  -36.537  -18.861  -37.910 0.3000000119
51889  -30.358  -15.735  -35.902 0.3000000119
130507  -32.025  -15.943  -35.369 0.3000000119
50727  -32.845  -16.182  -35.042 0.3000000119
49658  -36.451  -18.216  -38.439 0.3000000119
49665  -36.378  -17.436  -38.942 0.3000000119
51908  -31.583  -14.961  -36.098 0.3000000119
49664  -35.883  -17.710  -39.728 0.3000000119
54108  -30.868  -13.336  -37.174 0.3000000119
56377  -31.588  -11.999  -37.810 0.3000000119
50763  -35.658  -17.323  -40.279 0.3000000119
51948  -34.796  -15.891  -41.918 0.3000000119
51956  -34.825  -15.225  -42.160 0.3000000119
53104  -34.545  -14.312  -43.245 0.3000000119
53094  -34.326  -14.938  -42.799 0.3000000119
49627  -36.140  -17.597  -34.875 0.3000000119
49641  -35.668  -16.845  -35.095 0.3000000119
49642  -36.348  -17.170  -35.603 0.3000000119
49649  -36.684  -17.509  -36.212 0.3000000119
51892  -33.422  -15.660  -35.331 0.3000000119
50729  -35.173  -16.130  -35.359 0.3000000119
50730  -35.971  -16.386  -35.768 0.3000000119
49652  -36.796  -17.804  -36.854 0.3000000119
148940  -31.975  -15.365  -35.699 0.3000000119
53022  -33.342  -14.912  -35.791 0.3000000119
144813  -33.996  -15.349  -35.537 0.3000000119
129014  -36.626  -17.544  -38.129 0.3000000119
50757  -36.457  -16.631  -38.993 0.3000000119
139438  -32.520  -13.453  -36.755 0.3000000119
55219  -32.211  -12.629  -37.286 0.3000000119
50764  -36.123  -16.848  -39.751 0.3000000119
50772  -35.648  -16.677  -40.580 0.3000000119
134083  -32.455  -11.832  -37.749 0.3000000119
138672  -35.647  -16.003  -40.866 0.3000000119
51949  -35.357  -15.489  -41.445 0.3000000119
135253  -35.302  -14.786  -41.829 0.3000000119
50731  -36.501  -16.739  -36.316 0.3000000119
53023  -34.284  -14.827  -35.930 0.3000000119
53024  -35.115  -14.938  -36.195 0.3000000119
51895  -36.219  -15.936  -36.479 0.3000000119
50742  -36.713  -17.133  -36.784 0.3000000119
145664  -36.738  -17.269  -37.445 0.3000000119
53038  -32.884  -14.185  -36.295 0.3000000119
146634  -36.057  -14.646  -37.271 0.3000000119
51909  -36.361  -15.441  -37.228 0.3000000119
50748  -36.649  -16.713  -38.190 0.3000000119
54096  -33.384  -13.548  -36.633 0.3000000119
53039  -33.794  -14.213  -36.272 0.3000000119
53040  -34.661  -14.264  -36.435 0.3000000119
55206  -33.100  -12.875  -37.033 0.3000000119
134395  -33.291  -11.727  -37.783 0.3000000119
56378  -34.135  -11.739  -37.863 0.3000000119
51937  -36.362  -15.243  -39.800 0.3000000119
50773  -36.078  -16.036  -40.198 0.3000000119
138808  -32.772  -11.188  -38.186 0.3000000119
51942  -35.934  -15.353  -40.680 0.3000000119
53086  -35.751  -14.711  -41.219 0.3000000119
54151  -35.579  -14.023  -41.889 0.3000000119
53095  -34.981  -14.509  -42.463 0.3000000119
53025  -35.850  -15.148  -36.618 0.3000000119
53052  -35.451  -14.400  -36.778 0.3000000119
51919  -36.587  -15.693  -38.044 0.3000000119
55207  -33.792  -13.082  -36.988 0.3000000119
54098  -35.020  -13.674  -36.917 0.3000000119
54109  -35.753  -13.824  -37.415 0.3000000119
148817  -36.562  -16.099  -38.682 0.3000000119
55221  -33.758  -12.421  -37.401 0.3000000119
155980  -34.512  -12.315  -37.614 0.3000000119
142937  -36.501  -14.709  -39.114 0.3000000119
57501  -32.747  -10.061  -39.107 0.3000000119
56379  -34.949  -11.884  -37.992 0.3000000119
57485  -33.011  -10.627  -38.574 0.3000000119
142960  -34.288  -10.607  -38.689 0.3000000119
56395  -34.589  -11.218  -38.373 0.3000000119
53082  -36.184  -14.622  -40.460 0.3000000119
54158  -35.158  -13.801  -42.874 0.3000000119
55284  -35.371  -13.241  -43.357 0.3000000119
53053  -36.379  -14.873  -37.868 0.3000000119
150299  -36.485  -14.990  -38.459 0.3000000119
55223  -35.812  -13.036  -37.822 0.3000000119
54110  -36.194  -13.623  -38.079 0.3000000119
53066  -36.396  -14.259  -38.465 0.3000000119
55222  -35.168  -12.594  -37.686 0.3000000119
55238  -36.186  -12.970  -38.498 0.3000000119
53076  -36.428  -13.891  -39.353 0.3000000119
57486  -33.614  -10.299  -38.829 0.3000000119
127973  -36.343  -13.937  -40.217 0.3000000119
57487  -35.091  -10.653  -38.963 0.3000000119
56396  -35.368  -11.474  -38.593 0.3000000119
55237  -35.728  -12.260  -38.297 0.3000000119
53087  -36.062  -14.005  -40.995 0.3000000119
54152  -36.023  -13.288  -41.411 0.3000000119
135376  -35.668  -13.063  -42.409 0.3000000119
55297  -35.787  -11.963  -45.690 0.3000000119
55290  -35.821  -12.273  -44.494 0.3000000119
54123  -36.354  -13.558  -38.709 0.3000000119
125082  -33.556  -9.656  -39.344 0.3000000119
138419  -36.206  -12.377  -39.046 0.3000000119
128140  -36.365  -13.089  -39.248 0.3000000119
54136  -36.413  -13.237  -40.020 0.3000000119
58490  -34.411  -9.963  -39.199 0.3000000119
58491  -35.137  -10.024  -39.451 0.3000000119
148623  -36.224  -11.760  -39.570 0.3000000119
55254  -36.369  -12.476  -39.871 0.3000000119
55266  -36.306  -12.655  -40.800 0.3000000119
56433  -36.317  -11.908  -41.503 0.3000000119
128337  -36.116  -12.168  -42.468 0.3000000119
55277  -36.114  -12.608  -41.702 0.3000000119
56442  -36.221  -11.670  -43.555 0.3000000119
55285  -35.749  -12.565  -43.392 0.3000000119
56449  -36.172  -11.525  -44.844 0.3000000119
143994  -33.515  -9.165  -39.809 0.3000000119
58512  -34.162  -9.292  -39.724 0.3000000119
58513  -34.885  -9.477  -39.760 0.3000000119
57502  -35.732  -10.423  -39.687 0.3000000119
57503  -36.156  -10.532  -40.293 0.3000000119
56423  -36.361  -11.710  -40.507 0.3000000119
57517  -36.300  -10.346  -41.009 0.3000000119
124936  -36.429  -11.122  -41.285 0.3000000119
57537  -36.626  -10.293  -42.660 0.3000000119
124501  -36.422  -11.234  -42.351 0.3000000119
124734  -36.523  -10.886  -43.278 0.3000000119
139711  -36.446  -10.908  -44.233 0.3000000119
146274  -36.180  -11.375  -45.887 0.3000000119
56460  -36.545  -11.124  -47.585 0.3000000119
59622  -34.262  -8.215  -40.647 0.3000000119
59623  -35.033  -8.385  -40.787 0.3000000119
58528  -35.395  -9.188  -40.410 0.3000000119
124499  -36.041  -9.488  -41.063 0.3000000119
57526  -36.489  -10.577  -41.807 0.3000000119
137252  -36.452  -10.845  -45.396 0.3000000119
56455  -36.466  -10.875  -46.616 0.3000000119
57567  -37.114  -10.415  -47.565 0.3000000119
22857  -28.170  -46.025  -36.165 0.4000000060
27574  -22.906  -40.188  -25.522 0.3000000119
29363  -26.069  -38.322  -26.787 0.4000000060
29385  -26.525  -37.682  -27.968 0.4000000060
29349  -24.867  -39.068  -25.666 0.4000000060
40378  -31.226  -26.537  -25.194 0.3000000119
48513  -33.574  -18.463  -33.241 0.3000000119
47420  -36.456  -19.583  -33.494 0.3000000119
48578  -34.626  -18.861  -40.687 0.4000000060
51907  -30.813  -15.117  -36.250 0.3000000119
142807  -31.163  -14.542  -36.459 0.3000000119
54106  -29.466  -13.413  -37.539 0.3000000119
55218  -29.922  -12.775  -37.798 0.3000000119
53021  -32.383  -14.831  -35.952 0.3000000119
56376  -30.621  -12.200  -38.006 0.3000000119
27575  -23.961  -40.261  -25.681 0.4000000060
27592  -24.304  -40.758  -26.072 0.4000000060
152801  -25.068  -39.799  -26.415 0.4000000060
27607  -25.460  -39.186  -26.600 0.4000000060
29346  -22.091  -38.388  -25.917 0.3000000119
30250  -23.598  -38.090  -25.613 0.4000000060
50712  -33.661  -16.605  -34.654 0.3000000119
137383  -36.693  -18.077  -37.619 0.3000000119
51891  -32.660  -15.475  -35.513 0.3000000119
50728  -34.187  -15.968  -35.150 0.3000000119
56392  -31.119  -11.476  -38.389 0.3000000119
56391  -30.306  -11.486  -38.632 0.3000000119
51893  -34.730  -15.461  -35.660 0.3000000119
51894  -35.543  -15.647  -35.978 0.3000000119
127541  -36.404  -16.054  -39.394 0.3000000119
51929  -36.521  -15.453  -38.895 0.3000000119
55220  -32.960  -12.279  -37.421 0.3000000119
51896  -36.634  -16.395  -37.182 0.3000000119
138386  -36.203  -14.237  -37.804 0.3000000119
54097  -34.208  -13.605  -36.704 0.3000000119
143975  -36.419  -14.476  -39.789 0.3000000119
138729  -32.294  -10.719  -38.677 0.3000000119
55208  -34.534  -12.980  -37.228 0.3000000119
134335  -35.281  -13.210  -37.385 0.3000000119
56397  -35.914  -11.784  -38.908 0.3000000119
144927  -35.426  -9.781  -39.890 0.3000000119
56411  -35.830  -11.162  -39.224 0.3000000119
56412  -36.230  -11.071  -39.941 0.3000000119
58514  -35.886  -9.932  -40.352 0.3000000119
136161  -36.345  -10.956  -40.594 0.3000000119
124728  -36.457  -9.857  -41.792 0.3000000119
58547  -36.591  -9.441  -42.558 0.3000000119
132180  -23.586  -40.964  -25.684 0.4000000060
142929  -33.881  -34.631  -35.656 0.4000000060
21938  -22.552  -47.623  -30.452 0.3000000119
21042  -23.069  -47.951  -29.781 0.3000000119
22803  -22.517  -46.779  -30.713 0.3000000119
21929  -23.639  -47.426  -29.386 0.3000000119
29362  -21.888  -37.604  -26.304 0.3000000119
30272  -22.413  -37.129  -26.244 0.3000000119
31196  -21.943  -35.999  -26.771 0.3000000119
26784  -24.334  -39.951  -28.365 0.3000000119
26756  -24.768  -40.254  -26.591 0.3000000119
27606  -25.274  -39.531  -27.078 0.3000000119
27576  -24.666  -40.122  -26.021 0.3000000119
26755  -24.383  -40.962  -26.720 0.3000000119
26772  -24.786  -40.004  -27.558 0.3000000119
32178  -34.381  -35.348  -35.443 0.3000000119
20086  -30.559  -49.910  -26.779 0.4000000060
20105  -24.023  -48.518  -28.381 0.4000000060
20106  -31.487  -48.904  -28.140 0.4000000060
21032  -22.988  -48.696  -29.470 0.4000000060
21067  -30.468  -48.498  -33.011 0.5000000000
21077  -29.334  -48.007  -34.355 0.4000000060
21909  -25.001  -47.903  -27.747 0.4000000060
21919  -25.369  -46.579  -27.817 0.5000000000
21930  -24.247  -46.902  -29.008 0.5000000000
21939  -23.093  -47.106  -30.039 0.5000000000
21946  -22.104  -47.268  -31.041 0.3000000119
22762  -26.352  -45.894  -26.985 0.6000000238
22765  -31.504  -46.287  -27.093 0.5000000000
22785  -32.192  -46.071  -28.455 0.5000000000
22847  -30.172  -45.864  -34.079 0.6000000238
23599  -29.073  -45.367  -25.575 0.6000000238
23609  -27.569  -45.297  -26.081 0.5000000000
23616  -25.582  -45.051  -27.967 0.6000000238
23634  -24.259  -44.991  -29.511 0.5000000000
23642  -23.069  -45.264  -30.688 0.4000000060
23652  -32.131  -44.544  -31.469 0.6999999881
23704  -28.421  -45.215  -36.948 0.6000000238
24408  -31.076  -45.061  -26.308 0.5000000000
24421  -27.198  -44.534  -26.471 0.6000000238
24496  -31.109  -44.650  -33.229 0.6000000238
25266  -28.745  -43.619  -25.669 0.6000000238
25268  -30.424  -43.640  -25.752 0.6000000238
25399  -31.415  -42.816  -38.065 0.5000000000
26036  -28.293  -42.238  -26.219 0.6999999881
26038  -32.515  -42.442  -27.429 0.6999999881
26048  -26.980  -42.215  -27.570 0.6000000238
26110  -31.218  -42.593  -33.569 0.6999999881
26144  -28.615  -42.688  -37.404 0.6999999881
26738  -29.899  -41.175  -25.734 0.6000000238
26859  -27.375  -41.412  -36.484 0.6999999881
26868  -27.353  -41.445  -36.800 0.6999999881
26887  -31.142  -42.122  -38.068 0.6000000238
27579  -31.020  -40.845  -25.857 0.6000000238
27615  -24.664  -38.937  -28.894 0.3000000119
27630  -25.785  -38.718  -30.063 0.4000000060
27648  -33.068  -40.566  -31.587 0.6999999881
27649  -33.392  -39.992  -31.014 0.8000000119
28461  -29.998  -39.976  -25.845 0.6000000238
28480  -31.426  -39.714  -25.978 0.6000000238
28533  -33.566  -39.775  -29.522 0.8000000119
28586  -27.156  -40.051  -36.755 0.6999999881
29388  -27.998  -37.663  -27.819 0.5000000000
29405  -27.076  -37.547  -28.653 0.5000000000
29413  -26.230  -37.789  -29.255 0.5000000000
29431  -33.199  -38.051  -31.993 0.8000000119
30312  -33.689  -37.635  -27.994 0.6999999881
30342  -31.226  -37.296  -33.997 0.8000000119
30344  -32.462  -37.402  -32.868 0.8000000119
30351  -27.543  -37.628  -35.726 0.8000000119
31197  -22.532  -36.405  -26.364 0.3000000119
31199  -27.243  -36.647  -26.122 0.6000000238
31216  -33.646  -36.328  -27.296 0.8000000119
31243  -33.829  -36.665  -30.617 0.8000000119
31280  -26.258  -36.270  -36.319 0.8000000119
31306  -29.656  -36.730  -37.619 0.6999999881
32110  -33.470  -35.823  -26.909 0.8000000119
32188  -26.122  -35.635  -36.466 0.8000000119
32200  -26.247  -35.552  -36.784 0.8000000119
32203  -29.557  -35.429  -37.674 0.6999999881
33023  -32.330  -34.141  -33.148 0.8000000119
33031  -27.237  -34.691  -35.509 0.8000000119
33932  -25.721  -33.535  -36.343 0.8999999762
34777  -27.934  -32.869  -24.084 0.5000000000
34877  -29.261  -31.845  -34.510 0.8000000119
34891  -34.590  -32.813  -35.726 0.4000000060
34896  -25.540  -31.904  -36.626 0.8999999762
34897  -25.558  -32.716  -36.456 0.8000000119
34900  -32.229  -32.485  -36.375 0.6000000238
35817  -32.248  -31.524  -33.033 0.6999999881
35829  -30.322  -31.148  -33.989 0.8000000119
35837  -25.701  -31.421  -35.859 0.8000000119
35845  -25.449  -31.291  -36.303 0.8000000119
35847  -31.139  -31.513  -36.656 0.6999999881
35849  -33.508  -31.772  -36.106 0.6000000238
35858  -25.817  -30.897  -37.202 0.8000000119
35859  -26.629  -31.059  -37.512 0.8000000119
36750  -26.086  -30.249  -35.728 0.8000000119
36788  -25.741  -29.980  -37.219 0.8000000119
37628  -34.565  -28.850  -31.405 0.6999999881
37662  -30.149  -29.620  -34.099 0.8000000119
37683  -25.465  -29.788  -36.708 0.8000000119
37684  -25.459  -29.053  -36.910 0.8000000119
37705  -25.693  -29.172  -37.315 0.8000000119
38498  -31.416  -27.909  -24.617 0.5000000000
38506  -34.326  -28.217  -25.758 0.6999999881
38570  -33.832  -28.240  -32.427 0.6999999881
38591  -25.832  -28.859  -36.439 0.8000000119
38594  -28.979  -28.506  -34.849 0.8000000119
38595  -29.890  -28.419  -34.527 0.8000000119
38646  -26.847  -27.645  -38.621 0.8000000119
38649  -30.300  -28.383  -37.984 0.6000000238
39452  -29.262  -28.001  -24.364 0.4000000060
39555  -31.203  -27.689  -34.590 0.8000000119
39585  -26.094  -27.025  -37.608 0.8000000119
39588  -28.477  -26.846  -36.451 0.8000000119
39599  -26.788  -27.073  -38.949 0.8000000119
40468  -32.564  -26.932  -34.754 0.8000000119
40490  -33.742  -26.230  -34.985 0.8000000119
40497  -27.045  -26.225  -37.464 0.8000000119
40515  -26.294  -26.371  -38.491 0.8000000119
40522  -26.429  -25.899  -39.004 0.8000000119
41287  -28.548  -26.015  -25.670 0.3000000119
41441  -29.373  -25.382  -37.945 0.8000000119
41443  -31.403  -25.272  -37.550 0.8000000119
41465  -27.717  -24.948  -40.612 0.6999999881
41467  -30.178  -25.634  -41.032 0.6000000238
42432  -35.611  -24.701  -34.900 0.6999999881
42456  -27.442  -24.452  -39.734 0.6999999881
42458  -28.926  -24.441  -39.014 0.8000000119
42467  -27.388  -24.451  -40.080 0.6999999881
42487  -27.754  -23.628  -40.799 0.6999999881
43463  -27.761  -23.939  -39.921 0.6999999881
43469  -34.279  -23.121  -38.196 0.6000000238
43481  -32.293  -23.004  -39.498 0.6999999881
43490  -27.806  -23.469  -40.714 0.6999999881
43498  -27.946  -22.998  -41.261 0.6999999881
44519  -35.290  -22.351  -37.735 0.6000000238
44529  -29.719  -22.184  -40.583 0.6999999881
44566  -28.692  -21.672  -42.638 0.6999999881
45352  -32.006  -21.709  -29.757 0.3000000119
45487  -28.421  -20.832  -42.135 0.6000000238
46347  -28.318  -20.323  -33.382 0.3000000119
46349  -29.904  -19.969  -33.234 0.3000000119
46383  -34.288  -20.715  -39.761 0.5000000000
46408  -33.406  -19.913  -40.875 0.5000000000
46443  -29.920  -19.353  -44.114 0.5000000000
46444  -30.854  -19.575  -44.448 0.5000000000
47438  -32.196  -19.207  -33.013 0.4000000060
47464  -36.724  -19.613  -36.847 0.3000000119
47500  -30.632  -19.697  -41.866 0.6000000238
47514  -28.976  -19.245  -42.892 0.5000000000
48532  -36.462  -18.378  -34.688 0.3000000119
48597  -29.268  -19.011  -42.762 0.5000000000
48598  -29.838  -18.662  -42.806 0.5000000000
48609  -30.465  -18.073  -43.605 0.5000000000
48620  -31.161  -17.564  -44.779 0.5000000000
49622  -31.058  -17.754  -34.495 0.3000000119
49623  -32.468  -17.640  -34.191 0.3000000119
49674  -35.404  -17.954  -40.328 0.3000000119
49709  -32.077  -17.272  -45.883 0.5000000000
50789  -32.135  -16.873  -43.400 0.5000000000
50790  -32.786  -16.356  -43.215 0.5000000000
51968  -32.163  -16.009  -44.616 0.5000000000
54145  -36.270  -13.417  -40.684 0.3000000119
56394  -33.671  -11.036  -38.293 0.3000000119
57569  -38.744  -10.076  -47.676 0.3000000119
59595  -34.626  -8.843  -40.200 0.3000000119
125697  -28.861  -20.332  -43.243 0.5000000000
127214  -29.586  -34.006  -34.767 0.8000000119
130564  -32.487  -36.899  -26.231 0.6000000238
131093  -26.006  -34.899  -36.679 0.8000000119
131653  -27.667  -30.845  -34.976 0.8000000119
132439  -34.726  -26.900  -26.322 0.6000000238
132737  -28.552  -31.741  -34.711 0.8000000119
133474  -29.248  -34.148  -37.667 0.6999999881
133660  -33.504  -32.129  -32.197 0.6999999881
133950  -27.205  -46.785  -26.133 0.5000000000
134260  -31.959  -46.810  -28.168 0.5000000000
134487  -29.213  -30.475  -34.421 0.8000000119
135288  -31.250  -31.884  -33.605 0.6999999881
135316  -26.598  -32.317  -35.392 0.8000000119
136062  -26.060  -38.027  -26.034 0.6000000238
136373  -28.908  -48.227  -25.639 0.5000000000
136591  -31.594  -33.166  -24.953 0.6999999881
136716  -27.791  -39.334  -37.340 0.6999999881
137614  -27.941  -42.160  -37.267 0.6999999881
137811  -31.303  -40.164  -37.880 0.6000000238
138318  -24.424  -38.455  -25.534 0.5000000000
138404  -25.198  -43.826  -29.003 0.5000000000
138525  -29.014  -35.821  -37.686 0.8000000119
138577  -30.357  -33.832  -34.399 0.8000000119
138590  -34.534  -34.928  -29.039 0.8000000119
140264  -30.986  -33.691  -34.086 0.8000000119
140622  -29.650  -24.654  -38.675 0.8000000119
141583  -33.296  -33.455  -35.972 0.4000000060
142081  -27.701  -39.138  -35.757 0.6999999881
142450  -28.990  -19.759  -43.434 0.5000000000
142697  -31.126  -34.789  -25.325 0.8000000119
142904  -25.698  -31.670  -37.008 0.8000000119
143159  -33.582  -36.938  -31.231 0.8000000119
143963  -32.694  -21.789  -29.471 0.3000000119
145223  -30.657  -27.796  -38.426 0.6000000238
145229  -31.502  -22.102  -29.491 0.3000000119
145820  -32.208  -40.982  -26.636 0.6999999881
147300  -35.814  -23.324  -29.445 0.3000000119
147563  -26.816  -25.453  -39.464 0.8000000119
148174  -31.789  -31.904  -33.290 0.8000000119
148227  -27.997  -21.908  -41.990 0.6999999881
148361  -31.566  -49.466  -29.674 0.5000000000
148633  -31.297  -40.501  -33.865 0.6999999881
148866  -26.448  -36.748  -36.510 0.8000000119
148877  -29.787  -34.328  -37.563 0.6999999881
149059  -29.724  -20.780  -43.527 0.5000000000
149668  -27.678  -36.628  -26.789 0.6000000238
149881  -31.626  -46.732  -31.480 0.6000000238
150151  -28.866  -39.294  -37.542 0.6999999881
150271  -29.979  -31.842  -37.175 0.6999999881
150868  -31.333  -43.601  -37.993 0.5000000000
150963  -35.107  -31.507  -30.087 0.6999999881
151506  -25.382  -44.419  -28.460 0.6000000238
151512  -29.118  -36.833  -35.184 0.6999999881
151598  -28.944  -46.888  -25.606 0.5000000000
151689  -26.386  -27.038  -37.136 0.8000000119
151938  -31.283  -45.711  -26.675 0.5000000000
151963  -32.730  -43.106  -28.615 0.6999999881
152315  -24.668  -32.654  -25.324 0.4000000060
152378  -36.934  -19.281  -35.604 0.3000000119
153040  -35.857  -20.519  -31.695 0.4000000060
153574  -34.460  -24.250  -36.951 0.6999999881
153830  -36.813  -21.977  -35.163 0.5000000000
154617  -26.549  -29.357  -35.651 0.8000000119
155065  -36.534  -23.528  -31.088 0.6000000238
155289  -28.849  -43.428  -35.436 0.6999999881
155308  -34.648  -34.002  -29.494 0.6999999881
155379  -33.336  -39.966  -28.034 0.8000000119
155488  -29.835  -43.719  -37.650 0.6999999881
155903  -26.054  -34.384  -37.052 0.8000000119
155919  -32.666  -29.108  -37.079 0.6000000238
156164  -30.499  -29.998  -33.934 0.8000000119
156325  -25.712  -28.523  -37.212 0.8000000119
