#!ascii label  , from subject NIHPD_75_135 vox2ras=TkReg
549
13815  -29.220  -57.617  -36.505 0.6999999881
13836  -29.190  -57.178  -38.439 0.6000000238
13846  -29.971  -57.161  -38.924 0.6000000238
15226  -31.944  -56.090  -39.436 0.4000000060
156386  -28.521  -54.830  -29.744 0.6999999881
15838  -29.061  -54.421  -29.853 0.6999999881
15853  -28.324  -54.927  -30.372 0.6999999881
15854  -29.026  -54.352  -30.812 0.6000000238
15863  -27.819  -55.398  -31.049 0.6999999881
15864  -28.294  -54.782  -31.401 0.6000000238
149443  -27.508  -55.766  -31.506 0.6000000238
15871  -27.563  -55.208  -32.138 0.6000000238
147747  -27.071  -56.076  -33.156 0.6000000238
15876  -27.530  -54.693  -33.304 0.5000000000
141949  -26.875  -55.842  -33.911 0.5000000000
15882  -26.948  -55.019  -34.297 0.5000000000
132818  -26.893  -55.391  -35.781 0.6000000238
147794  -27.864  -56.915  -36.377 0.6000000238
14512  -27.309  -56.156  -36.317 0.6000000238
148647  -28.009  -55.780  -37.739 0.6000000238
14529  -28.534  -56.161  -38.269 0.6000000238
16588  -29.659  -53.895  -29.479 0.6000000238
16605  -29.824  -53.753  -30.296 0.6000000238
16618  -29.597  -53.775  -31.294 0.6000000238
15865  -28.953  -54.241  -31.622 0.6000000238
16631  -28.998  -53.633  -32.879 0.6000000238
15872  -28.409  -54.344  -32.437 0.6000000238
16637  -27.517  -54.143  -34.378 0.6000000238
128493  -27.090  -54.323  -35.322 0.6000000238
15196  -26.800  -55.603  -34.849 0.6000000238
139284  -26.933  -54.470  -36.171 0.6999999881
15202  -27.084  -55.196  -36.681 0.6000000238
131419  -29.610  -56.107  -39.054 0.5000000000
15211  -30.395  -55.864  -39.210 0.5000000000
16574  -29.768  -53.655  -28.705 0.6000000238
16606  -30.562  -52.960  -30.162 0.6000000238
146354  -30.435  -52.667  -31.539 0.6000000238
124921  -30.008  -53.228  -31.843 0.6000000238
16632  -29.647  -53.114  -32.644 0.6000000238
17389  -29.833  -52.333  -33.062 0.6000000238
16639  -29.116  -53.010  -33.587 0.6000000238
16638  -28.218  -53.280  -34.437 0.6000000238
15877  -28.308  -53.872  -33.519 0.6000000238
16644  -27.433  -53.483  -35.285 0.6999999881
15902  -27.969  -54.606  -37.668 0.6000000238
15207  -28.720  -54.967  -38.131 0.6000000238
15212  -31.341  -55.616  -39.245 0.4000000060
17342  -30.420  -52.857  -28.511 0.6000000238
16589  -30.234  -53.338  -29.415 0.6000000238
17365  -30.819  -52.339  -30.848 0.6000000238
16633  -30.232  -52.526  -32.241 0.6000000238
18231  -29.831  -51.473  -33.461 0.5000000000
149478  -29.428  -52.173  -33.810 0.6000000238
16645  -27.891  -52.595  -35.223 0.6999999881
16662  -27.170  -52.604  -36.931 0.6000000238
16651  -27.045  -53.603  -36.110 0.6000000238
15891  -27.042  -53.563  -36.755 0.6000000238
154204  -27.116  -53.805  -37.044 0.6000000238
136012  -27.825  -53.781  -37.593 0.6000000238
16679  -29.797  -53.720  -37.724 0.6000000238
15921  -29.650  -55.242  -38.616 0.6000000238
15905  -31.222  -54.401  -37.925 0.4000000060
15904  -30.180  -54.455  -38.076 0.5000000000
125070  -30.124  -52.680  -27.601 0.5000000000
17357  -31.221  -51.781  -29.342 0.6000000238
140718  -31.050  -52.316  -30.009 0.6000000238
18213  -31.078  -51.485  -31.146 0.6000000238
17376  -30.693  -52.001  -31.709 0.5000000000
144104  -30.844  -51.304  -31.829 0.5000000000
17390  -30.411  -51.584  -32.534 0.5000000000
18238  -29.551  -50.537  -33.929 0.6000000238
18245  -28.718  -50.732  -34.764 0.6000000238
17398  -29.181  -51.519  -34.279 0.6999999881
17403  -27.482  -51.783  -35.937 0.6999999881
125809  -27.214  -52.786  -36.017 0.6999999881
18268  -27.408  -51.327  -37.058 0.6000000238
148490  -27.033  -52.952  -36.559 0.6999999881
17431  -27.451  -51.963  -37.117 0.6000000238
17432  -27.826  -52.203  -37.460 0.6000000238
16676  -27.264  -53.328  -37.220 0.6000000238
16677  -27.796  -52.972  -37.577 0.6000000238
16678  -28.670  -53.486  -37.779 0.6000000238
16680  -30.624  -53.930  -37.544 0.5000000000
16664  -31.313  -53.817  -37.118 0.4000000060
18198  -31.077  -51.599  -28.529 0.6000000238
18205  -31.436  -50.910  -29.718 0.6000000238
17366  -31.250  -51.638  -30.291 0.5000000000
18223  -31.100  -50.726  -31.461 0.6000000238
19147  -30.591  -49.972  -32.583 0.5000000000
18232  -30.288  -50.682  -33.055 0.6000000238
19155  -30.096  -49.824  -33.332 0.5000000000
19164  -28.235  -49.834  -35.179 0.5000000000
18244  -27.891  -50.820  -35.560 0.6000000238
20161  -27.468  -48.974  -36.319 0.5000000000
19163  -27.510  -50.061  -35.923 0.5000000000
18243  -27.365  -50.885  -36.273 0.6000000238
20168  -27.598  -49.031  -36.671 0.4000000060
18253  -27.244  -50.953  -36.716 0.6999999881
20176  -27.524  -49.784  -36.926 0.4000000060
19187  -28.232  -50.478  -37.434 0.5000000000
18269  -27.853  -51.355  -37.388 0.6000000238
19188  -29.154  -50.198  -37.362 0.5000000000
18270  -28.721  -51.098  -37.501 0.6000000238
19180  -30.062  -50.192  -36.906 0.5000000000
18271  -29.332  -51.833  -37.446 0.6000000238
133114  -31.548  -53.248  -36.489 0.5000000000
17425  -30.352  -52.318  -36.934 0.6000000238
16663  -30.663  -53.209  -37.151 0.6000000238
129059  -31.314  -50.961  -28.817 0.5000000000
18214  -31.346  -50.822  -30.631 0.5000000000
19136  -30.972  -50.002  -31.827 0.5000000000
20137  -30.827  -49.429  -32.195 0.4000000060
20144  -29.963  -49.006  -33.536 0.4000000060
19154  -29.481  -49.568  -34.034 0.5000000000
146379  -28.904  -49.388  -34.638 0.5000000000
20153  -28.439  -48.895  -35.057 0.5000000000
152963  -28.071  -47.837  -37.041 0.4000000060
21100  -27.827  -48.371  -36.816 0.4000000060
21101  -28.287  -48.426  -37.196 0.4000000060
21102  -29.124  -48.548  -37.342 0.5000000000
134247  -28.568  -49.802  -37.392 0.5000000000
21103  -29.981  -48.783  -37.222 0.5000000000
20179  -29.740  -49.563  -37.161 0.5000000000
20169  -30.260  -49.362  -36.959 0.5000000000
18254  -31.771  -51.581  -35.473 0.5000000000
17414  -31.790  -52.585  -35.794 0.5000000000
18262  -30.313  -51.295  -36.747 0.6000000238
17426  -31.115  -52.662  -36.482 0.5000000000
20154  -29.256  -48.740  -34.316 0.4000000060
152818  -28.334  -47.730  -35.310 0.5000000000
21075  -28.024  -48.266  -35.493 0.5000000000
21980  -27.734  -47.595  -36.276 0.5000000000
22874  -29.880  -47.096  -37.433 0.4000000060
21094  -30.722  -48.778  -36.864 0.5000000000
19175  -32.207  -50.779  -35.028 0.5000000000
142554  -32.362  -52.201  -35.173 0.3000000119
21104  -30.659  -48.034  -37.155 0.5000000000
20170  -30.744  -49.570  -36.578 0.5000000000
19174  -31.495  -50.629  -35.661 0.5000000000
21981  -28.013  -46.823  -36.081 0.4000000060
21987  -27.857  -47.699  -36.656 0.4000000060
22866  -28.147  -46.261  -36.511 0.4000000060
132337  -29.879  -46.243  -37.481 0.4000000060
22873  -28.915  -46.735  -37.293 0.4000000060
22875  -30.830  -46.608  -37.463 0.4000000060
23707  -30.822  -45.733  -37.630 0.4000000060
22867  -31.425  -46.779  -37.218 0.5000000000
20156  -33.162  -50.188  -34.226 0.4000000060
19166  -32.939  -50.824  -34.426 0.4000000060
21086  -31.258  -48.945  -36.336 0.5000000000
20163  -31.991  -49.944  -35.376 0.5000000000
21095  -31.316  -48.076  -36.686 0.5000000000
132660  -31.820  -49.135  -35.724 0.5000000000
20162  -31.327  -49.767  -35.985 0.5000000000
24536  -30.745  -44.885  -37.754 0.4000000060
23708  -31.627  -45.979  -37.419 0.4000000060
140820  -33.048  -49.488  -34.357 0.4000000060
21078  -32.428  -49.285  -35.048 0.5000000000
144981  -31.667  -47.219  -36.722 0.5000000000
21990  -31.928  -47.777  -36.037 0.5000000000
129775  -31.573  -45.153  -37.694 0.4000000060
124332  -33.466  -47.949  -34.261 0.4000000060
21965  -34.315  -48.083  -33.629 0.3000000119
22868  -31.978  -46.484  -36.858 0.5000000000
21982  -32.272  -46.984  -36.116 0.5000000000
21088  -32.712  -47.642  -35.213 0.5000000000
126816  -31.615  -44.273  -37.879 0.4000000060
21974  -33.383  -47.082  -34.543 0.3000000119
146180  -33.920  -47.365  -33.917 0.3000000119
24528  -32.133  -45.258  -37.462 0.4000000060
22859  -32.865  -46.660  -35.363 0.5000000000
23690  -32.701  -45.412  -36.307 0.4000000060
22858  -32.487  -46.169  -36.192 0.5000000000
23682  -33.103  -45.768  -35.362 0.5000000000
25393  -32.483  -43.096  -37.707 0.4000000060
22835  -34.036  -46.537  -33.960 0.3000000119
22836  -34.971  -46.447  -33.445 0.3000000119
24537  -32.086  -44.674  -37.704 0.4000000060
145971  -33.600  -45.200  -34.945 0.4000000060
127378  -32.919  -43.922  -36.831 0.4000000060
24510  -33.220  -44.935  -35.651 0.4000000060
26146  -32.243  -42.517  -37.985 0.5000000000
24497  -34.188  -45.045  -34.346 0.3000000119
24498  -34.979  -44.887  -33.816 0.4000000060
24512  -35.277  -44.088  -33.857 0.4000000060
23673  -35.574  -45.630  -33.450 0.4000000060
25382  -32.898  -43.147  -37.188 0.4000000060
24511  -33.755  -44.532  -34.944 0.4000000060
25383  -33.398  -43.102  -36.218 0.5000000000
24520  -32.848  -44.683  -36.510 0.5000000000
156072  -33.757  -43.358  -35.407 0.5000000000
25374  -34.211  -43.210  -34.857 0.4000000060
25366  -34.696  -43.546  -34.333 0.4000000060
25367  -35.539  -43.297  -33.924 0.4000000060
24500  -36.743  -44.601  -33.654 0.3000000119
26147  -32.809  -42.476  -37.537 0.5000000000
26137  -33.245  -42.366  -36.848 0.5000000000
26853  -35.569  -41.578  -34.133 0.4000000060
27676  -36.063  -41.064  -33.995 0.3000000119
28601  -32.489  -40.483  -37.454 0.5000000000
26861  -34.754  -41.444  -34.643 0.4000000060
26121  -34.775  -42.743  -34.478 0.4000000060
26122  -35.828  -42.407  -33.939 0.4000000060
26854  -36.502  -41.665  -33.971 0.4000000060
26123  -37.044  -42.455  -34.031 0.3000000119
27707  -32.609  -41.275  -37.693 0.5000000000
26138  -33.703  -42.199  -35.927 0.5000000000
148711  -33.961  -42.753  -35.298 0.5000000000
26880  -33.030  -41.763  -37.325 0.5000000000
28577  -35.217  -40.065  -34.487 0.4000000060
28568  -36.095  -40.391  -34.150 0.4000000060
136800  -31.809  -39.856  -37.598 0.5000000000
27677  -36.873  -40.883  -34.061 0.3000000119
27708  -33.059  -40.992  -37.101 0.5000000000
27694  -33.408  -40.758  -36.343 0.5000000000
27695  -33.888  -40.656  -35.650 0.5000000000
26860  -34.025  -41.399  -35.535 0.5000000000
26869  -33.430  -41.523  -36.477 0.5000000000
28578  -36.109  -39.563  -34.359 0.4000000060
29479  -31.485  -38.875  -37.380 0.5000000000
29465  -33.147  -38.813  -36.036 0.5000000000
133011  -37.046  -39.098  -34.573 0.3000000119
28569  -36.985  -40.030  -34.286 0.3000000119
29480  -32.086  -38.791  -36.989 0.5000000000
28587  -32.603  -39.273  -36.708 0.5000000000
147497  -33.190  -39.519  -36.223 0.5000000000
128082  -28.449  -57.279  -36.949 0.6000000238
14532  -30.829  -57.087  -39.233 0.5000000000
15186  -27.146  -55.507  -33.176 0.6000000238
17397  -28.768  -52.401  -34.428 0.6999999881
154946  -28.444  -54.243  -37.827 0.6000000238
17404  -28.328  -51.662  -35.040 0.6999999881
17413  -27.199  -52.220  -36.576 0.6999999881
19186  -27.541  -50.615  -37.121 0.5000000000
17433  -28.521  -52.524  -37.681 0.6000000238
20152  -27.687  -49.096  -35.758 0.5000000000
21085  -27.612  -48.266  -36.036 0.5000000000
19173  -27.301  -50.266  -36.482 0.4000000060
19181  -30.828  -50.454  -36.318 0.5000000000
18263  -31.038  -51.970  -36.174 0.5000000000
21996  -29.904  -47.915  -37.377 0.5000000000
22872  -28.277  -46.457  -36.901 0.4000000060
22848  -33.404  -46.351  -34.714 0.4000000060
133504  -34.460  -44.294  -34.306 0.4000000060
25368  -36.551  -43.204  -33.835 0.3000000119
147126  -32.400  -39.817  -37.204 0.5000000000
143153  -33.538  -40.048  -35.940 0.5000000000
9624  -28.407  -63.880  -28.374 0.5000000000
9019  -29.930  -63.933  -29.397 0.5000000000
8998  -29.051  -64.086  -28.907 0.5000000000
10330  -32.684  -62.343  -30.855 0.5000000000
9665  -31.571  -63.378  -30.448 0.5000000000
9037  -30.751  -63.812  -30.012 0.4000000060
10274  -30.216  -61.979  -28.260 0.5000000000
9645  -30.498  -63.185  -29.174 0.6000000238
9626  -30.188  -62.683  -28.596 0.6000000238
10321  -32.040  -62.485  -30.229 0.5000000000
9646  -31.297  -62.894  -29.658 0.5000000000
11749  -33.955  -60.377  -32.482 0.4000000060
11000  -28.456  -61.131  -27.237 0.6999999881
151601  -28.989  -61.599  -27.488 0.6999999881
11723  -30.628  -60.527  -28.374 0.6999999881
11734  -31.828  -60.752  -29.346 0.5000000000
11724  -31.251  -60.672  -28.812 0.6999999881
11743  -32.953  -60.538  -30.831 0.5000000000
11735  -32.462  -60.951  -30.068 0.5000000000
11029  -31.942  -61.392  -29.558 0.5000000000
13148  -34.225  -58.617  -33.245 0.5000000000
11744  -33.467  -60.702  -31.641 0.5000000000
11704  -26.962  -60.536  -26.806 0.5000000000
135300  -27.612  -60.864  -26.992 0.6999999881
12403  -28.572  -59.554  -27.122 0.6999999881
11706  -28.798  -60.355  -27.270 0.6999999881
11001  -29.553  -61.736  -27.798 0.6000000238
11733  -31.547  -59.999  -29.132 0.6999999881
147879  -31.028  -60.050  -28.694 0.6000000238
13140  -33.127  -59.128  -31.637 0.5000000000
13139  -32.612  -59.053  -31.129 0.6000000238
11740  -32.092  -60.104  -29.665 0.6000000238
13146  -33.429  -58.843  -32.214 0.5000000000
13811  -34.353  -57.741  -34.170 0.5000000000
12402  -26.749  -59.822  -26.542 0.5000000000
146105  -27.640  -59.866  -26.790 0.6999999881
12422  -29.825  -59.371  -28.053 0.6999999881
13111  -29.567  -58.640  -28.231 0.6999999881
13100  -29.190  -59.007  -27.635 0.6999999881
12437  -30.985  -59.407  -29.000 0.8000000119
147702  -30.794  -58.768  -29.411 0.6999999881
13138  -32.014  -58.342  -31.176 0.6000000238
13133  -31.452  -58.371  -30.579 0.6999999881
13792  -32.390  -57.593  -32.538 0.6999999881
13144  -31.797  -57.774  -31.875 0.6000000238
126230  -33.713  -57.486  -33.728 0.6000000238
13800  -33.046  -57.413  -33.179 0.6000000238
14509  -33.789  -57.062  -35.411 0.6000000238
13085  -26.791  -58.432  -26.209 0.5000000000
12378  -26.578  -59.138  -26.269 0.5000000000
13098  -27.469  -58.240  -26.578 0.6000000238
132551  -27.956  -58.904  -26.819 0.6000000238
13099  -28.545  -58.579  -27.302 0.6999999881
13122  -29.440  -57.965  -28.853 0.6999999881
13765  -28.738  -57.224  -29.400 0.6000000238
12436  -30.208  -58.844  -28.775 0.6999999881
13766  -29.457  -57.593  -29.865 0.6999999881
13124  -30.848  -58.322  -30.045 0.6999999881
13799  -32.011  -57.170  -33.511 0.6999999881
13809  -32.996  -56.882  -34.984 0.6999999881
13808  -32.135  -56.957  -34.603 0.6999999881
13730  -26.957  -57.508  -26.353 0.5000000000
13743  -27.714  -57.353  -27.013 0.6000000238
13754  -28.088  -56.861  -27.977 0.6000000238
13755  -28.623  -57.408  -28.440 0.6000000238
130764  -30.105  -57.838  -30.348 0.8000000119
13777  -29.357  -57.467  -30.829 0.5000000000
13776  -28.683  -57.141  -30.379 0.6000000238
13136  -30.349  -57.701  -31.578 0.6999999881
13789  -29.496  -57.576  -32.946 0.6999999881
125022  -31.189  -57.230  -34.368 0.6999999881
124759  -30.888  -57.394  -33.514 0.6999999881
14520  -32.743  -57.085  -36.694 0.5000000000
13818  -32.182  -56.973  -35.740 0.6999999881
14526  -32.407  -57.317  -37.796 0.5000000000
13729  -26.268  -57.897  -25.912 0.5000000000
14443  -27.243  -56.794  -26.795 0.5000000000
15140  -27.712  -55.875  -27.908 0.6000000238
14458  -27.668  -56.461  -27.491 0.6000000238
14471  -27.819  -56.186  -28.583 0.6000000238
153006  -27.762  -55.939  -29.244 0.6000000238
13764  -28.211  -56.658  -28.985 0.6000000238
15182  -27.614  -55.853  -30.732 0.6000000238
13788  -28.592  -57.340  -32.681 0.6000000238
13783  -28.407  -57.219  -32.003 0.5000000000
14493  -27.754  -56.235  -30.414 0.5000000000
13797  -29.347  -57.574  -33.973 0.6000000238
130063  -28.721  -57.476  -33.420 0.6000000238
13816  -30.212  -57.580  -36.345 0.6000000238
153152  -29.689  -57.656  -35.677 0.6000000238
13847  -30.669  -57.444  -38.758 0.5000000000
14442  -26.763  -56.623  -26.304 0.5000000000
149863  -27.325  -55.997  -26.853 0.6000000238
15836  -27.892  -55.651  -29.307 0.6000000238
13782  -27.925  -56.844  -31.692 0.5000000000
15184  -27.291  -55.983  -32.309 0.5000000000
13805  -28.277  -57.409  -34.995 0.4000000060
13795  -27.670  -57.007  -34.346 0.5000000000
14506  -27.210  -56.527  -33.670 0.5000000000
13828  -29.943  -57.594  -37.385 0.6000000238
14428  -26.180  -56.528  -25.759 0.5000000000
15792  -27.823  -55.226  -27.287 0.6000000238
15809  -27.963  -55.521  -28.392 0.6000000238
13804  -27.575  -56.814  -35.420 0.5000000000
14508  -27.090  -56.333  -34.573 0.4000000060
15111  -25.886  -55.801  -25.402 0.5000000000
15791  -27.311  -55.238  -26.442 0.5000000000
15824  -28.677  -54.727  -29.111 0.6000000238
15110  -25.096  -55.873  -25.077 0.5000000000
15781  -27.021  -54.780  -25.848 0.5000000000
15782  -27.769  -54.476  -26.347 0.6000000238
16573  -29.122  -54.190  -28.424 0.6000000238
15100  -24.742  -55.273  -24.851 0.5000000000
124938  -26.279  -54.982  -25.428 0.5000000000
126619  -27.335  -54.074  -25.719 0.5000000000
153494  -28.742  -53.943  -26.962 0.6000000238
16563  -28.994  -53.980  -27.528 0.6000000238
15770  -25.820  -54.283  -25.092 0.5000000000
16533  -27.941  -53.547  -25.884 0.5000000000
16520  -25.396  -53.556  -24.959 0.5000000000
16564  -29.512  -53.698  -28.011 0.5000000000
16532  -27.101  -53.316  -25.423 0.5000000000
16546  -29.032  -53.420  -26.780 0.5000000000
16519  -24.521  -53.419  -24.913 0.5000000000
17295  -26.433  -52.684  -25.232 0.5000000000
16534  -28.339  -52.802  -25.856 0.5000000000
17323  -29.568  -53.290  -27.438 0.4000000060
128699  -25.748  -52.286  -25.189 0.5000000000
136298  -27.728  -52.842  -25.588 0.5000000000
132272  -29.227  -52.137  -26.242 0.4000000060
17305  -29.595  -52.585  -26.800 0.4000000060
17296  -27.208  -52.365  -25.385 0.4000000060
18168  -29.055  -51.466  -25.982 0.4000000060
18169  -29.666  -51.677  -26.491 0.4000000060
13814  -28.334  -57.404  -35.962 0.6000000238
13838  -30.523  -57.574  -38.052 0.5000000000
14533  -31.535  -57.294  -39.015 0.4000000060
125771  -28.046  -56.705  -30.868 0.6000000238
18183  -30.189  -51.927  -27.120 0.4000000060
18184  -30.975  -50.997  -27.929 0.4000000060
11722  -29.959  -60.254  -27.972 0.6999999881
145869  -29.963  -57.676  -31.100 0.6999999881
13791  -31.407  -57.497  -32.700 0.6999999881
13143  -30.873  -57.665  -32.078 0.6999999881
142723  -28.582  -57.165  -31.292 0.6000000238
13775  -28.156  -56.657  -29.954 0.6000000238
152432  -31.424  -57.130  -35.189 0.6999999881
13784  -29.339  -57.486  -31.863 0.6999999881
147098  -30.082  -57.547  -33.505 0.6999999881
13829  -30.824  -57.514  -37.190 0.6000000238
13830  -31.781  -57.288  -36.954 0.6000000238
9625  -29.707  -63.339  -28.700 0.6000000238
10293  -30.906  -62.242  -28.929 0.6000000238
10309  -31.675  -62.054  -29.515 0.5000000000
11017  -30.106  -61.131  -28.032 0.6000000238
11018  -30.792  -61.337  -28.530 0.6999999881
11019  -31.437  -61.415  -29.074 0.5000000000
11030  -32.167  -61.748  -29.914 0.5000000000
11036  -32.523  -61.811  -30.370 0.5000000000
11041  -33.010  -61.475  -30.957 0.5000000000
11705  -28.228  -60.348  -27.058 0.6999999881
12379  -27.243  -59.060  -26.465 0.5000000000
12404  -29.309  -59.895  -27.547 0.6999999881
12423  -30.472  -59.723  -28.439 0.6999999881
12445  -31.626  -59.146  -29.776 0.6999999881
12446  -32.504  -59.766  -30.409 0.6000000238
12454  -33.081  -59.808  -31.241 0.5000000000
12462  -33.534  -59.711  -31.988 0.5000000000
12463  -34.029  -59.383  -32.744 0.4000000060
13110  -28.987  -58.184  -27.970 0.6999999881
13123  -30.173  -58.206  -29.535 0.6999999881
13132  -30.688  -57.894  -30.798 0.6999999881
13134  -32.089  -58.915  -30.579 0.6000000238
13137  -31.217  -57.887  -31.309 0.6999999881
13145  -32.677  -58.359  -31.844 0.6999999881
13744  -28.342  -57.735  -27.572 0.6000000238
13787  -27.911  -57.117  -33.354 0.5000000000
13790  -30.456  -57.566  -32.831 0.6999999881
13793  -33.206  -58.051  -32.557 0.6000000238
13796  -28.429  -57.441  -34.126 0.6000000238
13798  -30.261  -57.483  -34.242 0.6999999881
13801  -33.754  -57.946  -33.106 0.6000000238
13806  -29.597  -57.653  -34.873 0.6000000238
13807  -30.493  -57.458  -35.244 0.6000000238
13810  -33.747  -57.186  -34.508 0.6000000238
13817  -31.150  -57.320  -36.093 0.6000000238
13826  -28.539  -57.033  -37.810 0.6000000238
13827  -29.159  -57.455  -37.637 0.6000000238
13835  -28.708  -56.736  -38.325 0.6000000238
13837  -29.888  -57.452  -38.295 0.5000000000
13839  -31.401  -57.481  -38.176 0.6000000238
14483  -27.847  -56.196  -29.545 0.6000000238
14500  -27.578  -56.263  -31.374 0.6000000238
14503  -27.387  -56.555  -32.828 0.5000000000
14513  -33.080  -56.913  -35.821 0.6000000238
14518  -27.590  -55.875  -37.234 0.6000000238
14519  -27.919  -56.659  -37.134 0.6000000238
14525  -28.201  -56.387  -37.795 0.6000000238
14530  -29.228  -56.643  -38.855 0.5000000000
14531  -30.139  -56.665  -39.283 0.5000000000
14544  -31.047  -56.443  -39.462 0.4000000060
14545  -31.724  -56.832  -39.353 0.4000000060
15101  -25.465  -55.106  -25.047 0.5000000000
15112  -26.712  -55.719  -25.961 0.5000000000
15153  -27.778  -55.848  -28.724 0.6000000238
15173  -27.722  -55.894  -29.919 0.6000000238
15206  -28.261  -55.419  -37.962 0.6000000238
15210  -28.933  -55.808  -38.597 0.6000000238
15771  -26.645  -54.158  -25.419 0.5000000000
15793  -28.394  -54.424  -27.096 0.6000000238
15810  -28.427  -54.784  -28.105 0.6000000238
15823  -28.214  -55.237  -28.918 0.6000000238
15837  -28.198  -55.175  -29.617 0.6999999881
15852  -27.870  -55.516  -30.170 0.6999999881
15873  -29.302  -53.742  -32.128 0.6000000238
15892  -31.874  -54.157  -37.365 0.4000000060
15901  -27.379  -54.118  -37.262 0.6000000238
15903  -29.215  -54.374  -38.016 0.6000000238
15922  -30.748  -55.069  -38.713 0.5000000000
15923  -31.752  -54.965  -38.761 0.4000000060
16521  -26.200  -53.491  -25.197 0.5000000000
16545  -28.434  -53.870  -26.523 0.6000000238
16619  -30.258  -53.155  -31.009 0.6000000238
17282  -25.168  -52.809  -25.030 0.5000000000
17283  -25.785  -52.963  -25.115 0.5000000000
17297  -27.956  -52.170  -25.607 0.5000000000
17298  -28.667  -52.131  -25.886 0.4000000060
17304  -28.966  -52.759  -26.241 0.5000000000
17343  -30.926  -52.197  -28.707 0.6000000238
17356  -30.799  -52.607  -29.354 0.6000000238
17424  -27.292  -51.644  -36.855 0.6000000238
17434  -29.546  -52.857  -37.551 0.6000000238
18197  -30.707  -51.984  -27.918 0.5000000000
18222  -30.740  -50.708  -32.230 0.5000000000
18255  -32.624  -51.575  -34.777 0.3000000119
18261  -27.303  -51.012  -36.889 0.6000000238
19098  -30.181  -51.152  -26.770 0.4000000060
19165  -29.033  -50.001  -34.550 0.5000000000
19179  -27.314  -50.409  -36.805 0.4000000060
20155  -32.594  -50.083  -34.701 0.4000000060
20177  -28.455  -49.168  -37.293 0.4000000060
20178  -29.189  -49.347  -37.318 0.5000000000
21076  -28.704  -48.187  -34.899 0.5000000000
21079  -32.901  -48.618  -34.664 0.4000000060
21087  -32.245  -48.478  -35.470 0.5000000000
21093  -27.643  -48.299  -36.458 0.4000000060
21971  -27.912  -47.614  -35.813 0.5000000000
21988  -27.992  -47.000  -36.551 0.5000000000
21989  -31.169  -47.397  -37.143 0.5000000000
21994  -28.163  -47.194  -37.008 0.4000000060
21995  -28.863  -47.669  -37.318 0.4000000060
23672  -34.562  -45.691  -33.819 0.4000000060
23683  -33.786  -45.747  -34.476 0.3000000119
23698  -32.270  -45.767  -36.980 0.5000000000
24499  -35.869  -44.721  -33.578 0.4000000060
24513  -36.182  -43.955  -33.715 0.3000000119
24521  -33.393  -44.038  -35.793 0.5000000000
24529  -32.473  -44.617  -37.266 0.4000000060
24538  -32.419  -43.905  -37.639 0.4000000060
26128  -34.321  -42.088  -35.011 0.5000000000
27684  -35.346  -40.868  -34.323 0.4000000060
28588  -33.708  -39.272  -35.617 0.5000000000
125694  -27.889  -56.989  -32.442 0.5000000000
128483  -30.641  -47.340  -37.345 0.5000000000
129240  -27.928  -49.814  -37.277 0.5000000000
129428  -33.980  -43.796  -34.881 0.4000000060
130233  -32.967  -57.023  -34.031 0.6999999881
130935  -31.061  -51.210  -36.029 0.5000000000
132327  -29.931  -53.270  -28.030 0.5000000000
132415  -32.959  -40.141  -36.743 0.5000000000
134222  -33.770  -58.546  -32.731 0.5000000000
134350  -27.018  -56.074  -35.379 0.4000000060
134535  -28.979  -57.672  -35.448 0.6000000238
134730  -27.368  -49.680  -36.603 0.4000000060
135244  -27.533  -56.537  -32.122 0.6000000238
136073  -27.084  -54.329  -36.910 0.6000000238
136407  -29.509  -50.924  -37.251 0.5000000000
136854  -28.394  -51.801  -37.577 0.6000000238
136938  -32.073  -39.326  -37.230 0.5000000000
139146  -27.858  -49.089  -37.039 0.4000000060
139516  -29.278  -54.200  -29.115 0.6000000238
139661  -35.037  -42.049  -34.384 0.4000000060
139909  -27.269  -51.489  -36.568 0.6999999881
140747  -28.029  -58.162  -26.991 0.6000000238
141287  -32.071  -53.820  -36.708 0.4000000060
144367  -26.399  -57.174  -25.979 0.5000000000
144918  -32.170  -57.348  -38.652 0.5000000000
145445  -26.830  -54.964  -35.292 0.6000000238
145458  -29.342  -60.879  -27.550 0.6999999881
146200  -28.907  -57.639  -34.682 0.6000000238
146691  -32.629  -41.943  -37.772 0.5000000000
147082  -30.081  -57.648  -32.272 0.6999999881
147378  -34.217  -58.024  -33.594 0.5000000000
147599  -27.412  -52.608  -37.263 0.6000000238
148142  -27.402  -49.602  -36.256 0.5000000000
148715  -31.677  -48.455  -36.050 0.5000000000
148856  -27.534  -55.042  -37.375 0.6000000238
151150  -30.555  -51.352  -27.355 0.4000000060
152312  -31.072  -47.027  -37.340 0.5000000000
154005  -28.575  -53.297  -26.224 0.5000000000
155738  -32.492  -45.169  -36.991 0.4000000060
155884  -33.648  -41.103  -36.004 0.5000000000
