#!ascii label  , from subject NIHPD_75_135 vox2ras=TkReg
1856
3577  -12.113  -75.666  -40.084 0.5000000000
3200  -10.652  -75.615  -35.510 0.5000000000
2839  -10.796  -75.580  -34.411 0.5000000000
2826  -10.306  -75.883  -33.480 0.5000000000
4769  -12.205  -72.481  -40.838 0.5000000000
3903  -12.865  -74.587  -40.925 0.5000000000
150611  -13.160  -74.089  -40.477 0.5000000000
3895  -13.010  -74.484  -39.574 0.5000000000
4268  -13.395  -73.927  -39.307 0.6000000238
3565  -11.932  -75.424  -39.231 0.5000000000
2813  -9.920  -76.605  -32.555 0.5000000000
3214  -11.158  -75.498  -37.431 0.5000000000
2469  -10.264  -77.442  -32.109 0.5000000000
132953  -11.214  -75.404  -36.284 0.6000000238
2814  -10.628  -76.207  -32.586 0.6000000238
3542  -11.863  -74.946  -34.944 0.6000000238
2827  -10.853  -75.698  -33.433 0.6000000238
2802  -11.148  -76.522  -31.899 0.6999999881
129042  -11.942  -74.845  -34.068 0.6999999881
2815  -11.161  -75.713  -32.768 0.6999999881
3536  -12.091  -74.877  -32.375 0.6999999881
3174  -11.593  -75.712  -32.043 0.6999999881
2803  -11.851  -76.498  -31.453 0.6999999881
4770  -12.818  -72.627  -41.067 0.5000000000
4287  -13.666  -73.313  -40.659 0.6000000238
4771  -13.481  -72.430  -41.060 0.6000000238
139278  -14.378  -72.979  -40.604 0.6000000238
3558  -12.290  -74.554  -37.607 0.5000000000
2470  -11.006  -77.322  -31.926 0.5000000000
2173  -11.345  -78.287  -32.754 0.5000000000
2186  -12.743  -78.542  -33.908 0.6999999881
2164  -11.642  -77.766  -32.076 0.6999999881
2174  -12.222  -78.226  -32.853 0.6999999881
143362  -11.767  -75.070  -36.953 0.6000000238
142859  -12.239  -74.408  -36.529 0.6999999881
2165  -12.583  -77.777  -32.128 0.6999999881
128857  -12.179  -74.321  -34.696 0.6999999881
3866  -12.402  -73.927  -33.228 0.6999999881
2458  -12.993  -77.017  -31.094 0.6999999881
3859  -12.539  -74.062  -32.107 0.6999999881
3529  -12.493  -74.932  -31.408 0.6999999881
3175  -12.165  -75.710  -31.430 0.6999999881
2788  -14.065  -76.078  -30.287 0.6999999881
3530  -12.892  -74.248  -31.259 0.6999999881
3848  -13.724  -74.475  -30.147 0.6999999881
2787  -13.440  -75.395  -30.394 0.6999999881
3149  -14.938  -74.833  -29.371 0.6999999881
5389  -12.959  -71.598  -40.740 0.5000000000
5400  -13.809  -70.466  -41.102 0.6000000238
5406  -14.588  -70.639  -41.557 0.6000000238
4772  -14.175  -72.127  -41.269 0.6000000238
4799  -15.698  -71.335  -41.827 0.6000000238
139424  -13.691  -73.434  -38.468 0.6000000238
4288  -15.362  -72.784  -40.182 0.6000000238
4253  -13.256  -73.526  -37.847 0.6000000238
135111  -13.718  -78.365  -33.893 0.6999999881
3883  -12.728  -73.831  -37.160 0.6999999881
2175  -13.141  -78.208  -33.067 0.6999999881
2187  -13.522  -78.619  -34.872 0.6999999881
2200  -15.002  -78.297  -35.254 0.6999999881
4241  -13.111  -73.108  -36.774 0.6999999881
2176  -14.438  -78.148  -33.685 0.6999999881
2201  -15.646  -77.999  -35.523 0.6999999881
136504  -12.617  -73.566  -36.052 0.6999999881
3877  -12.795  -73.062  -35.231 0.6999999881
127640  -13.165  -77.456  -31.674 0.6999999881
2473  -14.452  -77.679  -32.288 0.6999999881
140108  -15.048  -78.100  -34.055 0.6999999881
2189  -15.695  -77.791  -34.045 0.6999999881
3871  -12.529  -73.555  -34.352 0.6999999881
3872  -12.839  -72.980  -33.624 0.6999999881
2459  -13.843  -77.234  -31.329 0.6999999881
2474  -15.509  -77.551  -32.478 0.6999999881
3860  -12.983  -73.377  -31.756 0.6999999881
2795  -14.414  -76.754  -30.745 0.6999999881
2460  -14.954  -77.308  -31.541 0.6999999881
3853  -13.424  -73.654  -30.885 0.6999999881
3156  -14.369  -75.350  -29.828 0.6999999881
2796  -15.475  -76.850  -30.915 0.6999999881
3841  -14.704  -73.803  -29.485 0.6999999881
3157  -15.517  -75.584  -29.632 0.6999999881
3507  -15.265  -74.206  -29.114 0.6999999881
5390  -13.358  -70.643  -40.642 0.5000000000
6085  -14.117  -69.740  -41.139 0.6000000238
6086  -14.726  -69.203  -41.228 0.6000000238
6638  -14.018  -68.327  -40.366 0.5000000000
6640  -15.282  -68.595  -41.136 0.6000000238
6621  -13.502  -68.113  -39.305 0.5000000000
6079  -13.574  -68.931  -40.135 0.5000000000
5407  -15.309  -70.464  -41.795 0.6000000238
7229  -16.218  -68.404  -41.204 0.6000000238
4800  -16.679  -71.389  -41.708 0.6000000238
6652  -16.607  -69.171  -41.656 0.6000000238
126766  -14.155  -73.085  -38.463 0.6000000238
4254  -13.751  -72.873  -37.406 0.6999999881
4271  -15.483  -72.741  -39.154 0.6999999881
4242  -13.575  -72.507  -36.349 0.6999999881
4255  -14.530  -72.497  -37.525 0.6999999881
4232  -13.410  -72.323  -35.360 0.6999999881
4696  -14.197  -71.914  -35.926 0.6999999881
2492  -16.203  -77.563  -34.842 0.6999999881
2509  -16.528  -77.293  -36.652 0.6999999881
4678  -14.009  -71.766  -35.093 0.6999999881
2484  -15.990  -77.546  -33.336 0.6999999881
2500  -16.899  -77.005  -35.348 0.6999999881
2513  -16.133  -77.526  -37.323 0.6999999881
4207  -13.894  -72.194  -31.747 0.6000000238
2475  -16.421  -77.276  -32.652 0.6999999881
2485  -16.748  -77.148  -33.495 0.6999999881
128572  -17.253  -76.701  -36.782 0.6999999881
2516  -16.893  -76.816  -38.197 0.6999999881
3854  -13.944  -72.756  -30.935 0.6999999881
2797  -16.482  -76.777  -31.182 0.6999999881
149566  -17.251  -76.622  -31.482 0.6000000238
2805  -17.748  -76.524  -32.175 0.6999999881
148912  -17.453  -76.667  -33.680 0.6999999881
3842  -15.196  -73.305  -29.210 0.6000000238
143617  -15.591  -74.898  -29.179 0.6999999881
3150  -16.324  -75.195  -29.248 0.6999999881
3158  -16.649  -75.854  -29.836 0.6999999881
144563  -17.600  -75.833  -30.118 0.6000000238
2798  -17.874  -76.336  -31.337 0.6000000238
3829  -16.436  -73.178  -28.420 0.6000000238
138510  -16.062  -74.496  -28.851 0.6000000238
3151  -17.278  -75.377  -29.402 0.6000000238
3152  -18.290  -75.412  -29.694 0.5000000000
144939  -18.283  -75.789  -30.406 0.5000000000
3160  -18.935  -75.541  -30.399 0.5000000000
3830  -17.155  -73.504  -28.188 0.6000000238
3831  -17.941  -73.679  -28.055 0.5000000000
3502  -18.359  -74.313  -28.515 0.5000000000
7221  -14.410  -67.768  -40.276 0.6000000238
7215  -13.933  -67.659  -39.682 0.6000000238
141813  -15.896  -66.454  -40.074 0.5000000000
9135  -15.625  -64.966  -39.342 0.6999999881
7208  -13.572  -67.356  -39.174 0.5000000000
7822  -13.132  -66.273  -38.447 0.6000000238
8466  -13.823  -66.330  -38.777 0.6000000238
7206  -12.278  -66.206  -38.078 0.6000000238
7812  -13.010  -66.531  -38.474 0.6000000238
7836  -16.695  -67.204  -40.400 0.4000000060
132851  -12.268  -65.893  -38.112 0.6000000238
6641  -17.003  -68.660  -41.314 0.5000000000
145816  -17.571  -70.000  -41.809 0.6000000238
4787  -16.933  -71.958  -40.901 0.6000000238
4256  -15.388  -72.143  -37.519 0.6999999881
4749  -15.913  -72.399  -38.384 0.6000000238
4697  -15.017  -71.446  -35.920 0.6999999881
4213  -13.950  -71.826  -32.719 0.6000000238
4224  -14.469  -71.455  -34.404 0.6000000238
4199  -14.529  -72.549  -30.309 0.6000000238
2816  -17.947  -76.401  -33.090 0.6000000238
2828  -17.785  -76.424  -34.408 0.6000000238
2853  -17.592  -76.517  -35.874 0.6999999881
156109  -17.683  -76.453  -37.163 0.6999999881
2873  -17.729  -76.336  -38.482 0.6999999881
4192  -15.181  -72.369  -29.627 0.6000000238
2799  -18.402  -76.179  -31.841 0.6000000238
130529  -17.647  -76.097  -39.666 0.6999999881
4176  -17.285  -72.259  -28.001 0.6000000238
3153  -19.161  -75.178  -29.766 0.4000000060
131807  -19.480  -75.571  -31.098 0.4000000060
3167  -19.195  -75.881  -31.966 0.5000000000
2817  -18.666  -76.081  -33.415 0.6000000238
2854  -18.091  -76.256  -36.746 0.6000000238
144986  -18.601  -75.818  -39.130 0.6000000238
4164  -18.049  -72.348  -27.680 0.5000000000
4165  -18.895  -72.459  -27.601 0.5000000000
3832  -18.769  -73.708  -28.171 0.5000000000
3503  -19.241  -74.212  -28.685 0.5000000000
149492  -19.887  -75.764  -32.450 0.4000000060
2818  -19.462  -75.900  -33.736 0.6000000238
9129  -15.145  -64.270  -38.655 0.6000000238
8467  -14.742  -65.939  -39.218 0.6000000238
9757  -17.090  -64.037  -39.644 0.6000000238
9127  -12.816  -64.874  -37.891 0.6000000238
135020  -13.756  -65.047  -38.195 0.5000000000
9734  -14.000  -63.221  -37.341 0.6000000238
9733  -13.008  -63.427  -37.290 0.6000000238
128843  -16.485  -65.194  -39.797 0.6000000238
8459  -11.608  -65.358  -37.877 0.6999999881
9732  -12.124  -63.586  -37.322 0.6000000238
10382  -11.793  -62.437  -36.541 0.6000000238
7224  -17.214  -68.305  -40.850 0.5000000000
7825  -17.112  -66.551  -39.929 0.6000000238
9124  -10.101  -64.785  -37.565 0.6000000238
131524  -10.984  -62.606  -36.715 0.6999999881
6087  -17.908  -69.690  -41.370 0.5000000000
9730  -10.388  -63.380  -37.118 0.6999999881
5401  -18.111  -70.956  -40.763 0.6000000238
10380  -8.798  -62.946  -36.406 0.6000000238
4714  -15.627  -71.529  -36.660 0.6000000238
4750  -16.741  -71.992  -38.622 0.6000000238
4729  -16.288  -71.658  -37.512 0.6000000238
142077  -14.695  -71.328  -32.802 0.6000000238
4655  -15.110  -71.314  -31.406 0.6000000238
5223  -17.242  -70.391  -29.007 0.6000000238
4193  -15.889  -71.897  -29.185 0.6000000238
5934  -18.038  -70.125  -28.594 0.6000000238
4619  -17.733  -71.571  -27.879 0.6000000238
2842  -19.071  -75.928  -35.270 0.6000000238
2855  -18.870  -75.941  -36.614 0.6000000238
131417  -18.631  -75.962  -38.105 0.6000000238
4620  -18.551  -71.650  -27.564 0.5000000000
138626  -19.756  -72.580  -27.754 0.5000000000
128845  -19.972  -73.253  -28.195 0.5000000000
2880  -19.658  -75.230  -40.127 0.6000000238
146545  -20.120  -75.838  -33.145 0.4000000060
133522  -19.404  -75.892  -36.093 0.6000000238
129789  -19.662  -75.888  -37.000 0.6000000238
10403  -15.946  -62.694  -38.246 0.6000000238
10395  -15.769  -62.021  -37.700 0.5000000000
10396  -16.613  -62.210  -38.320 0.6000000238
11097  -18.063  -61.581  -38.495 0.5000000000
9745  -14.641  -63.752  -37.939 0.6000000238
11088  -15.605  -61.495  -37.102 0.6000000238
9747  -16.690  -63.168  -39.017 0.5000000000
135027  -17.670  -62.532  -38.936 0.5000000000
9748  -17.766  -63.544  -39.460 0.5000000000
10394  -14.363  -62.419  -36.991 0.5000000000
9735  -15.071  -62.781  -37.658 0.6000000238
10384  -13.832  -62.201  -36.416 0.5000000000
9136  -17.266  -64.886  -39.799 0.6000000238
10381  -10.108  -62.543  -36.531 0.6999999881
11077  -11.133  -61.946  -36.152 0.6000000238
11076  -10.503  -61.705  -35.706 0.6000000238
5392  -18.189  -70.201  -39.668 0.5000000000
10355  -8.449  -62.605  -35.177 0.5000000000
10370  -9.822  -61.777  -35.217 0.6999999881
4751  -17.567  -71.404  -39.088 0.5000000000
4715  -16.303  -71.071  -36.497 0.5000000000
4669  -15.315  -71.073  -34.265 0.6000000238
5246  -16.326  -70.345  -30.947 0.6000000238
5253  -15.828  -70.765  -31.641 0.5000000000
138274  -17.630  -69.576  -30.078 0.6000000238
135757  -16.543  -70.260  -30.163 0.6000000238
5219  -19.712  -70.316  -27.776 0.5000000000
3183  -20.996  -75.861  -33.350 0.5000000000
2831  -20.663  -75.990  -34.810 0.5000000000
127247  -20.215  -75.803  -37.932 0.6000000238
2881  -20.447  -75.362  -39.554 0.6000000238
11777  -16.741  -60.467  -37.259 0.6000000238
11090  -17.423  -60.773  -37.864 0.6000000238
11769  -16.086  -60.869  -36.956 0.6000000238
11098  -18.980  -61.417  -38.541 0.5000000000
11087  -14.885  -61.866  -36.705 0.6000000238
11079  -13.878  -62.038  -36.106 0.6999999881
9131  -18.408  -64.130  -39.272 0.6000000238
11069  -12.070  -61.882  -35.727 0.6000000238
10371  -12.911  -62.051  -36.022 0.6000000238
9137  -17.969  -64.897  -39.479 0.6000000238
10357  -10.312  -61.697  -34.765 0.6000000238
11060  -11.881  -61.889  -35.119 0.6000000238
7216  -17.465  -68.090  -40.131 0.5000000000
154748  -16.717  -70.997  -37.106 0.5000000000
9696  -9.001  -63.117  -33.889 0.5000000000
10342  -9.265  -62.424  -34.292 0.6000000238
5280  -16.067  -70.840  -33.965 0.5000000000
5264  -16.658  -70.369  -32.739 0.6000000238
140757  -16.080  -70.628  -32.365 0.5000000000
131590  -18.356  -69.213  -30.427 0.5000000000
5945  -18.341  -69.429  -29.398 0.5000000000
2844  -20.939  -76.091  -35.628 0.6000000238
131106  -20.745  -75.999  -37.090 0.6000000238
12491  -17.012  -59.632  -36.596 0.6000000238
137313  -17.353  -60.057  -37.368 0.5000000000
11779  -18.852  -59.991  -37.820 0.5000000000
11765  -16.432  -60.028  -36.188 0.6999999881
11787  -19.290  -60.554  -38.196 0.5000000000
11070  -14.582  -61.838  -35.872 0.6999999881
11071  -15.394  -61.271  -36.186 0.6000000238
142493  -20.437  -60.950  -38.393 0.5000000000
10372  -13.503  -62.053  -35.749 0.6000000238
130108  -19.141  -62.798  -38.821 0.5000000000
128670  -18.147  -64.876  -38.670 0.6000000238
10346  -13.187  -62.923  -34.202 0.6999999881
8462  -17.769  -65.550  -38.979 0.6000000238
10345  -12.278  -62.567  -34.283 0.6000000238
149839  -17.510  -67.822  -39.542 0.6000000238
9686  -11.195  -63.397  -32.758 0.6999999881
9698  -10.645  -62.773  -33.492 0.6999999881
5363  -17.943  -70.051  -38.859 0.5000000000
6622  -17.647  -68.385  -39.268 0.5000000000
9697  -9.765  -62.871  -33.619 0.6000000238
5345  -17.188  -70.452  -37.236 0.5000000000
9685  -10.357  -63.440  -32.918 0.5000000000
5327  -17.098  -70.311  -35.416 0.6000000238
5326  -16.502  -70.728  -35.565 0.5000000000
9068  -10.319  -64.291  -32.577 0.6000000238
5305  -16.807  -70.548  -34.593 0.5000000000
5974  -17.054  -69.903  -31.428 0.6000000238
5960  -18.507  -69.303  -31.442 0.5000000000
12482  -16.983  -59.422  -35.933 0.6999999881
12492  -18.627  -59.010  -36.789 0.5000000000
140129  -19.319  -58.919  -37.037 0.5000000000
11053  -16.375  -60.324  -34.188 0.8000000119
11759  -16.487  -59.958  -35.276 0.6999999881
11781  -20.284  -59.707  -37.851 0.5000000000
11789  -20.740  -60.440  -38.140 0.5000000000
10348  -15.462  -62.079  -34.146 0.6999999881
10361  -15.548  -61.417  -34.806 0.6999999881
11758  -15.911  -60.597  -35.841 0.8000000119
10359  -14.162  -62.220  -35.201 0.6999999881
10397  -21.196  -61.560  -38.165 0.5000000000
9701  -13.735  -63.199  -33.540 0.6999999881
131976  -13.984  -62.746  -34.394 0.6999999881
155866  -19.414  -63.080  -38.496 0.6000000238
9738  -20.727  -62.315  -38.181 0.5000000000
9675  -13.827  -63.830  -31.956 0.6000000238
9700  -12.738  -63.225  -33.496 0.6000000238
132297  -17.362  -66.211  -38.311 0.6000000238
9687  -12.232  -63.593  -32.594 0.6999999881
9699  -11.651  -62.953  -33.477 0.6999999881
6067  -17.678  -69.767  -37.864 0.6000000238
7209  -17.483  -67.771  -38.862 0.6000000238
9070  -11.596  -63.878  -32.193 0.6000000238
146531  -17.414  -69.800  -36.892 0.6000000238
5306  -17.479  -70.201  -34.769 0.6000000238
8381  -10.938  -65.624  -31.145 0.6000000238
5998  -17.347  -70.125  -33.152 0.6000000238
5975  -17.785  -69.697  -31.839 0.5000000000
11753  -16.872  -59.757  -34.263 0.6000000238
147009  -17.548  -59.190  -35.111 0.5000000000
134187  -18.216  -59.039  -35.573 0.5000000000
12504  -20.951  -59.514  -37.404 0.5000000000
11052  -15.890  -61.125  -34.093 0.8000000119
11082  -22.017  -60.943  -37.433 0.5000000000
10334  -15.520  -62.435  -33.225 0.6999999881
9736  -19.119  -63.588  -37.742 0.6000000238
8946  -8.846  -64.495  -25.735 0.6000000238
9689  -14.306  -63.380  -32.707 0.8000000119
8961  -10.352  -64.545  -26.302 0.6000000238
9055  -13.233  -64.207  -31.389 0.6999999881
9659  -14.201  -63.996  -31.000 0.8000000119
149437  -10.136  -65.230  -28.233 0.6000000238
9032  -12.619  -64.625  -30.959 0.6000000238
126757  -17.209  -67.770  -37.796 0.6000000238
137405  -17.315  -68.435  -37.170 0.6000000238
8340  -11.352  -65.571  -29.253 0.6000000238
135523  -11.358  -65.546  -30.669 0.6000000238
9031  -11.970  -64.710  -31.284 0.6000000238
130519  -17.193  -70.024  -36.193 0.6000000238
6053  -17.665  -69.755  -35.313 0.6000000238
9052  -10.904  -64.786  -31.843 0.5000000000
6024  -18.097  -69.911  -33.604 0.5000000000
6000  -18.568  -69.728  -32.882 0.5000000000
6042  -18.585  -69.762  -34.368 0.5000000000
129935  -17.617  -59.317  -33.580 0.5000000000
12474  -18.852  -59.090  -35.066 0.5000000000
11747  -16.628  -59.871  -33.242 0.6000000238
12465  -17.029  -59.470  -33.351 0.5000000000
11045  -15.949  -61.687  -33.254 0.8000000119
151845  -16.376  -60.047  -32.384 0.6999999881
11038  -15.898  -62.271  -32.448 0.8000000119
10333  -15.217  -62.984  -32.606 0.8000000119
9737  -19.985  -62.949  -37.962 0.6000000238
10386  -22.021  -61.743  -37.164 0.5000000000
9576  -10.059  -63.073  -24.339 0.6000000238
9677  -15.181  -63.464  -30.962 0.8000000119
9718  -20.597  -62.981  -36.054 0.5000000000
147318  -10.655  -63.421  -24.875 0.6999999881
8947  -9.913  -64.233  -25.515 0.6000000238
9034  -14.085  -64.387  -30.076 0.8000000119
9118  -17.894  -64.826  -37.466 0.6000000238
9106  -18.344  -64.251  -36.941 0.6000000238
9725  -19.779  -63.265  -36.870 0.6000000238
8948  -10.987  -64.099  -25.764 0.6000000238
7188  -17.115  -67.810  -36.612 0.6000000238
7786  -16.999  -66.959  -37.488 0.6000000238
9105  -17.628  -64.824  -36.208 0.6000000238
8320  -11.281  -65.143  -28.047 0.6000000238
8361  -12.808  -64.987  -30.175 0.6000000238
151552  -13.459  -64.758  -29.913 0.5000000000
8341  -12.160  -65.400  -29.526 0.6000000238
6041  -18.006  -69.954  -34.537 0.6000000238
135138  -17.499  -68.314  -35.784 0.6000000238
6590  -18.529  -68.893  -35.240 0.5000000000
6055  -18.859  -69.348  -34.876 0.5000000000
6025  -18.859  -69.767  -33.618 0.5000000000
6043  -19.318  -69.761  -34.386 0.5000000000
12456  -16.763  -59.372  -32.309 0.6000000238
11039  -16.273  -61.148  -32.264 0.6999999881
10237  -9.472  -61.742  -23.648 0.6000000238
10244  -9.805  -62.427  -23.974 0.6000000238
142190  -15.900  -62.781  -30.848 0.8000000119
127113  -21.512  -62.566  -35.717 0.5000000000
10245  -10.563  -62.409  -24.436 0.6000000238
10305  -16.002  -63.070  -29.422 0.8000000119
131875  -20.879  -62.885  -35.153 0.5000000000
9618  -14.968  -63.974  -28.561 0.8000000119
9724  -18.829  -63.730  -36.306 0.6000000238
9717  -19.435  -63.440  -35.583 0.6000000238
130467  -11.532  -63.409  -25.324 0.8000000119
8990  -14.243  -64.454  -28.590 0.6999999881
8444  -17.305  -65.458  -36.741 0.6000000238
142227  -18.024  -64.440  -34.722 0.6000000238
8949  -11.809  -63.938  -25.810 0.6999999881
8963  -12.238  -64.735  -26.973 0.6999999881
8989  -13.478  -64.919  -28.541 0.6000000238
7168  -16.882  -66.842  -36.392 0.6000000238
8426  -17.809  -65.087  -33.885 0.6000000238
8329  -11.701  -65.374  -28.647 0.6000000238
8425  -17.377  -65.736  -34.448 0.5000000000
7157  -17.861  -67.603  -34.539 0.5000000000
134769  -16.431  -59.730  -31.621 0.6000000238
143107  -16.798  -59.143  -31.319 0.5000000000
12337  -9.578  -59.799  -23.526 0.6000000238
154459  -16.475  -60.758  -31.100 0.6999999881
11656  -9.700  -59.985  -24.239 0.6000000238
10318  -16.453  -62.022  -30.569 0.6999999881
11026  -16.771  -61.288  -29.976 0.6000000238
10966  -10.190  -61.429  -24.264 0.6000000238
152310  -9.730  -59.930  -24.934 0.6000000238
10306  -16.566  -62.319  -29.649 0.6000000238
10289  -16.466  -62.677  -28.572 0.6999999881
10973  -10.949  -61.579  -24.942 0.8000000119
9619  -15.699  -63.407  -28.549 0.6999999881
10269  -15.995  -63.124  -27.802 0.6000000238
10250  -11.291  -62.591  -24.911 0.8000000119
9597  -14.706  -63.629  -26.696 0.8000000119
127815  -14.842  -62.469  -25.697 0.6999999881
9587  -12.333  -63.488  -25.608 0.6999999881
9595  -12.491  -64.184  -26.186 0.6999999881
10258  -13.939  -63.771  -26.332 0.6000000238
10259  -14.639  -63.134  -25.996 0.8000000119
13038  -9.530  -59.159  -23.274 0.6000000238
12347  -9.442  -59.425  -25.215 0.6000000238
11675  -9.807  -59.952  -25.556 0.6999999881
11680  -16.075  -61.440  -25.638 0.6000000238
11666  -10.380  -60.718  -25.120 0.6999999881
11694  -10.451  -59.953  -26.964 0.6999999881
10984  -15.377  -62.013  -25.678 0.6999999881
142949  -15.036  -61.107  -25.412 0.6000000238
10981  -11.449  -61.183  -25.577 0.8000000119
11677  -11.778  -60.747  -26.223 0.6000000238
10982  -12.164  -61.471  -25.631 0.5000000000
149842  -14.363  -61.792  -25.505 0.6999999881
12366  -13.540  -59.878  -26.420 0.6999999881
12394  -13.949  -59.340  -26.515 0.6000000238
10974  -11.765  -61.977  -25.227 0.8000000119
142162  -12.563  -60.961  -26.015 0.6000000238
10976  -13.458  -62.226  -25.490 0.6000000238
13690  -9.583  -58.416  -22.915 0.6000000238
13699  -8.875  -57.836  -24.985 0.6000000238
145813  -8.882  -58.543  -25.693 0.6999999881
12346  -9.400  -58.968  -24.460 0.6000000238
132395  -9.191  -59.283  -26.201 0.6999999881
12364  -9.003  -59.326  -27.200 0.6999999881
12365  -9.735  -59.708  -26.647 0.6999999881
12390  -9.708  -59.641  -27.726 0.6000000238
12391  -10.608  -59.791  -27.848 0.6000000238
11696  -12.146  -60.242  -26.931 0.6000000238
13074  -14.519  -59.027  -26.197 0.5000000000
12393  -13.363  -59.254  -27.161 0.6000000238
13097  -13.890  -58.603  -26.983 0.5000000000
14456  -13.655  -57.126  -27.855 0.5000000000
13109  -13.002  -58.472  -28.234 0.6000000238
13741  -13.506  -58.036  -27.704 0.5000000000
155323  -9.535  -57.071  -23.653 0.6000000238
13689  -9.404  -58.186  -23.935 0.6000000238
154328  -8.524  -57.881  -25.658 0.6999999881
13705  -8.244  -57.225  -25.657 0.6999999881
13094  -7.721  -57.965  -27.212 0.6999999881
135573  -8.525  -58.656  -26.719 0.6999999881
13095  -8.311  -58.782  -27.701 0.6000000238
12389  -8.967  -59.312  -28.122 0.5000000000
12412  -9.145  -59.294  -28.845 0.6999999881
131233  -8.860  -58.564  -30.110 0.6000000238
12413  -9.919  -59.543  -28.620 0.6000000238
12427  -10.948  -59.178  -29.136 0.6000000238
153356  -10.611  -58.449  -30.171 0.6000000238
13108  -12.403  -58.850  -28.609 0.6000000238
13752  -12.522  -58.074  -28.872 0.5000000000
13763  -12.052  -57.704  -29.614 0.5000000000
14482  -12.787  -56.328  -29.413 0.5000000000
15097  -10.556  -55.188  -23.670 0.6999999881
15767  -10.814  -54.704  -24.272 0.6999999881
14413  -8.889  -56.325  -24.725 0.6000000238
15096  -9.839  -55.846  -24.254 0.6999999881
15777  -10.819  -54.617  -25.000 0.6999999881
16527  -11.688  -54.251  -25.223 0.6000000238
129310  -8.595  -57.017  -24.936 0.6999999881
15095  -9.030  -55.468  -25.109 0.6999999881
15775  -8.087  -54.746  -25.902 0.6999999881
140852  -9.870  -54.646  -25.597 0.6999999881
14420  -7.673  -56.380  -25.929 0.6999999881
15106  -7.984  -55.679  -25.554 0.6999999881
15776  -8.762  -54.288  -26.028 0.6999999881
13106  -7.639  -58.180  -28.218 0.6999999881
13116  -7.614  -58.052  -29.201 0.6000000238
13107  -8.776  -58.934  -29.459 0.6000000238
13771  -8.953  -57.611  -30.661 0.6000000238
14496  -9.535  -56.973  -31.023 0.6000000238
13119  -10.310  -58.825  -29.855 0.6000000238
13129  -10.151  -58.239  -30.492 0.6000000238
13780  -9.903  -57.279  -30.985 0.6000000238
13130  -10.853  -58.002  -30.430 0.5000000000
14491  -11.181  -56.850  -31.184 0.6000000238
14499  -11.669  -56.254  -31.493 0.6000000238
13131  -11.523  -58.061  -29.932 0.5000000000
13774  -11.478  -57.360  -30.448 0.5000000000
15170  -12.345  -55.846  -30.961 0.5000000000
15757  -10.591  -54.579  -22.960 0.6999999881
16516  -11.340  -54.275  -24.376 0.6999999881
126760  -12.333  -54.018  -25.763 0.6000000238
16560  -12.430  -53.387  -27.415 0.4000000060
16525  -9.588  -54.118  -26.444 0.6000000238
16526  -10.713  -54.432  -25.954 0.5000000000
16540  -11.576  -54.157  -26.360 0.5000000000
17318  -12.065  -52.917  -28.241 0.4000000060
152046  -13.237  -51.927  -28.375 0.5000000000
13724  -7.613  -57.123  -26.506 0.6999999881
15118  -6.699  -55.189  -26.867 0.8000000119
15787  -7.735  -53.976  -26.514 0.6999999881
138250  -9.050  -53.327  -28.139 0.5000000000
16558  -10.114  -53.368  -28.105 0.4000000060
17317  -11.069  -52.910  -28.636 0.4000000060
18191  -12.071  -51.240  -29.050 0.4000000060
18202  -12.060  -50.238  -29.328 0.4000000060
14455  -6.625  -55.859  -27.509 0.8000000119
15135  -6.519  -55.072  -27.603 0.8000000119
131221  -6.777  -54.503  -26.861 0.8000000119
16555  -6.954  -53.713  -27.973 0.8000000119
16556  -7.648  -53.500  -28.180 0.6000000238
17316  -9.396  -53.135  -28.769 0.5000000000
144581  -10.224  -52.877  -28.937 0.4000000060
18190  -11.610  -51.276  -29.555 0.4000000060
13740  -7.086  -56.948  -27.494 0.6999999881
13751  -7.097  -57.306  -28.554 0.8000000119
14480  -7.340  -56.399  -29.727 0.6999999881
14488  -7.860  -56.468  -30.207 0.5000000000
17335  -9.992  -52.837  -29.340 0.5000000000
18189  -11.067  -52.158  -29.715 0.4000000060
18201  -11.777  -50.497  -29.668 0.4000000060
13770  -7.804  -57.166  -30.160 0.6000000238
132351  -8.373  -57.160  -30.530 0.5000000000
14495  -9.049  -56.502  -30.959 0.5000000000
15178  -10.000  -55.943  -31.556 0.6000000238
14497  -10.229  -56.668  -31.377 0.6000000238
15179  -10.924  -55.913  -31.826 0.6000000238
15761  -10.917  -54.250  -23.672 0.6000000238
138549  -10.723  -53.275  -23.396 0.5000000000
16517  -11.931  -53.763  -24.383 0.5000000000
126914  -12.475  -53.098  -24.258 0.4000000060
16518  -12.603  -53.729  -24.961 0.5000000000
16528  -13.093  -53.631  -25.811 0.5000000000
137334  -12.825  -52.964  -27.804 0.5000000000
17320  -14.225  -52.394  -27.397 0.5000000000
18193  -13.792  -51.797  -28.181 0.5000000000
129365  -14.532  -50.256  -28.520 0.5000000000
18192  -12.859  -51.053  -28.745 0.5000000000
20101  -14.566  -49.462  -28.795 0.5000000000
16570  -6.976  -54.113  -28.516 0.6999999881
16571  -7.452  -53.804  -28.613 0.6000000238
16583  -8.143  -53.869  -29.311 0.5000000000
17351  -8.706  -53.490  -29.278 0.5000000000
19121  -12.781  -49.826  -28.946 0.5000000000
20110  -13.670  -48.671  -29.204 0.5000000000
141845  -6.739  -56.387  -28.224 0.8000000119
147991  -7.158  -55.081  -29.248 0.6999999881
15830  -7.544  -54.986  -29.634 0.6000000238
141454  -8.966  -53.574  -29.697 0.5000000000
17353  -10.275  -52.727  -29.712 0.4000000060
18209  -11.434  -51.171  -29.949 0.5000000000
128099  -12.329  -49.379  -29.407 0.4000000060
20109  -12.589  -48.719  -29.637 0.5000000000
15169  -8.565  -55.731  -30.665 0.5000000000
15848  -9.148  -54.609  -30.648 0.5000000000
16597  -9.361  -53.807  -30.314 0.6000000238
17361  -10.407  -52.648  -30.082 0.5000000000
18208  -11.003  -52.127  -30.126 0.5000000000
18210  -11.969  -50.985  -30.504 0.5000000000
15858  -9.595  -55.207  -31.250 0.5000000000
16610  -10.813  -53.958  -31.476 0.5000000000
16598  -10.097  -53.399  -30.587 0.5000000000
16599  -10.829  -52.872  -30.695 0.5000000000
15859  -10.426  -55.087  -31.698 0.6000000238
16611  -11.834  -54.042  -31.987 0.6000000238
17267  -9.921  -52.296  -23.523 0.5000000000
17277  -10.083  -51.781  -23.691 0.5000000000
16508  -11.703  -53.018  -23.887 0.5000000000
18142  -12.027  -52.430  -23.799 0.4000000060
155792  -12.929  -53.301  -24.640 0.4000000060
17276  -9.164  -51.434  -23.719 0.5000000000
18141  -11.133  -52.010  -23.693 0.4000000060
16529  -13.816  -53.214  -25.592 0.5000000000
17300  -14.020  -52.967  -26.559 0.6000000238
17301  -14.823  -52.430  -26.624 0.5000000000
18179  -14.632  -51.770  -27.671 0.5000000000
19106  -15.035  -51.073  -27.954 0.4000000060
19115  -15.532  -50.366  -28.152 0.4000000060
19116  -16.619  -50.067  -28.001 0.4000000060
18126  -11.003  -51.165  -23.533 0.4000000060
18127  -11.979  -51.532  -23.517 0.4000000060
142505  -12.724  -52.270  -23.871 0.4000000060
17279  -13.997  -52.730  -24.729 0.5000000000
17290  -14.525  -52.732  -25.599 0.5000000000
17281  -15.375  -52.174  -25.525 0.5000000000
18143  -13.583  -52.142  -23.957 0.4000000060
18144  -14.431  -51.978  -24.166 0.4000000060
18145  -15.295  -51.734  -24.452 0.5000000000
18152  -15.917  -51.654  -25.037 0.4000000060
18181  -16.259  -51.271  -26.618 0.4000000060
19107  -16.384  -50.770  -27.307 0.4000000060
19108  -17.156  -50.524  -26.989 0.4000000060
19046  -10.271  -50.417  -23.404 0.4000000060
19047  -11.407  -50.573  -23.197 0.4000000060
18128  -13.020  -51.465  -23.462 0.4000000060
20009  -11.226  -49.080  -22.416 0.4000000060
20029  -11.881  -49.838  -22.733 0.4000000060
150478  -13.998  -51.294  -23.505 0.4000000060
140527  -13.955  -50.329  -23.100 0.4000000060
19051  -15.435  -50.997  -23.857 0.5000000000
19062  -16.032  -51.160  -24.449 0.5000000000
19071  -16.482  -51.216  -25.150 0.4000000060
156200  -16.790  -50.914  -26.561 0.4000000060
20031  -14.662  -49.873  -23.160 0.4000000060
20043  -16.800  -49.701  -23.979 0.4000000060
20044  -17.401  -50.115  -24.686 0.4000000060
19072  -17.105  -50.724  -25.294 0.4000000060
20079  -17.849  -50.187  -26.432 0.4000000060
20008  -10.051  -48.954  -22.658 0.4000000060
152518  -10.734  -48.584  -22.254 0.3000000119
20030  -13.032  -49.843  -22.777 0.3000000119
20011  -13.952  -49.409  -22.879 0.4000000060
21847  -11.289  -47.338  -21.788 0.4000000060
144873  -11.546  -48.236  -22.087 0.3000000119
20956  -12.706  -48.088  -22.266 0.3000000119
20957  -13.284  -48.801  -22.585 0.4000000060
21853  -14.552  -47.492  -23.206 0.5000000000
20964  -16.308  -48.753  -23.631 0.4000000060
20045  -18.053  -49.600  -24.886 0.4000000060
20996  -19.008  -49.057  -25.947 0.3000000119
22716  -14.282  -46.806  -23.381 0.5000000000
22717  -14.974  -47.065  -23.651 0.5000000000
20974  -17.172  -48.722  -23.981 0.4000000060
20975  -18.071  -48.741  -24.428 0.3000000119
21846  -10.281  -47.197  -21.681 0.4000000060
22698  -11.043  -46.422  -21.654 0.4000000060
132532  -12.145  -46.646  -22.009 0.4000000060
21848  -13.069  -47.134  -22.369 0.5000000000
21852  -13.915  -47.278  -22.832 0.5000000000
131078  -11.980  -45.527  -22.037 0.4000000060
22713  -13.618  -46.533  -22.932 0.5000000000
23562  -13.899  -46.141  -23.739 0.5000000000
22731  -14.616  -46.403  -24.026 0.4000000060
22733  -16.903  -47.059  -24.265 0.4000000060
21869  -18.353  -47.883  -24.485 0.3000000119
130702  -13.444  -45.480  -24.211 0.3000000119
125962  -14.083  -45.782  -24.542 0.3000000119
23573  -14.988  -46.006  -24.654 0.3000000119
23552  -11.385  -44.450  -22.078 0.3000000119
23560  -12.478  -44.494  -22.682 0.4000000060
23575  -17.263  -46.296  -24.547 0.3000000119
24369  -10.792  -43.631  -22.269 0.3000000119
25231  -11.119  -42.165  -23.048 0.3000000119
7823  -14.321  -66.972  -39.541 0.6000000238
142690  -14.580  -65.055  -38.731 0.5000000000
11697  -12.715  -59.764  -27.248 0.6000000238
152213  -12.139  -59.882  -27.624 0.6000000238
2838  -10.123  -75.752  -34.602 0.5000000000
3189  -11.395  -75.306  -34.029 0.6000000238
3888  -12.852  -74.142  -38.323 0.5000000000
3182  -11.702  -75.180  -33.124 0.6999999881
125051  -11.636  -77.187  -31.619 0.6999999881
2793  -12.525  -76.468  -31.042 0.6999999881
3867  -12.808  -73.171  -32.676 0.6999999881
2794  -13.365  -76.436  -30.675 0.6999999881
3521  -12.902  -74.979  -30.830 0.6999999881
4289  -16.208  -72.471  -40.480 0.5000000000
2177  -15.091  -77.886  -33.276 0.6999999881
4217  -13.294  -72.416  -33.132 0.6999999881
4212  -13.324  -72.574  -32.242 0.6999999881
2461  -15.993  -77.233  -31.765 0.6999999881
4191  -14.700  -73.090  -29.711 0.6999999881
7834  -14.964  -67.203  -40.223 0.6000000238
2476  -17.219  -76.859  -32.852 0.6999999881
4661  -14.550  -71.568  -32.028 0.6000000238
4175  -16.504  -72.258  -28.496 0.6000000238
3501  -17.472  -74.239  -28.442 0.5000000000
128601  -11.923  -64.866  -37.831 0.6999999881
4200  -15.018  -71.736  -30.497 0.6000000238
2841  -18.165  -76.215  -35.153 0.6000000238
2865  -18.043  -76.271  -37.558 0.6000000238
146323  -17.028  -71.539  -28.352 0.5000000000
141958  -19.449  -71.786  -27.497 0.5000000000
2830  -19.706  -75.904  -34.602 0.5000000000
9743  -12.716  -64.078  -37.571 0.6000000238
9117  -10.932  -63.950  -37.468 0.6999999881
124316  -17.358  -67.226  -39.650 0.6000000238
4662  -15.358  -71.028  -32.395 0.5000000000
4645  -16.061  -71.211  -29.477 0.5000000000
4627  -17.489  -70.878  -28.344 0.6000000238
156170  -16.898  -70.943  -28.745 0.5000000000
4628  -18.245  -70.844  -27.848 0.5000000000
132372  -19.410  -75.730  -38.472 0.6000000238
2856  -20.339  -75.994  -36.272 0.6000000238
3191  -21.295  -75.981  -34.163 0.5000000000
10358  -13.089  -62.322  -35.014 0.6000000238
10385  -21.474  -62.092  -37.711 0.5000000000
8960  -9.460  -64.825  -26.738 0.6000000238
8359  -10.964  -65.976  -30.261 0.6000000238
6023  -17.428  -70.180  -34.036 0.6000000238
8975  -10.422  -64.790  -27.056 0.6000000238
9660  -14.817  -63.839  -30.156 0.8000000119
8976  -11.307  -64.839  -27.232 0.6000000238
8435  -17.137  -65.623  -35.537 0.6000000238
8988  -12.598  -65.251  -28.581 0.6000000238
133936  -17.273  -67.530  -35.460 0.6000000238
9606  -15.204  -63.628  -27.533 0.8000000119
9088  -19.115  -63.630  -34.416 0.6000000238
8978  -13.885  -64.530  -27.798 0.6000000238
8964  -12.993  -64.919  -27.607 0.6999999881
10252  -12.903  -62.916  -25.475 0.6000000238
12392  -11.520  -59.815  -27.870 0.6000000238
11678  -13.056  -60.478  -26.342 0.6999999881
141548  -11.427  -59.462  -28.553 0.6000000238
13753  -13.090  -57.600  -28.385 0.5000000000
148261  -8.394  -57.880  -30.356 0.5000000000
12428  -11.688  -59.041  -28.921 0.6000000238
15160  -12.416  -56.154  -30.191 0.5000000000
15086  -10.424  -55.436  -22.637 0.6999999881
15765  -9.144  -54.841  -25.400 0.6999999881
15105  -7.208  -54.944  -26.280 0.8000000119
16538  -8.447  -53.701  -26.819 0.6000000238
16507  -11.325  -53.612  -23.886 0.6000000238
16559  -11.478  -53.583  -27.515 0.5000000000
16539  -10.485  -54.001  -27.007 0.5000000000
19127  -11.980  -50.071  -29.882 0.5000000000
17268  -10.890  -52.696  -23.607 0.5000000000
20100  -13.627  -49.569  -28.829 0.5000000000
16582  -7.454  -54.262  -29.113 0.6000000238
15831  -8.009  -54.545  -29.776 0.6000000238
17370  -11.475  -53.225  -31.318 0.5000000000
18140  -10.200  -51.199  -23.663 0.5000000000
18180  -15.531  -51.752  -26.854 0.5000000000
17280  -14.758  -52.326  -24.838 0.6000000238
20028  -10.779  -49.757  -22.886 0.4000000060
19048  -12.451  -50.675  -23.102 0.4000000060
20010  -12.299  -48.987  -22.425 0.3000000119
19052  -16.100  -50.438  -23.894 0.5000000000
19063  -16.702  -50.613  -24.536 0.4000000060
20012  -14.681  -49.037  -23.046 0.4000000060
20032  -15.214  -49.477  -23.281 0.4000000060
20063  -17.737  -50.220  -25.496 0.4000000060
20080  -18.489  -49.569  -26.848 0.4000000060
142009  -12.217  -47.465  -22.032 0.3000000119
21849  -13.564  -47.936  -22.582 0.5000000000
151220  -14.183  -47.878  -22.862 0.4000000060
21855  -15.840  -48.070  -23.572 0.5000000000
20963  -15.419  -48.694  -23.323 0.4000000060
20064  -18.369  -49.674  -25.754 0.4000000060
22732  -15.429  -46.670  -24.138 0.5000000000
132740  -16.527  -47.823  -23.889 0.4000000060
141408  -17.513  -47.886  -24.169 0.4000000060
22712  -12.869  -46.157  -22.490 0.5000000000
23553  -12.838  -45.356  -22.707 0.5000000000
23554  -13.308  -45.787  -23.246 0.4000000060
23574  -16.112  -46.275  -24.528 0.4000000060
23561  -12.996  -44.942  -23.597 0.4000000060
24375  -11.869  -43.541  -22.714 0.3000000119
25232  -12.035  -42.712  -23.325 0.3000000119
133406  -12.720  -43.692  -23.948 0.3000000119
1948  -18.679  -79.114  -42.127 0.5000000000
1949  -19.473  -79.088  -42.023 0.5000000000
1932  -20.452  -79.519  -40.704 0.5000000000
126582  -20.402  -78.830  -41.878 0.5000000000
1933  -21.327  -79.302  -40.689 0.5000000000
1942  -20.709  -79.177  -41.278 0.5000000000
1925  -21.789  -79.492  -39.961 0.6000000238
2538  -18.389  -77.410  -42.677 0.5000000000
141788  -19.044  -78.288  -42.477 0.5000000000
2257  -19.980  -78.228  -42.448 0.5000000000
2258  -20.962  -78.168  -42.396 0.5000000000
1660  -22.196  -79.808  -39.090 0.6000000238
2252  -22.396  -78.640  -41.819 0.6000000238
1943  -21.870  -78.985  -41.262 0.6000000238
149738  -17.096  -77.325  -42.181 0.4000000060
147234  -14.029  -77.891  -39.218 0.4000000060
2238  -14.802  -77.741  -39.075 0.4000000060
2525  -14.900  -77.805  -40.337 0.5000000000
2526  -15.657  -77.333  -40.512 0.5000000000
2531  -15.420  -77.832  -41.065 0.5000000000
2532  -16.121  -77.237  -41.194 0.5000000000
2527  -16.227  -76.866  -40.711 0.5000000000
2250  -16.641  -78.028  -41.903 0.5000000000
2534  -17.192  -76.580  -42.110 0.5000000000
1651  -23.781  -80.244  -38.291 0.6000000238
1363  -24.744  -81.031  -37.108 0.6000000238
2896  -18.024  -76.494  -42.495 0.5000000000
2897  -18.952  -76.502  -42.733 0.5000000000
2890  -18.532  -75.795  -42.273 0.5000000000
1661  -23.385  -79.857  -39.083 0.6000000238
2540  -20.470  -77.358  -42.903 0.5000000000
2259  -21.944  -78.159  -42.398 0.6000000238
1944  -22.837  -78.950  -41.315 0.6000000238
1652  -24.725  -80.246  -38.294 0.6000000238
1945  -23.667  -78.873  -41.297 0.6000000238
1662  -24.361  -79.832  -39.005 0.6000000238
156106  -25.281  -80.166  -38.273 0.6999999881
1936  -24.631  -79.138  -40.436 0.6000000238
1663  -25.143  -79.729  -38.800 0.6999999881
135751  -13.709  -78.475  -37.216 0.6000000238
149853  -14.373  -78.401  -37.140 0.6000000238
142691  -14.982  -78.341  -36.845 0.6000000238
2230  -14.305  -78.015  -38.389 0.5000000000
144559  -15.143  -77.840  -38.237 0.5000000000
147855  -15.829  -77.527  -38.066 0.6000000238
2520  -15.241  -77.495  -39.770 0.5000000000
2239  -15.562  -77.443  -38.934 0.5000000000
154924  -16.055  -76.974  -39.783 0.5000000000
2533  -16.657  -76.665  -41.358 0.5000000000
2528  -16.876  -76.422  -40.429 0.5000000000
150815  -17.749  -75.955  -42.060 0.5000000000
1349  -25.740  -81.494  -35.853 0.6999999881
1355  -25.255  -81.313  -36.527 0.6000000238
1350  -26.554  -81.527  -35.230 0.8000000119
2891  -19.512  -75.752  -42.499 0.5000000000
2899  -20.991  -76.440  -43.050 0.5000000000
2900  -22.025  -76.495  -43.094 0.6000000238
1364  -25.648  -80.988  -37.177 0.6999999881
1356  -26.471  -81.292  -36.007 0.6999999881
2260  -22.868  -78.097  -42.321 0.6000000238
1654  -26.553  -80.096  -37.723 0.6999999881
2261  -23.608  -77.972  -42.142 0.6000000238
2246  -24.448  -78.712  -41.114 0.6000000238
2529  -25.158  -78.184  -40.501 0.6999999881
1920  -25.633  -79.488  -38.728 0.6999999881
1917  -27.970  -79.581  -36.940 0.6000000238
2209  -13.262  -78.653  -36.492 0.5000000000
2210  -14.223  -78.567  -36.415 0.6000000238
2508  -15.767  -77.931  -36.511 0.6000000238
136600  -16.268  -77.104  -38.672 0.6000000238
2521  -16.908  -76.635  -39.200 0.6000000238
2878  -17.621  -75.915  -40.634 0.5000000000
2879  -18.301  -75.635  -40.223 0.6000000238
139586  -26.206  -81.711  -34.396 0.6999999881
2886  -18.155  -75.568  -41.347 0.5000000000
2887  -18.957  -75.248  -40.723 0.5000000000
1335  -27.941  -81.260  -34.319 0.5000000000
130661  -28.418  -81.122  -32.734 0.6000000238
3247  -19.121  -75.281  -41.718 0.6000000238
2893  -21.584  -75.673  -42.770 0.5000000000
1351  -27.498  -81.255  -35.044 0.6000000238
2894  -22.693  -75.784  -42.787 0.5000000000
1646  -26.425  -80.662  -37.184 0.6999999881
1638  -27.867  -80.378  -36.323 0.6000000238
150885  -23.861  -76.315  -42.608 0.5000000000
1647  -27.332  -80.121  -37.071 0.6000000238
1918  -28.791  -79.342  -36.697 0.6000000238
2895  -24.740  -76.689  -41.786 0.5000000000
2889  -24.983  -77.127  -40.724 0.6000000238
1916  -27.176  -79.541  -37.433 0.5000000000
2518  -25.631  -78.297  -38.180 0.5000000000
2214  -28.508  -78.365  -36.650 0.5000000000
2198  -12.901  -78.742  -35.649 0.6000000238
135099  -13.667  -78.674  -35.778 0.6000000238
134895  -12.644  -78.704  -34.846 0.4000000060
154421  -19.000  -75.470  -39.869 0.5000000000
148009  -28.394  -81.143  -33.645 0.6000000238
3248  -19.781  -75.061  -41.049 0.5000000000
1628  -28.842  -80.793  -34.266 0.5000000000
3255  -22.202  -75.089  -42.221 0.5000000000
1629  -29.299  -80.333  -34.999 0.5000000000
1622  -29.700  -80.189  -34.184 0.5000000000
1621  -29.110  -80.640  -33.440 0.5000000000
3251  -22.729  -74.894  -41.312 0.5000000000
1639  -28.818  -79.729  -36.315 0.5000000000
1909  -30.358  -79.356  -35.780 0.5000000000
3252  -23.810  -75.247  -41.187 0.6000000238
127890  -24.106  -75.954  -39.217 0.6000000238
2224  -28.284  -79.122  -36.896 0.5000000000
135528  -29.473  -78.678  -36.668 0.6000000238
2884  -24.697  -76.794  -39.193 0.6000000238
2517  -24.951  -77.434  -38.160 0.5000000000
147351  -11.883  -78.498  -33.515 0.4000000060
3241  -20.319  -75.089  -40.451 0.5000000000
126744  -30.158  -79.100  -33.241 0.5000000000
3250  -21.641  -74.861  -41.335 0.5000000000
154334  -22.359  -75.244  -39.543 0.5000000000
2191  -30.977  -79.213  -35.144 0.5000000000
2178  -29.404  -78.239  -32.984 0.5000000000
2478  -27.323  -77.354  -32.411 0.5000000000
2800  -26.532  -76.493  -31.793 0.5000000000
3856  -27.289  -73.486  -31.254 0.5000000000
155233  -22.883  -75.575  -38.550 0.6000000238
145974  -23.478  -75.749  -38.456 0.6000000238
2204  -30.577  -78.804  -36.141 0.5000000000
2877  -24.248  -76.297  -38.291 0.6000000238
2503  -29.704  -76.452  -35.734 0.5000000000
2871  -24.347  -76.532  -37.396 0.5000000000
151206  -25.231  -76.470  -36.553 0.5000000000
156133  -21.666  -76.146  -35.816 0.5000000000
2488  -30.694  -78.079  -33.752 0.5000000000
2819  -28.016  -76.794  -32.892 0.5000000000
3180  -27.064  -75.967  -32.242 0.5000000000
3532  -27.023  -75.214  -31.994 0.5000000000
2868  -21.693  -76.065  -37.118 0.5000000000
148969  -22.204  -76.119  -36.392 0.6000000238
2495  -30.622  -76.961  -34.790 0.5000000000
124656  -28.961  -76.770  -33.287 0.5000000000
3533  -27.630  -74.751  -32.476 0.5000000000
3863  -27.652  -73.822  -32.308 0.5000000000
4210  -28.037  -72.402  -32.004 0.5000000000
2870  -23.528  -75.808  -37.549 0.5000000000
2494  -29.669  -76.312  -34.333 0.5000000000
2833  -29.339  -75.632  -34.507 0.5000000000
3192  -22.164  -75.897  -34.323 0.5000000000
3869  -28.411  -73.794  -33.669 0.5000000000
3534  -28.078  -74.312  -33.091 0.5000000000
3857  -28.014  -73.069  -32.571 0.5000000000
4670  -29.016  -71.853  -33.094 0.4000000060
141928  -28.386  -73.091  -33.306 0.4000000060
6070  -13.323  -69.314  -39.263 0.4000000060
9586  -9.119  -63.993  -24.863 0.5000000000
10955  -9.116  -61.285  -23.252 0.5000000000
134562  -8.993  -62.487  -23.636 0.5000000000
12336  -9.163  -60.083  -22.672 0.5000000000
11647  -8.711  -60.915  -22.808 0.5000000000
9575  -9.246  -63.264  -24.163 0.5000000000
15083  -10.156  -55.180  -21.843 0.5000000000
147068  -10.299  -54.702  -22.333 0.5000000000
16506  -10.581  -53.783  -23.057 0.5000000000
2875  -20.942  -75.659  -38.687 0.5000000000
2882  -21.484  -75.335  -39.483 0.5000000000
1926  -23.028  -79.437  -40.035 0.6000000238
1935  -23.895  -79.200  -40.663 0.6000000238
2542  -22.457  -77.407  -42.842 0.6000000238
1937  -25.063  -79.070  -40.181 0.6999999881
2220  -14.755  -78.181  -37.607 0.6000000238
2892  -20.529  -75.703  -42.668 0.5000000000
2536  -24.906  -77.913  -41.416 0.6000000238
2231  -25.766  -79.074  -38.877 0.6000000238
2523  -25.362  -78.625  -39.705 0.6000000238
1334  -27.456  -81.564  -33.462 0.6999999881
3254  -21.109  -75.087  -42.180 0.5000000000
3256  -23.358  -75.294  -42.154 0.5000000000
145891  -24.647  -76.366  -40.070 0.6000000238
2522  -25.168  -77.692  -39.647 0.6000000238
154792  -25.995  -78.770  -38.510 0.5000000000
2203  -30.195  -77.704  -36.329 0.5000000000
1906  -30.241  -79.788  -35.038 0.5000000000
2179  -30.512  -79.558  -34.127 0.5000000000
3244  -23.057  -75.113  -40.275 0.5000000000
153578  -24.870  -77.194  -37.036 0.5000000000
2876  -22.105  -75.551  -38.604 0.5000000000
143234  -22.753  -75.744  -38.010 0.5000000000
152409  -22.069  -75.856  -37.756 0.5000000000
2809  -27.947  -76.024  -32.896 0.5000000000
3538  -28.310  -75.151  -33.152 0.5000000000
4215  -28.443  -72.414  -32.813 0.5000000000
3187  -28.993  -75.109  -34.107 0.4000000060
2151  -27.857  -79.373  -29.657 0.5000000000
136712  -27.851  -79.479  -30.435 0.6000000238
1881  -27.302  -78.885  -30.967 0.6000000238
1606  -28.590  -80.046  -30.646 0.6000000238
149390  -28.678  -80.971  -30.788 0.4000000060
2153  -26.619  -78.147  -30.585 0.4000000060
2156  -27.615  -78.816  -31.845 0.4000000060
1883  -28.115  -79.565  -31.247 0.6000000238
1885  -28.666  -79.905  -31.757 0.5000000000
1892  -29.218  -79.757  -32.509 0.4000000060
1612  -28.741  -80.485  -31.218 0.5000000000
150474  -29.141  -80.409  -32.720 0.5000000000
1324  -27.400  -81.610  -32.541 0.6000000238
1333  -26.553  -81.742  -33.743 0.6000000238
140935  -25.565  -81.599  -34.379 0.6000000238
142257  -25.111  -81.543  -35.502 0.6000000238
1348  -24.942  -81.454  -35.997 0.6000000238
1354  -24.218  -81.060  -36.369 0.6000000238
1362  -23.594  -80.703  -36.928 0.5000000000
1650  -22.609  -80.164  -38.226 0.5000000000
1659  -21.008  -79.841  -39.227 0.5000000000
4664  -28.620  -71.742  -32.204 0.3000000119
1683  -19.211  -79.622  -41.558 0.4000000060
9709  -20.077  -63.248  -34.861 0.4000000060
9081  -18.921  -63.903  -33.305 0.4000000060
9087  -18.408  -64.260  -34.015 0.5000000000
15171  -13.025  -55.270  -31.255 0.5000000000
15181  -12.998  -55.037  -31.904 0.5000000000
15849  -13.652  -54.654  -31.556 0.5000000000
15869  -12.963  -54.702  -32.147 0.4000000060
17381  -13.202  -53.401  -32.167 0.4000000060
141025  -17.263  -53.259  -32.743 0.4000000060
134702  -12.293  -51.885  -31.163 0.4000000060
17372  -14.126  -52.246  -32.280 0.4000000060
17382  -14.012  -53.188  -32.406 0.4000000060
18218  -13.554  -51.215  -31.715 0.4000000060
132116  -17.065  -52.481  -33.421 0.4000000060
19133  -12.947  -49.943  -31.129 0.4000000060
138276  -13.933  -50.339  -31.708 0.4000000060
19144  -17.504  -50.675  -33.297 0.4000000060
20118  -12.431  -49.375  -30.309 0.4000000060
126368  -13.521  -49.243  -31.350 0.4000000060
20119  -12.612  -48.642  -30.110 0.4000000060
140009  -13.339  -48.380  -31.077 0.4000000060
130000  -15.622  -49.416  -28.732 0.3000000119
138864  -14.647  -48.498  -29.247 0.4000000060
20093  -17.630  -49.969  -27.413 0.3000000119
138268  -17.291  -49.488  -28.302 0.3000000119
20111  -15.784  -48.465  -29.296 0.3000000119
20102  -16.479  -49.301  -28.726 0.3000000119
142612  -16.239  -53.284  -32.497 0.4000000060
16627  -15.746  -53.106  -32.750 0.4000000060
155845  -14.274  -53.660  -32.378 0.4000000060
16612  -14.405  -53.873  -32.179 0.4000000060
142569  -15.282  -52.777  -32.746 0.4000000060
18227  -15.388  -51.787  -32.613 0.4000000060
18235  -17.948  -52.219  -33.841 0.4000000060
18228  -16.396  -51.736  -32.999 0.4000000060
19142  -15.724  -50.741  -32.475 0.4000000060
18219  -14.449  -51.427  -32.187 0.4000000060
2770  -32.898  -76.485  -27.648 0.3000000119
3140  -32.508  -75.719  -27.797 0.3000000119
2434  -33.369  -77.983  -26.812 0.4000000060
2762  -32.307  -77.067  -27.174 0.3000000119
2769  -31.951  -76.234  -27.393 0.4000000060
133292  -32.114  -78.086  -26.189 0.3000000119
134402  -31.348  -76.755  -26.764 0.4000000060
1846  -31.858  -78.976  -25.070 0.3000000119
2432  -31.717  -77.536  -26.464 0.3000000119
3132  -30.329  -76.532  -26.554 0.3000000119
2130  -32.008  -78.547  -25.677 0.3000000119
2133  -31.101  -78.072  -25.739 0.3000000119
2760  -29.599  -77.105  -26.229 0.3000000119
2129  -31.016  -78.701  -25.242 0.3000000119
2431  -29.792  -77.967  -25.834 0.3000000119
2430  -28.922  -77.661  -26.260 0.3000000119
1844  -29.991  -79.120  -25.269 0.3000000119
133519  -29.464  -78.772  -25.726 0.3000000119
153711  -28.521  -78.030  -26.452 0.3000000119
1563  -29.510  -80.288  -25.012 0.3000000119
1564  -30.022  -79.624  -24.848 0.3000000119
132899  -29.294  -79.443  -25.821 0.3000000119
1852  -28.958  -79.218  -26.287 0.3000000119
127653  -28.507  -79.180  -27.555 0.3000000119
132292  -29.508  -79.837  -25.440 0.4000000060
3139  -31.537  -75.427  -27.567 0.3000000119
2131  -33.557  -78.533  -26.131 0.4000000060
2768  -30.961  -75.942  -27.022 0.4000000060
1847  -32.870  -78.961  -25.517 0.3000000119
3138  -30.032  -75.854  -26.852 0.4000000060
2759  -28.765  -76.907  -26.559 0.4000000060
2439  -28.178  -77.530  -26.784 0.4000000060
1839  -31.637  -79.383  -24.496 0.3000000119
2140  -28.302  -78.465  -26.991 0.4000000060
1549  -30.484  -80.129  -23.645 0.3000000119
1868  -28.055  -78.797  -27.938 0.4000000060
1869  -28.690  -79.572  -28.319 0.3000000119
1540  -30.204  -80.803  -22.619 0.3000000119
3495  -32.151  -74.996  -27.977 0.3000000119
3819  -31.774  -74.133  -28.039 0.3000000119
3494  -31.100  -74.628  -27.725 0.3000000119
127416  -30.014  -74.286  -27.583 0.3000000119
2425  -35.208  -77.650  -23.715 0.4000000060
130199  -30.325  -75.150  -27.269 0.3000000119
3493  -29.362  -74.725  -27.351 0.3000000119
1840  -32.546  -79.298  -24.735 0.3000000119
2124  -33.423  -79.314  -24.748 0.4000000060
3137  -29.157  -75.500  -27.013 0.4000000060
127242  -28.401  -74.777  -27.471 0.3000000119
2767  -28.080  -76.605  -27.017 0.4000000060
2766  -27.447  -76.183  -27.549 0.4000000060
127387  -32.361  -79.578  -23.973 0.3000000119
1825  -33.209  -79.589  -21.929 0.3000000119
2438  -27.510  -77.077  -27.437 0.4000000060
2448  -26.943  -76.696  -28.096 0.4000000060
1833  -31.416  -79.766  -23.759 0.3000000119
1820  -32.746  -79.856  -20.872 0.3000000119
2447  -26.719  -77.362  -28.745 0.4000000060
1834  -32.241  -79.817  -22.963 0.3000000119
1875  -27.941  -79.141  -28.828 0.4000000060
152892  -27.348  -78.777  -29.315 0.4000000060
2150  -26.737  -78.093  -29.533 0.5000000000
3818  -30.685  -73.747  -27.820 0.3000000119
4170  -32.396  -73.530  -28.207 0.3000000119
2122  -34.811  -78.467  -22.987 0.4000000060
3491  -27.661  -74.364  -27.978 0.4000000060
3146  -26.580  -75.402  -28.838 0.4000000060
1836  -34.123  -79.099  -22.467 0.4000000060
2780  -26.889  -75.777  -28.188 0.4000000060
2779  -26.431  -76.321  -28.956 0.5000000000
2455  -26.247  -77.212  -30.579 0.4000000060
1821  -33.432  -79.325  -20.918 0.3000000119
2452  -26.378  -77.185  -29.628 0.4000000060
2155  -26.915  -78.262  -31.539 0.4000000060
2166  -27.424  -78.072  -32.266 0.4000000060
1542  -32.059  -80.089  -21.829 0.3000000119
1541  -31.109  -80.638  -21.605 0.3000000119
127776  -30.274  -81.336  -21.219 0.3000000119
3817  -29.609  -73.458  -27.797 0.3000000119
134165  -29.023  -74.081  -27.634 0.3000000119
3505  -27.871  -73.484  -28.286 0.3000000119
1826  -34.007  -78.874  -21.298 0.4000000060
3513  -26.677  -74.602  -29.273 0.5000000000
3163  -26.266  -75.606  -30.600 0.4000000060
1815  -33.505  -78.707  -20.503 0.4000000060
2454  -26.278  -76.985  -31.364 0.4000000060
1808  -31.695  -79.456  -18.701 0.3000000119
142485  -32.874  -78.779  -19.808 0.3000000119
1814  -32.414  -79.819  -19.616 0.3000000119
1524  -31.621  -80.598  -19.711 0.3000000119
1229  -29.454  -81.877  -20.654 0.3000000119
1530  -30.190  -81.546  -19.922 0.3000000119
3816  -28.366  -72.852  -28.346 0.3000000119
3835  -27.403  -73.318  -28.905 0.4000000060
3851  -26.724  -74.129  -29.982 0.4000000060
2097  -30.796  -79.223  -18.359 0.3000000119
2096  -29.810  -79.022  -18.440 0.3000000119
1807  -30.950  -80.192  -18.387 0.3000000119
1806  -30.035  -79.988  -18.235 0.3000000119
1522  -29.782  -81.366  -18.925 0.3000000119
2095  -28.881  -78.738  -18.798 0.3000000119
1804  -28.278  -79.455  -18.955 0.3000000119
1805  -29.119  -79.779  -18.471 0.3000000119
1513  -28.454  -80.479  -18.835 0.3000000119
1514  -29.355  -80.688  -18.530 0.3000000119
4651  -28.166  -71.629  -30.214 0.3000000119
4203  -27.350  -72.906  -30.544 0.4000000060
1812  -27.560  -79.186  -19.524 0.3000000119
1811  -26.977  -80.016  -19.715 0.3000000119
5240  -30.133  -70.171  -29.611 0.3000000119
4632  -28.577  -71.299  -29.650 0.3000000119
4658  -28.186  -71.777  -31.163 0.3000000119
141938  -29.837  -70.229  -30.309 0.3000000119
4652  -28.680  -71.103  -30.527 0.3000000119
4659  -28.937  -71.123  -31.507 0.3000000119
146949  -12.267  -54.722  -32.192 0.5000000000
143939  -13.838  -47.798  -29.742 0.5000000000
21039  -13.400  -47.747  -30.239 0.4000000060
16625  -12.715  -54.072  -32.230 0.4000000060
1323  -26.443  -81.766  -32.831 0.6000000238
1617  -28.815  -80.502  -31.981 0.5000000000
2167  -28.282  -78.530  -32.500 0.4000000060
3526  -26.641  -74.973  -31.147 0.4000000060
3520  -26.842  -74.198  -30.761 0.4000000060
4209  -27.660  -72.614  -31.210 0.4000000060
15850  -14.403  -54.403  -31.201 0.5000000000
15862  -14.920  -54.076  -31.852 0.4000000060
16628  -16.728  -52.968  -33.042 0.4000000060
2433  -32.603  -77.784  -26.801 0.3000000119
1845  -30.840  -79.164  -24.808 0.3000000119
1838  -30.694  -79.654  -24.353 0.3000000119
137302  -34.065  -79.006  -25.238 0.4000000060
2139  -27.669  -77.963  -27.547 0.4000000060
1841  -33.979  -79.246  -23.789 0.4000000060
1835  -33.205  -79.553  -23.254 0.3000000119
1532  -31.885  -80.428  -20.676 0.3000000119
3154  -26.327  -75.495  -29.627 0.4000000060
1531  -31.057  -81.033  -20.364 0.3000000119
4196  -27.401  -72.863  -29.640 0.4000000060
2103  -32.363  -78.131  -19.574 0.3000000119
1223  -29.322  -81.779  -19.639 0.3000000119
4197  -27.965  -71.975  -29.427 0.3000000119
142594  -27.759  -80.056  -19.238 0.3000000119
1361  -22.358  -80.520  -36.757 0.5000000000
156096  -22.813  -80.626  -36.222 0.5000000000
152612  -23.521  -80.860  -36.002 0.5000000000
1331  -25.038  -81.381  -33.962 0.5000000000
154159  -26.015  -81.778  -32.060 0.4000000060
3202  -22.517  -75.891  -35.095 0.4000000060
1876  -28.552  -79.939  -30.022 0.5000000000
1599  -29.100  -80.721  -29.574 0.3000000119
150909  -29.308  -80.948  -28.424 0.3000000119
129410  -28.647  -79.793  -29.255 0.4000000060
155730  -29.070  -79.743  -26.356 0.3000000119
1578  -29.033  -79.813  -27.126 0.3000000119
2104  -33.140  -78.031  -20.248 0.3000000119
2413  -33.287  -77.368  -20.869 0.3000000119
2110  -33.923  -78.041  -20.909 0.3000000119
2435  -34.084  -78.005  -26.447 0.3000000119
2743  -32.348  -76.716  -21.199 0.3000000119
2414  -34.045  -77.371  -21.513 0.3000000119
2116  -34.530  -78.173  -21.792 0.3000000119
2420  -34.625  -77.268  -22.489 0.3000000119
2757  -35.175  -76.626  -24.079 0.3000000119
2755  -34.756  -76.690  -23.295 0.3000000119
152423  -33.306  -76.864  -21.529 0.3000000119
2419  -33.796  -76.723  -22.055 0.3000000119
2752  -33.785  -76.270  -22.899 0.3000000119
2427  -35.182  -77.488  -24.874 0.3000000119
2429  -34.844  -77.495  -25.948 0.3000000119
2744  -32.766  -76.294  -22.228 0.3000000119
2758  -35.382  -76.648  -25.030 0.3000000119
3127  -34.863  -75.935  -24.444 0.3000000119
1668  -19.877  -79.901  -40.286 0.3000000119
1316  -27.164  -81.825  -31.161 0.5000000000
1332  -25.805  -81.681  -33.563 0.4000000060
1341  -24.777  -81.439  -34.876 0.5000000000
155587  -29.141  -80.163  -28.790 0.3000000119
18236  -18.740  -51.633  -34.085 0.3000000119
147223  -17.994  -51.416  -33.803 0.3000000119
20126  -14.638  -48.149  -31.700 0.3000000119
1642  -21.888  -80.391  -37.369 0.4000000060
1353  -21.684  -80.697  -36.173 0.4000000060
1878  -21.932  -80.052  -30.282 0.4000000060
1609  -22.060  -80.337  -32.210 0.4000000060
1616  -23.758  -80.530  -32.734 0.4000000060
1321  -24.427  -80.941  -33.402 0.4000000060
151274  -25.184  -81.415  -33.157 0.4000000060
1339  -22.835  -80.603  -34.474 0.4000000060
132950  -24.033  -80.942  -34.304 0.4000000060
151165  -21.931  -79.605  -28.251 0.3000000119
1874  -22.967  -79.817  -29.423 0.4000000060
153752  -24.376  -80.715  -30.966 0.4000000060
1346  -22.816  -80.668  -35.604 0.4000000060
1603  -22.305  -80.162  -31.192 0.4000000060
1615  -22.634  -80.345  -32.958 0.4000000060
1873  -22.198  -79.812  -29.571 0.3000000119
1879  -22.689  -79.974  -30.245 0.4000000060
1610  -23.047  -80.267  -31.999 0.4000000060
1330  -23.309  -80.544  -33.670 0.4000000060
1611  -24.103  -80.612  -31.754 0.4000000060
1313  -24.799  -81.165  -32.387 0.4000000060
1857  -22.738  -79.754  -27.296 0.3000000119
1867  -23.246  -79.757  -28.579 0.3000000119
1880  -23.411  -80.155  -30.009 0.3000000119
1597  -23.890  -80.236  -29.258 0.3000000119
1307  -25.616  -81.661  -30.299 0.3000000119
127681  -25.821  -81.822  -30.850 0.3000000119
144746  -24.894  -81.175  -31.408 0.3000000119
1308  -27.060  -82.087  -30.395 0.3000000119
1309  -28.041  -81.655  -30.646 0.3000000119
1306  -25.418  -81.555  -31.069 0.3000000119
1315  -26.164  -81.916  -31.398 0.3000000119
1322  -25.569  -81.645  -32.474 0.3000000119
2724  -20.793  -76.547  -20.634 0.3000000119
2725  -21.150  -75.773  -20.674 0.3000000119
2404  -29.187  -77.207  -19.636 0.3000000119
134610  -22.331  -74.138  -20.693 0.3000000119
153244  -22.739  -74.447  -21.130 0.3000000119
3472  -24.414  -74.832  -21.123 0.3000000119
3473  -25.643  -74.861  -20.592 0.3000000119
3096  -26.029  -75.412  -20.589 0.3000000119
3097  -26.771  -75.661  -20.515 0.3000000119
3098  -27.418  -75.638  -20.455 0.3000000119
151230  -27.955  -76.226  -20.307 0.3000000119
3778  -23.470  -73.385  -20.493 0.3000000119
3460  -23.994  -74.059  -20.797 0.3000000119
3461  -25.014  -74.275  -20.596 0.3000000119
3462  -25.902  -74.288  -20.406 0.3000000119
131704  -26.345  -74.932  -20.471 0.3000000119
1605  -25.011  -81.171  -30.479 0.3000000119
3105  -21.600  -75.651  -21.497 0.3000000119
3108  -24.410  -75.453  -21.661 0.3000000119
3107  -22.722  -75.017  -21.603 0.3000000119
153908  -22.026  -75.167  -21.492 0.3000000119
131669  -23.628  -75.193  -21.726 0.3000000119
3471  -23.424  -74.550  -21.245 0.3000000119
148825  -24.492  -73.381  -20.522 0.3000000119
1276  -29.228  -80.346  -26.802 0.3000000119
1286  -29.272  -80.459  -27.581 0.3000000119
1314  -25.666  -81.696  -31.597 0.3000000119
1317  -28.222  -81.415  -31.135 0.4000000060
1325  -28.029  -81.374  -31.757 0.6000000238
1329  -22.223  -80.514  -33.769 0.4000000060
1340  -23.531  -80.895  -35.073 0.4000000060
1342  -27.031  -81.614  -34.387 0.6999999881
1345  -21.806  -80.717  -35.708 0.4000000060
1347  -24.194  -81.174  -35.669 0.5000000000
1357  -27.184  -81.063  -35.794 0.6000000238
1515  -30.212  -80.752  -18.418 0.3000000119
1523  -30.865  -80.987  -19.131 0.3000000119
1554  -29.942  -80.109  -24.383 0.3000000119
1570  -29.161  -80.144  -25.939 0.4000000060
1588  -23.966  -80.124  -28.351 0.3000000119
1591  -29.172  -80.070  -28.029 0.3000000119
1604  -23.462  -80.254  -30.927 0.4000000060
1627  -28.380  -80.861  -34.981 0.5000000000
1632  -27.907  -80.799  -35.567 0.6000000238
1633  -28.661  -80.319  -35.683 0.5000000000
1634  -29.590  -79.774  -35.751 0.5000000000
1636  -26.065  -81.196  -36.576 0.6999999881
1637  -26.875  -80.815  -36.521 0.6999999881
1643  -23.078  -80.447  -37.507 0.5000000000
1644  -24.244  -80.630  -37.663 0.6000000238
1645  -25.258  -80.609  -37.802 0.6999999881
1648  -28.151  -79.777  -36.710 0.6000000238
1653  -25.814  -80.062  -38.247 0.6999999881
1669  -20.723  -79.630  -40.063 0.5000000000
1813  -31.604  -80.300  -18.975 0.3000000119
1851  -28.611  -79.117  -26.974 0.3000000119
1855  -21.296  -79.949  -28.099 0.3000000119
1865  -21.644  -79.871  -28.945 0.3000000119
1866  -22.624  -79.589  -27.993 0.3000000119
1870  -28.843  -79.617  -27.622 0.3000000119
1882  -27.186  -78.852  -30.077 0.5000000000
1891  -28.451  -79.314  -32.114 0.5000000000
1898  -29.751  -79.945  -33.296 0.5000000000
1912  -29.709  -79.227  -36.321 0.5000000000
1921  -26.275  -79.596  -38.249 0.6999999881
1927  -24.087  -79.521  -39.859 0.6000000238
1928  -24.819  -79.423  -39.681 0.6999999881
1934  -22.383  -79.211  -40.716 0.6000000238
1950  -19.888  -79.323  -41.569 0.4000000060
1951  -21.401  -78.697  -41.794 0.5000000000
2125  -34.603  -78.756  -24.191 0.4000000060
2126  -34.527  -78.235  -25.702 0.3000000119
2132  -28.846  -78.471  -26.187 0.3000000119
2134  -32.746  -78.374  -26.273 0.3000000119
2147  -27.298  -78.267  -28.526 0.4000000060
2163  -10.778  -77.894  -32.281 0.5000000000
2168  -29.169  -79.036  -32.632 0.4000000060
2188  -14.511  -78.345  -34.563 0.6999999881
2190  -31.294  -78.260  -35.164 0.5000000000
2199  -14.350  -78.535  -35.478 0.6999999881
2211  -15.043  -78.395  -36.002 0.6000000238
2221  -15.460  -77.943  -37.421 0.6000000238
2232  -26.460  -79.158  -38.067 0.5000000000
2240  -25.311  -79.200  -39.521 0.6999999881
2247  -24.947  -78.649  -40.707 0.6999999881
2251  -16.584  -77.192  -41.810 0.5000000000
2253  -23.273  -78.528  -41.785 0.6000000238
2254  -24.084  -78.271  -41.696 0.6000000238
2255  -17.581  -77.977  -42.287 0.4000000060
2256  -18.317  -78.350  -42.408 0.5000000000
2462  -26.474  -77.610  -31.349 0.4000000060
2471  -12.343  -77.185  -31.399 0.6999999881
2472  -13.621  -77.850  -32.482 0.6999999881
2477  -26.668  -77.157  -31.932 0.4000000060
2483  -14.309  -77.974  -33.006 0.6999999881
2486  -28.326  -77.579  -32.839 0.5000000000
2487  -29.649  -77.235  -33.553 0.5000000000
2493  -16.959  -76.938  -34.409 0.6999999881
2510  -24.690  -76.523  -36.804 0.5000000000
2514  -16.747  -77.012  -37.400 0.6999999881
2519  -14.448  -77.819  -39.761 0.4000000060
2530  -25.204  -78.788  -40.200 0.6999999881
2535  -24.222  -77.427  -42.127 0.6000000238
2537  -17.618  -77.103  -42.445 0.5000000000
2539  -19.452  -77.366  -42.832 0.5000000000
2541  -21.477  -77.383  -42.925 0.6000000238
2543  -23.395  -77.350  -42.622 0.6000000238
2736  -20.685  -76.985  -21.268 0.3000000119
2761  -30.645  -77.317  -26.176 0.3000000119
2763  -33.225  -77.321  -27.387 0.4000000060
2785  -26.189  -76.363  -30.047 0.4000000060
2789  -14.949  -76.230  -30.199 0.6999999881
2790  -16.034  -76.352  -30.338 0.6999999881
2791  -17.134  -76.320  -30.695 0.6000000238
2792  -26.170  -76.396  -31.007 0.4000000060
2801  -10.559  -76.849  -32.049 0.5000000000
2804  -16.880  -76.933  -32.016 0.6999999881
2806  -18.545  -76.150  -32.571 0.6000000238
2807  -19.299  -75.893  -32.891 0.4000000060
2808  -27.192  -76.670  -32.384 0.5000000000
2820  -28.949  -76.142  -33.435 0.5000000000
2829  -18.692  -76.046  -34.346 0.6000000238
2832  -21.649  -76.071  -35.059 0.5000000000
2837  -9.330  -75.735  -34.755 0.5000000000
2840  -17.464  -76.601  -35.041 0.6999999881
2843  -20.017  -75.924  -35.449 0.5000000000
2845  -22.194  -76.079  -35.640 0.4000000060
2852  -9.826  -75.750  -35.662 0.5000000000
2857  -21.271  -76.128  -36.383 0.5000000000
2864  -17.390  -76.613  -37.588 0.6999999881
2866  -19.330  -75.822  -37.748 0.6000000238
2867  -21.293  -75.862  -37.854 0.5000000000
2869  -22.540  -75.913  -37.241 0.5000000000
2874  -20.116  -75.630  -38.761 0.6000000238
2883  -23.998  -75.589  -40.169 0.6000000238
2885  -17.317  -76.112  -41.402 0.5000000000
2888  -24.614  -76.015  -41.038 0.6000000238
2898  -19.962  -76.458  -42.931 0.5000000000
2901  -22.931  -76.650  -42.957 0.6000000238
3099  -28.043  -75.767  -20.546 0.3000000119
3130  -28.668  -76.210  -26.836 0.4000000060
3131  -29.397  -76.337  -26.621 0.4000000060
3135  -27.522  -75.260  -27.720 0.4000000060
3136  -28.152  -75.735  -27.195 0.4000000060
3147  -27.015  -74.877  -28.378 0.4000000060
3159  -17.924  -76.096  -30.722 0.5000000000
3165  -12.744  -75.679  -30.848 0.6999999881
3166  -18.600  -75.934  -31.117 0.5000000000
3172  -26.500  -75.758  -31.511 0.4000000060
3190  -20.370  -75.908  -33.969 0.5000000000
3201  -11.320  -75.316  -35.217 0.6000000238
3213  -10.426  -75.720  -36.698 0.5000000000
3239  -11.779  -75.664  -40.599 0.5000000000
3242  -21.092  -75.063  -40.370 0.5000000000
3243  -22.051  -74.997  -40.348 0.5000000000
3249  -20.666  -74.977  -41.240 0.5000000000
3253  -20.099  -75.194  -41.987 0.5000000000
3459  -23.088  -73.967  -20.848 0.3000000119
3463  -26.696  -74.386  -20.509 0.3000000119
3470  -22.146  -74.685  -21.108 0.3000000119
3492  -28.288  -73.993  -27.824 0.3000000119
3499  -15.842  -73.673  -28.741 0.6000000238
3500  -16.616  -74.016  -28.480 0.6000000238
3504  -27.216  -74.023  -28.645 0.4000000060
3508  -16.926  -74.747  -28.836 0.5000000000
3509  -17.867  -74.926  -28.897 0.5000000000
3510  -18.825  -74.844  -29.115 0.5000000000
3515  -14.376  -74.401  -29.625 0.6999999881
3519  -26.477  -74.798  -30.228 0.4000000060
3522  -13.215  -74.542  -30.652 0.6999999881
3527  -27.139  -74.394  -31.683 0.5000000000
3539  -28.601  -74.529  -33.866 0.4000000060
3543  -12.217  -74.281  -33.971 0.6999999881
3548  -11.800  -74.990  -35.913 0.6000000238
3549  -12.181  -74.347  -35.562 0.6999999881
3566  -12.410  -74.796  -38.743 0.5000000000
3572  -12.577  -75.184  -39.868 0.5000000000
3578  -12.360  -75.398  -40.762 0.5000000000
3813  -17.597  -72.980  -27.851 0.5000000000
3814  -18.396  -73.089  -27.770 0.5000000000
3815  -19.211  -73.158  -27.896 0.5000000000
3828  -15.789  -72.766  -28.887 0.6000000238
3833  -20.017  -73.880  -28.722 0.5000000000
3846  -27.008  -73.707  -29.422 0.4000000060
3849  -14.134  -73.506  -30.111 0.6999999881
3852  -27.031  -73.513  -30.263 0.4000000060
3864  -28.058  -73.633  -33.011 0.5000000000
3878  -13.025  -72.662  -34.487 0.6999999881
4204  -27.709  -72.236  -30.348 0.3000000119
4206  -13.464  -72.868  -31.498 0.6999999881
4218  -13.833  -71.874  -33.677 0.6999999881
4223  -13.640  -72.019  -34.482 0.6999999881
4231  -13.050  -72.847  -35.947 0.6999999881
4269  -13.813  -73.650  -39.600 0.6000000238
4270  -14.323  -73.249  -39.575 0.6000000238
4272  -16.183  -72.538  -39.379 0.6000000238
4286  -13.311  -73.667  -40.866 0.5000000000
4298  -14.851  -72.587  -41.039 0.6000000238
4299  -15.488  -72.502  -41.039 0.6000000238
4300  -16.009  -72.052  -41.398 0.6000000238
4621  -20.044  -71.106  -27.539 0.5000000000
4626  -16.434  -71.393  -28.886 0.6000000238
4644  -15.561  -71.447  -29.901 0.6000000238
4649  -16.054  -70.769  -30.103 0.5000000000
4654  -14.455  -71.967  -31.134 0.6000000238
4668  -14.495  -71.420  -33.479 0.6000000238
4679  -15.157  -71.122  -35.092 0.6000000238
4698  -15.772  -71.050  -35.779 0.5000000000
4712  -14.125  -72.254  -36.784 0.6999999881
4713  -14.793  -71.884  -36.734 0.6999999881
4716  -17.044  -71.230  -37.960 0.5000000000
4773  -16.990  -72.138  -39.759 0.6000000238
4774  -17.669  -71.545  -40.285 0.6000000238
4786  -15.004  -71.935  -41.570 0.6000000238
4788  -17.560  -71.258  -41.282 0.6000000238
4798  -14.918  -71.143  -41.691 0.6000000238
5218  -19.110  -70.935  -27.527 0.5000000000
5224  -18.873  -70.193  -28.002 0.5000000000
5235  -16.569  -70.678  -29.426 0.6000000238
5236  -17.049  -70.029  -29.755 0.6000000238
5239  -29.279  -70.641  -29.808 0.3000000119
5245  -15.618  -71.030  -30.751 0.6000000238
5247  -16.993  -69.851  -30.565 0.6000000238
5250  -29.374  -70.603  -30.818 0.3000000119
5254  -16.515  -70.312  -31.913 0.5000000000
5263  -16.023  -70.707  -33.087 0.5000000000
5281  -16.736  -70.461  -33.596 0.5000000000
5304  -15.967  -70.863  -34.870 0.5000000000
5344  -16.802  -70.578  -36.322 0.5000000000
5362  -17.572  -70.625  -38.341 0.5000000000
5377  -13.264  -69.917  -40.091 0.4000000060
5378  -17.947  -70.676  -39.143 0.5000000000
5391  -18.149  -70.911  -39.908 0.6000000238
5402  -18.297  -70.186  -40.626 0.5000000000
5405  -14.230  -70.395  -41.369 0.6000000238
5408  -16.359  -70.606  -42.021 0.6000000238
5409  -17.952  -70.486  -41.432 0.6000000238
5935  -18.780  -69.656  -28.624 0.6000000238
5959  -17.681  -69.517  -30.970 0.6000000238
5976  -18.365  -69.601  -32.218 0.5000000000
5999  -17.889  -69.831  -32.665 0.5000000000
6054  -18.368  -69.559  -35.060 0.5000000000
6062  -17.583  -69.457  -36.203 0.6000000238
6071  -17.810  -69.239  -38.901 0.5000000000
6072  -18.059  -69.611  -39.480 0.5000000000
6080  -18.200  -69.630  -40.104 0.5000000000
6091  -14.622  -70.005  -41.474 0.6000000238
6092  -16.048  -69.783  -41.866 0.6000000238
6093  -16.958  -69.890  -42.024 0.6000000238
6589  -17.964  -69.043  -35.622 0.6000000238
6597  -17.451  -68.746  -36.352 0.6000000238
6609  -17.524  -68.647  -38.109 0.6000000238
6623  -17.956  -68.935  -39.938 0.5000000000
6632  -13.782  -68.163  -39.973 0.5000000000
6633  -17.662  -68.690  -40.654 0.5000000000
6639  -14.529  -68.443  -40.812 0.6000000238
6642  -17.533  -68.983  -41.179 0.5000000000
6643  -18.026  -69.311  -40.722 0.5000000000
6651  -15.690  -69.096  -41.521 0.6000000238
6653  -17.306  -69.382  -41.636 0.5000000000
7169  -17.925  -68.283  -35.187 0.5000000000
7207  -13.128  -67.037  -38.699 0.6000000238
7222  -15.333  -67.844  -40.753 0.6000000238
7223  -16.802  -67.960  -40.854 0.4000000060
7744  -17.349  -66.973  -34.709 0.6000000238
7766  -17.009  -66.555  -35.486 0.6000000238
7787  -17.054  -66.143  -37.180 0.6000000238
7811  -11.413  -65.615  -37.827 0.6999999881
7813  -13.619  -66.915  -38.961 0.6000000238
7814  -17.331  -67.003  -38.616 0.6000000238
7824  -15.232  -66.554  -39.895 0.6000000238
7835  -15.871  -67.020  -40.344 0.5000000000
7837  -17.032  -67.549  -40.351 0.5000000000
8360  -11.994  -65.222  -30.576 0.6000000238
8382  -11.437  -65.072  -31.242 0.5000000000
8452  -17.582  -65.484  -37.937 0.6000000238
8458  -10.704  -65.244  -37.707 0.6000000238
8460  -12.506  -65.644  -38.098 0.6000000238
8461  -13.295  -65.699  -38.317 0.6000000238
8468  -15.902  -65.871  -39.846 0.5000000000
8469  -16.871  -65.758  -39.917 0.6000000238
8470  -17.514  -65.631  -39.645 0.6000000238
8476  -16.499  -66.454  -40.119 0.4000000060
8962  -11.640  -64.401  -26.380 0.6999999881
8977  -12.032  -65.160  -27.826 0.6000000238
8987  -10.626  -65.039  -27.828 0.6000000238
9009  -13.092  -65.109  -29.352 0.6000000238
9010  -13.848  -64.694  -29.318 0.5000000000
9011  -14.569  -64.211  -29.362 0.8000000119
9033  -13.405  -64.499  -30.592 0.5000000000
9053  -11.483  -64.393  -31.751 0.6000000238
9054  -12.301  -64.183  -31.744 0.6999999881
9069  -10.921  -63.977  -32.279 0.5000000000
9095  -17.574  -64.927  -35.050 0.6000000238
9096  -18.106  -64.295  -35.690 0.6000000238
9116  -10.379  -64.189  -37.482 0.6999999881
9119  -18.513  -64.220  -38.244 0.6000000238
9125  -10.997  -64.682  -37.711 0.6999999881
9126  -11.578  -64.142  -37.547 0.6999999881
9128  -14.017  -65.669  -38.600 0.5000000000
9130  -16.132  -64.041  -39.192 0.6999999881
9588  -13.129  -63.624  -25.866 0.6999999881
9596  -13.234  -64.149  -26.376 0.6999999881
9604  -13.573  -64.384  -26.984 0.6999999881
9605  -14.348  -64.079  -27.188 0.6000000238
9642  -15.287  -63.655  -29.376 0.8000000119
9661  -15.555  -63.276  -30.153 0.8000000119
9674  -12.984  -63.899  -32.057 0.6000000238
9676  -14.760  -63.485  -31.827 0.8000000119
9688  -13.312  -63.572  -32.712 0.6000000238
9695  -8.498  -63.676  -34.446 0.5000000000
9702  -19.718  -63.350  -33.800 0.4000000060
9707  -8.130  -63.228  -35.144 0.5000000000
9708  -8.573  -62.755  -34.601 0.5000000000
9716  -18.584  -63.900  -35.100 0.6000000238
9722  -8.949  -63.617  -36.871 0.6000000238
9723  -9.509  -63.135  -36.795 0.6000000238
9726  -20.768  -62.741  -37.346 0.5000000000
9729  -9.581  -64.058  -37.271 0.6999999881
9731  -11.293  -63.408  -37.219 0.6999999881
9744  -13.590  -64.165  -37.712 0.6000000238
9746  -15.608  -63.429  -38.466 0.6000000238
9749  -18.908  -63.547  -38.790 0.6000000238
9750  -19.868  -62.467  -38.491 0.5000000000
9751  -20.405  -61.657  -38.455 0.5000000000
9758  -17.795  -64.274  -39.673 0.6000000238
10251  -12.077  -62.781  -25.257 0.6999999881
10253  -13.753  -63.072  -25.673 0.6000000238
10254  -14.236  -62.551  -25.598 0.6999999881
10260  -15.806  -62.986  -26.959 0.8000000119
10317  -16.131  -62.733  -30.144 0.6000000238
10326  -15.605  -62.919  -31.715 0.8000000119
10327  -16.239  -62.043  -31.518 0.8000000119
10343  -10.063  -62.181  -34.161 0.6999999881
10344  -11.075  -62.084  -34.297 0.6000000238
10347  -14.768  -62.832  -33.610 0.6999999881
10356  -9.010  -62.169  -34.882 0.6000000238
10360  -15.041  -61.898  -35.096 0.6999999881
10368  -8.288  -63.004  -35.797 0.5000000000
10369  -9.014  -62.324  -35.646 0.6999999881
10373  -21.525  -62.418  -36.761 0.5000000000
10383  -12.688  -62.389  -36.423 0.6000000238
10391  -11.713  -62.953  -36.970 0.6000000238
10392  -12.420  -62.884  -36.922 0.6000000238
10393  -13.362  -62.736  -36.859 0.5000000000
10398  -21.734  -61.437  -37.816 0.5000000000
10404  -19.505  -62.003  -38.662 0.5000000000
10405  -20.899  -61.075  -38.267 0.5000000000
10965  -9.706  -60.893  -23.817 0.6000000238
10975  -12.549  -62.199  -25.396 0.5000000000
10980  -10.384  -60.222  -26.019 0.6999999881
10983  -13.390  -61.294  -25.690 0.6999999881
11046  -16.250  -60.681  -33.229 0.6999999881
11059  -10.958  -61.596  -35.020 0.6000000238
11061  -15.421  -61.268  -35.554 0.6999999881
11067  -10.543  -61.555  -35.253 0.6000000238
11068  -11.248  -61.644  -35.577 0.6000000238
11078  -11.936  -62.007  -36.051 0.6000000238
11080  -14.722  -61.835  -36.326 0.6999999881
11081  -15.482  -61.333  -36.617 0.6000000238
11089  -16.451  -61.308  -37.624 0.5000000000
11091  -21.396  -60.762  -37.982 0.5000000000
11096  -17.227  -61.679  -38.260 0.6000000238
11099  -19.814  -61.174  -38.509 0.5000000000
11648  -9.383  -60.538  -23.316 0.5000000000
11665  -9.956  -60.451  -24.633 0.6000000238
11676  -11.033  -60.504  -26.243 0.8000000119
11679  -13.976  -60.747  -25.723 0.6999999881
11695  -11.263  -60.127  -27.041 0.6000000238
11752  -15.953  -60.759  -35.000 0.6999999881
11764  -15.978  -60.711  -36.456 0.6000000238
11770  -17.005  -59.901  -37.033 0.6000000238
11771  -17.789  -59.487  -37.029 0.5000000000
11778  -18.087  -59.972  -37.625 0.5000000000
11780  -19.552  -59.749  -37.825 0.5000000000
11782  -20.949  -59.882  -37.811 0.5000000000
11786  -18.433  -60.698  -38.112 0.5000000000
11788  -20.055  -60.393  -38.224 0.5000000000
12367  -14.535  -59.978  -25.739 0.6000000238
12411  -8.314  -58.833  -28.790 0.6000000238
12414  -10.792  -59.561  -28.561 0.6000000238
12415  -12.130  -59.486  -28.154 0.6000000238
12416  -12.855  -59.150  -27.902 0.6000000238
12426  -10.296  -59.304  -29.165 0.6000000238
12457  -17.254  -59.157  -32.719 0.5000000000
12472  -17.309  -59.440  -34.343 0.6000000238
12473  -17.963  -59.223  -34.593 0.5000000000
12483  -17.624  -59.130  -35.784 0.6999999881
12484  -18.462  -58.974  -36.310 0.5000000000
12501  -18.882  -59.329  -37.364 0.5000000000
12502  -19.751  -59.170  -37.411 0.5000000000
12503  -20.359  -59.268  -37.449 0.5000000000
13073  -8.230  -57.909  -26.251 0.6999999881
13096  -13.333  -58.740  -27.633 0.6000000238
13117  -8.216  -58.437  -29.740 0.6000000238
13118  -9.525  -59.067  -29.536 0.6999999881
13120  -11.149  -58.608  -29.709 0.6000000238
13121  -11.924  -58.436  -29.293 0.5000000000
13128  -9.030  -58.104  -30.535 0.6000000238
13742  -14.100  -57.635  -27.146 0.5000000000
13761  -7.329  -57.200  -29.533 0.8000000119
13762  -7.817  -57.786  -29.905 0.6000000238
13772  -9.569  -57.829  -30.714 0.6000000238
13773  -10.237  -57.608  -30.832 0.6000000238
13779  -9.397  -57.392  -30.811 0.6000000238
13781  -10.528  -57.049  -31.196 0.6000000238
14414  -9.136  -57.218  -24.213 0.6000000238
14421  -8.254  -56.505  -25.329 0.6999999881
14436  -7.051  -56.184  -26.688 0.8000000119
14466  -6.633  -55.469  -28.338 0.8000000119
14467  -6.892  -56.373  -29.021 0.8000000119
14468  -12.579  -57.166  -29.071 0.5000000000
14479  -6.992  -55.582  -29.178 0.6999999881
14481  -12.167  -56.843  -29.903 0.5000000000
14489  -8.425  -56.503  -30.594 0.5000000000
14490  -8.960  -57.085  -30.767 0.5000000000
14492  -11.853  -56.538  -30.775 0.5000000000
14498  -11.002  -56.526  -31.624 0.6000000238
15090  -10.197  -56.053  -23.323 0.6000000238
15117  -6.572  -54.514  -27.395 0.8000000119
15148  -6.800  -54.718  -28.610 0.6999999881
15159  -7.436  -55.709  -29.739 0.6000000238
15168  -7.947  -55.768  -30.188 0.5000000000
15177  -9.282  -55.900  -31.167 0.5000000000
15180  -12.220  -55.650  -31.757 0.5000000000
15754  -9.730  -54.382  -21.819 0.5000000000
15766  -10.097  -55.098  -24.734 0.6999999881
15774  -7.195  -54.256  -26.622 0.6999999881
15786  -6.801  -53.978  -27.248 0.8000000119
15802  -6.554  -54.694  -27.970 0.8000000119
15803  -6.647  -54.175  -27.939 0.6999999881
15846  -8.049  -55.170  -30.183 0.6000000238
15847  -8.507  -54.904  -30.390 0.6000000238
15857  -9.008  -55.292  -30.838 0.5000000000
15860  -12.294  -55.256  -32.142 0.5000000000
15861  -14.180  -54.226  -31.833 0.5000000000
15870  -13.634  -53.983  -32.255 0.4000000060
16537  -7.418  -53.595  -27.297 0.8000000119
16541  -12.402  -53.780  -26.615 0.6000000238
16542  -13.197  -53.363  -26.876 0.5000000000
16557  -8.287  -53.386  -27.718 0.6000000238
16596  -8.655  -54.179  -30.015 0.6000000238
16609  -9.876  -54.321  -31.052 0.5000000000
16613  -15.294  -53.520  -32.308 0.4000000060
16624  -11.466  -54.999  -32.033 0.5000000000
16626  -14.833  -53.356  -32.572 0.4000000060
17278  -13.190  -52.834  -24.393 0.4000000060
17289  -13.317  -53.310  -24.983 0.4000000060
17315  -8.501  -53.370  -28.512 0.6000000238
17319  -13.502  -52.609  -27.745 0.5000000000
17333  -8.164  -53.540  -28.841 0.5000000000
17334  -8.975  -53.260  -29.080 0.5000000000
17336  -10.943  -52.376  -29.366 0.4000000060
17337  -11.885  -52.151  -28.781 0.4000000060
17338  -12.643  -52.151  -28.531 0.5000000000
17352  -9.398  -53.200  -29.483 0.5000000000
17360  -9.688  -53.175  -29.936 0.5000000000
17362  -11.582  -52.174  -30.679 0.5000000000
17371  -13.187  -52.324  -31.800 0.4000000060
17383  -14.642  -52.845  -32.584 0.4000000060
17384  -16.123  -52.601  -33.030 0.4000000060
17385  -17.806  -53.021  -33.496 0.4000000060
17394  -18.708  -52.646  -33.947 0.4000000060
18129  -14.807  -51.387  -23.827 0.4000000060
18165  -16.106  -51.612  -25.813 0.4000000060
18200  -10.889  -51.995  -30.105 0.4000000060
18217  -12.659  -51.034  -31.145 0.4000000060
18229  -17.275  -51.601  -33.438 0.3000000119
18237  -19.413  -51.319  -34.057 0.3000000119
19049  -13.303  -50.736  -23.142 0.4000000060
19050  -14.718  -50.702  -23.460 0.4000000060
19092  -16.720  -51.135  -25.910 0.4000000060
19093  -17.284  -50.688  -26.108 0.4000000060
19114  -13.899  -50.754  -28.517 0.5000000000
19132  -12.352  -50.185  -30.549 0.5000000000
19134  -14.267  -49.668  -31.760 0.4000000060
19141  -14.806  -50.587  -32.139 0.4000000060
19143  -16.635  -50.745  -32.833 0.4000000060
20033  -15.896  -49.560  -23.538 0.4000000060
20094  -18.037  -49.478  -27.794 0.3000000119
20108  -12.266  -49.259  -29.713 0.4000000060
20112  -16.896  -48.724  -29.116 0.3000000119
20124  -12.917  -48.836  -30.741 0.4000000060
20125  -14.031  -48.706  -31.537 0.4000000060
20958  -14.072  -48.541  -22.811 0.4000000060
20976  -18.659  -49.059  -25.105 0.4000000060
21028  -13.101  -48.249  -29.649 0.5000000000
21038  -12.887  -48.201  -30.010 0.4000000060
21046  -13.082  -48.131  -30.512 0.4000000060
21854  -15.200  -47.800  -23.429 0.5000000000
21868  -15.690  -47.385  -23.796 0.5000000000
124326  -11.521  -51.306  -29.824 0.5000000000
124504  -9.302  -53.621  -27.375 0.6000000238
124682  -14.892  -72.952  -39.577 0.6000000238
124706  -13.705  -69.590  -40.686 0.5000000000
125029  -27.583  -75.469  -32.561 0.5000000000
126027  -9.874  -62.013  -35.942 0.6999999881
126044  -12.062  -74.650  -33.390 0.6999999881
126322  -14.025  -68.954  -40.835 0.5000000000
127619  -15.134  -62.053  -37.185 0.6000000238
128610  -21.586  -60.117  -37.513 0.5000000000
128658  -18.498  -63.191  -39.180 0.6000000238
128865  -28.685  -73.383  -27.965 0.3000000119
128964  -17.083  -59.391  -35.147 0.5000000000
129246  -17.542  -69.179  -37.066 0.6000000238
129737  -9.626  -56.599  -23.898 0.6000000238
130295  -23.175  -75.425  -39.220 0.6000000238
131121  -14.745  -62.422  -34.522 0.6999999881
131127  -17.004  -61.795  -29.026 0.6000000238
131222  -18.680  -62.312  -38.866 0.5000000000
131447  -27.180  -77.475  -28.040 0.4000000060
131477  -19.135  -69.003  -30.758 0.5000000000
131766  -15.259  -71.051  -33.411 0.6000000238
131797  -17.168  -66.282  -34.822 0.5000000000
132129  -17.217  -70.044  -32.291 0.6000000238
132789  -18.754  -75.956  -37.289 0.6000000238
132874  -19.542  -75.544  -39.283 0.6000000238
133402  -9.890  -65.049  -27.637 0.6000000238
133565  -30.252  -78.537  -25.487 0.3000000119
134157  -26.790  -81.804  -31.959 0.4000000060
134174  -11.693  -55.623  -32.021 0.6000000238
134255  -18.104  -76.308  -33.795 0.6000000238
134316  -17.447  -66.297  -39.284 0.6000000238
134324  -18.511  -76.058  -35.959 0.6000000238
134383  -24.179  -80.537  -30.206 0.3000000119
134437  -17.070  -59.222  -30.393 0.5000000000
134559  -12.924  -64.533  -26.790 0.6999999881
134928  -14.971  -72.772  -38.533 0.6999999881
134997  -33.110  -79.488  -24.173 0.3000000119
135203  -12.645  -73.539  -41.285 0.5000000000
135374  -12.210  -64.325  -37.632 0.6999999881
136308  -14.551  -71.487  -35.284 0.6999999881
136922  -12.867  -48.951  -29.202 0.5000000000
137741  -14.697  -48.227  -23.086 0.4000000060
137973  -17.743  -59.197  -36.405 0.6999999881
138013  -11.426  -65.644  -29.974 0.6000000238
138157  -17.270  -70.629  -41.881 0.6000000238
138771  -11.507  -56.046  -31.869 0.6000000238
139165  -16.333  -77.414  -34.029 0.6999999881
139219  -10.805  -57.359  -30.883 0.5000000000
139392  -29.430  -75.927  -35.356 0.5000000000
139420  -31.042  -78.896  -34.175 0.5000000000
139441  -16.960  -72.839  -28.125 0.6000000238
139451  -10.514  -62.065  -36.205 0.6999999881
139695  -15.399  -62.730  -26.157 0.6999999881
139788  -26.856  -77.715  -31.952 0.4000000060
140119  -28.797  -80.882  -30.344 0.5000000000
140142  -13.548  -71.387  -41.119 0.6000000238
140313  -19.071  -58.854  -36.127 0.5000000000
140357  -26.185  -81.972  -30.085 0.3000000119
140387  -15.361  -50.203  -23.496 0.4000000060
141275  -25.688  -81.647  -35.046 0.6999999881
141374  -15.236  -69.677  -41.604 0.6000000238
141621  -12.650  -61.987  -35.613 0.6000000238
141729  -12.020  -49.782  -29.538 0.4000000060
142001  -17.547  -49.403  -24.333 0.4000000060
142017  -12.335  -53.059  -31.639 0.4000000060
142038  -15.368  -78.040  -34.714 0.6999999881
142662  -9.807  -49.617  -23.145 0.4000000060
143034  -8.522  -63.677  -24.451 0.5000000000
143322  -16.344  -77.497  -35.827 0.6999999881
143583  -9.527  -58.481  -30.327 0.6000000238
143587  -13.605  -54.340  -31.952 0.4000000060
143831  -9.621  -56.465  -31.244 0.6000000238
143983  -9.576  -57.582  -23.401 0.6000000238
144252  -16.502  -60.232  -36.762 0.6000000238
144483  -26.001  -80.523  -37.684 0.6999999881
144786  -22.426  -79.620  -28.804 0.3000000119
145087  -16.556  -64.587  -39.669 0.6000000238
145111  -7.136  -54.571  -29.009 0.6000000238
145155  -25.564  -78.366  -38.964 0.5000000000
145195  -14.797  -52.269  -32.526 0.4000000060
145227  -24.292  -75.730  -41.897 0.5000000000
145709  -16.260  -67.683  -40.739 0.6000000238
146141  -26.342  -82.009  -30.759 0.3000000119
146293  -27.689  -73.067  -31.890 0.5000000000
146415  -19.449  -73.656  -28.322 0.5000000000
146885  -10.942  -64.533  -26.535 0.6000000238
147007  -22.467  -80.668  -35.032 0.4000000060
147011  -16.915  -76.996  -36.096 0.6999999881
147246  -12.835  -61.646  -25.610 0.6000000238
147325  -9.812  -63.617  -24.718 0.6000000238
148292  -16.574  -59.643  -30.889 0.6000000238
148469  -12.436  -73.748  -35.182 0.6999999881
148867  -21.595  -75.122  -20.966 0.3000000119
148880  -14.238  -71.163  -41.491 0.6000000238
149081  -16.945  -66.084  -36.245 0.6000000238
149235  -13.863  -78.138  -33.235 0.6999999881
149847  -15.778  -51.088  -27.418 0.4000000060
149942  -19.162  -69.717  -32.969 0.5000000000
150056  -25.308  -81.499  -31.779 0.3000000119
150525  -10.858  -60.829  -25.545 0.8000000119
150662  -16.221  -62.264  -26.384 0.6000000238
150691  -16.135  -47.028  -24.139 0.4000000060
150792  -14.885  -71.227  -33.888 0.6000000238
150945  -7.259  -55.646  -26.221 0.8000000119
151275  -13.826  -68.754  -40.476 0.5000000000
151291  -16.129  -77.697  -41.513 0.5000000000
151476  -15.199  -63.268  -26.624 0.6999999881
151650  -14.558  -64.173  -27.930 0.8000000119
151702  -28.850  -75.608  -33.527 0.5000000000
151750  -9.424  -62.505  -36.288 0.6000000238
152396  -31.820  -76.829  -20.644 0.3000000119
152512  -14.804  -74.325  -29.381 0.6999999881
152529  -17.627  -69.865  -29.351 0.6000000238
152546  -32.289  -78.877  -19.142 0.3000000119
152549  -12.021  -77.481  -31.736 0.6999999881
152621  -13.580  -53.363  -26.173 0.6000000238
152667  -14.346  -64.499  -38.190 0.6000000238
152768  -13.308  -72.366  -33.877 0.6999999881
152770  -29.323  -78.000  -36.686 0.5000000000
152775  -9.432  -59.492  -28.358 0.6000000238
153308  -24.926  -77.000  -39.938 0.6000000238
153363  -8.845  -61.890  -23.349 0.5000000000
153422  -25.115  -74.851  -20.825 0.3000000119
153919  -13.767  -77.958  -38.784 0.4000000060
153951  -13.768  -77.574  -31.939 0.6999999881
154178  -14.121  -78.273  -37.694 0.6000000238
154331  -12.707  -66.122  -38.306 0.6000000238
154413  -9.658  -61.962  -34.662 0.6000000238
154443  -18.699  -48.423  -24.782 0.3000000119
154475  -23.194  -79.165  -40.850 0.6000000238
155336  -16.377  -77.215  -37.920 0.6000000238
155578  -33.103  -79.341  -20.268 0.3000000119
155606  -7.170  -53.870  -26.892 0.6999999881
155711  -26.430  -77.681  -30.068 0.4000000060
155779  -16.331  -60.323  -31.835 0.6000000238
156138  -34.037  -79.194  -24.541 0.4000000060
156216  -34.898  -78.321  -24.790 0.4000000060
156371  -7.345  -57.631  -27.867 0.6999999881
