#!ascii label  , from subject NIHPD_75_135 vox2ras=TkReg
1387
2202  -28.650  -77.261  -36.348 0.5000000000
2213  -27.296  -77.778  -36.318 0.6000000238
5258  -29.695  -70.662  -31.692 0.3000000119
2223  -27.299  -78.790  -37.146 0.5000000000
4221  -29.302  -72.048  -33.990 0.4000000060
4671  -29.725  -71.455  -33.397 0.4000000060
4672  -30.594  -71.091  -33.628 0.4000000060
4666  -30.110  -71.010  -32.923 0.3000000119
4681  -30.022  -71.610  -34.239 0.4000000060
3205  -26.558  -75.995  -36.383 0.5000000000
2502  -27.274  -76.986  -35.907 0.5000000000
3216  -25.510  -75.924  -36.645 0.6000000238
2501  -26.164  -76.702  -36.088 0.5000000000
5251  -30.079  -70.178  -31.041 0.3000000119
2212  -26.258  -78.008  -36.562 0.5000000000
4227  -29.158  -72.563  -34.741 0.5000000000
139313  -28.727  -73.100  -34.165 0.5000000000
5259  -30.436  -70.310  -31.850 0.3000000119
2511  -25.460  -77.235  -36.386 0.6000000238
2222  -26.255  -78.607  -37.739 0.5000000000
4235  -29.600  -72.270  -35.426 0.5000000000
4228  -29.633  -72.018  -34.711 0.4000000060
4673  -31.464  -70.966  -34.127 0.4000000060
5286  -31.330  -70.672  -33.411 0.3000000119
5269  -30.770  -70.577  -32.733 0.3000000119
4245  -30.018  -72.009  -36.028 0.4000000060
4701  -30.984  -71.498  -35.261 0.4000000060
4683  -31.610  -71.262  -34.932 0.4000000060
134455  -30.737  -71.691  -35.893 0.4000000060
4274  -27.318  -72.290  -39.281 0.6999999881
3896  -27.479  -73.394  -38.706 0.6999999881
3891  -27.435  -74.088  -38.144 0.6999999881
134623  -28.539  -76.358  -36.000 0.5000000000
4754  -26.746  -71.627  -38.718 0.6999999881
4273  -26.919  -72.561  -38.381 0.6999999881
3567  -26.462  -74.387  -37.303 0.8000000119
3560  -26.085  -75.197  -36.965 0.5000000000
3559  -25.164  -75.035  -36.722 0.6999999881
3194  -29.134  -75.160  -35.098 0.5000000000
3884  -25.784  -73.601  -36.711 0.6999999881
124934  -28.900  -74.403  -35.056 0.4000000060
3875  -28.950  -73.356  -35.132 0.5000000000
5980  -30.826  -69.761  -31.193 0.3000000119
4234  -29.164  -72.859  -35.697 0.5000000000
5981  -31.670  -69.492  -31.393 0.3000000119
151700  -24.558  -75.692  -36.706 0.5000000000
146245  -29.465  -72.548  -36.302 0.5000000000
4755  -31.079  -72.302  -38.219 0.4000000060
4733  -31.122  -71.835  -37.250 0.4000000060
4702  -31.652  -71.491  -35.838 0.4000000060
145950  -32.347  -70.950  -34.557 0.4000000060
4734  -31.981  -71.911  -37.734 0.3000000119
4719  -31.169  -71.654  -36.486 0.4000000060
133698  -24.904  -70.949  -40.782 0.5000000000
128976  -25.660  -70.939  -39.916 0.6000000238
4791  -25.971  -70.873  -40.782 0.6000000238
4779  -27.306  -71.611  -40.050 0.6000000238
4801  -23.193  -71.124  -41.118 0.5000000000
4776  -23.362  -71.236  -40.135 0.5000000000
4777  -24.539  -70.989  -39.743 0.6000000238
4778  -26.297  -71.117  -39.197 0.6999999881
153310  -26.933  -75.511  -36.678 0.6000000238
131916  -31.967  -70.802  -28.496 0.3000000119
5381  -22.233  -71.034  -38.699 0.6999999881
5382  -23.273  -70.902  -38.323 0.6000000238
5396  -23.689  -71.021  -39.203 0.6000000238
5384  -25.599  -70.757  -38.078 0.6999999881
148104  -26.337  -71.887  -37.215 0.6999999881
3892  -27.835  -74.156  -37.944 0.6000000238
3561  -27.789  -74.758  -37.033 0.6000000238
3207  -28.865  -74.728  -35.411 0.5000000000
135835  -21.600  -70.769  -38.482 0.6999999881
138104  -23.280  -70.609  -37.273 0.6000000238
137406  -24.289  -70.391  -36.612 0.6000000238
5383  -24.622  -70.739  -38.444 0.6000000238
4699  -25.940  -71.228  -35.903 0.6999999881
3880  -25.611  -73.104  -36.109 0.6999999881
3881  -28.829  -73.571  -36.148 0.5000000000
5963  -30.497  -69.832  -30.334 0.3000000119
5365  -21.576  -70.601  -37.586 0.6999999881
141860  -22.323  -70.623  -36.976 0.6000000238
5349  -23.337  -70.377  -36.362 0.6999999881
149979  -25.713  -70.935  -35.329 0.6000000238
130857  -25.806  -71.649  -35.212 0.6000000238
3552  -25.214  -74.159  -36.278 0.6999999881
4258  -28.299  -73.794  -38.091 0.5000000000
4259  -29.148  -72.969  -37.426 0.5000000000
137552  -24.380  -70.262  -35.721 0.6000000238
147532  -25.297  -71.317  -33.975 0.6000000238
3874  -25.533  -72.566  -35.303 0.6000000238
146654  -24.627  -74.300  -35.671 0.6000000238
3551  -24.466  -74.898  -36.191 0.6000000238
4275  -28.766  -73.598  -38.689 0.5000000000
6005  -31.994  -69.750  -32.237 0.3000000119
5330  -23.441  -70.211  -35.485 0.6999999881
5285  -24.210  -70.341  -33.862 0.6000000238
5310  -25.035  -70.630  -34.276 0.6000000238
4226  -25.445  -72.058  -34.392 0.6000000238
4225  -25.002  -72.782  -33.930 0.5000000000
3873  -25.046  -73.104  -34.696 0.5000000000
3204  -23.714  -75.546  -36.135 0.5000000000
2859  -23.958  -75.905  -36.913 0.5000000000
4276  -29.733  -72.940  -38.337 0.5000000000
4780  -32.993  -72.411  -39.203 0.3000000119
4735  -32.878  -72.048  -38.176 0.3000000119
4720  -32.825  -71.772  -37.223 0.3000000119
4703  -32.716  -71.567  -36.268 0.4000000060
4684  -32.540  -71.315  -35.377 0.4000000060
2858  -23.114  -75.898  -36.692 0.5000000000
4278  -32.185  -72.779  -39.522 0.3000000119
4756  -32.084  -72.337  -38.687 0.3000000119
142539  -31.905  -71.623  -36.803 0.4000000060
5411  -22.868  -70.176  -42.253 0.5000000000
150161  -23.279  -70.776  -41.782 0.5000000000
5418  -24.430  -70.110  -42.321 0.5000000000
5413  -24.870  -70.543  -41.985 0.5000000000
6654  -22.008  -68.557  -41.522 0.5000000000
6094  -22.243  -69.228  -42.061 0.5000000000
4789  -22.355  -70.838  -41.600 0.5000000000
4802  -24.126  -70.930  -41.510 0.5000000000
4803  -25.203  -70.779  -41.515 0.5000000000
127303  -27.456  -71.218  -41.332 0.6000000238
4793  -27.721  -71.858  -40.807 0.6000000238
5393  -20.971  -70.516  -40.031 0.5000000000
4290  -27.718  -72.547  -40.185 0.6000000238
3904  -28.300  -73.930  -39.908 0.8000000119
4636  -32.879  -71.233  -28.448 0.3000000119
6081  -20.789  -69.812  -39.547 0.6000000238
5380  -21.078  -70.424  -39.073 0.6000000238
156045  -21.381  -70.940  -40.300 0.6000000238
156166  -28.183  -73.452  -40.926 0.4000000060
5230  -33.769  -70.629  -28.642 0.3000000119
5379  -21.101  -70.303  -38.171 0.6999999881
3905  -28.624  -73.956  -39.455 0.5000000000
3898  -27.983  -74.014  -38.900 0.6000000238
144893  -31.693  -69.477  -29.539 0.3000000119
137481  -32.121  -69.124  -29.900 0.3000000119
137101  -21.497  -70.423  -36.708 0.6999999881
3916  -29.323  -74.280  -40.871 0.4000000060
5965  -32.324  -68.988  -30.726 0.3000000119
5348  -22.334  -70.427  -36.080 0.6000000238
5309  -23.393  -70.159  -34.651 0.6999999881
3899  -29.541  -73.667  -39.358 0.4000000060
5270  -31.657  -70.244  -32.852 0.3000000119
5308  -22.264  -70.255  -34.638 0.6000000238
5265  -23.021  -70.132  -33.055 0.6999999881
4220  -24.856  -70.972  -33.459 0.6000000238
4219  -24.998  -72.019  -33.275 0.5000000000
3868  -24.638  -73.143  -33.311 0.5000000000
3550  -23.938  -74.810  -35.324 0.6000000238
3917  -30.382  -74.207  -40.846 0.4000000060
3907  -30.665  -73.619  -39.858 0.4000000060
4293  -33.348  -72.696  -40.641 0.3000000119
134709  -33.430  -72.541  -39.928 0.3000000119
4757  -34.034  -72.294  -39.244 0.3000000119
146679  -33.631  -72.185  -38.484 0.3000000119
4721  -33.691  -71.922  -36.672 0.4000000060
5311  -32.192  -70.522  -33.668 0.3000000119
4657  -24.219  -71.381  -31.862 0.6000000238
125746  -24.175  -72.876  -31.948 0.5000000000
3861  -24.083  -73.663  -32.611 0.5000000000
147261  -24.176  -73.925  -33.470 0.5000000000
3544  -23.437  -75.110  -34.634 0.5000000000
3215  -22.847  -75.915  -35.865 0.6000000238
4291  -31.713  -73.337  -40.085 0.3000000119
4304  -31.942  -73.530  -40.893 0.3000000119
4214  -24.504  -72.042  -32.258 0.5000000000
3193  -22.882  -75.554  -34.478 0.5000000000
3185  -22.603  -75.564  -33.710 0.5000000000
7230  -23.360  -67.510  -41.420 0.5000000000
6655  -22.706  -68.283  -41.842 0.5000000000
6102  -24.736  -69.346  -42.421 0.5000000000
144814  -25.447  -69.158  -42.448 0.5000000000
5419  -25.436  -70.042  -42.241 0.5000000000
5414  -25.877  -70.527  -41.778 0.5000000000
127540  -22.167  -67.775  -40.177 0.5000000000
6095  -23.215  -69.100  -42.329 0.5000000000
5421  -27.437  -70.644  -42.117 0.4000000060
6645  -21.553  -68.516  -40.718 0.5000000000
4811  -27.874  -71.302  -41.810 0.4000000060
4637  -33.892  -72.026  -28.404 0.3000000119
4638  -34.661  -71.486  -28.604 0.3000000119
155492  -21.623  -68.265  -39.804 0.6000000238
4804  -28.171  -72.250  -41.522 0.4000000060
6624  -20.985  -69.095  -38.287 0.6000000238
6074  -20.799  -69.829  -38.668 0.6000000238
5940  -32.629  -70.224  -28.703 0.3000000119
5950  -32.508  -69.450  -29.276 0.3000000119
6073  -20.824  -69.770  -37.849 0.6000000238
4302  -28.877  -73.867  -41.761 0.4000000060
5347  -21.085  -70.237  -36.072 0.6000000238
4309  -29.749  -73.829  -42.145 0.4000000060
3920  -30.397  -74.111  -41.653 0.4000000060
5982  -32.404  -69.288  -31.718 0.3000000119
3918  -31.212  -73.823  -40.615 0.3000000119
4305  -32.704  -73.099  -41.093 0.3000000119
6656  -24.264  -67.491  -41.757 0.5000000000
6664  -24.083  -68.625  -42.233 0.5000000000
140305  -25.821  -68.332  -42.426 0.5000000000
6666  -26.651  -68.508  -42.477 0.4000000060
6646  -22.516  -67.750  -41.049 0.5000000000
6104  -26.911  -69.631  -42.453 0.4000000060
153858  -27.086  -70.233  -42.271 0.4000000060
7225  -22.869  -67.297  -40.260 0.6000000238
5422  -28.221  -71.186  -42.207 0.4000000060
135086  -28.895  -71.673  -42.478 0.4000000060
5942  -34.601  -70.113  -28.941 0.3000000119
5231  -34.535  -70.771  -28.716 0.3000000119
6610  -20.928  -69.228  -37.508 0.6000000238
4813  -28.988  -72.613  -42.559 0.4000000060
4308  -29.096  -73.372  -42.398 0.4000000060
4313  -29.828  -73.099  -42.652 0.4000000060
150843  -30.938  -72.552  -42.711 0.4000000060
4310  -30.692  -73.566  -42.132 0.3000000119
4311  -31.938  -73.248  -41.899 0.3000000119
5282  -21.542  -70.249  -34.264 0.6000000238
7843  -24.901  -66.488  -41.148 0.5000000000
6657  -25.311  -67.275  -41.968 0.5000000000
7237  -26.232  -67.324  -42.177 0.4000000060
133082  -27.099  -67.434  -42.353 0.4000000060
7839  -24.304  -66.543  -40.433 0.5000000000
155245  -24.593  -66.442  -40.726 0.5000000000
137141  -27.587  -68.692  -42.456 0.4000000060
155093  -22.543  -67.477  -39.759 0.6000000238
7826  -23.732  -66.913  -39.360 0.6000000238
7827  -24.275  -66.594  -39.741 0.6000000238
133026  -28.234  -69.465  -42.390 0.4000000060
7217  -22.140  -67.765  -39.137 0.6000000238
7815  -23.549  -67.133  -38.627 0.6000000238
6106  -29.351  -70.116  -42.363 0.4000000060
5423  -29.573  -71.031  -42.581 0.4000000060
7210  -21.654  -68.274  -38.248 0.6000000238
4814  -29.757  -72.060  -42.758 0.4000000060
5424  -30.725  -71.194  -42.679 0.4000000060
4815  -31.513  -71.694  -42.706 0.4000000060
5966  -32.835  -68.833  -29.883 0.3000000119
6529  -34.373  -68.987  -29.669 0.3000000119
6611  -21.223  -68.613  -37.481 0.6000000238
4805  -31.882  -72.357  -42.535 0.4000000060
5983  -33.578  -69.057  -32.055 0.3000000119
6540  -33.108  -68.689  -30.591 0.3000000119
6068  -20.894  -69.631  -36.962 0.6000000238
5328  -20.363  -69.989  -35.692 0.6000000238
6598  -20.701  -68.862  -36.633 0.6999999881
7172  -21.915  -67.198  -35.853 0.6999999881
6063  -20.310  -69.471  -36.094 0.6000000238
7170  -20.431  -68.111  -35.807 0.6999999881
7160  -21.515  -67.072  -35.313 0.6999999881
6592  -19.866  -68.857  -35.674 0.6000000238
7767  -22.345  -66.940  -35.340 0.6999999881
145459  -22.676  -66.714  -33.888 0.6000000238
149461  -20.797  -67.412  -35.376 0.6999999881
7746  -21.910  -66.770  -34.519 0.6999999881
7232  -25.799  -66.365  -41.487 0.5000000000
7233  -26.690  -66.365  -41.793 0.5000000000
149275  -25.574  -66.064  -40.113 0.5000000000
7841  -26.065  -65.946  -40.244 0.5000000000
7844  -25.588  -66.058  -40.721 0.5000000000
7847  -28.452  -65.455  -41.225 0.5000000000
7851  -28.209  -66.262  -42.007 0.4000000060
6667  -27.992  -67.356  -42.337 0.4000000060
7816  -24.262  -66.913  -38.872 0.6000000238
7817  -24.948  -66.624  -39.245 0.6000000238
131044  -25.694  -66.321  -39.578 0.6000000238
7829  -26.275  -66.034  -39.942 0.6000000238
135877  -29.093  -69.241  -42.233 0.4000000060
7212  -22.821  -67.408  -38.440 0.6000000238
155490  -25.710  -66.998  -37.949 0.6000000238
143685  -26.352  -66.861  -38.298 0.6000000238
7204  -22.627  -67.467  -37.591 0.6000000238
7801  -23.344  -67.267  -37.766 0.6000000238
141701  -24.642  -67.216  -37.244 0.6000000238
7792  -25.800  -67.190  -36.475 0.6000000238
136318  -26.167  -67.145  -37.319 0.6000000238
6107  -30.299  -70.169  -42.307 0.4000000060
6109  -32.270  -69.854  -42.381 0.4000000060
7789  -23.060  -67.237  -36.946 0.6000000238
7791  -24.390  -67.133  -36.372 0.6000000238
155015  -25.080  -67.209  -36.607 0.6000000238
7771  -26.287  -67.093  -35.520 0.6000000238
140201  -27.888  -66.727  -35.139 0.6000000238
5425  -31.792  -70.801  -42.640 0.4000000060
5426  -32.706  -70.571  -42.663 0.4000000060
7203  -21.878  -67.865  -37.363 0.6000000238
140997  -23.531  -67.049  -36.237 0.5000000000
7770  -25.143  -67.109  -35.721 0.6000000238
7750  -27.091  -66.932  -34.892 0.6000000238
150967  -28.246  -66.550  -34.542 0.6999999881
7788  -22.608  -67.115  -36.175 0.6000000238
7769  -24.107  -66.937  -35.454 0.6000000238
7748  -25.564  -67.019  -34.793 0.6000000238
7732  -28.002  -66.501  -33.768 0.6000000238
7733  -28.805  -66.144  -33.288 0.6000000238
8403  -30.438  -65.295  -32.593 0.6000000238
7730  -25.865  -66.906  -33.822 0.6000000238
131772  -27.346  -66.531  -33.111 0.6000000238
7714  -28.077  -66.262  -32.870 0.6000000238
145671  -23.565  -66.810  -34.890 0.6000000238
7729  -24.931  -66.984  -34.204 0.6000000238
155853  -26.941  -66.504  -32.573 0.5000000000
8400  -28.069  -66.077  -32.208 0.6000000238
129307  -29.954  -65.394  -32.045 0.6000000238
132205  -24.963  -66.924  -33.345 0.5000000000
7159  -20.914  -66.958  -34.708 0.6999999881
128855  -21.903  -66.637  -33.654 0.6999999881
128852  -23.435  -66.717  -33.236 0.5000000000
7710  -24.801  -66.755  -32.479 0.6000000238
7712  -26.329  -66.571  -32.286 0.5000000000
8385  -27.625  -66.057  -31.737 0.5000000000
7699  -25.496  -66.571  -31.799 0.6000000238
11766  -22.299  -60.542  -35.295 0.6000000238
11760  -22.766  -61.010  -34.509 0.6000000238
11083  -22.370  -61.263  -36.429 0.6000000238
8477  -27.171  -65.767  -40.159 0.5000000000
8471  -27.636  -65.890  -39.856 0.5000000000
8483  -27.935  -65.616  -40.282 0.5000000000
7239  -28.768  -67.064  -42.204 0.5000000000
6668  -28.719  -68.219  -42.247 0.4000000060
144315  -26.969  -67.056  -37.454 0.5000000000
132007  -26.628  -66.457  -39.236 0.5000000000
7806  -28.099  -66.548  -38.180 0.5000000000
6669  -29.743  -68.328  -41.914 0.4000000060
6658  -31.372  -68.549  -41.374 0.4000000060
153906  -27.681  -66.861  -37.557 0.5000000000
7795  -29.173  -66.271  -36.309 0.5000000000
6108  -30.927  -69.283  -41.868 0.4000000060
6096  -31.838  -69.248  -41.870 0.4000000060
7773  -28.827  -66.420  -35.189 0.5000000000
131733  -28.212  -66.722  -36.026 0.5000000000
126341  -28.418  -66.568  -37.120 0.5000000000
142830  -31.320  -70.067  -42.287 0.4000000060
7752  -28.851  -66.305  -34.189 0.6000000238
7753  -29.618  -66.082  -34.638 0.6000000238
8417  -30.279  -65.588  -33.387 0.6000000238
140206  -30.798  -65.454  -33.848 0.5000000000
9073  -31.233  -64.750  -32.430 0.4000000060
144496  -31.990  -64.366  -32.821 0.4000000060
132440  -33.321  -63.446  -33.387 0.4000000060
130806  -31.210  -64.412  -31.470 0.6000000238
140459  -31.866  -64.131  -31.990 0.6000000238
130919  -32.903  -63.196  -32.173 0.5000000000
151190  -33.356  -62.920  -32.723 0.4000000060
10352  -33.810  -62.647  -33.470 0.4000000060
11056  -34.519  -61.103  -33.754 0.4000000060
127425  -20.071  -67.597  -34.851 0.6999999881
8387  -29.838  -65.167  -31.323 0.6000000238
10338  -32.807  -62.832  -31.482 0.5000000000
11049  -34.211  -60.946  -32.995 0.4000000060
151806  -23.081  -66.583  -32.487 0.6000000238
8384  -27.031  -66.069  -31.222 0.5000000000
131349  -29.056  -65.384  -31.028 0.5000000000
9666  -32.266  -63.103  -30.938 0.5000000000
10331  -33.108  -62.196  -31.384 0.5000000000
11048  -33.839  -61.272  -32.438 0.4000000060
12469  -34.598  -59.382  -33.528 0.4000000060
7709  -23.858  -66.649  -32.294 0.6000000238
8371  -29.600  -64.874  -30.517 0.5000000000
126902  -21.151  -59.715  -34.008 0.6999999881
12468  -22.149  -60.194  -33.618 0.6000000238
12460  -22.055  -59.941  -32.629 0.6999999881
11754  -22.842  -60.831  -33.668 0.6000000238
11738  -23.646  -60.326  -31.544 0.6000000238
146628  -22.577  -61.722  -35.000 0.6000000238
11748  -23.314  -61.090  -32.899 0.6000000238
146966  -24.037  -60.846  -31.729 0.6000000238
11731  -23.943  -60.678  -30.058 0.6000000238
11732  -23.887  -61.015  -29.100 0.6000000238
10363  -22.117  -62.191  -35.150 0.5000000000
130549  -22.698  -62.080  -33.229 0.6000000238
10337  -23.303  -61.676  -32.767 0.6000000238
11040  -24.078  -61.445  -31.276 0.6000000238
11035  -24.247  -61.216  -30.539 0.6000000238
7852  -29.192  -66.235  -41.952 0.5000000000
10362  -21.426  -62.628  -34.912 0.5000000000
10350  -22.038  -62.395  -33.537 0.5000000000
10320  -24.078  -61.914  -30.298 0.5000000000
11027  -24.070  -61.495  -29.630 0.5000000000
126336  -27.152  -66.059  -39.744 0.4000000060
8472  -28.560  -65.654  -39.791 0.5000000000
7853  -30.307  -66.482  -41.608 0.5000000000
7241  -30.407  -67.558  -41.557 0.4000000060
10349  -21.168  -62.780  -33.392 0.5000000000
10336  -22.557  -62.556  -31.853 0.5000000000
126441  -23.585  -62.368  -30.797 0.5000000000
10308  -24.143  -62.060  -28.740 0.5000000000
7819  -28.581  -66.130  -38.887 0.5000000000
7234  -31.021  -67.750  -41.126 0.4000000060
7236  -32.329  -68.596  -40.861 0.4000000060
9710  -20.729  -62.908  -34.237 0.5000000000
9680  -21.644  -62.974  -31.223 0.5000000000
10328  -22.681  -62.730  -31.054 0.6000000238
9644  -23.571  -63.226  -29.117 0.6000000238
6659  -32.174  -68.724  -41.355 0.4000000060
9035  -20.116  -63.915  -30.557 0.6000000238
9662  -20.843  -63.556  -30.460 0.6000000238
9681  -21.769  -63.306  -30.308 0.6999999881
7774  -29.762  -66.077  -35.538 0.4000000060
7754  -30.416  -65.872  -35.006 0.5000000000
8415  -17.772  -66.103  -33.561 0.6000000238
9089  -31.480  -65.159  -33.909 0.5000000000
9705  -33.176  -64.048  -33.950 0.4000000060
7723  -18.210  -66.654  -33.346 0.6000000238
9083  -32.109  -64.661  -33.573 0.4000000060
7148  -19.509  -66.866  -33.296 0.6000000238
7725  -20.410  -66.715  -33.082 0.6000000238
10353  -34.334  -62.089  -33.995 0.4000000060
146845  -21.680  -66.400  -32.050 0.6000000238
7745  -21.126  -66.717  -33.849 0.6999999881
7686  -25.014  -66.337  -30.919 0.6000000238
126596  -25.550  -65.999  -30.318 0.6000000238
8368  -26.357  -66.050  -30.700 0.5000000000
134473  -28.372  -65.503  -30.816 0.5000000000
12452  -21.807  -59.678  -31.762 0.6999999881
12443  -22.632  -59.783  -31.136 0.6999999881
139260  -22.694  -59.776  -30.355 0.6000000238
12435  -23.128  -60.064  -29.808 0.6000000238
11700  -23.273  -60.372  -28.243 0.6000000238
11719  -23.448  -60.507  -29.144 0.6000000238
11701  -23.900  -60.575  -27.761 0.6999999881
11702  -24.610  -60.762  -27.425 0.6000000238
11028  -24.038  -61.488  -28.767 0.6000000238
126801  -29.372  -65.305  -39.860 0.5000000000
8479  -28.924  -65.403  -40.134 0.5000000000
8485  -29.674  -65.203  -40.600 0.5000000000
141004  -30.446  -65.663  -41.213 0.5000000000
11015  -24.456  -61.748  -28.205 0.6000000238
150040  -25.273  -60.943  -27.159 0.5000000000
8481  -30.969  -65.349  -40.212 0.5000000000
7850  -31.091  -67.212  -40.664 0.5000000000
7235  -31.420  -67.845  -40.669 0.4000000060
9620  -24.345  -63.506  -28.434 0.6000000238
10290  -24.096  -62.895  -28.682 0.6000000238
10997  -25.668  -61.535  -27.265 0.5000000000
8453  -29.667  -65.920  -37.779 0.5000000000
9071  -18.357  -64.795  -32.853 0.6000000238
9072  -19.010  -64.257  -32.238 0.4000000060
9678  -19.636  -63.722  -31.810 0.6000000238
9663  -21.912  -63.779  -29.625 0.6000000238
8992  -23.206  -63.984  -29.067 0.6000000238
153624  -25.253  -62.657  -27.725 0.6000000238
147761  -29.989  -65.995  -36.262 0.4000000060
8445  -30.524  -65.966  -36.656 0.4000000060
7693  -18.968  -65.705  -31.674 0.5000000000
8362  -19.434  -65.184  -30.911 0.5000000000
150854  -19.745  -64.512  -30.527 0.6000000238
9012  -21.201  -64.357  -29.489 0.6999999881
9013  -23.105  -64.538  -29.171 0.6000000238
8993  -23.794  -64.113  -28.759 0.6000000238
9621  -25.139  -63.464  -28.005 0.6000000238
8429  -31.693  -65.412  -34.666 0.5000000000
145947  -18.705  -66.083  -32.231 0.6000000238
8363  -20.714  -65.206  -29.873 0.6000000238
8344  -21.384  -64.858  -29.513 0.6000000238
9014  -23.930  -64.687  -28.955 0.6000000238
141435  -25.422  -64.358  -28.353 0.6000000238
150389  -26.610  -63.343  -27.647 0.6000000238
9090  -32.187  -64.962  -34.241 0.4000000060
7707  -19.200  -66.236  -31.909 0.5000000000
7681  -20.077  -65.533  -30.456 0.6000000238
8365  -22.619  -65.505  -29.876 0.6000000238
9015  -25.798  -65.044  -28.915 0.6000000238
8995  -26.350  -64.501  -28.414 0.6000000238
7140  -18.876  -66.514  -32.762 0.6000000238
148063  -20.602  -66.491  -32.072 0.6000000238
131632  -20.427  -66.082  -31.136 0.6000000238
8366  -23.647  -65.720  -29.994 0.6000000238
8347  -24.228  -65.323  -29.381 0.6000000238
7685  -24.109  -66.244  -30.780 0.6000000238
7697  -23.115  -66.450  -31.763 0.6000000238
125927  -27.111  -65.743  -30.431 0.5000000000
128185  -29.355  -64.527  -29.736 0.5000000000
12451  -20.643  -59.399  -31.378 0.6999999881
156257  -21.577  -59.511  -31.027 0.6999999881
128597  -19.748  -59.235  -30.492 0.6999999881
147528  -20.358  -59.312  -29.826 0.6999999881
12442  -20.903  -59.381  -30.473 0.6999999881
12434  -22.178  -59.652  -29.664 0.6999999881
12421  -22.599  -59.972  -28.804 0.6000000238
12400  -23.435  -60.088  -27.334 0.6000000238
12376  -24.499  -59.346  -26.235 0.5000000000
144516  -24.315  -60.101  -26.881 0.6999999881
151269  -25.044  -59.718  -26.446 0.5000000000
12377  -25.871  -59.627  -26.416 0.5000000000
12402  -26.749  -59.822  -26.542 0.5000000000
8474  -30.928  -65.512  -39.686 0.4000000060
8487  -31.182  -66.220  -40.322 0.5000000000
7219  -31.362  -67.430  -39.523 0.5000000000
7227  -31.651  -68.022  -40.169 0.5000000000
8463  -30.145  -65.769  -38.450 0.4000000060
8482  -31.216  -66.128  -39.967 0.4000000060
10998  -26.721  -61.454  -27.063 0.6000000238
9607  -25.943  -62.917  -27.552 0.6000000238
10999  -27.667  -61.802  -27.206 0.6000000238
9622  -26.877  -63.969  -27.987 0.6000000238
140963  -28.462  -62.033  -27.422 0.6000000238
8348  -25.211  -65.527  -29.483 0.6000000238
8996  -27.211  -64.502  -28.569 0.6000000238
131988  -29.055  -62.160  -27.647 0.6000000238
8367  -24.625  -65.900  -30.114 0.6000000238
9623  -27.699  -63.970  -28.166 0.5000000000
8349  -27.268  -65.309  -29.694 0.6000000238
9017  -27.468  -64.859  -29.157 0.5000000000
9018  -28.656  -64.634  -29.457 0.5000000000
12441  -18.624  -59.088  -29.979 0.6999999881
12432  -19.514  -59.247  -29.474 0.6999999881
12419  -20.929  -59.613  -28.004 0.6999999881
126265  -21.537  -59.559  -28.855 0.6999999881
12398  -21.362  -59.568  -27.139 0.6000000238
12420  -21.893  -59.697  -27.964 0.6999999881
138597  -22.921  -59.733  -27.002 0.4000000060
12431  -18.573  -59.325  -28.928 0.6999999881
135426  -19.476  -59.376  -28.650 0.6999999881
142931  -19.977  -59.561  -27.949 0.6000000238
13083  -24.736  -58.724  -25.855 0.5000000000
12429  -17.747  -59.992  -28.490 0.6999999881
12417  -18.282  -59.865  -27.980 0.6999999881
13728  -25.373  -58.171  -25.736 0.5000000000
11718  -17.806  -60.476  -27.622 0.6999999881
13084  -26.050  -58.728  -26.059 0.5000000000
11699  -17.597  -60.790  -26.390 0.6000000238
12353  -16.377  -59.703  -25.310 0.6000000238
13054  -15.690  -58.676  -25.473 0.6000000238
13725  -14.551  -58.137  -26.428 0.5000000000
14457  -14.341  -56.721  -27.370 0.5000000000
7833  -31.110  -66.619  -39.583 0.4000000060
7220  -32.011  -68.196  -39.554 0.4000000060
10273  -28.684  -62.734  -27.728 0.6000000238
12373  -21.803  -59.268  -26.376 0.5000000000
12374  -22.667  -59.291  -26.430 0.5000000000
12418  -19.066  -59.565  -27.896 0.6000000238
12397  -19.597  -59.687  -27.017 0.6000000238
12372  -20.915  -59.305  -26.304 0.6000000238
13079  -21.373  -58.715  -25.700 0.6000000238
13063  -23.612  -58.196  -25.483 0.5000000000
13082  -24.011  -58.820  -25.865 0.5000000000
13064  -24.457  -58.130  -25.541 0.5000000000
12395  -18.189  -60.310  -26.932 0.6999999881
12396  -18.800  -59.949  -26.778 0.6000000238
12370  -19.258  -59.492  -26.099 0.6000000238
13078  -20.460  -58.748  -25.606 0.6000000238
144940  -20.579  -58.002  -25.257 0.6000000238
13715  -25.778  -57.275  -25.668 0.5000000000
12369  -18.051  -60.017  -25.938 0.6999999881
128496  -18.630  -59.588  -25.869 0.6000000238
13057  -18.210  -58.308  -25.246 0.6000000238
13710  -19.252  -57.210  -25.329 0.6000000238
13711  -20.129  -57.271  -25.278 0.6000000238
12354  -17.304  -59.409  -25.333 0.6000000238
12355  -18.081  -59.171  -25.412 0.6000000238
140707  -17.831  -56.735  -25.465 0.6000000238
148162  -18.555  -56.688  -25.489 0.6000000238
13055  -16.549  -58.632  -25.270 0.6000000238
14439  -16.510  -56.718  -25.722 0.6000000238
14440  -17.192  -56.135  -25.846 0.6000000238
143267  -18.228  -55.902  -25.832 0.6000000238
13727  -15.896  -57.233  -25.735 0.5000000000
132839  -15.352  -57.001  -26.230 0.5000000000
127943  -15.859  -56.508  -26.203 0.5000000000
15120  -16.758  -55.527  -26.544 0.6000000238
15121  -17.597  -55.365  -26.404 0.6000000238
7214  -31.744  -67.769  -38.784 0.4000000060
14469  -13.212  -56.693  -28.603 0.5000000000
14438  -15.158  -56.338  -26.859 0.5000000000
15137  -16.325  -55.090  -27.339 0.6000000238
15138  -17.169  -54.902  -27.052 0.6000000238
15150  -14.219  -55.509  -28.734 0.5000000000
15151  -15.095  -55.201  -28.310 0.5000000000
135187  -15.461  -55.501  -27.449 0.4000000060
15804  -16.913  -54.626  -27.679 0.6000000238
13062  -22.794  -58.214  -25.459 0.6000000238
13713  -24.028  -57.465  -25.246 0.5000000000
143908  -22.502  -57.577  -25.247 0.6000000238
14425  -23.633  -56.782  -25.039 0.5000000000
13714  -24.900  -57.282  -25.362 0.5000000000
141954  -21.259  -56.534  -25.292 0.6999999881
137333  -21.956  -56.164  -25.168 0.6999999881
133718  -19.753  -56.591  -25.481 0.6000000238
15108  -21.179  -55.621  -25.531 0.6999999881
14441  -19.095  -55.352  -26.189 0.6000000238
15124  -20.693  -54.996  -25.907 0.6999999881
15123  -19.992  -54.985  -26.206 0.6999999881
15122  -18.742  -54.659  -26.813 0.6000000238
15789  -19.898  -54.258  -26.856 0.6999999881
15161  -13.137  -55.552  -30.016 0.5000000000
15163  -14.817  -54.876  -29.221 0.5000000000
15818  -15.717  -54.618  -28.885 0.4000000060
15820  -17.134  -54.259  -28.309 0.6000000238
15806  -18.452  -54.176  -27.622 0.6000000238
15832  -14.622  -54.629  -30.209 0.5000000000
15834  -16.599  -54.190  -29.017 0.5000000000
156125  -24.791  -56.499  -25.148 0.5000000000
14416  -24.181  -55.986  -24.888 0.5000000000
129118  -22.735  -56.754  -25.057 0.6000000238
14415  -23.447  -55.473  -24.853 0.5000000000
148776  -24.867  -54.401  -24.788 0.5000000000
145584  -22.138  -55.067  -25.311 0.6999999881
15778  -21.321  -54.647  -25.806 0.6999999881
15790  -20.640  -54.264  -26.408 0.6000000238
15822  -19.144  -53.664  -27.977 0.6999999881
15808  -20.292  -53.740  -27.018 0.6000000238
145179  -17.887  -53.943  -28.326 0.6000000238
15851  -15.336  -54.155  -30.823 0.5000000000
16585  -16.896  -53.759  -29.910 0.4000000060
15835  -17.412  -53.816  -29.067 0.6000000238
16600  -15.787  -53.712  -31.805 0.4000000060
16601  -16.335  -53.754  -30.864 0.4000000060
16602  -17.286  -53.479  -30.908 0.5000000000
16586  -17.794  -53.514  -29.949 0.5000000000
15780  -22.773  -54.558  -25.188 0.6000000238
15769  -23.979  -54.182  -24.811 0.5000000000
152611  -22.373  -54.452  -25.418 0.6000000238
16531  -23.734  -53.528  -25.044 0.5000000000
16530  -22.130  -53.325  -25.933 0.6000000238
133414  -21.511  -53.149  -26.455 0.6000000238
17291  -22.629  -52.474  -26.014 0.5000000000
17302  -21.316  -52.714  -26.877 0.6000000238
16561  -19.768  -53.039  -28.219 0.6999999881
17322  -20.868  -52.604  -27.424 0.5000000000
16572  -19.039  -53.230  -28.915 0.6000000238
16587  -18.617  -53.229  -29.924 0.5000000000
16615  -17.759  -53.391  -31.970 0.4000000060
16604  -19.026  -53.054  -30.891 0.5000000000
134376  -14.772  -47.521  -29.818 0.4000000060
21029  -15.711  -47.484  -29.813 0.3000000119
21924  -15.096  -46.834  -30.461 0.4000000060
145792  -24.557  -52.652  -25.129 0.5000000000
151312  -13.726  -47.680  -31.023 0.3000000119
21934  -14.966  -46.578  -31.067 0.4000000060
17303  -21.874  -52.549  -26.485 0.5000000000
17293  -24.166  -52.143  -25.394 0.5000000000
19135  -14.987  -49.496  -32.064 0.3000000119
21053  -15.284  -47.651  -31.901 0.4000000060
18182  -21.535  -51.962  -27.229 0.5000000000
152971  -15.959  -49.899  -32.392 0.3000000119
17341  -20.873  -51.895  -28.137 0.6000000238
17339  -19.641  -52.703  -29.075 0.6999999881
17340  -20.213  -52.358  -28.706 0.6000000238
16616  -18.734  -53.272  -32.055 0.5000000000
17363  -19.604  -52.556  -30.766 0.5000000000
142080  -19.816  -52.393  -31.501 0.4000000060
18203  -20.466  -51.496  -30.088 0.4000000060
21030  -17.585  -48.220  -29.288 0.3000000119
136582  -16.637  -47.794  -29.692 0.3000000119
21926  -17.206  -47.222  -30.022 0.3000000119
21936  -16.473  -46.263  -30.937 0.3000000119
155988  -15.900  -46.212  -31.267 0.4000000060
146701  -23.738  -51.694  -25.772 0.5000000000
146587  -16.127  -48.372  -32.258 0.4000000060
21950  -16.119  -46.671  -31.881 0.4000000060
18167  -23.088  -51.723  -26.144 0.5000000000
20133  -16.706  -49.558  -32.621 0.4000000060
137890  -17.037  -48.432  -32.598 0.4000000060
19109  -22.217  -51.215  -27.348 0.5000000000
19094  -22.868  -51.133  -26.766 0.5000000000
18196  -21.628  -51.253  -27.993 0.5000000000
17355  -20.002  -52.239  -29.766 0.5000000000
18195  -21.241  -51.158  -28.694 0.5000000000
17386  -18.636  -53.193  -33.484 0.3000000119
17388  -19.941  -52.078  -33.285 0.4000000060
18211  -20.416  -51.378  -30.999 0.4000000060
18204  -21.050  -50.858  -29.571 0.4000000060
20103  -17.877  -48.974  -28.549 0.3000000119
21031  -18.106  -47.790  -29.443 0.3000000119
22802  -17.386  -45.958  -31.112 0.4000000060
22812  -16.883  -45.912  -31.559 0.4000000060
18156  -26.502  -51.721  -25.340 0.4000000060
22821  -17.162  -45.873  -32.097 0.4000000060
19075  -26.086  -50.903  -25.500 0.4000000060
21055  -16.712  -47.310  -32.374 0.4000000060
21951  -17.061  -46.600  -32.354 0.4000000060
18153  -23.669  -51.009  -26.267 0.4000000060
21952  -18.157  -47.111  -32.981 0.4000000060
154439  -22.729  -50.696  -27.374 0.5000000000
20134  -18.157  -48.849  -33.111 0.4000000060
19151  -18.346  -50.716  -33.730 0.3000000119
139547  -22.290  -50.531  -28.160 0.5000000000
18230  -20.151  -51.279  -32.888 0.3000000119
21023  -18.566  -48.393  -28.656 0.3000000119
21928  -19.020  -46.931  -29.608 0.3000000119
22790  -18.221  -46.356  -30.426 0.3000000119
136704  -18.327  -45.537  -31.120 0.4000000060
23648  -18.386  -45.072  -31.858 0.4000000060
24472  -18.837  -44.338  -32.196 0.3000000119
22813  -17.702  -45.598  -31.794 0.4000000060
18157  -28.285  -51.428  -25.680 0.4000000060
19097  -29.575  -50.736  -26.200 0.4000000060
22822  -18.048  -45.518  -32.331 0.4000000060
19074  -25.240  -50.897  -25.682 0.4000000060
21063  -18.569  -48.147  -33.257 0.3000000119
19095  -23.312  -50.480  -26.998 0.4000000060
20140  -17.809  -49.731  -33.114 0.3000000119
128963  -18.875  -49.040  -33.508 0.3000000119
20143  -19.798  -49.908  -33.494 0.3000000119
18212  -20.741  -50.883  -30.396 0.4000000060
21907  -19.806  -47.935  -27.653 0.3000000119
22791  -19.116  -46.145  -30.152 0.4000000060
23631  -19.298  -45.370  -30.582 0.4000000060
23649  -18.886  -44.699  -31.491 0.4000000060
19111  -30.613  -50.658  -27.133 0.4000000060
19078  -28.704  -50.670  -25.764 0.4000000060
24480  -18.911  -44.464  -32.455 0.4000000060
19076  -26.932  -50.798  -25.527 0.4000000060
22830  -18.603  -45.578  -32.973 0.4000000060
19096  -25.180  -50.149  -26.149 0.4000000060
129157  -26.406  -50.166  -25.719 0.4000000060
21959  -18.896  -46.630  -33.321 0.3000000119
20082  -24.524  -49.850  -26.658 0.4000000060
21065  -20.046  -48.186  -33.519 0.3000000119
19110  -23.030  -50.207  -27.661 0.5000000000
20142  -19.348  -49.710  -33.669 0.3000000119
147275  -19.880  -49.116  -33.492 0.3000000119
19118  -23.047  -49.662  -28.359 0.5000000000
20127  -20.718  -49.869  -31.672 0.3000000119
19122  -21.617  -50.222  -29.609 0.4000000060
18221  -20.290  -51.255  -31.920 0.4000000060
21917  -20.307  -46.896  -28.421 0.3000000119
24461  -18.981  -43.940  -31.939 0.3000000119
25343  -19.397  -43.171  -32.919 0.3000000119
143619  -30.199  -50.466  -26.594 0.4000000060
23668  -19.214  -44.916  -33.197 0.3000000119
20068  -28.237  -49.881  -25.650 0.4000000060
20085  -29.943  -49.835  -26.222 0.3000000119
139638  -19.854  -45.341  -33.538 0.3000000119
20065  -25.814  -49.743  -26.047 0.4000000060
20067  -27.272  -49.845  -25.680 0.4000000060
21961  -20.396  -46.870  -33.395 0.3000000119
21953  -20.515  -47.698  -33.120 0.3000000119
20096  -24.158  -48.993  -27.788 0.4000000060
134682  -20.108  -49.546  -33.206 0.3000000119
20136  -21.011  -49.160  -31.645 0.3000000119
20128  -21.184  -49.704  -30.917 0.3000000119
20113  -22.466  -49.181  -29.734 0.3000000119
24493  -19.369  -43.656  -33.046 0.3000000119
26108  -19.662  -42.551  -33.118 0.3000000119
24494  -19.845  -43.750  -33.512 0.3000000119
20069  -29.136  -49.862  -25.799 0.3000000119
133174  -27.829  -49.191  -25.674 0.4000000060
20999  -28.605  -49.069  -25.626 0.4000000060
22833  -20.754  -46.208  -33.237 0.3000000119
20084  -25.849  -49.075  -26.405 0.4000000060
20997  -27.150  -48.884  -25.828 0.4000000060
124518  -20.812  -48.188  -32.573 0.3000000119
21058  -20.796  -48.767  -32.325 0.3000000119
134922  -23.688  -49.165  -28.157 0.3000000119
155649  -22.160  -49.056  -30.229 0.3000000119
23658  -21.494  -44.846  -32.933 0.3000000119
22814  -21.359  -46.540  -32.526 0.3000000119
21007  -26.416  -48.582  -26.264 0.3000000119
21008  -27.008  -48.057  -26.075 0.3000000119
21945  -21.622  -47.362  -31.711 0.3000000119
21017  -24.594  -48.488  -27.766 0.3000000119
21048  -21.715  -48.897  -30.822 0.3000000119
20104  -23.393  -48.949  -28.796 0.3000000119
126405  -22.493  -44.882  -31.598 0.3000000119
24473  -22.496  -43.756  -32.101 0.3000000119
22815  -21.999  -46.574  -31.558 0.3000000119
21898  -26.267  -47.739  -26.643 0.3000000119
24463  -23.119  -44.229  -31.140 0.3000000119
19128  -20.680  -50.535  -31.175 0.4000000060
19145  -20.066  -50.416  -33.190 0.3000000119
20135  -20.474  -49.547  -32.509 0.3000000119
149834  -26.961  -74.915  -37.274 0.6000000238
147156  -27.692  -75.790  -36.271 0.5000000000
2846  -27.447  -76.315  -36.012 0.5000000000
2512  -26.364  -77.380  -36.031 0.5000000000
3206  -28.632  -75.232  -35.983 0.5000000000
3546  -28.783  -73.994  -34.582 0.5000000000
3889  -26.216  -73.608  -37.268 0.6999999881
3897  -27.834  -73.386  -39.610 0.6999999881
4243  -26.095  -72.628  -36.788 0.6999999881
142615  -25.748  -74.364  -36.979 0.6999999881
3195  -28.961  -74.668  -34.688 0.4000000060
4244  -28.996  -73.101  -36.554 0.5000000000
6006  -32.599  -69.560  -32.370 0.3000000119
4732  -30.246  -72.331  -37.533 0.5000000000
4277  -31.368  -72.839  -39.226 0.3000000119
126869  -26.398  -70.799  -41.340 0.6000000238
137518  -26.574  -71.115  -40.015 0.6000000238
4810  -26.945  -70.741  -41.720 0.5000000000
5395  -22.688  -71.193  -39.379 0.6000000238
4730  -26.048  -71.120  -37.418 0.6999999881
5939  -31.620  -70.012  -28.919 0.3000000119
133898  -25.264  -70.600  -35.994 0.6000000238
5368  -25.267  -70.665  -37.455 0.6000000238
4233  -25.936  -72.107  -35.955 0.6999999881
3885  -28.453  -73.782  -37.198 0.6000000238
3553  -28.416  -74.749  -36.206 0.5000000000
3879  -25.070  -73.541  -35.523 0.6999999881
3545  -24.533  -73.999  -34.929 0.5000000000
140144  -33.223  -69.627  -32.755 0.3000000119
143359  -23.716  -70.334  -33.211 0.6000000238
126852  -23.904  -74.456  -34.220 0.5000000000
128435  -33.681  -72.093  -37.620 0.3000000119
3915  -28.476  -73.899  -40.805 0.5000000000
5288  -33.672  -70.585  -33.890 0.3000000119
3179  -23.572  -74.605  -33.151 0.5000000000
128994  -28.062  -70.430  -42.354 0.4000000060
5951  -34.278  -69.414  -29.226 0.3000000119
7802  -24.112  -67.166  -37.962 0.6000000238
7189  -21.181  -68.093  -36.652 0.6999999881
7768  -23.171  -66.864  -35.473 0.6000000238
130322  -24.216  -66.876  -33.765 0.6000000238
137884  -25.404  -67.183  -37.288 0.6000000238
7818  -27.650  -66.375  -39.092 0.5000000000
142756  -29.997  -69.268  -41.980 0.4000000060
7772  -27.309  -67.015  -35.783 0.6000000238
7794  -27.565  -66.967  -36.725 0.5000000000
7749  -26.365  -66.972  -34.587 0.6000000238
9082  -31.544  -64.798  -33.206 0.4000000060
7149  -20.232  -66.997  -33.997 0.6000000238
7726  -21.364  -66.590  -32.953 0.6999999881
11054  -22.927  -61.438  -33.703 0.6000000238
8478  -28.138  -65.729  -39.934 0.4000000060
126506  -29.838  -66.001  -36.951 0.4000000060
10365  -34.065  -62.785  -34.261 0.4000000060
9056  -30.492  -64.576  -30.813 0.4000000060
147917  -19.360  -67.317  -34.119 0.6000000238
12461  -22.920  -60.499  -32.874 0.6000000238
10329  -23.454  -62.053  -31.857 0.6000000238
155905  -31.099  -66.920  -40.326 0.5000000000
9691  -20.435  -63.149  -32.511 0.5000000000
11016  -25.035  -62.002  -27.714 0.6000000238
9690  -19.567  -63.515  -32.795 0.4000000060
7684  -23.082  -66.081  -30.802 0.5000000000
8346  -23.280  -65.122  -29.388 0.6000000238
7682  -20.956  -65.717  -30.363 0.5000000000
11698  -16.917  -61.525  -26.335 0.6000000238
14470  -13.883  -56.263  -28.168 0.5000000000
13060  -21.255  -57.993  -25.309 0.5000000000
13076  -18.807  -58.990  -25.486 0.6000000238
13059  -19.837  -58.098  -25.233 0.6000000238
144415  -21.795  -57.215  -25.211 0.6000000238
13707  -16.686  -57.604  -25.342 0.6000000238
136839  -23.342  -56.160  -24.900 0.5000000000
16562  -20.301  -53.148  -27.481 0.6000000238
15833  -15.306  -54.469  -29.777 0.5000000000
21040  -14.188  -47.084  -30.520 0.3000000119
132868  -23.074  -53.203  -25.451 0.5000000000
16630  -18.907  -53.311  -32.988 0.3000000119
17294  -24.972  -52.022  -25.228 0.4000000060
18154  -24.466  -51.383  -25.668 0.4000000060
17374  -19.790  -52.501  -32.435 0.4000000060
17395  -19.471  -52.083  -33.976 0.3000000119
19117  -21.690  -50.563  -28.936 0.5000000000
19077  -27.823  -50.676  -25.584 0.4000000060
21916  -19.705  -47.413  -28.615 0.3000000119
134282  -19.576  -47.529  -33.567 0.3000000119
20095  -23.771  -49.687  -27.406 0.4000000060
20120  -21.835  -49.605  -30.111 0.3000000119
22832  -20.176  -46.060  -33.531 0.3000000119
20114  -22.865  -49.287  -29.127 0.4000000060
22781  -20.615  -46.219  -28.783 0.3000000119
23657  -21.180  -45.492  -33.068 0.3000000119
20097  -24.674  -49.101  -27.171 0.4000000060
23650  -21.879  -45.553  -32.231 0.3000000119
3168  -20.103  -75.586  -31.759 0.5000000000
3169  -20.995  -75.379  -31.579 0.5000000000
136734  -21.695  -75.460  -32.183 0.5000000000
3176  -21.542  -75.700  -32.869 0.4000000060
3516  -19.725  -75.200  -30.327 0.5000000000
3517  -20.470  -74.894  -30.289 0.5000000000
3162  -21.149  -74.935  -30.792 0.5000000000
3170  -21.858  -75.040  -31.411 0.5000000000
3171  -22.523  -75.087  -32.055 0.5000000000
3178  -23.000  -75.036  -32.654 0.4000000060
3511  -19.929  -74.600  -29.480 0.4000000060
3843  -20.674  -73.969  -29.190 0.5000000000
3523  -22.000  -74.494  -30.665 0.5000000000
3531  -23.302  -74.419  -32.101 0.4000000060
3834  -20.723  -73.373  -28.629 0.5000000000
3844  -21.475  -73.561  -29.213 0.5000000000
3512  -21.177  -74.359  -29.911 0.5000000000
4178  -21.501  -72.710  -28.531 0.5000000000
3518  -22.323  -73.770  -29.948 0.5000000000
3845  -22.280  -72.961  -29.236 0.5000000000
4201  -22.981  -72.920  -29.842 0.5000000000
3855  -23.756  -73.116  -31.182 0.4000000060
4177  -20.589  -72.694  -28.075 0.5000000000
4646  -22.828  -71.606  -29.280 0.5000000000
4195  -23.253  -72.052  -29.879 0.5000000000
4208  -24.068  -72.120  -31.320 0.5000000000
6519  -19.221  -69.233  -29.070 0.5000000000
4629  -21.090  -72.128  -27.954 0.5000000000
5220  -20.546  -70.437  -27.817 0.5000000000
151325  -21.740  -71.066  -28.205 0.5000000000
5937  -21.545  -69.858  -28.650 0.5000000000
5237  -22.656  -70.651  -29.295 0.5000000000
5938  -22.141  -70.020  -29.067 0.5000000000
5238  -23.251  -71.178  -29.945 0.5000000000
4656  -23.914  -71.341  -31.191 0.5000000000
6520  -19.997  -69.164  -28.930 0.5000000000
6537  -19.760  -68.865  -30.205 0.5000000000
6570  -19.073  -69.437  -32.242 0.5000000000
5946  -20.875  -69.299  -28.934 0.5000000000
6557  -20.679  -69.216  -31.358 0.5000000000
6571  -19.867  -69.276  -31.867 0.5000000000
5961  -21.841  -69.454  -30.126 0.5000000000
5977  -21.809  -69.452  -30.794 0.5000000000
131591  -21.310  -69.516  -31.882 0.5000000000
5962  -22.505  -69.766  -30.650 0.5000000000
136015  -21.982  -69.559  -31.382 0.5000000000
5248  -23.029  -70.389  -30.180 0.5000000000
5256  -23.781  -70.745  -31.582 0.5000000000
5257  -24.152  -70.877  -32.277 0.5000000000
6584  -18.502  -68.166  -34.823 0.5000000000
7158  -19.167  -67.923  -34.743 0.6000000238
132999  -19.559  -69.860  -33.451 0.5000000000
6002  -20.521  -69.539  -32.291 0.5000000000
142100  -19.512  -69.591  -35.387 0.5000000000
124523  -21.207  -69.888  -32.779 0.5000000000
6044  -20.102  -70.040  -34.846 0.5000000000
6004  -22.847  -70.050  -32.293 0.5000000000
6028  -22.140  -70.060  -32.916 0.5000000000
5979  -23.301  -70.240  -31.748 0.5000000000
124761  -17.479  -66.519  -34.188 0.5000000000
7146  -18.093  -67.146  -33.886 0.5000000000
147495  -19.635  -68.292  -35.252 0.6000000238
12494  -20.429  -59.103  -37.037 0.5000000000
12487  -21.489  -59.861  -35.772 0.6000000238
136537  -19.222  -58.844  -36.723 0.5000000000
12486  -20.612  -59.191  -36.261 0.5000000000
12476  -20.815  -59.570  -35.139 0.6000000238
12467  -20.214  -59.429  -34.367 0.6000000238
12475  -19.830  -59.051  -35.533 0.5000000000
12466  -19.594  -59.382  -33.768 0.6000000238
133507  -18.644  -59.343  -33.885 0.5000000000
129675  -20.380  -59.459  -33.228 0.6000000238
128638  -19.906  -59.357  -32.180 0.6000000238
12458  -18.016  -59.098  -32.781 0.5000000000
129546  -18.632  -59.065  -31.879 0.6000000238
145987  -19.525  -59.236  -31.365 0.6000000238
135108  -17.364  -58.905  -31.850 0.5000000000
12449  -17.826  -58.764  -31.195 0.5000000000
11737  -16.794  -60.126  -30.137 0.5000000000
11729  -17.167  -60.794  -29.270 0.6000000238
10996  -16.902  -62.015  -27.093 0.6000000238
137985  -17.003  -62.004  -28.015 0.5000000000
12430  -17.855  -59.531  -28.874 0.6000000238
12440  -17.755  -58.851  -30.492 0.5000000000
153261  -17.282  -61.314  -28.462 0.5000000000
13075  -15.267  -59.409  -25.560 0.6000000238
11681  -16.742  -60.790  -25.604 0.6000000238
146844  -15.002  -58.597  -25.864 0.6000000238
5313  -33.993  -71.053  -34.484 0.3000000119
4686  -35.370  -72.268  -35.105 0.3000000119
144806  -33.616  -71.655  -35.779 0.3000000119
4237  -36.683  -73.161  -35.719 0.3000000119
150541  -33.367  -71.217  -34.958 0.3000000119
5312  -33.099  -70.752  -34.189 0.3000000119
3525  -23.248  -73.914  -31.259 0.4000000060
6003  -22.050  -69.756  -32.146 0.5000000000
144427  -21.964  -60.257  -36.205 0.5000000000
148662  -22.632  -74.553  -31.347 0.4000000060
3850  -23.161  -73.447  -30.528 0.5000000000
4630  -21.721  -71.796  -28.240 0.5000000000
5928  -19.569  -69.636  -28.349 0.5000000000
5225  -20.831  -69.819  -28.250 0.5000000000
6536  -19.062  -69.033  -29.881 0.5000000000
6556  -19.874  -68.972  -31.040 0.5000000000
6527  -21.124  -69.146  -29.810 0.5000000000
6026  -20.086  -70.061  -33.955 0.5000000000
4685  -34.455  -71.802  -35.247 0.3000000119
4722  -35.101  -72.799  -36.586 0.3000000119
4706  -35.765  -72.914  -35.521 0.3000000119
4704  -34.589  -72.393  -36.117 0.3000000119
4236  -36.061  -73.190  -35.875 0.3000000119
20998  -27.903  -48.322  -25.703 0.3000000119
2515  -25.447  -77.888  -37.170 0.5000000000
2847  -28.887  -75.727  -35.844 0.5000000000
3161  -20.325  -75.283  -30.968 0.5000000000
3177  -22.344  -75.473  -32.871 0.4000000060
3184  -21.847  -75.821  -33.531 0.4000000060
3186  -23.260  -75.132  -33.894 0.5000000000
3203  -23.231  -75.510  -35.255 0.6000000238
3217  -27.753  -75.259  -36.608 0.5000000000
3227  -27.424  -74.481  -37.625 0.6000000238
3524  -22.704  -74.079  -30.721 0.5000000000
3537  -24.566  -73.594  -34.093 0.5000000000
3554  -28.780  -74.142  -35.590 0.4000000060
3568  -26.980  -74.374  -37.689 0.6999999881
3862  -24.553  -72.742  -32.650 0.5000000000
3890  -26.841  -73.650  -37.896 0.6999999881
3906  -29.774  -74.149  -40.167 0.4000000060
3914  -28.057  -73.442  -40.444 0.6999999881
3919  -29.753  -74.241  -41.506 0.4000000060
4166  -20.354  -71.956  -27.664 0.5000000000
4194  -22.775  -72.359  -29.376 0.5000000000
4202  -23.555  -72.566  -30.516 0.5000000000
4257  -26.507  -72.678  -37.593 0.6999999881
4260  -29.855  -72.298  -36.766 0.5000000000
4292  -32.648  -72.966  -40.249 0.3000000119
4301  -28.032  -72.861  -40.921 0.6000000238
4303  -31.152  -73.914  -41.363 0.3000000119
4307  -28.543  -73.007  -42.111 0.4000000060
4622  -21.028  -71.286  -27.803 0.5000000000
4631  -22.312  -72.154  -28.807 0.5000000000
4650  -23.648  -71.672  -30.579 0.5000000000
4663  -24.537  -71.309  -32.674 0.6000000238
4665  -29.430  -71.206  -32.469 0.3000000119
4680  -25.594  -71.106  -34.654 0.6000000238
4682  -30.801  -71.367  -34.547 0.4000000060
4700  -30.241  -71.781  -35.149 0.4000000060
4705  -35.155  -72.573  -35.608 0.3000000119
4717  -26.105  -71.588  -36.610 0.6999999881
4718  -30.503  -71.910  -36.649 0.4000000060
4723  -35.437  -72.950  -36.016 0.3000000119
4731  -26.520  -71.744  -37.905 0.6999999881
4752  -25.524  -70.852  -38.926 0.6999999881
4753  -26.177  -71.095  -38.334 0.6999999881
4775  -22.185  -71.194  -40.488 0.6000000238
4790  -24.003  -71.066  -40.712 0.5000000000
4792  -26.963  -71.136  -40.771 0.6000000238
4812  -28.486  -72.048  -42.118 0.4000000060
5226  -21.335  -70.461  -28.130 0.5000000000
5227  -22.020  -70.521  -28.603 0.5000000000
5249  -23.541  -70.902  -30.725 0.5000000000
5255  -23.236  -70.270  -31.031 0.5000000000
5266  -23.651  -70.404  -32.423 0.6000000238
5267  -24.250  -70.680  -32.968 0.6000000238
5268  -30.070  -70.728  -32.354 0.3000000119
5271  -32.458  -69.975  -32.921 0.3000000119
5283  -22.268  -70.174  -33.712 0.5000000000
5284  -23.178  -70.218  -33.844 0.6999999881
5287  -33.074  -70.243  -33.484 0.3000000119
5307  -21.046  -70.262  -35.102 0.6000000238
5329  -21.780  -70.357  -35.577 0.6000000238
5331  -25.172  -70.505  -35.106 0.6000000238
5346  -20.698  -69.909  -36.329 0.6000000238
5350  -25.688  -70.898  -36.660 0.6000000238
5364  -21.072  -70.193  -37.349 0.6000000238
5366  -22.306  -70.883  -37.868 0.6999999881
5367  -24.295  -70.572  -37.485 0.6000000238
5394  -21.616  -71.009  -39.492 0.6999999881
5403  -21.302  -70.544  -41.064 0.6000000238
5410  -21.885  -70.095  -41.897 0.5000000000
5412  -23.948  -70.544  -42.067 0.5000000000
5417  -23.664  -69.964  -42.400 0.5000000000
5420  -26.553  -70.278  -42.127 0.5000000000
5929  -20.197  -69.882  -28.055 0.5000000000
5936  -20.300  -69.514  -28.466 0.5000000000
5941  -33.865  -69.724  -28.946 0.3000000119
5947  -21.702  -69.548  -29.343 0.5000000000
5948  -22.407  -69.880  -29.721 0.5000000000
5964  -31.401  -69.409  -30.372 0.3000000119
5978  -22.698  -69.886  -31.534 0.5000000000
6001  -19.750  -69.618  -32.660 0.5000000000
6027  -21.435  -70.157  -33.573 0.6000000238
6088  -20.936  -69.620  -40.527 0.5000000000
6089  -21.444  -69.383  -41.465 0.5000000000
6097  -32.718  -69.207  -41.934 0.4000000060
6101  -24.006  -69.467  -42.406 0.5000000000
6103  -26.155  -69.437  -42.423 0.5000000000
6105  -27.506  -69.951  -42.398 0.4000000060
6525  -19.671  -68.998  -29.517 0.5000000000
6526  -20.334  -68.969  -29.606 0.5000000000
6528  -33.525  -69.165  -29.357 0.3000000119
6538  -20.513  -68.966  -30.441 0.5000000000
6539  -21.248  -69.209  -30.626 0.5000000000
6555  -19.291  -69.152  -31.487 0.5000000000
6591  -19.098  -68.723  -35.199 0.6000000238
6612  -32.243  -67.938  -38.110 0.4000000060
6634  -21.357  -68.572  -39.062 0.6000000238
6644  -21.091  -68.968  -39.816 0.6000000238
6665  -24.950  -68.332  -42.310 0.5000000000
6670  -30.599  -68.441  -41.592 0.4000000060
7147  -18.729  -66.974  -33.613 0.6000000238
7171  -21.234  -67.535  -35.955 0.6999999881
7190  -21.818  -67.464  -36.513 0.6999999881
7191  -22.378  -67.364  -36.919 0.6000000238
7211  -22.256  -67.764  -38.154 0.6000000238
7213  -31.203  -66.952  -38.898 0.4000000060
7218  -23.018  -67.209  -39.388 0.6000000238
7226  -23.469  -67.093  -40.739 0.5000000000
7231  -24.115  -66.821  -41.022 0.5000000000
7238  -27.471  -66.509  -42.083 0.4000000060
7240  -29.573  -67.315  -41.988 0.5000000000
7683  -21.983  -65.837  -30.521 0.5000000000
7687  -25.757  -66.311  -31.036 0.5000000000
7692  -18.500  -65.587  -32.356 0.6000000238
7694  -19.560  -65.877  -31.201 0.5000000000
7695  -21.399  -66.123  -31.158 0.6000000238
7696  -22.314  -66.234  -31.416 0.5000000000
7698  -24.511  -66.549  -31.610 0.6000000238
7700  -26.331  -66.346  -31.498 0.6000000238
7701  -26.966  -66.319  -31.957 0.5000000000
7706  -18.311  -66.115  -32.831 0.6000000238
7708  -22.534  -66.465  -32.145 0.6000000238
7711  -25.672  -66.798  -32.799 0.5000000000
7713  -27.509  -66.304  -32.411 0.5000000000
7722  -17.805  -66.755  -33.761 0.5000000000
7724  -19.693  -66.574  -32.404 0.6000000238
7727  -22.396  -66.581  -32.936 0.6999999881
7728  -23.495  -66.804  -34.186 0.6000000238
7731  -26.986  -66.789  -33.954 0.6000000238
7747  -24.185  -66.883  -34.578 0.6000000238
7751  -27.647  -66.717  -34.453 0.6000000238
7790  -23.852  -67.203  -37.075 0.6000000238
7793  -26.698  -67.165  -36.527 0.6000000238
7803  -24.969  -67.045  -38.195 0.6000000238
7804  -25.624  -66.761  -38.736 0.6000000238
7805  -27.247  -66.774  -38.334 0.5000000000
7807  -28.904  -66.177  -37.961 0.5000000000
7820  -29.437  -65.825  -38.622 0.4000000060
7828  -24.947  -66.237  -40.006 0.5000000000
7830  -28.121  -65.940  -39.586 0.4000000060
7838  -23.602  -66.869  -40.057 0.6000000238
7840  -25.099  -66.178  -40.463 0.5000000000
7842  -31.144  -66.978  -40.020 0.5000000000
7845  -26.384  -65.820  -40.816 0.5000000000
7846  -27.429  -65.659  -41.240 0.5000000000
7848  -29.489  -65.470  -41.313 0.5000000000
7849  -31.078  -66.452  -40.787 0.5000000000
8342  -20.051  -64.974  -30.056 0.6000000238
8343  -20.693  -64.784  -29.690 0.6000000238
8345  -22.315  -64.977  -29.408 0.6000000238
8350  -28.025  -64.980  -29.600 0.5000000000
8364  -21.599  -65.345  -29.811 0.6000000238
8369  -27.885  -65.423  -30.282 0.5000000000
8370  -28.721  -65.076  -30.193 0.5000000000
8383  -18.815  -65.042  -31.784 0.5000000000
8386  -28.407  -65.761  -31.588 0.5000000000
8388  -30.547  -64.968  -31.763 0.6000000238
8401  -28.699  -65.923  -32.434 0.6000000238
8402  -29.259  -65.568  -31.862 0.6000000238
8416  -18.076  -65.563  -33.034 0.6000000238
8418  -30.955  -65.163  -33.234 0.4000000060
8427  -30.281  -65.767  -34.188 0.5000000000
8428  -30.992  -65.570  -34.507 0.5000000000
8454  -30.329  -65.979  -37.563 0.4000000060
8473  -30.193  -65.227  -39.679 0.4000000060
8480  -29.990  -65.129  -40.167 0.5000000000
8484  -28.691  -65.445  -40.322 0.5000000000
8486  -30.789  -65.464  -40.687 0.5000000000
8991  -22.212  -64.360  -29.266 0.6000000238
8994  -24.539  -64.180  -28.496 0.6000000238
8997  -28.083  -64.436  -28.876 0.5000000000
9016  -26.739  -65.010  -29.057 0.6000000238
9036  -20.428  -64.315  -29.945 0.6999999881
9038  -31.771  -63.789  -31.195 0.5000000000
9057  -32.371  -63.498  -31.686 0.5000000000
9084  -32.638  -64.510  -33.921 0.4000000060
9608  -27.360  -63.353  -27.682 0.6000000238
9609  -28.181  -63.381  -27.866 0.6000000238
9643  -22.831  -63.569  -29.423 0.6000000238
9664  -22.727  -63.078  -30.149 0.6000000238
9679  -20.507  -63.369  -31.382 0.6000000238
9692  -32.466  -63.791  -32.455 0.4000000060
9693  -32.964  -63.491  -32.798 0.4000000060
9703  -20.280  -63.102  -33.336 0.4000000060
9704  -32.687  -64.056  -33.279 0.4000000060
10270  -16.475  -62.581  -27.455 0.6000000238
10271  -25.611  -62.245  -27.491 0.6000000238
10272  -27.879  -62.677  -27.466 0.6000000238
10291  -24.616  -62.615  -28.145 0.6000000238
10292  -29.498  -62.592  -28.093 0.6000000238
10307  -23.915  -62.324  -29.361 0.5000000000
10319  -23.517  -62.775  -29.836 0.5000000000
10335  -21.771  -62.676  -32.462 0.5000000000
10339  -33.269  -62.520  -31.999 0.5000000000
10351  -22.475  -61.969  -34.229 0.5000000000
10364  -33.701  -63.388  -34.090 0.4000000060
10374  -22.111  -62.032  -36.174 0.5000000000
10375  -22.490  -61.721  -35.641 0.5000000000
11042  -33.461  -61.732  -31.798 0.4000000060
11047  -23.754  -61.251  -32.165 0.6000000238
11055  -34.076  -61.702  -33.205 0.4000000060
11062  -22.766  -61.462  -34.576 0.6000000238
11072  -22.633  -61.206  -35.368 0.6000000238
11703  -26.080  -60.612  -26.844 0.5000000000
11717  -17.388  -61.303  -27.460 0.5000000000
11720  -24.117  -61.148  -28.184 0.6000000238
11721  -24.799  -61.363  -27.627 0.5000000000
11730  -17.529  -60.586  -28.468 0.6000000238
11739  -24.132  -60.706  -31.043 0.6000000238
11742  -23.618  -60.694  -32.256 0.6000000238
11750  -34.390  -60.231  -33.221 0.4000000060
11772  -22.073  -60.455  -36.837 0.5000000000
11773  -22.362  -60.755  -36.056 0.5000000000
12368  -15.698  -60.448  -25.381 0.6000000238
12371  -20.047  -59.376  -26.237 0.6000000238
12375  -23.575  -59.491  -26.480 0.4000000060
12399  -22.222  -59.638  -27.099 0.5000000000
12401  -25.212  -60.332  -26.808 0.5000000000
12433  -21.211  -59.411  -29.700 0.6999999881
12444  -23.501  -60.146  -30.697 0.6000000238
12448  -17.241  -58.782  -31.021 0.5000000000
12450  -18.664  -59.004  -30.892 0.5000000000
12453  -22.848  -60.126  -32.052 0.6000000238
12459  -21.390  -59.705  -33.150 0.6999999881
12477  -21.748  -60.110  -34.696 0.6000000238
12485  -19.785  -58.846  -36.611 0.5000000000
12493  -19.800  -58.912  -37.071 0.5000000000
12495  -21.384  -59.650  -36.827 0.6000000238
13056  -17.391  -58.446  -25.206 0.6000000238
13058  -19.018  -58.192  -25.234 0.6000000238
13061  -21.997  -58.122  -25.404 0.6000000238
13077  -19.578  -58.889  -25.556 0.6000000238
13080  -22.295  -58.779  -25.832 0.5000000000
13081  -23.160  -58.829  -25.885 0.5000000000
13706  -15.967  -57.963  -25.451 0.5000000000
13708  -17.591  -57.551  -25.272 0.6000000238
13709  -18.402  -57.440  -25.293 0.6000000238
13712  -23.215  -57.518  -25.203 0.5000000000
13726  -15.257  -57.806  -25.911 0.6000000238
14422  -17.137  -56.908  -25.442 0.6000000238
14423  -19.808  -55.847  -25.773 0.6000000238
14424  -22.737  -55.793  -24.961 0.6999999881
14426  -24.308  -56.803  -25.114 0.5000000000
14427  -25.450  -56.547  -25.384 0.5000000000
14437  -14.749  -57.244  -26.615 0.5000000000
15098  -23.405  -54.729  -24.899 0.6000000238
15099  -24.104  -55.008  -24.737 0.5000000000
15107  -20.424  -55.561  -25.760 0.6999999881
15109  -22.900  -55.127  -25.028 0.6000000238
15119  -15.947  -55.777  -26.690 0.6000000238
15136  -14.640  -55.863  -27.752 0.5000000000
15139  -17.968  -54.745  -26.965 0.6000000238
15149  -13.467  -55.933  -29.001 0.5000000000
15152  -15.778  -54.963  -27.997 0.5000000000
15162  -14.072  -55.167  -29.684 0.5000000000
15172  -13.803  -54.904  -30.669 0.5000000000
15768  -23.237  -54.014  -25.057 0.5000000000
15779  -21.992  -54.215  -25.694 0.6000000238
15788  -19.234  -54.157  -27.233 0.6999999881
15805  -17.586  -54.424  -27.645 0.6000000238
15807  -19.752  -53.643  -27.455 0.6000000238
15819  -16.401  -54.601  -28.181 0.6000000238
15821  -18.226  -53.553  -29.074 0.6000000238
16543  -20.884  -53.342  -26.824 0.6000000238
16544  -21.405  -53.822  -26.186 0.6000000238
16584  -16.025  -54.129  -29.856 0.4000000060
16603  -18.229  -53.312  -30.949 0.5000000000
16614  -16.760  -53.467  -31.880 0.4000000060
16617  -19.405  -52.848  -31.731 0.4000000060
16629  -18.212  -53.385  -32.916 0.3000000119
17292  -23.415  -52.334  -25.633 0.5000000000
17321  -20.378  -52.591  -27.982 0.6000000238
17354  -19.306  -52.807  -29.874 0.5000000000
17364  -20.099  -52.034  -30.803 0.4000000060
17373  -19.303  -53.070  -32.581 0.3000000119
17375  -20.118  -51.939  -31.705 0.4000000060
17387  -19.383  -52.873  -33.401 0.4000000060
17396  -19.850  -51.353  -33.654 0.3000000119
18155  -25.615  -51.545  -25.360 0.4000000060
18166  -22.337  -51.814  -26.631 0.5000000000
18194  -20.613  -51.647  -29.139 0.6000000238
18220  -20.111  -51.853  -32.505 0.4000000060
19073  -24.489  -50.579  -26.159 0.4000000060
19123  -22.287  -49.872  -29.166 0.4000000060
19146  -20.369  -50.478  -32.236 0.3000000119
19152  -19.056  -50.685  -33.923 0.3000000119
19153  -19.614  -50.615  -33.737 0.3000000119
20066  -26.484  -49.368  -25.947 0.4000000060
20081  -23.923  -50.288  -26.664 0.4000000060
20083  -25.223  -49.455  -26.533 0.4000000060
20132  -15.604  -48.836  -32.164 0.3000000119
20141  -18.666  -49.845  -33.549 0.3000000119
21006  -25.767  -48.420  -26.773 0.3000000119
21018  -25.172  -48.443  -27.274 0.3000000119
21041  -22.454  -48.505  -30.216 0.3000000119
21047  -14.602  -47.142  -31.292 0.3000000119
21054  -16.026  -47.456  -32.128 0.4000000060
21056  -17.613  -47.727  -32.782 0.4000000060
21057  -20.378  -48.719  -33.027 0.3000000119
21064  -19.372  -48.496  -33.550 0.3000000119
21915  -18.847  -47.659  -29.119 0.3000000119
21925  -16.030  -46.857  -30.307 0.3000000119
21927  -18.154  -47.109  -29.879 0.3000000119
21935  -15.639  -46.350  -31.413 0.4000000060
21937  -17.449  -46.542  -30.498 0.4000000060
21943  -15.351  -46.833  -31.590 0.4000000060
21944  -16.328  -46.138  -31.694 0.4000000060
21954  -21.072  -47.506  -32.476 0.3000000119
21960  -19.803  -46.749  -33.558 0.3000000119
21962  -20.820  -46.972  -32.997 0.3000000119
22831  -19.417  -45.869  -33.442 0.3000000119
23641  -19.640  -44.674  -30.769 0.4000000060
23656  -18.471  -45.035  -32.188 0.4000000060
23667  -18.712  -44.929  -32.610 0.3000000119
23669  -19.868  -44.621  -33.527 0.3000000119
24481  -19.158  -43.869  -32.625 0.4000000060
24492  -19.110  -44.269  -32.812 0.3000000119
25320  -19.365  -43.360  -31.834 0.3000000119
25331  -19.243  -43.427  -32.443 0.3000000119
25352  -19.651  -43.039  -33.280 0.3000000119
26099  -19.924  -41.671  -33.056 0.3000000119
26109  -19.968  -42.319  -33.358 0.3000000119
124977  -30.907  -67.078  -41.100 0.5000000000
126264  -21.710  -62.498  -34.255 0.5000000000
126508  -19.111  -56.244  -25.645 0.6000000238
127228  -20.304  -69.873  -33.109 0.5000000000
127479  -22.708  -59.966  -27.762 0.6000000238
127655  -23.448  -68.130  -41.975 0.5000000000
127947  -20.776  -70.208  -34.244 0.5000000000
129020  -30.063  -64.401  -30.056 0.5000000000
129813  -30.466  -72.944  -38.848 0.5000000000
129957  -21.182  -50.274  -30.275 0.4000000060
130035  -23.726  -73.612  -31.816 0.4000000060
130256  -33.663  -62.140  -32.593 0.4000000060
130492  -30.555  -65.892  -35.843 0.4000000060
130648  -27.451  -51.511  -25.486 0.4000000060
130932  -21.268  -48.260  -31.766 0.3000000119
131171  -20.423  -59.373  -28.933 0.6999999881
131195  -22.583  -53.955  -25.436 0.6000000238
131406  -21.875  -59.525  -30.398 0.6999999881
131558  -26.302  -65.600  -29.754 0.6000000238
131564  -22.864  -66.762  -34.729 0.6999999881
132317  -18.577  -67.516  -34.286 0.6000000238
132502  -19.445  -59.280  -34.515 0.6000000238
132542  -22.993  -75.218  -33.238 0.5000000000
132891  -17.767  -59.192  -29.644 0.6999999881
133645  -26.037  -63.807  -27.901 0.6000000238
134264  -28.405  -74.282  -36.636 0.6000000238
134321  -20.910  -69.269  -39.080 0.6000000238
135035  -21.011  -70.106  -36.704 0.6000000238
135057  -17.270  -60.221  -25.612 0.6000000238
135475  -22.502  -45.891  -31.163 0.3000000119
136861  -27.743  -65.768  -31.015 0.5000000000
137222  -19.270  -64.473  -31.264 0.5000000000
137433  -23.901  -52.867  -25.219 0.5000000000
137597  -19.708  -63.956  -31.000 0.6000000238
137835  -20.765  -75.687  -32.467 0.5000000000
137945  -23.745  -66.439  -31.439 0.6000000238
138422  -29.581  -65.726  -32.758 0.6000000238
138452  -29.574  -65.960  -33.737 0.6000000238
139296  -24.362  -70.214  -34.829 0.6000000238
140079  -19.194  -59.288  -32.938 0.6000000238
140379  -26.532  -66.722  -33.088 0.5000000000
141016  -19.450  -44.200  -33.217 0.3000000119
141715  -22.296  -71.293  -28.660 0.5000000000
141881  -18.325  -55.183  -26.419 0.6000000238
141922  -21.040  -59.542  -32.371 0.6999999881
142138  -31.216  -70.008  -32.051 0.3000000119
142743  -24.817  -64.888  -28.837 0.6000000238
143004  -33.237  -69.751  -28.915 0.3000000119
143854  -20.461  -59.583  -27.112 0.6000000238
143895  -28.913  -74.253  -40.077 0.4000000060
143928  -16.435  -56.114  -26.169 0.6000000238
144014  -19.399  -54.660  -26.648 0.6999999881
144164  -25.279  -59.069  -26.076 0.5000000000
144604  -17.919  -46.129  -32.654 0.4000000060
144683  -20.909  -57.251  -25.231 0.6000000238
144729  -18.951  -47.588  -33.418 0.3000000119
145579  -24.787  -66.957  -34.948 0.6000000238
145737  -28.770  -72.481  -33.594 0.4000000060
146204  -26.893  -71.480  -39.425 0.6000000238
146262  -31.191  -64.035  -30.760 0.5000000000
146340  -23.828  -63.609  -28.779 0.6000000238
146708  -19.835  -66.312  -31.673 0.5000000000
147548  -18.560  -53.706  -28.377 0.6000000238
147686  -17.386  -59.829  -29.343 0.6999999881
147756  -29.198  -66.157  -37.201 0.4000000060
147806  -17.694  -67.059  -34.147 0.5000000000
147850  -20.744  -70.092  -33.534 0.5000000000
148111  -28.321  -73.307  -41.401 0.4000000060
148463  -23.705  -60.767  -28.514 0.6000000238
148734  -25.334  -48.890  -26.827 0.4000000060
148772  -22.640  -70.265  -35.290 0.6000000238
148900  -28.947  -63.382  -28.222 0.5000000000
149653  -28.725  -70.800  -42.437 0.4000000060
149707  -26.806  -65.910  -40.001 0.5000000000
150041  -20.489  -56.386  -25.460 0.6999999881
150964  -24.260  -66.812  -33.027 0.6000000238
151118  -21.147  -63.851  -29.844 0.6999999881
151393  -25.752  -50.359  -25.779 0.4000000060
151690  -22.437  -60.566  -34.357 0.6000000238
151694  -32.947  -69.244  -32.089 0.3000000119
151708  -21.407  -69.364  -31.218 0.5000000000
152156  -28.648  -70.043  -42.402 0.4000000060
152344  -13.730  -55.532  -29.333 0.5000000000
152677  -30.381  -72.567  -38.213 0.5000000000
152698  -28.942  -72.519  -34.131 0.5000000000
153241  -27.933  -74.367  -37.355 0.6000000238
153441  -25.076  -51.459  -25.461 0.4000000060
153449  -26.071  -66.618  -39.010 0.6000000238
153615  -15.576  -46.350  -30.937 0.4000000060
153636  -26.895  -62.557  -27.334 0.6000000238
154050  -20.911  -58.397  -25.439 0.5000000000
154174  -21.025  -66.304  -31.584 0.6000000238
154267  -26.168  -62.147  -27.306 0.6000000238
154379  -20.114  -47.428  -33.530 0.3000000119
154664  -22.886  -62.216  -32.481 0.6000000238
154712  -16.281  -48.147  -29.491 0.3000000119
155352  -21.706  -50.862  -28.445 0.5000000000
155658  -21.618  -70.408  -36.128 0.6999999881
156134  -24.508  -70.754  -41.823 0.5000000000
156379  -25.003  -70.574  -36.820 0.6000000238
