#!ascii label  , from subject NIHPD_75_135 vox2ras=TkReg
577
132543  -45.854  -66.575  -18.685 0.0000000000
11012  -50.327  -61.856  -27.770 0.0000000000
10216  -42.608  -62.526  -19.555 0.0000000000
8927  -47.977  -64.665  -21.795 0.0000000000
13044  -46.116  -59.047  -24.337 0.0000000000
12291  -50.699  -60.417  -16.014 0.0000000000
12983  -40.818  -58.068  -16.691 0.0000000000
16411  -39.774  -52.554  -14.404 0.0000000000
12331  -40.541  -59.063  -21.963 0.0000000000
11651  -43.904  -60.814  -22.993 0.0000000000
128897  -43.004  -57.847  -23.525 0.0000000000
12287  -46.211  -59.382  -15.699 0.0000000000
146447  -45.822  -56.389  -15.361 0.0000000000
18943  -37.664  -50.166  -15.000 0.0000000000
150646  -37.603  -52.087  -16.557 0.0000000000
6450  -45.863  -68.791  -21.398 0.0000000000
9579  -49.800  -63.396  -24.072 0.0000000000
8938  -44.699  -64.653  -24.797 0.0000000000
8981  -46.327  -64.716  -27.229 0.0000000000
8877  -44.079  -64.376  -18.802 0.0000000000
8276  -45.882  -65.735  -20.791 0.0000000000
10948  -47.615  -62.188  -22.657 0.0000000000
12350  -49.484  -60.361  -25.294 0.0000000000
138278  -45.853  -61.451  -16.171 0.0000000000
11619  -41.541  -60.740  -18.221 0.0000000000
13674  -38.349  -57.869  -20.251 0.0000000000
15023  -43.139  -54.672  -14.387 0.0000000000
135828  -39.926  -55.698  -15.723 0.0000000000
15058  -37.432  -55.580  -18.101 0.0000000000
151268  -38.341  -53.148  -21.398 0.0000000000
7632  -44.508  -67.127  -22.911 0.0000000000
13748  -46.819  -58.050  -28.504 0.0000000000
11008  -47.714  -61.440  -28.619 0.0000000000
9668  -45.865  -63.727  -31.051 0.0000000000
13684  -39.888  -57.179  -22.443 0.0000000000
13035  -41.830  -58.626  -22.946 0.0000000000
7018  -46.118  -67.484  -19.513 0.0000000000
9601  -50.133  -63.036  -25.792 0.0000000000
9589  -47.854  -64.233  -26.041 0.0000000000
9613  -48.818  -63.841  -27.873 0.0000000000
135400  -47.861  -64.680  -28.970 0.0000000000
9638  -48.787  -63.639  -28.987 0.0000000000
9536  -43.579  -63.571  -18.829 0.0000000000
156044  -43.314  -62.999  -20.684 0.0000000000
12340  -44.692  -59.586  -23.607 0.0000000000
10956  -45.773  -61.189  -23.173 0.0000000000
151688  -46.798  -60.449  -23.855 0.0000000000
11655  -48.517  -61.120  -23.909 0.0000000000
12348  -47.505  -59.525  -24.819 0.0000000000
126781  -47.026  -63.006  -16.488 0.0000000000
137893  -48.752  -61.532  -16.529 0.0000000000
143562  -43.334  -58.598  -16.028 0.0000000000
12284  -43.733  -59.772  -16.224 0.0000000000
12301  -41.661  -59.669  -17.168 0.0000000000
12312  -39.945  -59.561  -18.892 0.0000000000
13002  -39.123  -58.490  -18.391 0.0000000000
15690  -40.966  -53.663  -14.405 0.0000000000
15704  -41.867  -54.830  -15.024 0.0000000000
127213  -39.471  -54.184  -15.318 0.0000000000
131958  -37.113  -50.909  -18.260 0.0000000000
16444  -37.313  -54.273  -17.461 0.0000000000
140436  -37.077  -52.932  -18.833 0.0000000000
16486  -37.312  -53.734  -20.152 0.0000000000
8277  -46.662  -65.460  -21.443 0.0000000000
7634  -46.441  -66.638  -22.112 0.0000000000
8290  -46.597  -65.983  -22.306 0.0000000000
8308  -42.485  -65.401  -24.435 0.0000000000
13747  -45.032  -57.392  -27.760 0.0000000000
12406  -47.492  -59.585  -28.143 0.0000000000
10296  -44.868  -62.317  -28.577 0.0000000000
127953  -41.196  -61.115  -21.061 0.0000000000
10943  -42.683  -61.600  -21.980 0.0000000000
11640  -41.824  -60.097  -22.436 0.0000000000
12338  -43.107  -59.500  -23.189 0.0000000000
13042  -44.609  -58.312  -23.877 0.0000000000
12289  -48.783  -59.894  -15.765 0.0000000000
125047  -46.252  -57.768  -15.534 0.0000000000
13622  -42.659  -57.319  -15.748 0.0000000000
18041  -38.687  -51.750  -14.656 0.0000000000
17188  -38.236  -52.839  -15.710 0.0000000000
18969  -37.678  -50.655  -15.954 0.0000000000
129054  -37.206  -49.979  -17.185 0.0000000000
20901  -37.696  -48.017  -18.399 0.0000000000
8942  -48.600  -64.281  -22.790 0.0000000000
8940  -47.135  -64.923  -23.555 0.0000000000
8955  -47.220  -64.287  -25.133 0.0000000000
8968  -46.229  -64.394  -26.313 0.0000000000
8979  -44.413  -65.117  -27.244 0.0000000000
8332  -45.340  -65.833  -28.698 0.0000000000
8351  -45.898  -66.136  -29.473 0.0000000000
8377  -46.865  -65.703  -31.363 0.0000000000
142959  -45.091  -65.415  -18.316 0.0000000000
152185  -45.540  -66.233  -19.356 0.0000000000
8916  -45.876  -64.937  -21.073 0.0000000000
9562  -47.244  -64.021  -21.459 0.0000000000
10945  -44.419  -61.982  -22.387 0.0000000000
10229  -46.099  -62.798  -22.106 0.0000000000
144968  -48.271  -63.081  -22.026 0.0000000000
10232  -49.589  -62.781  -22.930 0.0000000000
11661  -50.345  -61.291  -24.976 0.0000000000
11691  -50.634  -61.134  -26.671 0.0000000000
9507  -46.755  -64.072  -16.735 0.0000000000
10185  -45.132  -62.752  -16.816 0.0000000000
10195  -43.139  -62.313  -18.067 0.0000000000
11587  -45.809  -60.408  -15.905 0.0000000000
10897  -43.472  -61.061  -16.914 0.0000000000
10927  -41.817  -61.378  -18.641 0.0000000000
11624  -40.627  -60.618  -19.866 0.0000000000
12323  -39.556  -58.967  -20.923 0.0000000000
14394  -38.505  -56.859  -21.545 0.0000000000
15024  -44.303  -55.118  -14.763 0.0000000000
14329  -42.466  -56.300  -15.521 0.0000000000
14342  -40.082  -56.942  -16.357 0.0000000000
16429  -38.481  -54.395  -15.877 0.0000000000
15043  -38.358  -55.998  -16.767 0.0000000000
14364  -38.347  -57.261  -17.869 0.0000000000
124412  -37.653  -56.688  -19.052 0.0000000000
15085  -37.751  -55.199  -21.093 0.0000000000
7049  -46.513  -67.124  -21.367 0.0000000000
7065  -45.336  -67.904  -22.526 0.0000000000
132604  -44.170  -65.578  -23.618 0.0000000000
7647  -42.781  -66.547  -23.420 0.0000000000
13723  -48.759  -58.282  -26.403 0.0000000000
12386  -50.142  -59.587  -26.820 0.0000000000
11712  -50.384  -60.410  -28.301 0.0000000000
12407  -48.675  -59.506  -28.758 0.0000000000
11022  -49.388  -61.727  -28.958 0.0000000000
10299  -48.222  -62.518  -29.537 0.0000000000
9669  -46.944  -63.770  -30.993 0.0000000000
14400  -39.665  -56.331  -22.608 0.0000000000
13685  -40.756  -57.580  -22.762 0.0000000000
7007  -45.927  -67.692  -18.529 0.0000000000
154623  -46.018  -67.027  -19.137 0.0000000000
10286  -50.281  -62.316  -27.249 0.0000000000
10265  -49.895  -63.001  -26.979 0.0000000000
9614  -49.390  -63.246  -27.928 0.0000000000
155429  -49.104  -63.458  -28.463 0.0000000000
9639  -49.271  -62.959  -28.853 0.0000000000
10212  -43.075  -62.877  -18.842 0.0000000000
10217  -43.225  -63.275  -19.568 0.0000000000
10220  -42.992  -62.891  -20.250 0.0000000000
12341  -45.542  -59.516  -23.899 0.0000000000
143492  -46.080  -60.434  -23.694 0.0000000000
11653  -46.386  -59.823  -24.129 0.0000000000
11657  -47.136  -60.063  -24.268 0.0000000000
12342  -46.747  -59.424  -24.470 0.0000000000
11574  -51.268  -60.744  -15.678 0.0000000000
150199  -50.951  -61.332  -16.526 0.0000000000
10902  -49.707  -61.844  -16.952 0.0000000000
11590  -49.606  -60.923  -16.434 0.0000000000
153106  -41.957  -58.665  -16.430 0.0000000000
12282  -42.142  -59.205  -16.587 0.0000000000
12984  -41.382  -58.834  -16.822 0.0000000000
12305  -40.173  -59.228  -18.012 0.0000000000
12997  -40.487  -58.716  -17.314 0.0000000000
17171  -39.289  -52.060  -14.253 0.0000000000
17172  -39.781  -52.461  -14.005 0.0000000000
16412  -40.288  -53.084  -14.307 0.0000000000
150784  -40.830  -53.335  -13.873 0.0000000000
16431  -40.315  -53.806  -14.862 0.0000000000
16430  -39.549  -53.194  -14.954 0.0000000000
19001  -37.211  -50.068  -19.016 0.0000000000
18074  -37.168  -51.642  -18.630 0.0000000000
138071  -37.243  -52.960  -19.737 0.0000000000
151388  -37.666  -50.540  -19.986 0.0000000000
8278  -47.407  -65.040  -21.675 0.0000000000
8291  -47.112  -65.595  -21.878 0.0000000000
8304  -47.000  -65.532  -22.470 0.0000000000
146302  -45.647  -60.269  -27.503 0.0000000000
149710  -44.960  -61.721  -28.050 0.0000000000
11632  -40.736  -60.397  -21.215 0.0000000000
11635  -41.384  -60.574  -21.824 0.0000000000
152587  -41.323  -60.003  -22.151 0.0000000000
13039  -42.243  -57.883  -23.288 0.0000000000
11649  -42.244  -59.412  -22.888 0.0000000000
13040  -42.816  -58.628  -23.299 0.0000000000
141496  -43.567  -58.957  -23.453 0.0000000000
13041  -43.733  -58.217  -23.650 0.0000000000
13623  -44.921  -57.285  -15.684 0.0000000000
125870  -44.377  -56.696  -15.578 0.0000000000
18005  -37.911  -51.057  -14.351 0.0000000000
134121  -38.034  -51.016  -14.782 0.0000000000
18040  -38.123  -51.336  -15.386 0.0000000000
18970  -37.843  -50.450  -15.302 0.0000000000
134440  -37.182  -49.270  -17.614 0.0000000000
6463  -44.796  -68.971  -22.528 0.0000000000
9578  -49.191  -63.804  -23.378 0.0000000000
135501  -48.456  -64.261  -23.771 0.0000000000
147607  -49.057  -63.863  -24.431 0.0000000000
8969  -47.109  -64.445  -26.810 0.0000000000
130658  -46.913  -64.252  -25.946 0.0000000000
146146  -45.578  -64.582  -26.677 0.0000000000
8980  -45.403  -65.009  -27.434 0.0000000000
8324  -44.848  -65.449  -27.961 0.0000000000
9002  -47.291  -65.175  -29.002 0.0000000000
8333  -46.431  -65.691  -29.079 0.0000000000
8334  -47.254  -65.215  -30.038 0.0000000000
8352  -46.679  -65.801  -30.246 0.0000000000
155511  -47.525  -64.548  -30.728 0.0000000000
9537  -44.787  -64.632  -17.958 0.0000000000
126204  -46.392  -64.320  -21.353 0.0000000000
9561  -46.255  -63.648  -21.580 0.0000000000
11641  -43.172  -61.005  -22.636 0.0000000000
10940  -43.177  -62.243  -21.601 0.0000000000
11642  -43.927  -61.346  -22.677 0.0000000000
10947  -46.484  -62.023  -22.680 0.0000000000
10230  -47.194  -62.849  -22.134 0.0000000000
10949  -48.669  -62.377  -22.679 0.0000000000
10231  -49.109  -62.959  -22.381 0.0000000000
11659  -49.003  -60.690  -24.555 0.0000000000
10967  -49.506  -61.395  -23.998 0.0000000000
11671  -50.186  -60.786  -25.510 0.0000000000
11672  -50.558  -61.211  -25.662 0.0000000000
12360  -50.001  -60.200  -26.160 0.0000000000
10900  -46.731  -61.941  -16.205 0.0000000000
9506  -45.902  -63.406  -16.685 0.0000000000
10186  -45.940  -62.408  -16.409 0.0000000000
10197  -44.493  -62.974  -17.300 0.0000000000
10184  -44.409  -62.255  -16.992 0.0000000000
12288  -47.097  -59.343  -15.574 0.0000000000
127266  -47.788  -60.050  -15.810 0.0000000000
147776  -43.237  -60.243  -16.625 0.0000000000
11586  -44.129  -60.504  -16.320 0.0000000000
11585  -42.691  -60.726  -17.210 0.0000000000
10914  -42.910  -61.507  -17.568 0.0000000000
11607  -42.199  -61.119  -17.874 0.0000000000
11625  -41.137  -60.942  -19.089 0.0000000000
11618  -40.529  -60.257  -19.051 0.0000000000
13009  -38.774  -58.442  -19.766 0.0000000000
13020  -39.288  -58.987  -20.116 0.0000000000
13019  -38.975  -58.397  -20.620 0.0000000000
13027  -39.367  -58.292  -21.400 0.0000000000
13678  -38.679  -57.733  -21.120 0.0000000000
153061  -43.690  -54.879  -14.677 0.0000000000
126971  -40.950  -55.356  -15.401 0.0000000000
134228  -42.220  -55.490  -15.282 0.0000000000
134268  -41.507  -56.178  -15.615 0.0000000000
13621  -41.869  -57.026  -15.806 0.0000000000
14328  -39.782  -56.367  -16.128 0.0000000000
18039  -37.978  -52.112  -15.918 0.0000000000
16428  -37.912  -53.570  -16.146 0.0000000000
17203  -37.678  -52.767  -16.404 0.0000000000
15729  -37.232  -54.716  -18.116 0.0000000000
15719  -37.577  -55.052  -17.277 0.0000000000
15049  -37.842  -55.885  -17.388 0.0000000000
14350  -38.270  -56.571  -17.320 0.0000000000
14363  -37.753  -56.509  -18.168 0.0000000000
14380  -37.389  -56.005  -18.917 0.0000000000
16491  -37.843  -53.612  -20.981 0.0000000000
15084  -37.401  -55.155  -20.358 0.0000000000
15756  -38.045  -54.430  -21.433 0.0000000000
15087  -38.331  -55.196  -21.859 0.0000000000
131340  -45.401  -65.976  -19.943 0.0000000000
7032  -46.324  -67.211  -20.371 0.0000000000
7607  -46.125  -66.463  -20.547 0.0000000000
7633  -45.542  -66.937  -22.656 0.0000000000
7066  -46.135  -67.365  -22.223 0.0000000000
7064  -44.197  -68.124  -22.820 0.0000000000
7083  -43.468  -67.280  -23.079 0.0000000000
8931  -46.237  -64.961  -23.711 0.0000000000
8930  -45.137  -65.071  -23.819 0.0000000000
8929  -44.195  -64.983  -24.223 0.0000000000
8307  -41.538  -65.759  -24.754 0.0000000000
8300  -42.165  -66.030  -23.952 0.0000000000
13722  -47.811  -57.981  -25.875 0.0000000000
13737  -48.655  -57.544  -26.659 0.0000000000
153975  -50.618  -58.837  -28.428 0.0000000000
12409  -50.540  -59.793  -27.794 0.0000000000
13105  -50.524  -59.327  -28.638 0.0000000000
153503  -47.649  -60.175  -28.099 0.0000000000
11710  -48.619  -60.169  -28.569 0.0000000000
11009  -48.937  -61.062  -28.832 0.0000000000
11021  -48.578  -61.912  -29.127 0.0000000000
10284  -47.739  -62.061  -29.041 0.0000000000
9636  -46.451  -62.830  -29.669 0.0000000000
9654  -46.212  -63.281  -30.268 0.0000000000
13034  -40.044  -58.169  -22.130 0.0000000000
12332  -41.348  -59.377  -22.421 0.0000000000
128819  -40.977  -58.471  -22.556 0.0000000000
137865  -41.480  -57.936  -22.989 0.0000000000
13691  -41.666  -57.088  -23.264 0.0000000000
20865  -37.704  -48.627  -15.366 0.0000000000
21748  -37.993  -47.496  -15.387 0.0000000000
6437  -45.865  -68.734  -20.366 0.0000000000
9591  -49.653  -63.489  -25.122 0.0000000000
9590  -48.822  -63.908  -25.553 0.0000000000
9600  -49.434  -63.525  -26.214 0.0000000000
9599  -48.705  -63.947  -26.689 0.0000000000
9598  -48.045  -64.338  -27.309 0.0000000000
8982  -47.377  -64.779  -27.979 0.0000000000
9637  -48.257  -64.316  -28.453 0.0000000000
9003  -48.242  -64.093  -29.423 0.0000000000
9551  -43.772  -64.021  -19.579 0.0000000000
10221  -43.592  -63.531  -20.374 0.0000000000
154495  -44.655  -63.360  -21.424 0.0000000000
126828  -44.300  -60.294  -23.322 0.0000000000
137245  -44.690  -61.137  -22.990 0.0000000000
11652  -45.177  -60.354  -23.476 0.0000000000
10957  -46.890  -61.230  -23.330 0.0000000000
10958  -48.061  -61.568  -23.253 0.0000000000
11654  -47.543  -60.798  -23.850 0.0000000000
11658  -48.002  -60.376  -24.427 0.0000000000
12349  -48.525  -59.970  -25.051 0.0000000000
10901  -47.814  -62.119  -16.426 0.0000000000
152397  -47.199  -61.546  -16.117 0.0000000000
12987  -44.745  -58.758  -15.806 0.0000000000
12286  -45.295  -59.477  -15.805 0.0000000000
141787  -43.036  -59.354  -16.353 0.0000000000
12283  -42.430  -59.959  -16.870 0.0000000000
12306  -41.256  -60.098  -17.841 0.0000000000
150211  -40.995  -60.394  -18.486 0.0000000000
132616  -40.609  -59.848  -18.288 0.0000000000
151999  -39.614  -58.989  -18.431 0.0000000000
124477  -38.755  -58.370  -19.024 0.0000000000
15674  -41.786  -54.025  -13.764 0.0000000000
15691  -41.766  -54.164  -14.395 0.0000000000
15692  -42.588  -54.603  -14.580 0.0000000000
15703  -41.050  -54.333  -14.927 0.0000000000
15702  -40.160  -54.753  -15.301 0.0000000000
126600  -37.222  -51.147  -17.494 0.0000000000
131599  -37.348  -52.434  -17.139 0.0000000000
136250  -37.113  -52.783  -17.932 0.0000000000
16454  -37.087  -53.761  -18.215 0.0000000000
15743  -37.088  -54.399  -18.837 0.0000000000
15073  -37.202  -55.157  -18.886 0.0000000000
16472  -37.072  -53.734  -19.259 0.0000000000
129776  -37.560  -53.057  -20.439 0.0000000000
17250  -37.986  -52.761  -20.962 0.0000000000
7619  -46.372  -66.205  -21.352 0.0000000000
7620  -46.764  -66.005  -21.772 0.0000000000
8289  -45.764  -66.187  -22.773 0.0000000000
8937  -43.775  -64.757  -24.924 0.0000000000
13102  -45.653  -58.651  -27.569 0.0000000000
13103  -46.617  -58.726  -28.048 0.0000000000
12405  -46.238  -59.452  -27.662 0.0000000000
11709  -46.881  -60.240  -27.792 0.0000000000
11007  -46.558  -61.095  -27.964 0.0000000000
10283  -46.842  -61.883  -28.586 0.0000000000
10297  -45.990  -62.295  -28.862 0.0000000000
9635  -45.483  -62.834  -29.407 0.0000000000
11633  -41.779  -61.744  -20.741 0.0000000000
144325  -42.402  -62.328  -20.440 0.0000000000
11636  -41.876  -61.391  -21.574 0.0000000000
131553  -42.208  -60.866  -22.281 0.0000000000
143504  -42.655  -60.198  -22.795 0.0000000000
11650  -43.494  -60.242  -23.110 0.0000000000
12339  -43.899  -59.583  -23.428 0.0000000000
132672  -44.914  -58.948  -23.827 0.0000000000
13043  -45.380  -58.519  -24.165 0.0000000000
12290  -49.981  -60.172  -15.985 0.0000000000
12975  -47.362  -58.662  -15.324 0.0000000000
12974  -46.847  -57.858  -15.269 0.0000000000
12988  -45.701  -58.418  -15.706 0.0000000000
153255  -45.051  -57.932  -15.751 0.0000000000
13636  -43.111  -57.978  -15.896 0.0000000000
13635  -41.829  -57.973  -16.222 0.0000000000
18022  -38.536  -51.579  -14.267 0.0000000000
17189  -39.253  -52.349  -14.733 0.0000000000
151234  -38.861  -52.804  -15.201 0.0000000000
134663  -38.568  -52.176  -15.235 0.0000000000
132517  -37.670  -51.429  -16.266 0.0000000000
20864  -37.605  -49.214  -15.985 0.0000000000
19940  -37.440  -49.987  -16.389 0.0000000000
18984  -37.356  -50.775  -16.823 0.0000000000
18992  -37.167  -50.564  -17.554 0.0000000000
126541  -37.081  -49.998  -18.027 0.0000000000
129311  -37.431  -49.223  -19.164 0.0000000000
8933  -48.056  -64.747  -22.335 0.0000000000
8932  -47.464  -65.126  -22.727 0.0000000000
130502  -47.932  -64.707  -23.195 0.0000000000
8941  -47.598  -64.514  -24.165 0.0000000000
8939  -45.702  -64.599  -24.605 0.0000000000
8953  -45.329  -64.417  -25.730 0.0000000000
8966  -43.889  -64.867  -26.502 0.0000000000
8325  -45.668  -65.475  -28.231 0.0000000000
7675  -44.567  -66.968  -29.581 0.0000000000
127297  -45.854  -66.565  -30.321 0.0000000000
138465  -45.759  -67.088  -31.007 0.0000000000
8227  -45.674  -65.872  -18.124 0.0000000000
8239  -45.222  -65.821  -19.030 0.0000000000
8256  -45.094  -65.353  -20.460 0.0000000000
8917  -46.934  -64.723  -21.497 0.0000000000
8918  -47.714  -64.424  -21.627 0.0000000000
10223  -42.963  -62.618  -20.918 0.0000000000
10224  -43.779  -62.969  -21.223 0.0000000000
10946  -45.418  -61.938  -22.611 0.0000000000
10228  -45.140  -62.534  -22.177 0.0000000000
9563  -46.926  -63.399  -21.759 0.0000000000
9565  -48.076  -63.864  -21.652 0.0000000000
8919  -48.239  -64.168  -21.737 0.0000000000
9569  -49.064  -63.704  -22.526 0.0000000000
9570  -49.709  -63.182  -23.141 0.0000000000
10238  -50.018  -62.605  -23.437 0.0000000000
10959  -49.067  -61.836  -23.302 0.0000000000
10961  -50.360  -62.194  -24.012 0.0000000000
10246  -50.510  -62.356  -24.620 0.0000000000
152658  -50.634  -62.078  -25.105 0.0000000000
10977  -50.598  -61.805  -25.810 0.0000000000
10993  -50.548  -61.755  -26.965 0.0000000000
8861  -46.494  -64.910  -17.057 0.0000000000
127155  -45.732  -64.373  -17.151 0.0000000000
9517  -44.973  -63.660  -17.226 0.0000000000
9516  -44.130  -63.595  -17.965 0.0000000000
127758  -43.550  -63.000  -18.261 0.0000000000
10211  -42.638  -62.335  -18.767 0.0000000000
11589  -48.518  -60.664  -16.109 0.0000000000
126820  -47.653  -61.039  -16.022 0.0000000000
155054  -44.916  -60.221  -15.993 0.0000000000
149280  -44.997  -60.986  -16.239 0.0000000000
10898  -44.273  -61.438  -16.656 0.0000000000
10915  -43.675  -61.869  -17.288 0.0000000000
10928  -42.452  -61.789  -18.315 0.0000000000
10932  -42.133  -61.960  -19.081 0.0000000000
141742  -41.220  -61.305  -20.099 0.0000000000
144307  -40.778  -60.761  -20.590 0.0000000000
12324  -40.188  -59.600  -21.244 0.0000000000
12313  -40.099  -59.972  -19.741 0.0000000000
12320  -39.796  -59.563  -20.402 0.0000000000
13028  -39.911  -58.837  -21.556 0.0000000000
13682  -39.201  -56.795  -22.142 0.0000000000
142185  -42.653  -54.950  -15.014 0.0000000000
15034  -43.181  -55.419  -15.219 0.0000000000
14330  -43.403  -56.425  -15.495 0.0000000000
13620  -40.987  -57.163  -16.175 0.0000000000
13634  -40.285  -57.551  -16.617 0.0000000000
154491  -39.022  -53.827  -15.392 0.0000000000
132254  -39.220  -55.121  -15.706 0.0000000000
16438  -37.674  -54.313  -16.684 0.0000000000
15711  -37.965  -54.956  -16.540 0.0000000000
15033  -39.088  -56.011  -16.226 0.0000000000
14341  -39.349  -56.739  -16.563 0.0000000000
13633  -39.592  -57.411  -16.862 0.0000000000
12996  -39.978  -58.074  -17.106 0.0000000000
13644  -39.108  -57.893  -17.605 0.0000000000
13651  -38.538  -57.916  -18.473 0.0000000000
13659  -37.843  -57.188  -19.752 0.0000000000
15082  -37.307  -55.550  -19.695 0.0000000000
146506  -37.734  -56.668  -20.360 0.0000000000
13673  -38.076  -57.193  -20.719 0.0000000000
140576  -38.062  -55.983  -21.438 0.0000000000
14399  -38.842  -56.005  -22.166 0.0000000000
7590  -45.881  -66.657  -19.684 0.0000000000
6438  -46.311  -67.948  -20.956 0.0000000000
7048  -46.158  -68.007  -21.897 0.0000000000
6464  -45.568  -68.701  -22.181 0.0000000000
143592  -46.815  -65.296  -23.106 0.0000000000
8302  -45.162  -65.723  -23.282 0.0000000000
8288  -44.777  -66.278  -23.080 0.0000000000
8309  -43.395  -65.169  -24.262 0.0000000000
8301  -43.071  -65.767  -23.730 0.0000000000
7648  -43.754  -66.365  -23.259 0.0000000000
14407  -41.514  -56.080  -23.429 0.0000000000
13694  -44.286  -57.593  -23.968 0.0000000000
13695  -44.939  -57.826  -24.161 0.0000000000
13048  -45.971  -58.371  -24.579 0.0000000000
13049  -46.701  -58.729  -24.821 0.0000000000
13050  -47.550  -58.760  -25.342 0.0000000000
143852  -48.182  -59.324  -25.381 0.0000000000
12359  -49.139  -59.593  -25.892 0.0000000000
13738  -49.608  -58.227  -27.152 0.0000000000
13091  -49.426  -58.907  -26.620 0.0000000000
153286  -50.501  -60.094  -26.896 0.0000000000
137092  -50.566  -60.473  -27.347 0.0000000000
11713  -50.505  -61.161  -27.846 0.0000000000
13104  -47.871  -58.792  -28.719 0.0000000000
12425  -49.555  -59.075  -29.157 0.0000000000
11711  -49.768  -60.380  -28.778 0.0000000000
11010  -50.006  -61.050  -28.756 0.0000000000
11011  -50.015  -61.713  -28.478 0.0000000000
10301  -49.513  -62.229  -28.822 0.0000000000
10313  -48.808  -63.096  -29.457 0.0000000000
9656  -47.997  -63.400  -30.128 0.0000000000
9655  -47.347  -63.301  -30.242 0.0000000000
9048  -47.674  -63.872  -30.691 0.0000000000
9047  -47.278  -64.296  -31.304 0.0000000000
6428  -46.220  -67.989  -20.093 0.0000000000
8303  -46.101  -65.550  -23.051 0.0000000000
8323  -43.580  -65.293  -27.205 0.0000000000
8353  -47.263  -65.042  -31.071 0.0000000000
8860  -45.635  -65.201  -17.643 0.0000000000
8926  -47.569  -65.184  -22.047 0.0000000000
8934  -48.477  -64.203  -22.067 0.0000000000
9001  -46.427  -65.203  -28.128 0.0000000000
9004  -48.398  -63.461  -29.720 0.0000000000
9027  -48.069  -63.797  -30.111 0.0000000000
9564  -47.640  -63.496  -21.699 0.0000000000
9566  -48.692  -63.622  -22.044 0.0000000000
9567  -49.270  -63.233  -22.515 0.0000000000
9577  -48.159  -64.162  -24.842 0.0000000000
9580  -50.237  -62.788  -23.929 0.0000000000
9592  -50.269  -62.968  -24.777 0.0000000000
10196  -43.890  -62.656  -17.632 0.0000000000
10255  -50.514  -62.450  -25.370 0.0000000000
10266  -50.419  -62.418  -26.354 0.0000000000
10281  -44.121  -61.884  -27.971 0.0000000000
10285  -49.855  -62.477  -28.066 0.0000000000
10300  -48.922  -62.494  -29.317 0.0000000000
10311  -47.946  -62.939  -29.937 0.0000000000
10312  -48.395  -62.985  -29.738 0.0000000000
10891  -51.339  -61.099  -15.713 0.0000000000
10899  -45.088  -61.878  -16.503 0.0000000000
10936  -41.615  -61.534  -19.358 0.0000000000
10937  -41.941  -61.910  -19.888 0.0000000000
10939  -42.416  -62.056  -21.248 0.0000000000
10941  -43.861  -62.345  -21.883 0.0000000000
10944  -43.514  -61.777  -22.239 0.0000000000
10960  -49.853  -62.139  -23.469 0.0000000000
10968  -50.189  -61.638  -24.290 0.0000000000
10969  -50.594  -61.770  -24.854 0.0000000000
11588  -46.857  -60.207  -15.800 0.0000000000
11591  -51.031  -60.870  -16.163 0.0000000000
11606  -41.941  -60.408  -17.496 0.0000000000
11660  -49.879  -60.999  -24.722 0.0000000000
11690  -50.519  -60.624  -26.372 0.0000000000
12268  -50.953  -60.247  -15.663 0.0000000000
12285  -44.436  -59.647  -15.965 0.0000000000
12300  -40.912  -59.413  -17.556 0.0000000000
12325  -40.872  -59.874  -21.827 0.0000000000
12408  -49.683  -59.725  -28.853 0.0000000000
12973  -45.674  -57.289  -15.631 0.0000000000
12985  -42.553  -58.553  -16.220 0.0000000000
12986  -43.891  -59.032  -15.995 0.0000000000
12989  -46.575  -58.531  -15.517 0.0000000000
13003  -39.711  -58.603  -17.777 0.0000000000
13010  -39.276  -58.918  -19.184 0.0000000000
13069  -48.436  -58.801  -25.891 0.0000000000
13637  -44.117  -57.967  -15.769 0.0000000000
13650  -38.002  -57.279  -18.760 0.0000000000
13660  -38.301  -57.895  -19.336 0.0000000000
13683  -39.254  -57.518  -21.819 0.0000000000
13736  -45.199  -58.040  -27.480 0.0000000000
14331  -45.086  -55.894  -15.248 0.0000000000
14340  -38.759  -56.507  -16.772 0.0000000000
14351  -38.869  -57.095  -17.130 0.0000000000
14393  -37.597  -55.938  -20.548 0.0000000000
15035  -43.926  -55.010  -15.011 0.0000000000
15036  -45.109  -55.552  -14.830 0.0000000000
15042  -37.986  -55.477  -16.819 0.0000000000
15673  -41.381  -53.648  -14.001 0.0000000000
15701  -38.482  -55.354  -16.292 0.0000000000
15705  -43.256  -54.834  -14.801 0.0000000000
15752  -37.177  -54.603  -19.704 0.0000000000
15755  -37.525  -54.455  -20.643 0.0000000000
17218  -37.143  -52.259  -18.510 0.0000000000
18056  -37.375  -51.626  -17.018 0.0000000000
18065  -37.173  -51.836  -17.844 0.0000000000
18101  -37.493  -51.455  -19.901 0.0000000000
19927  -37.644  -49.986  -15.748 0.0000000000
19928  -37.671  -49.615  -15.329 0.0000000000
19960  -37.190  -49.263  -18.471 0.0000000000
20900  -37.354  -48.575  -18.034 0.0000000000
20915  -37.542  -48.575  -18.837 0.0000000000
125010  -50.588  -60.902  -16.401 0.0000000000
125887  -37.341  -53.432  -17.105 0.0000000000
127869  -44.561  -55.304  -15.039 0.0000000000
129214  -40.527  -56.312  -15.880 0.0000000000
129665  -47.555  -58.200  -15.073 0.0000000000
129773  -38.651  -53.461  -15.522 0.0000000000
131382  -44.145  -55.661  -15.283 0.0000000000
132846  -47.854  -59.358  -15.509 0.0000000000
134412  -47.702  -60.687  -28.258 0.0000000000
136638  -42.473  -54.287  -14.088 0.0000000000
136858  -46.669  -61.099  -15.980 0.0000000000
136909  -49.358  -62.466  -22.886 0.0000000000
137064  -44.252  -58.915  -23.640 0.0000000000
139352  -49.259  -63.556  -27.144 0.0000000000
140021  -37.519  -56.362  -19.722 0.0000000000
143462  -39.638  -59.432  -19.673 0.0000000000
143675  -44.103  -65.501  -27.758 0.0000000000
147029  -37.930  -56.551  -20.967 0.0000000000
147640  -40.315  -60.194  -20.542 0.0000000000
148226  -43.529  -57.291  -15.695 0.0000000000
148436  -50.260  -59.891  -28.572 0.0000000000
149953  -46.676  -64.575  -24.412 0.0000000000
151987  -41.635  -55.444  -15.344 0.0000000000
153168  -42.526  -57.981  -16.012 0.0000000000
153233  -45.389  -62.024  -28.373 0.0000000000
