#!ascii label  , from subject NIHPD_75_135 vox2ras=TkReg
456
63211  -30.455  -5.180  -46.870 0.0000000000
66390  -27.864  -2.304  -49.541 0.0000000000
80897  -27.721  11.891  -54.396 0.0000000000
77043  -30.624  7.951  -51.526 0.0000000000
130170  -33.768  3.044  -50.797 0.0000000000
66413  -34.737  -2.981  -51.393 0.0000000000
132570  -26.537  12.927  -55.546 0.0000000000
74875  -33.007  5.617  -50.983 0.0000000000
71728  -29.528  2.448  -50.753 0.0000000000
124337  -29.312  -4.439  -48.077 0.0000000000
67443  -31.812  -1.647  -49.194 0.0000000000
64348  -32.114  -3.762  -48.175 0.0000000000
57544  -25.791  -10.077  -44.005 0.0000000000
60932  -27.677  -6.878  -47.355 0.0000000000
86633  -25.527  17.798  -58.242 0.0000000000
86623  -27.270  17.626  -57.686 0.0000000000
85665  -28.926  16.819  -56.085 0.0000000000
84681  -31.096  15.547  -54.995 0.0000000000
82924  -32.390  13.378  -53.975 0.0000000000
130913  -29.286  9.989  -52.756 0.0000000000
79931  -33.114  10.637  -52.900 0.0000000000
137073  -34.339  6.906  -53.511 0.0000000000
128078  -34.910  4.061  -54.253 0.0000000000
70639  -35.721  0.907  -54.980 0.0000000000
69428  -31.119  0.685  -49.457 0.0000000000
130643  -34.571  -0.354  -51.894 0.0000000000
72829  -28.881  3.528  -51.722 0.0000000000
70621  -27.328  1.467  -52.543 0.0000000000
63226  -30.176  -4.933  -47.533 0.0000000000
65326  -30.877  -3.763  -48.184 0.0000000000
64346  -30.948  -4.643  -47.304 0.0000000000
55252  -26.091  -12.174  -39.625 0.0000000000
56422  -26.464  -11.261  -40.451 0.0000000000
57524  -26.569  -10.734  -41.105 0.0000000000
63234  -27.462  -5.832  -47.993 0.0000000000
60930  -26.103  -7.048  -47.204 0.0000000000
86604  -27.714  17.187  -57.039 0.0000000000
146636  -27.475  12.398  -54.734 0.0000000000
82929  -28.581  14.140  -54.751 0.0000000000
82930  -29.310  13.916  -54.318 0.0000000000
83829  -31.616  14.453  -54.425 0.0000000000
81903  -29.978  12.609  -53.275 0.0000000000
78091  -29.964  8.554  -51.881 0.0000000000
79916  -31.572  10.882  -52.322 0.0000000000
79035  -32.390  9.463  -52.000 0.0000000000
136903  -33.794  9.144  -53.150 0.0000000000
77045  -32.869  7.722  -51.655 0.0000000000
73871  -33.395  4.362  -50.888 0.0000000000
73894  -34.523  4.591  -52.635 0.0000000000
72841  -34.794  3.587  -52.845 0.0000000000
149922  -35.251  2.412  -53.945 0.0000000000
71756  -35.039  2.068  -52.573 0.0000000000
68437  -27.980  -0.880  -50.466 0.0000000000
68438  -28.406  -0.065  -50.578 0.0000000000
68428  -29.831  -0.494  -49.286 0.0000000000
67444  -33.113  -2.496  -50.238 0.0000000000
68441  -33.373  -0.626  -50.398 0.0000000000
130488  -34.470  -1.903  -52.068 0.0000000000
68465  -34.977  -1.280  -53.152 0.0000000000
66423  -35.457  -2.924  -52.804 0.0000000000
140659  -27.203  -9.331  -42.938 0.0000000000
58569  -26.905  -9.023  -44.667 0.0000000000
59663  -27.588  -8.632  -44.100 0.0000000000
59675  -28.069  -7.875  -45.341 0.0000000000
132830  -29.827  6.264  -51.553 0.0000000000
75924  -31.917  6.573  -51.025 0.0000000000
74873  -30.414  5.527  -51.096 0.0000000000
142731  -30.809  4.295  -50.602 0.0000000000
71730  -31.309  3.052  -50.090 0.0000000000
66372  -29.285  -2.987  -48.535 0.0000000000
67432  -29.886  -1.441  -48.909 0.0000000000
66373  -30.306  -2.998  -48.377 0.0000000000
66375  -32.131  -3.278  -48.984 0.0000000000
66393  -33.290  -3.267  -49.946 0.0000000000
58544  -27.015  -9.749  -42.389 0.0000000000
64375  -26.968  -3.790  -49.107 0.0000000000
64360  -27.456  -4.437  -48.589 0.0000000000
63236  -28.807  -5.579  -47.650 0.0000000000
62115  -29.104  -5.942  -47.190 0.0000000000
88565  -25.012  19.388  -59.870 0.0000000000
85672  -25.215  16.629  -57.226 0.0000000000
86634  -26.034  17.465  -58.191 0.0000000000
141987  -28.659  18.628  -57.649 0.0000000000
87587  -29.561  18.604  -57.445 0.0000000000
86606  -30.674  17.778  -56.779 0.0000000000
84690  -28.030  15.286  -55.717 0.0000000000
84691  -29.814  15.990  -55.289 0.0000000000
85667  -31.732  16.866  -56.490 0.0000000000
84694  -32.444  15.629  -55.944 0.0000000000
83846  -33.222  14.201  -55.805 0.0000000000
81920  -33.653  12.453  -55.518 0.0000000000
79913  -28.671  10.692  -53.295 0.0000000000
80875  -31.022  11.589  -52.557 0.0000000000
80888  -32.635  11.911  -53.175 0.0000000000
127447  -33.870  10.918  -55.442 0.0000000000
79073  -34.155  8.977  -55.227 0.0000000000
135235  -34.486  6.119  -55.213 0.0000000000
75925  -33.728  6.636  -51.967 0.0000000000
74898  -34.618  5.371  -54.025 0.0000000000
70610  -28.425  1.250  -51.299 0.0000000000
70600  -30.046  1.994  -50.229 0.0000000000
71721  -32.705  2.011  -49.897 0.0000000000
146963  -31.535  -0.778  -49.167 0.0000000000
69438  -33.426  0.446  -50.334 0.0000000000
70602  -34.137  1.398  -50.954 0.0000000000
69460  -35.239  -0.393  -53.349 0.0000000000
68479  -36.814  -0.716  -54.778 0.0000000000
147987  -27.599  -7.706  -46.528 0.0000000000
133222  -28.550  -7.113  -46.349 0.0000000000
153599  -29.714  -6.174  -45.984 0.0000000000
63210  -29.774  -5.542  -47.069 0.0000000000
64334  -31.666  -4.427  -46.888 0.0000000000
63212  -31.141  -4.860  -46.502 0.0000000000
55253  -26.718  -11.922  -39.496 0.0000000000
56407  -26.410  -11.688  -39.937 0.0000000000
82921  -28.510  13.320  -54.398 0.0000000000
149121  -28.693  12.672  -53.965 0.0000000000
124918  -29.405  13.130  -53.779 0.0000000000
144333  -29.173  12.224  -53.488 0.0000000000
133197  -29.879  7.730  -51.734 0.0000000000
78090  -29.163  7.887  -52.236 0.0000000000
79034  -31.418  9.439  -51.834 0.0000000000
78093  -31.874  8.723  -51.648 0.0000000000
78094  -32.866  8.503  -51.905 0.0000000000
78075  -32.162  7.964  -51.492 0.0000000000
72819  -33.853  3.728  -51.093 0.0000000000
72831  -34.388  3.875  -51.868 0.0000000000
72820  -34.288  3.028  -51.392 0.0000000000
129113  -34.736  2.936  -52.222 0.0000000000
71744  -34.635  2.230  -51.711 0.0000000000
67440  -27.491  -1.674  -50.280 0.0000000000
68427  -28.817  -0.598  -49.835 0.0000000000
67441  -28.448  -1.475  -49.641 0.0000000000
66405  -34.171  -2.927  -50.873 0.0000000000
67445  -33.712  -2.339  -50.735 0.0000000000
67467  -34.757  -2.635  -52.104 0.0000000000
66414  -35.395  -3.302  -51.942 0.0000000000
66415  -36.191  -3.673  -52.349 0.0000000000
59650  -27.786  -8.806  -43.128 0.0000000000
74887  -28.450  5.179  -52.527 0.0000000000
74872  -29.636  5.465  -51.558 0.0000000000
74871  -29.116  4.980  -51.881 0.0000000000
71743  -29.009  2.926  -51.386 0.0000000000
73867  -29.979  4.080  -51.019 0.0000000000
72816  -30.563  3.559  -50.502 0.0000000000
148037  -31.265  3.820  -50.351 0.0000000000
71729  -30.334  2.765  -50.344 0.0000000000
65324  -28.833  -3.725  -48.401 0.0000000000
65325  -29.838  -3.781  -48.213 0.0000000000
65327  -31.777  -3.509  -48.471 0.0000000000
65309  -32.423  -3.443  -48.844 0.0000000000
66392  -32.668  -3.245  -49.396 0.0000000000
66376  -33.131  -3.438  -49.156 0.0000000000
66377  -33.915  -3.369  -49.536 0.0000000000
148232  -32.740  -3.558  -48.530 0.0000000000
54135  -24.877  -13.084  -39.495 0.0000000000
58534  -26.802  -10.258  -41.774 0.0000000000
58535  -27.542  -9.793  -41.684 0.0000000000
65323  -27.869  -3.732  -48.756 0.0000000000
62113  -27.796  -6.344  -47.667 0.0000000000
63224  -28.126  -5.937  -47.790 0.0000000000
62114  -28.363  -6.401  -47.369 0.0000000000
86632  -25.091  18.129  -58.182 0.0000000000
88554  -24.782  19.021  -59.181 0.0000000000
87602  -25.200  18.803  -59.467 0.0000000000
88566  -25.668  19.002  -59.737 0.0000000000
87603  -25.579  18.492  -59.268 0.0000000000
86622  -26.222  16.905  -57.661 0.0000000000
138678  -26.565  17.373  -57.882 0.0000000000
87598  -26.629  17.978  -58.408 0.0000000000
87586  -27.687  18.407  -58.012 0.0000000000
88557  -28.263  19.189  -58.469 0.0000000000
86605  -28.577  17.388  -56.659 0.0000000000
86625  -29.048  18.103  -56.943 0.0000000000
86591  -29.522  17.477  -56.359 0.0000000000
87567  -29.883  18.064  -56.837 0.0000000000
154901  -30.124  17.686  -56.469 0.0000000000
82939  -27.116  13.609  -55.465 0.0000000000
83834  -29.221  14.550  -54.681 0.0000000000
84679  -29.506  15.192  -54.918 0.0000000000
154102  -30.581  15.934  -55.202 0.0000000000
85651  -31.132  16.767  -55.932 0.0000000000
84692  -31.160  16.155  -55.436 0.0000000000
85652  -31.802  16.266  -55.909 0.0000000000
84693  -31.769  15.651  -55.361 0.0000000000
82923  -31.643  13.799  -53.934 0.0000000000
82931  -32.261  14.050  -54.453 0.0000000000
82932  -32.888  13.610  -54.650 0.0000000000
82933  -33.404  13.112  -55.008 0.0000000000
81914  -33.059  12.901  -54.249 0.0000000000
79031  -28.943  9.268  -52.741 0.0000000000
79912  -28.659  9.808  -53.138 0.0000000000
80873  -29.348  11.460  -53.106 0.0000000000
79914  -29.666  10.765  -52.725 0.0000000000
79917  -32.403  10.593  -52.404 0.0000000000
155407  -32.160  11.116  -52.489 0.0000000000
80889  -33.197  11.331  -53.396 0.0000000000
80898  -33.594  11.397  -54.164 0.0000000000
79954  -33.859  10.778  -54.671 0.0000000000
150990  -34.001  9.986  -55.341 0.0000000000
79941  -33.932  10.095  -54.406 0.0000000000
77056  -34.225  7.696  -53.400 0.0000000000
78110  -34.301  8.229  -54.049 0.0000000000
77065  -34.378  7.432  -54.245 0.0000000000
138291  -34.402  7.058  -55.160 0.0000000000
75947  -34.472  6.597  -54.371 0.0000000000
142831  -32.322  5.944  -50.903 0.0000000000
144332  -32.945  6.464  -51.260 0.0000000000
74888  -33.544  5.888  -51.503 0.0000000000
131587  -34.493  5.470  -53.093 0.0000000000
73904  -34.698  4.730  -53.618 0.0000000000
74912  -34.581  5.204  -55.008 0.0000000000
142921  -34.718  4.176  -55.177 0.0000000000
71768  -35.395  1.719  -54.438 0.0000000000
69476  -36.437  0.613  -55.513 0.0000000000
69448  -27.647  0.943  -51.959 0.0000000000
69427  -30.186  0.458  -49.595 0.0000000000
70587  -29.626  1.007  -50.089 0.0000000000
70588  -30.438  1.355  -49.831 0.0000000000
71719  -30.871  2.178  -49.918 0.0000000000
70589  -31.397  1.498  -49.644 0.0000000000
68420  -30.869  -1.230  -48.909 0.0000000000
69439  -34.039  -0.199  -50.994 0.0000000000
68440  -32.700  -0.038  -49.748 0.0000000000
144630  -33.952  0.800  -50.800 0.0000000000
69449  -34.474  0.729  -51.471 0.0000000000
69459  -34.992  0.344  -52.522 0.0000000000
143374  -34.867  -0.604  -52.672 0.0000000000
67481  -35.919  -1.869  -53.873 0.0000000000
68469  -35.532  -1.092  -53.945 0.0000000000
67494  -37.022  -1.379  -54.494 0.0000000000
60892  -28.639  -7.543  -44.748 0.0000000000
60906  -28.606  -7.310  -45.621 0.0000000000
60893  -29.165  -6.999  -45.028 0.0000000000
60907  -29.134  -6.682  -45.978 0.0000000000
62089  -29.739  -6.470  -45.262 0.0000000000
137668  -28.469  3.802  -52.198 0.0000000000
72828  -28.357  3.072  -52.026 0.0000000000
148197  -28.363  2.444  -51.805 0.0000000000
131603  -30.153  -4.437  -47.946 0.0000000000
64363  -30.844  -4.297  -47.821 0.0000000000
64347  -31.512  -4.156  -47.665 0.0000000000
55233  -25.728  -12.779  -39.174 0.0000000000
57535  -25.965  -10.794  -41.962 0.0000000000
57514  -27.157  -10.811  -40.461 0.0000000000
126966  -26.922  -5.096  -48.486 0.0000000000
62122  -26.618  -5.788  -48.088 0.0000000000
62112  -27.166  -6.404  -47.690 0.0000000000
60931  -26.926  -7.010  -47.298 0.0000000000
86620  -25.088  17.523  -57.522 0.0000000000
85675  -26.923  16.952  -57.429 0.0000000000
85664  -27.327  16.461  -56.886 0.0000000000
148412  -28.122  16.656  -56.475 0.0000000000
84702  -28.477  16.121  -55.913 0.0000000000
135707  -27.945  13.706  -54.927 0.0000000000
82928  -27.668  13.053  -54.820 0.0000000000
83835  -30.054  14.570  -54.454 0.0000000000
83836  -30.961  14.889  -54.579 0.0000000000
83827  -30.131  13.769  -53.932 0.0000000000
82922  -30.902  13.518  -53.591 0.0000000000
81904  -30.782  12.840  -53.175 0.0000000000
79032  -29.668  9.336  -52.329 0.0000000000
142466  -30.107  10.075  -52.362 0.0000000000
79033  -30.499  9.383  -51.989 0.0000000000
143783  -31.859  10.111  -52.073 0.0000000000
143183  -32.883  10.003  -52.450 0.0000000000
133641  -33.459  9.898  -53.057 0.0000000000
79036  -33.229  9.274  -52.466 0.0000000000
78095  -33.622  8.507  -52.574 0.0000000000
77055  -33.948  7.919  -52.774 0.0000000000
74859  -33.025  4.960  -50.770 0.0000000000
74876  -33.661  5.087  -51.314 0.0000000000
72830  -33.932  4.369  -51.382 0.0000000000
73884  -34.175  4.714  -51.831 0.0000000000
152510  -34.830  4.061  -53.432 0.0000000000
72851  -35.083  3.245  -53.906 0.0000000000
71767  -35.079  2.703  -53.149 0.0000000000
71757  -35.273  1.863  -53.496 0.0000000000
70633  -35.432  1.022  -53.944 0.0000000000
136894  -27.590  -0.328  -51.223 0.0000000000
69426  -29.237  0.223  -49.935 0.0000000000
146450  -32.504  -2.006  -49.653 0.0000000000
68431  -32.869  -1.257  -50.003 0.0000000000
141935  -33.352  -1.600  -50.481 0.0000000000
67455  -33.786  -1.350  -50.934 0.0000000000
68454  -34.225  -1.206  -51.600 0.0000000000
67473  -34.805  -2.058  -52.736 0.0000000000
67475  -36.020  -2.648  -53.526 0.0000000000
66433  -36.768  -2.970  -53.524 0.0000000000
66434  -37.522  -2.610  -53.634 0.0000000000
65366  -37.392  -3.499  -53.021 0.0000000000
58556  -26.521  -9.773  -43.214 0.0000000000
131394  -26.484  -9.530  -44.086 0.0000000000
58557  -27.073  -9.175  -43.686 0.0000000000
59674  -27.518  -8.422  -45.009 0.0000000000
132824  -27.450  -8.167  -45.919 0.0000000000
59664  -28.118  -8.087  -44.442 0.0000000000
60880  -28.764  -7.776  -43.794 0.0000000000
75937  -29.150  6.429  -52.049 0.0000000000
77027  -30.323  7.140  -51.484 0.0000000000
143817  -31.388  7.364  -51.299 0.0000000000
75923  -30.865  6.461  -51.139 0.0000000000
74874  -31.455  5.806  -50.835 0.0000000000
73882  -29.173  4.192  -51.672 0.0000000000
73868  -30.407  4.762  -50.924 0.0000000000
74858  -31.124  5.021  -50.685 0.0000000000
73869  -31.649  4.412  -50.488 0.0000000000
72817  -32.045  3.707  -50.276 0.0000000000
71731  -32.390  2.888  -50.060 0.0000000000
146898  -28.757  -2.237  -49.010 0.0000000000
66391  -29.179  -1.664  -49.079 0.0000000000
147809  -29.670  -2.223  -48.687 0.0000000000
67433  -30.596  -2.174  -48.671 0.0000000000
67434  -31.404  -2.186  -48.884 0.0000000000
66374  -31.393  -3.025  -48.652 0.0000000000
67435  -32.132  -2.713  -49.266 0.0000000000
152552  -32.732  -2.888  -49.788 0.0000000000
133963  -33.632  -3.041  -50.496 0.0000000000
66394  -34.183  -3.268  -50.325 0.0000000000
151533  -34.715  -3.119  -50.849 0.0000000000
65301  -32.895  -3.647  -47.719 0.0000000000
54118  -24.415  -13.688  -39.063 0.0000000000
126653  -25.797  -10.483  -42.990 0.0000000000
57536  -26.415  -10.208  -42.464 0.0000000000
58545  -27.698  -9.295  -42.355 0.0000000000
65340  -27.385  -3.070  -49.356 0.0000000000
65341  -28.288  -2.975  -48.864 0.0000000000
64361  -28.394  -4.424  -48.282 0.0000000000
63235  -28.009  -5.196  -48.081 0.0000000000
145497  -28.847  -4.964  -47.953 0.0000000000
64362  -29.519  -5.005  -47.784 0.0000000000
63225  -29.477  -5.371  -47.440 0.0000000000
86621  -25.658  17.089  -57.712 0.0000000000
87597  -25.829  18.031  -58.782 0.0000000000
88555  -26.193  18.499  -59.166 0.0000000000
88567  -26.584  19.182  -59.515 0.0000000000
86624  -28.166  17.908  -57.312 0.0000000000
138967  -30.115  18.961  -58.041 0.0000000000
147551  -31.174  18.053  -57.459 0.0000000000
86627  -31.780  17.680  -57.710 0.0000000000
83845  -28.693  14.875  -55.104 0.0000000000
85649  -28.936  15.651  -55.383 0.0000000000
85650  -29.712  16.784  -55.756 0.0000000000
86592  -30.394  17.246  -56.101 0.0000000000
85666  -31.108  17.271  -56.418 0.0000000000
86608  -32.292  16.958  -57.259 0.0000000000
84703  -33.182  15.321  -57.010 0.0000000000
84682  -32.304  15.059  -55.272 0.0000000000
84683  -32.850  14.886  -55.797 0.0000000000
80885  -27.767  10.622  -53.933 0.0000000000
80886  -28.077  11.346  -53.890 0.0000000000
80887  -28.713  11.560  -53.522 0.0000000000
81893  -30.512  12.166  -52.873 0.0000000000
81894  -31.352  12.304  -52.876 0.0000000000
79915  -30.576  10.830  -52.423 0.0000000000
80876  -31.945  11.665  -52.663 0.0000000000
81906  -32.546  12.643  -53.565 0.0000000000
81907  -33.221  12.088  -53.907 0.0000000000
80908  -33.756  11.635  -54.992 0.0000000000
140800  -34.261  8.744  -54.534 0.0000000000
77076  -34.186  7.546  -55.920 0.0000000000
75969  -34.274  6.507  -56.187 0.0000000000
77028  -32.436  7.224  -51.342 0.0000000000
77029  -33.160  7.162  -51.629 0.0000000000
77047  -34.053  7.212  -52.713 0.0000000000
74877  -34.131  5.560  -52.100 0.0000000000
75938  -34.249  6.334  -52.793 0.0000000000
140025  -34.485  6.110  -53.682 0.0000000000
134346  -34.550  5.893  -54.451 0.0000000000
72863  -35.113  2.372  -55.691 0.0000000000
71742  -28.043  1.741  -51.925 0.0000000000
70611  -28.772  2.070  -51.291 0.0000000000
69437  -28.809  0.762  -50.611 0.0000000000
70599  -29.290  1.591  -50.617 0.0000000000
71732  -33.303  2.568  -50.354 0.0000000000
67442  -29.223  -1.115  -49.346 0.0000000000
68429  -30.887  -0.189  -49.204 0.0000000000
68439  -31.784  -0.029  -49.304 0.0000000000
68430  -32.248  -0.931  -49.446 0.0000000000
69429  -32.024  0.835  -49.479 0.0000000000
69430  -32.778  1.079  -49.875 0.0000000000
70601  -33.528  1.523  -50.390 0.0000000000
71733  -34.096  2.225  -50.918 0.0000000000
70622  -34.846  1.378  -52.074 0.0000000000
70623  -35.205  1.194  -52.984 0.0000000000
69465  -35.667  0.074  -54.208 0.0000000000
142173  -36.122  0.276  -54.901 0.0000000000
60919  -27.377  -7.471  -46.953 0.0000000000
59687  -28.083  -7.621  -46.177 0.0000000000
60920  -28.110  -7.208  -46.893 0.0000000000
60921  -28.780  -6.600  -46.794 0.0000000000
62102  -29.419  -6.111  -46.621 0.0000000000
149175  -30.057  -5.725  -46.399 0.0000000000
64364  -31.419  -3.853  -48.065 0.0000000000
66406  -35.386  -3.350  -51.180 0.0000000000
66424  -36.391  -3.427  -53.060 0.0000000000
66435  -38.269  -2.129  -53.652 0.0000000000
67456  -34.203  -2.244  -51.398 0.0000000000
67474  -35.371  -2.012  -53.378 0.0000000000
67482  -36.711  -2.160  -54.068 0.0000000000
68464  -34.605  -1.256  -52.383 0.0000000000
68470  -36.281  -1.320  -54.369 0.0000000000
68478  -36.128  -0.475  -54.589 0.0000000000
70590  -32.154  1.554  -49.686 0.0000000000
70612  -34.462  1.611  -51.388 0.0000000000
71720  -31.805  2.222  -49.819 0.0000000000
72815  -29.775  3.251  -50.844 0.0000000000
72818  -33.072  3.553  -50.501 0.0000000000
72852  -35.249  2.457  -54.734 0.0000000000
73870  -32.575  4.376  -50.547 0.0000000000
73883  -29.779  4.837  -51.351 0.0000000000
75922  -29.101  5.738  -51.985 0.0000000000
77042  -29.507  7.069  -51.888 0.0000000000
77044  -31.397  8.147  -51.489 0.0000000000
77046  -33.512  7.680  -52.133 0.0000000000
78092  -30.939  8.720  -51.634 0.0000000000
78109  -34.080  8.426  -53.273 0.0000000000
79049  -28.298  9.184  -53.272 0.0000000000
79050  -33.864  9.690  -53.782 0.0000000000
79051  -34.165  8.967  -53.870 0.0000000000
79061  -34.109  9.423  -54.520 0.0000000000
79940  -33.628  10.564  -53.736 0.0000000000
80874  -30.142  11.485  -52.728 0.0000000000
80877  -32.623  11.237  -52.773 0.0000000000
81892  -29.816  12.003  -53.051 0.0000000000
81895  -32.058  12.354  -53.039 0.0000000000
81902  -28.384  12.055  -53.914 0.0000000000
81905  -31.691  13.028  -53.361 0.0000000000
81913  -28.082  12.559  -54.390 0.0000000000
82940  -33.206  13.745  -55.280 0.0000000000
82941  -33.498  13.386  -55.898 0.0000000000
83828  -30.896  14.196  -54.104 0.0000000000
83837  -32.149  14.621  -54.784 0.0000000000
83838  -32.743  14.335  -55.118 0.0000000000
83844  -27.924  14.380  -55.298 0.0000000000
84680  -30.342  15.378  -54.862 0.0000000000
85668  -32.373  16.299  -56.542 0.0000000000
86607  -31.505  17.493  -56.978 0.0000000000
86626  -30.428  18.386  -57.413 0.0000000000
87596  -25.230  18.370  -58.872 0.0000000000
87600  -31.011  18.564  -58.135 0.0000000000
124506  -30.232  13.198  -53.504 0.0000000000
124627  -30.468  16.518  -55.564 0.0000000000
134144  -34.707  4.726  -54.408 0.0000000000
136488  -34.080  5.684  -56.971 0.0000000000
139222  -33.497  12.362  -54.668 0.0000000000
143017  -30.993  10.137  -52.092 0.0000000000
144048  -35.316  0.438  -53.418 0.0000000000
147093  -29.847  1.508  -50.154 0.0000000000
151017  -29.378  3.601  -51.336 0.0000000000
151411  -32.171  5.181  -50.677 0.0000000000
151787  -31.672  15.066  -54.858 0.0000000000
152014  -32.395  10.047  -52.206 0.0000000000
154477  -29.170  16.295  -55.646 0.0000000000
154524  -32.926  15.269  -56.348 0.0000000000
156242  -33.547  11.879  -54.427 0.0000000000
