#!ascii label  , from subject NIHPD_75_135 vox2ras=TkReg
1130
54118  -24.415  -13.688  -39.063 0.4285714328
55251  -25.317  -12.471  -39.935 0.2857142985
54135  -24.877  -13.084  -39.495 0.4285714328
55252  -26.091  -12.174  -39.625 0.4285714328
55253  -26.718  -11.922  -39.496 0.4285714328
138294  -25.333  -11.759  -41.069 0.2857142985
56422  -26.464  -11.261  -40.451 0.4285714328
57514  -27.157  -10.811  -40.461 0.4285714328
57535  -25.965  -10.794  -41.962 0.4285714328
58534  -26.802  -10.258  -41.774 0.4285714328
58556  -26.521  -9.773  -43.214 0.4285714328
140659  -27.203  -9.331  -42.938 0.4285714328
58569  -26.905  -9.023  -44.667 0.5714285970
58557  -27.073  -9.175  -43.686 0.5714285970
59650  -27.786  -8.806  -43.128 0.4285714328
142961  -28.172  -8.306  -43.663 0.2857142985
59674  -27.518  -8.422  -45.009 0.7142857313
59664  -28.118  -8.087  -44.442 0.7142857313
60893  -29.165  -6.999  -45.028 0.7142857313
62089  -29.739  -6.470  -45.262 0.4285714328
59675  -28.069  -7.875  -45.341 0.7142857313
60892  -28.639  -7.543  -44.748 0.5714285970
149175  -30.057  -5.725  -46.399 0.5714285970
133222  -28.550  -7.113  -46.349 0.5714285970
62102  -29.419  -6.111  -46.621 0.5714285970
63210  -29.774  -5.542  -47.069 0.5714285970
63211  -30.455  -5.180  -46.870 0.5714285970
60921  -28.780  -6.600  -46.794 0.5714285970
63212  -31.141  -4.860  -46.502 0.4285714328
63226  -30.176  -4.933  -47.533 0.5714285970
64347  -31.512  -4.156  -47.665 0.5714285970
64362  -29.519  -5.005  -47.784 0.7142857313
64363  -30.844  -4.297  -47.821 0.7142857313
65327  -31.777  -3.509  -48.471 0.7142857313
64348  -32.114  -3.762  -48.175 0.5714285970
63224  -28.126  -5.937  -47.790 0.5714285970
131603  -30.153  -4.437  -47.946 0.8571428657
65309  -32.423  -3.443  -48.844 0.7142857313
66376  -33.131  -3.438  -49.156 0.5714285970
124337  -29.312  -4.439  -48.077 0.7142857313
64361  -28.394  -4.424  -48.282 0.5714285970
152552  -32.732  -2.888  -49.788 0.7142857313
66393  -33.290  -3.267  -49.946 0.5714285970
65326  -30.877  -3.763  -48.184 0.7142857313
66375  -32.131  -3.278  -48.984 0.7142857313
67444  -33.113  -2.496  -50.238 0.5714285970
66374  -31.393  -3.025  -48.652 0.7142857313
66405  -34.171  -2.927  -50.873 0.5714285970
66373  -30.306  -2.998  -48.377 0.5714285970
67434  -31.404  -2.186  -48.884 0.7142857313
146450  -32.504  -2.006  -49.653 0.7142857313
67455  -33.786  -1.350  -50.934 0.7142857313
67445  -33.712  -2.339  -50.735 0.7142857313
146963  -31.535  -0.778  -49.167 0.7142857313
68431  -32.869  -1.257  -50.003 0.7142857313
68441  -33.373  -0.626  -50.398 0.7142857313
130643  -34.571  -0.354  -51.894 0.7142857313
68454  -34.225  -1.206  -51.600 0.5714285970
68430  -32.248  -0.931  -49.446 0.7142857313
67432  -29.886  -1.441  -48.909 0.5714285970
143374  -34.867  -0.604  -52.672 0.5714285970
69460  -35.239  -0.393  -53.349 0.5714285970
68440  -32.700  -0.038  -49.748 0.8571428657
69459  -34.992  0.344  -52.522 0.7142857313
70602  -34.137  1.398  -50.954 0.7142857313
69438  -33.426  0.446  -50.334 0.8571428657
144630  -33.952  0.800  -50.800 0.7142857313
72820  -34.288  3.028  -51.392 0.8571428657
71756  -35.039  2.068  -52.573 0.5714285970
71733  -34.096  2.225  -50.918 0.8571428657
71732  -33.303  2.568  -50.354 0.8571428657
69430  -32.778  1.079  -49.875 0.8571428657
70601  -33.528  1.523  -50.390 0.8571428657
72830  -33.932  4.369  -51.382 0.8571428657
73894  -34.523  4.591  -52.635 0.8571428657
75925  -33.728  6.636  -51.967 0.8571428657
130170  -33.768  3.044  -50.797 0.8571428657
74876  -33.661  5.087  -51.314 0.8571428657
142831  -32.322  5.944  -50.903 1.0000000000
74888  -33.544  5.888  -51.503 1.0000000000
73871  -33.395  4.362  -50.888 0.8571428657
144332  -32.945  6.464  -51.260 1.0000000000
74875  -33.007  5.617  -50.983 1.0000000000
78075  -32.162  7.964  -51.492 1.0000000000
78091  -29.964  8.554  -51.881 0.7142857313
77028  -32.436  7.224  -51.342 1.0000000000
143817  -31.388  7.364  -51.299 1.0000000000
78093  -31.874  8.723  -51.648 1.0000000000
81893  -30.512  12.166  -52.873 1.0000000000
80887  -28.713  11.560  -53.522 0.8571428657
82930  -29.310  13.916  -54.318 0.8571428657
124918  -29.405  13.130  -53.779 1.0000000000
85650  -29.712  16.784  -55.756 0.8571428657
84679  -29.506  15.192  -54.918 0.8571428657
83834  -29.221  14.550  -54.681 1.0000000000
86625  -29.048  18.103  -56.943 0.8571428657
86591  -29.522  17.477  -56.359 0.8571428657
86624  -28.166  17.908  -57.312 0.7142857313
85664  -27.327  16.461  -56.886 0.5714285970
87586  -27.687  18.407  -58.012 0.7142857313
88557  -28.263  19.189  -58.469 0.5714285970
86621  -25.658  17.089  -57.712 0.5714285970
86622  -26.222  16.905  -57.661 0.5714285970
86633  -25.527  17.798  -58.242 0.4285714328
87602  -25.200  18.803  -59.467 0.4285714328
88566  -25.668  19.002  -59.737 0.4285714328
145810  -24.696  18.567  -56.974 0.2857142985
129505  -24.873  19.198  -56.540 0.2857142985
56421  -25.769  -11.816  -40.387 0.2857142985
66392  -32.668  -3.245  -49.396 0.5714285970
70623  -35.205  1.194  -52.984 0.5714285970
69439  -34.039  -0.199  -50.994 0.7142857313
69449  -34.474  0.729  -51.471 0.7142857313
71744  -34.635  2.230  -51.711 0.8571428657
72841  -34.794  3.587  -52.845 0.8571428657
73884  -34.175  4.714  -51.831 0.8571428657
74877  -34.131  5.560  -52.100 0.8571428657
79033  -30.499  9.383  -51.989 0.8571428657
88524  -25.693  19.638  -54.598 0.1428571492
127692  -25.008  -12.275  -40.732 0.2857142985
56431  -25.294  -11.478  -41.722 0.2857142985
56432  -25.887  -11.286  -41.103 0.2857142985
57524  -26.569  -10.734  -41.105 0.4285714328
58535  -27.542  -9.793  -41.684 0.4285714328
58545  -27.698  -9.295  -42.355 0.4285714328
57544  -25.791  -10.077  -44.005 0.5714285970
60880  -28.764  -7.776  -43.794 0.4285714328
137710  -27.023  -8.667  -45.443 0.2857142985
132824  -27.450  -8.167  -45.919 0.7142857313
60906  -28.606  -7.310  -45.621 0.7142857313
60907  -29.134  -6.682  -45.978 0.4285714328
60920  -28.110  -7.208  -46.893 0.5714285970
64334  -31.666  -4.427  -46.888 0.4285714328
62114  -28.363  -6.401  -47.369 0.7142857313
63236  -28.807  -5.579  -47.650 0.7142857313
64346  -30.948  -4.643  -47.304 0.5714285970
63235  -28.009  -5.196  -48.081 0.5714285970
145497  -28.847  -4.964  -47.953 0.5714285970
67467  -34.757  -2.635  -52.104 0.5714285970
65324  -28.833  -3.725  -48.401 0.5714285970
66394  -34.183  -3.268  -50.325 0.5714285970
67443  -31.812  -1.647  -49.194 0.7142857313
67435  -32.132  -2.713  -49.266 0.7142857313
130488  -34.470  -1.903  -52.068 0.5714285970
67433  -30.596  -2.174  -48.671 0.8571428657
129113  -34.736  2.936  -52.222 0.5714285970
71731  -32.390  2.888  -50.060 1.0000000000
77029  -33.160  7.162  -51.629 1.0000000000
74874  -31.455  5.806  -50.835 1.0000000000
130913  -29.286  9.989  -52.756 0.7142857313
142466  -30.107  10.075  -52.362 1.0000000000
79916  -31.572  10.882  -52.322 1.0000000000
80873  -29.348  11.460  -53.106 0.7142857313
79915  -30.576  10.830  -52.423 1.0000000000
79913  -28.671  10.692  -53.295 0.7142857313
81903  -29.978  12.609  -53.275 0.8571428657
85649  -28.936  15.651  -55.383 0.8571428657
83835  -30.054  14.570  -54.454 1.0000000000
83827  -30.131  13.769  -53.932 1.0000000000
86604  -27.714  17.187  -57.039 0.7142857313
85675  -26.923  16.952  -57.429 0.5714285970
138678  -26.565  17.373  -57.882 0.7142857313
87598  -26.629  17.978  -58.408 0.7142857313
85672  -25.215  16.629  -57.226 0.4285714328
87585  -24.744  19.058  -57.535 0.2857142985
88554  -24.782  19.021  -59.181 0.4285714328
88567  -26.584  19.182  -59.515 0.4285714328
88565  -25.012  19.388  -59.870 0.4285714328
88545  -24.896  19.885  -57.288 0.2857142985
147987  -27.599  -7.706  -46.528 0.4285714328
60919  -27.377  -7.471  -46.953 0.4285714328
86632  -25.091  18.129  -58.182 0.4285714328
87597  -25.829  18.031  -58.782 0.7142857313
87595  -24.818  18.719  -58.344 0.2857142985
55233  -25.728  -12.779  -39.174 0.4285714328
55250  -24.528  -12.865  -40.336 0.2857142985
56407  -26.410  -11.688  -39.937 0.4285714328
55265  -24.796  -12.051  -41.472 0.2857142985
126653  -25.797  -10.483  -42.990 0.2857142985
57536  -26.415  -10.208  -42.464 0.4285714328
58544  -27.015  -9.749  -42.389 0.4285714328
131394  -26.484  -9.530  -44.086 0.4285714328
59663  -27.588  -8.632  -44.100 0.4285714328
59687  -28.083  -7.621  -46.177 0.5714285970
62115  -29.104  -5.942  -47.190 0.5714285970
63225  -29.477  -5.371  -47.440 0.5714285970
65325  -29.838  -3.781  -48.213 0.5714285970
133963  -33.632  -3.041  -50.496 0.5714285970
141935  -33.352  -1.600  -50.481 0.7142857313
66372  -29.285  -2.987  -48.535 0.7142857313
68420  -30.869  -1.230  -48.909 0.8571428657
70622  -34.846  1.378  -52.074 0.8571428657
72819  -33.853  3.728  -51.093 0.8571428657
72831  -34.388  3.875  -51.868 0.8571428657
71721  -32.705  2.011  -49.897 0.8571428657
74859  -33.025  4.960  -50.770 1.0000000000
77043  -30.624  7.951  -51.526 1.0000000000
79032  -29.668  9.336  -52.329 0.8571428657
85665  -28.926  16.819  -56.085 0.8571428657
86605  -28.577  17.388  -56.659 0.8571428657
86623  -27.270  17.626  -57.686 0.5714285970
86634  -26.034  17.465  -58.191 0.5714285970
86620  -25.088  17.523  -57.522 0.4285714328
87603  -25.579  18.492  -59.268 0.4285714328
140489  -24.752  19.017  -55.642 0.2857142985
128297  -24.838  18.310  -57.608 0.2857142985
154345  -25.108  19.543  -55.807 0.2857142985
88528  -25.660  20.010  -55.515 0.1428571492
79914  -29.666  10.765  -52.725 1.0000000000
88555  -26.193  18.499  -59.166 0.5714285970
132341  -25.422  22.197  -61.607 0.2857142985
91332  -25.114  22.574  -61.316 0.1428571492
89525  -25.253  20.717  -60.225 0.2857142985
139107  -25.823  21.986  -61.912 0.2857142985
91324  -25.163  22.196  -60.304 0.1428571492
92163  -24.985  22.995  -60.857 0.1428571492
89507  -24.624  20.373  -58.872 0.1428571492
89517  -24.874  20.017  -59.966 0.2857142985
143340  -24.872  20.615  -59.585 0.1428571492
90430  -26.804  21.245  -61.647 0.2857142985
90429  -25.730  21.519  -60.876 0.2857142985
89538  -30.204  20.066  -61.734 0.2857142985
89536  -28.403  20.798  -61.443 0.2857142985
91315  -25.169  22.465  -59.528 0.1428571492
88574  -25.577  19.692  -60.140 0.2857142985
88569  -29.303  19.764  -59.268 0.2857142985
89534  -26.539  20.741  -60.889 0.2857142985
89526  -25.786  20.557  -60.460 0.2857142985
86641  -31.845  18.126  -59.540 0.1428571492
89530  -29.499  20.162  -60.518 0.2857142985
89529  -28.091  20.522  -60.546 0.2857142985
90403  -25.075  21.543  -59.533 0.1428571492
89528  -27.164  20.398  -60.454 0.2857142985
89527  -26.263  20.080  -60.377 0.2857142985
134356  -32.751  15.827  -60.691 0.1428571492
86646  -32.281  17.502  -60.057 0.1428571492
88571  -30.786  19.212  -59.673 0.4285714328
88568  -27.563  19.503  -59.284 0.2857142985
153876  -32.803  15.754  -56.592 0.2857142985
147551  -31.174  18.053  -57.459 0.4285714328
153847  -29.021  19.525  -58.692 0.2857142985
82951  -33.536  13.601  -57.764 0.1428571492
86636  -32.349  17.268  -58.217 0.2857142985
138967  -30.115  18.961  -58.041 0.4285714328
85666  -31.108  17.271  -56.418 0.5714285970
87587  -29.561  18.604  -57.445 0.7142857313
81926  -33.657  12.586  -56.475 0.1428571492
83856  -33.212  14.698  -56.417 0.1428571492
87567  -29.883  18.064  -56.837 0.7142857313
141987  -28.659  18.628  -57.649 0.4285714328
85652  -31.802  16.266  -55.909 0.4285714328
80920  -33.798  11.579  -56.083 0.2857142985
81920  -33.653  12.453  -55.518 0.7142857313
86592  -30.394  17.246  -56.101 0.7142857313
82922  -30.902  13.518  -53.591 0.8571428657
82931  -32.261  14.050  -54.453 0.8571428657
84692  -31.160  16.155  -55.436 0.5714285970
79085  -33.906  9.189  -56.040 0.2857142985
79963  -33.822  10.574  -56.153 0.2857142985
84693  -31.769  15.651  -55.361 0.7142857313
84690  -28.030  15.286  -55.717 0.5714285970
84681  -31.096  15.547  -54.995 0.8571428657
81907  -33.221  12.088  -53.907 0.7142857313
141689  -33.934  7.933  -56.497 0.1428571492
137668  -28.469  3.802  -52.198 0.5714285970
75923  -30.865  6.461  -51.139 0.8571428657
77027  -30.323  7.140  -51.484 0.8571428657
132830  -29.827  6.264  -51.553 0.4285714328
133197  -29.879  7.730  -51.734 0.5714285970
80875  -31.022  11.589  -52.557 0.8571428657
143183  -32.883  10.003  -52.450 0.8571428657
81894  -31.352  12.304  -52.876 0.8571428657
147749  -34.312  8.067  -55.006 0.2857142985
80889  -33.197  11.331  -53.396 0.8571428657
81906  -32.546  12.643  -53.565 0.8571428657
83836  -30.961  14.889  -54.579 0.8571428657
75969  -34.274  6.507  -56.187 0.4285714328
79941  -33.932  10.095  -54.406 0.7142857313
80898  -33.594  11.397  -54.164 0.7142857313
72840  -27.820  3.272  -52.668 0.2857142985
74873  -30.414  5.527  -51.096 0.5714285970
74871  -29.116  4.980  -51.881 0.5714285970
75924  -31.917  6.573  -51.025 0.8571428657
79035  -32.390  9.463  -52.000 0.8571428657
143783  -31.859  10.111  -52.073 0.8571428657
79917  -32.403  10.593  -52.404 0.8571428657
155407  -32.160  11.116  -52.489 0.8571428657
77065  -34.378  7.432  -54.245 0.4285714328
136903  -33.794  9.144  -53.150 0.8571428657
79931  -33.114  10.637  -52.900 0.8571428657
135235  -34.486  6.119  -55.213 0.4285714328
68427  -28.817  -0.598  -49.835 0.7142857313
136894  -27.590  -0.328  -51.223 0.4285714328
68428  -29.831  -0.494  -49.286 0.7142857313
70588  -30.438  1.355  -49.831 0.8571428657
70599  -29.290  1.591  -50.617 0.5714285970
148197  -28.363  2.444  -51.805 0.5714285970
70621  -27.328  1.467  -52.543 0.4285714328
71719  -30.871  2.178  -49.918 0.8571428657
71728  -29.528  2.448  -50.753 0.5714285970
72829  -28.881  3.528  -51.722 0.5714285970
72817  -32.045  3.707  -50.276 0.8571428657
142731  -30.809  4.295  -50.602 0.7142857313
73867  -29.979  4.080  -51.019 0.5714285970
131587  -34.493  5.470  -53.093 0.7142857313
75938  -34.249  6.334  -52.793 0.7142857313
77055  -33.948  7.919  -52.774 0.7142857313
78095  -33.622  8.507  -52.574 0.8571428657
72862  -34.779  3.189  -55.879 0.2857142985
74912  -34.581  5.204  -55.008 0.4285714328
134346  -34.550  5.893  -54.451 0.5714285970
66390  -27.864  -2.304  -49.541 0.4285714328
68437  -27.980  -0.880  -50.466 0.4285714328
69429  -32.024  0.835  -49.479 0.7142857313
69428  -31.119  0.685  -49.457 0.7142857313
70589  -31.397  1.498  -49.644 0.7142857313
71730  -31.309  3.052  -50.090 0.8571428657
152510  -34.830  4.061  -53.432 0.7142857313
136002  -35.033  3.273  -54.942 0.2857142985
128078  -34.910  4.061  -54.253 0.5714285970
65323  -27.869  -3.732  -48.756 0.4285714328
64375  -26.968  -3.790  -49.107 0.5714285970
66391  -29.179  -1.664  -49.079 0.5714285970
67441  -28.448  -1.475  -49.641 0.5714285970
68439  -31.784  -0.029  -49.304 0.7142857313
70633  -35.432  1.022  -53.944 0.4285714328
149922  -35.251  2.412  -53.945 0.4285714328
72863  -35.113  2.372  -55.691 0.4285714328
72851  -35.083  3.245  -53.906 0.4285714328
62113  -27.796  -6.344  -47.667 0.5714285970
66413  -34.737  -2.981  -51.393 0.4285714328
68469  -35.532  -1.092  -53.945 0.4285714328
68465  -34.977  -1.280  -53.152 0.4285714328
68479  -36.814  -0.716  -54.778 0.4285714328
69465  -35.667  0.074  -54.208 0.4285714328
58546  -28.285  -8.866  -42.408 0.1428571492
66423  -35.457  -2.924  -52.804 0.4285714328
67475  -36.020  -2.648  -53.526 0.4285714328
67481  -35.919  -1.869  -53.873 0.4285714328
60881  -29.521  -7.369  -43.601 0.1428571492
63201  -31.407  -4.989  -45.631 0.2857142985
66365  -35.625  -3.156  -48.753 0.2857142985
65342  -37.259  -3.893  -51.064 0.2857142985
66396  -36.231  -3.523  -50.704 0.2857142985
65301  -32.895  -3.647  -47.719 0.4285714328
65350  -37.012  -4.000  -51.912 0.2857142985
66406  -35.386  -3.350  -51.180 0.2857142985
66377  -33.915  -3.369  -49.536 0.2857142985
65357  -36.905  -3.855  -52.539 0.2857142985
66415  -36.191  -3.673  -52.349 0.4285714328
59652  -29.408  -8.137  -42.460 0.1428571492
60861  -29.226  -7.781  -43.073 0.1428571492
147185  -30.451  -6.539  -43.951 0.2857142985
62077  -30.372  -6.232  -44.675 0.2857142985
64324  -33.714  -3.916  -45.555 0.2857142985
65303  -34.829  -3.296  -46.970 0.2857142985
65302  -33.777  -3.364  -47.261 0.2857142985
125907  -32.425  -4.251  -46.192 0.2857142985
65311  -34.283  -3.203  -47.958 0.2857142985
60862  -29.952  -7.601  -42.798 0.1428571492
63195  -32.444  -5.171  -44.178 0.2857142985
60883  -30.936  -6.618  -43.366 0.2857142985
64310  -31.832  -5.069  -44.818 0.2857142985
62078  -30.969  -6.056  -44.029 0.2857142985
62076  -29.788  -6.815  -44.303 0.2857142985
135852  -32.466  -4.747  -44.781 0.2857142985
56408  -27.079  -11.392  -39.829 0.2857142985
58536  -28.395  -9.331  -41.662 0.1428571492
57525  -27.322  -10.323  -41.074 0.2857142985
58537  -29.309  -9.119  -41.400 0.1428571492
54119  -25.284  -13.427  -38.715 0.2857142985
54103  -25.766  -13.823  -37.999 0.2857142985
53065  -24.744  -14.111  -38.166 0.2857142985
152878  -27.804  -10.481  -40.521 0.2857142985
54104  -26.657  -13.704  -37.891 0.1428571492
142893  -24.724  -14.696  -37.529 0.1428571492
60882  -30.239  -7.016  -43.437 0.1428571492
62064  -31.616  -6.145  -43.376 0.2857142985
64323  -32.925  -4.316  -45.222 0.2857142985
65312  -35.241  -3.134  -47.909 0.2857142985
65289  -33.175  -3.750  -46.569 0.2857142985
66379  -36.172  -3.327  -49.676 0.2857142985
151533  -34.715  -3.119  -50.849 0.4285714328
66407  -36.237  -3.719  -51.573 0.2857142985
66425  -38.271  -2.854  -53.112 0.2857142985
68438  -28.406  -0.065  -50.578 0.7142857313
66433  -36.768  -2.970  -53.524 0.4285714328
72816  -30.563  3.559  -50.502 0.5714285970
71757  -35.273  1.863  -53.496 0.4285714328
71779  -35.474  1.687  -55.402 0.2857142985
72872  -35.076  2.315  -56.680 0.2857142985
142921  -34.718  4.176  -55.177 0.5714285970
137073  -34.339  6.906  -53.511 0.7142857313
81904  -30.782  12.840  -53.175 0.8571428657
148412  -28.122  16.656  -56.475 0.4285714328
84702  -28.477  16.121  -55.913 0.5714285970
84691  -29.814  15.990  -55.289 0.7142857313
138260  -34.525  4.679  -55.739 0.2857142985
82924  -32.390  13.378  -53.975 0.8571428657
154102  -30.581  15.934  -55.202 0.8571428657
127447  -33.870  10.918  -55.442 0.5714285970
84703  -33.182  15.321  -57.010 0.4285714328
86608  -32.292  16.958  -57.259 0.4285714328
90404  -25.222  21.988  -58.839 0.1428571492
86642  -32.323  17.446  -59.137 0.1428571492
54120  -26.208  -13.233  -38.509 0.1428571492
54134  -24.071  -13.440  -39.871 0.2857142985
135397  -27.756  -11.446  -39.497 0.1428571492
58522  -28.098  -9.987  -40.978 0.1428571492
59638  -28.936  -8.666  -42.068 0.1428571492
60841  -30.503  -7.781  -42.274 0.1428571492
127847  -31.528  -7.241  -42.299 0.1428571492
62090  -30.264  -5.922  -45.558 0.2857142985
155670  -33.056  -4.026  -45.858 0.2857142985
65341  -28.288  -2.975  -48.864 0.5714285970
64335  -32.285  -4.015  -47.253 0.2857142985
67440  -27.491  -1.674  -50.280 0.2857142985
65359  -38.239  -3.526  -52.408 0.2857142985
67476  -38.901  -1.992  -53.140 0.2857142985
69426  -29.237  0.223  -49.935 0.7142857313
69427  -30.186  0.458  -49.595 0.5714285970
69448  -27.647  0.943  -51.959 0.4285714328
69437  -28.809  0.762  -50.611 0.5714285970
66434  -37.522  -2.610  -53.634 0.4285714328
72839  -27.218  3.439  -53.384 0.2857142985
72828  -28.357  3.072  -52.026 0.5714285970
67483  -37.725  -1.682  -54.188 0.2857142985
67473  -34.805  -2.058  -52.736 0.4285714328
73893  -27.973  4.219  -52.841 0.2857142985
68480  -37.658  -0.815  -54.663 0.1428571492
69476  -36.437  0.613  -55.513 0.4285714328
70639  -35.721  0.907  -54.980 0.4285714328
70646  -36.928  1.078  -56.041 0.1428571492
78094  -32.866  8.503  -51.905 0.8571428657
70645  -36.105  1.252  -55.864 0.1428571492
73904  -34.698  4.730  -53.618 0.5714285970
73919  -34.537  3.976  -56.117 0.2857142985
75947  -34.472  6.597  -54.371 0.5714285970
140800  -34.261  8.744  -54.534 0.7142857313
82923  -31.643  13.799  -53.934 0.8571428657
75976  -33.943  6.427  -57.113 0.2857142985
77082  -33.971  7.215  -56.789 0.1428571492
88553  -24.615  19.640  -58.392 0.2857142985
79073  -34.155  8.977  -55.227 0.4285714328
77076  -34.186  7.546  -55.920 0.4285714328
79084  -33.672  9.341  -56.850 0.1428571492
83846  -33.222  14.201  -55.805 0.5714285970
79970  -33.618  10.123  -56.888 0.1428571492
81931  -33.583  12.735  -57.421 0.1428571492
90390  -24.869  21.121  -58.841 0.1428571492
84694  -32.444  15.629  -55.944 0.5714285970
131225  -33.626  11.848  -57.103 0.1428571492
84704  -33.389  15.038  -57.686 0.1428571492
87604  -30.529  19.150  -58.798 0.2857142985
86635  -31.759  18.028  -58.521 0.2857142985
85676  -32.843  16.506  -57.956 0.2857142985
85682  -33.182  15.985  -58.590 0.1428571492
84716  -33.071  15.569  -59.970 0.1428571492
84715  -32.851  16.227  -60.095 0.1428571492
88580  -30.583  19.607  -61.182 0.2857142985
88581  -31.146  19.136  -61.471 0.2857142985
138572  -31.477  18.600  -61.081 0.1428571492
87612  -31.934  17.911  -61.479 0.1428571492
55236  -28.663  -12.296  -38.540 0.1428571492
59618  -30.128  -8.935  -41.195 0.1428571492
141659  -37.032  -3.646  -50.219 0.2857142985
128520  -32.538  16.182  -61.535 0.1428571492
88584  -30.789  19.566  -61.958 0.2857142985
55234  -26.698  -12.515  -38.963 0.1428571492
56388  -27.352  -11.929  -39.216 0.1428571492
57515  -27.799  -10.916  -39.959 0.1428571492
59651  -28.629  -8.289  -42.906 0.1428571492
134379  -29.180  -7.300  -44.291 0.2857142985
153599  -29.714  -6.174  -45.984 0.4285714328
126947  -30.712  -5.365  -46.002 0.2857142985
148232  -32.740  -3.558  -48.530 0.4285714328
67442  -29.223  -1.115  -49.346 0.5714285970
147809  -29.670  -2.223  -48.687 0.4285714328
68429  -30.887  -0.189  -49.204 0.7142857313
77047  -34.053  7.212  -52.713 0.7142857313
73869  -31.649  4.412  -50.488 0.8571428657
74858  -31.124  5.021  -50.685 0.8571428657
77045  -32.869  7.722  -51.655 0.8571428657
79034  -31.418  9.439  -51.834 0.8571428657
154901  -30.124  17.686  -56.469 0.7142857313
88556  -27.144  18.823  -58.786 0.2857142985
145064  -28.497  19.745  -59.226 0.2857142985
89519  -26.126  19.502  -60.034 0.2857142985
71767  -35.079  2.703  -53.149 0.4285714328
60932  -27.677  -6.878  -47.355 0.5714285970
154621  -31.739  -4.608  -46.126 0.2857142985
66414  -35.395  -3.302  -51.942 0.4285714328
73868  -30.407  4.762  -50.924 0.5714285970
80876  -31.945  11.665  -52.663 0.8571428657
83829  -31.616  14.453  -54.425 0.8571428657
89520  -26.911  19.820  -59.933 0.2857142985
89518  -25.181  19.993  -60.147 0.2857142985
88564  -24.692  19.798  -59.408 0.2857142985
90424  -25.406  21.731  -60.676 0.2857142985
128139  -26.295  21.683  -62.245 0.2857142985
90415  -25.217  21.266  -60.023 0.1428571492
131526  -26.217  21.377  -61.249 0.2857142985
89531  -30.018  20.034  -61.019 0.2857142985
90431  -27.595  21.168  -61.977 0.2857142985
142997  -28.844  20.447  -60.738 0.2857142985
89522  -28.827  20.205  -59.933 0.2857142985
88575  -29.596  19.926  -59.855 0.2857142985
88570  -30.059  19.599  -59.392 0.2857142985
89535  -27.412  20.838  -61.143 0.2857142985
87605  -31.270  18.696  -59.085 0.2857142985
153709  -31.434  18.656  -60.541 0.1428571492
87608  -31.797  18.150  -60.501 0.1428571492
89521  -27.869  20.130  -59.849 0.2857142985
85695  -32.540  16.751  -60.627 0.1428571492
141975  -32.171  17.481  -60.823 0.1428571492
88577  -31.049  19.131  -60.598 0.1428571492
84708  -33.226  15.739  -57.781 0.1428571492
86606  -30.674  17.778  -56.779 0.5714285970
86627  -31.780  17.680  -57.710 0.4285714328
82954  -33.458  13.714  -58.681 0.1428571492
83847  -33.412  14.036  -56.422 0.1428571492
85681  -32.763  16.714  -58.831 0.2857142985
85667  -31.732  16.866  -56.490 0.5714285970
85651  -31.132  16.767  -55.932 0.7142857313
82933  -33.404  13.112  -55.008 0.4285714328
84683  -32.850  14.886  -55.797 0.5714285970
80908  -33.756  11.635  -54.992 0.5714285970
81914  -33.059  12.901  -54.249 0.7142857313
82932  -32.888  13.610  -54.650 0.7142857313
84682  -32.304  15.059  -55.272 0.7142857313
150990  -34.001  9.986  -55.341 0.5714285970
80888  -32.635  11.911  -53.175 0.8571428657
73882  -29.173  4.192  -51.672 0.5714285970
74872  -29.636  5.465  -51.558 0.5714285970
75937  -29.150  6.429  -52.049 0.4285714328
74887  -28.450  5.179  -52.527 0.4285714328
79036  -33.229  9.274  -52.466 0.8571428657
133641  -33.459  9.898  -53.057 0.8571428657
78110  -34.301  8.229  -54.049 0.4285714328
138291  -34.402  7.058  -55.160 0.5714285970
79954  -33.859  10.778  -54.671 0.8571428657
77056  -34.225  7.696  -53.400 0.7142857313
70587  -29.626  1.007  -50.089 0.7142857313
70600  -30.046  1.994  -50.229 0.7142857313
70610  -28.425  1.250  -51.299 0.4285714328
70611  -28.772  2.070  -51.291 0.5714285970
71743  -29.009  2.926  -51.386 0.5714285970
71742  -28.043  1.741  -51.925 0.4285714328
69458  -26.919  0.741  -52.444 0.2857142985
71729  -30.334  2.765  -50.344 0.7142857313
148037  -31.265  3.820  -50.351 0.8571428657
74898  -34.618  5.371  -54.025 0.5714285970
140025  -34.485  6.110  -53.682 0.7142857313
146898  -28.757  -2.237  -49.010 0.5714285970
65340  -27.385  -3.070  -49.356 0.5714285970
71768  -35.395  1.719  -54.438 0.4285714328
71786  -35.595  1.708  -56.353 0.2857142985
66395  -35.232  -3.267  -50.444 0.2857142985
67494  -37.022  -1.379  -54.494 0.4285714328
142173  -36.122  0.276  -54.901 0.4285714328
63193  -30.993  -5.546  -44.943 0.2857142985
66378  -34.958  -3.197  -49.578 0.2857142985
66364  -34.642  -3.154  -48.736 0.2857142985
146537  -33.849  -3.329  -48.769 0.2857142985
65366  -37.392  -3.499  -53.021 0.4285714328
59639  -29.728  -8.530  -41.826 0.1428571492
59653  -30.032  -8.068  -42.202 0.1428571492
65290  -34.155  -3.519  -46.306 0.2857142985
60863  -30.833  -7.243  -42.702 0.1428571492
63194  -31.687  -5.568  -44.085 0.2857142985
64311  -33.072  -4.722  -44.374 0.2857142985
53047  -26.316  -14.273  -37.422 0.1428571492
53046  -25.452  -14.436  -37.486 0.1428571492
150297  -27.368  -13.653  -37.789 0.1428571492
90391  -25.207  21.624  -58.109 0.1428571492
54121  -27.108  -13.176  -38.315 0.1428571492
56389  -28.138  -11.819  -39.020 0.1428571492
89492  -24.851  20.693  -57.963 0.1428571492
135707  -27.945  13.706  -54.927 0.5714285970
80897  -27.721  11.891  -54.396 0.4285714328
146636  -27.475  12.398  -54.734 0.4285714328
82928  -27.668  13.053  -54.820 0.5714285970
82921  -28.510  13.320  -54.398 0.5714285970
82929  -28.581  14.140  -54.751 0.4285714328
79912  -28.659  9.808  -53.138 0.4285714328
80885  -27.767  10.622  -53.933 0.4285714328
80886  -28.077  11.346  -53.890 0.5714285970
144333  -29.173  12.224  -53.488 0.5714285970
149121  -28.693  12.672  -53.965 0.5714285970
78090  -29.163  7.887  -52.236 0.5714285970
66408  -39.221  -3.269  -51.055 0.1428571492
147436  -38.206  -3.818  -51.748 0.1428571492
66417  -39.223  -2.643  -51.679 0.1428571492
58568  -26.170  -9.542  -44.769 0.2857142985
66397  -39.612  -3.216  -49.662 0.1428571492
141751  -39.299  -3.725  -50.396 0.1428571492
141734  -39.087  -1.481  -48.407 0.1428571492
67447  -39.522  -2.765  -50.341 0.1428571492
150892  -38.672  -0.446  -48.409 0.1428571492
57553  -25.465  -9.862  -44.797 0.2857142985
130144  -36.752  -3.733  -48.002 0.1428571492
65329  -38.397  -4.247  -49.434 0.1428571492
127767  -36.582  -3.456  -48.751 0.1428571492
65345  -39.378  -3.958  -49.819 0.1428571492
66380  -39.316  -2.144  -47.878 0.1428571492
65331  -39.571  -3.754  -49.209 0.1428571492
69380  -38.800  0.620  -44.930 0.1428571492
68413  -38.614  -0.603  -47.039 0.1428571492
69398  -38.488  0.660  -45.828 0.1428571492
57552  -25.118  -10.334  -44.308 0.2857142985
64313  -34.458  -4.229  -44.990 0.1428571492
65291  -35.252  -3.914  -45.759 0.1428571492
136802  -35.517  -3.696  -46.393 0.1428571492
65304  -35.965  -3.518  -47.252 0.1428571492
64365  -38.392  -4.478  -48.696 0.1428571492
65314  -37.568  -4.274  -48.059 0.1428571492
65315  -39.686  -3.743  -48.502 0.1428571492
66367  -39.625  -2.941  -47.775 0.1428571492
67405  -38.860  -1.404  -45.544 0.1428571492
132913  -38.773  -0.764  -45.030 0.1428571492
144571  -38.681  -0.771  -45.708 0.1428571492
57543  -25.048  -10.759  -43.581 0.2857142985
147159  -24.345  -10.949  -43.574 0.2857142985
56448  -23.844  -11.289  -43.083 0.2857142985
64293  -33.144  -5.237  -43.700 0.1428571492
139805  -35.011  -5.021  -44.047 0.1428571492
64296  -35.213  -4.642  -44.710 0.1428571492
65292  -35.825  -4.159  -45.973 0.1428571492
64349  -38.322  -4.816  -48.094 0.1428571492
65293  -36.298  -4.112  -46.557 0.1428571492
65306  -39.857  -3.943  -47.630 0.1428571492
66358  -39.097  -2.138  -46.149 0.1428571492
70527  -39.128  1.208  -44.519 0.1428571492
68372  -38.897  -0.112  -44.600 0.1428571492
126959  -32.450  -5.720  -43.390 0.1428571492
63180  -33.832  -5.378  -43.384 0.1428571492
155759  -33.870  -5.834  -42.932 0.1428571492
64314  -36.021  -5.049  -45.058 0.1428571492
63157  -35.163  -5.588  -43.532 0.1428571492
63203  -37.881  -6.077  -47.015 0.1428571492
64326  -35.643  -4.422  -45.411 0.1428571492
63227  -38.925  -5.427  -48.145 0.1428571492
63213  -37.153  -5.410  -46.438 0.1428571492
133537  -39.469  -5.258  -48.239 0.1428571492
66351  -39.102  -2.110  -45.136 0.1428571492
65294  -39.746  -3.685  -46.424 0.1428571492
68364  -39.010  -0.843  -44.243 0.1428571492
67387  -38.933  -1.355  -44.814 0.1428571492
62043  -33.510  -6.296  -42.528 0.1428571492
62041  -31.536  -6.741  -42.785 0.1428571492
62046  -35.934  -6.635  -43.321 0.1428571492
152696  -35.476  -6.180  -43.251 0.1428571492
63156  -34.439  -5.686  -43.151 0.1428571492
63183  -36.328  -5.902  -44.795 0.1428571492
62065  -35.861  -6.007  -43.829 0.1428571492
63181  -34.460  -5.152  -43.686 0.1428571492
62116  -39.443  -5.887  -48.002 0.1428571492
63216  -39.862  -5.481  -47.748 0.1428571492
64338  -40.052  -4.700  -47.023 0.1428571492
66352  -39.354  -2.874  -45.839 0.1428571492
126065  -39.845  -4.865  -47.950 0.1428571492
60884  -36.374  -7.395  -43.498 0.1428571492
151482  -35.414  -6.627  -42.777 0.1428571492
62024  -34.769  -6.733  -42.325 0.1428571492
62080  -37.289  -6.872  -45.861 0.1428571492
60894  -36.726  -7.391  -44.518 0.1428571492
62103  -38.611  -6.689  -47.414 0.1428571492
64328  -39.861  -4.259  -45.847 0.1428571492
62066  -36.358  -6.649  -44.125 0.1428571492
63182  -35.636  -5.338  -44.285 0.1428571492
64337  -37.563  -4.637  -47.544 0.1428571492
143333  -34.869  -3.554  -46.154 0.1428571492
68373  -39.220  -0.165  -43.970 0.1428571492
70516  -39.733  1.244  -43.850 0.1428571492
67419  -38.802  -1.267  -46.452 0.1428571492
65343  -37.915  -4.002  -50.230 0.1428571492
67458  -39.393  -2.434  -50.986 0.1428571492
127912  -25.111  -11.222  -42.621 0.2857142985
128598  -39.508  -3.490  -45.438 0.1428571492
66336  -39.235  -2.500  -44.397 0.1428571492
69362  -39.683  0.226  -43.433 0.1428571492
70528  -40.202  2.138  -44.056 0.1428571492
79031  -28.943  9.268  -52.741 0.4285714328
71661  -39.366  2.034  -44.616 0.1428571492
68386  -38.639  -0.106  -45.359 0.1428571492
70537  -38.742  1.472  -45.259 0.1428571492
142022  -38.486  -0.067  -47.601 0.1428571492
154591  -38.467  1.363  -45.896 0.1428571492
67457  -39.278  -1.694  -51.377 0.1428571492
127752  -38.893  -2.780  -52.436 0.1428571492
82939  -27.116  13.609  -55.465 0.4285714328
87615  -31.684  18.866  -62.785 0.1428571492
83845  -28.693  14.875  -55.104 0.4285714328
89543  -30.503  20.043  -62.491 0.1428571492
65352  -38.634  -3.875  -51.054 0.1428571492
64312  -33.726  -4.356  -44.666 0.1428571492
63155  -33.277  -5.743  -43.099 0.1428571492
62042  -32.220  -6.349  -42.795 0.1428571492
64294  -33.781  -4.848  -43.962 0.1428571492
65313  -36.042  -3.315  -48.090 0.1428571492
67484  -38.548  -1.254  -53.840 0.1428571492
152960  -38.126  -1.086  -54.331 0.1428571492
65328  -37.303  -3.741  -49.484 0.1428571492
65344  -38.767  -4.172  -50.190 0.1428571492
149160  -39.407  -2.083  -49.447 0.1428571492
66381  -39.591  -2.759  -48.699 0.1428571492
67446  -39.243  -1.571  -50.360 0.1428571492
152795  -38.699  -0.403  -48.825 0.1428571492
155452  -38.733  -0.804  -47.777 0.1428571492
65305  -36.878  -4.125  -47.326 0.1428571492
125699  -37.513  -3.960  -48.727 0.1428571492
65330  -39.204  -4.328  -49.496 0.1428571492
67426  -38.925  -1.417  -47.440 0.1428571492
66366  -39.205  -2.145  -47.084 0.1428571492
64367  -39.442  -4.249  -48.985 0.1428571492
68404  -38.545  -0.307  -46.185 0.1428571492
64295  -34.453  -4.634  -44.281 0.1428571492
64325  -34.585  -3.817  -45.628 0.1428571492
64350  -39.024  -4.935  -48.555 0.1428571492
64336  -37.059  -4.708  -46.832 0.1428571492
64351  -39.519  -4.602  -48.503 0.1428571492
66359  -39.499  -2.948  -46.812 0.1428571492
64327  -36.385  -4.747  -45.934 0.1428571492
63214  -37.977  -5.321  -47.457 0.1428571492
63154  -32.847  -6.117  -42.797 0.1428571492
62044  -34.271  -6.207  -42.652 0.1428571492
62045  -34.937  -6.148  -42.924 0.1428571492
63215  -38.789  -6.029  -47.751 0.1428571492
63202  -36.586  -5.449  -45.585 0.1428571492
62104  -39.342  -6.590  -47.765 0.1428571492
63204  -40.107  -4.985  -46.163 0.1428571492
62091  -37.108  -6.154  -45.882 0.1428571492
62079  -36.792  -6.729  -45.073 0.1428571492
51927  -22.482  -15.594  -38.412 0.1428571492
53064  -23.807  -14.270  -38.764 0.1428571492
51936  -22.264  -15.266  -38.961 0.1428571492
53063  -23.007  -14.913  -38.701 0.1428571492
53074  -23.131  -14.356  -39.431 0.1428571492
54133  -23.318  -13.893  -40.110 0.1428571492
54144  -23.647  -13.295  -40.807 0.1428571492
54150  -22.943  -13.160  -41.407 0.1428571492
55274  -23.228  -12.423  -41.859 0.1428571492
55264  -24.278  -12.624  -41.162 0.1428571492
55276  -24.717  -11.748  -42.088 0.1428571492
56429  -22.653  -12.068  -41.884 0.1428571492
55283  -23.632  -11.844  -42.392 0.1428571492
56440  -24.335  -11.641  -42.577 0.1428571492
57533  -22.456  -10.966  -42.672 0.1428571492
57534  -23.109  -10.884  -43.187 0.1428571492
124556  -23.988  -10.180  -44.333 0.1428571492
57542  -23.739  -10.650  -43.756 0.1428571492
58567  -24.636  -9.951  -44.728 0.2857142985
58579  -25.107  -9.454  -45.295 0.1428571492
58580  -26.469  -9.000  -45.378 0.1428571492
58578  -24.438  -9.334  -45.184 0.2857142985
59696  -26.401  -8.183  -46.372 0.2857142985
126966  -26.922  -5.096  -48.486 0.4285714328
64360  -27.456  -4.437  -48.589 0.4285714328
77041  -28.795  6.966  -52.406 0.2857142985
78107  -27.826  8.360  -53.484 0.2857142985
78108  -28.620  8.509  -52.811 0.2857142985
80906  -25.375  10.972  -55.960 0.2857142985
81918  -26.353  12.251  -55.435 0.2857142985
81919  -27.015  12.672  -55.157 0.2857142985
132570  -26.537  12.927  -55.546 0.4285714328
57551  -24.489  -10.536  -44.098 0.1428571492
58566  -23.743  -9.495  -44.749 0.1428571492
124875  -24.735  -8.882  -45.623 0.2857142985
59686  -26.124  -8.753  -45.859 0.1428571492
54143  -22.721  -13.719  -40.736 0.1428571492
55273  -22.437  -12.585  -41.559 0.1428571492
127438  -23.026  -10.383  -43.626 0.1428571492
58555  -23.311  -10.003  -44.115 0.1428571492
59684  -24.415  -8.250  -45.942 0.2857142985
59685  -25.437  -8.898  -45.742 0.2857142985
133182  -25.047  -8.462  -46.033 0.2857142985
59695  -25.658  -8.320  -46.212 0.2857142985
59697  -27.078  -8.029  -46.519 0.2857142985
60931  -26.926  -7.010  -47.298 0.4285714328
62112  -27.166  -6.404  -47.690 0.4285714328
62121  -26.041  -5.186  -48.562 0.2857142985
75936  -28.601  6.120  -52.514 0.2857142985
75945  -27.525  6.289  -53.662 0.2857142985
144431  -28.350  7.617  -52.901 0.2857142985
144323  -27.137  7.936  -54.151 0.2857142985
78120  -27.275  8.704  -54.103 0.2857142985
79930  -28.059  9.924  -53.584 0.2857142985
79938  -26.141  10.130  -55.184 0.2857142985
79071  -25.153  9.533  -55.997 0.2857142985
81912  -26.938  11.818  -54.910 0.2857142985
60917  -25.856  -7.702  -46.728 0.2857142985
75946  -28.143  6.672  -53.014 0.2857142985
77054  -27.643  7.300  -53.553 0.2857142985
74911  -26.858  5.835  -54.237 0.2857142985
77064  -26.284  7.705  -54.806 0.2857142985
78131  -25.967  8.684  -55.187 0.2857142985
79048  -27.629  9.251  -53.807 0.2857142985
79060  -27.020  9.343  -54.379 0.2857142985
79072  -25.740  9.468  -55.483 0.2857142985
142724  -27.180  10.549  -54.420 0.2857142985
143893  -25.664  7.228  -55.209 0.2857142985
77075  -25.006  7.368  -55.591 0.2857142985
78119  -26.661  8.636  -54.583 0.2857142985
63234  -27.462  -5.832  -47.993 0.4285714328
55275  -24.107  -12.250  -41.934 0.1428571492
53075  -23.737  -13.916  -39.442 0.1428571492
80895  -26.623  10.856  -54.916 0.2857142985
79939  -26.745  10.061  -54.624 0.2857142985
144365  -25.824  -9.333  -45.357 0.1428571492
54132  -22.540  -14.262  -40.048 0.1428571492
55263  -23.632  -12.801  -41.482 0.1428571492
56430  -23.047  -11.884  -42.197 0.1428571492
56438  -22.501  -11.562  -42.205 0.1428571492
56439  -23.107  -11.445  -42.655 0.1428571492
127760  -23.907  -8.715  -45.403 0.2857142985
62122  -26.618  -5.788  -48.088 0.4285714328
80907  -25.976  10.717  -55.472 0.2857142985
60930  -26.103  -7.048  -47.204 0.4285714328
131624  -25.502  8.019  -55.475 0.2857142985
140717  -26.106  -3.972  -49.354 0.2857142985
137438  -26.699  -4.389  -48.890 0.2857142985
66389  -27.000  -2.459  -50.076 0.2857142985
154846  -27.044  21.609  -65.141 0.1428571492
90455  -28.637  21.601  -64.951 0.1428571492
146633  -27.657  21.414  -63.582 0.1428571492
89547  -29.077  21.026  -62.879 0.1428571492
89542  -29.766  20.543  -62.406 0.1428571492
90462  -27.358  21.834  -65.940 0.1428571492
129346  -28.329  21.279  -63.279 0.1428571492
91349  -24.363  22.241  -63.875 0.1428571492
65339  -26.528  -3.192  -49.767 0.2857142985
66403  -26.206  -2.520  -50.408 0.2857142985
144885  -30.271  20.453  -63.020 0.1428571492
90456  -29.334  21.416  -64.855 0.1428571492
89548  -29.764  20.878  -63.349 0.1428571492
89537  -29.411  20.431  -61.407 0.1428571492
90437  -26.923  21.468  -62.537 0.1428571492
147134  -29.029  20.818  -62.083 0.1428571492
90444  -26.278  21.458  -64.061 0.1428571492
90442  -24.827  21.726  -64.337 0.1428571492
90443  -25.531  21.587  -63.817 0.1428571492
90428  -25.177  22.167  -62.579 0.1428571492
91340  -24.817  22.555  -62.238 0.1428571492
90436  -25.634  21.833  -62.914 0.1428571492
89541  -28.361  21.086  -62.399 0.1428571492
90445  -27.186  21.510  -64.292 0.1428571492
90461  -26.364  21.680  -65.773 0.1428571492
131039  -28.117  21.462  -64.154 0.1428571492
90438  -27.648  21.332  -62.849 0.1428571492
130666  -25.930  22.307  -66.948 0.1428571492
132955  -26.982  21.500  -63.408 0.1428571492
90446  -29.055  21.323  -63.931 0.1428571492
75956  -25.660  5.853  -55.045 0.1428571492
75957  -26.153  6.490  -54.807 0.1428571492
78129  -24.680  8.295  -55.967 0.1428571492
78127  -21.878  8.815  -55.551 0.1428571492
78139  -22.777  9.227  -56.301 0.1428571492
74897  -27.430  5.311  -53.705 0.1428571492
78142  -24.788  9.032  -56.153 0.1428571492
79960  -22.614  10.305  -56.432 0.1428571492
140644  -22.928  10.926  -56.579 0.1428571492
137822  -22.196  10.979  -56.274 0.2857142985
147025  -28.039  0.427  -51.328 0.2857142985
68453  -27.240  0.206  -51.889 0.1428571492
73912  -26.726  4.700  -54.171 0.1428571492
139133  -34.381  5.375  -56.080 0.1428571492
75968  -25.363  6.553  -55.275 0.1428571492
79952  -24.892  10.179  -56.183 0.1428571492
80919  -24.797  11.660  -56.311 0.1428571492
80918  -23.717  11.440  -56.573 0.1428571492
80917  -22.705  11.645  -56.441 0.2857142985
144573  -24.761  13.081  -56.366 0.2857142985
85662  -24.789  16.096  -56.814 0.2857142985
84689  -23.557  15.469  -56.040 0.2857142985
85648  -24.562  16.969  -56.607 0.2857142985
87556  -24.232  18.992  -53.965 0.1428571492
82938  -26.292  13.365  -55.866 0.2857142985
81924  -24.302  12.389  -56.478 0.2857142985
137567  -25.496  14.158  -56.527 0.2857142985
84700  -26.944  15.773  -56.731 0.2857142985
83852  -24.854  14.642  -56.693 0.2857142985
83851  -23.926  14.738  -56.408 0.2857142985
85674  -26.536  16.341  -57.199 0.2857142985
84697  -24.395  15.436  -56.563 0.2857142985
86603  -24.616  17.888  -56.871 0.1428571492
85646  -22.830  16.953  -55.020 0.2857142985
88531  -25.199  20.006  -56.359 0.1428571492
84688  -22.701  15.492  -55.521 0.1428571492
84687  -22.234  14.752  -55.488 0.1428571492
85647  -23.212  16.230  -55.553 0.2857142985
86590  -24.307  17.767  -55.986 0.1428571492
126279  -23.788  17.061  -55.583 0.2857142985
87560  -24.298  18.448  -55.415 0.1428571492
86589  -23.320  17.624  -54.804 0.1428571492
79950  -21.063  10.692  -55.280 0.2857142985
85637  -22.194  16.946  -54.450 0.1428571492
87550  -24.211  18.811  -53.073 0.1428571492
86585  -23.046  17.929  -53.961 0.1428571492
79907  -19.565  10.914  -51.541 0.1428571492
153429  -33.880  5.205  -57.475 0.1428571492
71793  -35.920  1.914  -57.194 0.1428571492
142560  -27.292  2.701  -53.063 0.1428571492
72861  -26.278  3.785  -54.257 0.1428571492
132989  -34.157  4.040  -57.623 0.1428571492
132602  -25.943  4.473  -54.604 0.1428571492
74920  -24.332  5.833  -55.469 0.1428571492
75966  -23.806  6.683  -55.656 0.1428571492
130741  -22.408  8.234  -55.684 0.1428571492
79083  -24.509  9.568  -56.308 0.1428571492
79951  -21.324  9.996  -55.409 0.1428571492
135970  -24.441  10.776  -56.412 0.1428571492
80916  -21.499  11.095  -55.732 0.2857142985
82945  -23.971  13.289  -56.491 0.1428571492
140762  -24.227  14.100  -56.513 0.2857142985
83841  -22.524  14.036  -55.867 0.1428571492
145043  -22.388  17.510  -53.807 0.1428571492
86584  -22.678  17.399  -54.421 0.1428571492
87559  -23.791  18.429  -54.531 0.1428571492
87566  -24.609  18.455  -56.224 0.1428571492
87555  -23.569  18.506  -53.499 0.1428571492
133566  -24.514  18.987  -54.819 0.1428571492
72871  -34.632  3.142  -56.823 0.1428571492
73927  -34.299  3.945  -56.912 0.1428571492
72879  -34.533  3.322  -57.671 0.1428571492
84699  -26.067  15.672  -56.959 0.2857142985
85673  -25.834  16.392  -57.380 0.2857142985
83843  -27.220  14.638  -55.890 0.2857142985
71755  -27.738  2.369  -52.476 0.1428571492
134143  -26.661  1.265  -52.940 0.1428571492
83855  -27.311  15.330  -56.242 0.2857142985
74886  -27.853  4.969  -53.177 0.1428571492
70650  -36.473  1.532  -56.616 0.1428571492
82948  -26.322  14.145  -56.199 0.2857142985
81917  -25.615  11.929  -55.834 0.1428571492
82937  -25.911  12.734  -55.834 0.1428571492
74910  -26.150  5.395  -54.648 0.1428571492
75967  -24.621  6.616  -55.556 0.1428571492
77074  -24.173  7.491  -55.855 0.1428571492
74908  -24.081  5.228  -55.264 0.1428571492
74909  -25.497  5.116  -54.970 0.1428571492
77081  -23.727  8.348  -56.139 0.1428571492
78128  -22.849  8.608  -56.113 0.1428571492
79080  -22.366  9.681  -56.214 0.1428571492
79081  -23.056  9.700  -56.486 0.1428571492
73892  -27.361  4.405  -53.567 0.1428571492
79959  -21.777  10.311  -55.932 0.1428571492
79961  -23.529  10.389  -56.577 0.1428571492
72850  -26.517  3.158  -53.900 0.1428571492
81925  -25.163  12.525  -56.190 0.2857142985
81923  -23.317  12.406  -56.485 0.2857142985
82946  -24.824  13.789  -56.522 0.2857142985
82947  -25.543  13.408  -56.220 0.2857142985
85661  -24.071  16.191  -56.181 0.2857142985
88516  -24.771  19.138  -53.567 0.1428571492
83854  -26.622  15.058  -56.465 0.2857142985
83853  -25.795  14.835  -56.684 0.2857142985
84698  -25.224  15.434  -56.889 0.2857142985
83842  -23.026  14.758  -55.959 0.1428571492
89477  -25.249  20.645  -56.969 0.1428571492
81922  -22.377  12.467  -56.143 0.1428571492
83850  -23.420  14.032  -56.321 0.2857142985
59682  -22.574  -8.197  -45.056 0.1428571492
60916  -24.944  -7.789  -46.478 0.1428571492
62088  -22.021  -6.739  -45.786 0.1428571492
62099  -22.605  -6.379  -46.473 0.1428571492
63209  -22.940  -5.870  -47.037 0.1428571492
62101  -24.326  -6.995  -46.867 0.1428571492
63222  -23.370  -5.438  -47.618 0.1428571492
60929  -25.228  -7.066  -47.081 0.1428571492
63231  -23.790  -5.065  -48.111 0.1428571492
63223  -24.923  -5.748  -48.023 0.1428571492
134158  -26.352  -6.397  -47.644 0.1428571492
63233  -25.212  -5.131  -48.532 0.1428571492
62111  -25.763  -5.772  -48.079 0.1428571492
63232  -24.414  -5.072  -48.371 0.1428571492
64358  -25.566  -4.539  -48.985 0.1428571492
64374  -25.243  -3.825  -49.439 0.1428571492
66404  -26.649  -1.807  -50.753 0.1428571492
152757  -21.098  11.214  -55.338 0.1428571492
60918  -26.667  -7.632  -46.880 0.1428571492
60903  -22.442  -7.544  -45.486 0.1428571492
60915  -23.403  -6.877  -46.545 0.1428571492
84678  -22.381  16.266  -55.102 0.1428571492
67454  -27.141  -1.082  -51.045 0.1428571492
64359  -26.237  -4.649  -48.888 0.1428571492
133337  -23.758  -8.040  -45.804 0.1428571492
59683  -23.159  -8.149  -45.468 0.1428571492
60905  -24.020  -7.584  -46.276 0.1428571492
60914  -22.733  -7.034  -46.082 0.1428571492
62098  -21.751  -5.975  -46.129 0.1428571492
153703  -23.172  -6.341  -46.826 0.1428571492
62100  -23.708  -6.240  -47.217 0.1428571492
62109  -24.142  -5.646  -47.826 0.1428571492
62110  -24.630  -6.364  -47.469 0.1428571492
64345  -23.151  -4.704  -48.004 0.1428571492
149256  -25.496  -6.396  -47.585 0.1428571492
63221  -22.466  -5.089  -47.312 0.1428571492
60891  -21.906  -7.882  -44.770 0.1428571492
56441  -24.549  -11.219  -43.123 0.2857142985
58581  -26.775  -8.505  -45.958 0.2857142985
60904  -23.249  -7.542  -45.958 0.1428571492
64322  -32.118  -4.627  -45.438 0.2857142985
64364  -31.419  -3.853  -48.065 0.7142857313
64366  -39.056  -4.513  -49.000 0.1428571492
65277  -35.038  -4.177  -45.269 0.1428571492
65310  -33.421  -3.431  -48.269 0.2857142985
65351  -37.824  -3.932  -51.481 0.2857142985
65358  -37.591  -3.917  -52.192 0.2857142985
66316  -39.108  -1.678  -44.182 0.1428571492
66416  -38.787  -3.416  -51.733 0.1428571492
66424  -36.391  -3.427  -53.060 0.4285714328
66435  -38.269  -2.129  -53.652 0.4285714328
67456  -34.203  -2.244  -51.398 0.7142857313
67474  -35.371  -2.012  -53.378 0.4285714328
67482  -36.711  -2.160  -54.068 0.4285714328
68464  -34.605  -1.256  -52.383 0.4285714328
68470  -36.281  -1.320  -54.369 0.4285714328
68471  -38.333  -0.529  -54.368 0.1428571492
68478  -36.128  -0.475  -54.589 0.4285714328
69371  -39.212  0.529  -44.177 0.1428571492
70590  -32.154  1.554  -49.686 0.7142857313
70612  -34.462  1.611  -51.388 0.8571428657
71720  -31.805  2.222  -49.819 0.8571428657
71754  -27.057  1.963  -53.108 0.1428571492
71766  -26.744  2.551  -53.506 0.1428571492
71778  -26.004  3.114  -54.216 0.1428571492
72815  -29.775  3.251  -50.844 0.5714285970
72818  -33.072  3.553  -50.501 0.8571428657
72852  -35.249  2.457  -54.734 0.4285714328
72860  -25.576  3.653  -54.527 0.1428571492
73870  -32.575  4.376  -50.547 0.8571428657
73881  -28.624  4.478  -52.221 0.2857142985
73883  -29.779  4.837  -51.351 0.5714285970
73903  -26.823  3.874  -53.881 0.1428571492
73911  -25.342  4.407  -54.839 0.1428571492
73918  -24.786  4.944  -55.180 0.1428571492
74919  -23.581  5.886  -55.381 0.1428571492
74921  -25.054  5.794  -55.312 0.1428571492
74928  -34.121  4.773  -57.065 0.1428571492
75922  -29.101  5.738  -51.985 0.4285714328
75935  -28.003  5.751  -53.111 0.2857142985
75958  -26.932  6.922  -54.198 0.2857142985
77042  -29.507  7.069  -51.888 0.8571428657
77044  -31.397  8.147  -51.489 1.0000000000
77046  -33.512  7.680  -52.133 0.8571428657
77071  -21.875  8.124  -55.185 0.1428571492
78092  -30.939  8.720  -51.634 1.0000000000
78109  -34.080  8.426  -53.273 0.7142857313
78130  -25.329  8.833  -55.785 0.1428571492
78132  -34.038  8.390  -55.892 0.1428571492
78140  -23.378  9.081  -56.360 0.1428571492
78141  -24.146  8.989  -56.286 0.1428571492
78144  -33.790  8.574  -56.692 0.1428571492
79049  -28.298  9.184  -53.272 0.4285714328
79050  -33.864  9.690  -53.782 0.8571428657
79051  -34.165  8.967  -53.870 0.7142857313
79059  -26.347  9.405  -54.888 0.2857142985
79061  -34.109  9.423  -54.520 0.7142857313
79068  -21.020  9.958  -54.979 0.1428571492
79082  -23.800  9.626  -56.485 0.1428571492
79929  -27.406  9.964  -54.140 0.2857142985
79940  -33.628  10.564  -53.736 0.8571428657
79953  -25.551  10.171  -55.735 0.2857142985
79962  -24.238  10.092  -56.472 0.1428571492
80874  -30.142  11.485  -52.728 0.8571428657
80877  -32.623  11.237  -52.773 0.8571428657
80896  -27.373  11.188  -54.415 0.2857142985
81892  -29.816  12.003  -53.051 1.0000000000
81895  -32.058  12.354  -53.039 0.8571428657
81902  -28.384  12.055  -53.914 0.5714285970
81905  -31.691  13.028  -53.361 0.8571428657
81913  -28.082  12.559  -54.390 0.5714285970
82940  -33.206  13.745  -55.280 0.5714285970
82941  -33.498  13.386  -55.898 0.4285714328
82949  -33.546  13.464  -56.853 0.1428571492
83828  -30.896  14.196  -54.104 1.0000000000
83837  -32.149  14.621  -54.784 0.7142857313
83838  -32.743  14.335  -55.118 0.8571428657
83844  -27.924  14.380  -55.298 0.4285714328
83857  -33.431  14.384  -57.174 0.1428571492
83860  -33.489  14.427  -58.114 0.1428571492
84680  -30.342  15.378  -54.862 0.8571428657
84701  -27.707  15.933  -56.335 0.2857142985
84712  -33.304  15.389  -59.199 0.1428571492
85663  -25.422  16.018  -57.109 0.2857142985
85668  -32.373  16.299  -56.542 0.4285714328
85688  -32.667  16.819  -59.695 0.1428571492
85689  -33.032  16.137  -59.408 0.2857142985
85701  -32.409  16.721  -62.056 0.1428571492
86607  -31.505  17.493  -56.978 0.5714285970
86626  -30.428  18.386  -57.413 0.7142857313
87596  -25.230  18.370  -58.872 0.4285714328
87599  -29.230  19.154  -58.087 0.2857142985
87600  -31.011  18.564  -58.135 0.4285714328
88523  -24.984  19.284  -54.285 0.1428571492
88558  -29.729  19.426  -58.672 0.2857142985
88576  -30.245  19.692  -60.310 0.2857142985
88585  -31.110  19.543  -62.692 0.2857142985
90454  -27.792  21.668  -65.038 0.1428571492
91344  -24.085  22.719  -63.482 0.1428571492
124506  -30.232  13.198  -53.504 0.8571428657
124627  -30.468  16.518  -55.564 0.7142857313
127283  -38.590  -0.008  -48.839 0.1428571492
128014  -32.872  16.143  -57.165 0.2857142985
129783  -31.395  18.703  -59.980 0.1428571492
132867  -22.315  9.091  -56.016 0.1428571492
134144  -34.707  4.726  -54.408 0.5714285970
136453  -29.252  8.721  -52.363 0.2857142985
136488  -34.080  5.684  -56.971 0.4285714328
138070  -26.151  11.424  -55.430 0.2857142985
138125  -38.155  -3.931  -50.814 0.1428571492
139222  -33.497  12.362  -54.668 0.7142857313
139279  -26.241  21.608  -63.182 0.1428571492
139880  -21.889  11.721  -56.004 0.1428571492
140824  -21.820  14.590  -55.284 0.1428571492
143017  -30.993  10.137  -52.092 0.8571428657
144048  -35.316  0.438  -53.418 0.5714285970
147093  -29.847  1.508  -50.154 0.7142857313
149400  -33.820  9.847  -56.257 0.2857142985
149673  -34.376  4.565  -56.367 0.1428571492
151017  -29.378  3.601  -51.336 0.5714285970
151411  -32.171  5.181  -50.677 0.8571428657
151787  -31.672  15.066  -54.858 0.7142857313
152014  -32.395  10.047  -52.206 0.8571428657
153952  -22.351  8.695  -55.870 0.1428571492
154250  -31.456  18.121  -57.931 0.2857142985
154477  -29.170  16.295  -55.646 0.8571428657
154524  -32.926  15.269  -56.348 0.4285714328
154777  -23.895  17.886  -55.263 0.1428571492
156242  -33.547  11.879  -54.427 0.7142857313
