#!ascii label  , from subject NIHPD_75_135 vox2ras=TkReg
1225
58148  19.775  -7.168  37.623 0.0000000000
60389  33.222  -4.204  43.026 0.0000000000
75642  40.812  8.261  13.281 0.0000000000
67060  30.815  0.929  24.272 0.0000000000
63724  35.372  -2.528  34.144 0.0000000000
142599  53.722  15.672  2.965 0.0000000000
72539  41.141  5.563  18.349 0.0000000000
70302  36.189  3.601  17.083 0.0000000000
55952  15.081  -8.912  37.880 0.0000000000
61560  26.597  -3.807  40.509 0.0000000000
150652  30.097  -4.223  37.164 0.0000000000
60505  21.856  -5.541  33.775 0.0000000000
78819  47.564  11.507  8.112 0.0000000000
139960  22.748  -4.760  43.988 0.0000000000
55884  18.747  -7.191  43.075 0.0000000000
76726  46.517  10.438  13.598 0.0000000000
55898  12.931  -8.690  43.184 0.0000000000
52700  9.239  -12.632  44.110 0.0000000000
128180  34.366  4.824  22.830 0.0000000000
65883  32.886  -0.955  30.426 0.0000000000
60567  34.069  -6.100  28.406 0.0000000000
59388  31.741  -6.084  32.578 0.0000000000
71404  40.878  5.315  20.392 0.0000000000
156115  38.563  4.396  17.618 0.0000000000
71407  38.394  5.140  20.224 0.0000000000
73517  43.333  6.362  20.586 0.0000000000
55989  18.883  -8.761  34.931 0.0000000000
54947  16.414  -10.119  35.062 0.0000000000
55964  17.935  -8.246  37.573 0.0000000000
60433  22.215  -4.330  39.989 0.0000000000
147009  24.231  -3.649  37.104 0.0000000000
59352  20.791  -5.919  35.935 0.0000000000
57176  19.687  -8.779  33.563 0.0000000000
76769  41.770  9.123  10.854 0.0000000000
75617  43.428  8.729  15.915 0.0000000000
76740  43.511  9.528  13.501 0.0000000000
76758  44.373  10.281  11.282 0.0000000000
57009  18.023  -7.341  46.466 0.0000000000
57060  15.524  -7.438  43.213 0.0000000000
57028  14.642  -7.590  45.925 0.0000000000
53726  9.194  -10.230  48.863 0.0000000000
53758  10.024  -10.330  46.152 0.0000000000
51652  8.446  -12.108  46.546 0.0000000000
50578  7.117  -14.587  46.485 0.0000000000
50560  6.141  -14.428  48.890 0.0000000000
69106  33.372  0.731  32.398 0.0000000000
64792  34.135  -1.516  32.448 0.0000000000
63765  34.163  -3.196  29.401 0.0000000000
61706  35.627  -4.350  30.776 0.0000000000
61664  27.596  -3.825  33.355 0.0000000000
60489  30.576  -4.969  34.254 0.0000000000
60535  28.840  -5.188  31.638 0.0000000000
59430  29.604  -6.526  29.216 0.0000000000
69195  32.143  2.860  24.035 0.0000000000
69230  32.594  3.421  20.609 0.0000000000
67093  30.519  0.386  20.890 0.0000000000
128811  57.242  16.872  0.597 0.0000000000
82677  54.814  15.725  1.034 0.0000000000
73568  41.018  6.863  16.473 0.0000000000
155150  38.870  5.458  15.772 0.0000000000
74573  43.479  7.680  18.510 0.0000000000
59282  29.988  -4.576  41.980 0.0000000000
149716  31.286  -4.246  39.900 0.0000000000
61572  28.461  -4.028  39.087 0.0000000000
139315  25.799  -3.534  35.656 0.0000000000
61685  23.428  -4.578  32.369 0.0000000000
78796  49.557  11.956  10.773 0.0000000000
79788  50.246  12.916  8.725 0.0000000000
80724  50.345  13.593  5.984 0.0000000000
81682  51.671  14.089  3.003 0.0000000000
58128  20.629  -5.790  40.591 0.0000000000
57104  19.551  -6.967  40.075 0.0000000000
146737  21.058  -5.755  43.073 0.0000000000
129034  24.573  -3.951  42.650 0.0000000000
137339  46.855  10.765  10.994 0.0000000000
144407  17.156  -7.499  40.258 0.0000000000
55924  14.077  -8.791  40.384 0.0000000000
54881  12.110  -10.891  40.955 0.0000000000
57015  12.219  -8.371  46.399 0.0000000000
53784  10.664  -10.432  43.647 0.0000000000
48405  4.795  -15.777  49.818 0.0000000000
72482  37.379  5.959  22.717 0.0000000000
131267  32.407  2.432  26.801 0.0000000000
140133  32.773  2.229  29.958 0.0000000000
67016  31.349  0.354  26.960 0.0000000000
63779  32.313  -2.461  27.662 0.0000000000
61761  33.662  -4.832  26.401 0.0000000000
59469  32.554  -6.426  26.379 0.0000000000
138272  32.713  -4.442  38.073 0.0000000000
59348  34.370  -5.123  34.848 0.0000000000
60517  35.254  -5.860  32.317 0.0000000000
59426  33.272  -6.872  30.175 0.0000000000
132896  30.860  -6.735  27.523 0.0000000000
154915  35.237  4.725  19.911 0.0000000000
70305  33.251  2.703  17.474 0.0000000000
72505  40.781  5.763  21.477 0.0000000000
71406  39.159  5.104  20.162 0.0000000000
72507  39.204  5.687  21.449 0.0000000000
72504  42.240  5.862  21.250 0.0000000000
57153  19.255  -7.994  36.429 0.0000000000
55978  18.435  -8.468  36.083 0.0000000000
55949  19.001  -8.047  37.625 0.0000000000
59331  20.416  -6.230  38.095 0.0000000000
59330  20.925  -5.544  37.741 0.0000000000
144188  20.063  -6.939  36.925 0.0000000000
57160  19.634  -7.703  36.044 0.0000000000
75648  41.432  8.757  12.682 0.0000000000
75630  42.469  8.479  14.939 0.0000000000
75639  43.183  9.020  14.393 0.0000000000
75647  42.218  8.985  13.238 0.0000000000
151285  42.894  9.519  12.251 0.0000000000
52645  8.161  -11.157  48.666 0.0000000000
153489  8.892  -11.022  47.492 0.0000000000
154273  7.716  -12.121  47.667 0.0000000000
50567  7.398  -13.632  46.801 0.0000000000
51637  7.061  -13.349  47.671 0.0000000000
49524  6.468  -14.888  47.731 0.0000000000
65852  34.248  -0.689  33.623 0.0000000000
137179  34.870  -2.088  33.240 0.0000000000
63741  34.934  -3.103  31.498 0.0000000000
63735  35.211  -3.358  32.858 0.0000000000
142633  33.906  -3.715  41.970 0.0000000000
138894  26.792  -4.053  32.352 0.0000000000
61680  28.583  -4.422  32.785 0.0000000000
61709  27.246  -4.602  30.939 0.0000000000
60559  27.705  -5.129  29.595 0.0000000000
68179  31.135  1.646  23.869 0.0000000000
68197  31.047  1.719  21.937 0.0000000000
82654  53.286  15.833  4.951 0.0000000000
83614  54.667  16.692  4.803 0.0000000000
144144  55.145  16.475  2.857 0.0000000000
83629  55.391  16.380  2.073 0.0000000000
150716  54.472  15.745  1.684 0.0000000000
156588  41.089  6.466  17.074 0.0000000000
73570  39.839  6.431  15.739 0.0000000000
72553  40.119  5.448  17.057 0.0000000000
70289  37.512  4.115  17.918 0.0000000000
70316  37.476  3.918  16.636 0.0000000000
70334  36.277  3.392  16.267 0.0000000000
72523  42.150  5.853  19.413 0.0000000000
73539  42.250  6.782  18.123 0.0000000000
73550  42.062  7.214  17.279 0.0000000000
55980  15.431  -9.637  36.342 0.0000000000
54921  13.768  -10.200  37.844 0.0000000000
60417  28.992  -4.380  41.027 0.0000000000
131075  29.354  -4.374  40.457 0.0000000000
155775  27.346  -3.884  39.928 0.0000000000
127984  23.109  -3.987  35.774 0.0000000000
131488  25.124  -3.567  36.547 0.0000000000
61650  23.729  -4.048  34.334 0.0000000000
147310  24.685  -3.817  33.627 0.0000000000
61667  22.780  -4.971  32.816 0.0000000000
135995  21.279  -6.500  32.917 0.0000000000
62773  31.406  -3.417  24.665 0.0000000000
78805  48.601  11.809  9.510 0.0000000000
148983  49.927  12.397  9.793 0.0000000000
79790  48.765  12.223  8.128 0.0000000000
79803  49.193  12.633  5.995 0.0000000000
80731  49.723  12.965  4.570 0.0000000000
80737  50.924  13.990  4.515 0.0000000000
133747  21.380  -5.133  41.990 0.0000000000
58120  20.630  -5.778  41.422 0.0000000000
58104  21.490  -5.484  43.404 0.0000000000
60392  24.196  -4.246  43.339 0.0000000000
60407  22.699  -4.203  41.733 0.0000000000
135176  48.108  11.088  11.557 0.0000000000
77808  46.664  10.679  11.809 0.0000000000
77824  44.908  10.507  9.899 0.0000000000
142404  18.972  -7.195  41.326 0.0000000000
55922  18.257  -7.654  39.712 0.0000000000
55897  17.771  -7.371  41.203 0.0000000000
57061  14.497  -7.690  43.411 0.0000000000
57092  14.471  -7.990  41.680 0.0000000000
57109  13.668  -8.546  41.881 0.0000000000
146496  12.952  -9.966  40.904 0.0000000000
55911  12.715  -9.578  41.967 0.0000000000
57005  11.959  -8.107  47.809 0.0000000000
137579  9.609  -11.203  44.940 0.0000000000
53771  10.003  -10.524  45.220 0.0000000000
53772  9.808  -11.413  44.075 0.0000000000
53797  10.498  -11.906  42.373 0.0000000000
70241  33.285  3.686  25.853 0.0000000000
66991  33.150  -0.182  31.602 0.0000000000
68104  32.892  1.434  31.200 0.0000000000
68116  32.398  0.848  29.914 0.0000000000
68130  32.204  1.188  29.067 0.0000000000
135579  32.058  -0.295  28.793 0.0000000000
65894  31.852  -0.940  28.193 0.0000000000
65888  32.335  -1.197  29.023 0.0000000000
155354  34.622  -4.186  28.467 0.0000000000
62738  34.089  -4.098  27.654 0.0000000000
153029  34.388  -5.061  27.448 0.0000000000
59468  33.085  -5.927  25.747 0.0000000000
60587  33.440  -5.955  26.899 0.0000000000
60443  30.852  -4.374  38.715 0.0000000000
138022  32.475  -4.231  39.016 0.0000000000
59342  31.521  -4.599  37.356 0.0000000000
59376  31.085  -5.513  33.086 0.0000000000
140696  32.918  -5.562  35.206 0.0000000000
59374  33.415  -6.216  33.566 0.0000000000
59372  34.696  -5.744  33.507 0.0000000000
59387  33.708  -6.489  32.748 0.0000000000
60533  34.427  -6.528  31.131 0.0000000000
59403  32.878  -6.900  31.464 0.0000000000
60588  28.650  -6.088  27.973 0.0000000000
59439  30.466  -6.786  28.416 0.0000000000
146420  35.978  5.525  22.609 0.0000000000
142555  35.903  5.284  21.151 0.0000000000
156160  34.491  4.747  21.675 0.0000000000
69246  31.860  2.086  18.658 0.0000000000
150753  32.824  3.124  18.844 0.0000000000
83640  57.923  16.898  0.072 0.0000000000
71441  41.033  5.184  19.509 0.0000000000
71462  40.040  4.792  18.252 0.0000000000
150039  40.041  4.881  19.372 0.0000000000
127173  38.309  4.487  18.790 0.0000000000
71446  36.861  4.169  18.287 0.0000000000
73510  43.462  6.416  21.656 0.0000000000
71402  42.306  5.758  20.670 0.0000000000
55991  17.249  -9.283  35.112 0.0000000000
55979  17.053  -8.761  36.003 0.0000000000
57146  16.479  -8.442  37.487 0.0000000000
61576  24.518  -3.614  40.185 0.0000000000
61575  25.883  -3.552  38.959 0.0000000000
146913  23.394  -3.788  38.557 0.0000000000
60466  21.685  -4.710  36.637 0.0000000000
132187  21.272  -5.481  35.342 0.0000000000
59379  20.849  -6.777  33.715 0.0000000000
58160  20.225  -7.236  35.106 0.0000000000
57168  19.392  -8.612  34.404 0.0000000000
78820  46.679  11.152  7.833 0.0000000000
59239  22.688  -4.758  44.653 0.0000000000
76715  44.632  9.591  15.623 0.0000000000
76728  44.675  9.692  14.810 0.0000000000
125443  44.770  9.986  13.234 0.0000000000
76747  45.015  10.248  12.431 0.0000000000
132905  43.856  10.020  11.822 0.0000000000
131530  43.142  9.792  11.190 0.0000000000
134064  17.945  -7.249  44.724 0.0000000000
128741  17.289  -7.385  42.520 0.0000000000
134236  16.598  -7.432  44.761 0.0000000000
157432  15.721  -7.387  44.714 0.0000000000
57045  13.392  -8.110  44.632 0.0000000000
54796  10.200  -9.366  47.806 0.0000000000
138465  9.637  -10.023  47.589 0.0000000000
52674  9.240  -11.345  46.211 0.0000000000
52688  8.968  -12.442  44.951 0.0000000000
157549  8.122  -13.729  45.449 0.0000000000
66980  33.441  -0.132  32.287 0.0000000000
65877  33.278  -0.944  31.297 0.0000000000
64828  33.176  -1.805  30.096 0.0000000000
64816  34.005  -2.309  31.120 0.0000000000
62720  34.658  -3.375  30.037 0.0000000000
61721  35.214  -4.648  29.398 0.0000000000
61617  28.880  -3.861  35.333 0.0000000000
60476  30.514  -4.592  35.259 0.0000000000
61647  29.173  -4.390  33.276 0.0000000000
60503  29.798  -4.943  32.774 0.0000000000
137203  30.019  -5.581  31.950 0.0000000000
59405  30.758  -6.511  31.307 0.0000000000
60545  29.280  -5.831  30.999 0.0000000000
60570  28.139  -5.640  28.501 0.0000000000
70256  33.356  4.090  23.636 0.0000000000
134631  33.535  4.186  21.712 0.0000000000
69215  32.101  3.025  22.292 0.0000000000
68205  31.110  1.963  20.875 0.0000000000
127918  56.935  17.127  2.027 0.0000000000
155405  56.302  16.575  0.835 0.0000000000
74619  41.044  7.737  14.931 0.0000000000
127707  39.889  7.541  13.910 0.0000000000
73579  39.558  6.796  14.956 0.0000000000
71479  38.548  4.582  16.677 0.0000000000
143524  37.615  4.363  15.400 0.0000000000
74557  44.356  7.132  20.874 0.0000000000
74564  44.481  8.242  19.370 0.0000000000
127957  44.137  8.404  18.432 0.0000000000
75607  43.102  8.113  17.231 0.0000000000
74606  41.782  7.854  15.515 0.0000000000
59263  31.754  -4.500  42.512 0.0000000000
142813  32.124  -4.407  41.721 0.0000000000
129176  30.637  -4.433  41.033 0.0000000000
60429  30.510  -4.277  39.612 0.0000000000
60456  29.634  -4.142  37.961 0.0000000000
61590  25.941  -3.473  38.076 0.0000000000
61619  26.971  -3.514  36.712 0.0000000000
61618  28.144  -3.641  35.684 0.0000000000
148325  27.338  -3.582  34.693 0.0000000000
61683  25.275  -3.843  32.728 0.0000000000
61698  24.494  -4.330  31.043 0.0000000000
80715  51.542  13.866  8.459 0.0000000000
79796  49.335  12.650  7.577 0.0000000000
80719  50.390  13.485  7.052 0.0000000000
81661  51.756  14.505  6.881 0.0000000000
81664  51.603  14.541  5.904 0.0000000000
81676  52.250  14.922  4.380 0.0000000000
81681  52.454  14.658  2.730 0.0000000000
81683  52.826  14.618  1.853 0.0000000000
58136  20.222  -6.590  39.095 0.0000000000
57119  19.613  -7.262  38.859 0.0000000000
57087  20.071  -6.520  40.154 0.0000000000
153793  20.050  -6.404  41.763 0.0000000000
57056  20.198  -6.350  43.181 0.0000000000
58093  21.483  -5.426  44.403 0.0000000000
146053  19.286  -6.597  44.570 0.0000000000
150949  19.146  -6.604  46.552 0.0000000000
59232  32.270  -4.573  43.991 0.0000000000
128002  30.649  -4.909  43.490 0.0000000000
59283  29.197  -4.650  42.489 0.0000000000
141891  27.922  -4.437  42.253 0.0000000000
156620  26.496  -4.292  43.309 0.0000000000
61546  25.022  -3.757  41.793 0.0000000000
60419  23.278  -3.927  41.274 0.0000000000
59306  21.249  -5.233  39.976 0.0000000000
78781  50.094  11.751  12.230 0.0000000000
77806  48.608  11.391  11.120 0.0000000000
149623  47.373  11.241  9.503 0.0000000000
134024  45.915  10.576  11.122 0.0000000000
77823  45.735  10.705  9.464 0.0000000000
77834  46.265  10.925  8.695 0.0000000000
55936  18.338  -7.832  38.796 0.0000000000
57121  17.375  -8.006  38.692 0.0000000000
57135  15.551  -8.377  38.692 0.0000000000
125771  16.118  -7.408  41.538 0.0000000000
57107  15.569  -7.829  40.390 0.0000000000
55938  14.293  -8.943  39.579 0.0000000000
54893  13.281  -10.057  39.437 0.0000000000
54894  12.748  -10.583  39.788 0.0000000000
57014  13.101  -8.001  46.364 0.0000000000
55877  12.649  -8.493  44.915 0.0000000000
154941  10.886  -9.639  44.943 0.0000000000
55888  12.052  -9.134  43.643 0.0000000000
54859  11.442  -10.720  42.375 0.0000000000
49503  5.787  -14.638  49.724 0.0000000000
72480  39.139  6.241  22.808 0.0000000000
152440  34.299  4.768  24.246 0.0000000000
70248  33.217  3.750  24.982 0.0000000000
69185  32.232  2.678  24.917 0.0000000000
69176  31.805  1.849  25.940 0.0000000000
69157  32.851  2.807  28.274 0.0000000000
68156  32.046  1.737  27.197 0.0000000000
67031  31.133  0.652  26.044 0.0000000000
64852  31.009  -1.171  26.261 0.0000000000
64860  31.348  -2.096  26.392 0.0000000000
62751  32.460  -3.743  25.861 0.0000000000
63778  32.915  -2.722  28.264 0.0000000000
62739  33.589  -4.033  27.007 0.0000000000
61769  33.164  -4.833  25.481 0.0000000000
60610  33.259  -5.358  25.600 0.0000000000
152306  32.794  -6.277  24.961 0.0000000000
62696  35.559  -3.030  34.558 0.0000000000
59291  32.632  -4.118  40.400 0.0000000000
59302  33.536  -4.115  39.387 0.0000000000
144634  34.171  -4.295  38.300 0.0000000000
59351  31.827  -4.860  36.377 0.0000000000
59339  33.638  -4.899  36.503 0.0000000000
59324  34.485  -4.532  36.339 0.0000000000
60474  34.819  -4.480  34.956 0.0000000000
60500  34.981  -4.579  33.819 0.0000000000
147862  35.277  -4.163  33.391 0.0000000000
61693  35.708  -4.543  31.550 0.0000000000
60543  35.150  -5.931  30.546 0.0000000000
60555  33.940  -6.428  29.383 0.0000000000
59428  31.430  -7.116  29.897 0.0000000000
151821  32.299  -7.012  29.294 0.0000000000
59437  32.397  -6.737  28.426 0.0000000000
59454  31.619  -6.638  26.995 0.0000000000
72508  37.740  5.537  21.263 0.0000000000
71408  36.928  5.032  20.013 0.0000000000
71447  35.315  4.067  18.586 0.0000000000
70274  33.332  3.800  20.016 0.0000000000
70280  34.061  3.788  18.744 0.0000000000
70318  34.590  3.056  16.842 0.0000000000
80749  53.574  14.381  0.646 0.0000000000
72492  40.413  6.048  22.138 0.0000000000
72506  39.991  5.715  21.479 0.0000000000
72493  39.583  6.012  22.109 0.0000000000
72491  41.263  6.070  22.088 0.0000000000
57152  19.603  -7.551  36.928 0.0000000000
57144  19.291  -7.899  37.163 0.0000000000
57143  19.499  -7.553  37.601 0.0000000000
58142  20.074  -6.749  38.279 0.0000000000
58147  20.108  -6.732  37.529 0.0000000000
75649  40.563  8.326  12.442 0.0000000000
75631  41.719  8.238  14.533 0.0000000000
75640  42.367  8.678  14.050 0.0000000000
75641  41.606  8.503  13.649 0.0000000000
52646  7.755  -11.763  48.193 0.0000000000
143532  7.342  -12.516  48.000 0.0000000000
51628  6.827  -13.131  48.504 0.0000000000
133474  35.227  -2.030  34.234 0.0000000000
64780  34.938  -1.797  33.757 0.0000000000
64790  35.142  -2.367  33.651 0.0000000000
63730  34.999  -2.677  32.931 0.0000000000
63729  35.334  -3.009  33.567 0.0000000000
60376  33.613  -4.005  43.301 0.0000000000
60401  33.381  -4.059  42.214 0.0000000000
129346  25.521  -4.150  31.006 0.0000000000
61697  26.563  -4.209  31.463 0.0000000000
134942  25.636  -4.378  29.945 0.0000000000
61724  26.387  -4.551  29.530 0.0000000000
68172  31.287  1.523  24.773 0.0000000000
82662  53.505  15.767  3.931 0.0000000000
82661  54.084  16.238  4.388 0.0000000000
82668  54.310  16.141  3.398 0.0000000000
136762  54.585  16.041  2.374 0.0000000000
82669  53.929  15.609  2.152 0.0000000000
72552  40.828  5.838  17.477 0.0000000000
72540  40.447  5.190  17.880 0.0000000000
138091  36.877  3.852  17.569 0.0000000000
145202  36.917  3.682  16.852 0.0000000000
70317  35.495  3.221  16.506 0.0000000000
130981  41.587  5.556  19.048 0.0000000000
72538  41.865  6.062  18.633 0.0000000000
73540  41.520  6.409  17.707 0.0000000000
55966  15.622  -8.870  37.180 0.0000000000
54934  14.665  -10.328  36.543 0.0000000000
55981  14.826  -9.506  37.105 0.0000000000
54920  14.185  -10.201  37.181 0.0000000000
55967  14.345  -9.540  37.816 0.0000000000
61559  27.660  -4.070  40.581 0.0000000000
60432  28.573  -4.281  40.526 0.0000000000
61635  22.861  -4.336  34.979 0.0000000000
61634  23.849  -3.898  35.263 0.0000000000
61651  22.968  -4.475  34.124 0.0000000000
150738  22.567  -4.912  33.592 0.0000000000
139187  22.239  -5.361  33.134 0.0000000000
60506  21.790  -5.882  32.997 0.0000000000
62762  32.157  -3.958  25.042 0.0000000000
78806  47.909  11.529  8.987 0.0000000000
78818  48.498  11.920  8.792 0.0000000000
146210  48.179  11.788  8.314 0.0000000000
80738  50.382  13.367  4.105 0.0000000000
59255  22.307  -4.928  43.413 0.0000000000
59270  21.589  -5.257  42.928 0.0000000000
147290  21.969  -5.207  43.604 0.0000000000
60393  23.217  -4.529  43.464 0.0000000000
59269  22.245  -4.758  42.818 0.0000000000
77789  47.185  10.635  13.194 0.0000000000
77798  47.514  10.819  12.369 0.0000000000
77799  46.569  10.529  12.714 0.0000000000
55895  19.104  -7.141  42.195 0.0000000000
55896  18.399  -7.311  41.629 0.0000000000
55886  17.812  -7.340  42.053 0.0000000000
57062  13.573  -8.121  43.713 0.0000000000
57093  13.822  -8.169  42.656 0.0000000000
55910  13.108  -8.900  42.331 0.0000000000
55899  12.406  -9.339  42.727 0.0000000000
151375  11.491  -8.252  48.629 0.0000000000
52699  9.401  -11.894  44.559 0.0000000000
52711  9.670  -12.133  43.704 0.0000000000
66998  32.842  -0.182  30.907 0.0000000000
156071  32.601  0.515  30.560 0.0000000000
66999  32.514  -0.027  30.182 0.0000000000
67006  32.231  0.291  29.375 0.0000000000
127798  32.441  -0.594  29.620 0.0000000000
65884  32.738  -1.343  29.705 0.0000000000
60585  34.555  -5.258  28.052 0.0000000000
61748  34.486  -4.497  27.916 0.0000000000
60586  34.068  -5.695  27.573 0.0000000000
60568  33.349  -6.347  27.931 0.0000000000
60455  30.516  -4.382  38.007 0.0000000000
59329  31.399  -4.418  38.349 0.0000000000
60454  30.852  -4.475  37.203 0.0000000000
59375  31.928  -5.846  33.621 0.0000000000
132014  32.705  -6.287  33.152 0.0000000000
133177  32.643  -6.608  32.197 0.0000000000
153798  31.916  -6.424  32.023 0.0000000000
72497  35.140  5.247  22.765 0.0000000000
71378  35.518  5.277  21.953 0.0000000000
71379  34.757  4.946  22.097 0.0000000000
71421  40.648  5.095  19.732 0.0000000000
71442  40.442  4.935  19.018 0.0000000000
71423  38.677  4.794  19.490 0.0000000000
71445  37.593  4.389  18.599 0.0000000000
71424  37.794  4.803  19.514 0.0000000000
131127  44.218  6.789  22.102 0.0000000000
71388  41.067  5.546  20.955 0.0000000000
71403  41.630  5.546  20.692 0.0000000000
71419  41.861  5.513  20.238 0.0000000000
132764  18.032  -8.382  36.688 0.0000000000
57145  17.213  -8.396  37.049 0.0000000000
55965  16.304  -8.819  36.602 0.0000000000
57133  17.298  -8.232  37.905 0.0000000000
132359  23.568  -3.741  39.445 0.0000000000
60446  22.457  -4.145  38.913 0.0000000000
60467  20.940  -5.572  36.816 0.0000000000
60457  21.423  -4.921  37.319 0.0000000000
60479  21.388  -5.112  35.975 0.0000000000
59366  20.625  -6.723  34.691 0.0000000000
59353  20.382  -6.754  35.673 0.0000000000
57161  19.306  -8.199  35.512 0.0000000000
57167  19.836  -7.836  35.065 0.0000000000
155652  44.032  9.170  15.996 0.0000000000
76729  44.030  9.542  14.267 0.0000000000
76739  44.219  9.765  13.627 0.0000000000
128131  44.742  9.824  14.046 0.0000000000
127464  44.051  9.837  13.077 0.0000000000
76748  44.271  10.039  12.504 0.0000000000
76749  43.518  9.744  12.548 0.0000000000
76761  41.648  9.037  11.761 0.0000000000
76760  42.508  9.455  11.558 0.0000000000
57025  18.368  -7.159  45.659 0.0000000000
57041  17.349  -7.393  44.279 0.0000000000
147407  17.333  -7.477  45.045 0.0000000000
57027  15.771  -7.459  45.671 0.0000000000
57043  14.905  -7.468  45.014 0.0000000000
57029  14.000  -7.739  45.239 0.0000000000
54788  9.798  -9.709  48.554 0.0000000000
53735  8.917  -11.359  46.880 0.0000000000
52675  8.969  -11.766  46.201 0.0000000000
51669  8.740  -12.359  45.793 0.0000000000
51670  8.527  -13.122  45.254 0.0000000000
51653  8.108  -13.077  46.149 0.0000000000
50577  7.651  -14.053  45.955 0.0000000000
50559  6.538  -14.135  48.251 0.0000000000
49525  6.080  -15.188  48.426 0.0000000000
66979  33.892  -0.844  32.799 0.0000000000
65871  33.600  -0.913  32.049 0.0000000000
65876  33.880  -1.648  31.697 0.0000000000
64817  33.447  -1.662  30.886 0.0000000000
140343  34.312  -2.190  31.750 0.0000000000
63742  34.569  -2.931  30.877 0.0000000000
62719  35.175  -3.645  30.650 0.0000000000
62726  35.123  -3.916  29.834 0.0000000000
61720  35.409  -4.259  30.128 0.0000000000
151077  27.904  -3.748  33.867 0.0000000000
61630  29.181  -4.127  34.129 0.0000000000
61648  28.703  -4.045  33.608 0.0000000000
61695  28.356  -4.636  32.202 0.0000000000
60504  29.384  -4.722  32.863 0.0000000000
60518  29.683  -5.152  32.414 0.0000000000
59390  30.159  -5.375  32.319 0.0000000000
60534  29.544  -5.455  31.840 0.0000000000
60546  28.533  -5.386  30.737 0.0000000000
157204  27.739  -5.266  28.930 0.0000000000
70257  32.718  3.498  23.636 0.0000000000
70263  32.612  3.469  22.748 0.0000000000
69206  32.116  2.932  23.132 0.0000000000
68198  30.728  1.145  21.286 0.0000000000
68206  30.768  1.114  20.417 0.0000000000
82672  55.149  16.133  1.555 0.0000000000
82671  55.895  16.512  1.444 0.0000000000
82676  55.601  16.236  0.904 0.0000000000
82679  55.606  15.864  -0.213 0.0000000000
81688  55.024  15.344  -0.115 0.0000000000
74607  41.014  7.306  15.747 0.0000000000
74608  40.297  7.186  15.234 0.0000000000
72565  39.488  5.596  16.253 0.0000000000
73571  39.170  6.098  15.395 0.0000000000
72574  38.512  5.676  14.998 0.0000000000
72575  37.807  5.054  14.604 0.0000000000
71463  39.278  4.544  17.801 0.0000000000
71464  38.750  4.493  17.280 0.0000000000
148477  37.409  3.940  15.947 0.0000000000
70315  37.926  4.265  16.288 0.0000000000
140388  36.996  3.787  15.161 0.0000000000
71507  37.343  4.351  14.492 0.0000000000
73516  43.835  6.640  21.006 0.0000000000
74549  44.907  7.432  21.481 0.0000000000
73523  43.280  6.909  19.211 0.0000000000
73530  43.925  7.561  19.303 0.0000000000
74580  43.593  8.309  17.726 0.0000000000
130680  43.106  7.785  17.921 0.0000000000
73551  41.504  7.012  16.879 0.0000000000
74593  42.012  7.591  16.423 0.0000000000
74594  41.466  7.343  16.210 0.0000000000
59264  31.028  -4.603  42.382 0.0000000000
59280  31.044  -4.449  41.375 0.0000000000
59295  30.207  -4.488  41.142 0.0000000000
60431  28.984  -4.280  39.831 0.0000000000
60430  29.820  -4.289  39.889 0.0000000000
60445  29.330  -4.208  39.018 0.0000000000
60444  30.158  -4.305  38.918 0.0000000000
61587  28.727  -3.918  38.207 0.0000000000
144610  25.201  -3.538  38.526 0.0000000000
129167  24.959  -3.554  37.693 0.0000000000
61620  26.187  -3.495  36.341 0.0000000000
144380  27.948  -3.641  36.693 0.0000000000
148701  26.866  -3.508  35.650 0.0000000000
61632  27.652  -3.580  35.325 0.0000000000
148521  26.363  -3.534  34.858 0.0000000000
61684  24.272  -4.148  32.629 0.0000000000
61665  25.930  -3.663  33.412 0.0000000000
129318  24.888  -4.057  31.876 0.0000000000
132302  23.993  -4.348  31.762 0.0000000000
58171  20.424  -7.597  33.380 0.0000000000
57184  20.074  -8.502  32.916 0.0000000000
78795  50.289  12.168  11.126 0.0000000000
79777  50.446  12.696  9.693 0.0000000000
79787  51.003  13.237  9.071 0.0000000000
80709  51.761  13.574  9.459 0.0000000000
80716  50.710  13.454  8.102 0.0000000000
78835  48.080  11.943  6.560 0.0000000000
79797  48.711  12.309  7.178 0.0000000000
80720  49.762  13.107  6.406 0.0000000000
80718  51.210  13.984  7.459 0.0000000000
80723  51.044  14.034  6.457 0.0000000000
80729  50.938  14.082  5.467 0.0000000000
80740  51.018  13.722  3.614 0.0000000000
81669  51.534  14.530  4.936 0.0000000000
81677  51.573  14.340  3.997 0.0000000000
143739  52.148  14.647  3.525 0.0000000000
59307  20.631  -5.954  39.815 0.0000000000
132557  20.324  -6.284  39.931 0.0000000000
139101  20.438  -5.966  40.670 0.0000000000
58112  20.820  -5.763  42.270 0.0000000000
57073  20.380  -6.075  41.597 0.0000000000
57055  20.487  -6.109  42.545 0.0000000000
151402  19.859  -6.620  42.376 0.0000000000
59240  21.956  -5.042  44.855 0.0000000000
134450  20.802  -5.544  45.761 0.0000000000
57023  19.814  -6.293  44.927 0.0000000000
151670  19.652  -6.247  45.984 0.0000000000
57024  19.100  -6.716  45.596 0.0000000000
131194  31.325  -4.760  43.382 0.0000000000
60390  28.325  -4.599  42.751 0.0000000000
60391  25.303  -4.163  43.314 0.0000000000
60405  25.811  -3.914  42.542 0.0000000000
61562  24.238  -3.750  41.101 0.0000000000
60406  23.828  -3.879  41.907 0.0000000000
60420  21.635  -4.799  41.333 0.0000000000
60434  21.610  -4.801  40.612 0.0000000000
59296  21.040  -5.400  40.611 0.0000000000
74629  39.418  7.322  13.504 0.0000000000
77807  47.344  10.850  11.540 0.0000000000
142753  47.537  10.961  11.009 0.0000000000
78798  47.989  11.415  9.913 0.0000000000
77814  47.257  11.041  10.278 0.0000000000
76757  45.089  10.424  11.614 0.0000000000
77817  45.001  10.487  10.774 0.0000000000
132963  44.830  10.498  8.952 0.0000000000
77835  45.488  10.649  8.480 0.0000000000
57120  19.352  -7.328  39.361 0.0000000000
143235  19.230  -7.548  38.721 0.0000000000
132787  18.833  -7.607  39.125 0.0000000000
55923  17.739  -7.507  40.427 0.0000000000
153459  17.659  -7.642  39.826 0.0000000000
57105  17.221  -7.727  39.528 0.0000000000
57122  16.514  -7.965  39.152 0.0000000000
57106  16.454  -7.662  39.965 0.0000000000
57059  16.558  -7.367  43.037 0.0000000000
57075  16.687  -7.367  42.037 0.0000000000
57076  15.880  -7.416  42.329 0.0000000000
145007  13.883  -8.641  41.182 0.0000000000
57091  15.425  -7.687  41.148 0.0000000000
57108  14.677  -8.183  40.794 0.0000000000
57124  14.842  -8.374  40.019 0.0000000000
55954  13.822  -9.499  39.091 0.0000000000
55939  13.654  -9.434  39.934 0.0000000000
54868  12.474  -10.215  41.416 0.0000000000
54880  12.620  -10.455  40.591 0.0000000000
53819  12.251  -11.061  40.177 0.0000000000
53820  11.768  -11.491  40.547 0.0000000000
141602  12.514  -8.081  47.078 0.0000000000
57030  13.236  -8.115  45.475 0.0000000000
57031  12.434  -8.421  45.698 0.0000000000
54810  10.193  -9.877  46.691 0.0000000000
54837  10.601  -10.002  44.512 0.0000000000
54836  11.388  -9.351  44.519 0.0000000000
54847  11.229  -9.754  43.684 0.0000000000
54848  11.290  -10.271  42.973 0.0000000000
50541  5.586  -14.313  49.989 0.0000000000
48404  5.018  -15.483  49.803 0.0000000000
49504  5.223  -15.011  49.861 0.0000000000
72464  36.319  5.839  24.042 0.0000000000
71365  34.275  4.666  24.970 0.0000000000
71366  33.697  4.289  24.444 0.0000000000
71354  33.753  4.208  25.382 0.0000000000
70234  32.822  3.084  26.331 0.0000000000
70242  32.745  3.178  25.410 0.0000000000
69186  31.769  2.041  25.253 0.0000000000
69175  32.256  2.475  25.863 0.0000000000
69133  32.938  2.254  30.587 0.0000000000
142306  32.811  2.563  29.211 0.0000000000
67015  31.956  0.617  28.495 0.0000000000
68143  32.099  1.483  28.136 0.0000000000
68144  31.731  0.939  27.557 0.0000000000
68157  31.616  1.284  26.544 0.0000000000
65903  30.960  -0.197  26.332 0.0000000000
64842  31.765  -1.645  27.618 0.0000000000
64851  31.399  -1.580  26.940 0.0000000000
63795  31.787  -2.296  27.047 0.0000000000
62752  31.925  -2.966  26.373 0.0000000000
62740  32.344  -2.915  27.044 0.0000000000
63753  33.548  -2.511  29.740 0.0000000000
64834  32.879  -2.102  29.201 0.0000000000
63766  33.576  -2.976  28.825 0.0000000000
61749  34.106  -4.651  27.221 0.0000000000
61762  33.153  -4.267  26.146 0.0000000000
59481  32.456  -6.586  25.339 0.0000000000
59482  31.806  -7.225  25.085 0.0000000000
59279  31.661  -4.385  41.039 0.0000000000
131005  32.394  -4.274  41.043 0.0000000000
59292  32.089  -4.265  40.558 0.0000000000
59315  32.148  -4.356  38.475 0.0000000000
59303  32.867  -4.110  39.601 0.0000000000
59314  33.177  -4.314  38.612 0.0000000000
152435  33.765  -4.297  38.683 0.0000000000
59326  33.346  -4.605  37.533 0.0000000000
60475  31.372  -5.038  35.271 0.0000000000
145644  33.784  -5.409  35.005 0.0000000000
59349  33.223  -5.172  36.128 0.0000000000
146159  33.921  -5.128  35.638 0.0000000000
59338  34.223  -4.871  35.856 0.0000000000
59337  34.573  -4.704  35.304 0.0000000000
60462  34.805  -4.338  35.933 0.0000000000
59358  34.622  -4.900  34.500 0.0000000000
60502  35.033  -5.623  33.029 0.0000000000
60487  34.732  -4.916  33.982 0.0000000000
60501  34.978  -5.105  33.302 0.0000000000
61661  35.248  -4.121  33.890 0.0000000000
60516  35.397  -5.132  32.624 0.0000000000
61679  35.656  -4.707  32.157 0.0000000000
60531  35.702  -5.254  31.827 0.0000000000
59415  33.508  -6.878  30.925 0.0000000000
60544  34.226  -6.502  30.274 0.0000000000
59427  33.008  -6.855  29.562 0.0000000000
59419  29.782  -6.499  30.284 0.0000000000
59418  30.627  -6.845  30.563 0.0000000000
59429  30.506  -6.939  29.560 0.0000000000
136726  31.430  -7.021  28.929 0.0000000000
59438  31.555  -6.753  27.975 0.0000000000
72481  38.287  6.141  22.698 0.0000000000
72495  37.973  5.874  21.968 0.0000000000
72496  37.176  5.682  21.861 0.0000000000
71409  35.505  5.010  20.472 0.0000000000
136648  36.247  5.152  20.443 0.0000000000
130857  36.036  4.801  19.685 0.0000000000
71426  35.330  4.454  19.274 0.0000000000
70267  33.420  4.009  20.907 0.0000000000
70293  33.442  3.271  18.259 0.0000000000
69252  33.978  3.178  17.494 0.0000000000
70292  34.305  3.573  18.079 0.0000000000
151883  33.799  2.716  16.934 0.0000000000
83646  57.896  16.696  -0.580 0.0000000000
83651  58.421  16.678  -1.025 0.0000000000
83645  58.658  16.916  -0.436 0.0000000000
81686  53.094  14.439  1.193 0.0000000000
152406  52.960  13.917  0.835 0.0000000000
71389  40.400  5.454  20.877 0.0000000000
71405  40.032  5.145  20.104 0.0000000000
71390  39.601  5.398  20.832 0.0000000000
71391  38.839  5.394  20.838 0.0000000000
71387  41.531  5.785  21.387 0.0000000000
55977  18.867  -8.387  35.861 0.0000000000
55962  18.835  -8.224  36.776 0.0000000000
55963  18.491  -8.222  37.370 0.0000000000
60447  21.505  -4.934  39.210 0.0000000000
61608  21.649  -4.688  38.163 0.0000000000
59318  20.936  -5.586  38.610 0.0000000000
153663  20.489  -6.185  37.379 0.0000000000
58152  20.338  -6.552  36.695 0.0000000000
152906  19.986  -7.363  35.680 0.0000000000
58153  19.962  -7.207  36.373 0.0000000000
75629  43.134  8.722  15.251 0.0000000000
157440  42.828  9.121  13.624 0.0000000000
76741  42.854  9.405  12.939 0.0000000000
76750  42.257  9.236  12.415 0.0000000000
57010  17.264  -7.466  46.765 0.0000000000
57026  16.856  -7.537  45.780 0.0000000000
57011  16.285  -7.488  46.684 0.0000000000
141274  8.460  -11.277  47.764 0.0000000000
52658  8.169  -11.810  47.336 0.0000000000
51636  7.715  -12.615  47.150 0.0000000000
50568  6.866  -14.270  47.343 0.0000000000
50550  6.370  -13.708  49.027 0.0000000000
132002  34.675  -1.287  33.849 0.0000000000
64781  34.475  -1.506  33.211 0.0000000000
64791  34.614  -2.056  32.691 0.0000000000
64802  34.700  -2.541  32.135 0.0000000000
63736  35.098  -3.254  32.206 0.0000000000
62713  35.392  -3.801  31.469 0.0000000000
61663  28.333  -4.077  33.215 0.0000000000
61681  27.770  -4.136  32.719 0.0000000000
61696  27.475  -4.424  31.876 0.0000000000
61708  28.072  -4.856  31.334 0.0000000000
61722  27.808  -5.032  30.431 0.0000000000
61723  27.131  -4.700  29.975 0.0000000000
69207  31.591  2.316  23.496 0.0000000000
69216  31.575  2.382  22.578 0.0000000000
68188  31.083  1.709  22.930 0.0000000000
153018  30.715  1.104  22.397 0.0000000000
82648  53.371  16.023  5.955 0.0000000000
82653  53.970  16.361  5.354 0.0000000000
83628  56.053  16.747  2.246 0.0000000000
73569  40.480  6.697  16.073 0.0000000000
73552  40.607  6.223  16.772 0.0000000000
125426  38.064  4.240  17.706 0.0000000000
70300  38.114  4.234  17.102 0.0000000000
70301  37.503  3.984  17.308 0.0000000000
132241  36.931  3.624  16.076 0.0000000000
141883  42.906  6.232  19.887 0.0000000000
73522  43.750  6.821  20.153 0.0000000000
72530  42.582  6.426  18.958 0.0000000000
73538  42.885  7.164  18.404 0.0000000000
74581  42.640  7.507  17.641 0.0000000000
55992  16.209  -9.445  35.783 0.0000000000
143975  13.775  -10.833  37.361 0.0000000000
54907  13.444  -10.151  38.585 0.0000000000
60402  29.533  -4.500  41.351 0.0000000000
61573  28.124  -4.102  39.858 0.0000000000
143372  27.585  -3.803  39.197 0.0000000000
135982  23.893  -3.745  36.274 0.0000000000
134596  24.804  -3.656  35.574 0.0000000000
61649  24.678  -3.739  34.678 0.0000000000
61633  25.461  -3.595  35.005 0.0000000000
61666  23.470  -4.391  33.351 0.0000000000
61686  22.772  -5.065  31.917 0.0000000000
60520  22.238  -5.510  32.464 0.0000000000
60521  21.694  -6.202  32.117 0.0000000000
63823  31.065  -2.680  25.168 0.0000000000
78803  50.077  12.304  10.323 0.0000000000
78804  49.392  12.125  9.881 0.0000000000
79778  49.765  12.505  9.257 0.0000000000
79789  49.526  12.608  8.422 0.0000000000
79810  48.987  12.523  5.054 0.0000000000
80730  50.317  13.554  5.018 0.0000000000
156175  20.992  -5.395  41.162 0.0000000000
58119  20.793  -5.592  41.296 0.0000000000
58111  21.027  -5.500  42.125 0.0000000000
128636  21.197  -5.575  42.802 0.0000000000
132413  23.255  -4.276  42.620 0.0000000000
59284  22.168  -4.593  42.127 0.0000000000
77797  48.626  11.154  12.462 0.0000000000
76766  44.130  10.273  10.397 0.0000000000
55908  19.257  -7.082  40.712 0.0000000000
55921  18.979  -7.410  39.945 0.0000000000
55909  18.471  -7.395  40.688 0.0000000000
57089  17.193  -7.396  40.932 0.0000000000
57077  14.899  -7.651  42.499 0.0000000000
55925  13.421  -9.384  40.815 0.0000000000
130602  13.287  -9.133  41.597 0.0000000000
55861  11.483  -8.658  46.899 0.0000000000
53759  9.549  -11.016  45.823 0.0000000000
145062  10.076  -10.724  44.331 0.0000000000
154268  10.249  -11.006  43.624 0.0000000000
53796  10.823  -11.063  42.905 0.0000000000
53785  10.150  -11.624  43.257 0.0000000000
71340  33.810  4.152  26.242 0.0000000000
145545  33.832  4.133  26.811 0.0000000000
70233  33.411  3.663  26.814 0.0000000000
69166  32.870  2.980  27.297 0.0000000000
68090  33.108  0.634  31.755 0.0000000000
141960  33.179  1.466  31.800 0.0000000000
151948  32.806  0.590  31.128 0.0000000000
68115  32.637  1.382  30.460 0.0000000000
69144  32.499  1.729  29.583 0.0000000000
146250  31.686  0.009  27.886 0.0000000000
65895  31.376  -0.723  27.203 0.0000000000
64841  32.293  -1.861  28.375 0.0000000000
62731  34.270  -3.766  28.425 0.0000000000
60601  33.591  -5.417  26.347 0.0000000000
146047  34.023  -5.256  26.926 0.0000000000
59317  31.134  -4.297  39.305 0.0000000000
148473  31.843  -4.245  39.404 0.0000000000
59316  31.660  -4.324  38.804 0.0000000000
59328  31.884  -4.483  37.961 0.0000000000
59327  32.384  -4.573  37.628 0.0000000000
59363  31.239  -5.409  34.079 0.0000000000
59362  32.072  -5.565  34.706 0.0000000000
134455  32.802  -5.969  34.109 0.0000000000
59361  33.607  -5.849  34.246 0.0000000000
59360  34.295  -5.610  34.148 0.0000000000
59373  34.129  -6.063  33.503 0.0000000000
59386  34.663  -6.138  32.888 0.0000000000
59401  34.556  -6.425  32.041 0.0000000000
59402  33.626  -6.774  31.748 0.0000000000
59416  32.595  -7.027  30.865 0.0000000000
60569  28.804  -6.067  28.854 0.0000000000
59440  29.440  -6.442  28.216 0.0000000000
131754  30.043  -6.638  27.476 0.0000000000
59455  30.665  -6.750  26.727 0.0000000000
125871  29.755  -6.758  26.684 0.0000000000
72483  36.524  5.781  23.159 0.0000000000
155541  36.688  5.703  22.436 0.0000000000
71393  34.984  4.992  21.284 0.0000000000
71410  34.737  4.700  20.483 0.0000000000
69238  32.029  2.826  19.945 0.0000000000
70282  32.700  3.275  19.602 0.0000000000
69245  32.208  2.744  19.091 0.0000000000
135574  56.662  16.616  0.378 0.0000000000
83641  57.168  16.645  -0.162 0.0000000000
72531  41.092  5.220  19.039 0.0000000000
72532  40.615  5.099  18.530 0.0000000000
71443  39.562  4.667  18.678 0.0000000000
71422  39.416  4.811  19.434 0.0000000000
139150  38.945  4.583  18.887 0.0000000000
71444  38.688  4.426  18.207 0.0000000000
70288  38.047  4.298  18.204 0.0000000000
152577  43.831  6.618  21.517 0.0000000000
72502  43.356  6.327  21.105 0.0000000000
72489  42.856  6.199  21.769 0.0000000000
72503  42.856  6.072  21.163 0.0000000000
72516  42.842  6.043  20.604 0.0000000000
128491  42.296  5.747  20.101 0.0000000000
72524  41.626  5.448  19.653 0.0000000000
143839  17.837  -8.675  35.796 0.0000000000
155955  16.696  -9.358  35.437 0.0000000000
57147  15.836  -8.485  37.898 0.0000000000
61561  25.389  -3.711  40.836 0.0000000000
137030  25.667  -3.601  39.878 0.0000000000
129871  24.871  -3.561  39.265 0.0000000000
61591  24.315  -3.610  38.566 0.0000000000
61606  23.823  -3.666  37.854 0.0000000000
61622  22.225  -4.279  37.202 0.0000000000
131193  23.284  -3.822  37.161 0.0000000000
60478  22.260  -4.423  35.927 0.0000000000
60492  21.907  -4.915  35.191 0.0000000000
60493  21.558  -5.491  34.643 0.0000000000
157366  21.404  -6.154  33.522 0.0000000000
59378  21.205  -6.126  34.232 0.0000000000
58164  20.307  -7.380  34.334 0.0000000000
57175  19.950  -8.133  33.969 0.0000000000
78826  47.379  11.516  7.174 0.0000000000
59223  23.533  -4.389  45.210 0.0000000000
76714  45.278  9.916  16.024 0.0000000000
76716  43.890  9.192  15.170 0.0000000000
126657  45.328  9.988  14.484 0.0000000000
125928  45.878  10.237  14.077 0.0000000000
76737  45.701  10.254  13.153 0.0000000000
127585  44.500  10.238  11.931 0.0000000000
76759  43.252  9.730  11.818 0.0000000000
128925  43.713  10.055  11.127 0.0000000000
76767  43.293  9.932  10.445 0.0000000000
57040  18.336  -7.122  43.859 0.0000000000
57058  17.973  -7.402  43.029 0.0000000000
157408  17.804  -7.329  43.858 0.0000000000
132541  16.826  -7.366  43.887 0.0000000000
57042  16.093  -7.358  43.956 0.0000000000
137223  15.154  -7.434  44.109 0.0000000000
57044  14.212  -7.688  44.346 0.0000000000
54797  9.756  -10.345  46.885 0.0000000000
53747  9.476  -10.904  46.545 0.0000000000
52687  9.208  -11.708  45.535 0.0000000000
134717  8.356  -13.914  44.705 0.0000000000
66968  33.702  0.004  33.031 0.0000000000
64827  33.612  -2.217  30.460 0.0000000000
63752  34.068  -2.740  30.294 0.0000000000
64815  34.508  -2.594  31.512 0.0000000000
132325  34.775  -3.902  29.111 0.0000000000
61732  34.823  -4.610  28.557 0.0000000000
60566  34.727  -5.541  28.853 0.0000000000
60465  29.431  -4.010  36.352 0.0000000000
60464  30.329  -4.328  36.266 0.0000000000
60477  29.702  -4.223  35.230 0.0000000000
134148  29.906  -4.536  34.188 0.0000000000
61662  28.964  -4.430  33.034 0.0000000000
60491  29.536  -4.574  33.300 0.0000000000
60490  30.060  -4.848  33.348 0.0000000000
59377  30.347  -5.195  32.785 0.0000000000
59389  30.808  -5.690  32.332 0.0000000000
59404  31.284  -6.344  31.792 0.0000000000
138627  30.511  -5.902  31.801 0.0000000000
129509  30.084  -6.118  31.280 0.0000000000
60557  28.893  -5.962  29.920 0.0000000000
60558  28.234  -5.417  29.990 0.0000000000
71371  33.993  4.594  23.605 0.0000000000
156857  33.580  4.272  22.228 0.0000000000
70262  33.104  3.958  22.314 0.0000000000
148803  32.578  3.500  22.087 0.0000000000
69224  32.232  3.198  21.502 0.0000000000
69225  31.609  2.527  21.666 0.0000000000
69231  31.792  2.752  20.794 0.0000000000
69239  31.616  2.252  19.463 0.0000000000
83633  56.685  16.824  1.273 0.0000000000
82675  56.750  16.740  0.761 0.0000000000
75632  41.002  8.073  14.103 0.0000000000
133988  40.404  7.889  13.748 0.0000000000
74620  40.420  7.645  14.422 0.0000000000
74621  39.896  7.287  14.557 0.0000000000
73580  38.883  6.473  14.517 0.0000000000
139852  39.859  4.872  17.602 0.0000000000
71478  39.304  4.855  17.016 0.0000000000
72566  38.887  5.064  16.346 0.0000000000
71497  38.314  4.887  15.752 0.0000000000
74565  44.375  7.552  20.091 0.0000000000
75598  44.201  8.935  17.457 0.0000000000
75606  43.697  8.754  16.763 0.0000000000
150386  43.101  8.332  16.510 0.0000000000
74592  42.582  7.853  16.825 0.0000000000
75618  42.656  8.223  15.892 0.0000000000
59262  32.596  -4.352  42.558 0.0000000000
132088  31.502  -4.465  41.759 0.0000000000
59293  31.021  -4.345  40.647 0.0000000000
60416  29.906  -4.414  40.635 0.0000000000
60415  30.263  -4.311  40.279 0.0000000000
59305  30.730  -4.266  40.150 0.0000000000
154755  29.520  -4.044  37.161 0.0000000000
61574  26.674  -3.670  39.492 0.0000000000
61589  26.888  -3.570  38.463 0.0000000000
61588  27.887  -3.737  38.347 0.0000000000
61605  25.977  -3.485  37.167 0.0000000000
130022  26.669  -3.508  37.593 0.0000000000
61603  28.156  -3.716  37.587 0.0000000000
61602  28.851  -3.850  37.165 0.0000000000
61631  28.275  -3.739  34.618 0.0000000000
134192  25.655  -3.583  34.253 0.0000000000
61682  26.882  -3.796  33.097 0.0000000000
130304  25.869  -3.934  32.041 0.0000000000
130390  24.138  -4.561  30.392 0.0000000000
59392  20.882  -7.127  32.921 0.0000000000
67061  30.630  0.206  24.669 0.0000000000
151938  52.057  14.237  8.388 0.0000000000
78825  48.115  11.878  7.574 0.0000000000
79795  49.986  13.038  7.834 0.0000000000
152962  49.260  12.672  6.787 0.0000000000
145044  49.744  13.005  7.129 0.0000000000
81657  51.937  14.373  7.812 0.0000000000
81660  52.528  15.008  7.367 0.0000000000
81663  52.253  15.052  6.306 0.0000000000
81668  52.146  15.002  5.363 0.0000000000
146062  52.639  15.353  4.950 0.0000000000
82655  52.894  15.420  4.348 0.0000000000
82663  52.864  15.199  3.478 0.0000000000
81680  53.232  15.189  2.420 0.0000000000
57118  19.778  -7.119  38.367 0.0000000000
57102  20.010  -6.827  39.296 0.0000000000
57103  19.746  -6.992  39.528 0.0000000000
145067  20.291  -6.121  40.884 0.0000000000
57088  19.884  -6.532  40.908 0.0000000000
55894  19.530  -6.805  41.512 0.0000000000
57057  19.517  -6.808  43.092 0.0000000000
59256  21.941  -5.271  44.082 0.0000000000
126724  21.317  -5.584  43.741 0.0000000000
132668  21.411  -5.290  45.233 0.0000000000
58082  20.980  -5.609  44.787 0.0000000000
147226  20.766  -5.935  43.498 0.0000000000
154084  20.389  -6.163  43.676 0.0000000000
57038  19.870  -6.445  43.906 0.0000000000
57039  19.056  -6.822  43.843 0.0000000000
138707  18.652  -6.898  44.694 0.0000000000
57008  18.606  -6.993  46.683 0.0000000000
56998  18.472  -6.852  47.426 0.0000000000
56999  17.929  -7.179  47.303 0.0000000000
59248  32.637  -4.392  43.419 0.0000000000
143101  32.033  -4.537  43.376 0.0000000000
59265  30.370  -4.677  42.662 0.0000000000
150622  29.797  -4.700  42.857 0.0000000000
60403  28.672  -4.516  41.846 0.0000000000
60418  28.026  -4.296  41.388 0.0000000000
61544  27.134  -4.017  41.264 0.0000000000
60404  27.049  -4.149  42.224 0.0000000000
61545  26.196  -3.832  41.551 0.0000000000
61577  23.338  -3.838  40.521 0.0000000000
148369  22.399  -4.256  40.946 0.0000000000
59319  20.920  -5.672  39.354 0.0000000000
137508  20.493  -6.233  38.912 0.0000000000
74628  39.916  7.823  13.017 0.0000000000
78787  50.529  12.008  11.865 0.0000000000
78788  49.729  11.758  11.600 0.0000000000
77805  48.958  11.403  11.700 0.0000000000
78789  49.126  11.630  11.143 0.0000000000
78797  48.760  11.652  10.447 0.0000000000
76746  45.812  10.481  12.142 0.0000000000
77816  45.594  10.592  10.311 0.0000000000
77815  46.348  10.738  10.278 0.0000000000
77822  46.674  10.968  9.511 0.0000000000
78807  47.066  11.241  8.784 0.0000000000
57132  19.355  -7.625  38.107 0.0000000000
55935  18.881  -7.842  38.370 0.0000000000
55950  18.374  -8.085  38.055 0.0000000000
146437  17.973  -7.973  38.553 0.0000000000
55951  17.848  -8.125  38.161 0.0000000000
57134  16.537  -8.219  38.314 0.0000000000
57074  17.251  -7.365  41.653 0.0000000000
57090  16.420  -7.465  40.793 0.0000000000
135556  15.354  -7.596  41.809 0.0000000000
57123  15.650  -8.069  39.606 0.0000000000
57136  14.928  -8.522  39.316 0.0000000000
55953  14.535  -9.044  38.675 0.0000000000
55968  13.941  -9.642  38.379 0.0000000000
54908  12.897  -10.751  38.918 0.0000000000
55940  13.144  -10.004  40.260 0.0000000000
142445  13.828  -7.856  45.977 0.0000000000
55887  12.776  -8.556  44.088 0.0000000000
55855  10.967  -8.675  47.797 0.0000000000
55871  11.627  -8.833  45.951 0.0000000000
54824  10.536  -9.882  45.415 0.0000000000
54823  11.175  -9.355  45.368 0.0000000000
132610  11.877  -8.869  45.141 0.0000000000
152502  12.119  -8.844  44.447 0.0000000000
153767  11.785  -9.699  43.043 0.0000000000
54858  12.009  -10.102  42.324 0.0000000000
54869  11.819  -10.773  41.712 0.0000000000
53808  11.172  -11.405  41.887 0.0000000000
136179  11.614  -11.294  41.208 0.0000000000
50551  5.982  -14.182  49.443 0.0000000000
49513  5.892  -15.120  48.981 0.0000000000
49514  5.300  -15.452  49.565 0.0000000000
72479  40.017  6.281  22.900 0.0000000000
72484  35.627  5.503  23.513 0.0000000000
156580  35.179  5.349  24.017 0.0000000000
128315  33.133  3.796  24.257 0.0000000000
70249  32.684  3.314  24.546 0.0000000000
69196  31.670  2.212  24.403 0.0000000000
69158  32.432  2.040  28.692 0.0000000000
69167  32.439  2.263  27.737 0.0000000000
137782  32.017  1.971  26.453 0.0000000000
68165  31.421  1.377  25.622 0.0000000000
67045  30.948  0.832  25.172 0.0000000000
67046  30.745  0.101  25.524 0.0000000000
65904  30.739  -0.574  25.727 0.0000000000
63809  30.988  -1.942  25.667 0.0000000000
152681  31.375  -2.596  25.844 0.0000000000
62763  31.696  -3.259  25.515 0.0000000000
62732  33.621  -3.488  27.910 0.0000000000
148742  32.931  -3.235  27.432 0.0000000000
128635  32.772  -3.553  26.637 0.0000000000
61770  32.790  -4.351  25.440 0.0000000000
60618  33.054  -5.415  24.618 0.0000000000
127949  33.051  -5.971  24.772 0.0000000000
59493  32.749  -6.879  24.462 0.0000000000
62701  35.491  -2.920  34.172 0.0000000000
59278  32.876  -4.224  41.638 0.0000000000
59277  33.086  -4.052  40.934 0.0000000000
60414  33.772  -3.794  40.783 0.0000000000
59304  32.237  -4.179  39.904 0.0000000000
59290  33.288  -3.951  40.201 0.0000000000
60428  33.934  -3.817  40.003 0.0000000000
60441  34.709  -4.062  38.243 0.0000000000
60463  31.119  -4.624  36.324 0.0000000000
59341  32.125  -4.721  37.120 0.0000000000
59340  32.620  -4.868  36.901 0.0000000000
59350  32.152  -5.244  35.626 0.0000000000
143856  32.488  -5.084  36.277 0.0000000000
140863  32.965  -4.785  37.155 0.0000000000
59325  33.983  -4.665  36.896 0.0000000000
59312  34.337  -4.384  37.438 0.0000000000
60440  35.179  -3.814  37.726 0.0000000000
60452  35.087  -3.891  36.660 0.0000000000
60486  34.947  -4.432  34.442 0.0000000000
61646  35.230  -4.035  34.484 0.0000000000
61645  35.438  -3.522  34.496 0.0000000000
62702  35.409  -3.510  33.910 0.0000000000
62708  35.330  -3.772  33.148 0.0000000000
61692  35.419  -4.005  32.290 0.0000000000
60532  35.289  -5.986  31.443 0.0000000000
61694  35.667  -5.179  31.000 0.0000000000
61707  35.509  -4.983  30.181 0.0000000000
60554  34.941  -5.794  29.686 0.0000000000
59417  31.541  -6.961  30.908 0.0000000000
130560  32.355  -7.086  30.113 0.0000000000
60556  33.178  -6.608  28.849 0.0000000000
59453  32.535  -6.507  27.451 0.0000000000
59470  31.481  -6.822  25.928 0.0000000000
72494  38.776  5.961  22.044 0.0000000000
137798  38.465  5.643  21.404 0.0000000000
72517  37.664  5.248  20.469 0.0000000000
72509  36.867  5.387  20.995 0.0000000000
71425  36.900  4.601  19.114 0.0000000000
141918  36.087  4.341  18.788 0.0000000000
70290  36.000  3.863  17.954 0.0000000000
71380  34.070  4.548  22.082 0.0000000000
71394  34.169  4.515  21.215 0.0000000000
71411  34.031  4.278  20.317 0.0000000000
70281  33.370  3.579  19.156 0.0000000000
71428  34.000  4.045  19.502 0.0000000000
71427  34.669  4.140  19.046 0.0000000000
71448  34.690  3.858  18.496 0.0000000000
70291  35.066  3.710  18.006 0.0000000000
70303  35.347  3.525  17.312 0.0000000000
82673  53.792  15.129  1.409 0.0000000000
81689  54.446  15.065  0.408 0.0000000000
80753  54.025  13.961  -0.109 0.0000000000
55885  18.390  -7.317  42.391 0.0000000000
55926  12.984  -9.676  41.358 0.0000000000
55937  17.820  -7.803  39.176 0.0000000000
58094  21.068  -5.690  44.074 0.0000000000
59249  31.613  -4.825  44.124 0.0000000000
59281  30.567  -4.519  41.691 0.0000000000
59294  30.439  -4.371  40.657 0.0000000000
59313  33.777  -4.445  37.917 0.0000000000
59359  34.636  -5.311  34.014 0.0000000000
59364  30.614  -5.157  33.442 0.0000000000
59365  20.905  -6.059  35.066 0.0000000000
60388  33.825  -3.843  42.606 0.0000000000
60400  33.571  -3.892  41.482 0.0000000000
60453  34.781  -4.158  37.017 0.0000000000
60488  34.817  -5.389  33.525 0.0000000000
60515  35.160  -4.650  33.239 0.0000000000
60519  29.099  -4.873  32.464 0.0000000000
61604  27.437  -3.593  37.556 0.0000000000
61607  22.786  -4.011  37.985 0.0000000000
61621  22.808  -3.999  36.489 0.0000000000
61629  35.471  -3.398  35.147 0.0000000000
61678  35.371  -4.466  32.751 0.0000000000
61710  26.421  -4.369  30.467 0.0000000000
63720  35.477  -2.592  34.635 0.0000000000
64803  34.361  -1.978  32.156 0.0000000000
65851  34.634  -0.894  34.241 0.0000000000
70268  32.890  3.756  21.527 0.0000000000
70304  34.659  3.423  17.544 0.0000000000
71372  33.627  4.339  22.816 0.0000000000
71392  36.356  5.518  21.829 0.0000000000
71420  41.313  5.297  20.042 0.0000000000
72485  34.743  5.116  23.641 0.0000000000
73553  40.105  6.075  16.398 0.0000000000
76738  45.305  10.035  13.812 0.0000000000
77813  48.047  11.248  10.723 0.0000000000
78817  49.068  12.240  9.010 0.0000000000
82678  55.992  16.308  0.350 0.0000000000
82680  55.267  15.824  0.381 0.0000000000
127711  33.061  3.898  23.031 0.0000000000
133952  17.333  -7.383  43.426 0.0000000000
134201  31.657  -4.267  40.281 0.0000000000
134270  31.487  2.333  20.189 0.0000000000
135225  22.274  -4.917  34.377 0.0000000000
135820  17.674  -7.444  45.738 0.0000000000
136981  26.839  -3.605  33.926 0.0000000000
137148  32.102  -6.737  31.555 0.0000000000
139425  23.365  -4.698  31.657 0.0000000000
140935  28.251  -5.563  29.290 0.0000000000
141260  16.776  -7.373  41.357 0.0000000000
144755  34.650  4.423  19.748 0.0000000000
145948  31.101  -4.489  37.940 0.0000000000
146042  28.614  -3.751  36.220 0.0000000000
147340  43.496  9.900  11.510 0.0000000000
148242  22.238  -4.318  36.573 0.0000000000
151072  27.537  -3.545  36.011 0.0000000000
155564  31.486  -4.267  39.362 0.0000000000
156012  26.161  -3.798  32.741 0.0000000000
156056  10.013  -9.791  47.166 0.0000000000
156120  29.501  -4.433  40.797 0.0000000000
156583  19.174  -7.952  37.690 0.0000000000
157388  38.225  5.395  20.855 0.0000000000
