#!ascii label  , from subject NIHPD_75_135 vox2ras=TkReg
1954
48437  10.942  -16.961  49.259 0.0000000000
132670  46.060  3.713  13.956 0.0000000000
53863  30.737  -11.849  36.703 0.0000000000
59300  41.343  -6.361  39.799 0.0000000000
52790  22.174  -12.795  37.623 0.0000000000
52624  19.148  -11.911  49.624 0.0000000000
153763  57.335  8.822  5.206 0.0000000000
75637  58.220  8.647  14.056 0.0000000000
64850  39.225  -1.950  26.058 0.0000000000
144511  58.846  11.959  -4.822 0.0000000000
53778  30.626  -11.763  43.615 0.0000000000
51619  13.865  -13.620  48.877 0.0000000000
153195  57.283  9.220  9.255 0.0000000000
73622  52.257  6.667  9.590 0.0000000000
68211  47.536  2.067  19.218 0.0000000000
72521  51.146  5.939  19.283 0.0000000000
65965  43.583  -0.459  19.748 0.0000000000
57183  37.309  -8.600  31.876 0.0000000000
140944  36.214  -10.381  37.751 0.0000000000
54834  25.524  -10.444  44.232 0.0000000000
126940  24.456  -11.092  50.207 0.0000000000
133088  20.688  -13.244  43.838 0.0000000000
50597  15.142  -14.275  43.088 0.0000000000
157189  25.867  -11.019  36.545 0.0000000000
139662  62.231  11.432  3.640 0.0000000000
79784  62.318  12.050  8.542 0.0000000000
72581  52.122  6.307  14.325 0.0000000000
148271  43.058  0.637  26.046 0.0000000000
61676  41.445  -4.566  32.369 0.0000000000
75794  58.888  8.776  -0.270 0.0000000000
76859  63.729  9.783  -1.013 0.0000000000
144025  64.631  9.519  -5.049 0.0000000000
53743  30.985  -11.068  47.143 0.0000000000
49511  12.230  -15.243  49.182 0.0000000000
157297  13.588  -12.095  52.675 0.0000000000
51587  11.616  -13.587  52.839 0.0000000000
74682  51.292  7.523  6.918 0.0000000000
68185  48.242  1.464  22.828 0.0000000000
69221  50.332  2.699  22.078 0.0000000000
47155  5.855  -18.432  53.366 0.0000000000
65991  42.807  -0.532  16.738 0.0000000000
133902  30.969  -11.375  33.146 0.0000000000
155126  34.414  -10.505  33.956 0.0000000000
53847  34.048  -11.428  37.097 0.0000000000
54879  23.706  -11.436  41.122 0.0000000000
53783  23.215  -11.912  43.539 0.0000000000
52748  21.273  -13.154  40.930 0.0000000000
53852  23.754  -11.498  37.267 0.0000000000
54876  25.608  -10.634  40.269 0.0000000000
146308  22.349  -12.241  50.032 0.0000000000
75725  60.498  9.815  4.538 0.0000000000
130219  62.568  12.113  5.552 0.0000000000
78844  60.015  10.802  6.435 0.0000000000
75654  57.932  8.337  11.796 0.0000000000
77804  59.990  11.046  11.571 0.0000000000
151153  46.103  4.103  11.704 0.0000000000
132897  48.944  5.005  11.498 0.0000000000
72585  48.607  5.185  13.748 0.0000000000
152104  38.420  -1.392  23.931 0.0000000000
65928  40.184  -0.427  23.668 0.0000000000
67028  41.025  -0.288  26.785 0.0000000000
58159  40.028  -7.971  35.465 0.0000000000
58175  39.451  -6.961  32.255 0.0000000000
59345  42.344  -5.857  36.050 0.0000000000
146751  54.924  8.466  2.438 0.0000000000
76853  55.633  9.505  0.193 0.0000000000
149007  58.503  8.264  2.261 0.0000000000
75756  61.521  8.860  2.277 0.0000000000
125938  63.369  10.813  -7.249 0.0000000000
76907  62.973  9.633  -5.023 0.0000000000
140137  64.259  9.407  -3.612 0.0000000000
76893  61.727  9.315  -3.593 0.0000000000
143873  30.409  -12.257  40.001 0.0000000000
51734  33.453  -13.137  40.617 0.0000000000
52693  33.432  -12.887  44.574 0.0000000000
53716  16.791  -12.000  49.304 0.0000000000
126005  19.077  -10.848  53.229 0.0000000000
54754  16.529  -10.968  52.570 0.0000000000
75730  54.277  8.245  4.946 0.0000000000
76800  56.713  9.109  6.672 0.0000000000
75700  54.091  8.533  6.659 0.0000000000
74660  54.542  8.102  9.065 0.0000000000
129594  55.739  7.143  11.810 0.0000000000
69260  46.716  2.927  16.439 0.0000000000
136055  48.563  4.447  16.877 0.0000000000
70286  49.190  4.022  18.989 0.0000000000
61768  38.495  -4.266  25.666 0.0000000000
61554  42.098  -4.087  40.040 0.0000000000
45935  9.605  -18.341  49.949 0.0000000000
49476  10.120  -15.922  52.655 0.0000000000
47163  8.268  -17.679  52.538 0.0000000000
68252  44.385  1.925  14.170 0.0000000000
67128  44.610  0.983  16.211 0.0000000000
67099  45.639  0.503  19.735 0.0000000000
155350  45.841  0.626  22.765 0.0000000000
55004  34.582  -9.852  30.892 0.0000000000
127872  36.866  -9.386  34.870 0.0000000000
57131  38.992  -9.041  38.957 0.0000000000
153626  36.343  -11.290  41.243 0.0000000000
55906  37.496  -9.265  42.050 0.0000000000
129325  28.003  -10.060  47.169 0.0000000000
54763  27.268  -10.978  50.096 0.0000000000
54795  25.264  -10.341  47.568 0.0000000000
128977  23.019  -12.286  47.284 0.0000000000
52670  20.070  -12.883  46.927 0.0000000000
51738  18.871  -13.642  40.636 0.0000000000
51699  18.042  -13.253  43.702 0.0000000000
51665  17.018  -12.908  45.458 0.0000000000
51650  14.423  -14.041  45.968 0.0000000000
49548  12.700  -15.565  45.832 0.0000000000
48480  10.957  -17.284  46.695 0.0000000000
156781  28.205  -10.693  33.169 0.0000000000
56009  26.168  -10.032  33.127 0.0000000000
130806  28.195  -11.143  36.810 0.0000000000
53814  27.786  -11.087  40.022 0.0000000000
54831  28.031  -10.740  43.804 0.0000000000
77837  63.622  10.095  7.383 0.0000000000
77820  60.100  11.780  9.296 0.0000000000
71560  49.128  5.453  9.013 0.0000000000
152756  52.236  6.008  11.952 0.0000000000
74618  55.403  7.229  14.523 0.0000000000
73548  51.333  6.424  16.622 0.0000000000
74589  54.398  7.787  16.630 0.0000000000
64918  40.705  -1.570  19.669 0.0000000000
67083  43.660  -0.020  22.889 0.0000000000
126563  46.457  1.439  26.227 0.0000000000
59424  39.158  -5.799  29.088 0.0000000000
62725  40.533  -2.992  29.280 0.0000000000
62678  43.200  -3.261  36.755 0.0000000000
64779  42.572  -1.591  33.358 0.0000000000
65881  41.710  -0.536  29.389 0.0000000000
68113  42.884  1.407  29.933 0.0000000000
68110  45.973  2.215  29.479 0.0000000000
77919  58.745  10.289  -2.907 0.0000000000
75792  61.758  8.682  -0.634 0.0000000000
76841  63.454  10.431  0.907 0.0000000000
53722  31.390  -12.574  48.604 0.0000000000
49512  11.713  -15.824  49.491 0.0000000000
50522  11.995  -14.348  51.282 0.0000000000
49485  11.135  -15.405  51.614 0.0000000000
68175  49.028  1.946  24.048 0.0000000000
69205  49.840  2.111  23.685 0.0000000000
44739  4.945  -20.024  51.968 0.0000000000
53894  30.976  -11.531  34.537 0.0000000000
53893  32.162  -11.494  35.357 0.0000000000
53861  32.386  -11.754  36.657 0.0000000000
52762  22.614  -12.329  39.145 0.0000000000
150508  22.387  -12.481  40.725 0.0000000000
52763  21.889  -12.830  39.481 0.0000000000
52806  23.063  -12.188  35.898 0.0000000000
52789  22.933  -12.162  37.275 0.0000000000
53828  23.906  -11.295  39.412 0.0000000000
52623  20.940  -12.392  49.527 0.0000000000
149544  21.047  -11.678  51.615 0.0000000000
76819  58.716  9.226  4.983 0.0000000000
77856  59.826  10.379  5.934 0.0000000000
76808  58.379  9.400  5.654 0.0000000000
75645  58.337  8.657  13.237 0.0000000000
76744  59.616  10.243  12.898 0.0000000000
70359  46.057  3.980  13.188 0.0000000000
71514  47.608  4.780  13.009 0.0000000000
133368  47.212  4.613  13.785 0.0000000000
63821  38.247  -2.462  24.826 0.0000000000
64874  38.800  -1.507  24.808 0.0000000000
67059  39.786  -1.135  25.279 0.0000000000
67030  40.400  -1.061  26.917 0.0000000000
58146  40.874  -7.884  37.767 0.0000000000
58157  41.468  -6.994  35.991 0.0000000000
131770  41.767  -6.631  38.274 0.0000000000
75761  56.202  8.264  3.212 0.0000000000
137665  56.541  8.372  2.258 0.0000000000
75745  57.683  8.372  3.486 0.0000000000
147456  58.721  8.377  3.196 0.0000000000
77954  61.466  10.774  -6.155 0.0000000000
77945  60.308  10.401  -4.617 0.0000000000
134503  62.045  9.517  -4.382 0.0000000000
129808  59.527  10.597  -4.137 0.0000000000
52730  30.669  -12.276  41.435 0.0000000000
52718  32.029  -12.757  42.269 0.0000000000
136947  32.142  -12.439  43.880 0.0000000000
52629  15.344  -12.769  48.729 0.0000000000
53683  16.816  -11.564  50.787 0.0000000000
53685  15.190  -11.881  51.318 0.0000000000
53651  13.041  -11.789  53.955 0.0000000000
54734  14.718  -10.951  54.167 0.0000000000
75732  52.672  8.231  4.648 0.0000000000
75711  53.965  8.395  5.879 0.0000000000
75712  53.018  8.167  5.621 0.0000000000
73632  51.690  7.165  8.311 0.0000000000
140043  53.224  7.768  8.460 0.0000000000
74661  53.663  7.578  9.192 0.0000000000
74653  55.083  7.337  10.609 0.0000000000
149547  53.793  6.847  10.504 0.0000000000
68218  47.009  2.206  18.041 0.0000000000
69250  47.988  3.174  18.234 0.0000000000
69236  48.412  2.667  19.614 0.0000000000
75749  53.528  8.430  3.448 0.0000000000
45910  8.842  -18.431  51.187 0.0000000000
45911  8.184  -18.693  51.363 0.0000000000
68266  42.789  1.089  13.447 0.0000000000
68235  44.621  1.359  15.447 0.0000000000
132197  43.434  0.510  15.109 0.0000000000
65981  43.095  -0.623  18.203 0.0000000000
65980  43.923  -0.065  18.126 0.0000000000
65964  44.294  -0.079  19.460 0.0000000000
67080  46.151  0.614  21.077 0.0000000000
145426  44.706  0.082  21.680 0.0000000000
55006  32.954  -10.599  30.580 0.0000000000
54941  35.311  -10.455  35.895 0.0000000000
56000  35.583  -9.980  34.132 0.0000000000
55976  36.582  -9.873  36.488 0.0000000000
55974  38.179  -9.229  36.334 0.0000000000
130620  37.722  -9.724  38.276 0.0000000000
51706  35.409  -13.288  42.485 0.0000000000
52728  34.988  -12.941  40.930 0.0000000000
52704  36.611  -12.421  43.370 0.0000000000
55892  37.424  -9.618  43.423 0.0000000000
58118  38.600  -8.075  42.732 0.0000000000
54807  26.966  -10.079  46.085 0.0000000000
130172  26.652  -10.069  46.900 0.0000000000
54821  25.683  -10.337  45.163 0.0000000000
52710  21.895  -12.958  43.386 0.0000000000
52682  23.274  -11.959  45.841 0.0000000000
52684  21.918  -12.984  45.194 0.0000000000
51645  21.550  -13.034  46.721 0.0000000000
51662  20.641  -13.151  45.429 0.0000000000
51758  18.942  -13.843  38.619 0.0000000000
146773  15.408  -14.375  41.737 0.0000000000
51727  17.059  -13.744  41.730 0.0000000000
51700  16.649  -13.490  43.522 0.0000000000
51682  17.261  -13.114  44.632 0.0000000000
51666  16.401  -13.285  44.879 0.0000000000
51667  15.677  -13.487  45.345 0.0000000000
51668  15.140  -13.875  44.886 0.0000000000
48479  12.092  -16.120  46.139 0.0000000000
53927  28.783  -10.898  31.936 0.0000000000
153631  27.416  -10.436  31.495 0.0000000000
134160  25.299  -10.516  34.939 0.0000000000
54943  26.084  -10.498  35.439 0.0000000000
54942  26.757  -10.465  35.351 0.0000000000
54929  26.831  -10.778  36.465 0.0000000000
53838  28.662  -11.529  38.505 0.0000000000
54903  26.634  -11.013  38.538 0.0000000000
129419  26.084  -10.476  42.493 0.0000000000
54853  26.933  -10.547  42.361 0.0000000000
54832  27.208  -10.482  43.878 0.0000000000
54818  28.254  -10.458  45.323 0.0000000000
54765  25.973  -10.787  50.056 0.0000000000
49469  8.897  -15.652  53.975 0.0000000000
50498  9.791  -14.198  54.695 0.0000000000
79817  63.961  11.823  4.471 0.0000000000
148662  62.446  12.084  6.967 0.0000000000
140632  63.232  11.483  6.952 0.0000000000
78822  63.252  11.307  7.873 0.0000000000
78813  63.139  10.889  8.809 0.0000000000
146740  57.099  9.551  8.043 0.0000000000
77833  58.406  10.257  7.715 0.0000000000
76771  58.806  10.449  9.172 0.0000000000
78785  61.362  11.742  11.554 0.0000000000
138768  50.596  5.696  13.462 0.0000000000
72606  50.543  5.489  11.659 0.0000000000
73596  52.735  6.215  13.136 0.0000000000
73586  54.113  6.570  13.364 0.0000000000
127850  53.876  6.713  14.228 0.0000000000
72529  50.005  5.171  18.298 0.0000000000
72551  49.775  5.391  16.602 0.0000000000
72528  51.044  6.149  18.380 0.0000000000
64903  38.875  -1.669  20.278 0.0000000000
67056  41.984  0.148  24.901 0.0000000000
65927  41.744  -0.230  23.526 0.0000000000
67055  42.943  0.228  24.626 0.0000000000
156154  44.627  0.521  24.308 0.0000000000
126054  44.541  1.017  26.482 0.0000000000
56057  35.560  -9.278  29.555 0.0000000000
57201  37.021  -8.437  30.153 0.0000000000
59384  40.529  -6.043  32.571 0.0000000000
58192  39.406  -6.322  30.696 0.0000000000
60529  40.518  -5.221  31.314 0.0000000000
61719  39.939  -4.510  29.124 0.0000000000
61704  41.161  -3.737  31.086 0.0000000000
62673  42.904  -3.354  38.129 0.0000000000
65849  42.815  -0.130  33.175 0.0000000000
65870  41.958  -0.847  31.084 0.0000000000
66978  42.505  0.316  31.171 0.0000000000
68114  42.213  0.440  29.526 0.0000000000
68089  43.001  1.308  31.306 0.0000000000
147419  57.112  9.055  0.131 0.0000000000
76870  58.822  9.478  -1.506 0.0000000000
76869  59.662  9.213  -1.636 0.0000000000
141130  60.099  8.589  -0.412 0.0000000000
76833  62.029  9.672  2.671 0.0000000000
76832  62.385  9.578  1.935 0.0000000000
77881  63.080  11.122  2.114 0.0000000000
78873  63.860  11.050  1.780 0.0000000000
77952  64.365  9.769  -5.978 0.0000000000
76875  63.854  9.322  -2.736 0.0000000000
130667  64.537  9.860  -0.842 0.0000000000
77899  64.224  10.130  -0.204 0.0000000000
53754  30.503  -11.189  45.249 0.0000000000
52681  32.168  -11.910  45.522 0.0000000000
154626  31.926  -11.979  47.830 0.0000000000
50547  13.148  -14.232  48.892 0.0000000000
52597  13.699  -12.823  51.101 0.0000000000
51601  12.962  -13.479  50.982 0.0000000000
51586  12.294  -13.373  52.235 0.0000000000
135909  11.642  -12.720  54.104 0.0000000000
73643  50.480  7.167  7.039 0.0000000000
128070  50.966  6.773  8.410 0.0000000000
68202  48.065  1.713  20.698 0.0000000000
69228  49.247  2.576  20.842 0.0000000000
69214  49.922  2.124  22.752 0.0000000000
157005  50.928  2.618  23.722 0.0000000000
45913  6.403  -19.229  51.679 0.0000000000
45914  5.488  -19.629  51.849 0.0000000000
45899  5.302  -19.610  53.174 0.0000000000
66010  42.568  -0.177  15.241 0.0000000000
152175  41.796  -1.284  18.225 0.0000000000
53940  32.996  -10.838  32.211 0.0000000000
53904  33.005  -11.131  33.787 0.0000000000
53891  33.841  -11.003  35.259 0.0000000000
54916  34.839  -11.065  37.417 0.0000000000
54856  24.722  -10.848  42.293 0.0000000000
54846  24.650  -10.771  43.943 0.0000000000
53806  23.357  -11.731  42.287 0.0000000000
52733  22.142  -12.691  41.972 0.0000000000
51710  20.954  -13.277  42.394 0.0000000000
137828  14.418  -14.806  42.869 0.0000000000
49604  13.317  -15.413  41.711 0.0000000000
53898  23.881  -11.368  35.209 0.0000000000
136838  25.231  -11.044  37.239 0.0000000000
54904  25.905  -10.903  38.675 0.0000000000
131851  24.797  -10.978  38.130 0.0000000000
54877  25.012  -10.727  40.522 0.0000000000
52620  23.682  -11.544  49.972 0.0000000000
77869  61.501  10.877  4.171 0.0000000000
128270  62.737  12.217  4.874 0.0000000000
78853  61.462  11.304  4.852 0.0000000000
126889  61.177  11.569  6.334 0.0000000000
79794  61.014  11.875  7.156 0.0000000000
75662  57.850  8.715  10.559 0.0000000000
76764  59.158  10.424  10.180 0.0000000000
133165  59.511  10.243  11.901 0.0000000000
150717  60.373  10.914  13.179 0.0000000000
137947  47.763  4.573  10.437 0.0000000000
71524  48.154  4.791  11.787 0.0000000000
126189  49.024  5.261  13.021 0.0000000000
72583  50.152  5.661  14.123 0.0000000000
73528  52.238  6.921  19.376 0.0000000000
64893  37.692  -1.540  21.982 0.0000000000
65950  39.307  -0.899  22.412 0.0000000000
65942  38.868  -0.793  23.243 0.0000000000
145995  40.527  -0.399  25.277 0.0000000000
67027  41.497  0.227  26.586 0.0000000000
57173  38.621  -8.243  33.515 0.0000000000
57190  38.424  -7.822  31.965 0.0000000000
131478  39.942  -7.412  34.108 0.0000000000
59357  40.924  -6.642  34.291 0.0000000000
139649  42.228  -5.099  34.434 0.0000000000
76843  54.219  9.145  1.317 0.0000000000
136878  54.724  9.933  0.112 0.0000000000
75788  55.637  8.989  0.968 0.0000000000
75774  56.959  8.490  1.493 0.0000000000
75786  58.593  8.489  0.656 0.0000000000
75784  60.103  8.342  0.636 0.0000000000
137170  59.878  8.394  2.596 0.0000000000
75743  60.601  9.170  3.752 0.0000000000
77964  61.560  11.515  -6.843 0.0000000000
126600  63.343  10.286  -6.486 0.0000000000
77943  64.254  9.622  -4.963 0.0000000000
77941  64.587  9.612  -4.360 0.0000000000
152452  63.835  9.621  -4.540 0.0000000000
76892  63.061  9.306  -3.802 0.0000000000
76876  62.904  9.035  -2.436 0.0000000000
139510  30.782  -12.120  37.952 0.0000000000
52772  32.103  -12.508  38.697 0.0000000000
51735  32.561  -13.056  40.779 0.0000000000
51708  33.691  -13.352  42.395 0.0000000000
51693  34.662  -13.532  43.954 0.0000000000
52625  18.232  -11.934  49.208 0.0000000000
141469  19.285  -11.324  51.333 0.0000000000
53700  18.328  -11.425  50.873 0.0000000000
132212  17.998  -10.823  52.494 0.0000000000
53668  14.925  -11.627  52.198 0.0000000000
54733  16.087  -10.720  54.094 0.0000000000
146893  55.963  8.419  4.941 0.0000000000
75709  56.607  8.904  6.059 0.0000000000
75710  55.462  8.601  6.065 0.0000000000
76801  56.038  8.989  6.914 0.0000000000
75689  55.581  9.008  7.785 0.0000000000
74688  52.655  8.100  6.945 0.0000000000
75684  54.356  8.481  8.141 0.0000000000
75670  56.146  8.725  9.203 0.0000000000
74652  56.658  8.071  10.412 0.0000000000
74631  57.231  7.789  11.979 0.0000000000
74625  57.109  7.685  12.907 0.0000000000
70332  46.507  3.227  15.650 0.0000000000
152896  47.413  4.295  15.330 0.0000000000
70313  47.906  4.059  16.535 0.0000000000
71461  48.833  4.324  17.693 0.0000000000
71438  50.131  4.951  19.078 0.0000000000
70273  49.656  3.329  20.502 0.0000000000
154888  50.462  4.182  20.653 0.0000000000
72515  51.364  5.564  20.282 0.0000000000
63794  39.097  -2.614  26.330 0.0000000000
60425  41.730  -5.479  39.708 0.0000000000
76845  52.896  9.820  1.344 0.0000000000
75764  53.533  8.673  2.641 0.0000000000
147159  54.821  8.273  3.698 0.0000000000
80777  59.364  13.915  -4.916 0.0000000000
79867  58.764  13.065  -4.863 0.0000000000
47198  10.128  -17.835  49.976 0.0000000000
48402  10.513  -16.722  51.276 0.0000000000
48403  9.865  -17.161  51.768 0.0000000000
48397  8.760  -16.955  52.931 0.0000000000
127028  7.575  -16.617  54.259 0.0000000000
47165  6.426  -18.041  52.969 0.0000000000
70361  44.948  3.187  12.938 0.0000000000
69310  43.762  2.597  12.646 0.0000000000
150371  44.855  2.675  13.669 0.0000000000
68240  45.139  1.967  15.241 0.0000000000
126556  45.616  1.671  16.638 0.0000000000
67111  46.130  1.397  18.046 0.0000000000
67129  43.961  0.371  16.532 0.0000000000
67112  45.537  0.876  18.273 0.0000000000
156067  46.730  1.317  19.324 0.0000000000
68196  46.830  0.990  20.763 0.0000000000
68186  47.351  1.174  22.536 0.0000000000
134919  47.356  1.443  24.091 0.0000000000
56027  36.063  -9.326  31.842 0.0000000000
54975  33.821  -10.462  32.289 0.0000000000
149308  35.996  -9.681  33.483 0.0000000000
56007  37.345  -8.877  33.223 0.0000000000
57159  38.714  -8.672  35.217 0.0000000000
143297  39.414  -8.856  37.270 0.0000000000
58134  40.480  -7.775  39.689 0.0000000000
52756  33.542  -12.443  38.968 0.0000000000
53824  34.960  -11.820  39.211 0.0000000000
54888  36.112  -10.856  39.395 0.0000000000
54852  36.817  -10.897  42.897 0.0000000000
55920  36.663  -10.643  41.455 0.0000000000
55934  37.162  -9.978  39.808 0.0000000000
57101  38.175  -9.148  40.473 0.0000000000
58127  39.294  -8.028  41.019 0.0000000000
59289  40.459  -6.837  41.144 0.0000000000
54781  29.466  -10.855  49.001 0.0000000000
153181  27.684  -10.227  49.162 0.0000000000
54785  26.218  -10.101  48.784 0.0000000000
152254  25.000  -10.483  48.822 0.0000000000
53756  24.321  -10.938  45.511 0.0000000000
53733  23.964  -11.152  46.936 0.0000000000
53725  23.798  -11.362  48.433 0.0000000000
52636  22.732  -12.342  48.781 0.0000000000
52638  21.077  -12.849  48.183 0.0000000000
52639  19.541  -12.430  48.270 0.0000000000
51746  20.391  -13.456  39.102 0.0000000000
51736  20.465  -13.425  40.752 0.0000000000
149645  19.401  -13.429  42.048 0.0000000000
50622  17.383  -13.858  40.249 0.0000000000
127004  18.657  -13.477  41.950 0.0000000000
51698  19.736  -13.274  43.740 0.0000000000
51664  18.941  -12.979  44.939 0.0000000000
52672  18.448  -12.671  46.249 0.0000000000
52640  18.733  -12.364  47.918 0.0000000000
52656  17.006  -12.510  47.324 0.0000000000
51633  15.441  -13.168  47.028 0.0000000000
51635  14.183  -13.960  47.148 0.0000000000
50590  14.165  -14.699  44.392 0.0000000000
50575  13.832  -14.501  45.927 0.0000000000
50565  13.613  -14.313  47.582 0.0000000000
49535  12.590  -15.340  47.541 0.0000000000
136781  11.734  -16.417  47.433 0.0000000000
48451  11.066  -17.028  48.457 0.0000000000
145108  10.182  -18.065  48.427 0.0000000000
45946  9.586  -18.549  48.435 0.0000000000
153718  29.949  -11.186  31.445 0.0000000000
136930  29.667  -11.190  32.892 0.0000000000
53879  29.677  -11.406  34.942 0.0000000000
154200  26.823  -10.093  32.924 0.0000000000
53880  28.715  -11.160  35.134 0.0000000000
153501  29.861  -11.669  36.523 0.0000000000
52775  29.547  -11.846  38.591 0.0000000000
52746  29.601  -11.887  40.063 0.0000000000
53790  29.523  -11.632  42.272 0.0000000000
53815  26.972  -10.754  40.043 0.0000000000
128234  28.161  -11.104  41.433 0.0000000000
53766  29.396  -11.128  43.994 0.0000000000
53755  29.809  -10.851  45.595 0.0000000000
54791  29.414  -10.402  47.439 0.0000000000
157216  10.636  -14.639  52.936 0.0000000000
51579  10.488  -13.741  54.151 0.0000000000
78841  63.779  11.507  5.624 0.0000000000
77847  58.928  10.286  6.849 0.0000000000
78824  59.775  11.302  7.686 0.0000000000
79775  61.484  12.363  9.147 0.0000000000
77811  60.346  11.724  10.235 0.0000000000
78801  61.631  12.155  10.037 0.0000000000
79773  62.589  11.575  9.367 0.0000000000
72660  49.175  6.085  7.932 0.0000000000
72639  50.201  5.974  9.057 0.0000000000
71532  49.060  5.037  10.587 0.0000000000
72616  50.549  5.527  10.719 0.0000000000
73614  52.205  6.184  10.845 0.0000000000
73604  53.587  6.414  11.959 0.0000000000
74627  55.561  7.090  13.608 0.0000000000
74603  56.804  7.910  14.692 0.0000000000
71495  48.484  4.839  15.577 0.0000000000
72562  50.273  5.757  15.621 0.0000000000
132351  51.668  6.487  15.744 0.0000000000
74579  52.910  7.464  18.167 0.0000000000
73547  52.942  7.253  16.588 0.0000000000
134697  53.271  7.106  15.712 0.0000000000
73564  54.503  7.481  15.818 0.0000000000
75615  56.633  8.157  15.479 0.0000000000
127189  40.339  -1.869  17.927 0.0000000000
64932  42.196  -1.042  19.533 0.0000000000
65949  40.409  -0.869  22.198 0.0000000000
65960  41.850  -0.919  21.176 0.0000000000
65947  43.256  -0.449  21.447 0.0000000000
67082  44.554  0.159  22.563 0.0000000000
68171  46.167  1.077  24.668 0.0000000000
68162  47.291  1.731  25.736 0.0000000000
58193  38.378  -7.320  30.378 0.0000000000
60599  38.791  -5.078  27.070 0.0000000000
61747  39.577  -4.038  27.896 0.0000000000
63764  40.115  -2.223  28.145 0.0000000000
61584  42.563  -4.908  38.171 0.0000000000
61614  42.881  -4.685  36.244 0.0000000000
128045  42.759  -3.944  34.660 0.0000000000
63718  42.938  -2.486  34.578 0.0000000000
62706  42.160  -3.245  32.770 0.0000000000
63739  41.467  -2.296  30.945 0.0000000000
64814  41.187  -1.357  29.817 0.0000000000
65887  40.472  -1.160  27.749 0.0000000000
153829  41.331  -0.589  27.944 0.0000000000
143912  41.900  0.327  28.257 0.0000000000
68140  42.727  1.227  28.173 0.0000000000
68101  43.649  1.944  31.212 0.0000000000
68111  44.351  2.027  29.660 0.0000000000
68139  44.435  1.478  27.942 0.0000000000
68137  46.451  1.704  27.884 0.0000000000
78906  57.854  12.545  -4.105 0.0000000000
77932  58.827  10.778  -3.759 0.0000000000
136008  60.190  9.678  -3.111 0.0000000000
75807  61.594  8.901  -2.170 0.0000000000
75791  62.478  8.962  -1.088 0.0000000000
75783  61.433  8.521  0.574 0.0000000000
76851  63.075  9.645  0.263 0.0000000000
76850  63.729  10.173  0.018 0.0000000000
78879  64.075  10.831  1.180 0.0000000000
54770  29.748  -11.373  49.194 0.0000000000
126832  30.739  -12.263  48.906 0.0000000000
48419  11.254  -16.430  49.751 0.0000000000
49501  11.453  -15.846  50.304 0.0000000000
48420  10.951  -16.533  50.471 0.0000000000
68169  48.843  2.139  24.891 0.0000000000
69183  49.468  2.564  25.368 0.0000000000
53878  30.787  -11.679  35.942 0.0000000000
53877  31.566  -11.634  35.827 0.0000000000
53862  31.519  -11.813  36.534 0.0000000000
52776  22.744  -12.249  38.239 0.0000000000
52777  22.037  -12.814  38.552 0.0000000000
130740  20.107  -12.153  49.577 0.0000000000
52609  20.846  -11.858  50.870 0.0000000000
52610  19.903  -11.763  50.474 0.0000000000
149392  57.899  8.961  5.117 0.0000000000
76809  57.476  9.055  5.742 0.0000000000
76736  58.801  9.230  13.849 0.0000000000
76725  58.653  9.208  14.522 0.0000000000
149611  46.532  4.206  13.652 0.0000000000
70346  46.642  4.112  14.359 0.0000000000
64865  38.677  -1.849  25.162 0.0000000000
65913  39.180  -1.523  25.473 0.0000000000
65912  39.439  -1.457  25.401 0.0000000000
145170  40.065  -1.228  26.614 0.0000000000
58140  41.301  -7.322  38.442 0.0000000000
58145  41.512  -7.190  37.518 0.0000000000
137375  41.494  -6.756  38.968 0.0000000000
75746  56.430  8.350  4.264 0.0000000000
147015  56.937  8.326  3.640 0.0000000000
127035  57.309  8.547  4.477 0.0000000000
75727  58.236  8.670  4.262 0.0000000000
149982  60.341  11.064  -5.554 0.0000000000
77946  59.523  11.152  -4.833 0.0000000000
52708  30.818  -12.044  42.888 0.0000000000
52707  31.572  -12.396  43.068 0.0000000000
138281  31.379  -12.027  43.816 0.0000000000
156881  14.592  -12.987  49.353 0.0000000000
52611  15.417  -12.484  49.546 0.0000000000
52612  14.861  -12.598  50.064 0.0000000000
75733  51.811  8.241  4.593 0.0000000000
75713  52.052  8.064  5.402 0.0000000000
73631  52.160  7.033  8.854 0.0000000000
74672  52.840  7.223  9.053 0.0000000000
73621  53.260  6.923  9.901 0.0000000000
127695  47.003  1.793  18.821 0.0000000000
69244  47.600  2.503  18.596 0.0000000000
69237  47.942  2.436  19.230 0.0000000000
45922  8.524  -18.859  50.660 0.0000000000
138592  42.475  0.392  14.065 0.0000000000
67157  43.212  0.787  14.320 0.0000000000
65974  42.972  -0.741  19.183 0.0000000000
65973  43.700  -0.324  18.915 0.0000000000
65957  44.197  -0.196  20.291 0.0000000000
54926  35.817  -10.315  36.511 0.0000000000
54940  36.000  -10.033  35.752 0.0000000000
54914  36.762  -9.959  37.346 0.0000000000
55961  37.488  -9.724  37.585 0.0000000000
54900  36.925  -10.052  38.245 0.0000000000
51692  35.519  -13.447  43.446 0.0000000000
51705  36.201  -12.995  42.987 0.0000000000
51691  36.275  -13.198  43.853 0.0000000000
131260  26.205  -10.301  44.661 0.0000000000
54820  26.524  -10.216  45.326 0.0000000000
134034  21.402  -13.140  43.856 0.0000000000
52698  21.971  -12.964  44.234 0.0000000000
51678  21.181  -13.155  44.630 0.0000000000
150911  21.290  -13.141  45.281 0.0000000000
50604  15.683  -14.129  42.420 0.0000000000
50596  15.895  -13.815  43.279 0.0000000000
51683  16.733  -13.323  44.197 0.0000000000
138790  16.108  -13.555  44.083 0.0000000000
51684  15.728  -13.622  44.642 0.0000000000
51685  15.309  -13.925  44.009 0.0000000000
54931  25.557  -10.989  36.381 0.0000000000
54944  25.679  -10.711  35.563 0.0000000000
125764  25.946  -10.828  36.087 0.0000000000
125836  26.385  -10.660  35.994 0.0000000000
54930  26.194  -10.939  36.694 0.0000000000
142998  26.887  -11.092  37.820 0.0000000000
54918  26.167  -11.028  37.695 0.0000000000
54844  25.740  -10.467  43.339 0.0000000000
54843  26.645  -10.467  43.193 0.0000000000
54833  26.377  -10.369  43.984 0.0000000000
130442  26.916  -10.330  44.623 0.0000000000
54766  25.247  -10.889  50.233 0.0000000000
154306  8.713  -15.054  55.224 0.0000000000
50499  9.172  -14.793  55.306 0.0000000000
78860  62.896  11.941  3.295 0.0000000000
79822  63.727  12.112  3.975 0.0000000000
79823  63.215  12.196  3.905 0.0000000000
152419  62.104  12.266  7.745 0.0000000000
79792  62.692  11.856  7.597 0.0000000000
79783  62.823  11.611  8.458 0.0000000000
147818  57.397  9.540  8.707 0.0000000000
76782  58.027  10.026  8.311 0.0000000000
76772  57.996  9.629  9.317 0.0000000000
72582  51.165  5.961  14.184 0.0000000000
72593  51.316  5.838  13.092 0.0000000000
72592  52.016  6.097  13.539 0.0000000000
150552  52.641  6.294  13.825 0.0000000000
73587  52.977  6.546  14.474 0.0000000000
141207  50.574  5.543  18.749 0.0000000000
128314  50.460  5.732  17.905 0.0000000000
144291  42.535  0.391  25.462 0.0000000000
67026  44.004  0.722  25.865 0.0000000000
138936  43.514  0.955  26.752 0.0000000000
56038  36.514  -8.854  30.671 0.0000000000
56056  36.304  -8.842  29.814 0.0000000000
57192  37.198  -8.514  31.025 0.0000000000
60513  41.351  -5.182  32.836 0.0000000000
59399  40.358  -5.790  31.905 0.0000000000
61677  41.001  -4.728  31.743 0.0000000000
61691  40.908  -4.407  31.127 0.0000000000
61690  41.319  -4.082  31.647 0.0000000000
65838  43.032  -0.156  34.114 0.0000000000
65862  42.518  -0.220  32.336 0.0000000000
66966  42.862  0.710  32.192 0.0000000000
66977  42.758  0.776  31.614 0.0000000000
68077  43.047  1.158  32.124 0.0000000000
75795  57.919  8.956  -0.138 0.0000000000
76862  57.191  9.414  -0.499 0.0000000000
144243  57.777  9.412  -0.803 0.0000000000
76871  58.035  9.689  -1.376 0.0000000000
76861  58.449  9.228  -0.831 0.0000000000
75802  59.243  9.073  -0.933 0.0000000000
75793  59.567  8.726  -0.489 0.0000000000
77876  61.973  10.445  3.298 0.0000000000
76826  62.578  10.479  2.418 0.0000000000
77875  62.678  11.280  2.846 0.0000000000
78868  63.286  11.594  2.604 0.0000000000
77951  64.792  9.626  -5.994 0.0000000000
76913  65.055  9.427  -5.848 0.0000000000
76866  63.721  9.466  -1.982 0.0000000000
77918  64.189  9.396  -2.267 0.0000000000
77909  63.723  9.452  -1.518 0.0000000000
77908  64.040  9.681  -1.133 0.0000000000
77900  63.872  9.961  -0.494 0.0000000000
53744  30.361  -10.882  46.240 0.0000000000
129008  31.143  -11.235  46.127 0.0000000000
132931  12.683  -14.786  48.844 0.0000000000
51613  12.842  -13.938  50.330 0.0000000000
50548  12.649  -14.539  49.641 0.0000000000
51603  11.790  -14.002  52.007 0.0000000000
51602  12.418  -13.723  51.533 0.0000000000
52568  12.358  -12.493  53.503 0.0000000000
52569  11.784  -13.000  53.372 0.0000000000
150126  49.926  6.759  7.358 0.0000000000
127871  50.421  6.777  7.820 0.0000000000
73634  49.783  6.380  7.915 0.0000000000
138393  48.162  1.534  21.367 0.0000000000
69223  48.712  1.936  21.152 0.0000000000
68194  49.102  1.768  22.494 0.0000000000
44745  5.993  -19.910  50.939 0.0000000000
45905  5.317  -19.344  52.819 0.0000000000
53925  31.000  -11.342  32.312 0.0000000000
53924  31.667  -11.303  32.639 0.0000000000
137725  31.743  -11.367  33.290 0.0000000000
53876  32.746  -11.508  36.002 0.0000000000
136536  33.053  -11.274  35.273 0.0000000000
53859  33.910  -11.286  36.460 0.0000000000
54928  34.474  -11.008  36.616 0.0000000000
54866  24.201  -11.083  41.614 0.0000000000
54867  23.953  -11.241  42.342 0.0000000000
151261  23.677  -11.448  41.781 0.0000000000
138924  21.852  -12.846  40.375 0.0000000000
53818  22.576  -12.339  41.376 0.0000000000
52747  21.967  -12.799  41.188 0.0000000000
52722  21.681  -13.001  42.580 0.0000000000
52734  21.470  -13.072  41.773 0.0000000000
53867  23.405  -11.866  36.572 0.0000000000
52813  23.330  -11.937  35.349 0.0000000000
53866  24.149  -11.328  36.584 0.0000000000
53882  24.466  -11.129  35.846 0.0000000000
133969  24.536  -11.120  37.287 0.0000000000
147374  24.106  -11.180  37.854 0.0000000000
53816  23.785  -11.399  40.289 0.0000000000
54892  24.514  -10.999  39.974 0.0000000000
54878  24.359  -11.034  40.815 0.0000000000
54865  24.869  -10.770  41.350 0.0000000000
52607  23.137  -11.948  50.476 0.0000000000
53698  23.267  -12.189  51.194 0.0000000000
157341  61.040  10.346  4.428 0.0000000000
77870  60.890  10.609  4.895 0.0000000000
78843  60.650  11.027  5.998 0.0000000000
78833  60.476  11.274  6.726 0.0000000000
134078  60.283  11.459  7.283 0.0000000000
157684  58.038  8.598  11.175 0.0000000000
75661  58.433  9.080  10.894 0.0000000000
151580  58.518  8.895  11.618 0.0000000000
140812  46.575  4.210  11.126 0.0000000000
71534  47.456  4.472  11.267 0.0000000000
130236  46.754  4.283  11.952 0.0000000000
149621  47.908  4.945  13.575 0.0000000000
71513  48.304  5.043  13.027 0.0000000000
153901  49.184  5.345  13.526 0.0000000000
134703  49.338  5.400  14.063 0.0000000000
65952  37.719  -1.735  22.374 0.0000000000
139760  38.245  -1.246  23.326 0.0000000000
155569  38.467  -1.007  22.725 0.0000000000
65930  38.986  -0.965  24.113 0.0000000000
67043  40.412  -0.724  26.018 0.0000000000
67058  40.000  -0.831  25.199 0.0000000000
67042  40.943  -0.103  25.971 0.0000000000
57164  39.370  -8.213  34.916 0.0000000000
57172  39.351  -7.893  34.030 0.0000000000
58163  39.942  -7.717  34.697 0.0000000000
59346  41.984  -6.404  36.027 0.0000000000
59347  41.045  -6.989  35.161 0.0000000000
59356  41.523  -6.324  34.772 0.0000000000
59369  41.334  -6.073  34.086 0.0000000000
60472  42.072  -5.904  35.328 0.0000000000
75776  55.093  8.756  1.629 0.0000000000
156769  57.266  8.326  2.137 0.0000000000
75787  57.495  8.672  0.739 0.0000000000
75773  57.929  8.366  1.618 0.0000000000
75772  58.889  8.282  1.607 0.0000000000
147887  59.926  9.122  4.198 0.0000000000
75744  59.779  8.606  3.425 0.0000000000
76817  61.213  9.967  3.963 0.0000000000
76915  62.513  10.164  -5.953 0.0000000000
76914  63.425  9.899  -5.782 0.0000000000
76906  63.925  9.746  -5.255 0.0000000000
153629  63.082  9.092  -3.039 0.0000000000
75806  62.289  9.007  -2.849 0.0000000000
142354  30.775  -12.371  39.323 0.0000000000
52758  31.649  -12.650  39.430 0.0000000000
52759  31.089  -12.543  39.935 0.0000000000
52706  32.472  -12.823  43.087 0.0000000000
51709  32.870  -13.135  42.336 0.0000000000
51695  33.306  -13.183  43.121 0.0000000000
134643  34.115  -13.414  43.153 0.0000000000
51694  33.751  -13.245  43.914 0.0000000000
52626  17.441  -12.022  48.875 0.0000000000
53714  18.298  -11.718  50.036 0.0000000000
53701  17.556  -11.598  50.431 0.0000000000
53666  16.686  -11.305  51.598 0.0000000000
53665  17.417  -11.000  52.088 0.0000000000
54753  17.454  -10.739  52.964 0.0000000000
54742  17.736  -10.627  53.980 0.0000000000
54743  16.796  -10.707  53.572 0.0000000000
53686  14.330  -12.161  51.645 0.0000000000
53669  14.098  -11.874  52.472 0.0000000000
75729  55.254  8.388  5.163 0.0000000000
133566  55.999  8.606  5.659 0.0000000000
147203  54.755  8.409  5.749 0.0000000000
148133  54.756  8.560  6.364 0.0000000000
75699  54.788  8.769  6.919 0.0000000000
76792  56.004  9.094  7.398 0.0000000000
75690  54.896  8.816  7.572 0.0000000000
152501  51.447  7.722  6.329 0.0000000000
74689  51.940  7.885  6.674 0.0000000000
147450  53.876  8.065  8.565 0.0000000000
75683  55.087  8.698  8.381 0.0000000000
75671  55.463  8.442  9.157 0.0000000000
74659  56.037  8.200  9.791 0.0000000000
135080  55.656  7.310  11.097 0.0000000000
74641  56.465  7.552  11.278 0.0000000000
74632  56.459  7.361  12.309 0.0000000000
70314  47.228  3.747  15.970 0.0000000000
69259  47.396  3.309  16.898 0.0000000000
70287  48.592  3.707  18.422 0.0000000000
71439  49.613  4.593  18.667 0.0000000000
70277  49.762  4.352  19.406 0.0000000000
70266  49.948  2.951  21.274 0.0000000000
70264  50.865  4.203  21.143 0.0000000000
71386  51.556  4.601  21.663 0.0000000000
71400  51.231  4.953  20.996 0.0000000000
72501  51.916  5.529  21.377 0.0000000000
61775  38.133  -4.173  24.929 0.0000000000
62761  38.407  -3.329  25.234 0.0000000000
62750  38.781  -3.394  25.990 0.0000000000
76834  52.579  9.418  1.997 0.0000000000
75778  53.415  9.129  1.819 0.0000000000
156446  52.925  8.985  2.436 0.0000000000
75731  53.496  8.265  4.295 0.0000000000
75748  54.204  8.248  3.946 0.0000000000
155597  54.804  8.272  4.355 0.0000000000
47186  9.839  -17.879  50.595 0.0000000000
47176  8.644  -18.110  51.799 0.0000000000
47162  9.146  -17.476  52.195 0.0000000000
48388  8.404  -16.413  53.725 0.0000000000
47152  7.722  -17.159  53.375 0.0000000000
45904  5.942  -18.796  52.534 0.0000000000
45903  6.882  -18.554  52.272 0.0000000000
150070  44.981  3.457  12.336 0.0000000000
70371  44.421  3.114  12.447 0.0000000000
68276  43.313  1.885  13.105 0.0000000000
69311  42.965  2.273  12.471 0.0000000000
68264  44.069  2.214  13.409 0.0000000000
68251  45.034  2.311  14.520 0.0000000000
127447  44.652  1.730  14.822 0.0000000000
68234  45.227  1.627  16.027 0.0000000000
67120  45.137  1.194  16.768 0.0000000000
68227  45.735  1.404  17.368 0.0000000000
66000  42.786  -0.299  15.912 0.0000000000
65999  43.295  -0.108  16.459 0.0000000000
67106  45.045  0.331  19.056 0.0000000000
67113  44.694  0.372  18.182 0.0000000000
67105  45.776  0.731  19.059 0.0000000000
67098  46.254  0.916  19.515 0.0000000000
68204  46.793  1.144  19.963 0.0000000000
67090  46.211  0.726  20.268 0.0000000000
154721  45.999  0.556  21.741 0.0000000000
68187  46.800  0.924  21.791 0.0000000000
68178  46.558  0.924  22.849 0.0000000000
68177  47.336  1.254  23.297 0.0000000000
68170  46.565  1.083  23.856 0.0000000000
55023  34.268  -9.934  30.050 0.0000000000
131449  35.081  -9.593  30.242 0.0000000000
134507  35.409  -9.522  31.177 0.0000000000
53922  33.410  -10.799  33.043 0.0000000000
53921  34.316  -10.389  33.184 0.0000000000
54952  36.153  -9.764  34.934 0.0000000000
54962  35.251  -9.915  33.103 0.0000000000
55999  36.405  -9.522  34.153 0.0000000000
56008  36.625  -9.281  33.360 0.0000000000
55998  37.232  -9.080  34.150 0.0000000000
55997  38.015  -8.857  34.670 0.0000000000
148692  37.470  -9.132  34.935 0.0000000000
134101  39.023  -9.057  37.640 0.0000000000
57142  38.738  -9.094  36.948 0.0000000000
57141  39.600  -8.836  37.902 0.0000000000
57140  40.228  -8.449  38.265 0.0000000000
57130  39.579  -8.794  38.672 0.0000000000
52757  32.777  -12.676  39.170 0.0000000000
52771  32.900  -12.364  38.483 0.0000000000
52742  33.408  -12.881  39.781 0.0000000000
53812  35.615  -12.455  40.928 0.0000000000
52740  35.136  -12.309  40.135 0.0000000000
53801  35.931  -11.678  40.589 0.0000000000
54902  35.558  -11.180  38.874 0.0000000000
148828  36.099  -11.058  40.069 0.0000000000
57086  37.605  -9.120  42.942 0.0000000000
136049  37.185  -9.721  42.665 0.0000000000
136298  37.057  -9.934  41.735 0.0000000000
55919  36.973  -10.165  40.730 0.0000000000
55905  37.516  -9.508  41.120 0.0000000000
55933  37.898  -9.558  39.668 0.0000000000
152739  38.023  -8.882  41.438 0.0000000000
58117  39.205  -7.690  42.145 0.0000000000
58126  40.127  -7.555  40.605 0.0000000000
54792  29.020  -10.383  48.353 0.0000000000
54782  28.494  -10.578  49.244 0.0000000000
54783  28.069  -10.090  48.270 0.0000000000
54794  25.877  -10.149  47.155 0.0000000000
130243  26.489  -10.057  47.807 0.0000000000
140662  25.842  -10.163  47.938 0.0000000000
54786  25.432  -10.308  48.412 0.0000000000
132209  24.794  -10.577  48.080 0.0000000000
53782  23.773  -11.392  43.876 0.0000000000
53768  24.105  -11.066  44.685 0.0000000000
53769  23.549  -11.563  44.624 0.0000000000
52668  22.840  -12.439  46.415 0.0000000000
52667  23.441  -11.838  46.680 0.0000000000
52651  23.598  -11.625  47.541 0.0000000000
139382  23.175  -12.026  48.161 0.0000000000
52635  23.403  -11.747  49.060 0.0000000000
52652  22.513  -12.597  47.917 0.0000000000
52653  20.898  -12.979  47.282 0.0000000000
51632  21.736  -12.926  47.633 0.0000000000
126045  20.228  -12.719  47.809 0.0000000000
51748  18.761  -13.797  39.435 0.0000000000
137591  19.258  -13.669  40.006 0.0000000000
51737  19.634  -13.573  40.688 0.0000000000
51725  19.933  -13.488  41.439 0.0000000000
51726  19.150  -13.533  41.332 0.0000000000
50623  16.549  -14.106  40.017 0.0000000000
51740  16.766  -13.888  40.883 0.0000000000
51714  17.404  -13.549  42.391 0.0000000000
129922  17.881  -13.577  41.844 0.0000000000
51713  18.163  -13.388  42.686 0.0000000000
156428  18.934  -13.367  42.547 0.0000000000
125899  18.883  -13.285  43.265 0.0000000000
51680  19.501  -13.128  44.517 0.0000000000
125951  18.867  -13.195  44.134 0.0000000000
157155  17.676  -12.929  45.211 0.0000000000
52686  18.326  -12.848  45.441 0.0000000000
140678  17.681  -12.732  45.911 0.0000000000
52655  18.581  -12.530  47.087 0.0000000000
136351  17.749  -12.543  46.753 0.0000000000
133090  17.905  -12.372  47.601 0.0000000000
52673  16.902  -12.726  46.394 0.0000000000
51649  15.536  -13.326  46.173 0.0000000000
51634  14.764  -13.480  47.503 0.0000000000
127927  14.781  -13.683  46.569 0.0000000000
49582  13.914  -15.045  43.566 0.0000000000
143628  13.301  -15.022  45.646 0.0000000000
133035  13.210  -14.939  46.345 0.0000000000
50576  13.704  -14.457  46.786 0.0000000000
50566  13.144  -14.859  47.185 0.0000000000
50558  12.997  -14.678  48.098 0.0000000000
131364  12.711  -15.397  46.720 0.0000000000
48464  11.564  -16.693  46.629 0.0000000000
48450  11.593  -16.461  48.159 0.0000000000
48465  11.178  -17.058  47.506 0.0000000000
144529  10.641  -17.680  48.002 0.0000000000
47230  9.920  -18.293  47.628 0.0000000000
142657  9.217  -18.804  47.768 0.0000000000
142769  28.928  -10.939  32.829 0.0000000000
53908  29.379  -11.150  33.524 0.0000000000
149421  29.852  -11.365  34.092 0.0000000000
53895  29.070  -11.161  34.302 0.0000000000
56017  26.424  -9.986  32.346 0.0000000000
54965  26.818  -10.213  33.756 0.0000000000
53865  27.591  -10.828  36.232 0.0000000000
53881  27.712  -10.749  35.382 0.0000000000
53864  28.418  -11.107  35.961 0.0000000000
125922  29.274  -11.403  35.772 0.0000000000
147678  28.951  -11.416  36.429 0.0000000000
149663  29.695  -11.773  37.335 0.0000000000
53849  29.217  -11.669  37.855 0.0000000000
53826  28.177  -11.319  39.269 0.0000000000
52761  29.096  -11.707  39.318 0.0000000000
53813  28.690  -11.476  40.156 0.0000000000
52732  29.330  -11.709  40.826 0.0000000000
53803  28.676  -11.407  40.929 0.0000000000
54890  25.738  -10.738  39.506 0.0000000000
54889  26.406  -10.804  39.367 0.0000000000
54875  26.225  -10.624  40.114 0.0000000000
54842  27.486  -10.682  43.102 0.0000000000
53792  27.804  -10.859  42.300 0.0000000000
53781  28.322  -10.986  43.054 0.0000000000
53791  28.670  -11.258  42.293 0.0000000000
53767  28.737  -10.986  43.693 0.0000000000
136260  29.620  -10.970  44.823 0.0000000000
54830  28.697  -10.781  44.513 0.0000000000
54806  27.905  -10.204  46.185 0.0000000000
138342  28.671  -10.443  45.992 0.0000000000
150413  28.650  -10.180  47.594 0.0000000000
137072  27.991  -11.066  50.027 0.0000000000
134601  19.172  -10.951  52.298 0.0000000000
53680  19.972  -11.176  52.174 0.0000000000
150054  19.740  -10.994  52.875 0.0000000000
152022  10.192  -16.530  52.030 0.0000000000
49486  10.659  -15.965  51.847 0.0000000000
138146  10.270  -15.142  52.989 0.0000000000
51574  9.750  -14.099  55.615 0.0000000000
51573  10.293  -13.543  55.105 0.0000000000
52560  10.839  -13.019  55.509 0.0000000000
52552  10.958  -13.159  56.175 0.0000000000
153136  62.379  12.102  5.254 0.0000000000
79809  63.078  12.143  5.335 0.0000000000
79800  63.245  11.874  5.779 0.0000000000
78821  63.551  10.894  7.188 0.0000000000
76799  57.407  9.252  6.391 0.0000000000
76790  57.485  9.526  6.944 0.0000000000
78816  59.358  11.151  8.090 0.0000000000
77839  59.038  10.663  7.537 0.0000000000
78815  59.927  11.648  8.407 0.0000000000
78823  60.483  11.856  7.891 0.0000000000
78814  60.701  12.140  8.779 0.0000000000
76755  59.393  10.305  11.028 0.0000000000
77803  60.605  11.601  11.155 0.0000000000
78793  61.163  12.019  10.658 0.0000000000
78792  61.727  11.706  10.884 0.0000000000
78800  62.564  11.120  10.321 0.0000000000
72641  48.782  5.652  8.373 0.0000000000
72629  49.740  5.583  9.383 0.0000000000
71533  48.314  4.730  10.931 0.0000000000
72607  49.763  5.263  11.149 0.0000000000
72605  51.442  5.743  12.077 0.0000000000
72615  51.259  5.714  11.171 0.0000000000
150818  51.720  5.986  10.816 0.0000000000
72614  51.947  5.980  11.368 0.0000000000
73605  52.805  6.284  11.330 0.0000000000
73585  54.739  6.867  13.955 0.0000000000
73593  54.909  6.789  13.049 0.0000000000
74617  56.214  7.425  14.166 0.0000000000
71496  47.870  4.413  15.779 0.0000000000
131401  47.918  4.736  15.066 0.0000000000
71494  49.003  4.978  16.242 0.0000000000
73549  50.769  6.091  16.715 0.0000000000
147899  49.996  5.592  16.100 0.0000000000
73567  50.882  6.136  16.047 0.0000000000
72561  50.999  6.103  15.216 0.0000000000
74577  54.277  8.033  17.467 0.0000000000
74578  53.587  7.785  17.842 0.0000000000
74590  53.666  7.654  17.012 0.0000000000
73565  53.775  7.441  16.204 0.0000000000
148371  53.921  7.213  15.527 0.0000000000
74588  55.165  7.853  16.249 0.0000000000
129080  39.949  -1.752  19.426 0.0000000000
64934  40.582  -1.717  18.783 0.0000000000
64933  41.481  -1.412  18.991 0.0000000000
141296  41.467  -1.307  19.963 0.0000000000
65941  39.829  -0.647  23.049 0.0000000000
64891  39.852  -1.212  21.404 0.0000000000
65926  42.715  -0.149  23.180 0.0000000000
65939  42.069  -0.460  22.623 0.0000000000
65938  43.018  -0.347  22.314 0.0000000000
65959  42.656  -0.728  20.892 0.0000000000
65937  43.887  -0.142  22.003 0.0000000000
68164  45.836  1.098  25.484 0.0000000000
67038  45.287  0.790  24.736 0.0000000000
68163  46.654  1.391  25.257 0.0000000000
58176  38.981  -7.523  32.447 0.0000000000
57199  38.361  -7.584  31.166 0.0000000000
58184  38.914  -7.252  31.713 0.0000000000
59413  39.341  -6.052  29.862 0.0000000000
128229  38.868  -6.707  30.145 0.0000000000
59425  38.677  -6.186  28.603 0.0000000000
59435  39.044  -5.594  28.416 0.0000000000
61730  40.223  -3.692  29.058 0.0000000000
61731  39.914  -3.845  28.520 0.0000000000
62730  39.840  -3.122  27.990 0.0000000000
62729  40.188  -3.001  28.629 0.0000000000
61568  41.989  -4.819  39.623 0.0000000000
60424  42.124  -5.288  38.967 0.0000000000
61567  42.323  -4.457  39.132 0.0000000000
152694  43.052  -3.521  37.399 0.0000000000
141010  42.869  -4.128  37.709 0.0000000000
138634  43.063  -4.070  36.855 0.0000000000
61628  42.764  -4.517  35.309 0.0000000000
153325  42.917  -3.898  35.260 0.0000000000
130031  42.799  -0.887  33.728 0.0000000000
64767  43.054  -1.843  34.838 0.0000000000
63723  42.701  -2.426  33.794 0.0000000000
133573  42.529  -3.083  33.475 0.0000000000
63727  42.363  -2.350  33.041 0.0000000000
138337  41.862  -2.971  32.054 0.0000000000
63728  42.042  -2.301  32.311 0.0000000000
65875  41.709  -0.761  30.133 0.0000000000
64813  41.486  -1.443  30.554 0.0000000000
150417  41.402  -0.929  29.399 0.0000000000
64826  40.945  -1.325  28.948 0.0000000000
65882  41.321  -0.846  28.765 0.0000000000
156496  41.111  -0.869  28.128 0.0000000000
66997  41.644  -0.371  28.643 0.0000000000
68103  42.515  0.869  30.116 0.0000000000
68129  42.054  0.452  28.897 0.0000000000
143017  42.404  0.930  29.363 0.0000000000
68141  42.133  0.764  27.846 0.0000000000
133782  42.812  1.355  29.000 0.0000000000
69119  43.946  2.190  31.986 0.0000000000
69103  44.516  2.597  32.400 0.0000000000
68100  44.570  2.282  30.577 0.0000000000
156929  45.129  2.223  29.831 0.0000000000
68127  44.322  1.757  28.843 0.0000000000
126911  45.111  1.957  29.145 0.0000000000
68138  45.464  1.523  27.861 0.0000000000
68126  45.793  1.820  28.607 0.0000000000
79857  57.588  13.423  -3.820 0.0000000000
77903  54.431  10.684  -0.402 0.0000000000
77902  55.243  10.243  -0.495 0.0000000000
78895  58.060  11.080  -3.439 0.0000000000
76895  59.499  10.193  -3.406 0.0000000000
76878  59.529  9.839  -2.804 0.0000000000
75800  60.679  8.941  -1.749 0.0000000000
75799  61.595  8.763  -1.422 0.0000000000
75798  62.369  8.913  -1.953 0.0000000000
146668  60.270  8.319  1.279 0.0000000000
156600  60.691  8.364  0.789 0.0000000000
75770  61.130  8.467  1.420 0.0000000000
77887  62.993  10.463  1.643 0.0000000000
76842  62.764  9.618  1.107 0.0000000000
154301  63.790  10.557  0.638 0.0000000000
77894  63.949  10.467  0.444 0.0000000000
78874  63.761  10.785  1.234 0.0000000000
78872  64.234  11.066  1.884 0.0000000000
78925  62.492  11.635  -7.581 0.0000000000
78924  63.558  11.430  -7.947 0.0000000000
77931  64.767  9.762  -4.210 0.0000000000
53723  31.028  -11.894  48.574 0.0000000000
50537  12.272  -14.528  50.527 0.0000000000
50549  11.973  -15.169  50.014 0.0000000000
50538  11.621  -15.138  50.947 0.0000000000
50523  11.447  -14.761  51.799 0.0000000000
151115  48.501  1.670  23.617 0.0000000000
68184  49.129  1.791  23.232 0.0000000000
145775  30.597  -11.441  33.922 0.0000000000
130546  31.770  -11.478  34.560 0.0000000000
53860  33.267  -11.580  36.718 0.0000000000
53829  23.186  -11.847  39.731 0.0000000000
53817  23.034  -11.952  40.687 0.0000000000
53830  22.498  -12.398  40.021 0.0000000000
52798  22.813  -12.346  36.487 0.0000000000
53853  23.474  -11.639  38.004 0.0000000000
53841  23.315  -11.741  38.844 0.0000000000
129900  21.511  -12.160  50.317 0.0000000000
52608  22.403  -12.106  50.916 0.0000000000
52594  21.653  -11.911  51.311 0.0000000000
52595  21.554  -11.804  52.185 0.0000000000
76818  59.581  9.484  4.847 0.0000000000
77871  60.111  10.101  5.296 0.0000000000
76807  59.222  9.777  5.519 0.0000000000
77846  59.463  10.443  6.481 0.0000000000
75653  58.468  8.739  12.402 0.0000000000
143078  59.024  9.446  12.184 0.0000000000
76745  58.956  9.331  13.043 0.0000000000
76735  59.452  9.950  13.766 0.0000000000
70369  46.088  4.080  12.405 0.0000000000
71515  46.804  4.387  12.907 0.0000000000
71505  47.911  4.900  14.270 0.0000000000
65931  38.347  -1.485  24.107 0.0000000000
65919  38.950  -1.385  24.630 0.0000000000
67044  40.137  -1.049  26.146 0.0000000000
67029  40.676  -0.795  26.879 0.0000000000
58151  40.752  -7.903  36.861 0.0000000000
58158  40.784  -7.619  35.936 0.0000000000
58150  41.281  -7.385  36.703 0.0000000000
59336  41.802  -6.782  36.732 0.0000000000
59323  42.009  -6.375  37.471 0.0000000000
75762  55.250  8.288  3.127 0.0000000000
139071  55.680  8.412  2.357 0.0000000000
75760  57.075  8.281  2.853 0.0000000000
75759  57.856  8.287  2.566 0.0000000000
75726  59.151  8.853  4.185 0.0000000000
77944  61.468  10.076  -5.176 0.0000000000
76908  61.066  9.766  -4.187 0.0000000000
76894  60.212  10.014  -3.822 0.0000000000
52729  31.625  -12.748  41.322 0.0000000000
52719  31.163  -12.402  42.199 0.0000000000
52705  32.977  -12.835  43.887 0.0000000000
52628  16.104  -12.355  48.954 0.0000000000
53702  16.847  -11.813  50.050 0.0000000000
53703  16.144  -12.087  49.771 0.0000000000
53684  16.041  -11.692  51.069 0.0000000000
53667  15.809  -11.411  51.902 0.0000000000
52567  13.057  -12.256  52.946 0.0000000000
53650  13.716  -11.769  53.189 0.0000000000
134219  53.491  8.188  5.099 0.0000000000
75701  53.303  8.297  6.411 0.0000000000
74681  51.983  7.670  7.523 0.0000000000
74673  52.447  7.494  8.330 0.0000000000
131037  55.219  7.825  9.853 0.0000000000
74654  54.282  7.352  10.001 0.0000000000
74643  54.396  6.925  10.869 0.0000000000
74642  55.043  7.030  11.371 0.0000000000
68225  46.885  2.545  17.249 0.0000000000
69251  47.495  2.907  17.749 0.0000000000
69243  48.228  2.964  18.891 0.0000000000
70279  48.789  3.355  19.296 0.0000000000
70261  51.150  3.250  22.420 0.0000000000
129958  52.888  8.418  3.836 0.0000000000
45936  8.897  -18.853  49.955 0.0000000000
45921  9.234  -18.421  50.645 0.0000000000
45902  7.805  -18.333  52.052 0.0000000000
68265  43.644  1.494  13.857 0.0000000000
67145  44.004  1.207  14.764 0.0000000000
67135  44.025  0.750  15.643 0.0000000000
142126  42.797  -0.684  17.429 0.0000000000
65990  43.471  -0.224  17.269 0.0000000000
65972  44.323  0.057  18.752 0.0000000000
67100  44.935  0.130  19.982 0.0000000000
67091  45.544  0.365  20.538 0.0000000000
149139  45.450  0.317  21.346 0.0000000000
67081  45.424  0.379  22.207 0.0000000000
55005  33.804  -10.239  30.728 0.0000000000
53890  34.657  -10.648  35.324 0.0000000000
54953  34.861  -10.383  34.464 0.0000000000
138990  35.431  -10.210  35.080 0.0000000000
55988  36.705  -9.614  35.612 0.0000000000
55987  37.284  -9.326  35.430 0.0000000000
55975  37.412  -9.463  36.183 0.0000000000
55960  38.342  -9.425  37.778 0.0000000000
55947  38.319  -9.445  38.792 0.0000000000
51721  34.167  -13.230  41.135 0.0000000000
52741  34.274  -12.922  40.311 0.0000000000
51720  34.808  -13.269  41.717 0.0000000000
149696  36.091  -12.774  42.212 0.0000000000
129956  36.174  -12.111  41.554 0.0000000000
57072  37.869  -9.157  43.601 0.0000000000
57085  38.013  -8.648  42.369 0.0000000000
152364  27.362  -10.060  46.760 0.0000000000
54793  27.284  -10.011  47.562 0.0000000000
54808  25.975  -10.179  46.140 0.0000000000
54809  25.178  -10.382  46.687 0.0000000000
52709  22.597  -12.484  43.676 0.0000000000
52696  23.109  -11.977  45.032 0.0000000000
52697  22.561  -12.525  44.655 0.0000000000
52683  22.656  -12.511  45.546 0.0000000000
52669  22.143  -12.888  46.127 0.0000000000
129380  22.334  -12.771  47.016 0.0000000000
51646  20.741  -13.113  46.386 0.0000000000
51749  18.044  -13.839  39.744 0.0000000000
51728  16.137  -14.050  41.595 0.0000000000
51715  16.587  -13.714  42.578 0.0000000000
131869  17.344  -13.393  43.120 0.0000000000
153206  17.668  -13.186  44.211 0.0000000000
151096  17.278  -13.280  43.894 0.0000000000
138425  16.266  -13.063  45.803 0.0000000000
128525  14.985  -13.760  45.687 0.0000000000
152922  12.420  -15.751  46.420 0.0000000000
48491  11.618  -16.704  45.653 0.0000000000
54976  28.022  -10.673  31.714 0.0000000000
137462  28.127  -10.677  32.493 0.0000000000
56001  25.399  -10.310  34.098 0.0000000000
54966  25.970  -10.218  33.964 0.0000000000
134526  26.385  -10.298  34.674 0.0000000000
153595  27.025  -10.614  35.898 0.0000000000
144383  27.374  -10.919  36.815 0.0000000000
53850  28.371  -11.366  37.672 0.0000000000
53851  27.523  -11.094  37.426 0.0000000000
53839  27.617  -11.200  38.351 0.0000000000
53827  27.239  -10.999  39.269 0.0000000000
54864  25.527  -10.568  41.040 0.0000000000
147485  26.049  -10.519  40.746 0.0000000000
54854  26.278  -10.515  41.547 0.0000000000
131058  27.753  -10.496  44.576 0.0000000000
54819  27.390  -10.275  45.342 0.0000000000
48387  9.290  -16.211  53.223 0.0000000000
49468  9.696  -15.415  53.457 0.0000000000
50507  9.358  -14.943  54.303 0.0000000000
79801  62.659  12.050  6.129 0.0000000000
78831  62.906  11.852  6.560 0.0000000000
77838  63.449  10.502  8.004 0.0000000000
77830  63.353  9.954  8.658 0.0000000000
76791  56.743  9.326  7.318 0.0000000000
76783  57.679  9.785  7.528 0.0000000000
77832  58.826  10.676  8.209 0.0000000000
77831  59.406  11.199  8.800 0.0000000000
77793  60.801  11.510  12.073 0.0000000000
71561  48.365  5.134  9.091 0.0000000000
72595  49.617  5.300  12.223 0.0000000000
72594  50.555  5.578  12.631 0.0000000000
72604  52.104  5.989  12.683 0.0000000000
143100  52.827  6.217  12.309 0.0000000000
131168  53.316  6.413  13.643 0.0000000000
73576  54.480  7.102  14.927 0.0000000000
71476  49.222  4.913  17.138 0.0000000000
72537  49.880  5.301  17.484 0.0000000000
72536  50.365  5.769  17.088 0.0000000000
73537  51.012  6.238  17.426 0.0000000000
74576  55.031  8.191  17.087 0.0000000000
64919  39.195  -1.852  19.383 0.0000000000
64902  39.833  -1.554  20.317 0.0000000000
146592  40.836  -0.258  23.972 0.0000000000
65940  40.943  -0.514  22.989 0.0000000000
67071  42.374  0.009  24.054 0.0000000000
67070  43.338  0.104  23.773 0.0000000000
67069  44.364  0.289  23.548 0.0000000000
67054  43.870  0.342  24.411 0.0000000000
67025  44.935  0.874  25.654 0.0000000000
68152  45.470  1.150  26.348 0.0000000000
59385  39.945  -6.356  32.081 0.0000000000
58183  39.415  -6.638  31.502 0.0000000000
59400  39.929  -5.977  31.321 0.0000000000
60530  39.925  -5.496  30.437 0.0000000000
60564  39.464  -5.147  28.746 0.0000000000
60552  40.120  -4.822  29.852 0.0000000000
61718  40.487  -3.973  29.737 0.0000000000
61705  40.858  -3.837  30.520 0.0000000000
62668  42.492  -3.593  39.537 0.0000000000
63701  42.781  -3.093  39.017 0.0000000000
138843  43.012  -2.640  38.544 0.0000000000
63706  43.159  -2.694  37.653 0.0000000000
147683  42.494  -0.793  32.911 0.0000000000
64789  41.951  -1.506  31.793 0.0000000000
145459  42.194  -0.742  31.969 0.0000000000
65863  42.336  -0.176  31.526 0.0000000000
127596  42.170  -0.216  30.711 0.0000000000
66996  41.990  -0.022  29.468 0.0000000000
66990  42.330  0.296  30.288 0.0000000000
66989  42.660  0.809  30.868 0.0000000000
68102  42.833  1.174  30.596 0.0000000000
76852  56.485  9.423  -0.150 0.0000000000
157037  55.940  9.875  -0.530 0.0000000000
77901  56.556  9.862  -0.887 0.0000000000
77910  58.346  9.988  -2.085 0.0000000000
76879  59.189  9.685  -2.218 0.0000000000
75801  60.012  8.850  -0.997 0.0000000000
140208  60.834  8.631  -0.774 0.0000000000
77886  63.421  10.855  1.590 0.0000000000
78867  63.562  11.151  1.990 0.0000000000
157696  63.891  10.390  -6.902 0.0000000000
77962  64.077  10.658  -7.404 0.0000000000
125741  64.285  10.155  -6.734 0.0000000000
153032  64.562  10.044  -6.758 0.0000000000
77907  64.899  9.547  -1.366 0.0000000000
53765  30.165  -11.362  44.284 0.0000000000
53764  30.972  -11.657  44.477 0.0000000000
53753  31.381  -11.602  45.332 0.0000000000
156219  31.744  -11.622  46.052 0.0000000000
53730  31.593  -11.933  48.115 0.0000000000
52613  14.179  -12.915  50.215 0.0000000000
51612  13.491  -13.401  50.330 0.0000000000
52598  12.931  -13.098  51.729 0.0000000000
154504  12.483  -13.985  50.922 0.0000000000
52581  12.769  -12.800  52.460 0.0000000000
153572  12.596  -12.628  52.925 0.0000000000
53639  12.226  -12.150  54.478 0.0000000000
53631  12.264  -12.057  55.393 0.0000000000
74690  50.753  7.533  6.270 0.0000000000
73642  51.129  7.194  7.680 0.0000000000
128883  51.542  6.704  8.995 0.0000000000
68210  47.881  2.029  19.866 0.0000000000
69222  49.456  2.163  21.767 0.0000000000
69204  50.551  2.419  23.390 0.0000000000
69213  50.666  2.621  22.768 0.0000000000
44744  6.897  -19.555  50.924 0.0000000000
45898  5.696  -18.857  53.622 0.0000000000
45895  5.795  -19.209  53.732 0.0000000000
65982  42.248  -0.965  17.080 0.0000000000
130894  42.325  -0.991  17.852 0.0000000000
64945  42.315  -1.021  18.664 0.0000000000
53923  32.472  -11.160  32.981 0.0000000000
53903  33.799  -10.783  33.838 0.0000000000
53892  32.606  -11.307  34.555 0.0000000000
133010  33.421  -11.047  34.540 0.0000000000
148282  34.169  -10.726  34.560 0.0000000000
147941  34.757  -10.757  36.086 0.0000000000
54927  35.127  -10.669  36.637 0.0000000000
54915  35.628  -10.585  37.238 0.0000000000
54845  24.985  -10.681  43.166 0.0000000000
153883  25.214  -10.559  43.670 0.0000000000
54857  24.283  -11.072  43.106 0.0000000000
53794  23.611  -11.589  43.007 0.0000000000
143120  23.169  -11.836  41.563 0.0000000000
53807  22.752  -12.214  42.146 0.0000000000
53795  22.985  -12.105  42.905 0.0000000000
52721  22.359  -12.613  42.778 0.0000000000
51696  21.184  -13.208  43.183 0.0000000000
50613  15.495  -14.378  41.151 0.0000000000
50605  14.923  -14.533  42.224 0.0000000000
50598  14.621  -14.500  43.728 0.0000000000
49594  13.632  -15.341  42.653 0.0000000000
53897  24.620  -10.812  35.078 0.0000000000
54945  25.174  -10.804  35.731 0.0000000000
130084  25.752  -11.062  37.089 0.0000000000
54919  25.526  -11.016  37.961 0.0000000000
54905  25.307  -10.840  38.861 0.0000000000
54891  25.161  -10.758  39.703 0.0000000000
54906  24.652  -10.935  39.102 0.0000000000
54855  25.466  -10.599  41.889 0.0000000000
148674  25.392  -10.592  42.636 0.0000000000
79819  62.557  12.048  4.153 0.0000000000
78861  61.914  11.579  4.303 0.0000000000
78852  62.047  11.935  4.931 0.0000000000
127535  62.053  11.954  5.695 0.0000000000
77855  60.507  10.627  5.512 0.0000000000
78842  61.453  11.534  5.594 0.0000000000
147164  61.626  11.760  6.021 0.0000000000
78832  61.755  11.962  6.498 0.0000000000
79793  61.731  12.161  7.299 0.0000000000
75668  57.597  8.967  9.854 0.0000000000
129608  58.620  9.872  9.865 0.0000000000
75667  58.232  9.299  10.169 0.0000000000
77794  60.161  10.983  12.452 0.0000000000
132620  47.049  4.377  10.398 0.0000000000
71525  47.473  4.589  12.237 0.0000000000
150511  48.040  4.870  12.478 0.0000000000
71523  48.683  5.051  12.336 0.0000000000
72584  49.781  5.472  13.289 0.0000000000
73521  51.791  6.335  19.757 0.0000000000
64904  37.298  -1.631  21.227 0.0000000000
138311  38.209  -1.445  21.177 0.0000000000
64892  38.613  -1.201  21.927 0.0000000000
67074  39.396  -0.997  24.662 0.0000000000
67073  40.100  -0.493  24.505 0.0000000000
156206  40.754  -0.227  24.696 0.0000000000
67057  41.128  -0.017  25.182 0.0000000000
67041  41.630  0.256  25.739 0.0000000000
151435  42.181  0.522  26.291 0.0000000000
57174  37.991  -8.501  33.015 0.0000000000
57182  37.931  -8.314  32.267 0.0000000000
57181  38.518  -8.041  32.727 0.0000000000
58170  39.116  -7.738  33.169 0.0000000000
58169  39.701  -7.335  33.476 0.0000000000
130493  40.471  -7.527  35.150 0.0000000000
58168  40.307  -6.928  33.794 0.0000000000
59371  40.039  -6.746  32.917 0.0000000000
59370  40.833  -6.257  33.428 0.0000000000
60498  41.508  -5.522  33.525 0.0000000000
61644  42.079  -4.945  33.937 0.0000000000
76855  54.118  9.714  0.627 0.0000000000
76854  54.910  9.322  0.798 0.0000000000
75775  56.067  8.630  1.565 0.0000000000
147920  56.479  8.915  0.694 0.0000000000
75785  59.601  8.462  0.151 0.0000000000
134132  59.506  8.305  1.001 0.0000000000
75771  59.702  8.282  1.819 0.0000000000
141215  60.550  8.409  2.080 0.0000000000
156964  59.388  8.384  2.895 0.0000000000
75757  60.667  8.669  2.944 0.0000000000
151784  61.384  9.366  3.204 0.0000000000
77963  62.431  10.796  -6.784 0.0000000000
154751  60.815  11.510  -6.266 0.0000000000
77953  63.840  9.950  -5.944 0.0000000000
141211  64.469  9.575  -5.269 0.0000000000
77942  64.584  9.645  -4.547 0.0000000000
76905  64.423  9.690  -4.514 0.0000000000
76890  64.538  9.640  -4.415 0.0000000000
76891  63.960  9.515  -4.033 0.0000000000
137750  63.708  9.359  -2.966 0.0000000000
52787  30.370  -11.914  37.281 0.0000000000
136953  31.595  -12.223  37.969 0.0000000000
52773  31.209  -12.374  38.658 0.0000000000
157073  32.246  -12.714  39.284 0.0000000000
148745  32.969  -13.062  40.240 0.0000000000
51723  32.475  -13.023  41.640 0.0000000000
51722  33.323  -13.251  41.528 0.0000000000
51707  34.482  -13.425  42.443 0.0000000000
134456  34.842  -13.497  43.098 0.0000000000
52695  31.806  -11.979  44.619 0.0000000000
52694  32.723  -12.422  44.839 0.0000000000
52679  33.594  -12.701  45.503 0.0000000000
51677  34.093  -13.214  44.767 0.0000000000
52791  21.415  -13.187  37.936 0.0000000000
53713  18.991  -11.616  50.455 0.0000000000
53681  18.326  -11.053  51.815 0.0000000000
53682  17.522  -11.308  51.251 0.0000000000
53664  18.568  -10.834  52.580 0.0000000000
157499  18.555  -10.753  53.837 0.0000000000
52596  14.622  -12.421  50.787 0.0000000000
53648  15.544  -11.153  52.774 0.0000000000
53649  14.617  -11.345  53.193 0.0000000000
54745  15.391  -10.898  53.651 0.0000000000
54744  16.061  -10.829  53.304 0.0000000000
75728  56.710  8.662  5.260 0.0000000000
153416  56.027  8.740  6.092 0.0000000000
76810  56.035  8.833  6.416 0.0000000000
126713  55.397  8.783  6.644 0.0000000000
76784  56.283  9.260  7.943 0.0000000000
75681  56.655  9.211  8.777 0.0000000000
75702  52.474  8.080  6.193 0.0000000000
150889  53.455  8.353  7.135 0.0000000000
74680  52.891  7.966  7.703 0.0000000000
74671  53.656  8.247  7.887 0.0000000000
75691  54.210  8.586  7.337 0.0000000000
75682  55.853  8.938  8.532 0.0000000000
75669  56.812  8.686  9.656 0.0000000000
74651  57.276  8.477  10.294 0.0000000000
74640  57.382  8.149  11.052 0.0000000000
137913  55.873  7.662  10.487 0.0000000000
75646  57.799  8.186  12.629 0.0000000000
75638  57.666  8.155  13.497 0.0000000000
70347  46.161  3.356  14.831 0.0000000000
70331  46.832  3.924  15.155 0.0000000000
70299  48.101  3.716  17.487 0.0000000000
71460  49.447  4.771  17.926 0.0000000000
72522  50.690  5.239  19.580 0.0000000000
69235  48.991  3.004  20.078 0.0000000000
70278  49.411  3.691  19.740 0.0000000000
128961  50.657  3.407  21.591 0.0000000000
70272  50.036  4.120  20.210 0.0000000000
71418  50.253  4.680  19.734 0.0000000000
72514  52.103  6.261  20.641 0.0000000000
63808  38.704  -2.511  25.592 0.0000000000
63793  39.530  -2.134  26.787 0.0000000000
59288  40.959  -6.245  40.830 0.0000000000
61555  41.753  -4.730  40.393 0.0000000000
76844  53.584  9.582  1.104 0.0000000000
75777  54.244  8.675  2.113 0.0000000000
75763  54.352  8.392  3.036 0.0000000000
75747  55.518  8.279  4.087 0.0000000000
153290  59.062  12.517  -5.124 0.0000000000
47197  10.538  -17.477  49.621 0.0000000000
47185  10.461  -17.290  50.444 0.0000000000
47174  10.056  -17.417  51.108 0.0000000000
47175  9.419  -17.884  51.359 0.0000000000
48379  8.196  -15.971  54.570 0.0000000000
45912  7.353  -18.966  51.543 0.0000000000
47164  7.324  -17.859  52.743 0.0000000000
49457  7.622  -16.352  54.794 0.0000000000
70379  45.427  3.826  11.863 0.0000000000
70370  45.502  3.674  12.697 0.0000000000
70360  45.499  3.394  13.443 0.0000000000
69309  44.426  2.741  13.011 0.0000000000
69301  45.546  3.006  14.230 0.0000000000
69285  46.017  2.795  15.431 0.0000000000
69269  46.138  2.565  16.038 0.0000000000
68233  45.762  2.050  16.235 0.0000000000
68226  46.189  2.139  16.796 0.0000000000
140817  46.438  1.876  17.616 0.0000000000
67137  43.010  0.078  15.374 0.0000000000
67136  43.416  0.218  15.841 0.0000000000
67122  44.283  0.317  17.411 0.0000000000
137113  44.999  0.812  17.483 0.0000000000
67104  46.304  1.219  18.749 0.0000000000
68212  47.242  1.606  19.581 0.0000000000
68203  47.414  1.422  20.327 0.0000000000
68195  47.540  1.258  21.139 0.0000000000
135660  47.792  1.324  21.930 0.0000000000
68176  47.921  1.505  23.636 0.0000000000
135095  48.149  1.762  24.350 0.0000000000
127361  48.043  1.973  25.291 0.0000000000
56039  35.838  -9.232  30.425 0.0000000000
56026  36.651  -8.910  31.495 0.0000000000
53961  32.590  -10.863  31.413 0.0000000000
54988  33.401  -10.548  31.455 0.0000000000
54987  34.166  -10.149  31.547 0.0000000000
54963  34.891  -10.239  33.763 0.0000000000
54986  34.608  -10.032  32.314 0.0000000000
148225  34.814  -9.813  31.614 0.0000000000
56015  36.031  -9.524  32.719 0.0000000000
56014  36.776  -9.020  32.441 0.0000000000
57166  37.997  -8.700  33.815 0.0000000000
57165  38.687  -8.447  34.358 0.0000000000
57158  39.433  -8.479  35.755 0.0000000000
55986  37.986  -9.097  35.545 0.0000000000
57151  38.761  -8.888  36.065 0.0000000000
57157  40.130  -8.231  36.311 0.0000000000
57149  40.119  -8.475  37.278 0.0000000000
58141  40.753  -7.920  38.787 0.0000000000
58133  41.072  -7.237  39.324 0.0000000000
52785  32.386  -12.195  37.948 0.0000000000
149435  33.018  -12.073  37.913 0.0000000000
128585  33.478  -11.789  37.535 0.0000000000
52755  34.295  -12.474  39.484 0.0000000000
53825  34.251  -11.989  38.696 0.0000000000
139088  34.183  -11.620  37.895 0.0000000000
53836  34.897  -11.429  38.354 0.0000000000
132793  35.561  -10.879  38.033 0.0000000000
54901  36.184  -10.608  38.577 0.0000000000
53777  36.843  -11.503  43.429 0.0000000000
54863  36.561  -11.191  42.014 0.0000000000
55907  36.848  -10.404  42.353 0.0000000000
54874  36.397  -10.880  40.677 0.0000000000
54873  36.595  -10.568  39.970 0.0000000000
54887  36.742  -10.324  39.162 0.0000000000
55948  37.467  -9.860  38.989 0.0000000000
57117  38.650  -9.125  39.599 0.0000000000
57084  38.619  -8.607  40.967 0.0000000000
57100  39.006  -8.673  40.249 0.0000000000
57116  39.377  -8.736  39.445 0.0000000000
58135  39.757  -8.222  40.019 0.0000000000
59301  40.785  -7.042  40.229 0.0000000000
147387  29.312  -11.502  49.420 0.0000000000
54772  28.376  -10.964  49.783 0.0000000000
54773  27.659  -10.650  49.779 0.0000000000
54784  27.126  -10.014  48.541 0.0000000000
54774  26.953  -10.226  49.435 0.0000000000
54775  26.180  -10.417  49.667 0.0000000000
153180  25.618  -10.595  49.861 0.0000000000
53711  24.901  -10.647  49.566 0.0000000000
54835  24.866  -10.624  44.882 0.0000000000
54822  25.053  -10.480  45.779 0.0000000000
53745  24.474  -10.803  46.359 0.0000000000
53757  23.685  -11.462  45.295 0.0000000000
53746  23.852  -11.359  46.096 0.0000000000
53732  24.605  -10.672  47.223 0.0000000000
142911  24.155  -10.982  47.803 0.0000000000
53724  24.433  -10.806  48.688 0.0000000000
53712  24.077  -11.092  49.363 0.0000000000
52621  22.944  -12.056  49.616 0.0000000000
149930  22.344  -12.456  49.307 0.0000000000
52637  21.933  -12.761  48.620 0.0000000000
52622  21.724  -12.526  49.461 0.0000000000
127132  21.221  -12.673  48.915 0.0000000000
125903  20.388  -12.531  48.758 0.0000000000
153658  19.615  -12.230  48.987 0.0000000000
52778  21.242  -13.173  38.869 0.0000000000
52764  21.046  -13.246  39.924 0.0000000000
133422  20.074  -13.545  39.955 0.0000000000
51724  20.727  -13.340  41.583 0.0000000000
51711  20.168  -13.397  42.217 0.0000000000
51697  20.387  -13.322  43.032 0.0000000000
51739  18.153  -13.721  40.499 0.0000000000
135122  17.600  -13.710  41.070 0.0000000000
131590  18.388  -13.607  41.223 0.0000000000
51712  19.581  -13.352  42.807 0.0000000000
51679  20.245  -13.165  44.562 0.0000000000
51663  19.724  -13.019  45.204 0.0000000000
51647  19.918  -12.999  46.050 0.0000000000
51681  18.109  -13.078  44.612 0.0000000000
52685  19.103  -12.830  45.738 0.0000000000
52671  19.251  -12.748  46.582 0.0000000000
52654  19.399  -12.609  47.432 0.0000000000
151586  18.893  -12.142  48.726 0.0000000000
138172  18.082  -12.171  48.408 0.0000000000
52641  17.291  -12.269  48.140 0.0000000000
52642  16.580  -12.453  48.040 0.0000000000
155616  16.539  -12.721  46.945 0.0000000000
52657  16.131  -12.734  47.436 0.0000000000
52643  15.974  -12.616  48.252 0.0000000000
52644  15.366  -12.969  47.881 0.0000000000
51625  14.678  -13.277  48.391 0.0000000000
51626  14.106  -13.794  47.968 0.0000000000
145497  14.734  -14.239  44.439 0.0000000000
50583  14.436  -14.288  45.201 0.0000000000
49572  13.513  -15.257  44.318 0.0000000000
50584  13.732  -14.856  45.090 0.0000000000
51651  14.171  -14.107  46.477 0.0000000000
50557  13.533  -14.113  48.283 0.0000000000
49522  12.415  -15.291  48.373 0.0000000000
49549  12.177  -15.945  46.969 0.0000000000
49536  12.044  -15.857  47.857 0.0000000000
49523  11.898  -15.840  48.675 0.0000000000
48436  11.412  -16.419  48.970 0.0000000000
47229  10.530  -17.739  47.120 0.0000000000
47214  10.590  -17.572  48.835 0.0000000000
47215  10.011  -18.103  49.212 0.0000000000
132383  9.254  -18.722  49.203 0.0000000000
45947  8.744  -19.119  48.376 0.0000000000
145311  8.531  -19.241  49.255 0.0000000000
53943  30.409  -11.287  31.873 0.0000000000
144047  30.290  -11.312  32.618 0.0000000000
53944  29.338  -11.027  31.322 0.0000000000
53926  29.617  -11.165  32.128 0.0000000000
125576  30.510  -11.558  35.136 0.0000000000
153609  30.022  -11.550  35.662 0.0000000000
54977  27.292  -10.307  32.246 0.0000000000
54954  27.263  -10.463  34.582 0.0000000000
152227  27.773  -10.560  33.792 0.0000000000
53909  28.605  -10.887  33.679 0.0000000000
52788  29.994  -11.930  37.933 0.0000000000
52760  29.967  -12.035  39.322 0.0000000000
52745  30.130  -12.084  40.744 0.0000000000
52731  29.842  -11.866  41.505 0.0000000000
53779  30.074  -11.700  42.943 0.0000000000
53805  26.700  -10.624  40.784 0.0000000000
53804  27.501  -10.895  40.747 0.0000000000
151967  28.170  -11.182  40.661 0.0000000000
53780  29.219  -11.339  43.122 0.0000000000
130608  29.894  -11.460  43.588 0.0000000000
54817  29.080  -10.693  45.420 0.0000000000
54804  29.451  -10.591  46.348 0.0000000000
54803  30.138  -10.672  47.110 0.0000000000
126022  29.821  -10.653  48.227 0.0000000000
53699  20.312  -11.508  51.429 0.0000000000
53679  20.782  -11.461  52.253 0.0000000000
49502  11.048  -15.927  51.074 0.0000000000
50510  11.188  -14.367  52.520 0.0000000000
50506  10.129  -14.561  53.657 0.0000000000
51588  10.855  -14.023  53.269 0.0000000000
51578  11.200  -13.338  53.697 0.0000000000
52559  11.532  -12.547  55.117 0.0000000000
79818  63.385  12.217  4.581 0.0000000000
79808  63.609  11.862  5.125 0.0000000000
77858  58.068  9.446  6.138 0.0000000000
77857  58.861  9.949  6.161 0.0000000000
77840  58.294  10.046  7.201 0.0000000000
78834  59.690  10.916  6.996 0.0000000000
79786  61.386  12.258  8.121 0.0000000000
79785  61.896  12.345  8.618 0.0000000000
77821  59.563  11.164  9.741 0.0000000000
78802  60.926  12.184  9.733 0.0000000000
79774  62.022  12.152  9.349 0.0000000000
131626  62.887  10.841  9.679 0.0000000000
73633  50.292  6.351  8.480 0.0000000000
73624  50.823  6.306  9.070 0.0000000000
73623  51.391  6.254  9.686 0.0000000000
71544  48.378  4.827  10.045 0.0000000000
71543  49.091  5.204  9.714 0.0000000000
72617  49.808  5.364  10.212 0.0000000000
72628  50.556  5.794  9.775 0.0000000000
73615  51.910  6.237  10.291 0.0000000000
126937  52.627  6.450  10.419 0.0000000000
73613  53.253  6.582  10.645 0.0000000000
73612  53.712  6.584  11.155 0.0000000000
73602  55.015  6.832  12.177 0.0000000000
73594  54.261  6.557  12.500 0.0000000000
74633  55.681  7.073  12.698 0.0000000000
74626  56.351  7.344  13.251 0.0000000000
74616  56.959  7.749  13.814 0.0000000000
75628  57.541  8.252  14.368 0.0000000000
71506  47.295  4.484  14.668 0.0000000000
72573  48.701  5.114  14.741 0.0000000000
72563  49.624  5.398  15.832 0.0000000000
72564  49.091  5.161  15.470 0.0000000000
72572  49.662  5.455  14.953 0.0000000000
72571  50.444  5.798  14.818 0.0000000000
147257  51.646  6.305  14.901 0.0000000000
73529  51.667  6.522  18.879 0.0000000000
73536  51.649  6.632  17.985 0.0000000000
154393  51.672  6.656  17.219 0.0000000000
74591  53.077  7.474  17.412 0.0000000000
139322  52.062  6.835  16.571 0.0000000000
73566  52.521  6.868  15.807 0.0000000000
73578  52.308  6.563  15.071 0.0000000000
73577  53.582  6.899  15.011 0.0000000000
74605  55.275  7.502  15.409 0.0000000000
74587  55.931  7.986  15.852 0.0000000000
74604  56.067  7.630  15.034 0.0000000000
75614  57.396  8.477  15.293 0.0000000000
75627  58.155  8.849  14.882 0.0000000000
130853  41.153  -1.602  18.099 0.0000000000
65966  42.837  -0.768  20.048 0.0000000000
150942  39.082  -1.397  21.024 0.0000000000
64901  40.736  -1.350  20.559 0.0000000000
145061  41.467  -0.784  22.014 0.0000000000
143944  41.437  -1.139  20.672 0.0000000000
64917  42.085  -0.992  20.373 0.0000000000
65958  43.444  -0.494  20.593 0.0000000000
65946  44.059  -0.204  21.139 0.0000000000
67068  45.217  0.448  23.061 0.0000000000
67053  45.197  0.607  23.858 0.0000000000
67052  45.873  0.737  23.418 0.0000000000
127786  46.820  1.338  24.547 0.0000000000
135570  47.380  1.617  24.879 0.0000000000
57191  37.836  -8.151  31.468 0.0000000000
57200  37.749  -7.942  30.528 0.0000000000
129637  38.870  -6.956  30.940 0.0000000000
129784  38.369  -7.066  29.643 0.0000000000
143993  39.619  -4.532  28.444 0.0000000000
61759  39.216  -4.223  27.215 0.0000000000
61760  38.835  -4.306  26.460 0.0000000000
62749  39.146  -3.432  26.696 0.0000000000
140284  39.384  -2.716  26.902 0.0000000000
60439  41.812  -6.089  38.991 0.0000000000
139756  42.152  -5.832  38.213 0.0000000000
60451  42.458  -5.606  37.380 0.0000000000
62674  42.660  -3.945  38.600 0.0000000000
61599  42.798  -4.830  37.150 0.0000000000
60460  42.595  -5.422  36.534 0.0000000000
60484  42.367  -5.191  34.939 0.0000000000
61643  42.477  -4.637  34.472 0.0000000000
61659  42.393  -4.018  33.658 0.0000000000
63710  43.316  -2.412  36.781 0.0000000000
64766  43.220  -1.557  35.444 0.0000000000
63714  43.331  -2.048  36.080 0.0000000000
62683  43.230  -2.884  36.005 0.0000000000
62695  42.765  -3.223  34.207 0.0000000000
62700  41.929  -4.072  32.821 0.0000000000
62707  41.704  -3.705  32.185 0.0000000000
62717  41.174  -3.057  30.699 0.0000000000
62718  40.827  -3.026  30.008 0.0000000000
64801  41.720  -1.644  31.181 0.0000000000
63740  41.120  -2.179  30.265 0.0000000000
63751  40.824  -2.115  29.523 0.0000000000
63763  40.496  -2.129  28.792 0.0000000000
64833  40.093  -1.614  27.755 0.0000000000
64840  39.938  -1.485  27.233 0.0000000000
65893  40.241  -1.147  27.127 0.0000000000
65892  40.806  -0.913  27.501 0.0000000000
67014  41.214  -0.473  27.458 0.0000000000
140999  41.925  0.127  29.008 0.0000000000
67005  41.602  -0.170  28.062 0.0000000000
68142  41.611  0.138  27.466 0.0000000000
68155  42.056  0.618  27.072 0.0000000000
68154  42.693  0.990  27.382 0.0000000000
68088  43.444  1.702  32.036 0.0000000000
134953  43.127  1.529  30.670 0.0000000000
69118  44.506  2.463  31.561 0.0000000000
137387  43.599  1.883  30.241 0.0000000000
68112  43.517  1.724  29.366 0.0000000000
129031  43.503  1.531  28.497 0.0000000000
68153  44.205  1.202  27.186 0.0000000000
126648  45.028  1.256  27.154 0.0000000000
127950  45.940  1.405  27.093 0.0000000000
68151  46.690  1.608  27.060 0.0000000000
79856  58.181  13.308  -4.327 0.0000000000
146278  58.350  12.494  -4.522 0.0000000000
78905  58.344  11.655  -4.153 0.0000000000
78904  58.978  11.182  -4.354 0.0000000000
133845  60.839  9.552  -3.501 0.0000000000
76868  60.048  9.388  -2.385 0.0000000000
76877  61.057  9.180  -2.775 0.0000000000
76867  63.206  9.334  -1.539 0.0000000000
129993  60.554  8.431  0.090 0.0000000000
156073  61.275  8.537  -0.162 0.0000000000
75769  62.008  8.878  1.344 0.0000000000
75782  62.335  8.981  0.527 0.0000000000
133669  62.501  9.033  -0.256 0.0000000000
76860  63.214  9.545  -0.634 0.0000000000
77892  64.639  10.671  1.319 0.0000000000
48396  9.613  -16.750  52.503 0.0000000000
49455  8.730  -15.354  54.856 0.0000000000
50524  10.793  -15.183  52.340 0.0000000000
51572  10.935  -13.075  54.607 0.0000000000
51620  13.300  -13.827  49.623 0.0000000000
51648  16.121  -12.918  46.622 0.0000000000
51661  21.392  -13.138  45.862 0.0000000000
52580  13.513  -12.466  52.141 0.0000000000
52582  12.208  -12.961  52.857 0.0000000000
52627  16.755  -12.222  48.623 0.0000000000
52678  33.982  -12.772  46.394 0.0000000000
52716  36.580  -12.013  42.622 0.0000000000
52717  35.585  -12.904  41.596 0.0000000000
52720  30.354  -11.978  42.203 0.0000000000
52743  31.705  -12.798  40.314 0.0000000000
52744  30.935  -12.466  40.625 0.0000000000
52774  30.374  -12.135  38.624 0.0000000000
52786  31.157  -12.027  37.278 0.0000000000
53704  15.499  -12.141  50.419 0.0000000000
53710  29.983  -11.914  49.215 0.0000000000
53715  17.527  -11.830  49.645 0.0000000000
53742  31.709  -11.500  46.831 0.0000000000
53770  23.112  -11.969  44.235 0.0000000000
53793  27.239  -10.703  41.530 0.0000000000
53802  29.031  -11.509  41.547 0.0000000000
53811  35.646  -11.499  39.697 0.0000000000
53837  33.563  -12.044  38.255 0.0000000000
53840  24.026  -11.189  38.553 0.0000000000
53848  31.963  -12.010  37.284 0.0000000000
53874  34.200  -11.011  35.944 0.0000000000
53875  33.512  -11.290  35.939 0.0000000000
53883  23.725  -11.639  35.912 0.0000000000
53896  28.192  -10.839  34.478 0.0000000000
53905  32.178  -11.355  33.835 0.0000000000
53906  31.375  -11.448  33.878 0.0000000000
53907  30.116  -11.345  33.364 0.0000000000
54752  18.244  -10.703  53.174 0.0000000000
54776  25.561  -10.378  49.251 0.0000000000
54805  28.684  -10.269  46.767 0.0000000000
54841  37.027  -10.603  43.620 0.0000000000
54917  26.770  -10.974  37.138 0.0000000000
54932  24.924  -11.025  36.524 0.0000000000
54955  25.781  -10.403  34.799 0.0000000000
54964  27.517  -10.384  33.066 0.0000000000
55882  37.628  -9.612  43.832 0.0000000000
55918  37.531  -9.660  40.355 0.0000000000
55946  38.989  -9.108  38.289 0.0000000000
56013  37.470  -8.668  32.564 0.0000000000
56016  35.358  -9.668  32.129 0.0000000000
57054  38.046  -9.198  43.814 0.0000000000
57115  40.088  -8.378  39.155 0.0000000000
57150  39.461  -8.703  36.599 0.0000000000
58116  39.846  -7.287  41.586 0.0000000000
58162  40.451  -7.220  34.528 0.0000000000
59335  42.234  -6.098  36.697 0.0000000000
59414  38.787  -6.451  29.371 0.0000000000
60471  42.568  -5.296  35.721 0.0000000000
60485  41.885  -5.590  34.426 0.0000000000
60499  41.036  -5.682  32.911 0.0000000000
60514  40.887  -5.323  32.238 0.0000000000
60542  40.496  -4.661  30.488 0.0000000000
60553  39.665  -5.325  29.517 0.0000000000
60565  39.237  -4.964  27.913 0.0000000000
61541  41.570  -4.694  41.380 0.0000000000
61660  41.808  -4.733  33.180 0.0000000000
62684  43.103  -3.827  35.930 0.0000000000
62689  42.991  -3.247  35.144 0.0000000000
62712  41.538  -3.191  31.438 0.0000000000
62737  39.489  -3.311  27.347 0.0000000000
63715  43.141  -2.362  35.347 0.0000000000
63734  41.774  -2.321  31.612 0.0000000000
63777  39.744  -2.302  27.435 0.0000000000
64761  43.400  -1.234  36.207 0.0000000000
64788  42.233  -1.396  32.559 0.0000000000
64832  40.482  -1.482  28.247 0.0000000000
64849  39.803  -1.459  26.626 0.0000000000
64890  40.970  -1.056  21.337 0.0000000000
65902  39.653  -1.439  26.062 0.0000000000
65929  39.418  -0.661  23.881 0.0000000000
65948  42.403  -0.648  21.745 0.0000000000
65951  37.977  -1.386  22.600 0.0000000000
66967  42.645  0.338  31.910 0.0000000000
67039  44.382  0.602  25.028 0.0000000000
67040  43.481  0.472  25.228 0.0000000000
67067  46.130  0.663  22.274 0.0000000000
67072  41.444  -0.067  24.396 0.0000000000
67092  44.819  0.069  20.828 0.0000000000
67121  44.612  0.714  16.877 0.0000000000
67146  42.809  0.210  14.786 0.0000000000
68124  47.240  2.091  28.248 0.0000000000
68128  42.274  0.885  28.599 0.0000000000
68219  46.582  1.688  18.251 0.0000000000
68239  45.646  2.265  15.663 0.0000000000
69192  51.320  2.832  24.054 0.0000000000
69203  51.228  2.884  23.299 0.0000000000
69229  48.566  2.296  20.370 0.0000000000
69286  45.596  2.610  14.986 0.0000000000
70265  50.266  3.695  20.895 0.0000000000
71401  50.696  4.707  20.372 0.0000000000
71440  49.126  4.294  18.338 0.0000000000
71477  48.368  4.555  16.190 0.0000000000
72550  50.337  5.800  16.364 0.0000000000
72627  51.244  5.884  10.402 0.0000000000
72640  49.596  5.891  8.579 0.0000000000
73595  53.486  6.359  12.815 0.0000000000
73603  54.353  6.675  11.667 0.0000000000
75698  55.413  8.962  7.169 0.0000000000
75758  59.175  8.302  2.386 0.0000000000
76756  58.959  9.570  11.355 0.0000000000
76765  58.817  9.714  10.573 0.0000000000
77812  59.805  11.085  10.671 0.0000000000
77848  58.177  9.728  6.628 0.0000000000
78854  61.009  11.028  5.365 0.0000000000
79802  62.298  12.035  6.142 0.0000000000
125675  29.035  -11.554  37.101 0.0000000000
125911  38.590  -8.288  41.766 0.0000000000
127002  31.295  -11.585  35.224 0.0000000000
127057  37.235  -1.967  21.944 0.0000000000
127087  37.919  -9.474  36.951 0.0000000000
127663  32.467  -12.900  39.845 0.0000000000
127902  52.335  7.102  17.488 0.0000000000
127973  45.040  1.687  28.477 0.0000000000
129832  32.074  -11.631  36.076 0.0000000000
130302  42.871  -1.717  34.156 0.0000000000
131527  13.875  -13.336  49.677 0.0000000000
132997  39.454  -7.263  32.854 0.0000000000
134874  62.193  12.140  6.825 0.0000000000
137355  40.876  -1.090  28.299 0.0000000000
138977  62.113  11.717  10.197 0.0000000000
140922  43.479  1.283  27.652 0.0000000000
141938  31.614  -11.641  47.610 0.0000000000
143874  10.856  -16.946  49.921 0.0000000000
145299  41.656  -6.553  35.444 0.0000000000
145853  36.101  -9.185  31.118 0.0000000000
148530  52.927  6.813  15.206 0.0000000000
148914  63.009  12.297  4.358 0.0000000000
149070  16.265  -11.850  50.411 0.0000000000
149674  36.202  -10.217  37.068 0.0000000000
149803  32.749  -11.901  37.345 0.0000000000
150377  20.659  -12.060  50.138 0.0000000000
151469  16.352  -12.413  48.468 0.0000000000
151681  37.228  -9.682  36.913 0.0000000000
152873  30.355  -11.723  48.943 0.0000000000
153161  39.485  -1.717  19.844 0.0000000000
153975  42.656  0.750  26.722 0.0000000000
154330  31.103  -12.051  43.338 0.0000000000
154599  45.832  0.823  24.114 0.0000000000
155467  42.345  -0.737  32.451 0.0000000000
155492  48.615  1.619  21.917 0.0000000000
156500  41.805  0.063  28.580 0.0000000000
156702  30.319  -11.475  34.525 0.0000000000
156736  29.980  -10.590  47.663 0.0000000000
156802  61.869  8.693  0.011 0.0000000000
156803  34.088  -13.383  41.835 0.0000000000
156888  41.131  -7.614  37.211 0.0000000000
156990  18.619  -13.724  40.064 0.0000000000
157335  42.030  -0.243  30.024 0.0000000000
157422  31.638  -12.334  48.326 0.0000000000
