#!ascii label  , from subject NIHPD_75_135 vox2ras=TkReg
2242
70367  54.073  3.458  12.440 0.0000000000
52797  43.409  -11.454  36.535 0.0000000000
49613  27.728  -15.642  40.835 0.0000000000
45988  21.956  -18.989  45.185 0.0000000000
47254  37.845  -17.116  44.188 0.0000000000
49680  32.151  -15.397  33.461 0.0000000000
64960  48.383  -1.697  15.785 0.0000000000
72635  61.817  6.451  9.259 0.0000000000
63785  52.719  -1.630  27.135 0.0000000000
59465  42.239  -6.366  26.738 0.0000000000
51928  34.444  -12.829  22.910 0.0000000000
48474  29.872  -16.256  47.174 0.0000000000
144075  24.071  -16.728  43.059 0.0000000000
49509  25.969  -15.759  49.600 0.0000000000
134249  32.851  -18.381  42.847 0.0000000000
135211  56.277  1.426  24.342 0.0000000000
57050  43.551  -7.705  42.448 0.0000000000
59310  47.325  -6.113  37.579 0.0000000000
62704  45.692  -4.021  33.041 0.0000000000
56035  42.969  -9.259  31.652 0.0000000000
55101  38.645  -10.509  24.849 0.0000000000
152667  38.838  -12.489  29.990 0.0000000000
47448  26.199  -17.543  31.447 0.0000000000
49752  27.661  -15.678  27.565 0.0000000000
130575  57.522  5.021  10.637 0.0000000000
139360  55.350  2.930  4.821 0.0000000000
48617  24.210  -16.785  34.373 0.0000000000
47373  21.601  -17.568  37.262 0.0000000000
49623  41.843  -14.581  40.911 0.0000000000
50678  37.438  -13.961  34.813 0.0000000000
138039  35.879  -16.663  39.861 0.0000000000
47368  30.027  -17.184  37.364 0.0000000000
68250  50.236  1.628  14.483 0.0000000000
49447  22.817  -15.053  53.070 0.0000000000
48433  18.412  -16.554  49.109 0.0000000000
72559  60.079  5.963  16.166 0.0000000000
128901  56.527  4.887  18.182 0.0000000000
69234  52.843  1.898  20.421 0.0000000000
63853  51.371  -2.215  21.125 0.0000000000
62795  47.204  -2.562  21.885 0.0000000000
65859  51.166  0.070  32.330 0.0000000000
133414  46.790  -2.272  27.215 0.0000000000
146153  41.798  -4.706  21.279 0.0000000000
57313  37.679  -8.287  20.047 0.0000000000
50759  33.347  -14.689  28.129 0.0000000000
50532  30.390  -14.536  49.661 0.0000000000
49532  27.723  -15.126  48.243 0.0000000000
51597  28.116  -13.182  50.196 0.0000000000
47191  32.153  -15.979  48.096 0.0000000000
53823  44.962  -10.689  39.419 0.0000000000
148159  45.618  -9.650  37.348 0.0000000000
57170  45.641  -8.047  34.774 0.0000000000
54961  43.081  -10.610  34.038 0.0000000000
53974  41.167  -11.111  31.001 0.0000000000
52834  40.867  -11.921  33.141 0.0000000000
44864  24.098  -19.270  30.496 0.0000000000
129114  25.034  -18.351  28.799 0.0000000000
71531  55.653  4.106  11.633 0.0000000000
141936  54.106  3.765  7.914 0.0000000000
70402  52.782  3.157  9.561 0.0000000000
149826  26.067  -15.731  37.817 0.0000000000
47394  22.951  -16.933  35.460 0.0000000000
154690  24.115  -16.328  38.237 0.0000000000
46004  23.054  -18.881  44.126 0.0000000000
140611  21.826  -18.311  40.686 0.0000000000
128283  20.466  -18.647  42.150 0.0000000000
47293  18.757  -17.691  43.536 0.0000000000
52703  41.294  -12.764  43.152 0.0000000000
48506  40.083  -16.334  42.967 0.0000000000
48555  38.773  -16.389  40.477 0.0000000000
46039  37.722  -17.496  42.566 0.0000000000
47304  30.470  -16.759  42.063 0.0000000000
46055  31.467  -17.673  39.933 0.0000000000
48569  28.953  -16.741  38.243 0.0000000000
47393  27.235  -16.954  35.161 0.0000000000
67133  49.429  0.705  15.340 0.0000000000
143085  48.172  -0.146  12.024 0.0000000000
64999  47.315  -1.659  12.666 0.0000000000
49483  16.778  -15.555  51.456 0.0000000000
70275  54.444  4.027  19.451 0.0000000000
70270  55.978  3.479  21.590 0.0000000000
64857  55.037  -0.370  26.290 0.0000000000
65925  53.833  -0.383  23.249 0.0000000000
128844  51.797  -2.046  23.481 0.0000000000
62805  49.530  -2.648  21.394 0.0000000000
131716  50.036  -2.356  24.251 0.0000000000
61703  44.516  -4.971  30.419 0.0000000000
62715  45.893  -2.767  30.018 0.0000000000
61758  43.899  -4.068  27.155 0.0000000000
62759  44.030  -3.491  24.870 0.0000000000
60613  42.146  -5.297  24.322 0.0000000000
154248  40.154  -6.159  21.628 0.0000000000
58267  40.286  -7.079  23.723 0.0000000000
54049  36.922  -11.048  21.754 0.0000000000
50681  34.593  -14.605  33.818 0.0000000000
50713  35.430  -14.292  31.201 0.0000000000
50715  33.209  -14.590  30.930 0.0000000000
50812  28.953  -14.758  25.152 0.0000000000
70418  63.832  3.574  6.476 0.0000000000
71598  61.817  4.634  6.550 0.0000000000
49566  29.256  -15.897  43.925 0.0000000000
135550  26.159  -15.380  42.095 0.0000000000
148126  26.953  -15.107  45.364 0.0000000000
48475  25.024  -16.377  46.438 0.0000000000
138392  24.076  -18.254  46.817 0.0000000000
48456  35.431  -16.571  46.566 0.0000000000
46018  35.374  -17.794  44.177 0.0000000000
45967  33.594  -17.368  46.200 0.0000000000
145547  31.594  -17.053  44.946 0.0000000000
69199  57.360  2.778  23.598 0.0000000000
65879  54.538  -0.315  28.964 0.0000000000
145815  46.927  -5.433  35.759 0.0000000000
59398  44.736  -6.414  32.339 0.0000000000
57218  42.243  -8.101  29.215 0.0000000000
57251  40.421  -8.523  26.361 0.0000000000
55052  40.316  -10.113  28.195 0.0000000000
52882  39.070  -11.940  27.695 0.0000000000
51898  36.747  -13.272  26.320 0.0000000000
48643  29.027  -16.394  32.653 0.0000000000
49725  29.732  -15.209  30.428 0.0000000000
48672  27.149  -16.285  29.679 0.0000000000
72624  59.596  5.825  9.976 0.0000000000
71590  59.037  4.993  6.687 0.0000000000
71593  56.407  4.528  7.383 0.0000000000
47349  23.103  -17.250  39.745 0.0000000000
126880  43.534  -12.136  41.391 0.0000000000
51755  43.334  -13.028  38.807 0.0000000000
139457  40.953  -13.185  35.966 0.0000000000
50643  40.236  -14.452  39.088 0.0000000000
49653  37.063  -15.065  37.510 0.0000000000
49657  33.880  -15.810  36.118 0.0000000000
151671  34.384  -17.792  41.424 0.0000000000
47365  32.492  -17.155  37.953 0.0000000000
48602  30.691  -16.648  35.201 0.0000000000
46102  28.477  -17.151  34.578 0.0000000000
46120  26.170  -17.499  32.582 0.0000000000
145640  52.340  2.779  13.327 0.0000000000
69329  50.665  2.020  10.321 0.0000000000
68285  49.473  1.197  11.277 0.0000000000
129320  24.841  -16.443  51.337 0.0000000000
45930  22.627  -18.581  49.248 0.0000000000
148641  20.803  -17.245  51.552 0.0000000000
47226  20.396  -17.980  47.415 0.0000000000
72601  60.520  6.400  12.472 0.0000000000
71510  58.658  5.260  12.960 0.0000000000
71512  56.765  4.054  13.809 0.0000000000
70328  55.113  3.636  15.189 0.0000000000
70330  53.535  3.378  15.988 0.0000000000
68223  51.555  2.048  17.638 0.0000000000
67110  50.425  0.085  18.457 0.0000000000
68183  55.802  1.721  23.045 0.0000000000
65956  51.978  -0.167  20.715 0.0000000000
63873  50.164  -2.085  18.747 0.0000000000
62839  48.994  -2.965  18.903 0.0000000000
131837  46.489  -3.147  18.905 0.0000000000
64821  52.847  -1.389  30.028 0.0000000000
64786  48.822  -0.474  32.730 0.0000000000
136468  49.600  -1.016  30.279 0.0000000000
63788  49.870  -1.678  26.975 0.0000000000
134731  47.197  -2.287  24.922 0.0000000000
62797  44.380  -3.153  22.324 0.0000000000
56146  37.738  -9.438  22.140 0.0000000000
50710  38.064  -13.406  32.419 0.0000000000
50745  36.084  -13.903  29.299 0.0000000000
50781  33.741  -14.359  26.054 0.0000000000
50773  30.891  -14.614  28.058 0.0000000000
128795  31.139  -14.569  24.916 0.0000000000
50519  29.112  -13.855  50.097 0.0000000000
52589  29.103  -12.502  49.841 0.0000000000
53835  44.671  -11.141  38.357 0.0000000000
54898  45.429  -10.009  38.386 0.0000000000
53845  44.725  -10.650  37.369 0.0000000000
54938  44.713  -10.115  36.144 0.0000000000
131377  43.095  -11.036  35.244 0.0000000000
53920  41.935  -11.224  33.454 0.0000000000
130340  42.303  -11.598  34.723 0.0000000000
70366  54.873  3.747  12.063 0.0000000000
134477  54.193  3.696  10.745 0.0000000000
156423  53.644  3.443  11.076 0.0000000000
49630  26.850  -15.681  39.398 0.0000000000
48572  25.541  -15.724  38.489 0.0000000000
49631  25.869  -15.617  39.433 0.0000000000
45987  22.829  -19.021  44.942 0.0000000000
148415  21.817  -19.138  43.294 0.0000000000
46022  20.897  -18.868  43.443 0.0000000000
46036  19.607  -18.281  42.426 0.0000000000
156363  20.148  -18.128  44.554 0.0000000000
49541  37.749  -15.639  45.227 0.0000000000
49554  39.301  -15.696  44.221 0.0000000000
50589  40.219  -15.102  43.698 0.0000000000
48497  39.602  -16.487  43.293 0.0000000000
47300  39.477  -16.852  42.711 0.0000000000
46014  38.745  -17.316  43.164 0.0000000000
48549  29.276  -16.156  41.204 0.0000000000
48548  29.923  -16.666  40.681 0.0000000000
48560  28.793  -16.240  39.916 0.0000000000
48571  27.618  -16.052  38.116 0.0000000000
65997  48.915  -0.402  15.961 0.0000000000
66024  48.017  -0.426  13.872 0.0000000000
64972  47.952  -0.999  14.553 0.0000000000
71382  57.425  4.964  22.158 0.0000000000
71398  56.341  4.399  20.981 0.0000000000
70259  57.204  4.088  22.177 0.0000000000
145090  53.506  -1.422  26.789 0.0000000000
63813  53.029  -1.545  24.952 0.0000000000
63801  52.620  -1.718  25.517 0.0000000000
63830  51.210  -2.319  23.448 0.0000000000
125388  51.203  -2.082  24.991 0.0000000000
140189  43.067  -5.949  28.050 0.0000000000
61728  44.025  -4.686  28.670 0.0000000000
60583  43.235  -5.349  27.730 0.0000000000
150319  43.274  -4.437  26.076 0.0000000000
59478  41.791  -6.102  25.282 0.0000000000
59488  41.239  -6.305  24.197 0.0000000000
153218  40.850  -7.002  25.042 0.0000000000
49679  33.050  -15.094  33.510 0.0000000000
50689  33.892  -14.685  33.128 0.0000000000
155117  32.755  -14.850  32.181 0.0000000000
148017  62.945  5.095  7.866 0.0000000000
71588  61.420  5.210  7.318 0.0000000000
49555  29.311  -15.900  45.566 0.0000000000
49567  28.398  -15.488  45.145 0.0000000000
49556  28.445  -15.487  46.068 0.0000000000
50556  26.788  -14.885  48.786 0.0000000000
49533  26.214  -15.073  47.515 0.0000000000
49534  25.670  -15.792  47.982 0.0000000000
47224  24.613  -17.358  46.925 0.0000000000
47192  24.776  -17.254  48.935 0.0000000000
152726  34.499  -16.432  47.259 0.0000000000
153050  34.537  -17.369  46.249 0.0000000000
47203  33.801  -16.609  47.306 0.0000000000
48444  30.669  -16.193  48.078 0.0000000000
131745  31.814  -16.733  46.808 0.0000000000
48486  30.710  -16.524  46.040 0.0000000000
48498  30.573  -16.562  44.222 0.0000000000
59299  46.454  -6.160  39.210 0.0000000000
137858  46.644  -4.848  39.085 0.0000000000
61598  47.379  -4.391  37.897 0.0000000000
137899  47.459  -4.039  37.137 0.0000000000
142801  47.335  -5.439  36.737 0.0000000000
57180  43.984  -8.788  32.792 0.0000000000
58173  45.304  -7.254  33.559 0.0000000000
57188  44.320  -7.731  32.379 0.0000000000
58191  43.620  -7.436  30.733 0.0000000000
155779  42.834  -8.563  30.607 0.0000000000
145238  41.448  -8.871  28.862 0.0000000000
56055  41.804  -9.378  29.894 0.0000000000
52864  39.553  -11.949  30.048 0.0000000000
53987  39.710  -11.476  29.083 0.0000000000
52883  38.611  -12.404  28.110 0.0000000000
52895  38.095  -12.783  26.896 0.0000000000
51878  37.510  -13.113  28.233 0.0000000000
47446  27.525  -17.012  32.134 0.0000000000
48663  27.958  -16.187  30.928 0.0000000000
137356  26.418  -17.199  30.726 0.0000000000
72613  58.024  5.282  10.121 0.0000000000
72638  57.701  5.061  8.475 0.0000000000
71556  57.083  4.889  8.844 0.0000000000
70413  53.891  3.508  7.020 0.0000000000
47428  23.812  -17.502  33.095 0.0000000000
132626  22.854  -17.660  33.410 0.0000000000
49593  24.672  -16.009  42.585 0.0000000000
48536  24.363  -16.189  40.634 0.0000000000
151583  23.672  -16.887  41.818 0.0000000000
142607  20.725  -18.467  39.828 0.0000000000
46064  21.345  -18.148  39.473 0.0000000000
50603  42.019  -14.309  41.809 0.0000000000
53775  42.405  -11.884  42.426 0.0000000000
51719  43.095  -13.214  41.050 0.0000000000
51744  43.798  -12.801  40.055 0.0000000000
50641  42.142  -13.942  39.816 0.0000000000
50652  41.431  -13.663  38.301 0.0000000000
50632  41.512  -14.599  40.376 0.0000000000
156370  37.455  -16.523  40.348 0.0000000000
49637  37.685  -15.797  39.383 0.0000000000
49639  36.051  -15.974  38.524 0.0000000000
49648  35.730  -15.721  37.582 0.0000000000
48578  34.572  -16.315  37.802 0.0000000000
145914  34.223  -18.144  43.423 0.0000000000
144176  34.722  -18.015  42.902 0.0000000000
46031  33.304  -18.354  42.369 0.0000000000
46071  30.811  -17.461  38.642 0.0000000000
46069  31.857  -17.556  38.866 0.0000000000
47366  31.298  -17.271  37.455 0.0000000000
47377  31.558  -17.015  36.770 0.0000000000
134389  30.014  -17.171  36.196 0.0000000000
47405  29.936  -16.971  35.288 0.0000000000
131086  28.792  -17.046  35.238 0.0000000000
48615  25.864  -16.795  34.390 0.0000000000
144551  26.550  -17.187  34.040 0.0000000000
47408  25.653  -17.018  33.745 0.0000000000
69283  51.578  2.405  14.582 0.0000000000
142950  50.880  2.095  12.153 0.0000000000
68262  49.930  1.563  13.092 0.0000000000
66044  48.209  -0.660  11.429 0.0000000000
49459  23.900  -15.769  52.238 0.0000000000
155381  23.780  -17.634  50.342 0.0000000000
130684  23.121  -17.115  51.967 0.0000000000
48399  19.282  -16.462  51.311 0.0000000000
47182  20.015  -17.016  50.981 0.0000000000
47194  20.744  -17.780  49.798 0.0000000000
152913  19.324  -17.136  48.089 0.0000000000
47244  18.655  -16.861  45.984 0.0000000000
48461  18.098  -16.576  47.555 0.0000000000
73601  61.360  7.007  12.290 0.0000000000
146190  60.401  6.309  14.065 0.0000000000
71501  59.417  5.599  14.543 0.0000000000
148130  58.081  4.805  13.977 0.0000000000
135788  58.538  5.038  15.141 0.0000000000
71456  58.242  5.067  17.544 0.0000000000
71493  56.755  4.096  15.516 0.0000000000
71475  55.880  4.168  16.627 0.0000000000
70329  54.349  3.562  15.554 0.0000000000
70296  54.962  4.074  16.936 0.0000000000
70276  53.856  3.278  20.159 0.0000000000
69248  52.654  2.801  18.628 0.0000000000
69242  52.370  2.063  19.565 0.0000000000
68224  51.149  1.359  18.264 0.0000000000
132029  51.878  1.428  19.558 0.0000000000
69189  57.207  2.408  24.130 0.0000000000
69201  56.699  2.049  23.170 0.0000000000
67066  55.991  1.443  23.633 0.0000000000
145195  52.238  -1.528  21.975 0.0000000000
65944  52.811  -0.583  21.953 0.0000000000
64900  51.873  -1.395  21.175 0.0000000000
64930  50.954  -1.193  19.604 0.0000000000
64916  50.766  -1.912  19.519 0.0000000000
63875  49.350  -2.808  18.524 0.0000000000
141775  50.411  -2.602  20.036 0.0000000000
62806  48.687  -2.633  21.289 0.0000000000
136634  48.024  -2.886  19.817 0.0000000000
62821  47.404  -2.763  20.412 0.0000000000
135941  45.487  -2.971  20.242 0.0000000000
133644  51.834  -0.638  31.174 0.0000000000
63722  47.088  -2.524  34.708 0.0000000000
64771  48.030  -0.662  34.699 0.0000000000
63726  46.897  -2.117  33.725 0.0000000000
63750  46.510  -2.247  29.366 0.0000000000
63749  47.800  -1.497  30.219 0.0000000000
140958  48.455  -1.585  28.703 0.0000000000
127387  49.312  -1.444  28.630 0.0000000000
63789  48.265  -1.857  27.166 0.0000000000
139633  48.175  -2.047  26.186 0.0000000000
63791  46.602  -2.368  26.421 0.0000000000
61782  42.825  -4.280  23.268 0.0000000000
62781  44.160  -3.323  23.125 0.0000000000
125932  42.943  -3.870  21.427 0.0000000000
61797  43.009  -3.806  20.470 0.0000000000
141886  42.321  -4.278  20.926 0.0000000000
60649  40.886  -5.238  20.149 0.0000000000
58296  38.993  -6.963  21.053 0.0000000000
59531  39.127  -6.649  19.229 0.0000000000
56116  39.517  -9.370  25.585 0.0000000000
141402  39.071  -8.926  24.292 0.0000000000
56131  38.454  -9.827  24.021 0.0000000000
156111  36.541  -10.688  20.172 0.0000000000
50676  38.993  -13.642  35.490 0.0000000000
149098  39.484  -13.128  34.228 0.0000000000
50685  37.910  -13.741  34.153 0.0000000000
140807  34.747  -14.514  29.759 0.0000000000
153979  35.990  -14.141  30.853 0.0000000000
50746  35.097  -14.446  29.103 0.0000000000
130064  34.823  -14.327  27.347 0.0000000000
50770  33.490  -14.561  26.768 0.0000000000
143065  28.706  -15.342  28.878 0.0000000000
49734  29.937  -14.919  29.479 0.0000000000
149771  29.151  -15.064  27.559 0.0000000000
50797  30.400  -14.570  25.230 0.0000000000
50809  31.958  -14.348  24.058 0.0000000000
149334  57.227  4.305  5.778 0.0000000000
70429  58.796  4.393  5.349 0.0000000000
146455  50.129  1.005  8.880 0.0000000000
48430  29.930  -15.985  48.715 0.0000000000
49531  28.414  -15.478  47.878 0.0000000000
49508  29.090  -15.114  49.809 0.0000000000
127839  28.143  -14.662  49.829 0.0000000000
50535  27.259  -14.214  49.776 0.0000000000
48410  30.795  -15.530  48.802 0.0000000000
55904  44.739  -9.346  40.823 0.0000000000
57068  44.676  -7.316  41.174 0.0000000000
142272  45.605  -8.453  39.832 0.0000000000
57114  46.243  -8.326  38.843 0.0000000000
57128  46.676  -8.040  37.718 0.0000000000
58155  46.800  -7.258  36.359 0.0000000000
55984  46.006  -8.632  36.228 0.0000000000
56006  44.344  -9.778  34.581 0.0000000000
54973  43.040  -10.235  33.237 0.0000000000
55003  41.795  -10.632  31.422 0.0000000000
54985  42.012  -10.882  32.459 0.0000000000
52846  41.193  -11.513  32.267 0.0000000000
151353  39.455  -12.408  31.364 0.0000000000
46140  25.348  -17.917  31.032 0.0000000000
140620  25.706  -17.690  30.515 0.0000000000
46154  24.773  -18.687  29.450 0.0000000000
71540  55.996  4.433  10.850 0.0000000000
71558  55.625  4.417  9.476 0.0000000000
71559  54.930  4.124  9.665 0.0000000000
70405  52.921  3.256  8.663 0.0000000000
48594  25.700  -16.180  36.090 0.0000000000
48606  23.603  -16.806  34.905 0.0000000000
136130  24.992  -16.047  36.829 0.0000000000
48585  23.900  -16.401  36.789 0.0000000000
141764  23.006  -16.961  38.141 0.0000000000
48510  23.761  -17.517  43.539 0.0000000000
47323  23.171  -17.497  41.956 0.0000000000
46033  22.250  -18.586  42.103 0.0000000000
46045  21.386  -18.748  41.894 0.0000000000
156845  18.208  -18.258  41.835 0.0000000000
50595  41.109  -15.039  42.964 0.0000000000
49599  41.247  -15.360  41.755 0.0000000000
48544  40.331  -16.069  41.090 0.0000000000
48533  39.815  -16.668  42.117 0.0000000000
47328  38.588  -17.041  41.571 0.0000000000
47341  36.301  -16.923  40.603 0.0000000000
47303  31.511  -17.671  42.228 0.0000000000
47320  31.945  -18.038  41.684 0.0000000000
47335  31.091  -17.533  40.530 0.0000000000
47347  30.365  -17.305  39.277 0.0000000000
47359  29.563  -17.034  37.773 0.0000000000
47380  28.636  -16.961  36.050 0.0000000000
48581  28.814  -16.831  37.412 0.0000000000
48592  27.145  -16.236  36.647 0.0000000000
127968  50.089  1.325  15.347 0.0000000000
67155  49.163  0.935  13.091 0.0000000000
67156  48.529  0.299  13.482 0.0000000000
64998  47.690  -0.950  12.193 0.0000000000
152732  18.048  -15.628  52.019 0.0000000000
49498  17.564  -16.035  50.127 0.0000000000
48462  17.273  -16.552  47.822 0.0000000000
48434  16.405  -16.338  49.517 0.0000000000
71415  57.088  5.273  19.768 0.0000000000
71436  55.636  4.689  18.518 0.0000000000
139891  55.817  4.568  20.132 0.0000000000
71399  55.515  3.981  20.742 0.0000000000
69227  54.421  2.844  21.230 0.0000000000
65910  55.488  0.206  25.580 0.0000000000
65917  55.492  0.746  23.991 0.0000000000
64863  54.314  -0.659  24.943 0.0000000000
64873  52.632  -1.524  23.126 0.0000000000
62790  51.545  -2.173  21.911 0.0000000000
62818  50.407  -2.603  20.726 0.0000000000
63844  50.818  -2.479  22.741 0.0000000000
62778  50.071  -2.597  22.737 0.0000000000
63845  48.420  -2.541  22.574 0.0000000000
61689  45.062  -4.630  31.992 0.0000000000
131988  45.755  -3.329  32.166 0.0000000000
61716  44.893  -4.010  30.106 0.0000000000
62723  44.984  -3.579  29.275 0.0000000000
63776  45.606  -2.769  27.594 0.0000000000
63792  45.706  -2.641  26.198 0.0000000000
139508  43.982  -3.615  25.814 0.0000000000
61773  42.981  -4.395  24.601 0.0000000000
60631  41.710  -5.173  22.763 0.0000000000
143910  41.010  -5.493  21.880 0.0000000000
59497  40.872  -6.063  23.041 0.0000000000
58280  40.189  -6.706  22.941 0.0000000000
58287  38.962  -7.346  21.763 0.0000000000
54025  38.018  -11.878  24.385 0.0000000000
149343  37.621  -11.139  23.078 0.0000000000
54040  36.704  -11.549  22.180 0.0000000000
54051  35.546  -11.718  21.044 0.0000000000
54063  34.511  -11.574  19.918 0.0000000000
50679  36.329  -14.324  34.603 0.0000000000
50687  36.668  -13.967  33.109 0.0000000000
50688  35.262  -14.341  33.327 0.0000000000
50714  34.005  -14.504  31.267 0.0000000000
50730  33.019  -14.610  29.946 0.0000000000
49758  28.170  -15.277  26.324 0.0000000000
49777  27.617  -15.513  24.978 0.0000000000
71586  63.635  4.670  7.543 0.0000000000
131444  62.733  4.278  6.669 0.0000000000
70428  60.801  3.833  4.922 0.0000000000
49590  28.224  -15.530  42.543 0.0000000000
49602  26.944  -15.422  41.496 0.0000000000
49579  27.781  -15.364  43.291 0.0000000000
152687  26.340  -15.204  43.897 0.0000000000
49570  25.641  -15.425  44.594 0.0000000000
49545  27.661  -15.050  47.451 0.0000000000
49558  26.085  -15.139  45.582 0.0000000000
49571  24.855  -16.131  44.784 0.0000000000
47259  24.195  -17.520  45.157 0.0000000000
148425  23.887  -18.386  46.042 0.0000000000
135124  22.957  -18.993  46.432 0.0000000000
47235  36.437  -17.282  45.090 0.0000000000
45979  36.717  -17.546  44.141 0.0000000000
45964  35.566  -17.630  45.102 0.0000000000
46000  35.003  -17.772  44.798 0.0000000000
133607  33.616  -17.742  44.924 0.0000000000
151147  32.889  -16.885  46.975 0.0000000000
45985  32.651  -17.347  45.580 0.0000000000
46002  32.438  -17.731  44.130 0.0000000000
48507  30.757  -16.827  43.553 0.0000000000
48521  29.496  -16.067  43.101 0.0000000000
133629  48.349  -2.449  16.199 0.0000000000
63925  47.170  -2.651  14.525 0.0000000000
71375  57.528  4.451  23.557 0.0000000000
68149  56.357  1.668  26.112 0.0000000000
65890  55.464  0.149  26.978 0.0000000000
64837  54.755  -0.530  27.775 0.0000000000
64831  54.067  -1.123  28.333 0.0000000000
126913  47.223  -4.044  35.900 0.0000000000
62694  46.462  -4.530  34.609 0.0000000000
137456  46.474  -6.552  35.119 0.0000000000
60496  46.413  -5.815  34.810 0.0000000000
60512  45.488  -5.641  33.298 0.0000000000
60541  44.485  -5.750  31.088 0.0000000000
59434  43.136  -6.984  29.393 0.0000000000
58218  42.177  -7.199  27.808 0.0000000000
132244  41.360  -7.414  26.562 0.0000000000
57235  41.179  -8.408  27.729 0.0000000000
56100  40.153  -9.362  26.851 0.0000000000
55071  39.550  -10.557  26.957 0.0000000000
55022  40.932  -10.609  29.750 0.0000000000
55053  39.808  -10.724  27.780 0.0000000000
54015  38.815  -11.586  26.043 0.0000000000
52919  37.849  -12.510  25.296 0.0000000000
52921  36.369  -12.863  24.600 0.0000000000
51917  35.578  -13.066  24.473 0.0000000000
49682  30.774  -15.735  32.920 0.0000000000
49693  31.313  -15.320  32.244 0.0000000000
49712  29.228  -15.705  31.218 0.0000000000
49726  28.690  -15.679  30.459 0.0000000000
49736  27.814  -15.768  29.107 0.0000000000
47463  25.874  -17.158  28.936 0.0000000000
48680  26.424  -16.613  28.422 0.0000000000
72623  60.335  6.021  9.434 0.0000000000
72658  59.843  5.452  7.688 0.0000000000
153630  59.396  5.514  8.244 0.0000000000
71592  57.360  4.709  7.151 0.0000000000
131620  55.577  3.832  5.896 0.0000000000
141366  55.785  4.447  7.971 0.0000000000
132859  55.137  3.904  6.497 0.0000000000
49616  25.016  -15.767  40.056 0.0000000000
48562  23.659  -16.747  39.368 0.0000000000
47361  22.398  -17.408  38.553 0.0000000000
47338  22.508  -17.884  40.756 0.0000000000
47351  21.802  -17.759  38.959 0.0000000000
55891  43.747  -9.192  42.054 0.0000000000
53800  44.492  -11.155  40.545 0.0000000000
52754  44.210  -12.151  39.108 0.0000000000
52784  43.629  -12.280  37.995 0.0000000000
51774  42.591  -12.039  36.042 0.0000000000
51764  42.206  -13.199  37.779 0.0000000000
51776  40.315  -13.594  36.923 0.0000000000
50663  38.510  -14.129  37.031 0.0000000000
49644  39.666  -15.086  39.543 0.0000000000
50655  38.688  -14.454  37.999 0.0000000000
156507  36.803  -14.539  36.042 0.0000000000
50666  35.878  -14.882  35.821 0.0000000000
49662  34.395  -15.302  35.481 0.0000000000
49664  32.750  -15.724  35.105 0.0000000000
46029  36.395  -17.732  43.293 0.0000000000
47318  36.307  -17.521  41.883 0.0000000000
47343  34.543  -17.307  40.052 0.0000000000
46053  32.780  -18.105  40.740 0.0000000000
47344  33.703  -17.491  39.774 0.0000000000
47354  34.207  -17.050  39.255 0.0000000000
48579  33.671  -16.587  37.576 0.0000000000
48600  32.220  -16.258  35.704 0.0000000000
49672  31.667  -15.748  34.115 0.0000000000
48628  30.235  -16.193  33.667 0.0000000000
47425  28.408  -17.010  33.253 0.0000000000
46128  27.721  -17.321  33.171 0.0000000000
47407  27.826  -17.203  34.803 0.0000000000
46119  26.917  -17.456  33.183 0.0000000000
46130  26.413  -17.524  32.168 0.0000000000
143193  24.947  -18.029  31.494 0.0000000000
157007  52.958  3.027  13.088 0.0000000000
69327  52.195  2.795  11.342 0.0000000000
69318  51.533  2.475  11.694 0.0000000000
67174  48.583  0.375  11.954 0.0000000000
66047  48.647  -0.416  10.768 0.0000000000
132242  47.298  -3.154  12.669 0.0000000000
53693  27.978  -11.740  50.123 0.0000000000
51598  26.957  -13.059  50.329 0.0000000000
50520  25.808  -14.613  50.842 0.0000000000
50521  25.282  -15.232  51.272 0.0000000000
48411  25.455  -15.977  50.803 0.0000000000
47193  24.330  -17.628  49.288 0.0000000000
45942  23.331  -18.665  48.201 0.0000000000
45955  22.479  -19.056  47.129 0.0000000000
47149  22.121  -16.596  52.760 0.0000000000
47180  21.574  -17.934  50.315 0.0000000000
45944  21.207  -18.427  48.568 0.0000000000
45973  20.980  -18.455  46.306 0.0000000000
47279  19.723  -17.694  44.981 0.0000000000
72622  61.646  6.839  10.216 0.0000000000
148721  61.046  6.678  10.880 0.0000000000
134402  60.477  6.372  11.469 0.0000000000
72602  59.080  5.646  11.476 0.0000000000
73584  61.092  6.794  13.853 0.0000000000
72590  59.957  6.051  12.921 0.0000000000
71519  58.448  5.261  11.959 0.0000000000
71520  57.125  4.499  12.433 0.0000000000
71521  56.503  4.151  12.967 0.0000000000
70356  55.371  3.714  13.533 0.0000000000
71491  58.191  4.794  15.604 0.0000000000
70342  56.014  3.808  14.130 0.0000000000
70357  54.489  3.492  13.711 0.0000000000
70358  53.686  3.283  14.183 0.0000000000
69297  52.941  3.024  14.624 0.0000000000
154992  51.611  2.378  15.324 0.0000000000
70284  54.106  4.030  18.362 0.0000000000
69256  52.705  3.029  17.468 0.0000000000
69268  51.332  2.128  15.868 0.0000000000
68231  50.663  1.547  16.232 0.0000000000
129572  49.723  0.262  16.976 0.0000000000
67119  49.514  -0.470  17.186 0.0000000000
69210  56.814  2.565  22.678 0.0000000000
69212  55.674  2.048  22.545 0.0000000000
69220  53.919  1.948  21.526 0.0000000000
129889  54.444  0.440  23.077 0.0000000000
67088  53.692  0.655  22.053 0.0000000000
68201  52.776  1.084  21.030 0.0000000000
67103  51.173  0.271  19.475 0.0000000000
65971  50.228  -0.653  18.457 0.0000000000
64952  49.372  -1.376  17.287 0.0000000000
128685  48.723  -2.609  16.986 0.0000000000
62859  48.433  -3.079  17.379 0.0000000000
62828  49.202  -2.875  19.507 0.0000000000
62841  47.304  -3.233  18.560 0.0000000000
64806  53.631  -1.150  29.875 0.0000000000
63756  52.832  -1.602  28.797 0.0000000000
65860  50.381  0.158  32.911 0.0000000000
153643  47.196  -1.502  31.767 0.0000000000
64799  49.154  -0.598  31.805 0.0000000000
64798  50.817  -0.476  31.582 0.0000000000
129301  51.427  -1.057  30.503 0.0000000000
131201  50.955  -1.519  28.487 0.0000000000
63787  51.462  -1.712  27.078 0.0000000000
63803  49.858  -1.893  26.040 0.0000000000
63818  48.685  -2.237  24.791 0.0000000000
147278  47.164  -2.503  23.211 0.0000000000
63807  45.407  -2.718  25.175 0.0000000000
63836  45.445  -2.725  23.359 0.0000000000
143253  46.235  -2.640  21.887 0.0000000000
134542  44.306  -3.253  20.647 0.0000000000
60650  40.162  -5.832  20.311 0.0000000000
59537  39.265  -6.673  18.416 0.0000000000
57277  39.980  -8.129  25.010 0.0000000000
57289  38.985  -8.044  23.009 0.0000000000
134713  38.048  -8.501  21.794 0.0000000000
55126  37.306  -10.255  21.789 0.0000000000
56155  37.214  -9.731  21.085 0.0000000000
51797  40.868  -12.622  34.521 0.0000000000
51822  39.422  -12.708  32.823 0.0000000000
51836  38.131  -13.076  30.425 0.0000000000
132414  36.758  -13.912  32.027 0.0000000000
50727  36.815  -13.740  30.527 0.0000000000
51863  37.371  -13.268  29.060 0.0000000000
50768  36.316  -13.664  27.622 0.0000000000
51900  35.214  -13.755  25.930 0.0000000000
51910  33.976  -13.614  24.433 0.0000000000
49723  31.399  -14.785  30.597 0.0000000000
50749  31.489  -14.634  29.633 0.0000000000
134870  31.893  -14.582  27.866 0.0000000000
50785  29.749  -14.751  26.697 0.0000000000
149524  30.786  -14.625  26.489 0.0000000000
143877  32.729  -14.627  26.840 0.0000000000
50795  32.692  -14.501  25.431 0.0000000000
50808  32.648  -14.014  24.056 0.0000000000
72668  59.851  4.975  6.527 0.0000000000
71610  59.810  4.197  5.113 0.0000000000
69360  59.770  2.720  3.972 0.0000000000
69331  51.992  2.744  9.881 0.0000000000
147832  44.141  -11.277  37.361 0.0000000000
53846  44.500  -11.083  37.699 0.0000000000
52796  43.803  -11.168  36.717 0.0000000000
130932  43.852  -10.851  36.322 0.0000000000
53873  43.344  -11.115  35.957 0.0000000000
53889  42.858  -11.324  35.346 0.0000000000
70377  53.472  3.319  11.750 0.0000000000
141201  27.317  -15.718  39.997 0.0000000000
152738  26.506  -15.608  39.978 0.0000000000
46005  22.173  -19.117  44.229 0.0000000000
130075  21.282  -18.872  44.669 0.0000000000
46006  20.591  -18.534  44.183 0.0000000000
48470  38.031  -16.266  44.769 0.0000000000
49540  38.563  -15.664  44.700 0.0000000000
48469  38.801  -16.165  44.342 0.0000000000
48484  39.400  -16.097  44.004 0.0000000000
47253  38.905  -16.813  43.633 0.0000000000
45995  38.690  -17.152  43.248 0.0000000000
47274  38.401  -17.155  43.531 0.0000000000
49612  28.468  -15.787  41.248 0.0000000000
48550  28.627  -15.970  40.622 0.0000000000
146330  28.104  -15.888  40.162 0.0000000000
153277  27.402  -15.808  39.461 0.0000000000
65989  48.718  -1.109  16.091 0.0000000000
65998  48.419  -0.840  15.361 0.0000000000
144471  48.053  -1.552  15.067 0.0000000000
71374  57.476  4.636  22.900 0.0000000000
63784  53.351  -1.473  27.413 0.0000000000
63800  53.297  -1.514  25.948 0.0000000000
142688  52.977  -1.629  26.493 0.0000000000
129986  51.917  -1.923  25.206 0.0000000000
135580  52.304  -1.735  26.174 0.0000000000
155011  42.363  -6.621  27.356 0.0000000000
60584  42.726  -5.954  27.326 0.0000000000
60598  42.537  -5.747  26.576 0.0000000000
139259  41.601  -6.532  25.632 0.0000000000
59466  41.722  -6.758  26.259 0.0000000000
49691  32.521  -15.073  32.787 0.0000000000
72655  62.044  5.926  8.549 0.0000000000
72656  61.327  5.713  8.141 0.0000000000
49543  29.211  -15.884  46.602 0.0000000000
152070  26.323  -15.284  49.006 0.0000000000
49521  26.296  -15.206  48.361 0.0000000000
49510  25.839  -15.927  48.843 0.0000000000
48446  25.229  -16.647  48.501 0.0000000000
143973  25.332  -16.658  49.535 0.0000000000
49516  34.481  -15.906  47.511 0.0000000000
47202  34.304  -16.773  47.036 0.0000000000
48441  33.746  -16.057  47.809 0.0000000000
48458  30.442  -16.373  47.560 0.0000000000
47223  30.940  -16.573  47.201 0.0000000000
48473  30.568  -16.477  46.869 0.0000000000
48487  29.999  -16.214  46.311 0.0000000000
59311  47.172  -6.245  38.106 0.0000000000
60422  46.728  -5.545  38.886 0.0000000000
60438  47.014  -5.730  38.425 0.0000000000
130261  47.025  -4.125  38.609 0.0000000000
61597  47.347  -5.152  37.749 0.0000000000
61613  47.424  -4.963  37.189 0.0000000000
60450  47.381  -5.660  37.244 0.0000000000
128764  43.324  -9.450  32.506 0.0000000000
57189  43.600  -8.485  31.834 0.0000000000
57198  43.120  -8.567  31.067 0.0000000000
56054  42.674  -9.054  30.863 0.0000000000
155965  42.223  -9.391  30.539 0.0000000000
138937  39.218  -11.983  29.367 0.0000000000
52873  38.611  -12.390  29.006 0.0000000000
52884  38.100  -12.797  27.730 0.0000000000
51862  38.028  -12.789  28.594 0.0000000000
155500  27.526  -16.688  31.389 0.0000000000
47447  26.929  -17.136  31.483 0.0000000000
72626  57.837  5.199  9.221 0.0000000000
71539  57.112  4.911  9.827 0.0000000000
47410  23.457  -17.076  34.000 0.0000000000
48523  24.036  -16.597  42.357 0.0000000000
128729  19.874  -18.691  38.750 0.0000000000
50611  42.171  -14.255  41.270 0.0000000000
50602  42.514  -13.809  41.310 0.0000000000
50621  42.265  -14.166  40.865 0.0000000000
50630  42.781  -13.682  40.476 0.0000000000
152947  41.897  -14.432  40.601 0.0000000000
49624  41.432  -14.973  40.928 0.0000000000
48557  36.720  -16.546  40.139 0.0000000000
48565  37.156  -16.176  39.759 0.0000000000
142140  36.352  -16.257  39.377 0.0000000000
48577  35.304  -16.189  38.205 0.0000000000
48566  35.556  -16.424  39.038 0.0000000000
142072  33.517  -18.335  43.117 0.0000000000
153310  33.935  -18.235  42.769 0.0000000000
46078  30.560  -17.330  38.005 0.0000000000
46077  31.164  -17.448  38.235 0.0000000000
47367  30.605  -17.281  37.451 0.0000000000
47378  30.715  -17.176  36.728 0.0000000000
147803  30.160  -17.202  36.856 0.0000000000
47390  29.388  -17.084  35.707 0.0000000000
47379  29.655  -17.103  36.469 0.0000000000
48616  25.043  -16.711  34.365 0.0000000000
47409  24.602  -17.056  33.587 0.0000000000
69284  50.892  2.073  14.132 0.0000000000
69300  50.797  2.036  13.135 0.0000000000
150711  50.308  1.747  13.744 0.0000000000
157629  23.898  -15.224  52.334 0.0000000000
48380  23.403  -15.890  52.493 0.0000000000
128919  23.631  -16.958  51.820 0.0000000000
48381  23.152  -16.308  52.463 0.0000000000
48414  18.415  -16.377  49.826 0.0000000000
48432  19.182  -16.945  49.430 0.0000000000
139775  18.835  -16.835  48.636 0.0000000000
143005  18.631  -16.741  48.021 0.0000000000
140537  61.866  7.969  12.846 0.0000000000
74624  61.923  8.281  13.392 0.0000000000
72558  60.415  6.267  15.938 0.0000000000
72569  59.999  5.910  15.263 0.0000000000
72570  59.594  5.657  15.235 0.0000000000
127190  58.861  5.270  15.002 0.0000000000
71490  59.292  5.480  15.867 0.0000000000
71457  57.504  4.970  17.809 0.0000000000
128612  56.678  4.587  17.230 0.0000000000
71458  55.666  4.487  17.591 0.0000000000
69233  53.503  2.433  20.733 0.0000000000
69241  53.068  2.698  19.759 0.0000000000
68168  56.690  1.844  23.986 0.0000000000
67065  56.487  1.842  23.476 0.0000000000
67050  56.222  1.487  23.907 0.0000000000
63852  51.840  -1.788  21.533 0.0000000000
64889  52.283  -1.217  21.701 0.0000000000
63861  51.509  -1.927  20.791 0.0000000000
64915  51.354  -1.577  20.214 0.0000000000
63867  51.027  -2.277  20.142 0.0000000000
63868  50.374  -2.467  19.410 0.0000000000
63862  50.954  -2.466  20.639 0.0000000000
62807  47.763  -2.615  21.186 0.0000000000
62808  46.791  -2.663  21.122 0.0000000000
62822  46.419  -2.841  20.318 0.0000000000
64783  51.598  -0.191  31.748 0.0000000000
62699  46.536  -3.320  34.242 0.0000000000
147001  46.217  -2.948  33.103 0.0000000000
63761  46.380  -2.340  28.540 0.0000000000
63760  47.367  -1.895  28.784 0.0000000000
139990  47.023  -2.148  27.951 0.0000000000
63774  47.887  -1.839  27.997 0.0000000000
142481  47.475  -2.051  27.411 0.0000000000
63790  47.430  -2.132  26.712 0.0000000000
61789  42.225  -4.651  22.598 0.0000000000
61788  42.875  -4.027  22.318 0.0000000000
61798  42.293  -4.416  21.759 0.0000000000
61809  41.660  -4.714  20.538 0.0000000000
58297  38.305  -7.526  20.367 0.0000000000
59532  38.546  -7.203  19.446 0.0000000000
58304  38.042  -7.766  19.543 0.0000000000
55100  39.100  -10.153  25.569 0.0000000000
56130  39.061  -9.608  24.874 0.0000000000
50677  38.115  -13.803  35.138 0.0000000000
51799  38.796  -13.504  34.615 0.0000000000
153514  33.872  -14.655  29.405 0.0000000000
143990  34.014  -14.691  28.242 0.0000000000
50758  34.476  -14.547  28.055 0.0000000000
145065  33.243  -14.640  27.380 0.0000000000
49743  28.123  -15.495  28.272 0.0000000000
49742  29.334  -15.075  28.324 0.0000000000
49751  28.410  -15.329  27.570 0.0000000000
70444  56.086  3.419  4.873 0.0000000000
69363  56.388  2.793  4.286 0.0000000000
49506  30.348  -15.449  49.255 0.0000000000
49507  29.895  -15.609  49.368 0.0000000000
49495  29.959  -15.026  49.784 0.0000000000
153343  28.713  -14.585  50.043 0.0000000000
50534  28.251  -14.052  50.129 0.0000000000
51611  27.123  -13.672  50.166 0.0000000000
127379  30.898  -14.583  49.345 0.0000000000
49494  30.552  -15.074  49.369 0.0000000000
48429  30.571  -15.843  48.686 0.0000000000
54861  45.018  -9.791  40.240 0.0000000000
55903  45.164  -8.897  40.288 0.0000000000
54872  45.124  -10.163  39.716 0.0000000000
54912  45.758  -9.578  37.906 0.0000000000
55931  45.896  -9.108  38.837 0.0000000000
57129  46.297  -8.626  38.340 0.0000000000
57113  46.650  -7.844  38.326 0.0000000000
55959  46.042  -9.120  37.508 0.0000000000
147100  46.412  -8.291  36.708 0.0000000000
55972  46.038  -8.959  36.981 0.0000000000
54951  43.606  -10.494  34.666 0.0000000000
149236  44.713  -9.800  35.393 0.0000000000
54960  43.626  -10.090  33.903 0.0000000000
54984  42.467  -10.591  32.879 0.0000000000
54974  42.653  -10.709  33.600 0.0000000000
52818  41.553  -11.646  33.605 0.0000000000
52833  41.392  -11.523  32.970 0.0000000000
133909  40.160  -11.993  31.493 0.0000000000
52847  40.633  -11.870  32.357 0.0000000000
125587  24.663  -18.494  30.768 0.0000000000
46147  25.010  -18.209  30.251 0.0000000000
46148  24.551  -18.796  30.150 0.0000000000
71541  55.485  4.301  10.230 0.0000000000
150040  54.834  3.994  10.442 0.0000000000
70390  53.435  3.398  10.280 0.0000000000
70401  53.549  3.528  9.310 0.0000000000
69335  52.156  2.807  8.911 0.0000000000
129771  26.080  -15.891  36.941 0.0000000000
48595  24.686  -16.306  35.950 0.0000000000
48573  24.712  -15.985  38.341 0.0000000000
48584  24.427  -16.162  37.603 0.0000000000
47371  23.014  -16.827  37.263 0.0000000000
48574  23.667  -16.540  37.771 0.0000000000
46003  23.607  -18.208  44.138 0.0000000000
47291  23.177  -18.409  43.307 0.0000000000
46035  21.150  -18.896  42.706 0.0000000000
46034  21.843  -18.994  42.546 0.0000000000
46046  20.592  -18.646  41.362 0.0000000000
156694  20.081  -18.618  41.005 0.0000000000
46059  19.516  -18.674  40.622 0.0000000000
46047  19.690  -18.444  41.521 0.0000000000
47307  19.563  -18.101  43.219 0.0000000000
46037  18.838  -18.109  41.993 0.0000000000
47309  18.178  -17.990  42.421 0.0000000000
125554  18.199  -17.800  43.060 0.0000000000
145913  40.241  -13.434  43.894 0.0000000000
146593  40.292  -16.012  43.186 0.0000000000
50588  40.673  -15.137  43.333 0.0000000000
49564  40.640  -15.661  43.142 0.0000000000
49577  41.000  -15.506  42.722 0.0000000000
48505  40.578  -16.056  42.726 0.0000000000
140752  40.275  -16.361  42.278 0.0000000000
48518  40.153  -16.369  42.691 0.0000000000
152361  38.419  -17.367  42.520 0.0000000000
47315  38.864  -17.193  42.177 0.0000000000
47316  38.018  -17.290  41.789 0.0000000000
47329  37.739  -17.118  41.401 0.0000000000
47330  36.799  -17.208  41.287 0.0000000000
151404  31.031  -17.232  41.913 0.0000000000
47321  31.333  -17.609  41.369 0.0000000000
47322  30.636  -17.087  41.151 0.0000000000
48559  29.663  -16.756  39.748 0.0000000000
47336  30.451  -17.164  40.189 0.0000000000
47348  29.653  -17.019  38.730 0.0000000000
47358  30.253  -17.280  38.364 0.0000000000
49650  26.923  -15.901  37.520 0.0000000000
141174  49.598  1.096  14.637 0.0000000000
154491  49.107  0.584  14.723 0.0000000000
64986  47.565  -1.132  13.894 0.0000000000
66025  47.495  -0.962  13.151 0.0000000000
136379  47.570  -1.751  12.015 0.0000000000
63962  47.442  -2.408  12.312 0.0000000000
49473  17.343  -15.411  52.067 0.0000000000
49482  17.698  -15.718  51.328 0.0000000000
144638  17.097  -15.778  50.752 0.0000000000
150266  17.040  -16.132  49.536 0.0000000000
49499  16.690  -16.004  50.152 0.0000000000
125622  56.476  4.925  20.227 0.0000000000
71397  57.008  5.022  20.704 0.0000000000
71384  56.694  3.869  21.756 0.0000000000
70271  55.165  3.405  21.228 0.0000000000
148002  55.390  2.717  21.859 0.0000000000
65911  55.024  -0.207  25.332 0.0000000000
63828  52.793  -1.492  23.989 0.0000000000
63829  52.273  -1.780  23.517 0.0000000000
130343  51.999  -1.889  22.725 0.0000000000
63843  51.421  -2.255  22.698 0.0000000000
63816  50.892  -2.305  24.187 0.0000000000
63831  50.513  -2.473  23.455 0.0000000000
145506  49.794  -2.511  23.463 0.0000000000
62779  49.169  -2.539  22.938 0.0000000000
61702  44.945  -4.345  31.028 0.0000000000
61745  44.010  -4.288  27.899 0.0000000000
62724  44.559  -3.818  28.491 0.0000000000
130136  45.167  -3.219  28.618 0.0000000000
62736  44.467  -3.619  27.533 0.0000000000
139183  44.321  -3.533  26.681 0.0000000000
62748  43.751  -3.978  26.518 0.0000000000
60606  42.249  -5.462  25.172 0.0000000000
61766  42.805  -4.717  25.298 0.0000000000
61767  42.540  -4.903  24.695 0.0000000000
61774  42.625  -4.706  24.052 0.0000000000
60621  42.081  -5.054  23.453 0.0000000000
60622  41.446  -5.598  23.223 0.0000000000
60614  41.647  -5.712  23.907 0.0000000000
59489  40.756  -6.530  23.654 0.0000000000
58281  39.388  -7.278  22.443 0.0000000000
58268  39.693  -7.486  23.372 0.0000000000
52930  37.517  -12.198  24.158 0.0000000000
145646  37.346  -11.742  23.099 0.0000000000
52943  36.763  -12.016  22.867 0.0000000000
54062  35.325  -11.430  20.238 0.0000000000
50680  35.565  -14.396  34.120 0.0000000000
50700  33.304  -14.660  31.784 0.0000000000
50699  33.996  -14.541  32.190 0.0000000000
50729  33.951  -14.551  30.327 0.0000000000
150473  62.703  4.770  7.340 0.0000000000
71608  62.225  4.116  5.929 0.0000000000
71609  61.044  4.365  5.665 0.0000000000
49578  28.658  -15.690  43.263 0.0000000000
49568  27.553  -15.252  44.827 0.0000000000
132951  27.269  -15.226  44.026 0.0000000000
49569  26.620  -15.162  44.704 0.0000000000
152447  25.660  -15.459  43.736 0.0000000000
49519  28.406  -15.434  48.648 0.0000000000
49547  25.564  -15.635  47.049 0.0000000000
49546  26.153  -15.050  46.587 0.0000000000
144533  25.575  -15.514  46.233 0.0000000000
49559  25.237  -15.801  45.533 0.0000000000
48488  24.630  -16.774  45.580 0.0000000000
150259  24.400  -16.836  44.819 0.0000000000
47225  24.329  -17.821  47.570 0.0000000000
47240  24.320  -17.725  46.012 0.0000000000
45970  23.337  -18.747  45.678 0.0000000000
47241  23.534  -18.670  46.406 0.0000000000
49528  35.533  -15.858  46.799 0.0000000000
49527  36.149  -15.416  46.404 0.0000000000
48455  36.255  -16.245  46.130 0.0000000000
145654  36.601  -16.799  45.464 0.0000000000
48472  36.053  -16.824  45.941 0.0000000000
47256  36.189  -17.561  44.710 0.0000000000
47236  35.921  -17.354  45.509 0.0000000000
45950  34.251  -17.397  46.246 0.0000000000
45965  34.663  -17.583  45.811 0.0000000000
45982  34.547  -17.680  45.467 0.0000000000
132047  34.291  -17.810  44.908 0.0000000000
45983  33.969  -17.647  45.599 0.0000000000
48442  32.746  -16.011  47.986 0.0000000000
47204  33.193  -16.551  47.428 0.0000000000
129039  32.439  -16.622  47.311 0.0000000000
47238  31.781  -16.857  46.221 0.0000000000
45969  32.408  -17.032  46.275 0.0000000000
47257  32.011  -17.095  45.620 0.0000000000
144320  32.214  -17.402  44.890 0.0000000000
47275  31.793  -17.392  44.174 0.0000000000
47290  31.382  -17.335  43.514 0.0000000000
47276  31.190  -16.951  44.217 0.0000000000
48499  29.913  -16.154  44.667 0.0000000000
48508  30.071  -16.313  43.717 0.0000000000
49589  28.950  -15.868  42.595 0.0000000000
63908  47.834  -2.324  15.322 0.0000000000
68150  56.040  1.160  26.564 0.0000000000
68122  55.830  1.134  27.366 0.0000000000
130381  54.936  0.435  28.765 0.0000000000
67004  55.023  0.151  28.263 0.0000000000
65886  54.628  -0.485  28.314 0.0000000000
64830  54.347  -0.889  28.358 0.0000000000
64819  54.213  -0.942  28.966 0.0000000000
57082  45.240  -7.459  40.532 0.0000000000
61641  47.150  -4.910  36.093 0.0000000000
131227  47.412  -3.311  36.484 0.0000000000
62693  46.927  -3.718  35.148 0.0000000000
61642  46.635  -5.357  35.130 0.0000000000
57163  46.198  -7.859  35.578 0.0000000000
58156  46.643  -7.054  35.756 0.0000000000
58161  46.236  -7.194  34.985 0.0000000000
59383  45.160  -6.632  33.109 0.0000000000
139637  45.717  -6.647  33.927 0.0000000000
59382  45.606  -6.140  33.634 0.0000000000
60497  45.947  -5.796  34.080 0.0000000000
59397  45.124  -5.995  32.824 0.0000000000
60527  45.058  -5.379  32.458 0.0000000000
59412  44.440  -6.341  31.549 0.0000000000
129686  43.290  -7.385  30.101 0.0000000000
59423  43.718  -6.700  30.266 0.0000000000
58203  42.665  -7.041  28.565 0.0000000000
58204  42.180  -7.663  28.540 0.0000000000
58205  41.739  -7.840  28.000 0.0000000000
56071  40.796  -9.608  28.511 0.0000000000
56086  41.125  -8.973  28.438 0.0000000000
56087  40.588  -9.302  27.754 0.0000000000
156479  39.780  -9.925  26.907 0.0000000000
55070  39.993  -9.981  27.428 0.0000000000
55021  41.324  -10.610  30.429 0.0000000000
53975  40.777  -11.057  30.180 0.0000000000
53997  39.528  -11.398  28.162 0.0000000000
54005  39.370  -11.330  27.353 0.0000000000
54014  39.192  -11.249  26.683 0.0000000000
54006  38.986  -11.867  26.889 0.0000000000
52918  38.358  -12.178  25.610 0.0000000000
52907  38.535  -12.308  26.435 0.0000000000
52896  37.472  -13.067  26.584 0.0000000000
52909  37.337  -12.896  25.746 0.0000000000
51908  36.592  -13.114  25.459 0.0000000000
51909  35.767  -13.324  25.259 0.0000000000
48642  29.868  -16.010  32.830 0.0000000000
49695  29.558  -15.847  32.008 0.0000000000
48662  28.542  -16.011  31.233 0.0000000000
48671  27.849  -15.969  30.088 0.0000000000
48679  27.038  -16.167  28.809 0.0000000000
47456  25.371  -17.863  29.489 0.0000000000
47455  26.019  -17.194  29.880 0.0000000000
47470  25.870  -17.140  27.984 0.0000000000
48687  26.418  -16.603  27.523 0.0000000000
137031  59.465  5.689  9.020 0.0000000000
71572  57.140  4.832  7.997 0.0000000000
71571  57.967  5.017  7.780 0.0000000000
70419  56.819  4.418  6.437 0.0000000000
70420  55.945  4.208  6.487 0.0000000000
71575  55.110  4.252  8.985 0.0000000000
71574  55.707  4.453  8.692 0.0000000000
149356  55.005  4.189  8.140 0.0000000000
70421  54.450  3.597  6.486 0.0000000000
156388  22.945  -17.084  34.732 0.0000000000
131921  22.519  -17.454  34.239 0.0000000000
47395  22.313  -17.338  35.067 0.0000000000
133799  25.995  -15.464  41.233 0.0000000000
49603  25.110  -15.711  40.964 0.0000000000
48552  23.653  -16.821  40.304 0.0000000000
47360  23.055  -17.137  38.959 0.0000000000
47324  22.664  -17.948  41.637 0.0000000000
46073  20.416  -18.366  38.257 0.0000000000
46072  21.131  -18.046  38.620 0.0000000000
53761  40.965  -11.708  43.540 0.0000000000
53776  41.679  -11.916  42.944 0.0000000000
53789  43.094  -12.071  41.839 0.0000000000
53774  42.967  -11.100  42.222 0.0000000000
54851  43.565  -10.263  42.019 0.0000000000
53787  44.142  -10.821  41.223 0.0000000000
52726  43.999  -11.719  41.071 0.0000000000
127714  43.451  -13.173  39.537 0.0000000000
151320  44.126  -12.348  39.644 0.0000000000
51754  43.865  -12.565  38.893 0.0000000000
51763  42.975  -12.828  37.854 0.0000000000
155503  40.879  -14.142  39.045 0.0000000000
156164  40.897  -13.608  37.600 0.0000000000
50653  40.367  -13.928  38.173 0.0000000000
50669  39.225  -13.770  36.464 0.0000000000
50662  39.408  -13.988  37.536 0.0000000000
48554  39.577  -16.331  40.797 0.0000000000
49626  40.116  -15.647  40.402 0.0000000000
49627  39.272  -15.870  40.112 0.0000000000
49646  37.474  -15.281  38.404 0.0000000000
140971  38.194  -14.908  38.381 0.0000000000
50656  37.809  -14.659  37.507 0.0000000000
50664  37.068  -14.657  36.675 0.0000000000
49654  36.410  -15.201  37.077 0.0000000000
49649  34.998  -15.839  37.137 0.0000000000
49656  34.717  -15.573  36.317 0.0000000000
49663  33.574  -15.529  35.291 0.0000000000
45998  36.556  -17.573  44.136 0.0000000000
46016  36.785  -17.602  43.784 0.0000000000
46017  36.039  -17.718  43.886 0.0000000000
46051  34.796  -17.843  42.162 0.0000000000
46041  35.712  -17.786  42.602 0.0000000000
47319  35.316  -17.608  41.692 0.0000000000
47331  35.836  -17.323  41.100 0.0000000000
47332  34.910  -17.482  40.854 0.0000000000
47334  31.745  -17.884  40.811 0.0000000000
46044  32.372  -18.175  41.162 0.0000000000
46054  32.137  -17.943  40.381 0.0000000000
47356  32.571  -17.428  38.694 0.0000000000
46068  32.345  -17.669  39.362 0.0000000000
47355  33.404  -17.289  38.954 0.0000000000
47364  33.147  -17.060  38.155 0.0000000000
48568  33.936  -16.805  38.419 0.0000000000
47388  31.191  -16.913  36.230 0.0000000000
48591  31.754  -16.680  36.169 0.0000000000
48601  31.369  -16.521  35.547 0.0000000000
48611  31.931  -15.940  34.923 0.0000000000
48612  31.170  -16.213  34.715 0.0000000000
48627  30.933  -15.978  33.985 0.0000000000
48613  30.420  -16.485  34.539 0.0000000000
47406  29.111  -17.044  34.926 0.0000000000
47424  28.797  -17.058  34.118 0.0000000000
46117  28.137  -17.279  33.864 0.0000000000
47392  27.973  -16.944  35.542 0.0000000000
47391  28.485  -17.017  35.363 0.0000000000
47426  26.316  -17.338  33.320 0.0000000000
156127  26.834  -17.411  33.613 0.0000000000
157321  26.706  -17.479  32.638 0.0000000000
148216  25.737  -17.696  31.981 0.0000000000
69307  52.525  2.881  12.584 0.0000000000
69308  51.683  2.519  12.661 0.0000000000
68275  50.158  1.693  11.698 0.0000000000
141087  48.525  0.344  12.612 0.0000000000
65009  48.547  -1.169  10.917 0.0000000000
65015  49.094  -0.894  10.263 0.0000000000
132312  46.964  -3.133  13.592 0.0000000000
141507  47.102  -2.298  13.802 0.0000000000
62920  47.222  -4.015  12.966 0.0000000000
147437  28.195  -11.361  49.954 0.0000000000
153655  26.749  -12.446  50.306 0.0000000000
51599  26.185  -13.823  50.502 0.0000000000
49480  25.135  -16.039  51.262 0.0000000000
48412  25.100  -16.439  50.944 0.0000000000
47177  24.996  -16.842  50.396 0.0000000000
47166  24.607  -16.819  51.069 0.0000000000
45916  23.342  -18.026  50.015 0.0000000000
45915  23.865  -17.924  49.630 0.0000000000
45929  23.272  -18.450  49.165 0.0000000000
136108  22.767  -19.005  47.809 0.0000000000
45943  22.668  -18.837  48.560 0.0000000000
157526  20.778  -17.007  52.183 0.0000000000
48384  20.875  -16.356  53.208 0.0000000000
47160  21.172  -16.851  52.604 0.0000000000
48383  21.529  -16.191  53.297 0.0000000000
47159  21.844  -17.002  52.430 0.0000000000
47170  22.141  -17.402  51.921 0.0000000000
129876  21.700  -17.585  51.309 0.0000000000
47210  20.226  -17.805  48.283 0.0000000000
45932  20.700  -18.022  49.069 0.0000000000
45957  21.003  -18.447  47.702 0.0000000000
47242  20.196  -17.797  46.635 0.0000000000
47261  20.402  -18.034  45.704 0.0000000000
138605  18.928  -17.111  45.297 0.0000000000
74658  62.478  7.412  9.972 0.0000000000
73611  61.504  7.002  11.289 0.0000000000
72610  61.011  6.737  11.931 0.0000000000
72611  59.740  5.961  10.972 0.0000000000
145935  59.894  6.020  11.978 0.0000000000
144972  61.687  7.643  13.673 0.0000000000
73583  61.361  7.065  14.094 0.0000000000
72579  59.849  5.974  13.828 0.0000000000
72580  59.415  5.689  13.209 0.0000000000
72591  59.270  5.664  12.427 0.0000000000
148020  57.937  4.884  12.399 0.0000000000
71511  57.526  4.426  13.880 0.0000000000
132677  57.151  4.357  13.259 0.0000000000
71522  55.651  3.903  12.671 0.0000000000
70355  56.061  3.903  13.419 0.0000000000
71472  58.541  5.062  16.579 0.0000000000
70309  56.002  3.926  15.827 0.0000000000
70327  55.905  3.829  15.022 0.0000000000
70343  55.223  3.640  14.376 0.0000000000
70344  54.416  3.482  14.679 0.0000000000
70345  53.626  3.312  15.086 0.0000000000
69281  52.850  3.023  15.524 0.0000000000
69282  52.220  2.694  15.033 0.0000000000
71437  54.883  4.409  18.593 0.0000000000
69249  52.136  2.518  17.883 0.0000000000
69257  52.102  2.562  17.008 0.0000000000
69258  51.415  2.101  16.670 0.0000000000
127800  50.918  1.483  17.304 0.0000000000
67117  50.580  0.755  17.947 0.0000000000
68232  50.253  0.841  17.081 0.0000000000
67118  49.968  0.041  17.768 0.0000000000
70253  57.560  3.779  23.883 0.0000000000
151087  57.312  3.421  22.934 0.0000000000
69200  57.064  2.422  23.147 0.0000000000
69211  56.330  2.049  22.923 0.0000000000
69219  54.807  2.053  22.033 0.0000000000
68192  55.081  1.552  22.603 0.0000000000
65924  54.722  0.263  23.686 0.0000000000
65923  55.340  1.022  23.458 0.0000000000
65945  52.297  -0.640  21.352 0.0000000000
128886  53.401  0.011  22.159 0.0000000000
67089  52.967  -0.005  21.726 0.0000000000
67096  53.075  0.609  21.560 0.0000000000
67097  52.553  0.210  21.207 0.0000000000
127517  52.268  0.576  20.664 0.0000000000
64931  50.502  -1.316  18.986 0.0000000000
64942  50.077  -1.401  18.410 0.0000000000
65979  49.756  -0.933  17.880 0.0000000000
64943  49.702  -1.794  17.998 0.0000000000
64944  49.236  -2.179  17.472 0.0000000000
63884  49.039  -2.752  17.774 0.0000000000
62849  48.686  -3.027  18.179 0.0000000000
62860  47.695  -3.296  17.019 0.0000000000
62850  47.936  -3.271  17.893 0.0000000000
149451  49.862  -2.670  20.870 0.0000000000
62827  49.704  -2.744  20.134 0.0000000000
62819  49.185  -2.711  20.687 0.0000000000
62830  47.078  -2.988  19.527 0.0000000000
148408  47.853  -3.063  19.171 0.0000000000
64795  52.631  -0.616  30.826 0.0000000000
64807  53.057  -1.076  30.255 0.0000000000
63745  53.586  -1.399  29.259 0.0000000000
63747  52.477  -1.578  29.550 0.0000000000
64777  48.407  -0.460  33.679 0.0000000000
65848  48.970  0.124  34.034 0.0000000000
65861  49.511  -0.054  33.240 0.0000000000
65847  49.729  0.323  33.631 0.0000000000
62710  45.965  -2.755  31.060 0.0000000000
63733  46.396  -2.310  31.957 0.0000000000
149349  46.950  -1.798  31.024 0.0000000000
64825  48.766  -1.080  30.483 0.0000000000
64812  48.170  -1.079  31.163 0.0000000000
64811  49.470  -0.770  31.004 0.0000000000
147429  50.152  -0.550  31.541 0.0000000000
64810  50.588  -0.780  30.868 0.0000000000
64809  51.348  -0.791  30.889 0.0000000000
64823  50.487  -1.155  30.002 0.0000000000
63772  49.850  -1.518  27.990 0.0000000000
63758  50.231  -1.358  29.043 0.0000000000
63771  51.490  -1.602  27.927 0.0000000000
125692  50.714  -1.623  27.488 0.0000000000
139411  50.672  -1.796  26.514 0.0000000000
63804  48.055  -2.165  25.279 0.0000000000
128311  49.006  -2.070  25.536 0.0000000000
129236  48.026  -2.291  24.386 0.0000000000
63833  48.082  -2.468  23.378 0.0000000000
63834  47.168  -2.419  23.984 0.0000000000
152206  44.582  -3.156  25.286 0.0000000000
62758  44.714  -3.023  24.523 0.0000000000
62780  44.952  -2.911  22.846 0.0000000000
63848  45.794  -2.662  22.687 0.0000000000
62796  45.217  -2.818  21.941 0.0000000000
154188  45.088  -2.896  21.325 0.0000000000
62809  44.457  -3.125  21.448 0.0000000000
157599  42.819  -3.950  19.669 0.0000000000
60642  40.579  -5.727  21.464 0.0000000000
143725  40.564  -5.576  20.827 0.0000000000
152095  40.084  -5.979  21.040 0.0000000000
59538  38.772  -7.062  18.756 0.0000000000
58228  40.822  -7.797  26.248 0.0000000000
58229  40.436  -7.937  25.667 0.0000000000
57290  38.674  -8.861  23.489 0.0000000000
57278  39.351  -8.225  23.809 0.0000000000
57298  38.338  -8.704  22.628 0.0000000000
151267  37.330  -10.884  22.349 0.0000000000
55164  36.667  -10.218  19.425 0.0000000000
56166  37.027  -9.871  20.143 0.0000000000
51775  41.888  -12.650  36.013 0.0000000000
51785  42.135  -12.092  35.256 0.0000000000
51786  41.387  -12.649  35.187 0.0000000000
51823  38.707  -13.122  32.996 0.0000000000
51811  39.445  -12.879  33.517 0.0000000000
128555  38.784  -12.999  32.262 0.0000000000
150619  39.415  -12.626  32.272 0.0000000000
51830  38.116  -13.248  31.462 0.0000000000
50697  36.053  -14.096  32.449 0.0000000000
148436  36.038  -14.114  31.606 0.0000000000
126000  36.123  -14.013  30.152 0.0000000000
157224  36.332  -13.948  30.675 0.0000000000
50744  36.751  -13.674  29.657 0.0000000000
51848  37.443  -13.398  29.982 0.0000000000
154451  37.118  -13.346  28.559 0.0000000000
50756  36.037  -13.869  28.400 0.0000000000
128296  34.217  -14.382  26.689 0.0000000000
50780  34.833  -14.125  26.524 0.0000000000
50793  34.453  -14.051  25.922 0.0000000000
51901  34.810  -13.536  25.036 0.0000000000
50794  33.904  -14.008  25.300 0.0000000000
49710  30.911  -15.126  31.433 0.0000000000
140825  30.535  -15.016  30.771 0.0000000000
49733  30.764  -14.673  29.096 0.0000000000
50761  31.654  -14.565  28.732 0.0000000000
49769  28.238  -15.152  25.499 0.0000000000
50799  28.895  -14.866  26.037 0.0000000000
155433  30.323  -14.577  25.955 0.0000000000
130486  31.027  -14.618  25.699 0.0000000000
130472  32.059  -14.611  26.700 0.0000000000
50783  31.591  -14.622  26.244 0.0000000000
127951  32.342  -14.616  26.111 0.0000000000
50796  31.846  -14.587  25.390 0.0000000000
134911  31.481  -14.333  23.428 0.0000000000
51920  32.958  -13.583  23.278 0.0000000000
157531  59.575  5.233  7.100 0.0000000000
71589  60.337  5.262  7.119 0.0000000000
156722  58.999  4.110  4.856 0.0000000000
70441  59.164  3.552  4.415 0.0000000000
69328  51.505  2.515  10.718 0.0000000000
150554  52.273  2.845  10.660 0.0000000000
132053  51.199  2.356  9.884 0.0000000000
50517  30.312  -13.982  49.684 0.0000000000
50533  29.846  -14.327  49.907 0.0000000000
50518  29.745  -13.680  49.850 0.0000000000
51596  29.073  -13.113  49.996 0.0000000000
125338  44.790  -11.089  39.014 0.0000000000
54886  45.245  -10.132  39.230 0.0000000000
54899  45.026  -10.612  38.410 0.0000000000
54913  45.235  -10.252  37.787 0.0000000000
55973  45.051  -10.189  37.023 0.0000000000
55985  45.483  -9.541  36.626 0.0000000000
54925  44.450  -10.565  36.665 0.0000000000
54939  43.978  -10.591  35.922 0.0000000000
53888  43.140  -10.851  34.807 0.0000000000
53901  42.788  -10.848  34.208 0.0000000000
133659  42.672  -11.120  34.599 0.0000000000
52817  42.127  -11.348  34.064 0.0000000000
136264  41.739  -11.815  34.158 0.0000000000
71542  54.852  3.876  11.216 0.0000000000
137052  52.691  3.054  10.292 0.0000000000
49641  26.617  -15.700  38.527 0.0000000000
49632  24.891  -15.852  39.161 0.0000000000
143187  22.605  -19.041  43.526 0.0000000000
131868  20.307  -18.589  42.931 0.0000000000
46023  20.199  -18.429  43.583 0.0000000000
47292  19.678  -17.912  44.068 0.0000000000
51655  39.346  -14.271  44.430 0.0000000000
51673  39.954  -14.271  44.025 0.0000000000
49553  39.895  -15.710  43.744 0.0000000000
48483  39.984  -16.101  43.344 0.0000000000
48496  40.034  -16.262  43.116 0.0000000000
47288  39.756  -16.600  42.858 0.0000000000
46013  39.190  -17.120  42.789 0.0000000000
47301  38.931  -17.203  42.712 0.0000000000
46027  38.131  -17.437  42.962 0.0000000000
48534  30.017  -16.555  41.442 0.0000000000
127395  29.286  -16.336  40.426 0.0000000000
129436  28.915  -16.528  39.110 0.0000000000
48570  28.233  -16.299  38.633 0.0000000000
49640  27.463  -15.879  38.939 0.0000000000
67134  48.807  0.068  15.216 0.0000000000
66009  48.343  -0.379  14.685 0.0000000000
64987  47.267  -1.673  13.489 0.0000000000
49500  16.295  -15.842  50.880 0.0000000000
71396  57.536  5.322  21.219 0.0000000000
71383  57.059  4.587  21.501 0.0000000000
64847  54.516  -0.842  26.924 0.0000000000
64858  54.453  -0.767  25.936 0.0000000000
63814  52.270  -1.829  24.400 0.0000000000
63815  51.571  -2.112  24.264 0.0000000000
154079  50.566  -2.190  24.818 0.0000000000
60562  44.051  -5.265  29.468 0.0000000000
60563  43.534  -5.519  28.589 0.0000000000
61729  43.634  -4.889  28.079 0.0000000000
61746  43.512  -4.674  27.437 0.0000000000
152990  43.471  -4.441  26.818 0.0000000000
60597  42.998  -5.098  26.871 0.0000000000
60605  42.646  -5.249  25.995 0.0000000000
60607  41.722  -5.908  24.648 0.0000000000
58254  41.274  -6.559  24.990 0.0000000000
156905  40.690  -6.932  24.418 0.0000000000
49678  33.771  -14.916  33.915 0.0000000000
50690  33.246  -14.791  32.599 0.0000000000
50701  32.589  -14.761  31.552 0.0000000000
71569  63.322  5.284  7.981 0.0000000000
71587  62.277  5.420  7.924 0.0000000000
146012  29.023  -15.800  44.686 0.0000000000
147259  28.294  -15.490  44.155 0.0000000000
147350  27.658  -15.196  45.661 0.0000000000
50555  27.282  -14.945  48.626 0.0000000000
50564  26.947  -14.843  48.012 0.0000000000
154180  24.636  -17.093  46.241 0.0000000000
48459  25.110  -16.550  47.495 0.0000000000
47208  24.685  -17.272  47.987 0.0000000000
49529  34.947  -16.201  47.154 0.0000000000
48457  34.778  -16.765  46.838 0.0000000000
47217  35.240  -17.167  46.250 0.0000000000
47218  34.771  -17.010  46.643 0.0000000000
47219  34.145  -17.082  46.704 0.0000000000
45951  33.875  -17.255  46.482 0.0000000000
47207  31.280  -16.339  47.642 0.0000000000
47222  31.817  -16.547  47.370 0.0000000000
47239  31.237  -16.667  46.542 0.0000000000
47258  31.381  -16.797  45.763 0.0000000000
145105  30.811  -16.613  45.063 0.0000000000
150179  30.177  -16.257  45.538 0.0000000000
58124  46.150  -6.946  39.530 0.0000000000
60423  46.344  -5.431  39.413 0.0000000000
61566  46.240  -4.696  39.612 0.0000000000
62677  47.265  -3.586  38.199 0.0000000000
144915  47.413  -3.264  37.685 0.0000000000
154308  47.432  -3.822  37.750 0.0000000000
126922  47.339  -4.924  36.604 0.0000000000
61627  47.149  -5.559  36.274 0.0000000000
57171  44.915  -8.703  34.195 0.0000000000
58167  45.760  -7.230  34.275 0.0000000000
57179  44.699  -8.101  33.342 0.0000000000
58174  44.845  -7.295  32.968 0.0000000000
157580  44.709  -6.976  32.524 0.0000000000
133172  44.380  -6.963  31.893 0.0000000000
58181  43.934  -7.581  31.483 0.0000000000
57207  43.114  -8.057  30.458 0.0000000000
57209  41.786  -8.772  29.302 0.0000000000
56070  41.283  -9.417  29.117 0.0000000000
152689  40.607  -11.407  30.647 0.0000000000
52863  40.111  -11.487  29.944 0.0000000000
156933  39.631  -11.719  29.599 0.0000000000
52872  39.108  -11.930  28.549 0.0000000000
52894  38.597  -12.388  27.269 0.0000000000
138524  37.526  -13.124  27.425 0.0000000000
51888  36.869  -13.382  27.149 0.0000000000
48644  28.262  -16.706  32.413 0.0000000000
48656  28.781  -16.165  31.870 0.0000000000
48657  28.097  -16.459  31.666 0.0000000000
48664  27.186  -16.589  30.644 0.0000000000
72625  58.705  5.516  9.555 0.0000000000
71573  56.404  4.655  8.351 0.0000000000
70414  53.238  3.284  7.716 0.0000000000
47384  22.259  -17.211  35.916 0.0000000000
49592  25.480  -15.557  42.545 0.0000000000
127995  25.272  -15.635  41.839 0.0000000000
48522  24.389  -16.175  41.620 0.0000000000
48537  23.855  -16.644  41.105 0.0000000000
140868  21.290  -18.407  40.272 0.0000000000
140457  20.574  -18.412  39.104 0.0000000000
149022  42.215  -13.430  42.252 0.0000000000
52702  42.003  -12.807  42.552 0.0000000000
52714  43.128  -12.753  41.487 0.0000000000
52727  43.644  -12.464  41.013 0.0000000000
51733  43.252  -13.273  40.498 0.0000000000
131891  42.912  -13.646  40.056 0.0000000000
51745  42.963  -13.479  39.528 0.0000000000
50651  42.467  -13.485  38.862 0.0000000000
50642  41.576  -14.072  39.502 0.0000000000
48556  37.965  -16.287  40.118 0.0000000000
49628  38.485  -15.901  39.799 0.0000000000
49638  36.859  -15.804  38.924 0.0000000000
49647  36.587  -15.502  37.986 0.0000000000
153341  35.160  -16.039  37.660 0.0000000000
48588  34.209  -16.104  36.934 0.0000000000
144132  34.886  -17.960  43.671 0.0000000000
46030  35.536  -17.852  43.472 0.0000000000
46042  33.944  -18.121  42.033 0.0000000000
46063  30.924  -17.534  39.271 0.0000000000
146173  31.937  -17.729  39.636 0.0000000000
46070  31.360  -17.587  39.106 0.0000000000
47357  31.887  -17.333  38.106 0.0000000000
47376  32.071  -17.079  37.387 0.0000000000
47389  30.615  -16.957  35.888 0.0000000000
48603  26.497  -16.850  34.783 0.0000000000
139872  27.128  -17.202  34.552 0.0000000000
47427  25.455  -17.340  32.999 0.0000000000
46131  25.163  -17.731  32.226 0.0000000000
142634  24.657  -17.495  32.802 0.0000000000
47439  24.191  -17.959  32.300 0.0000000000
69299  51.597  2.437  13.671 0.0000000000
156383  50.253  1.754  12.464 0.0000000000
136400  49.520  1.283  12.223 0.0000000000
63974  48.026  -1.476  11.514 0.0000000000
49458  24.370  -15.495  52.044 0.0000000000
48390  24.385  -16.210  51.846 0.0000000000
47167  24.051  -16.935  51.504 0.0000000000
45906  23.360  -17.702  50.792 0.0000000000
45917  22.851  -18.053  50.433 0.0000000000
49471  19.187  -15.923  52.958 0.0000000000
47172  20.096  -16.828  51.857 0.0000000000
47181  20.798  -17.498  50.677 0.0000000000
47195  19.972  -17.276  50.087 0.0000000000
131436  20.047  -17.524  49.234 0.0000000000
47243  19.738  -17.428  47.423 0.0000000000
150380  19.288  -17.075  46.677 0.0000000000
48460  18.932  -16.865  47.419 0.0000000000
48476  18.365  -16.696  46.775 0.0000000000
73600  61.783  7.350  11.611 0.0000000000
73591  61.609  7.366  12.561 0.0000000000
73592  61.212  6.933  13.142 0.0000000000
73575  60.875  6.615  14.560 0.0000000000
72577  60.384  6.267  14.661 0.0000000000
72578  59.974  5.966  14.623 0.0000000000
71509  59.115  5.467  13.799 0.0000000000
131243  58.476  5.087  13.687 0.0000000000
71502  58.661  5.156  14.433 0.0000000000
71503  57.954  4.659  14.637 0.0000000000
144111  58.212  4.906  16.948 0.0000000000
131233  57.575  4.700  16.998 0.0000000000
71474  56.767  4.283  16.366 0.0000000000
147181  55.550  3.754  15.505 0.0000000000
70310  55.168  3.783  16.002 0.0000000000
70311  54.239  3.734  16.440 0.0000000000
70285  53.508  3.465  19.057 0.0000000000
68216  51.813  1.962  18.692 0.0000000000
68217  51.374  1.073  19.169 0.0000000000
69190  56.966  2.124  23.488 0.0000000000
68182  56.270  1.819  23.297 0.0000000000
67078  55.806  1.532  23.333 0.0000000000
64879  53.063  -1.067  22.789 0.0000000000
65936  53.453  -0.328  22.545 0.0000000000
64888  52.676  -1.085  22.211 0.0000000000
64914  51.762  -1.026  20.737 0.0000000000
63874  49.577  -2.434  18.223 0.0000000000
126985  49.892  -2.618  18.815 0.0000000000
62838  49.741  -2.771  19.305 0.0000000000
62820  48.333  -2.720  20.549 0.0000000000
62831  46.021  -3.021  19.530 0.0000000000
65868  52.264  -0.193  31.379 0.0000000000
64808  52.388  -0.905  30.699 0.0000000000
144931  47.507  -1.779  35.008 0.0000000000
64778  47.545  -1.381  34.198 0.0000000000
64787  47.685  -1.077  33.199 0.0000000000
63738  46.687  -2.098  30.190 0.0000000000
127699  47.282  -1.828  29.576 0.0000000000
133023  48.148  -1.544  29.423 0.0000000000
64824  48.726  -1.276  29.940 0.0000000000
63759  49.285  -1.301  29.428 0.0000000000
63773  48.802  -1.624  27.971 0.0000000000
126057  49.147  -1.669  27.331 0.0000000000
128039  49.040  -1.827  26.537 0.0000000000
63805  47.306  -2.237  25.844 0.0000000000
62782  43.518  -3.779  23.604 0.0000000000
62769  44.129  -3.421  24.027 0.0000000000
155810  43.908  -3.404  22.572 0.0000000000
62798  43.650  -3.497  22.002 0.0000000000
62810  43.669  -3.481  21.066 0.0000000000
61808  42.276  -4.275  20.072 0.0000000000
60655  40.279  -5.707  19.461 0.0000000000
59516  39.665  -6.478  21.357 0.0000000000
59524  39.566  -6.349  20.607 0.0000000000
59525  38.968  -6.755  20.090 0.0000000000
56115  39.922  -9.149  26.148 0.0000000000
57262  39.519  -8.828  24.979 0.0000000000
56145  38.103  -9.585  23.056 0.0000000000
54060  36.592  -11.024  20.986 0.0000000000
51788  39.919  -13.418  35.808 0.0000000000
155867  40.152  -13.003  34.548 0.0000000000
128932  39.645  -13.343  34.947 0.0000000000
51812  38.703  -13.316  33.784 0.0000000000
50695  38.002  -13.530  33.237 0.0000000000
50728  35.443  -14.302  30.381 0.0000000000
133233  35.504  -14.250  29.621 0.0000000000
146713  35.556  -14.167  28.972 0.0000000000
50757  35.156  -14.321  28.331 0.0000000000
49735  29.145  -15.275  29.651 0.0000000000
154597  29.426  -15.076  28.995 0.0000000000
50762  30.040  -14.832  28.621 0.0000000000
50774  29.952  -14.836  27.749 0.0000000000
50821  29.035  -14.744  24.300 0.0000000000
141882  31.720  -14.500  24.644 0.0000000000
71602  57.662  4.583  6.328 0.0000000000
71601  58.480  4.678  6.124 0.0000000000
68289  50.011  1.350  9.902 0.0000000000
69333  50.643  1.855  9.409 0.0000000000
48445  29.869  -16.231  47.989 0.0000000000
49530  29.147  -15.923  47.522 0.0000000000
49518  29.140  -15.912  48.385 0.0000000000
128240  29.151  -15.640  49.137 0.0000000000
50544  28.317  -15.130  49.283 0.0000000000
49496  29.234  -14.520  50.033 0.0000000000
49520  27.793  -15.087  48.818 0.0000000000
50545  27.413  -14.814  49.257 0.0000000000
50546  26.532  -14.863  49.550 0.0000000000
48427  32.123  -15.822  48.159 0.0000000000
48409  31.123  -15.139  48.929 0.0000000000
48428  31.204  -15.887  48.208 0.0000000000
48443  31.110  -16.088  48.094 0.0000000000
55890  44.287  -8.835  41.466 0.0000000000
57083  44.834  -8.268  40.884 0.0000000000
146483  45.353  -8.136  40.316 0.0000000000
57099  45.716  -7.605  39.972 0.0000000000
55932  45.490  -9.569  39.271 0.0000000000
55916  45.805  -8.800  39.313 0.0000000000
57098  46.096  -7.871  39.372 0.0000000000
147916  46.493  -7.536  38.838 0.0000000000
58131  46.913  -6.983  38.338 0.0000000000
59322  47.205  -6.710  37.556 0.0000000000
59334  47.157  -6.605  36.799 0.0000000000
145843  46.805  -7.722  37.132 0.0000000000
57156  46.546  -7.781  36.238 0.0000000000
153747  45.688  -8.596  35.490 0.0000000000
134590  45.320  -9.351  35.825 0.0000000000
55995  45.132  -9.086  35.025 0.0000000000
56011  44.226  -9.237  33.641 0.0000000000
56012  43.620  -9.602  33.225 0.0000000000
56025  42.717  -10.027  32.325 0.0000000000
56036  42.361  -9.863  31.356 0.0000000000
55002  42.283  -10.467  32.120 0.0000000000
53959  41.495  -11.191  31.927 0.0000000000
53919  42.208  -10.913  33.196 0.0000000000
53939  41.739  -11.202  32.781 0.0000000000
53960  40.805  -11.541  31.435 0.0000000000
52856  40.129  -11.786  30.708 0.0000000000
52857  39.487  -12.230  30.745 0.0000000000
44872  24.328  -19.346  29.721 0.0000000000
141416  24.480  -19.335  29.074 0.0000000000
129240  56.811  4.729  10.735 0.0000000000
140209  56.216  4.609  10.056 0.0000000000
70400  54.358  3.898  8.922 0.0000000000
70389  54.213  3.786  9.900 0.0000000000
70404  53.623  3.569  8.505 0.0000000000
48605  24.446  -16.557  35.082 0.0000000000
48596  23.732  -16.581  35.760 0.0000000000
48583  25.278  -15.845  37.660 0.0000000000
47383  22.998  -16.807  36.336 0.0000000000
141210  22.278  -17.177  36.808 0.0000000000
47372  22.329  -17.256  37.701 0.0000000000
48509  24.151  -16.846  43.717 0.0000000000
47305  23.537  -17.403  42.651 0.0000000000
47306  22.896  -18.166  42.424 0.0000000000
46056  22.001  -18.408  41.352 0.0000000000
46021  22.492  -18.892  42.830 0.0000000000
46057  21.279  -18.594  41.027 0.0000000000
46058  20.490  -18.598  40.555 0.0000000000
46048  18.660  -18.476  41.217 0.0000000000
51672  40.531  -14.389  43.607 0.0000000000
144995  40.905  -13.605  43.410 0.0000000000
134952  41.601  -13.695  42.775 0.0000000000
50594  41.511  -14.720  42.432 0.0000000000
49576  41.462  -14.975  42.159 0.0000000000
49611  41.328  -15.166  41.335 0.0000000000
48532  40.858  -15.867  41.808 0.0000000000
135765  40.358  -16.281  41.738 0.0000000000
48545  39.760  -16.580  41.489 0.0000000000
47314  39.408  -16.930  42.388 0.0000000000
47327  39.286  -16.920  41.841 0.0000000000
130174  39.038  -16.714  41.181 0.0000000000
48546  38.143  -16.727  40.842 0.0000000000
48547  37.214  -16.833  40.782 0.0000000000
47302  32.128  -18.095  42.666 0.0000000000
46032  32.597  -18.280  42.026 0.0000000000
47346  30.877  -17.489  39.830 0.0000000000
155102  30.606  -17.425  38.879 0.0000000000
47369  29.252  -17.035  36.770 0.0000000000
47370  28.586  -16.850  36.711 0.0000000000
47381  27.976  -16.702  36.307 0.0000000000
48582  27.954  -16.426  37.210 0.0000000000
47382  27.250  -16.619  35.876 0.0000000000
136906  26.474  -16.514  35.524 0.0000000000
48604  25.528  -16.470  35.148 0.0000000000
68263  49.702  1.335  13.855 0.0000000000
67143  49.110  0.764  14.031 0.0000000000
67144  48.611  0.192  14.355 0.0000000000
66038  47.997  -0.261  12.883 0.0000000000
49464  18.645  -15.513  53.179 0.0000000000
48394  18.578  -15.972  51.677 0.0000000000
49481  18.360  -16.108  50.747 0.0000000000
48447  17.973  -16.461  48.427 0.0000000000
48415  17.720  -16.260  49.275 0.0000000000
48448  16.977  -16.372  48.756 0.0000000000
71435  57.312  5.200  18.769 0.0000000000
71416  56.289  4.972  19.304 0.0000000000
71417  55.349  4.518  19.351 0.0000000000
156431  55.155  4.172  20.032 0.0000000000
127328  54.716  3.671  20.499 0.0000000000
65909  55.834  0.731  24.910 0.0000000000
67051  55.912  1.012  24.198 0.0000000000
132127  55.525  0.448  24.726 0.0000000000
65918  54.919  0.024  24.434 0.0000000000
64871  54.122  -0.535  24.023 0.0000000000
64864  53.529  -1.118  24.473 0.0000000000
64872  53.313  -1.065  23.567 0.0000000000
64880  52.417  -1.523  22.448 0.0000000000
63842  52.013  -1.821  22.093 0.0000000000
62803  50.971  -2.468  21.309 0.0000000000
62791  50.968  -2.462  22.041 0.0000000000
151429  50.455  -2.571  22.193 0.0000000000
62792  49.879  -2.641  22.039 0.0000000000
62793  49.078  -2.609  22.072 0.0000000000
62794  48.133  -2.546  21.922 0.0000000000
65846  50.807  0.629  33.061 0.0000000000
62705  45.405  -4.165  32.329 0.0000000000
62711  45.336  -3.778  31.527 0.0000000000
62716  45.352  -3.491  30.591 0.0000000000
61717  44.483  -4.383  29.419 0.0000000000
137144  45.346  -3.335  29.822 0.0000000000
62722  45.654  -2.828  29.132 0.0000000000
63762  45.663  -2.762  28.260 0.0000000000
63775  46.232  -2.447  27.763 0.0000000000
143190  45.998  -2.558  27.032 0.0000000000
62735  45.105  -2.992  27.005 0.0000000000
62747  44.833  -3.071  26.029 0.0000000000
62760  43.396  -4.046  25.179 0.0000000000
62770  43.516  -3.877  24.378 0.0000000000
61781  43.106  -4.220  23.978 0.0000000000
61799  41.620  -5.018  21.998 0.0000000000
60632  41.197  -5.559  22.525 0.0000000000
59508  40.548  -6.034  22.224 0.0000000000
152415  41.207  -6.055  23.604 0.0000000000
59509  39.885  -6.592  22.057 0.0000000000
59517  39.375  -6.923  21.738 0.0000000000
58288  38.429  -7.723  21.368 0.0000000000
54031  38.139  -11.055  24.032 0.0000000000
54032  37.696  -11.738  23.668 0.0000000000
54039  37.146  -11.436  22.541 0.0000000000
54050  36.312  -11.515  21.497 0.0000000000
54061  36.086  -11.264  20.602 0.0000000000
139915  36.903  -14.178  34.950 0.0000000000
50686  36.999  -14.057  34.117 0.0000000000
148040  36.293  -14.156  33.842 0.0000000000
130308  35.889  -14.170  33.258 0.0000000000
50698  35.441  -14.247  32.046 0.0000000000
125691  34.775  -14.393  32.701 0.0000000000
127599  34.752  -14.395  31.679 0.0000000000
131686  34.747  -14.439  30.753 0.0000000000
50747  33.167  -14.697  28.978 0.0000000000
49759  27.570  -15.671  26.675 0.0000000000
144819  28.096  -15.396  27.005 0.0000000000
49770  27.568  -15.586  25.838 0.0000000000
49783  27.736  -15.493  24.122 0.0000000000
49776  28.320  -15.093  24.648 0.0000000000
71597  63.533  4.161  6.968 0.0000000000
71607  63.183  3.733  6.330 0.0000000000
70427  61.708  3.707  5.182 0.0000000000
70439  61.243  3.165  4.556 0.0000000000
125364  55.663  2.133  4.171 0.0000000000
49601  27.900  -15.515  41.737 0.0000000000
49614  26.711  -15.537  40.652 0.0000000000
49591  27.171  -15.303  42.489 0.0000000000
49580  26.946  -15.204  43.332 0.0000000000
136611  26.122  -15.315  43.030 0.0000000000
127969  25.245  -15.687  43.210 0.0000000000
150394  24.587  -16.231  43.447 0.0000000000
49544  28.428  -15.453  47.001 0.0000000000
49557  27.648  -15.077  46.545 0.0000000000
50582  26.867  -14.979  46.125 0.0000000000
50574  26.879  -14.822  47.040 0.0000000000
48500  24.484  -16.505  44.181 0.0000000000
47277  24.054  -17.364  44.337 0.0000000000
149925  23.892  -18.037  44.762 0.0000000000
47260  23.910  -18.229  45.400 0.0000000000
45986  23.450  -18.570  44.832 0.0000000000
45971  22.540  -18.988  45.780 0.0000000000
49542  36.918  -15.564  45.816 0.0000000000
48471  37.136  -16.280  45.386 0.0000000000
47234  37.354  -16.905  44.707 0.0000000000
45978  37.636  -17.322  44.067 0.0000000000
47255  37.007  -17.415  44.336 0.0000000000
45980  36.072  -17.605  44.530 0.0000000000
154565  35.494  -17.693  44.565 0.0000000000
47237  35.030  -17.519  45.839 0.0000000000
45981  35.496  -17.674  44.889 0.0000000000
136274  34.511  -17.946  44.177 0.0000000000
46001  33.890  -17.931  44.377 0.0000000000
155225  33.202  -17.946  44.106 0.0000000000
47220  33.586  -16.893  46.973 0.0000000000
45952  33.365  -17.043  46.753 0.0000000000
45953  32.370  -16.915  46.707 0.0000000000
45968  32.978  -17.097  46.556 0.0000000000
45984  33.311  -17.526  45.594 0.0000000000
139780  32.907  -17.629  44.881 0.0000000000
46020  32.615  -18.126  43.427 0.0000000000
47289  31.964  -17.792  43.463 0.0000000000
48519  30.993  -17.185  42.760 0.0000000000
48520  30.252  -16.553  42.914 0.0000000000
48535  29.628  -16.220  42.174 0.0000000000
49600  28.757  -15.814  41.906 0.0000000000
70252  57.466  3.215  24.412 0.0000000000
68167  56.860  2.163  24.708 0.0000000000
67036  56.434  1.622  24.795 0.0000000000
68160  56.558  1.909  25.418 0.0000000000
67023  56.216  1.325  25.676 0.0000000000
67024  55.810  0.658  26.232 0.0000000000
65901  55.422  0.031  26.488 0.0000000000
67003  55.454  0.530  27.737 0.0000000000
67013  55.159  -0.028  27.644 0.0000000000
64846  54.940  -0.500  27.155 0.0000000000
64838  54.461  -0.857  27.754 0.0000000000
64839  53.959  -1.197  27.487 0.0000000000
63717  47.318  -2.783  35.621 0.0000000000
147157  46.098  -3.944  33.779 0.0000000000
60470  47.053  -6.163  36.261 0.0000000000
60483  46.732  -5.838  35.451 0.0000000000
153455  46.114  -6.712  34.556 0.0000000000
59368  46.551  -6.129  35.146 0.0000000000
61657  46.212  -5.350  34.382 0.0000000000
61658  45.795  -5.370  33.716 0.0000000000
61675  45.458  -4.912  32.953 0.0000000000
60540  44.751  -5.151  31.520 0.0000000000
59422  44.192  -6.306  30.841 0.0000000000
60550  44.123  -5.861  30.246 0.0000000000
143218  43.128  -6.361  28.660 0.0000000000
59450  42.686  -6.521  27.959 0.0000000000
59451  41.929  -7.017  26.994 0.0000000000
58219  41.562  -7.652  27.328 0.0000000000
57250  40.987  -8.071  26.895 0.0000000000
57219  41.656  -8.360  28.587 0.0000000000
57236  40.670  -8.734  27.110 0.0000000000
56101  39.544  -9.863  26.341 0.0000000000
55087  38.812  -10.898  25.543 0.0000000000
56037  41.816  -10.009  30.558 0.0000000000
55035  41.351  -10.077  29.769 0.0000000000
55036  40.735  -10.239  29.047 0.0000000000
53986  40.384  -10.956  29.429 0.0000000000
53996  40.075  -10.828  28.611 0.0000000000
55086  39.160  -10.723  26.193 0.0000000000
54024  38.407  -11.490  25.056 0.0000000000
144828  38.124  -12.111  24.982 0.0000000000
152124  37.783  -12.286  24.709 0.0000000000
52908  37.994  -12.675  26.069 0.0000000000
52920  37.226  -12.645  24.832 0.0000000000
52931  36.891  -12.430  24.017 0.0000000000
49681  31.366  -15.661  33.351 0.0000000000
137376  31.807  -15.341  32.796 0.0000000000
49694  30.413  -15.555  32.129 0.0000000000
49711  30.058  -15.387  31.334 0.0000000000
151358  28.432  -15.583  29.641 0.0000000000
48673  26.486  -16.655  29.309 0.0000000000
47471  25.397  -17.777  28.451 0.0000000000
48686  27.010  -16.155  27.960 0.0000000000
148911  61.164  6.074  8.951 0.0000000000
72636  60.300  5.745  8.449 0.0000000000
72659  58.915  5.252  7.558 0.0000000000
72637  58.546  5.353  8.542 0.0000000000
71591  58.220  4.878  6.943 0.0000000000
126555  56.403  3.987  5.534 0.0000000000
71557  56.354  4.660  9.208 0.0000000000
70411  55.470  4.242  7.279 0.0000000000
70412  54.649  3.917  7.212 0.0000000000
49615  25.846  -15.557  40.387 0.0000000000
48551  24.280  -16.253  39.738 0.0000000000
48561  24.198  -16.290  38.902 0.0000000000
135824  23.617  -16.672  38.565 0.0000000000
47337  23.250  -17.305  41.135 0.0000000000
143761  22.634  -17.652  40.061 0.0000000000
47339  22.030  -18.066  40.002 0.0000000000
151661  21.895  -17.880  39.465 0.0000000000
47350  22.426  -17.603  39.395 0.0000000000
47362  21.708  -17.669  38.144 0.0000000000
139996  20.869  -17.943  36.813 0.0000000000
147598  41.995  -11.381  42.902 0.0000000000
57051  43.346  -8.491  42.632 0.0000000000
57070  43.828  -8.422  42.055 0.0000000000
54850  44.258  -9.834  41.401 0.0000000000
54862  44.642  -10.291  40.731 0.0000000000
53810  44.808  -10.935  39.947 0.0000000000
52739  44.160  -11.991  40.558 0.0000000000
52738  44.511  -11.540  40.143 0.0000000000
52753  44.647  -11.369  39.666 0.0000000000
52769  44.507  -11.586  38.828 0.0000000000
52770  44.218  -11.710  38.191 0.0000000000
153744  43.175  -12.006  36.919 0.0000000000
52804  42.989  -11.550  36.043 0.0000000000
126870  42.455  -12.671  36.894 0.0000000000
51765  41.472  -13.245  37.042 0.0000000000
50670  38.327  -13.985  36.055 0.0000000000
49625  40.879  -15.317  40.742 0.0000000000
49635  40.725  -14.775  39.886 0.0000000000
49636  38.910  -15.455  39.502 0.0000000000
49645  38.845  -14.903  38.887 0.0000000000
50654  39.514  -14.416  38.574 0.0000000000
138951  37.796  -14.298  36.592 0.0000000000
149642  37.356  -14.225  35.716 0.0000000000
50671  36.478  -14.523  35.497 0.0000000000
50672  35.730  -14.659  35.093 0.0000000000
50673  34.910  -14.785  34.825 0.0000000000
49655  35.616  -15.313  36.551 0.0000000000
49661  35.207  -15.081  35.684 0.0000000000
49669  34.084  -15.057  34.633 0.0000000000
49670  33.291  -15.310  34.448 0.0000000000
49671  32.474  -15.511  34.260 0.0000000000
45997  37.229  -17.489  43.832 0.0000000000
46028  37.190  -17.564  42.910 0.0000000000
46040  36.813  -17.626  42.601 0.0000000000
47342  35.405  -17.098  40.339 0.0000000000
48558  35.044  -16.861  39.545 0.0000000000
46043  33.070  -18.256  41.541 0.0000000000
46052  33.530  -18.020  41.105 0.0000000000
46062  32.530  -17.862  40.008 0.0000000000
46061  33.219  -17.850  40.295 0.0000000000
47333  34.021  -17.672  40.588 0.0000000000
48567  34.760  -16.602  38.715 0.0000000000
48589  33.348  -16.348  36.755 0.0000000000
48580  32.853  -16.824  37.408 0.0000000000
48590  32.411  -16.628  36.587 0.0000000000
48599  33.048  -16.074  35.912 0.0000000000
154799  30.830  -15.878  33.472 0.0000000000
48629  29.305  -16.600  33.502 0.0000000000
48614  29.600  -16.773  34.369 0.0000000000
134017  27.827  -17.159  32.773 0.0000000000
47438  26.921  -17.406  32.169 0.0000000000
132908  29.051  -17.072  35.925 0.0000000000
152803  28.317  -17.143  34.850 0.0000000000
46103  27.960  -17.305  34.293 0.0000000000
46104  27.311  -17.370  33.997 0.0000000000
46118  27.559  -17.367  33.555 0.0000000000
46129  27.112  -17.430  32.783 0.0000000000
46139  25.738  -17.707  31.636 0.0000000000
153087  24.659  -18.047  31.891 0.0000000000
44855  24.201  -18.757  31.158 0.0000000000
70368  53.246  3.168  12.499 0.0000000000
70378  52.758  3.007  11.878 0.0000000000
69317  52.136  2.756  12.036 0.0000000000
69319  50.779  2.118  11.235 0.0000000000
67173  48.942  0.745  12.302 0.0000000000
67183  48.968  0.749  11.647 0.0000000000
67184  48.539  0.120  11.302 0.0000000000
139439  48.990  0.622  10.922 0.0000000000
67186  48.790  0.145  10.673 0.0000000000
63924  47.517  -1.788  14.385 0.0000000000
63942  47.145  -2.374  13.061 0.0000000000
137331  47.747  -3.766  12.495 0.0000000000
131537  28.743  -11.847  49.840 0.0000000000
52590  28.466  -12.401  50.087 0.0000000000
52591  27.605  -12.366  50.248 0.0000000000
50536  26.365  -14.498  50.363 0.0000000000
49497  25.996  -15.438  50.276 0.0000000000
131428  25.445  -14.285  51.050 0.0000000000
49479  25.688  -15.311  50.848 0.0000000000
47209  24.321  -17.766  48.389 0.0000000000
47178  24.332  -17.322  50.242 0.0000000000
45928  23.885  -18.183  48.746 0.0000000000
45941  23.899  -18.273  47.804 0.0000000000
45954  23.344  -18.824  47.209 0.0000000000
152943  22.267  -19.014  46.461 0.0000000000
45972  21.745  -18.853  46.029 0.0000000000
128047  22.582  -16.279  52.767 0.0000000000
47158  22.458  -17.106  52.190 0.0000000000
45918  22.331  -17.913  50.790 0.0000000000
128880  22.267  -18.313  49.844 0.0000000000
45931  21.424  -18.255  49.422 0.0000000000
148884  22.018  -18.652  48.940 0.0000000000
45956  21.934  -18.898  47.962 0.0000000000
131853  21.596  -18.785  46.945 0.0000000000
45989  21.151  -18.644  45.475 0.0000000000
47278  20.572  -18.333  44.936 0.0000000000
47262  19.563  -17.374  45.874 0.0000000000
47280  18.628  -17.336  44.488 0.0000000000
48477  17.504  -16.671  46.980 0.0000000000
72621  62.283  6.821  9.473 0.0000000000
148897  61.069  6.474  9.840 0.0000000000
131046  60.397  6.248  10.424 0.0000000000
72612  58.885  5.598  10.512 0.0000000000
72603  58.225  5.298  11.029 0.0000000000
128916  61.475  7.236  13.394 0.0000000000
72588  60.831  6.598  13.610 0.0000000000
150053  60.729  6.518  14.162 0.0000000000
72589  60.475  6.361  13.345 0.0000000000
71529  57.519  4.853  11.518 0.0000000000
71530  56.564  4.466  11.557 0.0000000000
127996  57.859  4.736  13.221 0.0000000000
130794  56.300  4.206  12.237 0.0000000000
133124  54.790  3.616  12.909 0.0000000000
71489  59.429  5.560  16.333 0.0000000000
148487  57.273  4.237  14.400 0.0000000000
71473  57.669  4.557  16.160 0.0000000000
71504  56.697  4.011  14.650 0.0000000000
154516  54.261  3.449  13.074 0.0000000000
131816  53.675  3.269  13.250 0.0000000000
69306  52.989  3.008  13.772 0.0000000000
69298  52.284  2.724  14.168 0.0000000000
156082  55.222  4.498  18.104 0.0000000000
70297  54.103  3.917  17.372 0.0000000000
70312  53.418  3.488  16.928 0.0000000000
70298  53.378  3.485  17.955 0.0000000000
69266  52.764  3.033  16.471 0.0000000000
69267  52.040  2.577  15.982 0.0000000000
68238  50.894  1.979  15.146 0.0000000000
67126  49.803  0.734  16.201 0.0000000000
67127  49.328  -0.039  16.500 0.0000000000
65988  49.107  -0.863  16.621 0.0000000000
133636  56.950  3.358  22.284 0.0000000000
156746  56.552  3.127  22.149 0.0000000000
69218  56.176  2.580  22.350 0.0000000000
67079  55.064  1.201  23.014 0.0000000000
65935  54.113  0.525  22.573 0.0000000000
67087  54.495  1.063  22.514 0.0000000000
68193  54.268  1.370  22.086 0.0000000000
68200  53.486  1.207  21.588 0.0000000000
151207  53.265  1.720  21.096 0.0000000000
68208  52.292  1.282  20.230 0.0000000000
68209  51.733  0.570  20.019 0.0000000000
65963  51.410  -0.543  20.007 0.0000000000
65970  50.740  -0.392  19.160 0.0000000000
64953  48.868  -1.799  16.628 0.0000000000
63895  48.204  -3.035  16.559 0.0000000000
141086  48.855  -2.821  19.985 0.0000000000
62829  48.551  -2.977  19.326 0.0000000000
62840  48.241  -3.124  18.662 0.0000000000
62851  47.054  -3.397  17.602 0.0000000000
65880  54.173  -0.786  29.422 0.0000000000
63744  53.829  -1.268  29.311 0.0000000000
63755  53.437  -1.461  28.838 0.0000000000
63770  53.118  -1.545  28.087 0.0000000000
138983  50.376  0.565  33.379 0.0000000000
144473  50.755  0.242  32.769 0.0000000000
63732  46.922  -1.714  32.657 0.0000000000
64800  47.933  -0.930  32.189 0.0000000000
64785  50.100  -0.281  32.308 0.0000000000
64784  50.982  -0.165  32.172 0.0000000000
64797  51.434  -0.410  31.541 0.0000000000
144921  51.920  -0.931  30.805 0.0000000000
64822  52.147  -1.290  30.289 0.0000000000
63748  51.428  -1.440  29.593 0.0000000000
63757  51.954  -1.622  28.742 0.0000000000
129613  52.279  -1.628  27.809 0.0000000000
149689  52.066  -1.710  26.821 0.0000000000
63786  51.476  -1.854  26.023 0.0000000000
63802  50.633  -1.997  25.574 0.0000000000
126155  49.918  -2.129  25.155 0.0000000000
63817  49.339  -2.248  24.745 0.0000000000
63832  49.024  -2.380  23.988 0.0000000000
63846  47.614  -2.532  22.596 0.0000000000
63806  46.408  -2.423  25.517 0.0000000000
63819  46.306  -2.479  24.535 0.0000000000
62768  44.794  -2.973  23.664 0.0000000000
63820  45.467  -2.684  24.125 0.0000000000
63835  46.280  -2.547  23.499 0.0000000000
63847  46.709  -2.556  22.624 0.0000000000
141625  45.738  -2.789  21.090 0.0000000000
62823  44.793  -3.132  20.222 0.0000000000
152496  43.733  -3.494  20.374 0.0000000000
60641  41.151  -5.193  21.164 0.0000000000
60656  39.628  -6.226  19.768 0.0000000000
60661  39.736  -6.169  18.901 0.0000000000
58242  41.073  -7.180  25.679 0.0000000000
151089  40.494  -7.461  25.017 0.0000000000
58255  40.014  -7.663  24.259 0.0000000000
150802  39.581  -8.345  24.472 0.0000000000
57297  38.658  -7.901  22.187 0.0000000000
131496  37.838  -8.322  20.937 0.0000000000
55112  37.972  -10.401  23.363 0.0000000000
55125  37.655  -10.311  22.628 0.0000000000
55141  36.920  -10.470  20.981 0.0000000000
153828  37.432  -9.640  21.604 0.0000000000
57304  37.543  -9.088  21.376 0.0000000000
52805  42.582  -11.681  35.413 0.0000000000
52812  41.654  -12.141  34.569 0.0000000000
52819  41.071  -12.154  33.880 0.0000000000
51798  40.213  -12.679  33.997 0.0000000000
51810  40.196  -12.409  33.328 0.0000000000
51821  40.055  -12.277  32.651 0.0000000000
52848  39.797  -12.324  31.971 0.0000000000
144458  38.813  -12.684  30.946 0.0000000000
145868  37.373  -13.803  33.452 0.0000000000
50696  37.372  -13.712  32.688 0.0000000000
50711  37.494  -13.648  31.967 0.0000000000
50712  36.502  -13.927  31.161 0.0000000000
51831  37.184  -13.683  31.308 0.0000000000
51837  37.517  -13.447  30.738 0.0000000000
51847  38.055  -12.905  29.505 0.0000000000
51879  36.862  -13.417  28.045 0.0000000000
51889  36.164  -13.617  26.919 0.0000000000
50769  35.653  -13.978  27.567 0.0000000000
50779  35.446  -13.914  26.732 0.0000000000
51899  35.990  -13.511  26.099 0.0000000000
51919  33.843  -13.293  23.542 0.0000000000
49692  32.124  -15.025  32.175 0.0000000000
49709  31.778  -14.911  31.469 0.0000000000
50716  32.357  -14.671  30.755 0.0000000000
49724  30.631  -14.820  30.012 0.0000000000
50731  32.129  -14.627  30.041 0.0000000000
50748  32.342  -14.606  29.291 0.0000000000
50760  32.524  -14.618  28.439 0.0000000000
50786  28.743  -15.111  26.869 0.0000000000
50784  30.560  -14.678  27.222 0.0000000000
50798  29.660  -14.622  25.644 0.0000000000
50772  31.425  -14.599  27.112 0.0000000000
50771  32.162  -14.603  27.228 0.0000000000
131283  32.661  -14.621  27.645 0.0000000000
50782  33.062  -14.578  26.112 0.0000000000
126710  33.318  -14.359  25.531 0.0000000000
126678  32.351  -14.391  24.721 0.0000000000
50807  33.177  -14.127  24.780 0.0000000000
51911  33.306  -13.699  24.032 0.0000000000
72657  60.637  5.529  7.725 0.0000000000
71599  60.765  4.884  6.488 0.0000000000
71600  59.338  4.686  5.930 0.0000000000
129323  60.153  4.655  5.915 0.0000000000
70440  60.247  3.387  4.430 0.0000000000
70391  52.931  3.124  11.043 0.0000000000
69332  51.369  2.359  9.127 0.0000000000
45907  22.866  -17.764  51.200 0.0000000000
45966  34.029  -17.614  45.864 0.0000000000
45996  38.002  -17.336  43.488 0.0000000000
45999  36.009  -17.641  44.353 0.0000000000
46015  37.678  -17.458  43.416 0.0000000000
46019  33.742  -18.138  43.779 0.0000000000
47148  22.827  -16.725  52.347 0.0000000000
47150  21.549  -16.628  52.883 0.0000000000
47156  24.017  -16.653  51.832 0.0000000000
47157  23.464  -16.728  52.080 0.0000000000
47168  23.378  -17.389  51.483 0.0000000000
47169  22.739  -17.483  51.738 0.0000000000
47171  21.461  -17.216  52.054 0.0000000000
47179  23.946  -17.320  50.966 0.0000000000
47205  32.531  -16.447  47.567 0.0000000000
47206  31.764  -16.295  47.752 0.0000000000
47211  19.522  -17.247  48.736 0.0000000000
47221  32.892  -16.856  47.087 0.0000000000
47272  39.704  -16.570  43.056 0.0000000000
47273  39.170  -16.870  43.254 0.0000000000
47313  39.792  -16.634  42.573 0.0000000000
47317  37.292  -17.455  41.955 0.0000000000
47345  32.948  -17.653  39.510 0.0000000000
47437  27.397  -17.329  32.655 0.0000000000
48391  23.754  -16.332  52.129 0.0000000000
48398  24.505  -16.559  51.563 0.0000000000
48413  19.196  -16.698  50.387 0.0000000000
48431  25.494  -16.274  50.351 0.0000000000
48485  38.456  -16.659  44.194 0.0000000000
48495  40.423  -16.040  43.047 0.0000000000
48517  40.727  -16.027  42.301 0.0000000000
48543  40.889  -15.631  41.323 0.0000000000
48593  26.529  -16.242  36.203 0.0000000000
48665  26.616  -16.752  30.073 0.0000000000
49461  22.753  -15.644  52.972 0.0000000000
49465  17.953  -15.411  52.655 0.0000000000
49472  18.634  -15.780  52.459 0.0000000000
49565  40.324  -15.699  43.376 0.0000000000
49581  25.060  -15.844  43.982 0.0000000000
49587  41.626  -14.831  41.707 0.0000000000
49588  41.138  -15.512  42.235 0.0000000000
49610  41.749  -14.708  41.268 0.0000000000
49629  28.041  -16.036  39.464 0.0000000000
49744  27.525  -15.833  28.345 0.0000000000
50580  39.688  -15.046  44.119 0.0000000000
50620  42.732  -13.637  41.090 0.0000000000
50631  42.320  -14.058  40.507 0.0000000000
50665  36.371  -14.854  36.272 0.0000000000
50810  30.502  -14.579  24.410 0.0000000000
51689  41.480  -14.419  42.719 0.0000000000
51690  41.083  -14.441  43.156 0.0000000000
51703  42.546  -13.513  41.713 0.0000000000
51704  41.976  -14.052  42.278 0.0000000000
51732  43.707  -12.674  40.519 0.0000000000
51787  40.503  -13.079  35.131 0.0000000000
51829  39.054  -12.744  31.705 0.0000000000
51864  36.705  -13.593  28.852 0.0000000000
52715  42.622  -12.806  42.020 0.0000000000
52783  43.777  -11.603  37.264 0.0000000000
52942  37.227  -12.094  23.506 0.0000000000
53788  43.589  -11.396  41.601 0.0000000000
53799  44.847  -10.506  40.214 0.0000000000
53858  44.251  -10.934  37.016 0.0000000000
53872  43.505  -10.834  35.594 0.0000000000
53902  42.385  -11.004  33.880 0.0000000000
54885  45.516  -9.777  38.841 0.0000000000
55917  45.376  -9.305  39.757 0.0000000000
55945  46.230  -8.890  37.872 0.0000000000
55996  44.129  -10.347  35.339 0.0000000000
57139  46.461  -8.400  37.252 0.0000000000
57155  46.714  -7.745  36.743 0.0000000000
57178  45.307  -7.848  33.985 0.0000000000
57208  42.428  -8.622  30.074 0.0000000000
57261  39.961  -8.648  25.625 0.0000000000
58132  46.550  -6.846  38.964 0.0000000000
58139  46.959  -7.396  37.833 0.0000000000
58144  47.012  -7.286  37.272 0.0000000000
58149  46.952  -7.205  36.742 0.0000000000
58166  46.148  -6.226  34.488 0.0000000000
58182  43.503  -8.028  31.085 0.0000000000
58190  44.064  -6.880  31.114 0.0000000000
58198  42.826  -7.777  29.704 0.0000000000
59298  46.815  -6.230  38.656 0.0000000000
59321  47.309  -6.212  37.118 0.0000000000
59333  47.261  -5.948  36.682 0.0000000000
59344  46.928  -6.734  36.271 0.0000000000
59355  46.787  -6.307  35.722 0.0000000000
59477  42.125  -6.045  25.947 0.0000000000
60437  47.284  -5.668  37.950 0.0000000000
60482  46.941  -5.871  35.910 0.0000000000
60528  44.719  -5.820  31.999 0.0000000000
60551  43.625  -6.120  29.435 0.0000000000
61583  47.054  -4.992  38.460 0.0000000000
61674  45.935  -4.756  33.762 0.0000000000
62688  47.350  -4.314  36.435 0.0000000000
62728  45.085  -3.190  27.918 0.0000000000
62804  50.332  -2.601  21.496 0.0000000000
63746  52.946  -1.639  29.373 0.0000000000
63754  53.802  -1.299  28.858 0.0000000000
63769  53.660  -1.346  28.242 0.0000000000
64796  52.108  -0.434  31.297 0.0000000000
64805  54.184  -0.940  29.561 0.0000000000
64820  53.417  -1.373  29.704 0.0000000000
64848  53.926  -1.193  26.461 0.0000000000
64859  53.750  -1.177  25.460 0.0000000000
65891  55.150  -0.221  27.249 0.0000000000
65900  55.734  0.533  25.654 0.0000000000
67012  55.661  0.559  27.115 0.0000000000
67037  56.064  1.034  25.095 0.0000000000
67109  50.850  0.557  18.785 0.0000000000
69170  56.543  2.290  26.112 0.0000000000
70376  54.185  3.605  11.549 0.0000000000
71459  54.790  4.279  17.797 0.0000000000
71492  57.426  4.330  15.138 0.0000000000
72560  59.643  5.685  15.769 0.0000000000
72600  60.936  6.687  12.862 0.0000000000
72654  63.735  5.070  7.737 0.0000000000
125907  44.436  -11.782  39.396 0.0000000000
125999  43.841  -12.767  39.569 0.0000000000
126070  45.865  -9.353  38.379 0.0000000000
126129  45.161  -10.392  38.897 0.0000000000
127090  44.254  -12.114  40.008 0.0000000000
129356  44.852  -10.765  37.931 0.0000000000
129677  33.952  -14.614  27.517 0.0000000000
131174  43.383  -13.289  40.049 0.0000000000
131601  28.342  -16.475  37.913 0.0000000000
132726  46.906  -4.746  35.486 0.0000000000
133276  33.786  -14.709  28.705 0.0000000000
133569  43.636  -10.661  35.239 0.0000000000
135535  46.816  -4.486  38.868 0.0000000000
135609  31.583  -17.675  42.942 0.0000000000
135866  56.066  1.127  24.412 0.0000000000
137702  59.564  5.632  16.638 0.0000000000
138655  38.250  -15.361  39.083 0.0000000000
139253  49.233  0.245  15.862 0.0000000000
139692  24.760  -16.281  51.549 0.0000000000
140408  43.471  -3.689  22.821 0.0000000000
144168  34.459  -14.614  28.801 0.0000000000
144170  31.459  -15.547  48.474 0.0000000000
144622  24.758  -17.178  49.719 0.0000000000
144988  33.020  -17.292  46.081 0.0000000000
145680  44.971  -2.991  20.827 0.0000000000
146814  21.353  -19.007  43.964 0.0000000000
148599  22.890  -18.335  49.741 0.0000000000
150858  20.821  -18.340  47.008 0.0000000000
151503  54.052  -1.149  28.801 0.0000000000
152107  34.794  -17.734  45.257 0.0000000000
152231  22.409  -17.653  51.458 0.0000000000
152969  23.055  -17.403  40.398 0.0000000000
153379  33.156  -18.265  43.451 0.0000000000
154568  31.328  -15.529  32.814 0.0000000000
154593  49.581  -2.605  22.429 0.0000000000
154670  55.357  4.148  10.875 0.0000000000
155211  35.049  -17.690  45.341 0.0000000000
155591  17.675  -15.890  50.727 0.0000000000
155960  51.233  -2.257  20.657 0.0000000000
156594  40.730  -11.725  31.902 0.0000000000
156686  42.616  -7.507  29.077 0.0000000000
156720  46.344  -7.298  39.179 0.0000000000
156800  51.628  -1.533  20.759 0.0000000000
157072  35.493  -14.237  32.744 0.0000000000
157557  28.738  -15.261  28.125 0.0000000000
