#!ascii label  , from subject NIHPD_75_135 vox2ras=TkReg
864
151942  29.926  -12.290  49.376 0.0000000000
69184  48.693  2.366  25.741 0.0000000000
73472  56.844  6.557  23.482 0.0000000000
68013  47.427  1.291  36.662 0.0000000000
51691  36.275  -13.198  43.853 0.0000000000
48441  33.746  -16.057  47.809 0.0000000000
70246  53.255  4.195  24.830 0.0000000000
70166  54.040  3.924  29.291 0.0000000000
64745  43.870  -1.250  39.961 0.0000000000
55867  39.840  -9.482  44.358 0.0000000000
76734  62.124  9.726  13.026 0.0000000000
76678  57.278  9.352  19.423 0.0000000000
68062  43.096  0.975  32.827 0.0000000000
71275  48.272  4.632  32.504 0.0000000000
52650  32.941  -12.404  47.613 0.0000000000
51609  31.828  -13.577  48.769 0.0000000000
69180  51.746  3.378  25.370 0.0000000000
71328  54.182  4.401  27.225 0.0000000000
70199  51.920  4.862  28.200 0.0000000000
58125  45.645  -6.797  40.143 0.0000000000
51640  37.295  -14.179  45.203 0.0000000000
54816  37.279  -10.646  44.197 0.0000000000
145316  39.566  -13.220  44.339 0.0000000000
77770  60.787  10.570  14.330 0.0000000000
73562  61.259  6.989  14.666 0.0000000000
127331  60.522  9.401  16.349 0.0000000000
74538  53.903  7.399  22.161 0.0000000000
140186  54.051  8.155  19.121 0.0000000000
125742  57.135  8.285  22.235 0.0000000000
73513  58.477  6.414  20.154 0.0000000000
71396  57.536  5.322  21.219 0.0000000000
66860  45.283  -0.135  39.008 0.0000000000
65821  43.791  0.124  37.075 0.0000000000
136299  45.023  2.666  36.170 0.0000000000
70146  45.182  3.089  32.885 0.0000000000
71232  47.963  3.891  35.260 0.0000000000
70129  50.609  3.248  33.510 0.0000000000
66919  49.637  1.213  34.483 0.0000000000
128223  34.749  -14.109  47.066 0.0000000000
71385  52.226  5.003  22.237 0.0000000000
144427  54.986  6.323  24.420 0.0000000000
71349  56.534  4.223  25.712 0.0000000000
69152  55.919  1.927  27.608 0.0000000000
132421  41.707  -5.412  43.304 0.0000000000
61531  43.884  -4.094  42.080 0.0000000000
62667  46.149  -3.493  39.783 0.0000000000
63705  47.139  -2.651  38.254 0.0000000000
64772  47.624  -1.566  35.589 0.0000000000
59261  39.950  -7.121  43.363 0.0000000000
55873  41.971  -8.897  43.665 0.0000000000
74650  62.241  7.695  10.911 0.0000000000
75593  57.352  9.049  17.000 0.0000000000
137161  59.970  7.988  18.101 0.0000000000
130386  58.638  5.178  17.369 0.0000000000
70184  48.979  3.696  29.557 0.0000000000
71272  51.391  4.544  31.119 0.0000000000
68074  52.377  1.356  31.829 0.0000000000
51595  30.185  -13.453  49.620 0.0000000000
52604  30.921  -13.161  49.129 0.0000000000
50516  30.802  -14.075  49.482 0.0000000000
69171  50.053  3.010  25.853 0.0000000000
70229  51.416  3.954  26.795 0.0000000000
70217  50.025  3.583  27.100 0.0000000000
51639  38.159  -14.246  45.005 0.0000000000
76724  59.283  9.781  14.544 0.0000000000
76710  60.581  9.989  15.679 0.0000000000
76712  58.977  9.594  15.352 0.0000000000
73494  56.114  7.301  23.550 0.0000000000
74546  55.197  8.384  22.126 0.0000000000
129474  56.795  7.214  23.055 0.0000000000
126183  57.752  6.651  21.725 0.0000000000
68002  46.325  0.800  37.722 0.0000000000
68017  45.358  1.328  37.569 0.0000000000
69054  46.275  1.787  36.927 0.0000000000
70111  46.715  3.614  35.758 0.0000000000
70098  47.868  2.587  35.985 0.0000000000
69075  48.644  2.384  35.536 0.0000000000
143614  48.167  1.086  36.080 0.0000000000
52648  33.808  -13.378  47.598 0.0000000000
50553  34.284  -15.158  47.669 0.0000000000
152289  35.519  -15.222  46.855 0.0000000000
70255  51.868  3.513  23.056 0.0000000000
137774  51.232  3.885  21.837 0.0000000000
71377  52.647  4.569  23.021 0.0000000000
72477  53.730  6.040  23.291 0.0000000000
150307  53.842  4.917  24.474 0.0000000000
71362  55.653  5.246  25.455 0.0000000000
71351  55.037  4.894  25.827 0.0000000000
71298  54.364  3.968  28.485 0.0000000000
70213  55.519  3.434  27.423 0.0000000000
70181  55.137  2.754  28.480 0.0000000000
68123  55.472  1.007  28.200 0.0000000000
66986  54.505  1.304  29.663 0.0000000000
59244  42.859  -6.516  43.062 0.0000000000
61532  42.824  -4.648  42.934 0.0000000000
59259  43.957  -6.289  42.058 0.0000000000
60410  45.892  -5.339  39.974 0.0000000000
63698  46.677  -2.468  38.924 0.0000000000
55860  38.229  -10.048  44.571 0.0000000000
57053  38.403  -8.687  43.691 0.0000000000
139201  39.558  -7.886  43.539 0.0000000000
135980  41.266  -7.327  43.724 0.0000000000
57018  41.138  -8.616  43.900 0.0000000000
78776  61.918  10.971  12.529 0.0000000000
75652  62.320  8.719  12.009 0.0000000000
72568  60.394  6.220  15.262 0.0000000000
75580  55.707  8.993  19.531 0.0000000000
74570  54.171  8.151  18.345 0.0000000000
75587  55.624  8.817  18.533 0.0000000000
75605  55.820  8.315  16.707 0.0000000000
75585  57.205  9.232  17.909 0.0000000000
76693  59.093  9.375  18.119 0.0000000000
130197  58.827  8.795  19.254 0.0000000000
128007  58.245  5.356  18.665 0.0000000000
71432  58.884  5.430  18.283 0.0000000000
63694  42.813  -2.735  40.016 0.0000000000
140159  43.322  -1.809  38.620 0.0000000000
66937  43.239  0.431  34.534 0.0000000000
64773  43.059  -1.010  34.681 0.0000000000
70144  47.023  4.209  32.793 0.0000000000
69117  45.330  2.730  31.169 0.0000000000
70171  46.989  3.220  30.749 0.0000000000
69143  47.696  2.707  29.326 0.0000000000
70169  48.728  3.999  30.416 0.0000000000
70183  50.462  4.680  30.005 0.0000000000
71273  49.923  4.830  31.842 0.0000000000
68052  50.692  1.672  33.597 0.0000000000
69101  51.385  2.219  32.811 0.0000000000
66964  52.036  0.709  32.049 0.0000000000
65867  52.827  -0.269  30.948 0.0000000000
52634  32.408  -13.221  48.307 0.0000000000
49492  32.960  -14.728  48.240 0.0000000000
48442  32.746  -16.011  47.986 0.0000000000
48408  31.850  -15.275  48.527 0.0000000000
125847  52.569  3.695  25.129 0.0000000000
70227  54.216  4.404  26.318 0.0000000000
127381  52.367  3.867  26.042 0.0000000000
133878  52.852  4.883  28.286 0.0000000000
71300  53.078  4.993  29.205 0.0000000000
52663  36.111  -13.806  44.959 0.0000000000
125575  36.934  -12.175  44.396 0.0000000000
142099  37.408  -12.291  44.467 0.0000000000
53737  38.800  -11.415  44.712 0.0000000000
53749  39.898  -11.393  44.368 0.0000000000
54828  40.722  -10.690  43.946 0.0000000000
145913  40.241  -13.434  43.894 0.0000000000
77768  61.615  10.339  13.778 0.0000000000
149057  61.857  8.136  13.890 0.0000000000
76708  61.433  9.238  14.839 0.0000000000
76709  61.064  9.012  15.702 0.0000000000
74575  60.647  7.427  16.808 0.0000000000
73515  52.721  6.908  20.728 0.0000000000
74554  54.046  8.116  20.638 0.0000000000
75574  54.891  8.559  20.705 0.0000000000
75572  57.004  9.193  21.020 0.0000000000
154580  58.362  8.409  20.226 0.0000000000
74544  57.938  7.896  21.120 0.0000000000
72513  57.996  5.728  20.313 0.0000000000
65804  44.810  -0.507  39.439 0.0000000000
134883  43.681  -0.909  38.302 0.0000000000
66876  44.754  0.638  38.253 0.0000000000
68031  44.462  1.308  37.000 0.0000000000
69084  43.869  1.885  34.539 0.0000000000
69104  43.914  2.152  32.696 0.0000000000
70121  44.929  3.130  34.738 0.0000000000
71251  46.983  4.322  34.321 0.0000000000
71249  48.600  4.652  33.957 0.0000000000
71247  50.046  4.375  33.394 0.0000000000
134299  49.151  3.686  34.659 0.0000000000
68039  49.762  2.363  34.542 0.0000000000
66952  50.265  0.952  33.836 0.0000000000
133481  33.497  -12.395  46.387 0.0000000000
51660  34.321  -13.123  45.622 0.0000000000
51658  34.988  -13.667  46.018 0.0000000000
51642  35.422  -14.258  46.384 0.0000000000
49527  36.149  -15.416  46.404 0.0000000000
138982  53.194  6.242  22.480 0.0000000000
73475  54.579  6.612  23.814 0.0000000000
73473  56.264  6.537  23.980 0.0000000000
71369  57.092  4.982  24.479 0.0000000000
70245  57.104  3.715  25.223 0.0000000000
69179  56.791  2.434  25.332 0.0000000000
150853  55.207  4.418  26.440 0.0000000000
70225  56.456  2.953  26.448 0.0000000000
60397  41.071  -5.450  41.687 0.0000000000
62654  41.924  -4.111  42.184 0.0000000000
62652  43.211  -3.231  41.999 0.0000000000
63680  43.683  -2.625  41.386 0.0000000000
59273  44.972  -5.924  40.975 0.0000000000
61553  45.105  -3.860  40.954 0.0000000000
64729  44.478  -1.954  40.649 0.0000000000
64744  45.766  -1.341  39.465 0.0000000000
133850  46.611  -1.221  38.481 0.0000000000
65816  46.802  -0.621  37.922 0.0000000000
65820  47.676  0.147  36.526 0.0000000000
63713  47.462  -2.329  36.817 0.0000000000
60386  41.000  -5.957  43.217 0.0000000000
59229  41.949  -6.605  43.611 0.0000000000
144230  43.037  -7.962  43.046 0.0000000000
150539  41.520  -10.854  43.406 0.0000000000
54840  42.730  -10.032  42.790 0.0000000000
74649  62.671  8.043  10.270 0.0000000000
75602  58.194  9.104  15.785 0.0000000000
142369  59.764  9.658  16.842 0.0000000000
76691  59.988  8.799  17.630 0.0000000000
73526  60.231  6.571  17.514 0.0000000000
74552  59.411  7.164  19.227 0.0000000000
71431  59.347  5.526  17.968 0.0000000000
71471  58.813  5.243  16.530 0.0000000000
151802  43.416  -1.682  36.744 0.0000000000
127943  47.261  1.902  27.452 0.0000000000
151505  48.994  3.114  27.799 0.0000000000
70201  50.021  4.083  28.392 0.0000000000
71302  51.342  4.957  29.804 0.0000000000
70152  52.854  3.998  30.537 0.0000000000
71258  51.018  4.095  32.356 0.0000000000
138897  52.119  3.073  31.801 0.0000000000
150563  53.354  2.092  30.779 0.0000000000
66974  53.636  0.448  30.564 0.0000000000
65836  48.662  0.289  34.835 0.0000000000
157304  49.339  0.465  34.180 0.0000000000
52588  29.691  -12.993  49.743 0.0000000000
52606  29.514  -12.344  49.604 0.0000000000
53691  30.517  -12.571  49.149 0.0000000000
52605  30.256  -12.903  49.444 0.0000000000
69183  49.468  2.564  25.368 0.0000000000
70231  49.835  3.213  26.513 0.0000000000
69172  49.300  2.816  26.174 0.0000000000
77758  59.914  10.144  15.237 0.0000000000
73493  57.242  6.563  22.664 0.0000000000
72487  57.350  5.697  22.926 0.0000000000
66889  46.910  0.763  37.295 0.0000000000
68015  46.273  1.301  37.384 0.0000000000
68014  46.783  1.317  37.083 0.0000000000
152680  47.210  2.378  36.391 0.0000000000
68029  47.348  1.895  36.533 0.0000000000
68028  48.104  1.849  36.111 0.0000000000
50543  33.449  -14.586  48.051 0.0000000000
51623  33.879  -14.420  47.801 0.0000000000
50554  33.873  -15.045  47.887 0.0000000000
48440  34.153  -16.312  47.458 0.0000000000
70247  52.563  3.724  24.333 0.0000000000
69202  52.511  3.946  23.568 0.0000000000
70254  53.047  4.255  24.182 0.0000000000
71370  53.100  4.554  23.748 0.0000000000
71363  54.719  5.160  25.227 0.0000000000
71364  54.070  4.635  25.348 0.0000000000
69141  54.601  3.270  28.846 0.0000000000
68108  54.806  2.243  29.131 0.0000000000
69128  54.238  3.010  29.586 0.0000000000
58100  43.469  -6.809  42.567 0.0000000000
59243  43.422  -5.951  42.633 0.0000000000
58108  44.048  -7.085  41.877 0.0000000000
55859  39.091  -9.897  44.551 0.0000000000
57037  38.260  -9.282  44.053 0.0000000000
57021  39.022  -8.856  44.145 0.0000000000
58103  38.956  -8.242  43.645 0.0000000000
57020  39.910  -8.793  44.175 0.0000000000
57019  40.620  -8.509  43.934 0.0000000000
145896  40.484  -9.099  44.162 0.0000000000
77784  61.917  10.460  13.137 0.0000000000
77792  62.204  10.345  12.465 0.0000000000
76743  62.371  9.556  12.335 0.0000000000
75644  62.136  8.868  12.890 0.0000000000
132494  56.627  9.280  20.021 0.0000000000
75579  56.397  9.220  19.032 0.0000000000
75586  56.378  9.014  18.140 0.0000000000
76686  57.012  9.310  18.636 0.0000000000
76684  58.682  9.219  18.998 0.0000000000
76677  58.081  9.254  19.671 0.0000000000
71435  57.312  5.200  18.769 0.0000000000
71434  57.912  5.122  17.994 0.0000000000
63693  43.374  -1.925  40.361 0.0000000000
63700  43.060  -2.257  39.379 0.0000000000
133055  43.443  -1.578  39.591 0.0000000000
66954  43.124  0.622  33.630 0.0000000000
136107  42.859  0.414  32.617 0.0000000000
70143  47.646  4.375  32.411 0.0000000000
129133  47.145  3.980  31.918 0.0000000000
70155  47.929  4.252  31.686 0.0000000000
70170  47.853  3.672  30.724 0.0000000000
70154  48.530  4.307  31.166 0.0000000000
71290  49.327  4.582  31.102 0.0000000000
71274  48.926  4.771  32.029 0.0000000000
66950  51.080  0.925  33.016 0.0000000000
66949  51.531  1.016  32.613 0.0000000000
66965  51.634  0.609  32.323 0.0000000000
65869  51.754  0.014  31.815 0.0000000000
53708  31.776  -13.065  48.586 0.0000000000
53721  32.028  -12.775  48.319 0.0000000000
52619  32.097  -13.409  48.534 0.0000000000
52618  32.702  -13.636  48.282 0.0000000000
51608  32.345  -13.768  48.515 0.0000000000
49493  32.275  -14.695  48.544 0.0000000000
50531  31.870  -14.032  48.841 0.0000000000
69193  50.568  2.489  24.172 0.0000000000
69181  51.135  2.935  24.792 0.0000000000
125482  51.913  3.241  24.571 0.0000000000
70215  51.590  4.398  27.496 0.0000000000
154217  52.312  4.644  27.683 0.0000000000
132066  52.365  5.105  28.858 0.0000000000
52662  36.626  -13.658  45.178 0.0000000000
52661  37.244  -13.310  44.748 0.0000000000
51656  38.858  -13.646  44.682 0.0000000000
52677  38.974  -12.462  44.630 0.0000000000
53750  39.445  -11.394  44.540 0.0000000000
137155  39.563  -12.131  44.398 0.0000000000
52691  39.981  -12.367  44.146 0.0000000000
77786  60.208  10.613  13.771 0.0000000000
77785  60.978  10.924  13.666 0.0000000000
77769  61.246  10.582  14.063 0.0000000000
76723  61.316  10.056  14.448 0.0000000000
153490  60.762  9.602  15.758 0.0000000000
75613  61.143  7.916  15.898 0.0000000000
75601  60.720  8.537  16.541 0.0000000000
73514  53.290  7.159  21.445 0.0000000000
140758  53.340  7.533  20.648 0.0000000000
74555  53.900  7.793  21.427 0.0000000000
75549  56.048  8.515  22.304 0.0000000000
75562  55.503  8.722  21.564 0.0000000000
75561  56.486  8.953  21.730 0.0000000000
75573  55.868  9.049  20.689 0.0000000000
75560  57.311  8.756  21.715 0.0000000000
75559  57.770  8.502  21.146 0.0000000000
74545  57.539  8.147  21.768 0.0000000000
153390  57.847  5.928  21.290 0.0000000000
126900  57.613  5.506  20.124 0.0000000000
71415  57.088  5.273  19.768 0.0000000000
66862  44.676  0.137  38.728 0.0000000000
67993  45.045  0.542  38.493 0.0000000000
126662  45.380  1.812  36.977 0.0000000000
127742  44.944  1.603  37.158 0.0000000000
68030  44.908  2.124  36.624 0.0000000000
68043  43.982  1.711  35.459 0.0000000000
68042  44.517  2.292  35.915 0.0000000000
69083  44.356  2.522  34.614 0.0000000000
69076  44.798  2.824  35.467 0.0000000000
70110  47.327  3.521  35.722 0.0000000000
70119  46.606  4.035  35.140 0.0000000000
71241  47.539  4.227  34.924 0.0000000000
71250  47.821  4.535  34.211 0.0000000000
71240  48.302  4.283  34.638 0.0000000000
71239  49.011  4.262  34.365 0.0000000000
70118  48.610  3.947  34.823 0.0000000000
68040  49.279  2.092  35.007 0.0000000000
68054  49.753  1.684  34.539 0.0000000000
66935  50.124  1.327  34.151 0.0000000000
53752  32.343  -11.835  46.445 0.0000000000
52680  32.949  -12.141  45.923 0.0000000000
52666  33.033  -12.092  46.866 0.0000000000
51644  34.446  -13.556  46.966 0.0000000000
52664  34.089  -12.999  47.095 0.0000000000
133760  34.801  -13.497  45.565 0.0000000000
51643  35.121  -13.884  46.251 0.0000000000
71386  51.556  4.601  21.663 0.0000000000
72501  51.916  5.529  21.377 0.0000000000
137950  52.564  5.741  22.099 0.0000000000
72476  54.246  5.794  24.094 0.0000000000
73474  55.511  6.782  24.083 0.0000000000
72475  56.028  6.129  24.593 0.0000000000
72461  56.153  5.534  25.080 0.0000000000
71361  56.623  4.694  25.241 0.0000000000
70244  57.185  2.830  24.990 0.0000000000
70238  56.626  3.548  25.927 0.0000000000
154555  54.643  4.305  26.783 0.0000000000
71327  54.698  4.175  27.144 0.0000000000
70197  55.656  2.739  27.845 0.0000000000
155859  56.012  2.522  27.418 0.0000000000
69170  56.543  2.290  26.112 0.0000000000
68136  56.216  1.752  26.812 0.0000000000
60385  41.282  -5.274  42.691 0.0000000000
146924  41.484  -4.751  42.197 0.0000000000
61534  41.825  -4.593  42.804 0.0000000000
156028  43.269  -4.174  42.578 0.0000000000
62644  42.850  -3.870  42.649 0.0000000000
62643  43.353  -3.648  42.251 0.0000000000
63681  43.202  -2.841  41.630 0.0000000000
62651  43.800  -3.222  41.695 0.0000000000
58115  45.110  -6.678  40.746 0.0000000000
59287  45.541  -6.028  40.360 0.0000000000
157320  46.120  -4.072  39.810 0.0000000000
143286  45.697  -4.505  40.285 0.0000000000
61552  45.703  -3.626  40.289 0.0000000000
63678  44.705  -2.515  40.819 0.0000000000
62659  45.675  -2.723  40.162 0.0000000000
64738  45.020  -1.456  40.120 0.0000000000
64737  45.538  -1.946  39.940 0.0000000000
63699  46.414  -1.684  39.002 0.0000000000
64749  46.824  -1.931  38.533 0.0000000000
64755  47.084  -1.585  37.902 0.0000000000
64760  47.390  -1.511  37.108 0.0000000000
63709  47.368  -2.407  37.513 0.0000000000
147321  36.909  -10.957  44.170 0.0000000000
53763  36.887  -11.188  43.922 0.0000000000
54829  37.132  -10.409  43.988 0.0000000000
58109  39.240  -7.581  43.064 0.0000000000
58116  39.846  -7.287  41.586 0.0000000000
59275  40.282  -6.604  42.088 0.0000000000
59260  40.378  -6.499  43.002 0.0000000000
58077  41.521  -7.865  43.726 0.0000000000
59230  41.460  -6.861  43.704 0.0000000000
129348  42.064  -7.815  43.680 0.0000000000
57033  42.583  -7.853  43.426 0.0000000000
57034  42.273  -8.389  43.576 0.0000000000
54851  43.565  -10.263  42.019 0.0000000000
74638  62.452  8.336  11.127 0.0000000000
73610  61.995  7.195  10.586 0.0000000000
74615  61.591  7.582  14.359 0.0000000000
74562  53.514  7.849  19.711 0.0000000000
73535  52.236  7.050  18.499 0.0000000000
74571  53.494  7.821  18.703 0.0000000000
75604  56.655  8.507  16.299 0.0000000000
145006  57.012  8.494  15.780 0.0000000000
75603  57.454  8.814  16.132 0.0000000000
133784  59.018  9.645  16.368 0.0000000000
76701  58.215  9.316  16.726 0.0000000000
76683  59.564  8.648  18.317 0.0000000000
76692  59.602  9.153  17.857 0.0000000000
74568  60.312  7.448  17.610 0.0000000000
74569  60.050  7.051  18.146 0.0000000000
73504  58.581  6.983  20.230 0.0000000000
74553  58.843  7.386  19.858 0.0000000000
73512  58.939  6.622  19.659 0.0000000000
71455  58.811  5.335  17.814 0.0000000000
72519  59.133  5.571  18.539 0.0000000000
71454  59.101  5.413  17.605 0.0000000000
71470  59.569  5.610  17.257 0.0000000000
135984  58.921  5.300  17.205 0.0000000000
65817  43.913  -0.034  38.027 0.0000000000
137099  43.589  -0.844  37.174 0.0000000000
69092  44.517  2.689  33.269 0.0000000000
69132  45.621  2.516  30.347 0.0000000000
69142  48.431  3.009  29.043 0.0000000000
69156  47.279  2.325  28.888 0.0000000000
69155  47.853  2.504  28.604 0.0000000000
69165  47.884  2.339  27.829 0.0000000000
70202  49.177  3.471  28.579 0.0000000000
69153  49.598  3.555  27.757 0.0000000000
71288  51.062  4.798  30.660 0.0000000000
71287  51.874  4.801  30.356 0.0000000000
71286  52.666  4.733  30.050 0.0000000000
71271  52.101  4.398  30.806 0.0000000000
125352  50.185  3.806  33.659 0.0000000000
71246  50.555  3.969  33.088 0.0000000000
140586  51.984  2.214  32.172 0.0000000000
69100  51.551  2.951  32.510 0.0000000000
69099  52.697  2.309  31.388 0.0000000000
69115  52.611  3.290  31.146 0.0000000000
68087  53.884  1.447  30.364 0.0000000000
151706  53.132  1.163  31.129 0.0000000000
64794  53.260  -0.747  30.389 0.0000000000
64765  47.618  -1.312  36.295 0.0000000000
135110  47.951  -0.212  35.909 0.0000000000
64764  47.939  -0.617  35.499 0.0000000000
53709  31.148  -12.860  48.859 0.0000000000
52603  31.517  -13.292  48.830 0.0000000000
51610  31.271  -13.667  49.140 0.0000000000
51594  30.664  -13.562  49.418 0.0000000000
69182  50.293  2.738  25.045 0.0000000000
70240  50.882  3.185  25.603 0.0000000000
70239  51.468  3.633  26.122 0.0000000000
70230  50.619  3.521  26.452 0.0000000000
70216  50.779  4.003  27.259 0.0000000000
50571  37.511  -14.910  45.417 0.0000000000
50570  38.304  -14.992  44.979 0.0000000000
141350  38.757  -14.426  44.738 0.0000000000
77771  60.056  10.352  14.486 0.0000000000
77757  60.563  10.285  14.938 0.0000000000
76711  59.833  9.951  16.063 0.0000000000
74537  54.533  7.578  22.782 0.0000000000
74547  54.523  7.999  22.182 0.0000000000
74536  55.417  7.990  22.863 0.0000000000
74535  56.606  8.040  22.831 0.0000000000
152662  57.301  7.534  22.353 0.0000000000
72499  57.599  5.830  22.077 0.0000000000
66874  46.071  0.013  38.491 0.0000000000
66875  45.364  0.417  38.515 0.0000000000
68003  45.834  0.843  38.000 0.0000000000
68016  45.832  1.296  37.544 0.0000000000
69055  45.815  1.790  36.998 0.0000000000
70101  46.188  3.094  36.088 0.0000000000
69064  46.263  2.442  36.510 0.0000000000
70099  47.304  2.962  36.058 0.0000000000
130258  47.903  3.318  35.612 0.0000000000
145168  48.429  3.004  35.472 0.0000000000
68041  48.775  1.695  35.449 0.0000000000
66920  48.903  1.213  35.147 0.0000000000
52649  33.382  -12.920  47.745 0.0000000000
52632  33.655  -13.830  47.837 0.0000000000
51631  34.156  -13.967  47.542 0.0000000000
51630  34.499  -14.585  47.483 0.0000000000
50562  35.134  -14.695  47.009 0.0000000000
50563  35.129  -15.244  47.173 0.0000000000
70261  51.150  3.250  22.420 0.0000000000
70260  51.876  4.073  22.437 0.0000000000
72488  52.952  5.466  22.783 0.0000000000
71376  53.439  5.191  23.556 0.0000000000
72462  54.991  5.748  24.922 0.0000000000
71350  55.972  4.743  25.911 0.0000000000
71316  54.118  4.412  28.010 0.0000000000
71315  54.824  3.906  27.690 0.0000000000
70198  55.055  3.417  28.158 0.0000000000
69140  55.418  1.970  28.398 0.0000000000
68107  55.050  1.184  28.981 0.0000000000
66994  54.527  0.340  29.453 0.0000000000
60373  42.114  -5.855  43.399 0.0000000000
61524  42.348  -5.149  43.203 0.0000000000
60372  42.743  -5.584  43.067 0.0000000000
60384  43.483  -4.971  42.553 0.0000000000
60383  44.220  -4.985  41.919 0.0000000000
59286  46.015  -6.104  39.758 0.0000000000
151480  46.581  -4.008  39.244 0.0000000000
62666  46.414  -3.027  39.422 0.0000000000
62672  46.875  -3.312  38.777 0.0000000000
54815  37.648  -10.287  44.382 0.0000000000
55876  37.458  -9.910  43.984 0.0000000000
55875  37.748  -9.652  43.970 0.0000000000
57086  37.605  -9.120  42.942 0.0000000000
57071  38.167  -8.600  43.237 0.0000000000
58110  38.785  -8.115  43.469 0.0000000000
58102  39.473  -7.745  43.507 0.0000000000
59247  40.206  -7.330  43.521 0.0000000000
58090  40.731  -7.412  43.664 0.0000000000
58078  40.990  -7.925  43.749 0.0000000000
55874  41.482  -9.118  43.872 0.0000000000
77802  62.477  10.120  11.765 0.0000000000
74639  62.015  7.901  11.856 0.0000000000
73563  60.890  6.684  15.236 0.0000000000
75581  55.112  8.695  19.957 0.0000000000
75588  54.822  8.533  19.032 0.0000000000
75596  54.918  8.410  17.991 0.0000000000
74576  55.031  8.191  17.087 0.0000000000
75595  55.704  8.577  17.605 0.0000000000
75594  56.510  8.758  17.265 0.0000000000
76694  58.235  9.440  17.785 0.0000000000
153092  58.570  9.410  18.466 0.0000000000
131003  59.195  9.008  18.586 0.0000000000
148988  59.201  8.596  18.887 0.0000000000
72520  58.443  5.663  19.375 0.0000000000
71413  58.915  5.631  19.005 0.0000000000
126655  58.606  5.510  18.769 0.0000000000
154845  58.637  5.277  17.888 0.0000000000
62661  42.497  -3.274  40.574 0.0000000000
142582  43.677  0.357  36.224 0.0000000000
140305  43.293  -0.743  35.541 0.0000000000
65837  43.191  -0.140  34.988 0.0000000000
130031  42.799  -0.887  33.728 0.0000000000
127939  46.305  3.878  32.808 0.0000000000
69102  45.187  2.957  32.000 0.0000000000
70157  45.945  3.199  31.665 0.0000000000
69116  46.171  2.988  30.894 0.0000000000
69131  46.524  2.681  30.171 0.0000000000
68109  46.925  2.448  29.457 0.0000000000
69130  47.373  2.965  30.050 0.0000000000
69129  48.181  3.310  29.847 0.0000000000
70168  49.581  4.363  30.209 0.0000000000
71289  50.225  4.787  30.929 0.0000000000
140735  50.723  4.705  31.521 0.0000000000
69091  50.866  2.352  33.402 0.0000000000
140170  51.099  2.886  33.080 0.0000000000
141577  51.182  1.538  33.029 0.0000000000
68075  51.732  1.440  32.464 0.0000000000
66963  52.766  0.806  31.398 0.0000000000
66976  52.448  0.238  31.475 0.0000000000
53741  32.304  -11.924  47.386 0.0000000000
53729  32.176  -12.346  47.977 0.0000000000
53720  32.707  -12.859  48.042 0.0000000000
51618  32.913  -14.105  48.269 0.0000000000
151137  33.510  -15.431  47.941 0.0000000000
137533  33.338  -16.151  47.735 0.0000000000
48426  32.723  -15.523  48.149 0.0000000000
152024  31.510  -14.611  48.938 0.0000000000
69191  51.939  3.287  23.798 0.0000000000
146442  53.283  4.195  25.662 0.0000000000
70228  53.158  4.258  26.591 0.0000000000
154833  53.656  4.397  27.138 0.0000000000
155216  51.874  3.900  26.498 0.0000000000
70214  52.974  4.531  27.455 0.0000000000
71317  53.556  4.578  27.829 0.0000000000
71299  53.490  4.726  28.524 0.0000000000
147134  53.733  4.511  28.892 0.0000000000
71285  53.376  4.423  29.683 0.0000000000
57069  44.209  -7.925  41.645 0.0000000000
51657  36.456  -13.372  44.548 0.0000000000
51674  36.534  -12.912  43.799 0.0000000000
127254  36.881  -12.701  44.304 0.0000000000
53740  37.117  -12.199  44.310 0.0000000000
53739  37.931  -11.684  44.741 0.0000000000
52660  38.154  -13.348  44.825 0.0000000000
134532  38.146  -12.318  44.702 0.0000000000
54801  38.079  -10.775  44.733 0.0000000000
54800  38.570  -10.611  44.709 0.0000000000
54799  39.320  -10.625  44.615 0.0000000000
55858  39.823  -10.077  44.449 0.0000000000
55866  40.316  -9.720  44.262 0.0000000000
54813  40.228  -10.654  44.285 0.0000000000
53762  40.324  -11.519  44.046 0.0000000000
144995  40.905  -13.605  43.410 0.0000000000
78771  61.489  10.874  13.237 0.0000000000
131916  61.948  9.887  13.574 0.0000000000
75636  62.002  8.997  13.633 0.0000000000
76722  61.774  9.571  14.142 0.0000000000
75626  61.758  8.503  14.394 0.0000000000
153442  61.611  7.887  14.743 0.0000000000
135466  60.978  9.763  15.206 0.0000000000
75612  61.481  8.295  15.122 0.0000000000
74602  61.346  7.415  15.132 0.0000000000
74586  60.892  6.970  15.949 0.0000000000
72558  60.415  6.267  15.938 0.0000000000
73520  52.307  6.748  20.089 0.0000000000
74563  52.797  7.247  19.939 0.0000000000
75563  54.640  8.297  21.454 0.0000000000
74561  54.374  8.332  19.856 0.0000000000
76671  57.545  9.244  20.313 0.0000000000
76670  58.073  9.045  20.323 0.0000000000
75571  57.732  8.964  20.945 0.0000000000
74543  58.361  7.613  20.447 0.0000000000
73506  57.730  7.477  21.614 0.0000000000
72498  58.119  6.249  20.764 0.0000000000
72512  58.344  5.951  19.982 0.0000000000
71414  58.254  5.595  19.342 0.0000000000
128667  57.812  5.427  19.169 0.0000000000
65798  44.343  -1.022  39.849 0.0000000000
64750  43.751  -0.987  39.273 0.0000000000
138006  44.176  -0.748  39.521 0.0000000000
151736  44.401  0.250  38.378 0.0000000000
66905  44.298  0.673  37.713 0.0000000000
66890  44.922  1.088  37.993 0.0000000000
66921  43.993  0.765  36.863 0.0000000000
136009  43.936  1.129  36.105 0.0000000000
66953  43.524  1.123  34.630 0.0000000000
68061  43.484  1.375  33.659 0.0000000000
68076  43.484  1.540  32.819 0.0000000000
69093  43.963  2.154  33.667 0.0000000000
126032  44.544  2.786  34.039 0.0000000000
70134  45.213  3.323  33.915 0.0000000000
70112  46.019  3.558  35.624 0.0000000000
70120  45.665  3.657  34.898 0.0000000000
70132  46.089  3.985  34.209 0.0000000000
127814  46.554  4.149  33.506 0.0000000000
71263  47.265  4.434  33.644 0.0000000000
71262  47.934  4.648  33.263 0.0000000000
71261  48.837  4.844  33.095 0.0000000000
71248  49.362  4.580  33.677 0.0000000000
70131  49.686  3.963  34.069 0.0000000000
70130  50.100  3.401  33.979 0.0000000000
69074  49.138  2.941  35.027 0.0000000000
70117  49.721  3.197  34.411 0.0000000000
150993  50.309  2.574  34.016 0.0000000000
66951  50.590  1.245  33.632 0.0000000000
140943  35.473  -13.603  44.214 0.0000000000
148079  35.573  -13.864  45.191 0.0000000000
127686  35.867  -14.094  45.536 0.0000000000
51641  36.290  -14.187  45.498 0.0000000000
50573  35.855  -14.759  46.428 0.0000000000
50572  36.662  -14.840  45.873 0.0000000000
72500  52.705  6.395  21.565 0.0000000000
73507  53.394  6.827  22.122 0.0000000000
73496  54.002  6.912  22.936 0.0000000000
73495  55.027  7.345  23.526 0.0000000000
72474  57.114  5.671  23.830 0.0000000000
70253  57.560  3.779  23.883 0.0000000000
134271  57.329  4.093  24.675 0.0000000000
71337  56.012  4.119  26.259 0.0000000000
71326  55.351  3.905  26.890 0.0000000000
70226  56.026  3.496  26.683 0.0000000000
60412  41.389  -5.499  40.606 0.0000000000
61540  42.082  -3.838  41.206 0.0000000000
62645  42.351  -4.063  42.672 0.0000000000
62653  42.629  -3.464  42.134 0.0000000000
143062  42.663  -3.080  41.451 0.0000000000
63687  42.986  -2.539  41.021 0.0000000000
63686  43.624  -2.288  41.061 0.0000000000
64730  44.036  -2.050  40.903 0.0000000000
58107  44.533  -6.516  41.404 0.0000000000
59258  44.410  -5.760  41.634 0.0000000000
140539  44.617  -4.401  41.453 0.0000000000
60411  45.374  -5.282  40.597 0.0000000000
157001  45.160  -4.649  40.903 0.0000000000
61530  44.406  -3.707  41.521 0.0000000000
62650  44.546  -3.130  41.208 0.0000000000
157704  44.123  -2.296  41.053 0.0000000000
64739  44.382  -1.527  40.354 0.0000000000
148540  44.716  -1.032  39.884 0.0000000000
65797  45.212  -0.765  39.548 0.0000000000
63692  46.134  -2.183  39.508 0.0000000000
65810  46.193  -1.020  38.929 0.0000000000
66859  45.744  -0.549  38.988 0.0000000000
65809  46.307  -0.468  38.497 0.0000000000
136327  46.564  0.175  37.936 0.0000000000
65815  47.125  0.101  37.352 0.0000000000
66888  47.450  0.707  36.815 0.0000000000
64754  47.250  -0.698  37.274 0.0000000000
64759  47.557  -0.709  36.652 0.0000000000
62682  47.454  -3.082  37.146 0.0000000000
148194  47.502  -2.286  36.195 0.0000000000
52692  36.792  -12.309  43.805 0.0000000000
55893  37.038  -10.135  43.184 0.0000000000
59274  40.690  -6.205  41.632 0.0000000000
60398  40.761  -5.944  42.450 0.0000000000
59231  40.891  -6.882  43.654 0.0000000000
60363  41.585  -6.277  43.557 0.0000000000
59245  42.378  -6.323  43.351 0.0000000000
58101  42.958  -7.336  43.075 0.0000000000
57050  43.551  -7.705  42.448 0.0000000000
55865  40.862  -9.392  44.081 0.0000000000
54827  41.155  -9.898  43.899 0.0000000000
54826  41.960  -9.772  43.513 0.0000000000
129415  42.285  -10.836  42.885 0.0000000000
55881  42.469  -9.087  43.321 0.0000000000
55880  43.125  -9.247  42.719 0.0000000000
53692  29.321  -11.819  49.510 0.0000000000
74658  62.478  7.412  9.972 0.0000000000
134574  59.613  9.428  17.471 0.0000000000
76699  60.064  9.372  17.116 0.0000000000
138223  60.312  8.945  17.007 0.0000000000
75592  60.361  8.235  17.312 0.0000000000
72548  60.416  6.438  16.671 0.0000000000
72549  60.231  5.995  16.617 0.0000000000
147319  58.543  8.563  19.853 0.0000000000
75578  58.959  8.353  19.405 0.0000000000
74560  59.748  7.408  18.609 0.0000000000
153721  59.172  5.828  19.021 0.0000000000
147506  59.575  5.752  18.302 0.0000000000
73527  59.868  6.284  18.231 0.0000000000
72527  59.854  5.828  17.770 0.0000000000
127310  58.803  5.211  15.855 0.0000000000
68161  47.978  2.082  26.167 0.0000000000
64756  43.413  -1.739  37.535 0.0000000000
68125  46.620  2.070  28.765 0.0000000000
129589  47.275  1.804  26.612 0.0000000000
69174  47.927  2.196  27.014 0.0000000000
69173  48.606  2.532  26.591 0.0000000000
69163  49.261  3.064  27.047 0.0000000000
126966  50.238  3.964  27.704 0.0000000000
145000  50.926  4.483  28.114 0.0000000000
125957  49.789  4.173  29.288 0.0000000000
70182  50.656  4.607  29.074 0.0000000000
70200  51.560  4.967  28.927 0.0000000000
71301  52.223  5.073  29.587 0.0000000000
70167  53.641  3.589  30.040 0.0000000000
71260  49.644  4.801  32.807 0.0000000000
71259  50.455  4.569  32.465 0.0000000000
149024  51.047  4.474  31.859 0.0000000000
70142  51.035  3.488  32.803 0.0000000000
70141  51.527  3.620  32.057 0.0000000000
71257  51.484  4.148  31.554 0.0000000000
70153  52.132  3.815  31.323 0.0000000000
69114  53.186  3.021  30.699 0.0000000000
126136  54.292  2.126  29.822 0.0000000000
153349  54.150  0.633  30.055 0.0000000000
66995  54.238  -0.402  29.583 0.0000000000
66988  53.454  -0.271  30.511 0.0000000000
65874  53.878  -0.759  29.954 0.0000000000
65827  48.413  0.619  35.544 0.0000000000
65826  49.073  0.893  34.793 0.0000000000
64771  48.030  -0.662  34.699 0.0000000000
65835  49.670  0.736  34.165 0.0000000000
49517  34.032  -15.688  47.708 0.0000000000
50530  32.525  -14.192  48.470 0.0000000000
50581  39.024  -15.027  44.535 0.0000000000
51659  34.458  -13.189  46.365 0.0000000000
51675  35.800  -13.667  44.714 0.0000000000
51676  34.849  -13.584  44.897 0.0000000000
52665  33.610  -12.572  47.161 0.0000000000
52690  40.569  -12.585  43.703 0.0000000000
53738  38.060  -11.387  44.684 0.0000000000
53751  37.011  -11.515  44.224 0.0000000000
54802  37.376  -11.017  44.338 0.0000000000
54812  40.540  -10.026  44.162 0.0000000000
54814  39.868  -10.657  44.467 0.0000000000
55868  38.575  -9.482  44.360 0.0000000000
55869  37.938  -9.769  44.272 0.0000000000
55870  37.502  -10.066  44.169 0.0000000000
55883  37.287  -9.973  43.796 0.0000000000
57035  41.749  -8.427  43.736 0.0000000000
57036  38.589  -8.750  43.812 0.0000000000
57052  42.793  -8.470  43.202 0.0000000000
58079  40.353  -8.123  43.787 0.0000000000
58080  39.699  -8.373  43.917 0.0000000000
58088  42.368  -7.113  43.492 0.0000000000
58089  41.761  -7.250  43.711 0.0000000000
58091  40.014  -7.878  43.676 0.0000000000
58092  39.261  -8.321  43.775 0.0000000000
58117  39.205  -7.690  42.145 0.0000000000
59246  40.641  -6.674  43.479 0.0000000000
59276  39.781  -7.080  42.610 0.0000000000
60364  41.242  -6.687  43.657 0.0000000000
60374  41.192  -6.304  43.518 0.0000000000
60396  44.811  -5.178  41.242 0.0000000000
61533  42.342  -4.547  43.050 0.0000000000
62660  45.184  -3.133  40.729 0.0000000000
63679  44.099  -2.657  41.278 0.0000000000
63685  45.091  -2.080  40.396 0.0000000000
64740  43.976  -1.645  40.520 0.0000000000
65805  44.541  -0.391  39.250 0.0000000000
65811  44.189  -0.289  38.900 0.0000000000
65828  43.512  -0.407  36.306 0.0000000000
65838  43.032  -0.156  34.114 0.0000000000
65845  51.245  0.442  32.550 0.0000000000
65857  51.917  0.205  31.837 0.0000000000
65858  51.556  0.155  32.074 0.0000000000
66861  44.944  0.051  38.946 0.0000000000
66936  43.486  0.580  35.352 0.0000000000
66975  53.039  0.253  31.056 0.0000000000
66987  53.992  -0.079  30.035 0.0000000000
68004  45.415  0.887  38.074 0.0000000000
68018  44.825  1.129  37.717 0.0000000000
68053  50.229  1.762  34.145 0.0000000000
69053  46.759  1.846  36.812 0.0000000000
69063  46.767  2.438  36.474 0.0000000000
69065  45.615  2.458  36.488 0.0000000000
69077  44.256  2.283  35.211 0.0000000000
69113  53.823  2.581  30.258 0.0000000000
69154  48.474  2.833  28.213 0.0000000000
69162  56.264  2.415  26.964 0.0000000000
69164  48.519  2.671  27.415 0.0000000000
69194  49.682  2.299  24.532 0.0000000000
70100  46.768  3.078  36.114 0.0000000000
70102  45.510  3.064  35.931 0.0000000000
70109  48.543  3.527  35.160 0.0000000000
70113  45.370  3.315  35.378 0.0000000000
70133  45.822  3.698  33.280 0.0000000000
70145  45.815  3.413  32.446 0.0000000000
70156  46.674  3.444  31.427 0.0000000000
70237  56.798  2.896  25.686 0.0000000000
71233  47.270  3.918  35.460 0.0000000000
71433  58.560  5.294  18.079 0.0000000000
72511  58.830  6.008  19.413 0.0000000000
72535  60.067  5.950  17.179 0.0000000000
73505  58.130  7.030  20.886 0.0000000000
73519  59.348  6.140  18.898 0.0000000000
74572  52.841  7.413  19.066 0.0000000000
75548  56.810  8.529  22.220 0.0000000000
75558  58.177  8.234  20.582 0.0000000000
75568  59.084  7.837  19.499 0.0000000000
75569  58.624  8.085  19.997 0.0000000000
75570  58.154  8.680  20.435 0.0000000000
75577  59.462  8.040  18.895 0.0000000000
76676  58.461  8.960  19.816 0.0000000000
76685  57.912  9.396  18.733 0.0000000000
76700  59.083  9.560  17.280 0.0000000000
76754  62.528  9.442  11.678 0.0000000000
77756  60.950  10.264  14.779 0.0000000000
130164  39.260  -9.277  44.364 0.0000000000
137023  56.057  2.953  27.168 0.0000000000
137896  33.774  -12.951  47.487 0.0000000000
138714  43.920  -5.593  42.194 0.0000000000
138899  31.249  -14.148  49.238 0.0000000000
138993  44.394  1.778  36.365 0.0000000000
140128  60.278  9.761  16.468 0.0000000000
145010  59.234  5.450  16.968 0.0000000000
147343  52.251  4.234  26.967 0.0000000000
147633  47.313  3.701  31.284 0.0000000000
147895  46.478  3.682  32.155 0.0000000000
148310  43.399  -0.067  35.672 0.0000000000
150161  49.302  1.579  34.883 0.0000000000
150657  40.177  -10.184  44.338 0.0000000000
151218  41.133  -7.015  43.723 0.0000000000
151393  44.685  1.743  36.810 0.0000000000
153688  43.710  1.150  35.373 0.0000000000
155245  59.741  6.777  18.645 0.0000000000
155995  52.258  3.979  22.991 0.0000000000
156814  56.981  3.252  25.438 0.0000000000
