#!ascii label  , from subject NIHPD_75_135 vox2ras=TkReg
1075
95145  43.145  29.951  -1.865 0.0000000000
94521  49.098  28.406  -13.148 0.0000000000
98485  55.154  32.677  -13.436 0.0000000000
88657  48.991  22.573  -20.937 0.0000000000
91415  44.220  24.582  -6.619 0.0000000000
97550  57.680  32.897  -4.930 0.0000000000
93115  50.494  26.833  -19.782 0.0000000000
97686  41.962  32.434  -16.026 0.0000000000
96757  51.909  31.073  -5.593 0.0000000000
145717  47.325  29.571  -6.593 0.0000000000
149237  47.490  23.870  -11.793 0.0000000000
149768  49.585  32.733  -11.344 0.0000000000
96842  46.431  31.294  -18.927 0.0000000000
96010  55.420  30.584  -13.689 0.0000000000
96867  51.555  30.733  -21.953 0.0000000000
97611  43.752  32.553  -12.552 0.0000000000
96751  47.687  31.293  -3.901 0.0000000000
95156  44.988  30.193  -4.062 0.0000000000
141271  45.435  24.608  -8.727 0.0000000000
136398  55.161  33.466  -9.505 0.0000000000
98400  52.104  33.471  -8.718 0.0000000000
98474  52.174  32.545  -13.076 0.0000000000
149015  48.396  31.818  -15.488 0.0000000000
137463  51.744  32.408  -16.975 0.0000000000
125786  50.830  29.966  -9.852 0.0000000000
95969  54.207  30.531  -9.931 0.0000000000
95244  52.284  29.881  -13.666 0.0000000000
91542  50.901  24.743  -22.453 0.0000000000
153863  51.427  28.726  -21.716 0.0000000000
92413  48.452  25.816  -22.741 0.0000000000
93844  47.226  27.547  -21.328 0.0000000000
90615  46.736  23.748  -19.677 0.0000000000
131778  46.140  21.820  -15.432 0.0000000000
94445  41.497  28.407  -2.352 0.0000000000
94454  43.777  28.209  -4.274 0.0000000000
98415  57.895  33.240  -8.848 0.0000000000
92370  48.491  25.550  -15.576 0.0000000000
93822  49.513  27.571  -16.752 0.0000000000
90590  50.535  24.081  -18.385 0.0000000000
91526  53.440  25.053  -21.467 0.0000000000
97518  52.924  32.892  -1.003 0.0000000000
97536  50.277  32.218  -2.729 0.0000000000
95924  49.393  30.576  -5.838 0.0000000000
94484  48.471  28.929  -9.826 0.0000000000
93751  45.166  27.669  -6.850 0.0000000000
93063  46.213  26.664  -9.976 0.0000000000
93080  47.672  26.376  -12.903 0.0000000000
90544  49.030  23.103  -13.849 0.0000000000
93731  39.102  27.857  -0.319 0.0000000000
98390  49.217  34.279  -7.447 0.0000000000
98443  47.177  32.955  -10.408 0.0000000000
131128  46.225  31.856  -13.996 0.0000000000
153557  44.495  32.274  -17.585 0.0000000000
95274  44.771  29.512  -17.093 0.0000000000
96747  55.174  31.699  -5.266 0.0000000000
95967  57.014  31.272  -9.620 0.0000000000
96813  57.191  31.834  -13.571 0.0000000000
95272  52.242  29.519  -16.991 0.0000000000
96058  54.857  30.823  -18.687 0.0000000000
127523  53.853  32.434  -18.677 0.0000000000
96861  49.429  31.256  -20.832 0.0000000000
94554  46.398  28.300  -18.950 0.0000000000
97612  42.889  32.817  -12.464 0.0000000000
97594  44.183  32.726  -11.148 0.0000000000
95903  45.110  30.979  -2.156 0.0000000000
95150  43.991  30.113  -3.070 0.0000000000
131169  54.761  32.843  -11.961 0.0000000000
133050  53.686  32.811  -11.456 0.0000000000
98486  53.620  32.634  -13.223 0.0000000000
97640  51.739  32.557  -14.531 0.0000000000
97638  53.695  32.631  -15.456 0.0000000000
95227  50.226  29.486  -11.273 0.0000000000
95214  51.780  30.102  -11.132 0.0000000000
94511  50.412  29.283  -13.055 0.0000000000
155675  49.802  23.289  -21.895 0.0000000000
92411  50.251  25.183  -22.905 0.0000000000
90631  48.606  23.752  -21.739 0.0000000000
91545  47.432  24.830  -21.474 0.0000000000
89653  48.181  22.860  -20.511 0.0000000000
89636  47.347  22.349  -18.392 0.0000000000
87616  48.617  21.578  -18.604 0.0000000000
93028  41.900  27.029  -2.990 0.0000000000
98384  57.602  33.701  -7.360 0.0000000000
97555  58.140  32.996  -6.841 0.0000000000
90566  49.606  23.500  -15.821 0.0000000000
157325  49.099  25.174  -17.137 0.0000000000
90578  50.249  23.712  -17.308 0.0000000000
90600  54.495  24.640  -20.206 0.0000000000
89648  54.564  23.815  -21.142 0.0000000000
90627  52.762  23.720  -21.709 0.0000000000
95917  47.360  30.783  -4.578 0.0000000000
95916  48.325  30.974  -4.671 0.0000000000
95936  48.631  30.227  -6.187 0.0000000000
95177  49.472  29.908  -7.851 0.0000000000
95192  48.009  29.351  -8.169 0.0000000000
93038  43.716  26.105  -5.125 0.0000000000
93749  44.426  27.369  -5.551 0.0000000000
93041  44.398  26.254  -6.786 0.0000000000
90513  46.706  23.915  -10.423 0.0000000000
93064  45.740  26.037  -9.437 0.0000000000
92345  46.381  25.254  -10.498 0.0000000000
93068  47.071  26.948  -11.272 0.0000000000
92348  47.175  25.271  -11.976 0.0000000000
91490  47.838  24.953  -13.602 0.0000000000
90533  47.917  23.662  -12.410 0.0000000000
89559  51.798  21.774  -13.059 0.0000000000
147026  50.820  32.990  -10.291 0.0000000000
98402  50.490  33.624  -8.374 0.0000000000
98422  49.876  33.197  -9.665 0.0000000000
150020  48.242  33.357  -9.550 0.0000000000
98461  48.127  32.711  -11.173 0.0000000000
97609  46.054  32.090  -12.355 0.0000000000
97607  47.832  32.056  -12.964 0.0000000000
97680  47.924  31.625  -16.768 0.0000000000
97662  46.818  31.725  -15.983 0.0000000000
130384  45.099  31.651  -18.434 0.0000000000
96051  44.163  30.952  -18.171 0.0000000000
95292  45.039  30.554  -18.583 0.0000000000
97542  52.377  32.200  -3.136 0.0000000000
97533  54.048  32.480  -2.593 0.0000000000
96756  53.493  31.264  -5.774 0.0000000000
95992  54.193  30.433  -12.120 0.0000000000
95968  55.367  30.758  -9.865 0.0000000000
132224  56.164  30.879  -12.183 0.0000000000
146831  57.477  31.733  -11.627 0.0000000000
96009  56.371  30.930  -13.867 0.0000000000
93834  49.901  27.044  -18.408 0.0000000000
143880  50.613  28.656  -16.916 0.0000000000
94553  50.705  28.261  -18.870 0.0000000000
95318  51.570  29.798  -22.068 0.0000000000
95305  52.906  30.084  -20.872 0.0000000000
96076  53.279  30.769  -21.144 0.0000000000
97699  54.801  31.409  -19.064 0.0000000000
97718  52.555  31.740  -21.128 0.0000000000
96838  51.578  32.078  -19.892 0.0000000000
96869  50.033  31.099  -21.597 0.0000000000
155809  46.425  25.904  -19.518 0.0000000000
93845  46.862  27.571  -20.387 0.0000000000
93117  46.193  26.583  -18.377 0.0000000000
135096  45.646  26.601  -16.862 0.0000000000
97530  57.160  33.143  -2.215 0.0000000000
140014  42.256  32.942  -14.131 0.0000000000
147672  42.833  32.907  -14.840 0.0000000000
96723  47.436  31.649  -1.286 0.0000000000
96724  46.615  31.485  -1.572 0.0000000000
95910  46.303  30.925  -3.776 0.0000000000
95166  46.471  29.607  -5.555 0.0000000000
91425  44.629  24.590  -7.440 0.0000000000
98399  53.163  33.445  -8.842 0.0000000000
156660  52.293  32.852  -10.794 0.0000000000
97587  50.714  32.582  -12.308 0.0000000000
97623  49.577  32.404  -13.442 0.0000000000
97641  50.791  32.452  -14.398 0.0000000000
148770  49.752  32.111  -15.797 0.0000000000
151900  49.239  31.616  -17.990 0.0000000000
150329  51.938  30.548  -7.558 0.0000000000
95942  52.682  30.586  -7.881 0.0000000000
128369  52.395  30.370  -9.533 0.0000000000
127321  53.393  30.359  -11.587 0.0000000000
95235  53.209  30.200  -13.291 0.0000000000
144716  51.624  25.979  -21.587 0.0000000000
94563  51.157  28.090  -20.821 0.0000000000
93134  51.083  26.615  -22.297 0.0000000000
93859  49.980  27.222  -23.282 0.0000000000
93860  49.306  28.161  -23.326 0.0000000000
94578  48.300  29.138  -22.740 0.0000000000
93142  47.966  26.516  -22.523 0.0000000000
92398  46.902  25.252  -20.778 0.0000000000
91529  46.275  24.353  -19.215 0.0000000000
88618  46.902  21.785  -16.392 0.0000000000
95153  41.879  29.115  -2.004 0.0000000000
95159  42.869  29.135  -3.141 0.0000000000
94450  42.639  28.318  -3.353 0.0000000000
93032  43.181  26.873  -3.809 0.0000000000
91410  43.652  24.698  -5.259 0.0000000000
99227  55.783  34.123  -6.817 0.0000000000
98417  56.760  33.601  -9.058 0.0000000000
98455  56.722  32.900  -11.731 0.0000000000
93085  48.388  27.024  -14.167 0.0000000000
93808  49.344  28.065  -15.087 0.0000000000
93097  49.030  27.082  -16.261 0.0000000000
93110  49.544  26.318  -18.049 0.0000000000
92387  50.124  25.559  -18.952 0.0000000000
90589  51.658  23.868  -18.733 0.0000000000
90602  52.094  24.506  -19.730 0.0000000000
91528  51.796  25.643  -21.069 0.0000000000
91533  52.685  25.013  -21.737 0.0000000000
89656  51.582  23.065  -21.527 0.0000000000
88655  50.646  22.034  -20.742 0.0000000000
88637  49.300  21.530  -19.483 0.0000000000
97535  51.364  32.536  -1.821 0.0000000000
127734  50.875  31.655  -4.022 0.0000000000
96732  48.651  32.001  -2.365 0.0000000000
96749  50.083  31.478  -4.266 0.0000000000
152005  50.716  31.007  -5.404 0.0000000000
95176  50.421  30.144  -8.028 0.0000000000
95203  49.932  29.671  -9.549 0.0000000000
94504  48.853  28.691  -11.514 0.0000000000
95163  44.655  29.434  -4.391 0.0000000000
94456  45.327  28.622  -5.663 0.0000000000
94459  46.211  28.786  -6.787 0.0000000000
93056  45.091  25.940  -8.267 0.0000000000
93768  45.615  27.275  -8.455 0.0000000000
94478  46.637  28.461  -8.420 0.0000000000
93774  47.112  28.021  -10.063 0.0000000000
93789  47.668  27.544  -11.670 0.0000000000
93794  48.536  27.948  -12.874 0.0000000000
92360  47.968  25.573  -14.122 0.0000000000
90556  48.689  24.032  -14.941 0.0000000000
140379  50.241  22.733  -14.998 0.0000000000
89560  50.225  22.235  -12.981 0.0000000000
151914  51.016  22.189  -13.985 0.0000000000
94440  41.186  28.790  -1.585 0.0000000000
93735  40.195  27.732  -1.389 0.0000000000
93737  38.865  27.066  -0.619 0.0000000000
99222  50.234  34.675  -6.455 0.0000000000
99243  47.727  34.579  -7.853 0.0000000000
136265  45.351  32.229  -12.129 0.0000000000
153724  44.813  32.226  -13.612 0.0000000000
136367  43.831  32.574  -15.116 0.0000000000
97644  46.856  31.769  -14.447 0.0000000000
97664  44.840  32.293  -15.885 0.0000000000
97684  43.376  32.505  -16.804 0.0000000000
97552  56.999  32.274  -5.165 0.0000000000
95930  54.230  30.961  -7.263 0.0000000000
157385  55.685  31.382  -7.020 0.0000000000
96768  57.526  32.043  -7.173 0.0000000000
96783  58.073  32.142  -9.384 0.0000000000
132701  57.463  32.203  -12.288 0.0000000000
97620  56.574  32.386  -13.864 0.0000000000
95254  51.057  29.384  -14.655 0.0000000000
95263  52.480  29.759  -15.220 0.0000000000
95270  53.849  30.058  -16.236 0.0000000000
95289  52.123  29.352  -19.278 0.0000000000
150972  53.903  30.094  -17.792 0.0000000000
96030  55.582  30.509  -15.867 0.0000000000
96047  56.183  31.028  -16.486 0.0000000000
127301  56.125  32.044  -16.551 0.0000000000
97655  55.166  32.602  -15.994 0.0000000000
148191  52.253  32.450  -17.754 0.0000000000
96839  50.653  31.879  -19.175 0.0000000000
96851  48.006  31.166  -19.630 0.0000000000
95307  47.537  29.427  -21.609 0.0000000000
95308  46.860  30.073  -20.373 0.0000000000
130336  46.057  30.011  -19.418 0.0000000000
95283  45.369  29.246  -17.729 0.0000000000
88598  44.889  22.064  -14.862 0.0000000000
154557  43.552  32.938  -10.987 0.0000000000
97580  44.038  33.135  -10.461 0.0000000000
95905  43.795  30.341  -1.272 0.0000000000
95904  44.510  30.653  -1.683 0.0000000000
95908  43.851  30.269  -2.230 0.0000000000
148278  55.505  32.762  -12.682 0.0000000000
143610  54.299  32.671  -13.589 0.0000000000
98494  53.692  32.664  -14.024 0.0000000000
148835  53.933  32.661  -14.742 0.0000000000
152234  49.784  29.092  -12.462 0.0000000000
95237  50.333  29.395  -12.088 0.0000000000
94512  49.576  28.839  -12.962 0.0000000000
89652  49.815  22.748  -21.473 0.0000000000
90630  49.316  23.763  -22.063 0.0000000000
89658  49.142  23.207  -21.563 0.0000000000
90620  48.447  23.259  -21.188 0.0000000000
88648  48.577  22.344  -20.226 0.0000000000
88649  48.014  22.516  -19.741 0.0000000000
140241  48.595  21.982  -19.560 0.0000000000
98374  57.760  33.473  -3.429 0.0000000000
98378  57.850  33.409  -5.265 0.0000000000
98380  57.815  33.504  -5.982 0.0000000000
130976  57.989  33.046  -5.986 0.0000000000
90565  50.211  23.331  -16.448 0.0000000000
90577  50.885  23.222  -17.083 0.0000000000
89643  55.192  23.694  -20.720 0.0000000000
89644  54.306  23.029  -20.786 0.0000000000
96044  42.029  31.956  -16.413 0.0000000000
95165  47.299  29.903  -5.879 0.0000000000
95937  48.029  30.207  -5.862 0.0000000000
95171  47.941  29.900  -6.442 0.0000000000
95179  47.794  29.547  -7.245 0.0000000000
92305  43.785  25.510  -5.566 0.0000000000
93037  44.090  26.400  -5.837 0.0000000000
92313  44.075  25.511  -6.343 0.0000000000
91461  47.174  23.704  -11.057 0.0000000000
91462  46.686  24.505  -10.846 0.0000000000
92349  46.748  25.302  -11.249 0.0000000000
91472  47.090  24.503  -11.555 0.0000000000
91471  47.478  24.474  -12.274 0.0000000000
98459  50.490  32.730  -11.358 0.0000000000
98441  49.783  32.906  -10.596 0.0000000000
98460  48.912  32.856  -10.897 0.0000000000
97589  48.865  32.583  -11.807 0.0000000000
97590  47.776  32.372  -11.998 0.0000000000
144818  48.495  32.341  -12.531 0.0000000000
151634  47.446  31.589  -17.586 0.0000000000
97693  46.398  31.754  -17.674 0.0000000000
96832  45.848  31.560  -18.413 0.0000000000
96833  44.807  31.280  -18.472 0.0000000000
96843  45.658  31.226  -18.745 0.0000000000
127854  52.256  31.468  -4.816 0.0000000000
135326  53.281  31.775  -4.449 0.0000000000
130723  52.628  31.147  -5.671 0.0000000000
96001  55.229  30.588  -12.634 0.0000000000
95991  55.063  30.575  -11.589 0.0000000000
96000  56.266  30.884  -13.045 0.0000000000
146032  55.851  30.643  -14.432 0.0000000000
93116  50.112  26.529  -19.033 0.0000000000
93826  50.185  27.743  -18.179 0.0000000000
93833  50.377  27.412  -19.193 0.0000000000
96090  51.232  30.242  -22.295 0.0000000000
96083  52.673  30.647  -21.435 0.0000000000
142953  52.356  30.905  -21.658 0.0000000000
96858  53.274  31.472  -21.061 0.0000000000
152092  51.917  31.101  -21.721 0.0000000000
96859  51.829  31.437  -21.448 0.0000000000
96868  51.037  31.034  -21.829 0.0000000000
92389  45.932  24.994  -18.560 0.0000000000
92388  46.195  25.829  -18.917 0.0000000000
92382  45.587  25.161  -17.663 0.0000000000
93111  45.602  25.888  -17.235 0.0000000000
97613  42.192  32.968  -13.236 0.0000000000
131034  43.075  32.737  -13.571 0.0000000000
96713  46.860  31.418  -0.622 0.0000000000
96714  46.036  31.266  -0.914 0.0000000000
95911  45.503  30.757  -3.475 0.0000000000
96735  45.652  31.128  -2.681 0.0000000000
95919  45.786  30.403  -4.242 0.0000000000
95918  46.573  30.581  -4.437 0.0000000000
95161  46.159  29.946  -4.849 0.0000000000
98398  54.768  33.687  -8.144 0.0000000000
149632  53.812  33.570  -8.294 0.0000000000
98418  54.316  33.454  -9.026 0.0000000000
129224  52.861  32.672  -11.882 0.0000000000
98457  52.821  32.815  -11.044 0.0000000000
126640  52.132  32.579  -12.266 0.0000000000
98458  51.366  32.632  -11.841 0.0000000000
131978  51.491  32.545  -12.650 0.0000000000
97604  50.953  32.517  -13.091 0.0000000000
138138  51.283  32.501  -13.795 0.0000000000
133478  51.682  32.478  -16.115 0.0000000000
97659  51.197  32.463  -15.207 0.0000000000
97677  50.935  32.232  -16.742 0.0000000000
149801  49.369  31.788  -17.080 0.0000000000
97692  50.248  31.941  -17.482 0.0000000000
95956  51.201  30.251  -8.532 0.0000000000
95943  51.899  30.451  -8.246 0.0000000000
95970  51.652  30.206  -9.703 0.0000000000
95225  51.705  29.891  -12.082 0.0000000000
95213  52.547  30.180  -11.810 0.0000000000
95224  52.413  30.047  -12.690 0.0000000000
95993  53.317  30.275  -12.426 0.0000000000
92397  51.552  26.015  -21.938 0.0000000000
93127  51.247  26.614  -21.594 0.0000000000
92405  51.005  25.795  -22.539 0.0000000000
92412  49.389  25.383  -22.944 0.0000000000
93139  50.546  26.511  -23.020 0.0000000000
93140  49.433  26.353  -23.269 0.0000000000
140360  50.133  28.102  -23.139 0.0000000000
138378  49.053  27.363  -23.335 0.0000000000
152267  48.715  28.051  -23.116 0.0000000000
93141  48.561  26.683  -23.037 0.0000000000
90622  47.155  23.912  -20.484 0.0000000000
91536  46.708  24.501  -20.139 0.0000000000
90604  46.341  23.523  -18.767 0.0000000000
89637  46.789  22.850  -18.624 0.0000000000
126644  47.885  21.914  -18.225 0.0000000000
88628  47.332  21.986  -17.555 0.0000000000
94444  42.202  28.748  -2.746 0.0000000000
93739  41.951  27.941  -2.970 0.0000000000
93033  42.599  26.395  -3.339 0.0000000000
137753  43.168  26.106  -3.749 0.0000000000
92306  43.526  25.446  -4.783 0.0000000000
92299  43.340  25.445  -3.959 0.0000000000
98396  57.758  33.496  -8.021 0.0000000000
98397  56.971  33.756  -8.121 0.0000000000
98416  57.376  33.422  -9.446 0.0000000000
98436  56.612  33.203  -10.762 0.0000000000
132507  57.371  32.914  -11.016 0.0000000000
146507  48.386  26.106  -15.143 0.0000000000
93092  48.519  26.803  -14.956 0.0000000000
93098  48.634  26.420  -15.780 0.0000000000
91507  49.624  24.464  -17.490 0.0000000000
92375  49.082  25.905  -17.201 0.0000000000
138492  49.506  25.333  -17.882 0.0000000000
91514  50.657  24.765  -19.261 0.0000000000
90588  52.503  23.537  -18.422 0.0000000000
90587  53.682  23.948  -18.981 0.0000000000
90613  54.027  24.825  -20.993 0.0000000000
90614  52.961  24.956  -20.745 0.0000000000
90603  51.714  24.977  -20.257 0.0000000000
91527  52.555  25.185  -21.316 0.0000000000
91532  53.322  24.594  -21.750 0.0000000000
135130  52.239  22.774  -21.222 0.0000000000
89650  51.312  22.481  -21.090 0.0000000000
89651  50.625  22.564  -21.286 0.0000000000
88654  51.522  22.083  -20.675 0.0000000000
88646  50.778  21.544  -20.135 0.0000000000
136709  50.234  32.478  -0.849 0.0000000000
97519  50.988  32.632  -0.902 0.0000000000
97520  50.390  32.446  -1.771 0.0000000000
97543  51.046  32.108  -3.227 0.0000000000
96733  47.224  31.643  -2.261 0.0000000000
126754  48.045  31.872  -1.913 0.0000000000
96742  48.002  31.728  -2.953 0.0000000000
95915  49.094  30.874  -5.120 0.0000000000
96750  49.253  31.271  -4.451 0.0000000000
96759  49.941  31.045  -5.123 0.0000000000
95923  50.302  30.724  -5.896 0.0000000000
95934  50.600  30.538  -6.605 0.0000000000
95945  49.947  30.252  -7.143 0.0000000000
95191  48.865  29.560  -8.437 0.0000000000
95190  49.727  29.780  -8.682 0.0000000000
95204  49.089  29.393  -9.269 0.0000000000
147572  49.279  29.267  -10.115 0.0000000000
94495  48.658  28.798  -10.667 0.0000000000
94449  43.315  28.696  -3.721 0.0000000000
94448  43.952  29.085  -4.104 0.0000000000
94461  44.942  27.906  -6.044 0.0000000000
94457  44.748  28.197  -5.257 0.0000000000
94460  45.545  28.370  -6.444 0.0000000000
91440  45.060  24.544  -8.141 0.0000000000
92332  44.804  25.303  -7.873 0.0000000000
92331  45.198  25.221  -8.509 0.0000000000
93055  45.452  26.472  -8.716 0.0000000000
93776  45.853  27.006  -9.243 0.0000000000
94479  45.939  28.019  -8.077 0.0000000000
93767  46.179  27.801  -8.883 0.0000000000
94486  46.861  28.268  -9.252 0.0000000000
93775  46.454  27.526  -9.674 0.0000000000
93074  47.427  26.712  -12.048 0.0000000000
93781  47.383  27.768  -10.865 0.0000000000
93788  48.321  28.101  -12.042 0.0000000000
93795  47.926  27.337  -12.495 0.0000000000
93079  48.192  27.168  -13.332 0.0000000000
92361  47.747  25.705  -13.452 0.0000000000
91481  48.137  24.239  -13.692 0.0000000000
91489  48.221  24.675  -14.393 0.0000000000
90555  49.120  23.381  -14.624 0.0000000000
89604  49.672  23.132  -15.130 0.0000000000
89591  49.769  22.767  -14.350 0.0000000000
88574  49.971  22.102  -12.183 0.0000000000
127680  50.994  21.996  -13.348 0.0000000000
89574  51.686  21.991  -13.805 0.0000000000
94435  40.980  29.107  -0.715 0.0000000000
94442  39.812  28.182  -0.660 0.0000000000
94441  40.504  28.492  -1.106 0.0000000000
93736  39.552  27.400  -0.953 0.0000000000
98389  49.862  33.874  -7.906 0.0000000000
99232  50.640  34.243  -6.872 0.0000000000
99233  49.920  34.258  -7.079 0.0000000000
99223  49.529  34.847  -6.607 0.0000000000
99234  48.804  34.903  -6.947 0.0000000000
99242  48.455  34.430  -7.611 0.0000000000
128193  47.560  33.278  -9.814 0.0000000000
98444  46.227  33.064  -10.254 0.0000000000
97578  45.629  32.727  -10.806 0.0000000000
97577  46.509  32.641  -10.975 0.0000000000
97626  46.136  31.906  -13.215 0.0000000000
97627  45.223  32.139  -12.987 0.0000000000
133458  45.335  32.053  -13.961 0.0000000000
134657  44.436  32.346  -14.190 0.0000000000
134963  44.747  32.249  -14.918 0.0000000000
128125  49.014  32.200  -14.050 0.0000000000
97624  47.964  31.882  -13.992 0.0000000000
149367  47.575  31.706  -15.117 0.0000000000
97682  45.131  32.275  -16.893 0.0000000000
97663  45.869  31.983  -15.950 0.0000000000
97683  44.219  32.509  -16.896 0.0000000000
97696  43.777  32.287  -17.555 0.0000000000
96053  43.005  31.780  -17.474 0.0000000000
96834  43.576  31.892  -17.794 0.0000000000
96041  44.197  30.318  -17.598 0.0000000000
97505  53.974  32.990  -0.938 0.0000000000
132063  54.221  32.002  -4.127 0.0000000000
128485  54.552  32.326  -3.329 0.0000000000
155733  55.001  32.195  -3.878 0.0000000000
126978  55.799  32.260  -4.032 0.0000000000
96746  56.043  31.985  -4.768 0.0000000000
137517  53.184  30.569  -8.534 0.0000000000
95941  53.664  30.692  -7.946 0.0000000000
95953  53.986  30.592  -8.804 0.0000000000
95951  56.089  30.975  -9.381 0.0000000000
95939  55.919  31.074  -8.531 0.0000000000
96775  56.746  31.236  -8.921 0.0000000000
134716  56.576  31.601  -7.140 0.0000000000
127446  57.050  31.550  -8.093 0.0000000000
129574  57.926  32.265  -7.801 0.0000000000
96784  57.709  31.701  -9.695 0.0000000000
96007  57.464  31.941  -12.503 0.0000000000
95998  57.592  31.973  -12.021 0.0000000000
96804  57.505  31.965  -12.367 0.0000000000
97603  57.229  32.381  -12.487 0.0000000000
97635  56.987  32.151  -14.101 0.0000000000
93814  49.450  27.838  -15.907 0.0000000000
94526  50.447  28.998  -14.877 0.0000000000
94533  50.055  28.575  -15.508 0.0000000000
94545  51.321  29.096  -17.464 0.0000000000
94540  51.225  29.181  -16.478 0.0000000000
141917  53.319  29.954  -15.589 0.0000000000
95271  52.856  29.786  -16.144 0.0000000000
93842  51.214  28.138  -21.649 0.0000000000
151487  51.394  28.621  -20.422 0.0000000000
95298  52.081  29.335  -20.432 0.0000000000
95304  53.524  30.451  -20.559 0.0000000000
95296  53.685  30.282  -19.715 0.0000000000
96050  54.531  30.441  -18.235 0.0000000000
95279  54.503  30.299  -17.112 0.0000000000
96049  55.151  30.685  -17.661 0.0000000000
96039  56.004  30.730  -16.265 0.0000000000
96057  55.272  30.992  -18.066 0.0000000000
97700  54.695  31.716  -19.120 0.0000000000
97672  55.519  31.911  -17.514 0.0000000000
127671  55.001  32.306  -17.428 0.0000000000
128257  55.728  32.412  -16.250 0.0000000000
97674  54.267  32.578  -17.055 0.0000000000
97702  52.947  32.410  -18.887 0.0000000000
96849  50.725  31.711  -20.296 0.0000000000
155614  50.197  31.625  -19.666 0.0000000000
132970  49.563  31.516  -19.117 0.0000000000
143163  48.997  31.252  -19.933 0.0000000000
93852  47.723  27.974  -22.167 0.0000000000
95314  48.018  29.667  -22.361 0.0000000000
94564  47.394  28.548  -21.486 0.0000000000
146151  46.648  28.526  -19.913 0.0000000000
140484  47.014  29.203  -20.724 0.0000000000
95299  46.494  29.600  -19.915 0.0000000000
96068  46.917  30.639  -19.988 0.0000000000
95290  46.196  29.242  -19.256 0.0000000000
95291  45.645  29.921  -18.953 0.0000000000
94555  45.871  28.994  -18.438 0.0000000000
93106  45.308  26.018  -16.366 0.0000000000
93823  45.449  27.043  -16.245 0.0000000000
89619  45.649  22.563  -16.759 0.0000000000
88609  45.476  22.093  -15.500 0.0000000000
98475  42.153  33.064  -12.238 0.0000000000
152040  43.556  32.723  -11.713 0.0000000000
148933  44.212  32.506  -11.831 0.0000000000
95893  45.248  30.988  -1.244 0.0000000000
95907  44.527  30.561  -2.573 0.0000000000
95912  44.705  30.403  -3.341 0.0000000000
98438  54.578  33.053  -10.922 0.0000000000
135934  54.392  33.277  -9.994 0.0000000000
98473  53.686  32.690  -12.372 0.0000000000
131999  52.874  32.600  -12.750 0.0000000000
97621  52.091  32.566  -13.829 0.0000000000
98487  52.869  32.600  -13.605 0.0000000000
97639  52.874  32.622  -14.636 0.0000000000
135368  52.529  32.573  -16.014 0.0000000000
95215  50.907  29.824  -10.769 0.0000000000
95202  51.470  30.092  -10.348 0.0000000000
95226  50.992  29.724  -11.615 0.0000000000
95236  50.992  29.601  -12.350 0.0000000000
134712  51.508  29.699  -12.929 0.0000000000
90629  50.208  23.834  -22.256 0.0000000000
91548  49.582  24.489  -22.589 0.0000000000
91549  48.597  24.860  -22.516 0.0000000000
92406  47.849  25.177  -22.194 0.0000000000
91544  48.062  24.365  -21.892 0.0000000000
90621  47.794  23.515  -20.809 0.0000000000
89645  47.394  23.153  -19.993 0.0000000000
128083  47.384  22.679  -19.171 0.0000000000
88638  47.974  22.158  -18.949 0.0000000000
88627  48.148  21.537  -17.640 0.0000000000
93740  41.279  27.565  -2.528 0.0000000000
99226  56.970  34.204  -6.494 0.0000000000
152897  57.603  33.892  -6.241 0.0000000000
98383  57.993  33.271  -7.364 0.0000000000
98395  58.146  33.126  -8.069 0.0000000000
90567  48.972  24.183  -15.791 0.0000000000
149232  48.654  24.934  -15.953 0.0000000000
91502  49.569  23.940  -16.577 0.0000000000
90612  54.880  24.344  -20.656 0.0000000000
90618  54.181  24.296  -21.249 0.0000000000
90619  53.684  24.177  -21.653 0.0000000000
89649  53.546  23.315  -21.254 0.0000000000
88652  53.434  22.479  -20.629 0.0000000000
97521  49.574  32.351  -1.231 0.0000000000
95925  48.542  30.537  -5.493 0.0000000000
95169  49.190  30.019  -7.219 0.0000000000
95170  48.582  29.952  -6.887 0.0000000000
95178  48.653  29.728  -7.631 0.0000000000
94476  48.251  29.121  -9.000 0.0000000000
93750  43.991  26.851  -4.965 0.0000000000
93746  44.201  27.740  -4.823 0.0000000000
93752  44.616  27.102  -6.401 0.0000000000
93758  44.881  26.897  -7.228 0.0000000000
91452  45.909  24.344  -9.313 0.0000000000
92340  45.563  25.184  -9.131 0.0000000000
92339  45.970  25.189  -9.797 0.0000000000
136566  46.152  25.878  -10.110 0.0000000000
93782  46.732  27.227  -10.476 0.0000000000
93069  46.568  26.208  -10.768 0.0000000000
93075  46.983  26.082  -11.634 0.0000000000
142849  47.308  25.957  -12.295 0.0000000000
92354  47.528  25.293  -12.802 0.0000000000
91482  47.837  24.330  -13.021 0.0000000000
140566  48.403  23.520  -13.254 0.0000000000
88573  50.994  21.772  -12.417 0.0000000000
89558  52.557  21.714  -12.873 0.0000000000
153062  51.453  33.416  -8.998 0.0000000000
98401  51.222  33.566  -8.444 0.0000000000
137887  50.777  33.361  -9.169 0.0000000000
128621  49.837  33.530  -8.747 0.0000000000
98423  49.029  33.441  -9.163 0.0000000000
98403  48.971  33.865  -8.239 0.0000000000
98442  48.107  33.022  -10.387 0.0000000000
154535  47.700  32.815  -10.781 0.0000000000
97591  46.762  32.313  -11.761 0.0000000000
97608  46.945  32.012  -12.608 0.0000000000
97625  47.009  31.845  -13.515 0.0000000000
141139  47.773  31.659  -16.046 0.0000000000
137169  47.073  31.702  -16.798 0.0000000000
97681  46.101  31.955  -16.861 0.0000000000
97694  45.285  32.021  -17.872 0.0000000000
134072  44.027  31.542  -18.098 0.0000000000
95284  44.753  30.091  -18.031 0.0000000000
97534  52.393  32.573  -2.033 0.0000000000
125485  53.482  32.670  -1.833 0.0000000000
96737  53.450  32.168  -3.478 0.0000000000
132955  54.096  31.619  -5.023 0.0000000000
154181  54.408  30.510  -10.868 0.0000000000
95980  55.251  30.664  -10.635 0.0000000000
95979  56.381  31.003  -10.327 0.0000000000
95966  57.354  31.454  -10.417 0.0000000000
95990  56.950  31.386  -11.851 0.0000000000
146220  56.889  31.416  -13.193 0.0000000000
96019  56.852  31.409  -13.918 0.0000000000
93827  49.637  27.264  -17.630 0.0000000000
94541  50.000  28.276  -16.410 0.0000000000
93821  50.055  28.024  -17.271 0.0000000000
94546  50.646  28.491  -17.851 0.0000000000
94552  51.333  28.935  -18.515 0.0000000000
144208  51.665  29.261  -21.792 0.0000000000
95306  52.209  29.714  -21.247 0.0000000000
95312  52.827  30.369  -21.206 0.0000000000
145103  53.333  30.552  -20.972 0.0000000000
96074  54.091  30.960  -20.320 0.0000000000
96064  54.900  31.045  -18.897 0.0000000000
96856  54.036  30.953  -20.476 0.0000000000
97716  54.127  31.430  -20.299 0.0000000000
97710  53.877  32.276  -19.612 0.0000000000
97711  53.155  32.291  -20.094 0.0000000000
97712  52.437  32.130  -20.498 0.0000000000
96860  50.939  31.442  -21.239 0.0000000000
96870  49.122  31.051  -21.468 0.0000000000
93128  46.935  26.791  -20.793 0.0000000000
135783  46.724  26.884  -20.034 0.0000000000
93838  46.608  27.530  -19.514 0.0000000000
93835  46.386  27.406  -18.670 0.0000000000
93828  46.124  27.416  -17.870 0.0000000000
144117  45.905  26.611  -17.552 0.0000000000
97546  57.555  33.047  -3.890 0.0000000000
97666  41.636  32.652  -15.402 0.0000000000
140993  42.329  32.727  -15.626 0.0000000000
96725  45.814  31.287  -1.846 0.0000000000
96734  46.378  31.412  -2.482 0.0000000000
96743  46.932  31.397  -3.254 0.0000000000
95909  46.953  31.058  -4.008 0.0000000000
95927  46.922  30.233  -5.110 0.0000000000
95172  46.696  29.345  -6.318 0.0000000000
91424  45.004  23.829  -7.655 0.0000000000
91439  45.556  23.820  -8.464 0.0000000000
90494  46.185  23.465  -9.072 0.0000000000
90506  46.463  23.754  -9.779 0.0000000000
90505  47.066  23.236  -10.190 0.0000000000
150121  47.613  23.034  -10.787 0.0000000000
89549  47.941  23.150  -11.573 0.0000000000
146137  52.913  33.646  -7.873 0.0000000000
98420  52.571  33.307  -9.430 0.0000000000
98419  53.396  33.270  -9.683 0.0000000000
134353  52.571  33.050  -10.238 0.0000000000
98421  51.719  33.214  -9.631 0.0000000000
98440  51.787  32.911  -10.560 0.0000000000
97588  49.848  32.587  -12.050 0.0000000000
97606  49.274  32.456  -12.656 0.0000000000
97605  50.137  32.525  -12.862 0.0000000000
97642  49.882  32.380  -14.205 0.0000000000
151475  49.352  32.223  -14.677 0.0000000000
97660  50.113  32.313  -15.061 0.0000000000
97661  49.174  32.078  -15.332 0.0000000000
97679  48.862  31.822  -16.266 0.0000000000
96825  48.493  31.613  -17.279 0.0000000000
96831  48.112  31.463  -18.178 0.0000000000
95921  52.091  30.829  -6.250 0.0000000000
95932  52.388  30.700  -7.016 0.0000000000
95954  52.516  30.483  -8.749 0.0000000000
134265  53.196  30.502  -9.289 0.0000000000
95983  52.179  30.262  -10.301 0.0000000000
95982  52.742  30.328  -10.966 0.0000000000
95981  53.616  30.433  -10.814 0.0000000000
148609  54.250  30.384  -13.125 0.0000000000
96011  54.573  30.403  -13.963 0.0000000000
93122  50.895  26.761  -20.602 0.0000000000
93837  50.782  27.421  -20.251 0.0000000000
93851  51.098  27.333  -21.987 0.0000000000
93858  50.750  27.403  -22.649 0.0000000000
93850  51.260  28.569  -22.047 0.0000000000
94575  50.822  28.347  -22.522 0.0000000000
95319  50.440  29.126  -22.889 0.0000000000
96091  50.475  30.023  -22.737 0.0000000000
96092  49.876  30.415  -22.653 0.0000000000
94577  48.887  28.880  -23.102 0.0000000000
130143  48.257  28.403  -22.758 0.0000000000
140085  47.599  27.067  -22.081 0.0000000000
92414  47.773  25.863  -22.254 0.0000000000
144737  47.476  26.296  -21.895 0.0000000000
143842  47.054  26.101  -21.176 0.0000000000
92393  46.405  25.251  -19.640 0.0000000000
90605  45.817  23.427  -17.944 0.0000000000
88608  46.091  22.085  -16.145 0.0000000000
127965  46.696  22.528  -17.883 0.0000000000
89618  46.508  22.207  -17.044 0.0000000000
88607  46.649  21.703  -15.741 0.0000000000
95146  42.409  29.658  -1.503 0.0000000000
95151  43.294  29.776  -2.743 0.0000000000
95152  42.600  29.429  -2.376 0.0000000000
93743  43.205  27.795  -3.827 0.0000000000
93744  42.557  27.403  -3.419 0.0000000000
93747  43.673  27.280  -4.341 0.0000000000
93035  43.529  26.300  -4.367 0.0000000000
91409  43.898  24.880  -5.943 0.0000000000
143470  54.967  33.887  -7.432 0.0000000000
142702  55.703  33.623  -8.729 0.0000000000
132618  56.911  34.034  -7.249 0.0000000000
98385  55.880  33.843  -7.750 0.0000000000
148616  55.969  33.486  -9.483 0.0000000000
98437  55.564  33.316  -10.268 0.0000000000
98472  55.856  32.886  -12.049 0.0000000000
98471  56.485  32.718  -12.461 0.0000000000
93802  48.809  27.877  -13.756 0.0000000000
94520  49.599  28.647  -13.721 0.0000000000
93809  48.835  27.575  -14.636 0.0000000000
93815  48.909  27.341  -15.449 0.0000000000
92376  48.740  25.565  -16.422 0.0000000000
93105  48.873  26.355  -16.556 0.0000000000
93104  49.207  26.760  -17.079 0.0000000000
93123  50.571  26.179  -19.886 0.0000000000
89630  51.607  23.299  -17.750 0.0000000000
130229  50.932  23.545  -17.868 0.0000000000
90601  53.060  24.381  -19.724 0.0000000000
136235  51.266  24.379  -19.247 0.0000000000
91518  50.934  25.483  -20.086 0.0000000000
92386  51.229  26.146  -20.834 0.0000000000
91534  52.021  25.521  -21.679 0.0000000000
91541  51.933  24.611  -22.129 0.0000000000
90628  51.826  23.815  -21.951 0.0000000000
133450  51.119  24.008  -22.152 0.0000000000
89657  50.693  23.282  -21.799 0.0000000000
88656  49.835  22.160  -20.893 0.0000000000
141465  49.180  21.972  -20.265 0.0000000000
88647  49.943  21.653  -20.223 0.0000000000
87623  50.095  21.192  -19.471 0.0000000000
127792  51.929  32.773  -0.995 0.0000000000
147333  51.628  32.337  -2.662 0.0000000000
96739  51.750  31.854  -3.863 0.0000000000
96748  51.399  31.471  -4.537 0.0000000000
96722  48.216  31.826  -0.954 0.0000000000
97522  48.797  32.135  -1.571 0.0000000000
97537  49.460  32.221  -2.271 0.0000000000
130861  48.611  31.507  -3.794 0.0000000000
96741  49.466  31.683  -3.682 0.0000000000
96731  49.670  32.022  -3.056 0.0000000000
137079  50.734  31.294  -4.765 0.0000000000
95922  51.213  30.820  -5.980 0.0000000000
95933  51.468  30.584  -6.912 0.0000000000
95944  51.280  30.401  -7.756 0.0000000000
95189  50.565  29.975  -8.967 0.0000000000
95216  50.100  29.585  -10.420 0.0000000000
94494  49.443  29.177  -10.963 0.0000000000
94513  49.094  28.616  -12.400 0.0000000000
95158  43.576  29.479  -3.466 0.0000000000
95157  44.280  29.823  -3.774 0.0000000000
94453  44.402  28.607  -4.644 0.0000000000
94452  45.035  28.985  -4.979 0.0000000000
95162  45.382  29.721  -4.640 0.0000000000
95167  45.735  29.291  -5.259 0.0000000000
95173  45.995  28.996  -6.000 0.0000000000
92321  44.402  25.398  -7.144 0.0000000000
93048  44.731  26.100  -7.578 0.0000000000
145032  45.397  25.773  -8.819 0.0000000000
93047  45.139  26.717  -8.011 0.0000000000
144608  45.392  27.475  -7.658 0.0000000000
94467  45.752  28.176  -7.250 0.0000000000
94466  46.424  28.617  -7.592 0.0000000000
95180  46.923  29.173  -7.081 0.0000000000
94465  47.186  29.024  -7.882 0.0000000000
94477  47.418  28.836  -8.727 0.0000000000
94485  47.656  28.613  -9.549 0.0000000000
94496  47.877  28.414  -10.370 0.0000000000
94505  48.082  28.264  -11.207 0.0000000000
143248  48.207  26.239  -14.512 0.0000000000
92366  48.251  25.492  -14.850 0.0000000000
91496  48.488  24.793  -15.269 0.0000000000
136800  49.187  23.628  -15.270 0.0000000000
89603  50.245  22.965  -15.670 0.0000000000
89562  48.617  22.899  -12.412 0.0000000000
90532  48.959  22.854  -13.167 0.0000000000
89576  49.607  22.619  -13.476 0.0000000000
89575  50.364  22.370  -13.768 0.0000000000
89590  50.633  22.453  -14.488 0.0000000000
132463  51.037  22.530  -15.326 0.0000000000
94436  40.265  28.894  -0.129 0.0000000000
94446  40.789  28.090  -1.928 0.0000000000
93741  40.613  27.225  -2.038 0.0000000000
93026  39.380  26.601  -1.133 0.0000000000
99956  47.290  35.229  -7.671 0.0000000000
156319  48.180  34.104  -8.158 0.0000000000
98405  47.579  34.100  -8.461 0.0000000000
99244  47.023  34.643  -8.164 0.0000000000
97579  44.798  32.885  -10.616 0.0000000000
97593  44.953  32.458  -11.458 0.0000000000
97610  44.619  32.327  -12.371 0.0000000000
133292  44.223  32.404  -13.356 0.0000000000
134853  43.656  32.592  -14.227 0.0000000000
97665  43.084  32.752  -15.915 0.0000000000
132765  48.697  32.236  -13.265 0.0000000000
129883  46.569  31.767  -15.264 0.0000000000
97645  45.766  31.936  -14.906 0.0000000000
154018  44.319  32.453  -15.510 0.0000000000
151275  43.905  32.621  -16.090 0.0000000000
97685  42.560  32.455  -16.558 0.0000000000
96826  42.606  32.018  -17.029 0.0000000000
96042  43.460  30.826  -17.546 0.0000000000
147519  55.979  32.557  -2.732 0.0000000000
97547  56.885  32.498  -4.222 0.0000000000
96765  52.938  30.941  -6.388 0.0000000000
96764  53.855  31.098  -6.502 0.0000000000
96755  54.450  31.423  -5.852 0.0000000000
95940  54.795  30.858  -8.078 0.0000000000
96770  55.063  31.133  -7.322 0.0000000000
149362  55.344  31.569  -5.928 0.0000000000
96763  56.130  31.623  -6.379 0.0000000000
96753  57.051  32.054  -5.946 0.0000000000
97551  57.592  32.610  -5.689 0.0000000000
96767  58.014  32.594  -7.136 0.0000000000
96772  58.176  32.563  -8.411 0.0000000000
98414  58.123  32.849  -9.405 0.0000000000
96793  57.779  31.850  -10.565 0.0000000000
97575  57.800  32.152  -10.921 0.0000000000
98453  57.664  32.499  -11.072 0.0000000000
98454  57.350  32.498  -11.871 0.0000000000
98483  56.810  32.567  -12.684 0.0000000000
98492  55.719  32.591  -13.904 0.0000000000
94519  50.404  29.123  -14.119 0.0000000000
95245  51.242  29.525  -13.804 0.0000000000
94532  50.934  29.215  -15.530 0.0000000000
147303  51.619  29.523  -15.149 0.0000000000
95253  51.869  29.653  -14.477 0.0000000000
95252  52.615  29.894  -14.465 0.0000000000
145880  53.311  30.040  -14.910 0.0000000000
95242  54.171  30.292  -14.605 0.0000000000
94559  50.893  28.096  -19.868 0.0000000000
94558  51.369  28.773  -19.569 0.0000000000
95282  52.133  29.450  -18.169 0.0000000000
95297  52.920  29.891  -20.044 0.0000000000
95288  52.979  29.758  -18.979 0.0000000000
95281  53.068  29.781  -17.926 0.0000000000
95280  53.401  29.925  -17.018 0.0000000000
95269  54.789  30.323  -16.131 0.0000000000
95261  54.966  30.367  -15.323 0.0000000000
141152  55.733  30.537  -15.103 0.0000000000
96029  56.165  30.762  -15.470 0.0000000000
96819  56.720  31.651  -15.174 0.0000000000
96830  55.643  31.215  -17.563 0.0000000000
96824  56.338  31.490  -16.272 0.0000000000
97653  56.804  32.060  -14.981 0.0000000000
130645  56.452  32.314  -14.836 0.0000000000
127027  55.746  32.519  -15.508 0.0000000000
97637  54.772  32.635  -15.280 0.0000000000
97656  54.385  32.619  -16.140 0.0000000000
97675  53.376  32.601  -16.368 0.0000000000
97676  52.503  32.531  -16.787 0.0000000000
97703  51.674  32.256  -18.734 0.0000000000
97691  51.273  32.247  -17.629 0.0000000000
148100  50.108  31.760  -18.372 0.0000000000
96840  48.747  31.443  -18.651 0.0000000000
96841  47.361  31.361  -18.838 0.0000000000
141426  49.159  30.238  -22.737 0.0000000000
95322  48.521  30.283  -22.331 0.0000000000
96077  48.494  30.729  -21.602 0.0000000000
94565  47.011  28.269  -20.765 0.0000000000
148376  47.323  29.888  -20.989 0.0000000000
96078  47.951  30.637  -20.960 0.0000000000
96067  47.596  30.858  -20.261 0.0000000000
96852  47.041  31.091  -19.543 0.0000000000
96069  46.351  30.881  -19.303 0.0000000000
96060  45.718  30.649  -19.008 0.0000000000
133350  45.336  29.816  -18.394 0.0000000000
93829  45.772  27.526  -17.004 0.0000000000
95273  45.422  28.606  -16.970 0.0000000000
89561  49.421  22.511  -12.717 0.0000000000
90545  48.549  23.796  -14.141 0.0000000000
91451  46.346  24.488  -10.114 0.0000000000
91508  49.024  24.676  -16.580 0.0000000000
91515  50.021  24.778  -18.409 0.0000000000
91525  53.811  24.662  -21.443 0.0000000000
91535  47.106  24.526  -20.847 0.0000000000
91540  52.624  24.389  -21.987 0.0000000000
91543  48.771  24.202  -22.218 0.0000000000
92404  51.815  25.401  -22.017 0.0000000000
92407  47.388  25.577  -21.660 0.0000000000
93086  47.981  26.363  -13.762 0.0000000000
93118  45.869  25.825  -18.067 0.0000000000
93124  46.474  26.579  -19.304 0.0000000000
93801  49.260  28.178  -14.364 0.0000000000
93843  51.071  27.403  -21.220 0.0000000000
94503  49.605  29.114  -11.786 0.0000000000
94527  49.838  28.612  -14.610 0.0000000000
94534  45.356  28.028  -16.272 0.0000000000
94547  46.202  28.094  -18.256 0.0000000000
94548  45.843  28.327  -17.659 0.0000000000
94570  51.606  28.853  -21.230 0.0000000000
94571  47.817  28.886  -22.271 0.0000000000
94576  49.657  28.817  -23.240 0.0000000000
95234  53.875  30.306  -13.811 0.0000000000
95243  53.225  30.147  -14.119 0.0000000000
95251  55.152  30.459  -14.559 0.0000000000
95262  54.079  30.179  -15.473 0.0000000000
95287  53.804  30.148  -18.681 0.0000000000
95300  46.413  30.348  -19.664 0.0000000000
95313  52.144  30.074  -21.549 0.0000000000
95320  49.571  29.682  -23.066 0.0000000000
95321  48.684  29.705  -22.845 0.0000000000
95926  47.744  30.443  -5.273 0.0000000000
95931  53.269  30.812  -7.160 0.0000000000
95935  49.281  30.242  -6.610 0.0000000000
95952  55.030  30.768  -9.091 0.0000000000
95955  51.814  30.324  -8.996 0.0000000000
95971  51.216  30.155  -9.209 0.0000000000
95999  57.364  31.744  -12.219 0.0000000000
96008  57.242  31.708  -12.681 0.0000000000
96018  57.219  31.768  -13.065 0.0000000000
96020  56.317  30.880  -14.653 0.0000000000
96028  56.593  31.236  -14.890 0.0000000000
96038  56.393  31.104  -15.793 0.0000000000
96040  55.394  30.571  -16.698 0.0000000000
96048  55.767  30.878  -17.101 0.0000000000
96052  43.494  31.446  -17.815 0.0000000000
96059  54.346  30.596  -19.289 0.0000000000
96065  54.494  30.950  -19.646 0.0000000000
96066  54.033  30.735  -20.173 0.0000000000
96075  53.726  30.819  -20.740 0.0000000000
96079  47.387  30.405  -20.693 0.0000000000
96084  51.932  30.432  -21.799 0.0000000000
96085  49.315  30.739  -22.191 0.0000000000
96738  52.614  31.911  -3.972 0.0000000000
96740  50.231  31.878  -3.504 0.0000000000
96744  46.135  31.184  -3.160 0.0000000000
96754  56.151  31.791  -5.552 0.0000000000
96758  51.372  31.179  -5.195 0.0000000000
96762  57.732  32.508  -6.470 0.0000000000
96769  55.832  31.259  -7.689 0.0000000000
96773  57.825  31.912  -8.710 0.0000000000
96774  57.359  31.503  -9.006 0.0000000000
96792  57.972  31.921  -9.995 0.0000000000
96808  57.342  32.093  -12.876 0.0000000000
96814  56.953  31.625  -14.315 0.0000000000
96818  57.080  31.929  -14.236 0.0000000000
96829  56.066  31.204  -16.922 0.0000000000
96835  43.081  32.201  -17.307 0.0000000000
96837  55.108  31.245  -18.462 0.0000000000
96847  54.679  31.187  -19.373 0.0000000000
96848  54.295  31.167  -20.062 0.0000000000
96850  49.847  31.462  -20.131 0.0000000000
96857  53.571  31.069  -20.987 0.0000000000
96862  48.494  31.011  -20.696 0.0000000000
96866  53.062  31.036  -21.376 0.0000000000
96873  50.708  30.555  -22.302 0.0000000000
96874  50.182  30.771  -22.174 0.0000000000
97531  56.185  32.751  -2.049 0.0000000000
97540  56.781  32.761  -2.793 0.0000000000
97548  55.047  31.937  -4.519 0.0000000000
97558  58.200  32.855  -7.533 0.0000000000
97560  58.203  32.592  -9.078 0.0000000000
97568  58.040  32.135  -10.160 0.0000000000
97576  47.352  32.608  -11.170 0.0000000000
97586  57.591  32.146  -11.774 0.0000000000
97592  45.882  32.371  -11.561 0.0000000000
97602  57.355  32.122  -12.803 0.0000000000
97618  57.262  32.038  -13.423 0.0000000000
97619  57.009  32.354  -13.017 0.0000000000
97622  50.447  32.473  -13.630 0.0000000000
97636  55.713  32.554  -14.659 0.0000000000
97643  48.591  31.972  -14.763 0.0000000000
97654  56.326  32.234  -15.681 0.0000000000
97657  52.919  32.599  -15.551 0.0000000000
97658  52.155  32.589  -15.332 0.0000000000
97671  55.959  31.569  -17.129 0.0000000000
97673  55.045  32.506  -16.642 0.0000000000
97678  49.972  32.024  -16.522 0.0000000000
97689  54.923  32.019  -18.300 0.0000000000
97690  54.365  32.417  -18.052 0.0000000000
97695  44.346  31.906  -18.120 0.0000000000
97701  54.427  32.126  -19.012 0.0000000000
97704  50.785  32.046  -18.253 0.0000000000
97709  54.494  31.439  -19.709 0.0000000000
97717  53.770  31.840  -20.467 0.0000000000
97719  51.698  31.828  -20.844 0.0000000000
97722  52.574  31.288  -21.466 0.0000000000
98375  57.818  33.414  -4.335 0.0000000000
98381  57.855  33.459  -6.670 0.0000000000
98386  54.019  33.752  -7.584 0.0000000000
98404  48.250  33.732  -8.775 0.0000000000
98413  58.174  32.436  -9.657 0.0000000000
98434  58.000  32.524  -10.248 0.0000000000
98435  57.790  33.026  -10.063 0.0000000000
98439  53.548  33.018  -10.550 0.0000000000
98456  55.687  33.070  -11.297 0.0000000000
98470  56.920  32.679  -12.274 0.0000000000
98484  56.267  32.597  -13.165 0.0000000000
98493  54.737  32.662  -14.258 0.0000000000
99943  49.887  35.308  -6.135 0.0000000000
125979  53.139  32.437  -2.631 0.0000000000
126983  51.303  32.782  -11.082 0.0000000000
127726  48.964  31.917  -3.034 0.0000000000
128026  53.374  32.572  -17.652 0.0000000000
128133  55.068  31.607  -18.389 0.0000000000
128292  51.870  29.510  -15.904 0.0000000000
129370  48.208  27.431  -22.812 0.0000000000
129806  54.931  31.312  -6.606 0.0000000000
130682  52.068  32.716  -11.355 0.0000000000
130937  53.040  30.403  -10.140 0.0000000000
130996  57.092  31.895  -6.585 0.0000000000
131569  47.827  30.199  -21.571 0.0000000000
131965  50.180  25.803  -23.109 0.0000000000
133118  56.360  32.516  -3.420 0.0000000000
133247  39.857  26.119  -1.544 0.0000000000
134515  46.895  23.167  -19.267 0.0000000000
134600  54.476  32.697  -12.892 0.0000000000
136147  56.646  33.418  -9.877 0.0000000000
137141  48.993  33.124  -10.045 0.0000000000
138387  52.355  32.294  -19.643 0.0000000000
138575  50.624  32.272  -15.890 0.0000000000
139481  56.803  31.313  -12.500 0.0000000000
140481  56.209  30.889  -11.284 0.0000000000
140980  47.585  24.157  -21.176 0.0000000000
141675  57.098  31.365  -11.109 0.0000000000
142373  57.122  32.195  -13.373 0.0000000000
142772  57.093  32.773  -3.458 0.0000000000
143496  50.930  32.370  -2.456 0.0000000000
143732  48.087  23.807  -21.384 0.0000000000
144348  51.167  29.119  -22.300 0.0000000000
144848  46.659  26.078  -20.208 0.0000000000
145402  49.907  30.465  -6.417 0.0000000000
147142  53.133  31.464  -5.170 0.0000000000
147245  50.203  31.397  -20.887 0.0000000000
148021  57.259  33.240  -10.242 0.0000000000
148099  53.768  31.342  -20.715 0.0000000000
148463  52.946  32.064  -20.776 0.0000000000
148528  54.328  31.822  -19.831 0.0000000000
148889  55.476  31.484  -17.797 0.0000000000
148944  51.002  29.682  -22.495 0.0000000000
149073  57.664  31.927  -11.377 0.0000000000
149218  49.604  27.706  -23.350 0.0000000000
149814  56.544  31.932  -15.742 0.0000000000
150318  46.769  31.522  -18.317 0.0000000000
151395  58.212  32.934  -8.706 0.0000000000
151411  51.605  32.522  -13.294 0.0000000000
151534  45.087  30.791  -2.859 0.0000000000
151650  47.240  26.735  -21.482 0.0000000000
152269  52.225  23.066  -17.558 0.0000000000
152545  50.748  30.387  -7.285 0.0000000000
153559  57.520  33.920  -6.827 0.0000000000
153814  57.431  33.563  -8.676 0.0000000000
153859  55.794  32.586  -2.413 0.0000000000
154034  47.085  21.862  -16.950 0.0000000000
154995  54.094  30.456  -11.395 0.0000000000
155328  51.696  32.126  -3.227 0.0000000000
155690  57.553  31.698  -11.059 0.0000000000
156726  47.405  31.498  -18.223 0.0000000000
156794  49.353  34.542  -6.995 0.0000000000
156799  51.056  27.932  -22.191 0.0000000000
156872  50.549  28.800  -16.156 0.0000000000
157254  48.157  31.370  -18.893 0.0000000000
157521  55.561  32.267  -16.901 0.0000000000
157619  48.683  31.351  -19.230 0.0000000000
