#!ascii label  , from subject NIHPD_75_135 vox2ras=TkReg
1283
57267  32.044  -8.864  24.798 0.0000000000
74706  46.426  8.265  5.814 0.0000000000
64976  37.406  -1.222  14.355 0.0000000000
51751  11.567  -13.434  39.743 0.0000000000
61711  24.822  -4.378  30.221 0.0000000000
71527  37.407  4.181  12.958 0.0000000000
53913  17.899  -11.374  33.702 0.0000000000
128490  16.332  -13.940  37.835 0.0000000000
53968  21.709  -10.874  30.819 0.0000000000
75714  51.217  8.041  5.007 0.0000000000
61777  32.720  -4.688  24.566 0.0000000000
133346  34.058  -2.677  21.307 0.0000000000
59479  37.377  -6.358  25.390 0.0000000000
79825  49.505  12.039  3.388 0.0000000000
77895  53.351  10.300  0.616 0.0000000000
76787  42.718  9.235  8.477 0.0000000000
143687  46.097  4.576  9.110 0.0000000000
71551  41.295  4.443  10.397 0.0000000000
138592  42.475  0.392  14.065 0.0000000000
138209  31.437  -10.812  29.972 0.0000000000
129006  11.094  -16.750  43.337 0.0000000000
47269  7.301  -17.733  45.128 0.0000000000
48453  5.367  -16.932  48.695 0.0000000000
59473  28.175  -6.733  26.685 0.0000000000
56040  26.310  -9.861  30.030 0.0000000000
67124  31.858  0.444  17.795 0.0000000000
127362  37.963  -1.639  20.493 0.0000000000
81697  55.674  14.905  -1.557 0.0000000000
74703  49.300  7.790  5.384 0.0000000000
73644  49.287  6.507  7.352 0.0000000000
58272  33.474  -7.001  23.905 0.0000000000
59500  34.467  -6.568  23.208 0.0000000000
57264  35.307  -8.426  25.208 0.0000000000
77849  46.154  10.518  6.512 0.0000000000
79804  48.558  12.186  5.787 0.0000000000
77873  47.614  10.553  4.828 0.0000000000
76828  50.039  9.715  3.157 0.0000000000
142108  5.089  -20.244  50.815 0.0000000000
73625  41.134  6.630  9.164 0.0000000000
74656  39.722  7.033  10.750 0.0000000000
67163  36.934  1.026  13.206 0.0000000000
68280  38.990  1.502  12.128 0.0000000000
66027  39.718  -0.440  13.553 0.0000000000
157652  40.372  -1.771  16.530 0.0000000000
50648  13.717  -13.903  38.597 0.0000000000
50612  15.969  -14.210  40.661 0.0000000000
50615  13.834  -15.028  41.049 0.0000000000
49583  13.108  -15.654  43.440 0.0000000000
49606  11.685  -15.672  41.341 0.0000000000
50600  7.772  -15.549  44.146 0.0000000000
48466  6.066  -16.775  47.260 0.0000000000
142504  26.814  -5.119  28.300 0.0000000000
56093  26.869  -9.231  27.758 0.0000000000
58209  24.289  -7.281  28.375 0.0000000000
141302  22.579  -12.445  34.092 0.0000000000
54968  24.009  -10.770  33.612 0.0000000000
63837  37.306  -2.572  23.439 0.0000000000
64906  35.806  -2.170  20.933 0.0000000000
73589  38.859  6.822  13.595 0.0000000000
140388  36.996  3.787  15.161 0.0000000000
68254  35.455  1.406  14.490 0.0000000000
142982  20.213  -13.513  34.752 0.0000000000
51768  19.137  -13.844  37.631 0.0000000000
51794  17.421  -12.986  35.138 0.0000000000
156016  14.906  -11.927  36.206 0.0000000000
54908  12.897  -10.751  38.918 0.0000000000
58195  22.253  -7.478  29.542 0.0000000000
58177  21.040  -7.461  31.667 0.0000000000
54979  20.277  -11.363  31.827 0.0000000000
63824  30.674  -1.954  24.865 0.0000000000
130455  30.594  -2.111  22.171 0.0000000000
151975  32.260  -4.059  22.385 0.0000000000
60624  36.248  -5.252  22.998 0.0000000000
79832  52.563  13.126  0.844 0.0000000000
77890  51.171  11.147  1.753 0.0000000000
75765  52.304  9.117  2.602 0.0000000000
75692  44.173  8.527  6.865 0.0000000000
73647  45.998  6.334  7.119 0.0000000000
72666  43.766  6.258  7.715 0.0000000000
136945  43.859  4.361  9.966 0.0000000000
70372  43.829  3.184  11.999 0.0000000000
71536  38.991  4.399  11.361 0.0000000000
69322  41.749  2.554  11.735 0.0000000000
144630  31.901  -10.237  27.430 0.0000000000
137992  34.842  -9.423  27.837 0.0000000000
132963  44.830  10.498  8.952 0.0000000000
52736  10.172  -12.812  41.773 0.0000000000
154975  9.090  -15.550  42.411 0.0000000000
129221  9.285  -17.704  44.210 0.0000000000
45959  9.168  -18.728  47.007 0.0000000000
44773  7.228  -19.523  47.467 0.0000000000
44769  5.743  -19.841  48.586 0.0000000000
47200  4.341  -18.286  49.319 0.0000000000
47189  3.893  -17.247  49.481 0.0000000000
57269  29.704  -8.245  25.491 0.0000000000
55058  29.247  -10.334  27.498 0.0000000000
53978  28.922  -10.758  29.754 0.0000000000
130670  24.313  -9.442  30.282 0.0000000000
128096  34.239  -0.693  15.896 0.0000000000
129617  32.014  -1.524  19.245 0.0000000000
63880  34.891  -1.952  18.597 0.0000000000
63887  37.587  -2.421  17.247 0.0000000000
57220  37.299  -7.850  28.814 0.0000000000
79848  56.927  13.544  -3.316 0.0000000000
79835  54.184  12.880  -0.686 0.0000000000
78888  56.138  11.170  -1.943 0.0000000000
145740  47.697  8.096  5.419 0.0000000000
74692  49.051  7.297  6.069 0.0000000000
145643  48.221  7.156  6.256 0.0000000000
58260  32.826  -7.717  24.215 0.0000000000
58259  33.571  -7.733  23.927 0.0000000000
57265  34.098  -8.939  25.124 0.0000000000
76802  45.626  9.291  6.110 0.0000000000
77859  46.831  10.281  5.438 0.0000000000
149951  47.136  9.159  5.100 0.0000000000
75736  48.381  8.964  4.468 0.0000000000
44754  4.528  -20.366  49.659 0.0000000000
75664  40.554  8.133  10.676 0.0000000000
74634  40.012  7.953  12.178 0.0000000000
66030  37.081  0.324  13.381 0.0000000000
66029  37.890  -0.036  13.252 0.0000000000
66015  38.122  -0.780  13.803 0.0000000000
64973  40.097  -1.430  15.027 0.0000000000
64964  38.657  -1.830  15.227 0.0000000000
50649  12.852  -13.603  38.776 0.0000000000
131013  13.831  -14.509  39.440 0.0000000000
141847  12.602  -14.865  40.168 0.0000000000
49618  12.155  -15.301  40.763 0.0000000000
50626  11.797  -14.746  40.223 0.0000000000
142458  25.715  -4.576  29.197 0.0000000000
59460  25.340  -6.620  27.675 0.0000000000
155121  24.141  -5.542  28.745 0.0000000000
51789  21.995  -12.948  35.418 0.0000000000
68189  30.514  0.508  22.579 0.0000000000
64875  37.813  -1.844  23.593 0.0000000000
69287  36.011  2.666  14.741 0.0000000000
69270  35.627  2.847  15.577 0.0000000000
51804  18.917  -13.082  34.192 0.0000000000
131413  18.904  -13.469  34.945 0.0000000000
155274  17.726  -12.599  34.515 0.0000000000
53868  15.348  -11.416  35.747 0.0000000000
54934  14.665  -10.328  36.543 0.0000000000
53855  13.783  -11.738  37.265 0.0000000000
133127  22.223  -5.649  31.727 0.0000000000
132680  18.756  -9.990  33.319 0.0000000000
56021  19.396  -10.047  32.665 0.0000000000
53911  19.221  -11.810  32.801 0.0000000000
52822  19.763  -12.576  32.922 0.0000000000
136455  31.228  -3.512  23.782 0.0000000000
61785  32.432  -4.568  23.648 0.0000000000
58269  35.612  -6.880  23.591 0.0000000000
59510  34.884  -5.653  22.614 0.0000000000
59490  37.114  -6.068  24.429 0.0000000000
60615  37.839  -4.837  24.687 0.0000000000
146571  37.870  -5.677  25.642 0.0000000000
79811  48.648  11.988  4.550 0.0000000000
79829  51.206  12.810  2.056 0.0000000000
78870  49.983  11.735  2.744 0.0000000000
75752  50.480  9.067  3.571 0.0000000000
76827  50.840  9.495  2.927 0.0000000000
136902  52.066  8.516  3.827 0.0000000000
75685  42.898  8.773  7.847 0.0000000000
74683  43.984  7.525  7.040 0.0000000000
74685  42.625  7.477  7.813 0.0000000000
72631  41.318  5.767  9.421 0.0000000000
133671  42.088  5.418  9.206 0.0000000000
71566  42.505  4.819  9.671 0.0000000000
70393  43.607  3.954  10.822 0.0000000000
70394  42.662  3.839  10.831 0.0000000000
72596  37.955  5.603  12.868 0.0000000000
140517  38.380  5.816  12.041 0.0000000000
71537  38.346  4.321  11.874 0.0000000000
133724  40.932  0.874  12.610 0.0000000000
68286  40.273  1.948  11.839 0.0000000000
68277  41.918  1.152  12.802 0.0000000000
149607  42.652  1.652  12.798 0.0000000000
55026  31.996  -10.571  29.202 0.0000000000
135649  33.261  -10.215  29.073 0.0000000000
140720  43.510  10.043  9.736 0.0000000000
76774  43.363  9.878  8.875 0.0000000000
76785  44.161  9.817  7.568 0.0000000000
51769  18.256  -13.971  38.051 0.0000000000
51749  18.044  -13.839  39.744 0.0000000000
48511  12.390  -16.089  43.677 0.0000000000
49560  13.143  -15.394  45.045 0.0000000000
48490  12.193  -16.220  45.322 0.0000000000
47266  11.066  -17.179  45.094 0.0000000000
52723  9.922  -12.436  42.806 0.0000000000
50617  9.594  -14.795  41.707 0.0000000000
50608  8.784  -14.479  42.885 0.0000000000
49574  7.466  -16.107  44.499 0.0000000000
48514  8.201  -16.855  43.666 0.0000000000
46010  7.875  -17.903  44.718 0.0000000000
156560  8.857  -18.363  45.429 0.0000000000
152979  8.257  -18.569  45.714 0.0000000000
45960  8.529  -19.102  47.443 0.0000000000
45976  7.551  -18.677  46.057 0.0000000000
48452  5.794  -16.299  48.142 0.0000000000
47232  5.750  -18.482  47.725 0.0000000000
47216  5.282  -18.101  48.442 0.0000000000
45937  4.794  -18.848  48.887 0.0000000000
47199  4.833  -17.583  49.135 0.0000000000
59456  29.193  -6.496  27.369 0.0000000000
59471  30.387  -6.992  26.006 0.0000000000
58248  29.244  -7.674  25.838 0.0000000000
56121  29.406  -8.991  25.804 0.0000000000
56122  28.592  -9.069  26.267 0.0000000000
56076  26.141  -9.025  28.398 0.0000000000
55043  27.452  -10.151  28.889 0.0000000000
55008  27.702  -10.510  30.287 0.0000000000
56045  21.792  -9.325  30.000 0.0000000000
56062  22.874  -8.888  29.442 0.0000000000
55011  22.959  -10.279  30.484 0.0000000000
56001  25.399  -10.310  34.098 0.0000000000
72643  46.124  5.076  8.345 0.0000000000
71576  47.943  5.485  8.253 0.0000000000
71577  47.570  5.015  8.791 0.0000000000
68228  32.555  1.389  17.126 0.0000000000
68243  33.644  1.060  15.826 0.0000000000
65994  32.966  -0.057  16.686 0.0000000000
63857  32.162  -2.861  21.149 0.0000000000
64911  31.051  -1.788  20.488 0.0000000000
63864  32.712  -2.467  20.633 0.0000000000
141252  36.585  -1.828  20.908 0.0000000000
64936  35.092  -1.917  19.745 0.0000000000
143244  36.347  -2.061  19.075 0.0000000000
63888  36.143  -2.295  17.955 0.0000000000
63869  37.764  -2.089  18.940 0.0000000000
63876  38.793  -2.115  18.560 0.0000000000
57222  36.183  -8.619  28.010 0.0000000000
79849  56.333  13.664  -2.686 0.0000000000
78881  52.567  12.100  0.592 0.0000000000
79836  53.632  13.038  -0.124 0.0000000000
77904  53.617  11.137  -0.078 0.0000000000
77912  55.824  10.559  -1.197 0.0000000000
76872  57.294  9.821  -1.173 0.0000000000
56003  18.223  -9.859  33.857 0.0000000000
54946  17.058  -10.288  34.435 0.0000000000
139769  50.429  8.148  4.805 0.0000000000
74701  51.318  7.840  5.754 0.0000000000
74691  49.941  7.482  5.934 0.0000000000
60618  33.054  -5.415  24.618 0.0000000000
60626  33.502  -5.426  23.267 0.0000000000
58271  34.066  -7.088  23.554 0.0000000000
58257  35.263  -7.550  24.031 0.0000000000
58244  36.371  -7.463  25.160 0.0000000000
78825  48.115  11.878  7.574 0.0000000000
78836  47.314  11.371  6.232 0.0000000000
78855  48.150  11.363  4.783 0.0000000000
77872  48.281  10.760  4.154 0.0000000000
149656  49.395  10.694  3.063 0.0000000000
76829  48.574  10.200  3.794 0.0000000000
75735  49.196  8.786  4.286 0.0000000000
144154  6.517  -19.975  50.343 0.0000000000
76776  41.842  9.141  9.878 0.0000000000
75687  41.652  8.029  8.645 0.0000000000
75674  40.759  7.953  9.868 0.0000000000
74663  40.589  7.116  9.669 0.0000000000
137924  40.034  5.914  10.226 0.0000000000
148323  36.971  2.551  13.203 0.0000000000
146952  38.001  2.713  12.204 0.0000000000
67180  37.838  1.556  12.529 0.0000000000
67160  39.465  0.210  12.921 0.0000000000
151454  41.113  -0.108  13.638 0.0000000000
66002  41.439  -0.779  15.040 0.0000000000
64954  41.603  -1.273  16.674 0.0000000000
53942  31.100  -11.229  31.606 0.0000000000
50647  15.100  -14.002  38.366 0.0000000000
50635  16.243  -14.211  39.182 0.0000000000
50637  14.828  -14.505  39.654 0.0000000000
134399  15.188  -14.525  40.483 0.0000000000
50606  14.156  -14.987  41.957 0.0000000000
49595  11.975  -15.941  41.957 0.0000000000
48538  11.218  -16.097  41.908 0.0000000000
51687  8.625  -14.021  43.746 0.0000000000
50586  7.311  -14.944  45.607 0.0000000000
49563  6.722  -16.542  45.803 0.0000000000
47251  6.551  -18.087  46.356 0.0000000000
49551  6.410  -16.153  46.653 0.0000000000
49538  6.211  -15.728  47.533 0.0000000000
49513  5.892  -15.120  48.981 0.0000000000
59458  27.670  -6.195  27.158 0.0000000000
57255  27.332  -8.220  26.691 0.0000000000
58223  25.918  -7.192  27.381 0.0000000000
57224  25.529  -8.339  28.205 0.0000000000
56059  25.116  -8.925  29.286 0.0000000000
53930  22.451  -11.723  32.097 0.0000000000
53947  23.036  -11.110  31.635 0.0000000000
53910  23.237  -11.659  33.675 0.0000000000
71546  46.234  4.241  10.370 0.0000000000
68214  30.931  1.004  19.580 0.0000000000
62811  35.594  -3.115  21.992 0.0000000000
63855  34.754  -2.300  21.040 0.0000000000
63849  36.764  -2.673  22.253 0.0000000000
64894  37.272  -2.274  22.268 0.0000000000
81692  55.148  15.036  -0.807 0.0000000000
148381  3.685  -20.393  49.234 0.0000000000
73580  38.883  6.473  14.517 0.0000000000
72575  37.807  5.054  14.604 0.0000000000
70348  36.971  3.748  14.136 0.0000000000
69302  36.394  2.539  13.973 0.0000000000
150893  35.988  1.267  14.022 0.0000000000
67148  35.735  0.544  14.256 0.0000000000
51778  20.968  -13.485  36.187 0.0000000000
145486  20.823  -13.486  37.375 0.0000000000
145953  19.635  -13.752  36.232 0.0000000000
127033  18.199  -13.734  36.271 0.0000000000
125989  16.646  -13.452  36.442 0.0000000000
151359  16.411  -11.840  34.989 0.0000000000
51781  16.197  -12.846  35.882 0.0000000000
51771  15.250  -13.365  37.186 0.0000000000
51772  14.507  -13.070  37.336 0.0000000000
52779  13.199  -12.212  37.907 0.0000000000
52765  12.214  -12.188  39.125 0.0000000000
60560  23.691  -5.339  29.333 0.0000000000
60548  22.558  -5.754  30.297 0.0000000000
156156  21.616  -6.929  30.700 0.0000000000
57203  20.956  -8.821  30.736 0.0000000000
58178  20.660  -7.770  32.355 0.0000000000
140554  20.424  -10.012  31.393 0.0000000000
53949  21.101  -11.408  31.359 0.0000000000
52837  21.209  -12.503  32.596 0.0000000000
51814  21.083  -13.245  33.936 0.0000000000
65914  30.588  -0.518  25.012 0.0000000000
65932  30.354  -0.441  23.269 0.0000000000
63839  30.480  -2.181  23.440 0.0000000000
62800  30.887  -2.926  22.411 0.0000000000
62814  32.832  -3.766  21.845 0.0000000000
60636  33.927  -5.411  22.819 0.0000000000
61792  34.366  -4.350  22.119 0.0000000000
61791  35.122  -4.028  22.146 0.0000000000
61784  36.583  -4.205  22.847 0.0000000000
62771  37.981  -3.301  24.523 0.0000000000
81684  52.114  14.073  2.130 0.0000000000
79828  51.830  12.341  1.263 0.0000000000
130148  51.785  10.846  1.404 0.0000000000
76837  50.410  10.154  2.625 0.0000000000
77889  51.395  10.511  1.838 0.0000000000
133452  45.358  7.944  6.355 0.0000000000
73656  46.430  6.966  6.590 0.0000000000
73657  45.468  7.137  6.693 0.0000000000
73648  45.101  6.399  7.228 0.0000000000
72644  45.158  5.137  8.293 0.0000000000
73636  42.398  6.651  8.222 0.0000000000
72645  43.436  5.303  8.733 0.0000000000
71563  45.417  4.471  9.407 0.0000000000
71548  44.459  4.106  10.495 0.0000000000
70380  44.548  3.540  11.757 0.0000000000
74646  38.996  7.045  12.168 0.0000000000
72618  39.460  5.820  10.736 0.0000000000
71552  40.452  4.493  10.632 0.0000000000
133456  39.350  3.059  11.527 0.0000000000
145048  39.926  3.315  11.324 0.0000000000
70383  41.364  3.194  11.277 0.0000000000
69321  42.586  2.710  11.915 0.0000000000
56104  31.892  -9.715  26.003 0.0000000000
152805  33.699  -9.540  26.328 0.0000000000
156412  33.485  -9.876  27.671 0.0000000000
56058  34.752  -9.642  29.377 0.0000000000
140266  45.409  10.493  7.640 0.0000000000
76793  45.134  9.662  6.593 0.0000000000
157148  11.518  -12.056  40.219 0.0000000000
151213  10.731  -12.155  41.575 0.0000000000
51741  10.924  -13.616  40.416 0.0000000000
50628  10.412  -14.200  40.855 0.0000000000
50616  10.162  -15.333  41.437 0.0000000000
48527  9.839  -16.285  42.296 0.0000000000
138621  8.381  -14.794  43.409 0.0000000000
48513  8.893  -16.834  43.195 0.0000000000
47284  10.077  -17.462  44.088 0.0000000000
47267  10.427  -17.594  45.392 0.0000000000
47229  10.530  -17.739  47.120 0.0000000000
44767  7.219  -19.855  48.307 0.0000000000
45961  6.339  -18.803  47.076 0.0000000000
44774  6.593  -19.474  47.546 0.0000000000
43819  6.651  -20.149  48.936 0.0000000000
43816  5.681  -20.237  49.288 0.0000000000
45938  4.520  -19.585  49.289 0.0000000000
45924  4.200  -18.964  49.201 0.0000000000
47187  4.494  -16.905  49.713 0.0000000000
47188  4.278  -17.501  49.455 0.0000000000
45925  4.079  -18.755  49.139 0.0000000000
58261  31.993  -7.718  24.582 0.0000000000
59483  30.972  -7.292  25.498 0.0000000000
156311  30.882  -8.870  25.183 0.0000000000
56105  30.907  -9.585  25.826 0.0000000000
55057  30.149  -10.415  27.438 0.0000000000
53988  30.220  -10.718  29.006 0.0000000000
56092  27.602  -9.576  27.463 0.0000000000
136389  28.873  -10.493  28.305 0.0000000000
53977  29.825  -10.859  29.872 0.0000000000
59442  23.241  -6.676  28.919 0.0000000000
57212  24.346  -8.518  29.080 0.0000000000
56042  25.081  -9.522  30.571 0.0000000000
54978  24.350  -10.149  32.455 0.0000000000
141697  25.294  -9.795  31.555 0.0000000000
134493  25.987  -9.883  31.661 0.0000000000
73645  47.630  6.376  7.103 0.0000000000
69271  34.403  2.001  15.591 0.0000000000
67138  34.441  0.397  15.213 0.0000000000
64978  35.344  -0.906  15.062 0.0000000000
139036  30.399  -0.361  21.398 0.0000000000
65961  30.769  -0.430  19.718 0.0000000000
64940  31.722  -0.938  18.711 0.0000000000
64908  34.235  -2.282  20.746 0.0000000000
157205  33.327  -1.793  19.142 0.0000000000
64950  32.909  -1.079  17.739 0.0000000000
64958  34.006  -1.169  16.609 0.0000000000
63913  35.881  -1.935  16.091 0.0000000000
63911  37.404  -2.059  15.748 0.0000000000
63885  39.244  -2.214  17.013 0.0000000000
56102  35.003  -9.052  26.381 0.0000000000
58222  36.234  -8.252  26.576 0.0000000000
58221  37.044  -7.544  26.947 0.0000000000
58199  38.272  -6.840  28.890 0.0000000000
58220  38.043  -6.386  27.259 0.0000000000
80770  58.100  14.177  -3.849 0.0000000000
80753  54.025  13.961  -0.109 0.0000000000
79834  54.747  13.151  -1.233 0.0000000000
77902  55.243  10.243  -0.495 0.0000000000
78889  55.418  11.593  -1.601 0.0000000000
79839  55.987  12.769  -2.417 0.0000000000
78897  56.612  12.651  -3.022 0.0000000000
78895  58.060  11.080  -3.439 0.0000000000
74705  47.107  8.133  5.603 0.0000000000
74693  47.600  7.586  5.882 0.0000000000
74694  46.827  7.574  6.087 0.0000000000
57282  32.307  -8.330  24.515 0.0000000000
144153  33.431  -8.830  24.705 0.0000000000
57266  32.730  -8.902  24.711 0.0000000000
75718  46.200  9.009  5.697 0.0000000000
76811  46.694  9.475  5.342 0.0000000000
75717  46.793  8.768  5.408 0.0000000000
143463  47.395  8.624  5.205 0.0000000000
66016  37.246  -0.476  13.743 0.0000000000
64975  38.390  -1.410  14.466 0.0000000000
51750  12.131  -13.178  39.090 0.0000000000
148978  13.078  -14.239  39.084 0.0000000000
50638  12.243  -14.199  39.458 0.0000000000
50639  11.447  -14.161  39.952 0.0000000000
61725  25.014  -4.578  29.385 0.0000000000
61736  24.726  -5.461  28.400 0.0000000000
139860  24.496  -5.028  28.976 0.0000000000
52799  22.269  -12.750  36.738 0.0000000000
52798  22.813  -12.346  36.487 0.0000000000
68180  30.678  0.939  23.276 0.0000000000
52824  18.221  -12.060  33.670 0.0000000000
52814  18.270  -12.608  34.082 0.0000000000
52815  17.697  -12.044  34.073 0.0000000000
54970  18.274  -10.693  33.431 0.0000000000
54969  18.883  -10.867  32.888 0.0000000000
53912  18.515  -11.571  33.264 0.0000000000
52823  18.896  -12.486  33.448 0.0000000000
61778  31.911  -4.073  24.177 0.0000000000
59480  36.735  -6.813  24.785 0.0000000000
59491  36.413  -6.536  23.959 0.0000000000
60609  37.630  -5.536  24.927 0.0000000000
79820  49.172  12.358  4.132 0.0000000000
79810  48.987  12.523  5.054 0.0000000000
80731  49.723  12.965  4.570 0.0000000000
80739  49.869  12.740  3.703 0.0000000000
79824  50.155  12.445  2.984 0.0000000000
145867  51.052  8.486  4.180 0.0000000000
75733  51.811  8.241  4.593 0.0000000000
44751  8.097  -19.407  49.942 0.0000000000
75694  42.863  8.142  7.654 0.0000000000
75686  42.342  8.346  8.153 0.0000000000
71567  41.672  4.992  9.812 0.0000000000
71550  42.165  4.354  10.275 0.0000000000
70395  41.783  3.800  10.821 0.0000000000
72597  37.586  4.816  12.930 0.0000000000
136934  38.021  5.017  12.241 0.0000000000
71526  37.786  4.275  12.445 0.0000000000
67176  41.402  0.412  13.211 0.0000000000
67175  42.093  0.584  13.442 0.0000000000
55027  31.100  -10.656  29.052 0.0000000000
55007  32.361  -10.636  29.976 0.0000000000
53962  32.082  -10.861  30.705 0.0000000000
76775  42.709  9.601  9.530 0.0000000000
76786  43.396  9.458  7.881 0.0000000000
142049  16.979  -14.016  37.910 0.0000000000
50644  17.476  -14.026  38.380 0.0000000000
48512  11.712  -16.558  43.862 0.0000000000
48501  12.271  -16.217  44.498 0.0000000000
48502  11.675  -16.717  44.758 0.0000000000
47283  10.950  -17.091  44.151 0.0000000000
132611  9.069  -13.669  43.013 0.0000000000
48492  7.147  -16.877  44.970 0.0000000000
145759  7.563  -17.390  44.603 0.0000000000
45992  8.347  -18.243  45.025 0.0000000000
45993  7.686  -18.279  45.347 0.0000000000
47270  7.070  -18.205  45.776 0.0000000000
48467  5.703  -17.411  47.879 0.0000000000
144991  5.045  -16.386  49.387 0.0000000000
59457  28.418  -6.336  27.269 0.0000000000
59472  28.946  -6.724  26.676 0.0000000000
58233  28.717  -7.233  26.276 0.0000000000
57270  28.889  -8.292  25.814 0.0000000000
57254  28.075  -8.189  26.212 0.0000000000
154531  25.949  -9.378  29.366 0.0000000000
55029  26.850  -9.929  29.452 0.0000000000
55009  26.975  -10.186  30.192 0.0000000000
139988  27.152  -10.364  30.909 0.0000000000
56028  26.304  -10.011  30.842 0.0000000000
55012  21.538  -10.028  30.440 0.0000000000
140693  22.325  -9.890  30.073 0.0000000000
153900  22.198  -10.471  30.446 0.0000000000
71578  46.859  4.746  8.905 0.0000000000
68220  31.601  1.360  18.373 0.0000000000
69254  32.160  1.792  17.888 0.0000000000
68229  31.926  1.068  17.740 0.0000000000
67131  32.764  0.649  16.735 0.0000000000
150939  32.531  0.158  17.100 0.0000000000
63856  33.260  -2.768  21.088 0.0000000000
154976  33.984  -2.390  21.054 0.0000000000
64904  37.298  -1.631  21.227 0.0000000000
145943  36.431  -1.880  20.123 0.0000000000
64921  37.291  -1.795  20.104 0.0000000000
63870  36.983  -2.022  19.285 0.0000000000
64920  38.312  -1.875  19.621 0.0000000000
81696  56.389  15.610  -1.516 0.0000000000
80765  56.242  14.703  -2.190 0.0000000000
77896  52.857  11.212  0.494 0.0000000000
78880  53.144  11.843  0.160 0.0000000000
157122  18.387  -9.234  34.454 0.0000000000
56004  17.743  -9.597  34.408 0.0000000000
55990  18.234  -8.835  35.214 0.0000000000
148908  18.812  -9.272  34.043 0.0000000000
74711  49.630  8.229  4.785 0.0000000000
152875  49.984  7.859  5.265 0.0000000000
73654  48.788  6.768  6.763 0.0000000000
73653  49.663  7.030  6.706 0.0000000000
59492  33.356  -6.074  23.923 0.0000000000
133510  34.646  -8.614  24.920 0.0000000000
58258  34.401  -7.708  23.896 0.0000000000
57279  34.899  -8.160  24.474 0.0000000000
58245  35.684  -7.866  24.780 0.0000000000
57263  36.015  -8.088  25.603 0.0000000000
77841  46.040  10.726  7.262 0.0000000000
78827  46.663  11.060  6.806 0.0000000000
78837  46.729  10.780  6.023 0.0000000000
76822  47.271  9.776  4.926 0.0000000000
78846  47.391  11.019  5.450 0.0000000000
76821  48.028  9.857  4.362 0.0000000000
75715  48.815  8.303  4.879 0.0000000000
44753  5.868  -20.282  50.036 0.0000000000
76769  41.770  9.123  10.854 0.0000000000
75673  41.372  8.415  9.415 0.0000000000
127703  41.176  8.618  10.272 0.0000000000
74644  40.003  7.628  11.064 0.0000000000
74655  40.258  7.462  10.347 0.0000000000
73616  40.094  6.710  10.155 0.0000000000
73617  39.691  6.409  10.564 0.0000000000
68267  37.220  1.630  12.925 0.0000000000
68281  37.606  2.231  12.530 0.0000000000
66028  38.796  -0.294  13.343 0.0000000000
67161  38.557  0.423  12.805 0.0000000000
67159  40.474  0.139  13.156 0.0000000000
66026  40.546  -0.498  13.886 0.0000000000
145142  41.286  -0.444  14.258 0.0000000000
66012  40.692  -0.916  14.643 0.0000000000
141346  40.253  -1.666  15.827 0.0000000000
64962  40.839  -1.271  15.416 0.0000000000
64955  40.939  -1.509  16.224 0.0000000000
64947  40.894  -1.665  17.151 0.0000000000
76768  42.530  9.556  10.572 0.0000000000
151177  14.456  -13.846  38.314 0.0000000000
127526  14.539  -14.243  38.866 0.0000000000
50625  13.436  -14.870  40.232 0.0000000000
50624  14.323  -14.756  40.335 0.0000000000
50614  14.769  -14.691  41.273 0.0000000000
49604  13.317  -15.413  41.711 0.0000000000
49605  12.479  -15.625  41.479 0.0000000000
50578  7.117  -14.587  46.485 0.0000000000
49562  7.132  -15.885  45.272 0.0000000000
49550  6.834  -15.530  46.114 0.0000000000
49537  6.648  -15.177  46.985 0.0000000000
49525  6.080  -15.188  48.426 0.0000000000
61733  27.108  -4.863  29.013 0.0000000000
60571  27.468  -5.339  28.339 0.0000000000
60589  27.911  -5.797  27.772 0.0000000000
60590  27.073  -5.611  27.635 0.0000000000
59475  26.609  -6.838  27.011 0.0000000000
60591  26.381  -6.031  27.371 0.0000000000
59461  24.635  -6.640  28.105 0.0000000000
58208  25.179  -7.421  27.936 0.0000000000
57225  24.706  -7.950  28.531 0.0000000000
52836  22.054  -12.254  32.651 0.0000000000
53929  22.809  -11.787  32.822 0.0000000000
127861  31.119  1.749  19.917 0.0000000000
68206  30.768  1.114  20.417 0.0000000000
148398  36.741  -2.760  22.517 0.0000000000
63850  36.165  -2.905  21.881 0.0000000000
63838  37.061  -2.781  22.886 0.0000000000
145196  38.049  -1.560  23.469 0.0000000000
64881  37.618  -1.909  22.894 0.0000000000
65943  37.876  -1.562  22.912 0.0000000000
45939  3.262  -19.660  48.777 0.0000000000
72574  38.512  5.676  14.998 0.0000000000
70363  36.746  3.135  13.793 0.0000000000
70349  36.528  3.201  14.522 0.0000000000
69288  35.422  2.164  14.834 0.0000000000
68253  35.927  1.953  14.244 0.0000000000
51791  20.565  -13.543  35.365 0.0000000000
51779  20.250  -13.665  35.963 0.0000000000
51792  19.713  -13.646  35.328 0.0000000000
51793  18.181  -13.451  35.448 0.0000000000
51795  17.448  -13.476  35.935 0.0000000000
50667  17.477  -13.792  36.750 0.0000000000
153830  16.860  -13.115  35.722 0.0000000000
54947  16.414  -10.119  35.062 0.0000000000
53884  16.610  -11.154  34.634 0.0000000000
53885  15.973  -11.183  35.138 0.0000000000
143602  15.479  -12.392  36.043 0.0000000000
51782  15.729  -13.130  36.523 0.0000000000
51783  14.904  -12.643  36.675 0.0000000000
150990  14.267  -12.418  37.069 0.0000000000
151972  13.287  -11.065  37.996 0.0000000000
52780  12.693  -12.723  38.513 0.0000000000
53842  12.719  -11.695  38.583 0.0000000000
60547  23.042  -5.144  30.577 0.0000000000
60536  23.046  -4.958  31.241 0.0000000000
59406  21.420  -6.862  31.442 0.0000000000
58185  21.220  -7.511  30.973 0.0000000000
57193  21.164  -8.137  30.641 0.0000000000
57194  20.809  -8.193  31.370 0.0000000000
131335  19.967  -10.472  31.910 0.0000000000
128004  20.033  -9.432  32.158 0.0000000000
53931  20.773  -12.033  32.048 0.0000000000
51816  19.663  -13.069  33.669 0.0000000000
52821  20.600  -13.003  33.228 0.0000000000
51815  20.335  -13.340  34.080 0.0000000000
51790  21.335  -13.298  35.373 0.0000000000
64861  30.707  -1.221  25.362 0.0000000000
64867  30.491  -1.227  24.521 0.0000000000
135749  30.460  -1.889  24.129 0.0000000000
150938  31.747  -3.958  22.833 0.0000000000
62785  31.229  -3.552  22.998 0.0000000000
145916  31.539  -3.542  22.339 0.0000000000
131291  32.093  -3.472  21.764 0.0000000000
59501  33.972  -6.220  23.384 0.0000000000
59511  34.470  -5.934  22.876 0.0000000000
60625  35.459  -5.559  22.702 0.0000000000
60635  34.420  -5.221  22.484 0.0000000000
60634  34.987  -4.999  22.308 0.0000000000
60633  35.737  -4.670  22.463 0.0000000000
61790  35.982  -3.738  22.322 0.0000000000
61776  37.752  -4.180  24.229 0.0000000000
154332  48.775  12.339  6.458 0.0000000000
81681  52.454  14.658  2.730 0.0000000000
81682  51.671  14.089  3.003 0.0000000000
78876  51.105  11.933  1.778 0.0000000000
154221  51.587  11.538  1.397 0.0000000000
78875  52.168  11.430  0.992 0.0000000000
76838  49.787  10.313  2.937 0.0000000000
77883  49.951  10.910  2.594 0.0000000000
75766  51.610  9.296  2.738 0.0000000000
76836  51.270  9.938  2.287 0.0000000000
76835  51.953  9.552  2.238 0.0000000000
76846  52.046  10.077  1.715 0.0000000000
75704  44.981  8.730  6.449 0.0000000000
74696  44.732  7.801  6.650 0.0000000000
142320  43.662  6.898  7.389 0.0000000000
73649  44.281  6.605  7.290 0.0000000000
72665  44.571  5.797  7.791 0.0000000000
74675  41.633  7.085  8.616 0.0000000000
74674  42.085  7.515  8.224 0.0000000000
71565  43.290  4.784  9.483 0.0000000000
71581  44.077  4.777  9.214 0.0000000000
71564  44.675  4.401  9.697 0.0000000000
71547  45.364  4.204  10.266 0.0000000000
136122  43.886  3.560  11.437 0.0000000000
143256  44.294  3.814  11.125 0.0000000000
74636  39.156  7.205  12.843 0.0000000000
73597  38.543  6.489  12.703 0.0000000000
72609  38.581  5.092  11.584 0.0000000000
72608  38.886  5.845  11.321 0.0000000000
125968  39.198  5.118  11.007 0.0000000000
142589  39.906  5.168  10.561 0.0000000000
71553  39.684  4.463  10.957 0.0000000000
69313  38.371  2.001  12.138 0.0000000000
145494  38.608  2.831  11.829 0.0000000000
68287  39.322  2.174  11.800 0.0000000000
68278  41.213  1.735  12.107 0.0000000000
69324  40.055  2.694  11.535 0.0000000000
69323  40.878  2.534  11.588 0.0000000000
70384  40.564  3.227  11.269 0.0000000000
70382  42.219  3.241  11.353 0.0000000000
55055  32.182  -9.972  26.799 0.0000000000
55054  32.804  -10.044  27.513 0.0000000000
55024  33.422  -10.289  29.861 0.0000000000
55037  33.942  -9.968  29.204 0.0000000000
146290  45.959  10.815  7.995 0.0000000000
77836  44.753  10.341  8.023 0.0000000000
76795  43.852  9.169  7.246 0.0000000000
76794  44.449  9.366  6.919 0.0000000000
51767  20.068  -13.684  37.555 0.0000000000
51756  20.631  -13.458  38.210 0.0000000000
51757  19.793  -13.680  38.400 0.0000000000
50623  16.549  -14.106  40.017 0.0000000000
49572  13.513  -15.257  44.318 0.0000000000
53832  11.935  -11.743  39.824 0.0000000000
53797  10.498  -11.906  42.373 0.0000000000
52750  10.729  -12.767  40.972 0.0000000000
51742  10.381  -13.447  41.076 0.0000000000
50607  9.094  -15.003  42.285 0.0000000000
49596  9.583  -15.628  42.025 0.0000000000
50591  8.043  -14.768  44.182 0.0000000000
50599  8.125  -15.458  43.567 0.0000000000
47297  8.723  -17.390  43.811 0.0000000000
47296  9.504  -17.257  43.557 0.0000000000
143867  10.478  -17.452  44.687 0.0000000000
47285  9.820  -17.749  44.788 0.0000000000
45975  9.013  -18.543  46.134 0.0000000000
47268  9.631  -18.055  45.625 0.0000000000
47250  9.811  -18.211  46.621 0.0000000000
44772  7.852  -19.280  47.192 0.0000000000
44766  7.935  -19.506  47.876 0.0000000000
44758  8.006  -19.604  48.723 0.0000000000
48481  6.390  -17.182  46.419 0.0000000000
47231  6.105  -17.822  47.079 0.0000000000
45962  5.959  -19.325  47.852 0.0000000000
44768  6.424  -19.902  48.235 0.0000000000
43825  6.118  -20.174  48.875 0.0000000000
44761  5.097  -19.822  48.980 0.0000000000
129831  5.208  -16.005  50.019 0.0000000000
48421  4.606  -16.240  49.806 0.0000000000
48422  4.396  -16.586  49.737 0.0000000000
154820  3.696  -17.740  49.102 0.0000000000
58247  30.193  -7.601  25.573 0.0000000000
57268  30.530  -8.246  25.136 0.0000000000
58246  31.114  -7.729  25.040 0.0000000000
56120  30.192  -8.951  25.465 0.0000000000
55074  29.663  -10.082  26.760 0.0000000000
55040  30.658  -10.575  28.223 0.0000000000
55041  29.753  -10.575  28.239 0.0000000000
57240  26.721  -8.476  27.258 0.0000000000
56108  27.354  -9.008  27.027 0.0000000000
155866  27.960  -10.463  29.127 0.0000000000
141343  28.085  -10.358  28.492 0.0000000000
55042  28.563  -10.585  29.056 0.0000000000
53989  29.358  -10.694  29.032 0.0000000000
53964  29.896  -11.052  30.778 0.0000000000
53965  29.170  -10.906  30.535 0.0000000000
60561  22.912  -6.024  29.443 0.0000000000
59431  22.644  -6.836  29.337 0.0000000000
56061  23.823  -8.967  29.563 0.0000000000
57213  23.373  -8.336  29.124 0.0000000000
56060  24.668  -9.093  29.792 0.0000000000
53928  23.481  -11.166  32.959 0.0000000000
53946  23.632  -10.766  32.350 0.0000000000
152926  24.044  -10.522  32.968 0.0000000000
56010  25.544  -10.076  33.253 0.0000000000
56019  25.093  -9.865  32.487 0.0000000000
56018  25.739  -9.918  32.412 0.0000000000
73646  46.895  6.332  7.071 0.0000000000
70318  34.590  3.056  16.842 0.0000000000
69262  34.070  2.390  16.298 0.0000000000
66004  33.981  0.008  15.667 0.0000000000
67139  33.913  0.637  15.602 0.0000000000
66003  34.616  -0.362  15.319 0.0000000000
66018  35.087  0.005  14.736 0.0000000000
137290  30.302  -1.000  22.764 0.0000000000
139785  30.357  -0.264  22.387 0.0000000000
64897  30.388  -1.219  21.958 0.0000000000
64910  32.055  -2.021  19.980 0.0000000000
127246  30.712  -1.010  20.204 0.0000000000
64927  31.241  -1.218  19.550 0.0000000000
65967  31.190  -0.396  18.989 0.0000000000
64896  35.496  -2.377  21.207 0.0000000000
64907  34.964  -2.347  20.828 0.0000000000
64937  34.182  -1.872  19.217 0.0000000000
64938  33.433  -1.605  18.353 0.0000000000
63881  34.196  -1.793  18.061 0.0000000000
64949  33.632  -1.393  17.453 0.0000000000
128356  34.266  -1.661  17.242 0.0000000000
138098  36.825  -2.426  17.351 0.0000000000
63899  36.203  -2.275  16.804 0.0000000000
63898  37.088  -2.332  16.555 0.0000000000
63912  36.577  -2.022  15.914 0.0000000000
140771  37.918  -2.280  16.389 0.0000000000
63886  38.432  -2.351  17.055 0.0000000000
152156  39.745  -1.918  18.634 0.0000000000
56089  34.395  -9.430  26.928 0.0000000000
56088  35.242  -9.084  27.193 0.0000000000
57221  36.707  -8.293  28.392 0.0000000000
57239  35.917  -8.671  27.332 0.0000000000
57238  36.567  -8.207  27.532 0.0000000000
57237  37.191  -7.736  27.944 0.0000000000
58206  38.185  -6.611  28.082 0.0000000000
59436  38.629  -5.811  27.749 0.0000000000
80764  56.828  14.508  -2.786 0.0000000000
80771  57.451  14.338  -3.343 0.0000000000
79857  57.588  13.423  -3.820 0.0000000000
80746  52.523  13.951  1.376 0.0000000000
80752  54.604  13.976  -0.795 0.0000000000
77911  56.705  10.407  -1.571 0.0000000000
79840  55.288  12.762  -1.809 0.0000000000
151360  55.794  11.992  -2.124 0.0000000000
143786  56.409  11.831  -2.527 0.0000000000
74704  48.386  7.777  5.525 0.0000000000
57281  33.076  -8.342  24.289 0.0000000000
57280  33.982  -8.390  24.365 0.0000000000
57253  34.837  -8.871  25.585 0.0000000000
77850  45.771  10.007  6.270 0.0000000000
136797  46.302  10.293  5.971 0.0000000000
77860  46.185  9.765  5.763 0.0000000000
75737  47.672  9.137  4.797 0.0000000000
75716  48.045  8.460  5.016 0.0000000000
75663  41.029  8.704  11.150 0.0000000000
75655  40.968  8.684  11.917 0.0000000000
75656  40.381  8.208  11.568 0.0000000000
75657  39.846  7.702  11.690 0.0000000000
67162  37.661  0.832  12.836 0.0000000000
66014  39.037  -0.931  13.993 0.0000000000
66013  39.901  -0.973  14.285 0.0000000000
64974  39.278  -1.471  14.709 0.0000000000
64963  39.480  -1.797  15.524 0.0000000000
141003  13.011  -14.612  39.620 0.0000000000
49617  12.986  -15.279  40.856 0.0000000000
49619  11.352  -15.207  40.771 0.0000000000
50568  6.866  -14.270  47.343 0.0000000000
61734  26.255  -4.783  28.713 0.0000000000
60592  25.634  -5.969  27.651 0.0000000000
60573  25.329  -5.503  28.070 0.0000000000
60593  24.940  -6.005  27.958 0.0000000000
60574  24.286  -6.010  28.361 0.0000000000
51801  21.776  -13.026  34.555 0.0000000000
51800  22.665  -12.503  35.121 0.0000000000
52807  22.427  -12.667  35.958 0.0000000000
67084  30.520  0.516  21.813 0.0000000000
63822  37.740  -2.488  24.151 0.0000000000
140156  37.636  -2.046  23.787 0.0000000000
64866  38.117  -1.807  24.362 0.0000000000
70333  36.383  3.261  15.409 0.0000000000
137124  35.002  2.284  15.350 0.0000000000
51803  19.607  -13.395  34.463 0.0000000000
51805  18.240  -13.066  34.718 0.0000000000
54948  15.680  -10.372  35.605 0.0000000000
54933  15.112  -10.574  36.030 0.0000000000
53869  14.716  -11.187  36.275 0.0000000000
52792  14.415  -11.833  36.672 0.0000000000
59391  21.167  -6.989  32.240 0.0000000000
56002  19.244  -9.287  33.456 0.0000000000
57185  19.661  -9.206  32.939 0.0000000000
54980  19.568  -11.107  32.343 0.0000000000
53932  19.977  -11.978  32.334 0.0000000000
62774  30.757  -2.707  24.204 0.0000000000
62773  31.406  -3.417  24.665 0.0000000000
61786  31.761  -4.029  23.403 0.0000000000
61795  32.232  -4.400  23.007 0.0000000000
59499  35.088  -6.330  22.996 0.0000000000
59498  35.941  -6.112  23.249 0.0000000000
60617  36.705  -5.718  23.657 0.0000000000
60623  36.886  -4.935  23.390 0.0000000000
60616  37.379  -5.118  24.091 0.0000000000
60608  38.101  -4.989  25.327 0.0000000000
80725  49.709  13.086  5.498 0.0000000000
80743  51.083  13.367  2.796 0.0000000000
80744  50.693  12.785  2.668 0.0000000000
78877  50.587  12.204  2.370 0.0000000000
78869  50.572  11.446  2.211 0.0000000000
75751  51.335  8.926  3.386 0.0000000000
139189  52.010  8.876  3.118 0.0000000000
75750  52.747  8.684  3.114 0.0000000000
129958  52.888  8.418  3.836 0.0000000000
75693  43.420  8.476  7.334 0.0000000000
74684  43.247  7.531  7.424 0.0000000000
73650  43.115  6.761  7.711 0.0000000000
72647  41.820  6.189  8.819 0.0000000000
71549  43.021  4.339  10.185 0.0000000000
70381  43.141  3.345  11.509 0.0000000000
68279  39.709  1.412  12.118 0.0000000000
130643  40.442  1.329  12.217 0.0000000000
69312  42.192  1.992  12.283 0.0000000000
55039  31.660  -10.465  28.251 0.0000000000
147691  32.615  -10.308  28.534 0.0000000000
55025  32.766  -10.432  29.436 0.0000000000
156146  32.884  -10.496  29.964 0.0000000000
76767  43.293  9.932  10.445 0.0000000000
138945  44.099  10.317  9.379 0.0000000000
76773  44.027  10.176  8.406 0.0000000000
51758  18.942  -13.843  38.619 0.0000000000
50633  18.124  -13.951  38.923 0.0000000000
154254  12.510  -15.978  43.092 0.0000000000
49573  12.865  -15.756  44.338 0.0000000000
49561  12.664  -15.856  45.016 0.0000000000
48479  12.092  -16.120  46.139 0.0000000000
47248  11.029  -17.213  45.955 0.0000000000
51716  9.574  -13.296  42.412 0.0000000000
51729  9.831  -13.884  41.537 0.0000000000
51717  9.264  -14.165  42.260 0.0000000000
49585  7.872  -16.172  43.834 0.0000000000
48503  7.648  -16.828  44.235 0.0000000000
47286  8.039  -17.442  44.166 0.0000000000
46009  8.537  -17.850  44.425 0.0000000000
45991  9.073  -18.105  44.853 0.0000000000
44777  8.254  -18.931  46.573 0.0000000000
44778  7.406  -19.096  46.757 0.0000000000
45948  5.371  -19.141  48.356 0.0000000000
148991  3.595  -16.957  49.289 0.0000000000
58232  29.508  -7.127  26.127 0.0000000000
55075  28.831  -9.862  26.840 0.0000000000
57223  26.251  -8.615  27.791 0.0000000000
55044  26.787  -9.633  28.649 0.0000000000
150737  27.529  -10.342  29.597 0.0000000000
53966  28.426  -10.722  30.392 0.0000000000
54989  27.895  -10.630  30.984 0.0000000000
57215  21.935  -8.136  29.691 0.0000000000
57214  22.542  -8.194  29.350 0.0000000000
56063  22.109  -8.750  29.661 0.0000000000
56044  23.260  -9.578  29.961 0.0000000000
54956  24.726  -10.514  34.260 0.0000000000
54967  24.791  -10.187  33.340 0.0000000000
134160  25.299  -10.516  34.939 0.0000000000
72663  46.519  5.715  7.640 0.0000000000
72662  47.415  5.859  7.613 0.0000000000
72642  47.082  5.267  8.228 0.0000000000
151038  32.576  2.599  18.197 0.0000000000
69253  32.700  2.146  17.433 0.0000000000
69263  33.268  2.071  16.741 0.0000000000
68236  33.182  1.241  16.369 0.0000000000
67130  33.393  0.473  16.115 0.0000000000
65993  33.593  -0.380  16.268 0.0000000000
63858  31.294  -2.415  21.170 0.0000000000
63859  30.698  -1.873  21.401 0.0000000000
63865  31.800  -2.367  20.629 0.0000000000
64905  36.349  -2.093  21.218 0.0000000000
64923  35.385  -2.150  20.718 0.0000000000
64922  35.969  -2.044  20.791 0.0000000000
64935  35.774  -1.912  20.037 0.0000000000
63879  35.616  -2.019  18.905 0.0000000000
152876  35.408  -2.132  18.058 0.0000000000
63878  37.111  -2.338  18.250 0.0000000000
63877  38.101  -2.371  17.945 0.0000000000
136891  35.223  -9.351  28.678 0.0000000000
56073  35.597  -9.030  27.975 0.0000000000
56072  36.066  -8.841  28.812 0.0000000000
57211  36.822  -8.387  29.267 0.0000000000
57210  37.454  -7.941  29.644 0.0000000000
80750  53.309  13.511  0.370 0.0000000000
79831  53.141  12.633  0.253 0.0000000000
78885  53.634  12.191  -0.238 0.0000000000
78884  54.237  11.676  -0.649 0.0000000000
77901  56.556  9.862  -0.887 0.0000000000
77921  56.917  10.930  -2.323 0.0000000000
125997  57.513  10.232  -1.859 0.0000000000
54958  17.669  -10.501  33.910 0.0000000000
57176  19.687  -8.779  33.563 0.0000000000
74702  50.605  7.798  5.493 0.0000000000
74690  50.753  7.533  6.270 0.0000000000
155578  50.205  7.308  6.489 0.0000000000
60619  33.048  -5.236  23.778 0.0000000000
58270  34.800  -7.076  23.462 0.0000000000
58256  36.069  -7.259  24.322 0.0000000000
58243  36.937  -7.071  25.488 0.0000000000
78826  47.379  11.516  7.174 0.0000000000
78845  47.931  11.682  5.613 0.0000000000
145687  48.422  11.965  5.120 0.0000000000
78863  48.778  11.554  3.887 0.0000000000
78862  49.356  11.308  3.146 0.0000000000
77878  48.851  10.801  3.493 0.0000000000
77877  49.236  10.058  3.368 0.0000000000
76820  48.793  9.505  3.938 0.0000000000
75753  49.611  9.276  3.714 0.0000000000
75734  50.059  8.627  4.190 0.0000000000
44760  6.638  -20.128  49.682 0.0000000000
75672  42.000  8.905  8.932 0.0000000000
74662  41.127  7.566  9.171 0.0000000000
72632  40.608  6.213  9.716 0.0000000000
137872  40.734  5.272  10.071 0.0000000000
70362  37.146  3.553  13.257 0.0000000000
70374  37.536  3.720  12.650 0.0000000000
69314  37.498  3.046  12.610 0.0000000000
67179  38.420  1.177  12.432 0.0000000000
67178  39.195  0.874  12.421 0.0000000000
67177  40.047  0.756  12.505 0.0000000000
67158  41.758  0.073  13.854 0.0000000000
66001  42.115  -0.586  15.489 0.0000000000
64961  41.537  -1.074  15.844 0.0000000000
65992  42.195  -0.814  16.284 0.0000000000
53963  31.263  -11.023  30.874 0.0000000000
53941  32.198  -11.107  32.113 0.0000000000
50659  15.570  -13.794  37.789 0.0000000000
50645  16.691  -14.092  38.502 0.0000000000
50646  15.880  -14.094  38.437 0.0000000000
50636  15.378  -14.293  39.040 0.0000000000
129997  15.702  -14.368  39.838 0.0000000000
49594  13.632  -15.341  42.653 0.0000000000
48524  12.705  -15.791  42.436 0.0000000000
48525  11.788  -16.281  42.818 0.0000000000
50585  7.853  -14.462  45.119 0.0000000000
50592  7.566  -15.285  44.785 0.0000000000
48493  6.812  -17.475  45.693 0.0000000000
48438  5.560  -15.858  48.953 0.0000000000
154319  27.631  -7.826  26.443 0.0000000000
59474  27.422  -6.794  26.782 0.0000000000
57256  26.613  -7.708  27.041 0.0000000000
59459  25.955  -6.534  27.389 0.0000000000
57241  26.016  -7.969  27.553 0.0000000000
56077  25.530  -8.854  28.784 0.0000000000
53948  22.095  -11.473  31.353 0.0000000000
53967  22.568  -10.887  30.896 0.0000000000
157377  23.083  -11.344  32.365 0.0000000000
52820  23.285  -11.867  34.631 0.0000000000
53898  23.881  -11.368  35.209 0.0000000000
54957  23.937  -11.098  34.413 0.0000000000
71562  46.636  4.441  9.662 0.0000000000
68213  31.322  1.579  19.111 0.0000000000
67114  31.509  0.652  18.235 0.0000000000
62812  34.857  -2.591  21.519 0.0000000000
63854  35.641  -2.488  21.470 0.0000000000
64895  36.144  -2.613  21.586 0.0000000000
64882  37.221  -2.442  22.568 0.0000000000
64883  36.736  -2.557  21.930 0.0000000000
132457  36.890  -2.236  21.717 0.0000000000
150603  36.934  -1.923  21.429 0.0000000000
76844  53.584  9.582  1.104 0.0000000000
131259  54.034  10.320  0.131 0.0000000000
44755  4.304  -20.509  49.640 0.0000000000
73588  39.387  7.082  14.184 0.0000000000
147618  38.190  5.984  13.847 0.0000000000
72586  37.646  5.142  13.637 0.0000000000
71516  37.328  4.387  13.629 0.0000000000
71507  37.343  4.351  14.492 0.0000000000
68268  36.510  1.679  13.568 0.0000000000
67147  36.428  0.782  13.675 0.0000000000
132322  36.471  -0.042  13.880 0.0000000000
130727  36.665  -0.786  14.243 0.0000000000
52800  21.492  -13.235  36.972 0.0000000000
153143  20.918  -13.498  36.818 0.0000000000
51766  20.337  -13.657  36.729 0.0000000000
153271  19.633  -13.785  36.963 0.0000000000
127767  18.920  -13.701  35.788 0.0000000000
133945  18.963  -13.832  36.663 0.0000000000
51780  18.264  -13.930  37.146 0.0000000000
50657  17.550  -13.976  37.580 0.0000000000
50658  16.834  -13.835  37.267 0.0000000000
53899  17.249  -11.264  34.132 0.0000000000
142446  17.046  -12.109  34.615 0.0000000000
52808  16.638  -12.532  35.291 0.0000000000
52801  15.965  -12.084  35.465 0.0000000000
51770  16.061  -13.601  37.170 0.0000000000
50660  14.827  -13.607  37.813 0.0000000000
51759  14.114  -13.381  37.959 0.0000000000
52793  13.843  -12.689  37.571 0.0000000000
51760  13.362  -13.138  38.149 0.0000000000
61712  24.257  -4.736  29.692 0.0000000000
61713  23.591  -4.911  30.101 0.0000000000
137249  23.110  -5.399  29.904 0.0000000000
59432  22.140  -6.635  30.021 0.0000000000
59420  21.956  -6.156  31.024 0.0000000000
153235  21.612  -7.610  30.189 0.0000000000
57202  21.492  -8.588  30.127 0.0000000000
56046  21.291  -9.285  30.393 0.0000000000
57184  20.074  -8.502  32.916 0.0000000000
127201  20.397  -8.602  32.029 0.0000000000
127229  20.530  -9.113  31.385 0.0000000000
54993  20.975  -10.512  30.961 0.0000000000
52849  21.617  -11.972  31.969 0.0000000000
51813  21.719  -12.808  33.417 0.0000000000
52838  20.460  -12.476  32.585 0.0000000000
51777  21.757  -13.105  36.106 0.0000000000
135901  30.529  0.236  23.782 0.0000000000
65920  30.438  -0.496  24.139 0.0000000000
64877  30.346  -1.288  23.564 0.0000000000
64884  30.407  -1.711  22.762 0.0000000000
62786  30.741  -2.954  23.255 0.0000000000
138619  30.574  -2.398  22.794 0.0000000000
62816  30.920  -2.473  21.768 0.0000000000
62815  31.421  -2.993  21.731 0.0000000000
128701  32.732  -3.242  21.429 0.0000000000
62813  33.431  -3.292  21.541 0.0000000000
60627  32.873  -4.862  23.146 0.0000000000
61794  32.719  -4.541  22.706 0.0000000000
61793  33.767  -4.757  22.344 0.0000000000
61803  33.054  -4.376  22.291 0.0000000000
61802  33.601  -4.019  21.933 0.0000000000
61801  34.201  -3.416  21.758 0.0000000000
142469  35.574  -3.419  22.124 0.0000000000
62784  36.567  -3.215  22.628 0.0000000000
62783  37.019  -3.333  23.207 0.0000000000
61783  37.257  -4.204  23.550 0.0000000000
62772  37.506  -3.312  23.850 0.0000000000
148253  51.564  13.556  2.300 0.0000000000
80747  51.931  13.324  1.626 0.0000000000
77888  52.505  10.585  1.054 0.0000000000
77882  50.776  10.669  2.183 0.0000000000
76845  52.896  9.820  1.344 0.0000000000
75703  45.747  8.484  6.083 0.0000000000
74695  46.035  7.701  6.242 0.0000000000
73658  44.703  7.060  6.945 0.0000000000
72664  45.577  5.696  7.695 0.0000000000
71579  45.532  4.746  8.787 0.0000000000
73635  43.175  6.020  8.155 0.0000000000
72646  42.596  5.759  8.669 0.0000000000
134464  43.850  5.680  8.154 0.0000000000
128837  44.322  5.205  8.500 0.0000000000
71580  44.858  4.725  8.942 0.0000000000
133765  45.957  4.354  9.747 0.0000000000
71535  45.784  4.040  11.065 0.0000000000
70392  44.976  3.909  11.098 0.0000000000
74635  39.502  7.528  12.216 0.0000000000
74645  39.408  7.165  11.510 0.0000000000
73607  38.839  6.538  11.778 0.0000000000
73606  39.285  6.501  11.081 0.0000000000
70373  38.051  3.505  12.142 0.0000000000
70386  38.777  3.643  11.634 0.0000000000
70385  39.479  3.786  11.305 0.0000000000
70397  40.176  3.846  11.051 0.0000000000
70396  40.946  3.819  10.888 0.0000000000
69320  43.251  2.839  12.121 0.0000000000
69311  42.965  2.273  12.471 0.0000000000
56118  32.396  -9.351  25.337 0.0000000000
56117  33.361  -9.312  25.430 0.0000000000
56091  32.851  -9.717  26.334 0.0000000000
56090  33.556  -9.739  27.087 0.0000000000
56075  34.044  -9.707  27.734 0.0000000000
55038  33.517  -9.993  28.324 0.0000000000
56074  34.396  -9.691  28.528 0.0000000000
77842  45.516  10.271  6.884 0.0000000000
77843  44.842  10.044  7.223 0.0000000000
51747  19.543  -13.676  39.255 0.0000000000
50634  17.218  -14.015  39.288 0.0000000000
53831  12.406  -11.299  39.374 0.0000000000
52766  11.722  -12.550  39.672 0.0000000000
52735  11.186  -11.939  40.923 0.0000000000
52749  11.234  -12.718  40.291 0.0000000000
50627  11.028  -14.543  40.420 0.0000000000
49620  10.625  -14.971  40.938 0.0000000000
153968  10.082  -14.658  41.229 0.0000000000
49607  10.895  -15.618  41.311 0.0000000000
48539  10.363  -16.012  41.828 0.0000000000
48526  10.621  -16.527  42.587 0.0000000000
148027  8.636  -15.370  42.843 0.0000000000
49584  8.401  -16.171  43.204 0.0000000000
48528  9.118  -16.126  42.620 0.0000000000
47310  9.704  -16.754  42.874 0.0000000000
47295  10.336  -17.029  43.403 0.0000000000
47249  10.422  -17.706  46.237 0.0000000000
48480  10.957  -17.284  46.695 0.0000000000
142657  9.217  -18.804  47.768 0.0000000000
157682  8.032  -19.558  49.307 0.0000000000
44759  7.433  -19.859  49.295 0.0000000000
45977  6.921  -18.714  46.465 0.0000000000
44779  6.855  -19.204  46.996 0.0000000000
155376  6.863  -19.762  47.858 0.0000000000
43820  6.173  -20.244  49.361 0.0000000000
44762  5.084  -20.333  49.743 0.0000000000
154403  4.371  -16.726  49.795 0.0000000000
45926  3.651  -18.934  48.846 0.0000000000
59493  32.749  -6.879  24.462 0.0000000000
57283  31.441  -8.391  24.823 0.0000000000
56119  31.555  -9.194  25.209 0.0000000000
55072  31.416  -10.066  26.673 0.0000000000
56106  29.987  -9.612  26.091 0.0000000000
55073  30.528  -10.111  26.667 0.0000000000
55056  31.054  -10.390  27.420 0.0000000000
53976  30.634  -10.807  29.654 0.0000000000
150635  27.848  -8.811  26.555 0.0000000000
141826  28.058  -9.460  26.915 0.0000000000
55059  27.500  -9.899  28.119 0.0000000000
55076  28.283  -10.092  27.619 0.0000000000
135764  30.596  -10.967  30.379 0.0000000000
146803  30.532  -11.140  31.155 0.0000000000
59441  23.911  -6.617  28.493 0.0000000000
58210  23.628  -7.202  28.666 0.0000000000
58201  23.026  -7.529  29.023 0.0000000000
57226  23.863  -7.821  28.756 0.0000000000
129596  25.269  -9.268  29.893 0.0000000000
56041  25.679  -9.636  30.308 0.0000000000
54992  23.299  -10.572  31.065 0.0000000000
54991  23.810  -10.362  31.690 0.0000000000
55010  23.897  -9.922  30.886 0.0000000000
56020  24.566  -9.874  31.711 0.0000000000
56043  24.710  -9.706  31.003 0.0000000000
56029  25.607  -9.826  31.012 0.0000000000
54990  26.737  -10.139  31.606 0.0000000000
73655  47.383  6.914  6.513 0.0000000000
148623  48.086  6.654  6.821 0.0000000000
72661  48.390  6.164  7.525 0.0000000000
71545  47.538  4.657  9.589 0.0000000000
70317  35.495  3.221  16.506 0.0000000000
69261  34.859  2.649  16.005 0.0000000000
68241  34.869  1.642  15.012 0.0000000000
69272  33.756  1.666  15.982 0.0000000000
68242  34.241  1.181  15.383 0.0000000000
67149  34.932  0.862  14.791 0.0000000000
66017  35.893  -0.420  14.421 0.0000000000
155653  36.792  -1.231  14.560 0.0000000000
67075  30.436  0.204  23.053 0.0000000000
67093  30.519  0.386  20.890 0.0000000000
133682  30.504  -1.126  20.962 0.0000000000
65953  30.524  -0.381  20.515 0.0000000000
67101  30.650  0.328  20.043 0.0000000000
67107  30.938  0.270  19.283 0.0000000000
67115  31.247  0.246  18.692 0.0000000000
65976  31.627  -0.128  18.235 0.0000000000
63863  33.745  -2.375  20.840 0.0000000000
64909  33.234  -2.216  20.307 0.0000000000
64926  32.808  -1.858  19.554 0.0000000000
64924  34.636  -2.089  20.432 0.0000000000
64925  33.743  -2.028  19.969 0.0000000000
64939  32.576  -1.406  18.635 0.0000000000
65975  32.224  -0.682  17.999 0.0000000000
65985  32.147  -0.014  17.589 0.0000000000
65983  33.248  -0.766  16.963 0.0000000000
64967  34.590  -1.227  16.114 0.0000000000
157700  35.125  -2.039  17.007 0.0000000000
63900  35.448  -1.981  16.608 0.0000000000
64966  35.228  -1.511  15.890 0.0000000000
127885  36.005  -1.567  15.407 0.0000000000
64965  36.880  -1.634  15.054 0.0000000000
63910  37.810  -1.775  15.035 0.0000000000
149150  38.127  -2.057  15.686 0.0000000000
63897  38.811  -2.137  16.156 0.0000000000
64956  39.700  -1.936  16.356 0.0000000000
125539  38.833  -2.290  17.663 0.0000000000
64948  40.024  -1.957  17.125 0.0000000000
56103  34.263  -9.273  25.934 0.0000000000
141138  35.599  -8.749  26.698 0.0000000000
57252  35.533  -8.616  26.000 0.0000000000
58231  36.678  -7.589  25.985 0.0000000000
58230  37.295  -6.971  26.154 0.0000000000
58194  37.971  -7.554  29.879 0.0000000000
58207  37.748  -7.268  28.422 0.0000000000
128765  37.636  -7.073  27.588 0.0000000000
59452  37.573  -6.834  26.863 0.0000000000
59467  37.855  -6.188  26.345 0.0000000000
60600  38.372  -5.219  26.193 0.0000000000
81689  54.446  15.065  0.408 0.0000000000
81693  54.638  14.701  -0.292 0.0000000000
80756  55.103  13.973  -1.461 0.0000000000
77903  54.431  10.684  -0.402 0.0000000000
78883  54.923  11.095  -1.029 0.0000000000
138604  54.757  12.174  -1.217 0.0000000000
80755  55.683  13.812  -2.114 0.0000000000
126009  57.191  11.610  -3.111 0.0000000000
78896  57.250  12.593  -3.604 0.0000000000
51802  20.891  -13.400  34.654 0.0000000000
52835  22.497  -12.254  33.305 0.0000000000
53819  12.251  -11.061  40.177 0.0000000000
53945  28.612  -10.832  31.142 0.0000000000
53961  32.590  -10.863  31.413 0.0000000000
55028  28.189  -10.593  29.693 0.0000000000
56030  20.891  -9.640  30.831 0.0000000000
56107  29.284  -9.579  26.310 0.0000000000
57271  28.558  -7.744  26.041 0.0000000000
58200  37.851  -7.423  29.216 0.0000000000
58234  27.953  -7.418  26.389 0.0000000000
58235  27.239  -7.467  26.674 0.0000000000
60537  22.567  -5.422  31.118 0.0000000000
60572  26.111  -5.320  27.964 0.0000000000
60575  23.627  -5.983  28.810 0.0000000000
60602  27.014  -6.226  27.088 0.0000000000
60637  33.301  -4.900  22.727 0.0000000000
61699  23.646  -4.670  30.963 0.0000000000
61735  25.346  -4.923  28.598 0.0000000000
61800  34.890  -3.241  21.936 0.0000000000
62799  36.170  -3.102  22.178 0.0000000000
63889  35.529  -2.179  17.319 0.0000000000
63890  34.869  -1.977  17.551 0.0000000000
64876  37.444  -2.148  23.190 0.0000000000
64957  34.765  -1.707  16.685 0.0000000000
64977  36.238  -1.140  14.729 0.0000000000
65984  32.646  -0.408  17.321 0.0000000000
67123  32.273  0.626  17.327 0.0000000000
68221  31.199  0.867  18.852 0.0000000000
72630  42.780  5.183  9.131 0.0000000000
125504  25.046  -8.487  28.779 0.0000000000
125941  39.518  -2.110  17.808 0.0000000000
128347  34.776  -0.968  15.609 0.0000000000
139205  38.344  -5.747  26.923 0.0000000000
140135  51.848  7.933  6.074 0.0000000000
142017  31.811  -11.083  31.448 0.0000000000
144029  22.416  -9.305  29.748 0.0000000000
146934  31.564  -11.247  32.018 0.0000000000
147284  32.250  -10.281  27.933 0.0000000000
151280  37.464  4.769  14.076 0.0000000000
153207  30.725  1.124  21.852 0.0000000000
154057  20.503  -10.792  31.429 0.0000000000
155147  34.585  -3.752  22.004 0.0000000000
157271  36.905  -2.949  22.923 0.0000000000
