#!ascii label  , from subject NIHPD_75_135 vox2ras=TkReg
1291
131180  11.341  -2.209  53.042 0.0000000000
52811  6.382  -13.217  36.028 0.0000000000
55844  4.260  -9.740  50.854 0.0000000000
62629  5.363  -3.235  46.709 0.0000000000
134150  4.302  -1.430  36.961 0.0000000000
60282  7.093  -5.019  53.463 0.0000000000
157374  5.499  -2.616  51.724 0.0000000000
59161  13.589  -5.274  52.437 0.0000000000
56960  9.781  -7.845  52.650 0.0000000000
52571  6.093  -11.371  51.885 0.0000000000
135516  3.426  2.593  45.537 0.0000000000
62658  4.610  -2.437  41.093 0.0000000000
71190  4.899  3.882  41.715 0.0000000000
131752  2.887  -12.514  47.484 0.0000000000
57067  4.518  -10.259  44.762 0.0000000000
59193  4.686  -7.427  49.418 0.0000000000
140790  3.939  0.551  48.865 0.0000000000
58122  7.643  -8.067  41.379 0.0000000000
60468  9.528  -6.066  35.879 0.0000000000
60538  4.979  -4.733  31.755 0.0000000000
66970  7.212  0.610  32.819 0.0000000000
63563  8.866  -2.881  53.523 0.0000000000
65665  7.887  -1.699  52.785 0.0000000000
61459  12.782  -3.873  53.627 0.0000000000
148400  11.910  -6.393  52.637 0.0000000000
60278  10.301  -4.959  53.640 0.0000000000
156679  8.110  -6.527  53.573 0.0000000000
145046  3.896  3.912  43.286 0.0000000000
53707  3.545  -11.385  49.903 0.0000000000
55854  3.724  -10.678  48.783 0.0000000000
58045  4.454  -8.196  50.905 0.0000000000
66738  5.364  -0.076  50.070 0.0000000000
64661  4.989  -0.642  49.984 0.0000000000
53644  5.192  -10.672  51.858 0.0000000000
134562  4.922  -12.585  50.985 0.0000000000
52601  3.925  -11.476  50.258 0.0000000000
132569  3.138  -13.767  48.848 0.0000000000
58085  5.846  -7.861  46.107 0.0000000000
57079  5.382  -9.430  42.723 0.0000000000
130640  7.717  -5.729  44.188 0.0000000000
63704  4.425  -2.186  39.197 0.0000000000
140047  6.595  -3.906  38.803 0.0000000000
61625  5.977  -3.769  36.643 0.0000000000
60508  7.748  -5.404  33.163 0.0000000000
62698  4.562  -3.275  34.466 0.0000000000
58024  5.526  -7.460  52.470 0.0000000000
60301  5.141  -6.094  51.621 0.0000000000
63577  6.129  -3.338  52.647 0.0000000000
66716  6.524  -0.787  51.707 0.0000000000
58036  14.602  -5.973  50.645 0.0000000000
138155  13.616  -7.398  48.635 0.0000000000
56978  12.674  -7.387  51.254 0.0000000000
55846  10.347  -8.616  51.681 0.0000000000
146917  7.673  -9.865  52.443 0.0000000000
55833  6.550  -8.994  52.743 0.0000000000
155595  3.708  -0.322  45.450 0.0000000000
149412  4.820  -2.427  43.772 0.0000000000
66814  3.443  0.121  43.489 0.0000000000
67980  3.857  1.101  40.940 0.0000000000
134020  4.750  1.985  39.977 0.0000000000
64644  12.604  -1.367  52.212 0.0000000000
58047  18.459  -6.015  48.163 0.0000000000
133457  19.679  -3.958  49.468 0.0000000000
60300  15.070  -5.082  51.328 0.0000000000
63585  14.361  -3.281  52.777 0.0000000000
147677  2.254  -14.646  45.665 0.0000000000
51688  3.148  -13.217  44.088 0.0000000000
53748  3.157  -11.903  46.151 0.0000000000
58076  4.802  -9.256  47.304 0.0000000000
60348  5.774  -5.674  48.692 0.0000000000
61498  5.076  -4.585  50.825 0.0000000000
61505  5.201  -3.089  49.769 0.0000000000
63635  3.993  -0.923  47.284 0.0000000000
67921  3.329  1.847  47.390 0.0000000000
53822  3.931  -11.982  41.866 0.0000000000
54896  5.061  -10.900  40.179 0.0000000000
54923  6.802  -11.148  38.188 0.0000000000
131795  7.731  -4.489  41.640 0.0000000000
58137  8.947  -7.452  39.112 0.0000000000
54949  8.088  -11.046  35.621 0.0000000000
56024  8.148  -9.936  32.322 0.0000000000
142563  5.797  -7.940  30.360 0.0000000000
72340  6.826  4.640  40.166 0.0000000000
156532  7.127  1.901  37.918 0.0000000000
69081  9.429  2.537  35.475 0.0000000000
66948  5.481  -0.675  34.850 0.0000000000
64793  4.227  -2.289  32.312 0.0000000000
151133  9.764  -2.691  53.382 0.0000000000
65660  9.327  -2.081  53.008 0.0000000000
65673  10.529  -1.536  52.275 0.0000000000
63568  11.915  -2.905  53.568 0.0000000000
61452  11.371  -4.284  53.709 0.0000000000
62567  10.382  -3.437  53.644 0.0000000000
62562  9.435  -3.998  53.691 0.0000000000
51806  4.869  -13.891  34.812 0.0000000000
129159  6.023  -13.126  34.959 0.0000000000
55847  3.997  -10.176  50.564 0.0000000000
55849  3.615  -10.240  49.911 0.0000000000
56980  4.303  -8.770  50.878 0.0000000000
57001  15.809  -7.349  47.450 0.0000000000
54749  4.589  -9.752  51.411 0.0000000000
52575  4.344  -11.015  50.945 0.0000000000
53672  3.978  -10.895  50.888 0.0000000000
52602  3.601  -11.534  50.026 0.0000000000
155106  6.800  -5.417  46.743 0.0000000000
59226  7.239  -6.438  45.436 0.0000000000
61522  7.094  -4.791  45.405 0.0000000000
63708  4.231  -1.988  37.914 0.0000000000
132161  5.365  -3.239  37.874 0.0000000000
62687  4.880  -3.297  36.484 0.0000000000
61640  5.108  -3.698  35.581 0.0000000000
63716  4.344  -2.848  35.702 0.0000000000
59155  6.290  -6.422  53.030 0.0000000000
60291  5.782  -5.964  52.326 0.0000000000
61461  6.356  -4.491  52.981 0.0000000000
65676  7.361  -1.278  52.574 0.0000000000
66736  6.969  0.001  51.045 0.0000000000
58030  14.137  -5.935  51.322 0.0000000000
58037  13.954  -6.418  50.955 0.0000000000
58032  12.909  -6.475  52.120 0.0000000000
58017  10.851  -6.810  53.006 0.0000000000
56970  10.909  -7.476  52.466 0.0000000000
55840  10.199  -7.919  52.305 0.0000000000
55831  8.687  -8.725  52.515 0.0000000000
59150  7.618  -5.974  53.622 0.0000000000
58015  7.606  -7.012  53.444 0.0000000000
148654  6.948  -6.555  53.399 0.0000000000
56965  5.764  -7.989  52.617 0.0000000000
132142  3.403  0.878  45.785 0.0000000000
65768  3.483  0.237  44.614 0.0000000000
129253  3.367  1.660  44.595 0.0000000000
71179  4.371  3.799  42.393 0.0000000000
69012  3.720  2.053  42.298 0.0000000000
70067  4.354  2.460  41.353 0.0000000000
67992  4.105  1.299  40.551 0.0000000000
71204  4.694  3.107  41.328 0.0000000000
157170  16.239  -5.275  50.176 0.0000000000
51654  2.353  -13.554  46.406 0.0000000000
136540  2.516  -13.117  45.550 0.0000000000
52659  2.952  -12.172  46.798 0.0000000000
58061  4.453  -8.874  49.112 0.0000000000
57006  4.485  -9.679  47.669 0.0000000000
58068  4.845  -7.998  48.584 0.0000000000
58067  5.139  -7.717  48.145 0.0000000000
60349  5.350  -5.783  49.295 0.0000000000
62599  5.567  -3.945  52.093 0.0000000000
60310  5.157  -5.431  51.445 0.0000000000
130267  5.384  -3.568  51.685 0.0000000000
150155  4.607  -0.544  49.511 0.0000000000
63611  4.854  -1.646  49.692 0.0000000000
63617  4.456  -1.234  48.836 0.0000000000
131129  4.576  -2.059  48.184 0.0000000000
64681  3.980  -0.416  47.780 0.0000000000
64689  3.709  -0.331  46.922 0.0000000000
66760  3.385  0.882  47.981 0.0000000000
56994  12.500  -7.808  48.678 0.0000000000
57004  12.983  -7.695  47.844 0.0000000000
52585  6.281  -11.650  51.452 0.0000000000
51605  6.081  -12.706  50.691 0.0000000000
51590  6.002  -12.399  51.100 0.0000000000
49478  4.727  -14.058  50.008 0.0000000000
49477  4.781  -13.977  50.369 0.0000000000
132163  3.179  -13.064  48.824 0.0000000000
131453  2.587  -13.861  47.881 0.0000000000
54849  3.763  -11.866  43.928 0.0000000000
52725  3.624  -12.538  43.353 0.0000000000
54860  4.082  -11.600  43.239 0.0000000000
57078  6.007  -9.009  42.341 0.0000000000
55912  5.095  -9.917  41.491 0.0000000000
55927  5.776  -9.823  40.519 0.0000000000
54910  5.917  -10.929  39.172 0.0000000000
55941  7.041  -9.609  39.484 0.0000000000
144480  4.723  -2.494  42.181 0.0000000000
127185  5.994  -3.473  43.168 0.0000000000
61550  5.537  -3.336  41.128 0.0000000000
61592  8.510  -4.708  37.672 0.0000000000
60436  9.039  -5.672  38.901 0.0000000000
59332  9.551  -6.934  37.060 0.0000000000
55982  8.900  -9.257  36.944 0.0000000000
57162  9.458  -8.763  35.623 0.0000000000
54971  8.619  -10.470  34.099 0.0000000000
57177  9.595  -8.374  33.958 0.0000000000
60524  5.756  -4.913  32.269 0.0000000000
59407  7.098  -6.915  31.445 0.0000000000
155711  5.862  -6.129  31.161 0.0000000000
73325  8.335  5.662  38.960 0.0000000000
70083  6.916  3.762  39.505 0.0000000000
147378  8.303  3.735  38.218 0.0000000000
146167  8.789  2.113  32.824 0.0000000000
68073  8.634  1.348  33.679 0.0000000000
66931  7.628  0.718  35.687 0.0000000000
66947  6.714  -0.089  34.219 0.0000000000
65855  4.630  -1.517  33.385 0.0000000000
65864  4.814  -0.545  32.225 0.0000000000
61455  7.827  -4.328  53.515 0.0000000000
62575  7.557  -3.385  53.332 0.0000000000
64616  8.201  -2.649  53.350 0.0000000000
60289  13.228  -4.694  53.026 0.0000000000
59162  13.004  -5.569  52.626 0.0000000000
59152  12.559  -5.232  53.187 0.0000000000
139197  11.207  -6.043  53.204 0.0000000000
58011  9.572  -6.272  53.498 0.0000000000
58013  8.712  -7.003  53.443 0.0000000000
59147  9.160  -5.834  53.595 0.0000000000
60275  8.514  -4.971  53.593 0.0000000000
155957  3.707  3.987  45.509 0.0000000000
70041  3.452  2.617  44.651 0.0000000000
72300  4.099  4.930  44.693 0.0000000000
142711  4.563  5.658  43.587 0.0000000000
74317  4.820  5.702  43.119 0.0000000000
128065  3.357  -11.853  48.612 0.0000000000
53728  3.400  -11.604  48.133 0.0000000000
54779  3.575  -10.953  49.102 0.0000000000
56989  4.222  -9.193  49.608 0.0000000000
59186  4.397  -7.732  50.509 0.0000000000
65694  5.544  -1.556  51.129 0.0000000000
126973  5.485  -2.200  51.450 0.0000000000
65704  5.142  -0.446  50.154 0.0000000000
66746  4.260  0.456  49.162 0.0000000000
66753  3.972  0.894  49.001 0.0000000000
151991  3.798  1.396  48.866 0.0000000000
52562  5.851  -11.133  51.970 0.0000000000
145936  5.752  -12.378  51.035 0.0000000000
51583  4.975  -11.380  51.416 0.0000000000
51593  4.536  -12.069  50.645 0.0000000000
50529  3.925  -13.208  49.632 0.0000000000
134556  3.402  -14.038  49.029 0.0000000000
51607  3.799  -12.135  49.801 0.0000000000
52631  3.332  -12.316  49.287 0.0000000000
58098  5.192  -9.048  45.374 0.0000000000
57081  4.805  -10.160  43.485 0.0000000000
137294  5.757  -8.497  44.804 0.0000000000
58106  6.597  -8.222  43.721 0.0000000000
58113  7.561  -7.790  42.380 0.0000000000
62665  4.618  -2.393  40.396 0.0000000000
61564  5.561  -3.377  40.203 0.0000000000
61582  5.541  -3.320  39.170 0.0000000000
61610  6.485  -3.817  37.445 0.0000000000
61624  7.570  -4.297  36.427 0.0000000000
60494  9.147  -5.869  34.002 0.0000000000
61638  6.409  -4.293  35.094 0.0000000000
61655  5.345  -4.004  34.379 0.0000000000
61672  4.971  -3.744  33.562 0.0000000000
68097  6.533  1.498  31.502 0.0000000000
66983  5.162  0.554  31.272 0.0000000000
68106  4.696  0.694  30.161 0.0000000000
56971  4.792  -8.687  51.720 0.0000000000
58033  4.848  -7.581  51.468 0.0000000000
60293  5.230  -6.441  51.805 0.0000000000
61466  5.740  -4.462  52.151 0.0000000000
137932  5.865  -3.052  52.365 0.0000000000
64623  7.123  -2.583  52.850 0.0000000000
155534  6.206  -1.953  52.318 0.0000000000
64645  5.797  -1.957  51.887 0.0000000000
66727  6.036  -0.477  50.980 0.0000000000
127435  15.499  -6.367  49.477 0.0000000000
149439  15.060  -7.045  48.484 0.0000000000
58044  14.119  -6.859  49.959 0.0000000000
58028  12.211  -6.716  52.380 0.0000000000
56979  11.871  -7.666  51.650 0.0000000000
55848  10.867  -8.812  50.465 0.0000000000
53671  7.120  -10.748  51.891 0.0000000000
53655  6.728  -10.898  51.938 0.0000000000
148927  8.120  -7.971  53.281 0.0000000000
134279  6.929  -8.904  52.862 0.0000000000
53634  6.539  -10.443  52.267 0.0000000000
54729  5.849  -9.395  52.437 0.0000000000
55838  5.182  -9.036  52.115 0.0000000000
62632  4.119  -1.405  45.627 0.0000000000
62636  4.703  -2.331  44.995 0.0000000000
157276  4.271  -1.319  44.153 0.0000000000
63670  4.190  -1.481  42.856 0.0000000000
63677  3.851  -1.157  42.220 0.0000000000
133522  3.522  1.591  43.128 0.0000000000
66828  3.458  0.388  42.486 0.0000000000
64736  3.644  -0.857  41.209 0.0000000000
65808  3.688  -0.360  39.994 0.0000000000
65807  3.909  0.040  39.512 0.0000000000
66904  4.352  -0.068  38.478 0.0000000000
65671  12.015  -1.936  52.700 0.0000000000
58048  17.300  -6.416  48.292 0.0000000000
60304  21.096  -3.500  49.461 0.0000000000
61470  20.772  -3.001  50.390 0.0000000000
59177  19.970  -4.571  48.680 0.0000000000
140185  19.009  -5.217  48.396 0.0000000000
59178  17.349  -5.621  48.847 0.0000000000
58049  16.647  -6.298  48.737 0.0000000000
59164  15.291  -5.574  50.481 0.0000000000
148168  14.444  -5.002  52.001 0.0000000000
61475  14.873  -4.586  51.887 0.0000000000
144189  13.995  -4.398  52.757 0.0000000000
62572  13.651  -3.427  53.339 0.0000000000
63575  12.968  -2.526  53.365 0.0000000000
52689  2.905  -12.582  44.965 0.0000000000
55879  3.782  -11.066  44.993 0.0000000000
54798  3.515  -11.310  47.504 0.0000000000
151277  4.246  -10.407  46.201 0.0000000000
57032  4.937  -9.546  45.832 0.0000000000
157360  5.296  -8.315  46.779 0.0000000000
60357  6.258  -5.993  47.929 0.0000000000
61514  5.843  -3.855  47.581 0.0000000000
59174  4.617  -6.904  50.959 0.0000000000
59179  4.532  -6.537  50.868 0.0000000000
59184  4.723  -5.897  50.471 0.0000000000
62611  5.207  -3.319  50.786 0.0000000000
157571  5.181  -3.576  50.558 0.0000000000
60338  5.179  -5.142  49.765 0.0000000000
61504  5.301  -3.665  49.265 0.0000000000
139224  4.865  -2.777  47.619 0.0000000000
62625  4.510  -2.351  46.759 0.0000000000
135752  3.849  -0.840  46.526 0.0000000000
131784  3.460  0.533  46.351 0.0000000000
148862  3.335  1.758  46.620 0.0000000000
67915  3.341  2.091  47.924 0.0000000000
70012  3.469  2.966  47.339 0.0000000000
133572  3.519  3.496  46.772 0.0000000000
50551  5.982  -14.182  49.443 0.0000000000
50512  5.548  -12.803  50.861 0.0000000000
55914  4.433  -10.683  42.456 0.0000000000
53821  4.242  -11.657  41.166 0.0000000000
53871  6.821  -11.998  37.032 0.0000000000
61529  6.157  -3.514  44.213 0.0000000000
60382  8.026  -5.677  43.228 0.0000000000
59271  8.246  -7.041  41.824 0.0000000000
154811  7.016  -3.989  40.265 0.0000000000
60408  8.618  -5.732  40.817 0.0000000000
58138  8.446  -7.843  39.809 0.0000000000
55955  7.674  -9.785  38.386 0.0000000000
54936  7.406  -11.204  36.948 0.0000000000
53886  7.121  -12.207  35.721 0.0000000000
53900  6.824  -12.277  34.684 0.0000000000
58180  8.321  -7.556  32.166 0.0000000000
57196  7.226  -8.525  31.210 0.0000000000
74333  5.819  6.061  42.074 0.0000000000
74346  7.069  6.264  40.950 0.0000000000
142252  6.094  4.906  41.227 0.0000000000
148888  5.287  2.942  40.259 0.0000000000
69050  5.798  2.066  38.983 0.0000000000
66902  5.382  0.461  37.439 0.0000000000
69072  8.551  2.543  37.146 0.0000000000
151059  7.061  0.878  36.663 0.0000000000
138508  5.047  -0.442  36.369 0.0000000000
65844  4.285  -2.176  34.509 0.0000000000
63725  4.374  -2.743  33.627 0.0000000000
62709  4.411  -3.286  31.963 0.0000000000
62721  4.256  -3.044  30.511 0.0000000000
64618  10.597  -2.159  52.973 0.0000000000
65662  10.441  -1.821  52.583 0.0000000000
65661  10.907  -1.922  52.938 0.0000000000
149191  11.589  -2.524  53.250 0.0000000000
63560  11.468  -2.829  53.458 0.0000000000
64612  11.021  -2.496  53.294 0.0000000000
145401  10.164  -2.865  53.486 0.0000000000
50668  5.382  -14.255  35.891 0.0000000000
51796  5.600  -13.723  35.495 0.0000000000
52816  5.452  -13.454  34.849 0.0000000000
127405  6.033  -13.316  35.375 0.0000000000
133989  4.308  -9.327  50.908 0.0000000000
150193  4.132  -9.028  50.825 0.0000000000
56991  16.830  -7.150  47.943 0.0000000000
57000  16.625  -7.346  47.488 0.0000000000
129533  16.044  -7.289  47.830 0.0000000000
55842  4.505  -9.297  51.170 0.0000000000
54750  4.172  -10.018  51.117 0.0000000000
54757  4.063  -10.453  50.633 0.0000000000
61513  6.134  -3.837  46.612 0.0000000000
61517  6.751  -4.722  46.327 0.0000000000
146009  4.171  -1.536  37.655 0.0000000000
63712  4.638  -2.763  37.195 0.0000000000
64758  4.270  -2.140  36.999 0.0000000000
150701  4.553  -3.038  36.257 0.0000000000
64763  4.260  -2.207  36.018 0.0000000000
60287  6.483  -5.727  53.129 0.0000000000
144443  6.618  -5.077  53.208 0.0000000000
61460  6.810  -4.521  53.273 0.0000000000
59166  13.893  -5.645  51.861 0.0000000000
58031  13.573  -6.177  51.726 0.0000000000
58026  13.271  -5.850  52.277 0.0000000000
56959  10.081  -7.207  53.114 0.0000000000
56966  10.458  -7.533  52.576 0.0000000000
56967  9.681  -8.159  52.457 0.0000000000
55841  9.504  -8.520  52.128 0.0000000000
55836  9.219  -8.554  52.284 0.0000000000
54746  8.721  -9.189  52.057 0.0000000000
137837  7.382  -5.490  53.583 0.0000000000
59151  7.087  -5.965  53.547 0.0000000000
59154  6.730  -6.170  53.347 0.0000000000
67941  3.352  1.350  45.265 0.0000000000
68994  3.339  2.043  45.203 0.0000000000
72319  4.656  4.132  42.251 0.0000000000
71192  4.286  3.039  42.009 0.0000000000
71191  4.558  3.466  41.892 0.0000000000
70075  4.501  2.547  41.159 0.0000000000
51638  2.546  -13.229  47.295 0.0000000000
128339  2.593  -12.778  46.524 0.0000000000
58060  4.587  -8.255  49.173 0.0000000000
59203  5.205  -6.912  48.925 0.0000000000
59192  4.907  -6.401  49.713 0.0000000000
63589  5.491  -3.531  52.064 0.0000000000
62608  5.443  -3.755  51.754 0.0000000000
152596  5.463  -3.012  51.784 0.0000000000
65723  4.272  -0.060  49.151 0.0000000000
150015  4.489  -0.996  49.239 0.0000000000
64670  4.222  -0.544  48.601 0.0000000000
65729  3.957  0.074  48.385 0.0000000000
138302  3.645  0.609  48.216 0.0000000000
51580  6.083  -12.135  51.218 0.0000000000
49491  4.100  -14.033  49.614 0.0000000000
140492  2.949  -12.839  48.083 0.0000000000
51629  2.953  -13.847  48.623 0.0000000000
131435  2.319  -13.916  47.102 0.0000000000
54838  3.900  -11.218  44.254 0.0000000000
147535  4.066  -11.296  43.669 0.0000000000
55889  4.384  -10.634  43.887 0.0000000000
58123  6.856  -8.591  41.946 0.0000000000
57095  6.141  -9.191  41.492 0.0000000000
57111  6.327  -9.367  40.668 0.0000000000
55942  6.251  -9.847  39.926 0.0000000000
57127  6.912  -9.336  40.104 0.0000000000
62657  4.835  -2.693  41.498 0.0000000000
150550  5.090  -2.972  41.901 0.0000000000
61551  5.145  -3.032  41.161 0.0000000000
60458  9.348  -5.695  36.582 0.0000000000
60448  9.392  -6.033  37.356 0.0000000000
156309  9.525  -6.338  36.615 0.0000000000
58154  9.539  -7.767  36.657 0.0000000000
133162  9.676  -7.879  35.639 0.0000000000
57169  9.575  -8.538  34.870 0.0000000000
58165  9.693  -7.633  34.573 0.0000000000
60525  5.241  -4.531  32.307 0.0000000000
59396  6.161  -5.637  31.683 0.0000000000
59409  5.451  -5.310  31.570 0.0000000000
148270  8.705  6.486  38.990 0.0000000000
73332  8.930  6.148  38.142 0.0000000000
72347  8.036  4.840  38.946 0.0000000000
72346  8.709  5.289  38.225 0.0000000000
68086  7.784  1.255  32.528 0.0000000000
68084  9.055  1.955  33.380 0.0000000000
66969  8.007  0.912  33.233 0.0000000000
66960  8.097  0.754  34.011 0.0000000000
66962  6.521  0.037  33.247 0.0000000000
65853  5.619  -0.289  32.751 0.0000000000
61454  8.313  -4.147  53.577 0.0000000000
63564  8.478  -3.082  53.553 0.0000000000
64615  8.758  -2.579  53.404 0.0000000000
65674  9.773  -1.562  52.348 0.0000000000
61458  13.164  -4.116  53.329 0.0000000000
60283  12.748  -4.825  53.353 0.0000000000
140138  12.842  -4.274  53.462 0.0000000000
61453  10.671  -4.475  53.689 0.0000000000
60277  11.079  -4.871  53.625 0.0000000000
59145  10.731  -5.501  53.504 0.0000000000
59146  10.353  -6.161  53.404 0.0000000000
60279  9.832  -5.570  53.572 0.0000000000
60272  9.692  -4.965  53.639 0.0000000000
62568  9.281  -3.474  53.654 0.0000000000
61449  9.031  -4.554  53.625 0.0000000000
61450  8.652  -4.345  53.614 0.0000000000
137102  8.161  -4.708  53.582 0.0000000000
71157  3.882  4.298  44.983 0.0000000000
73281  4.519  5.980  44.132 0.0000000000
74306  4.739  6.276  43.836 0.0000000000
74305  5.147  6.635  43.447 0.0000000000
139435  3.450  -11.865  49.375 0.0000000000
53719  3.465  -11.391  48.854 0.0000000000
54769  3.568  -10.976  49.821 0.0000000000
148155  4.263  -8.986  50.735 0.0000000000
152280  3.993  -9.628  50.209 0.0000000000
126590  4.274  -8.684  50.385 0.0000000000
65703  5.466  -0.843  50.619 0.0000000000
155644  5.447  -0.957  50.722 0.0000000000
66739  4.689  0.135  49.547 0.0000000000
142355  4.000  0.910  49.027 0.0000000000
67909  3.781  1.753  48.794 0.0000000000
53643  5.494  -10.658  52.064 0.0000000000
52563  5.222  -10.854  51.821 0.0000000000
52574  4.799  -11.030  51.364 0.0000000000
52587  4.373  -11.530  50.780 0.0000000000
52586  4.631  -11.477  51.006 0.0000000000
51606  4.192  -12.243  50.250 0.0000000000
53690  3.550  -11.302  49.956 0.0000000000
52617  3.484  -11.824  49.902 0.0000000000
58086  5.319  -8.542  46.175 0.0000000000
57046  5.332  -9.089  44.582 0.0000000000
58097  5.496  -8.551  45.412 0.0000000000
59241  7.458  -6.537  44.642 0.0000000000
59242  6.926  -7.235  45.063 0.0000000000
58095  7.170  -7.421  44.200 0.0000000000
58105  7.390  -7.599  43.316 0.0000000000
59257  7.733  -6.650  43.760 0.0000000000
63697  4.553  -2.300  39.784 0.0000000000
62670  5.025  -2.845  39.496 0.0000000000
62676  4.857  -2.714  39.058 0.0000000000
61612  5.571  -3.389  37.708 0.0000000000
61611  6.020  -3.642  37.616 0.0000000000
143996  6.792  -4.010  36.774 0.0000000000
146260  7.460  -4.418  35.561 0.0000000000
61639  5.789  -3.966  35.739 0.0000000000
62691  4.846  -3.595  34.894 0.0000000000
131266  5.167  -3.843  34.966 0.0000000000
61656  5.092  -3.804  34.312 0.0000000000
152326  5.277  -3.965  33.855 0.0000000000
62697  4.763  -3.493  34.025 0.0000000000
69126  7.822  2.646  31.809 0.0000000000
69127  6.898  2.229  31.322 0.0000000000
68098  5.708  1.226  31.204 0.0000000000
68105  5.929  1.897  30.863 0.0000000000
58025  5.140  -7.753  51.949 0.0000000000
58029  5.091  -8.054  51.964 0.0000000000
59159  5.352  -6.915  52.206 0.0000000000
134139  6.027  -4.431  52.595 0.0000000000
147283  5.914  -5.064  52.325 0.0000000000
62587  5.981  -3.806  52.608 0.0000000000
62588  5.626  -3.614  52.101 0.0000000000
64622  7.762  -2.292  53.015 0.0000000000
63569  7.109  -3.180  53.003 0.0000000000
64631  6.721  -1.603  52.447 0.0000000000
65686  6.301  -1.405  52.047 0.0000000000
65693  5.895  -1.183  51.417 0.0000000000
58035  15.324  -6.050  49.990 0.0000000000
58050  14.835  -6.823  49.396 0.0000000000
58043  14.653  -6.384  50.119 0.0000000000
56977  13.182  -6.803  51.512 0.0000000000
56981  13.449  -7.024  50.705 0.0000000000
56982  12.812  -7.608  50.511 0.0000000000
58022  12.469  -5.950  52.659 0.0000000000
58027  12.640  -6.136  52.495 0.0000000000
58023  12.028  -6.509  52.537 0.0000000000
56975  11.139  -7.899  52.028 0.0000000000
56974  11.643  -7.269  52.248 0.0000000000
55845  11.202  -8.335  51.233 0.0000000000
145897  11.587  -8.336  50.573 0.0000000000
148474  10.510  -8.891  51.127 0.0000000000
54767  10.114  -9.329  50.702 0.0000000000
147435  8.938  -10.167  50.547 0.0000000000
54736  7.875  -9.833  52.490 0.0000000000
53640  7.678  -10.305  52.064 0.0000000000
53654  7.030  -10.606  52.227 0.0000000000
53641  7.042  -10.597  52.200 0.0000000000
125841  8.385  -6.592  53.551 0.0000000000
56955  8.587  -7.666  53.284 0.0000000000
56956  7.901  -7.621  53.380 0.0000000000
55830  7.124  -8.245  53.177 0.0000000000
147028  6.730  -9.753  52.505 0.0000000000
54728  6.200  -9.959  52.402 0.0000000000
55835  5.447  -8.942  52.274 0.0000000000
56968  5.290  -8.297  52.130 0.0000000000
56969  5.043  -8.513  51.964 0.0000000000
63655  3.849  -0.799  45.651 0.0000000000
62637  4.323  -1.630  44.870 0.0000000000
63664  3.790  -0.479  44.839 0.0000000000
146234  3.512  -0.183  43.998 0.0000000000
148733  4.011  -0.843  43.776 0.0000000000
64720  3.695  -0.405  43.388 0.0000000000
145550  4.017  -1.209  42.867 0.0000000000
65787  3.567  -0.217  43.083 0.0000000000
71169  3.653  3.422  43.935 0.0000000000
146967  3.541  2.774  43.717 0.0000000000
69021  3.813  1.578  41.588 0.0000000000
67970  3.533  1.163  42.364 0.0000000000
66842  3.589  0.720  41.595 0.0000000000
148094  3.521  -0.111  41.685 0.0000000000
65803  3.582  -0.420  40.765 0.0000000000
143777  3.643  0.290  40.726 0.0000000000
69043  4.285  1.346  40.193 0.0000000000
66857  4.050  0.776  39.912 0.0000000000
68001  4.337  1.056  39.642 0.0000000000
66887  4.187  0.394  39.224 0.0000000000
68012  4.517  0.729  38.912 0.0000000000
65683  12.326  -1.680  52.558 0.0000000000
65691  12.034  -1.234  51.918 0.0000000000
58056  18.696  -6.281  47.896 0.0000000000
58065  18.652  -6.519  47.725 0.0000000000
139474  18.295  -6.662  47.724 0.0000000000
129694  18.059  -6.354  48.027 0.0000000000
61471  20.252  -3.206  50.331 0.0000000000
62595  20.643  -2.700  50.759 0.0000000000
60295  20.285  -3.448  49.917 0.0000000000
60294  20.878  -3.252  49.974 0.0000000000
60305  20.275  -3.861  49.362 0.0000000000
59168  19.153  -4.589  48.923 0.0000000000
58040  17.301  -5.963  48.615 0.0000000000
58041  16.780  -5.870  49.084 0.0000000000
60299  15.712  -5.309  50.495 0.0000000000
145029  14.786  -5.311  51.250 0.0000000000
125467  15.067  -3.810  51.955 0.0000000000
62585  14.314  -4.000  52.733 0.0000000000
61465  14.130  -4.546  52.602 0.0000000000
61462  13.963  -3.803  53.061 0.0000000000
62586  14.049  -3.347  53.164 0.0000000000
147472  13.132  -1.820  52.765 0.0000000000
63587  13.322  -2.377  53.223 0.0000000000
64638  12.849  -1.870  52.853 0.0000000000
131160  2.280  -15.208  45.254 0.0000000000
50587  2.380  -14.367  45.099 0.0000000000
52676  2.812  -12.395  45.823 0.0000000000
53760  3.171  -12.092  45.221 0.0000000000
54839  3.536  -11.716  44.686 0.0000000000
54825  3.482  -11.535  45.534 0.0000000000
54789  3.523  -11.222  48.441 0.0000000000
55857  3.777  -10.791  47.820 0.0000000000
57017  4.201  -10.301  47.189 0.0000000000
55863  4.633  -9.775  46.585 0.0000000000
57049  4.602  -10.042  45.592 0.0000000000
57016  5.001  -9.181  46.625 0.0000000000
58087  5.119  -9.062  45.977 0.0000000000
134478  5.187  -8.648  46.725 0.0000000000
59202  5.630  -6.944  48.171 0.0000000000
139631  6.142  -4.950  48.135 0.0000000000
61509  5.716  -4.298  48.416 0.0000000000
59167  4.898  -7.003  51.501 0.0000000000
140034  4.745  -7.461  51.258 0.0000000000
60318  4.899  -5.547  51.244 0.0000000000
59173  4.843  -5.849  51.115 0.0000000000
60326  4.593  -6.021  50.877 0.0000000000
147760  4.837  -5.296  50.924 0.0000000000
134736  5.348  -1.443  50.761 0.0000000000
63602  5.343  -2.435  51.149 0.0000000000
133791  5.177  -2.229  50.496 0.0000000000
62613  5.141  -2.606  50.162 0.0000000000
61497  5.132  -4.438  50.358 0.0000000000
63625  4.266  -1.492  47.630 0.0000000000
62620  4.911  -2.704  48.240 0.0000000000
62621  4.414  -2.071  47.364 0.0000000000
63634  4.083  -1.397  46.916 0.0000000000
62626  4.205  -1.743  46.450 0.0000000000
133605  3.431  0.690  47.393 0.0000000000
65747  3.545  0.164  46.776 0.0000000000
132937  3.336  1.188  46.774 0.0000000000
138395  3.351  1.489  48.258 0.0000000000
126789  14.448  -7.097  48.843 0.0000000000
56993  14.574  -7.226  48.208 0.0000000000
50525  5.741  -13.664  50.232 0.0000000000
51616  6.080  -13.017  50.164 0.0000000000
50513  5.133  -13.022  50.971 0.0000000000
50579  2.217  -14.441  46.463 0.0000000000
131917  2.176  -15.229  46.074 0.0000000000
53809  3.873  -12.164  42.638 0.0000000000
51718  3.550  -13.271  42.704 0.0000000000
52737  3.769  -12.516  42.245 0.0000000000
51731  3.791  -12.990  41.820 0.0000000000
57080  5.067  -9.826  43.103 0.0000000000
55900  4.757  -10.212  42.700 0.0000000000
55944  5.207  -10.443  40.509 0.0000000000
54882  4.752  -10.732  40.887 0.0000000000
54897  4.649  -11.209  40.611 0.0000000000
52751  4.267  -12.088  40.777 0.0000000000
53833  4.947  -11.379  39.884 0.0000000000
54909  6.458  -10.772  38.871 0.0000000000
53843  5.810  -11.411  38.842 0.0000000000
54924  6.333  -11.266  38.524 0.0000000000
52794  6.534  -12.146  37.373 0.0000000000
53856  6.636  -11.611  37.803 0.0000000000
62641  5.375  -2.950  44.624 0.0000000000
62647  5.302  -2.994  43.519 0.0000000000
155540  7.406  -4.334  42.293 0.0000000000
140376  7.589  -4.624  43.052 0.0000000000
61537  8.060  -5.029  42.395 0.0000000000
60395  8.343  -6.014  42.284 0.0000000000
60409  8.326  -5.341  41.623 0.0000000000
131170  6.028  -3.751  39.777 0.0000000000
147102  6.291  -3.735  40.485 0.0000000000
61580  6.662  -3.935  39.624 0.0000000000
59308  9.255  -6.631  38.668 0.0000000000
60421  8.857  -5.692  39.890 0.0000000000
59309  9.049  -6.522  39.475 0.0000000000
58129  8.531  -7.296  40.439 0.0000000000
57125  8.408  -8.433  39.098 0.0000000000
147188  8.533  -9.990  36.555 0.0000000000
156119  8.416  -9.839  37.098 0.0000000000
54935  8.026  -10.776  36.374 0.0000000000
53870  7.092  -11.875  36.651 0.0000000000
54950  7.551  -11.529  36.113 0.0000000000
154904  7.624  -11.610  35.017 0.0000000000
54972  8.369  -10.440  33.241 0.0000000000
54994  7.283  -10.161  31.779 0.0000000000
60507  8.656  -5.815  33.425 0.0000000000
59380  9.101  -6.561  33.313 0.0000000000
130506  7.763  -6.087  32.466 0.0000000000
58187  6.675  -7.602  30.926 0.0000000000
58186  7.548  -7.636  31.536 0.0000000000
57197  6.273  -8.688  30.667 0.0000000000
57204  5.366  -8.870  30.154 0.0000000000
74345  7.801  6.671  40.607 0.0000000000
73305  7.416  5.988  40.392 0.0000000000
73306  6.560  5.620  41.067 0.0000000000
71202  6.008  4.336  40.793 0.0000000000
71214  6.427  4.006  40.071 0.0000000000
69049  6.874  2.422  38.579 0.0000000000
157112  6.195  2.668  39.250 0.0000000000
69062  6.264  1.702  38.279 0.0000000000
68010  5.367  1.456  38.644 0.0000000000
66901  5.773  1.122  37.911 0.0000000000
70128  9.801  3.248  34.997 0.0000000000
71238  9.916  4.199  35.290 0.0000000000
70116  9.617  3.347  35.937 0.0000000000
70108  9.176  3.424  36.949 0.0000000000
69071  9.119  2.590  36.360 0.0000000000
66946  7.182  0.232  35.007 0.0000000000
66932  6.666  0.278  35.835 0.0000000000
66916  6.036  0.379  36.625 0.0000000000
66933  4.943  -0.777  35.643 0.0000000000
65833  4.545  -1.374  35.422 0.0000000000
65832  4.839  -1.133  34.886 0.0000000000
65866  4.343  -1.804  32.669 0.0000000000
65856  4.368  -2.055  33.730 0.0000000000
63731  4.377  -2.805  32.904 0.0000000000
136594  4.480  -3.197  32.676 0.0000000000
63737  4.234  -2.807  31.932 0.0000000000
65872  4.379  -0.660  31.052 0.0000000000
63562  9.472  -2.971  53.554 0.0000000000
64614  9.290  -2.535  53.356 0.0000000000
142832  9.845  -2.347  53.100 0.0000000000
64619  9.867  -1.969  52.717 0.0000000000
66711  10.152  -1.137  51.771 0.0000000000
147625  12.587  -3.195  53.764 0.0000000000
62564  12.441  -3.630  53.683 0.0000000000
63559  12.105  -3.188  53.632 0.0000000000
62566  10.745  -3.930  53.729 0.0000000000
61448  9.568  -4.483  53.666 0.0000000000
62561  10.125  -4.114  53.709 0.0000000000
154453  9.614  -3.238  53.610 0.0000000000
51817  4.825  -13.521  34.139 0.0000000000
128693  5.387  -13.153  34.255 0.0000000000
54761  3.537  -11.065  49.943 0.0000000000
127366  4.132  -9.581  50.705 0.0000000000
54739  4.887  -9.875  51.840 0.0000000000
53656  4.568  -10.578  51.264 0.0000000000
134916  4.474  -10.251  51.213 0.0000000000
53657  4.264  -10.636  50.902 0.0000000000
134698  4.130  -11.026  50.676 0.0000000000
53689  3.856  -11.004  50.383 0.0000000000
54760  3.753  -10.756  50.326 0.0000000000
59214  6.648  -6.210  47.007 0.0000000000
59227  6.715  -6.982  46.053 0.0000000000
60362  7.121  -5.744  46.098 0.0000000000
60371  7.428  -5.683  45.081 0.0000000000
132424  4.145  -1.629  38.944 0.0000000000
138973  4.540  -2.418  38.384 0.0000000000
141836  4.877  -3.054  37.241 0.0000000000
62680  5.313  -3.350  37.077 0.0000000000
129289  5.452  -3.713  36.104 0.0000000000
62692  4.570  -3.222  35.687 0.0000000000
63721  4.306  -2.956  34.968 0.0000000000
59158  5.817  -6.662  52.678 0.0000000000
60290  6.294  -5.992  52.935 0.0000000000
61464  6.187  -5.213  52.750 0.0000000000
62579  6.162  -3.912  52.805 0.0000000000
66705  7.531  -0.751  52.288 0.0000000000
133323  7.131  -0.588  51.943 0.0000000000
66726  6.929  -0.271  51.351 0.0000000000
66725  7.677  -0.212  51.345 0.0000000000
153887  11.286  -6.929  52.597 0.0000000000
130814  11.574  -6.935  52.499 0.0000000000
156469  10.505  -8.056  52.218 0.0000000000
146914  10.129  -8.417  51.984 0.0000000000
54735  8.087  -9.629  52.272 0.0000000000
54725  8.059  -8.872  52.785 0.0000000000
59149  8.018  -5.911  53.652 0.0000000000
58014  7.932  -6.977  53.516 0.0000000000
125722  7.339  -6.642  53.470 0.0000000000
56957  7.221  -7.448  53.347 0.0000000000
56963  6.706  -8.018  53.151 0.0000000000
55834  6.102  -8.493  52.732 0.0000000000
56964  6.330  -7.631  53.049 0.0000000000
58021  6.005  -7.168  52.919 0.0000000000
65757  3.497  0.397  45.468 0.0000000000
64704  3.583  0.030  45.230 0.0000000000
66788  3.422  0.635  44.934 0.0000000000
66800  3.420  0.360  44.172 0.0000000000
138174  3.396  0.523  43.768 0.0000000000
140992  4.128  4.167  42.961 0.0000000000
70050  3.711  3.244  43.080 0.0000000000
71180  4.049  3.540  42.647 0.0000000000
69020  4.083  2.357  41.711 0.0000000000
67979  4.156  1.815  41.099 0.0000000000
69031  4.382  1.923  40.742 0.0000000000
70085  4.619  2.352  40.690 0.0000000000
59183  19.023  -5.579  48.241 0.0000000000
60296  19.614  -3.745  49.796 0.0000000000
60309  16.063  -5.552  49.916 0.0000000000
60298  17.026  -4.772  49.989 0.0000000000
61474  15.983  -4.690  50.806 0.0000000000
63595  14.218  -2.533  52.671 0.0000000000
131799  2.326  -13.959  45.664 0.0000000000
56995  4.318  -9.492  48.676 0.0000000000
57007  4.101  -10.198  48.216 0.0000000000
58069  4.636  -8.894  48.269 0.0000000000
58075  4.989  -8.553  47.555 0.0000000000
131183  5.471  -5.088  51.717 0.0000000000
127106  4.866  -6.105  51.306 0.0000000000
61483  5.425  -4.366  51.746 0.0000000000
61492  5.253  -4.493  51.451 0.0000000000
141429  4.898  -1.433  49.967 0.0000000000
126641  4.749  -2.072  49.088 0.0000000000
62617  4.934  -2.647  48.859 0.0000000000
135420  4.439  -1.542  48.300 0.0000000000
63626  4.214  -1.003  48.038 0.0000000000
65736  3.685  0.122  47.574 0.0000000000
66766  3.359  1.363  47.784 0.0000000000
52584  7.071  -11.231  51.491 0.0000000000
51589  6.412  -12.063  50.857 0.0000000000
50511  6.120  -12.936  50.666 0.0000000000
50569  2.307  -14.568  47.443 0.0000000000
52701  3.194  -12.698  44.308 0.0000000000
52713  3.392  -12.761  43.804 0.0000000000
53786  3.542  -12.394  43.879 0.0000000000
53798  3.857  -12.111  43.309 0.0000000000
54871  4.073  -11.679  42.658 0.0000000000
57097  5.007  -9.867  42.276 0.0000000000
57096  5.465  -9.541  41.874 0.0000000000
55928  5.337  -10.026  40.812 0.0000000000
54895  5.540  -10.662  39.839 0.0000000000
55943  5.672  -10.188  40.190 0.0000000000
55958  6.055  -10.435  39.534 0.0000000000
55957  6.628  -10.204  39.201 0.0000000000
62648  4.896  -2.651  42.776 0.0000000000
61539  5.278  -3.102  42.682 0.0000000000
134013  5.784  -3.412  42.185 0.0000000000
61549  6.681  -3.821  41.617 0.0000000000
156747  7.915  -4.321  38.140 0.0000000000
61579  7.619  -4.209  38.978 0.0000000000
61578  8.535  -4.787  38.532 0.0000000000
60435  9.313  -6.071  38.171 0.0000000000
154280  9.229  -7.350  38.343 0.0000000000
58143  8.902  -8.131  38.381 0.0000000000
127641  9.324  -7.741  37.600 0.0000000000
57154  9.395  -8.601  36.344 0.0000000000
55994  8.673  -10.218  35.624 0.0000000000
54959  8.380  -10.792  34.853 0.0000000000
56005  8.953  -10.002  34.631 0.0000000000
125397  9.017  -9.831  33.741 0.0000000000
154499  9.079  -8.885  32.796 0.0000000000
60523  6.429  -5.253  32.329 0.0000000000
59395  7.005  -6.028  31.843 0.0000000000
59408  6.466  -6.532  31.237 0.0000000000
58188  5.949  -6.950  30.710 0.0000000000
73317  7.989  5.906  39.693 0.0000000000
72339  7.556  5.195  39.722 0.0000000000
71213  7.281  4.405  39.575 0.0000000000
71222  7.727  3.929  38.890 0.0000000000
70090  7.733  3.152  38.413 0.0000000000
69098  9.527  2.509  33.780 0.0000000000
68051  9.126  1.824  35.001 0.0000000000
69082  8.876  1.883  35.863 0.0000000000
68060  8.631  1.260  34.500 0.0000000000
155478  7.515  0.355  34.332 0.0000000000
156280  6.050  -0.389  34.487 0.0000000000
65842  4.999  -1.113  34.066 0.0000000000
65841  5.760  -0.542  33.801 0.0000000000
65854  5.020  -0.919  33.086 0.0000000000
150222  4.240  -1.350  31.961 0.0000000000
61456  7.296  -4.489  53.429 0.0000000000
143885  7.032  -4.128  53.281 0.0000000000
62571  7.471  -3.947  53.385 0.0000000000
64621  8.455  -2.120  53.076 0.0000000000
64620  8.966  -2.207  53.213 0.0000000000
135978  8.426  -1.604  52.775 0.0000000000
60288  13.557  -4.752  52.761 0.0000000000
59157  12.849  -5.306  52.929 0.0000000000
59153  12.097  -5.851  52.907 0.0000000000
60276  11.818  -4.685  53.622 0.0000000000
60285  11.756  -5.324  53.409 0.0000000000
58016  11.377  -6.528  52.821 0.0000000000
149612  10.774  -6.579  53.118 0.0000000000
58018  10.081  -6.856  53.227 0.0000000000
58019  9.584  -7.425  53.106 0.0000000000
56961  8.955  -8.046  53.078 0.0000000000
58012  9.293  -6.881  53.392 0.0000000000
125780  8.921  -6.397  53.551 0.0000000000
59148  8.642  -5.994  53.626 0.0000000000
60273  9.211  -4.999  53.595 0.0000000000
60274  8.811  -5.133  53.584 0.0000000000
60280  8.429  -5.590  53.621 0.0000000000
134905  7.965  -5.392  53.627 0.0000000000
60281  7.618  -4.928  53.553 0.0000000000
70028  3.534  3.304  45.786 0.0000000000
153269  3.503  2.967  45.240 0.0000000000
136644  3.648  3.530  44.894 0.0000000000
71168  3.886  4.248  44.125 0.0000000000
73275  4.316  5.544  44.381 0.0000000000
72306  4.117  4.937  43.894 0.0000000000
147766  4.059  4.455  43.455 0.0000000000
73290  4.511  5.091  43.178 0.0000000000
73289  4.754  4.816  42.661 0.0000000000
72318  5.126  4.573  42.074 0.0000000000
154020  3.171  -12.098  48.019 0.0000000000
134851  3.205  -11.972  47.755 0.0000000000
55852  3.719  -10.501  49.670 0.0000000000
56996  3.956  -9.970  49.229 0.0000000000
58053  4.385  -8.424  49.803 0.0000000000
58052  4.469  -7.777  49.842 0.0000000000
64646  5.549  -2.256  51.574 0.0000000000
150748  5.458  -1.593  50.964 0.0000000000
64653  5.184  -0.822  50.342 0.0000000000
65713  4.895  -0.060  49.852 0.0000000000
65722  4.539  -0.018  49.458 0.0000000000
151644  3.960  0.344  49.086 0.0000000000
66754  3.550  0.831  48.603 0.0000000000
52572  5.796  -11.462  51.854 0.0000000000
51581  6.070  -12.143  51.246 0.0000000000
52573  5.575  -11.267  51.817 0.0000000000
51582  5.499  -11.801  51.467 0.0000000000
51592  4.884  -11.919  51.042 0.0000000000
50515  4.950  -12.614  50.709 0.0000000000
50528  4.460  -13.053  50.188 0.0000000000
50542  3.419  -12.957  49.113 0.0000000000
51617  3.386  -12.136  49.376 0.0000000000
51622  3.274  -13.076  49.083 0.0000000000
52647  3.289  -12.428  48.730 0.0000000000
57048  4.894  -9.785  45.075 0.0000000000
57066  4.825  -10.002  44.297 0.0000000000
57047  5.109  -9.506  44.762 0.0000000000
57065  5.109  -9.685  43.958 0.0000000000
57064  5.361  -9.313  43.610 0.0000000000
58084  6.177  -7.889  45.353 0.0000000000
58096  6.406  -8.022  44.549 0.0000000000
57063  5.886  -8.844  43.211 0.0000000000
58114  6.750  -8.399  42.839 0.0000000000
63690  4.190  -1.987  40.961 0.0000000000
135349  5.132  -2.936  40.806 0.0000000000
62664  5.031  -2.795  40.285 0.0000000000
132965  5.620  -3.443  39.484 0.0000000000
61581  6.231  -3.960  38.937 0.0000000000
61596  5.574  -3.355  38.457 0.0000000000
61595  5.681  -3.488  38.326 0.0000000000
61593  7.045  -3.979  38.156 0.0000000000
61609  7.577  -4.191  37.350 0.0000000000
145652  8.456  -4.636  36.835 0.0000000000
60469  9.131  -5.241  35.553 0.0000000000
60480  9.421  -5.968  34.895 0.0000000000
61623  8.343  -4.748  35.113 0.0000000000
61636  8.220  -4.894  34.409 0.0000000000
61653  6.679  -4.604  34.207 0.0000000000
145989  5.374  -3.852  35.493 0.0000000000
61654  5.865  -4.326  34.342 0.0000000000
61669  6.204  -4.647  33.610 0.0000000000
60510  5.968  -4.704  32.934 0.0000000000
60511  5.510  -4.407  32.863 0.0000000000
60526  4.885  -4.178  32.203 0.0000000000
68095  8.243  1.963  32.362 0.0000000000
66981  6.948  0.996  32.097 0.0000000000
66972  5.365  0.136  31.957 0.0000000000
66982  6.018  0.794  31.714 0.0000000000
151412  5.180  1.702  30.197 0.0000000000
51784  6.082  -13.704  36.443 0.0000000000
56972  4.607  -8.428  51.127 0.0000000000
149483  4.916  -7.231  51.750 0.0000000000
131389  5.586  -5.500  51.926 0.0000000000
63588  5.537  -2.969  51.909 0.0000000000
62576  7.072  -3.693  53.164 0.0000000000
136457  6.712  -3.510  52.929 0.0000000000
63570  6.518  -3.024  52.714 0.0000000000
64630  7.216  -1.923  52.709 0.0000000000
151451  6.577  -2.266  52.567 0.0000000000
63576  6.006  -2.619  52.385 0.0000000000
143411  5.687  -2.615  52.013 0.0000000000
56984  15.843  -6.791  48.696 0.0000000000
56992  15.734  -6.948  48.400 0.0000000000
56985  15.110  -6.857  48.913 0.0000000000
58051  14.498  -6.899  49.321 0.0000000000
155612  14.046  -6.646  50.461 0.0000000000
56986  13.830  -7.186  49.424 0.0000000000
56987  12.911  -7.610  49.609 0.0000000000
56988  11.960  -8.084  49.438 0.0000000000
56973  12.468  -7.078  51.925 0.0000000000
133129  12.107  -7.968  50.928 0.0000000000
55850  11.435  -8.441  49.980 0.0000000000
54768  9.425  -9.700  50.977 0.0000000000
53670  7.363  -10.699  51.824 0.0000000000
52570  6.674  -11.067  51.780 0.0000000000
56962  8.440  -8.380  52.956 0.0000000000
154226  7.987  -8.619  52.952 0.0000000000
125588  7.573  -7.600  53.366 0.0000000000
55832  7.625  -8.327  53.153 0.0000000000
54726  7.616  -9.228  52.675 0.0000000000
54727  7.012  -9.899  52.443 0.0000000000
53633  6.819  -10.670  52.090 0.0000000000
52561  6.325  -11.039  51.993 0.0000000000
53642  5.998  -10.653  52.224 0.0000000000
54737  5.623  -10.141  52.297 0.0000000000
145677  5.131  -10.147  52.106 0.0000000000
54738  5.002  -9.574  52.024 0.0000000000
142670  4.875  -9.634  51.941 0.0000000000
55839  4.757  -9.162  51.611 0.0000000000
62630  4.795  -2.620  46.211 0.0000000000
62635  5.391  -3.077  45.790 0.0000000000
142296  4.465  -1.846  44.005 0.0000000000
64711  3.622  -0.159  44.236 0.0000000000
63663  4.300  -1.474  43.500 0.0000000000
63676  4.074  -1.512  42.304 0.0000000000
63683  4.126  -1.796  41.682 0.0000000000
131667  3.414  1.188  43.892 0.0000000000
70051  3.609  2.469  43.032 0.0000000000
67962  3.430  0.989  42.997 0.0000000000
149624  3.420  0.259  43.187 0.0000000000
64728  3.641  -0.619  42.208 0.0000000000
63684  3.849  -1.355  41.513 0.0000000000
63691  3.929  -1.511  40.704 0.0000000000
64743  3.724  -0.994  40.343 0.0000000000
64748  3.892  -1.073  39.659 0.0000000000
66873  3.770  0.329  40.051 0.0000000000
64747  3.932  -0.761  39.220 0.0000000000
65814  4.104  -0.387  38.830 0.0000000000
65819  4.201  -0.859  38.007 0.0000000000
65824  4.480  -0.571  37.563 0.0000000000
64629  11.685  -2.080  52.843 0.0000000000
65672  11.318  -1.726  52.544 0.0000000000
65684  11.594  -1.548  52.343 0.0000000000
58058  17.018  -6.803  48.201 0.0000000000
146734  18.249  -5.062  48.879 0.0000000000
58039  18.081  -5.627  48.540 0.0000000000
155549  16.965  -6.581  48.489 0.0000000000
129845  16.532  -6.601  48.567 0.0000000000
140446  16.080  -6.413  49.003 0.0000000000
59172  15.116  -5.769  50.405 0.0000000000
59165  14.533  -5.594  51.139 0.0000000000
59160  14.175  -5.258  51.919 0.0000000000
60292  13.947  -4.888  52.488 0.0000000000
62597  16.714  -3.950  50.794 0.0000000000
128768  15.709  -4.253  51.344 0.0000000000
61463  13.517  -4.243  53.046 0.0000000000
61457  13.423  -3.765  53.333 0.0000000000
62573  13.282  -3.365  53.571 0.0000000000
63586  13.818  -2.762  53.229 0.0000000000
62578  13.447  -2.974  53.532 0.0000000000
63566  12.913  -3.115  53.774 0.0000000000
63567  12.586  -2.639  53.374 0.0000000000
64617  11.963  -2.416  53.117 0.0000000000
51671  2.767  -13.153  44.705 0.0000000000
53773  3.345  -12.267  44.474 0.0000000000
151945  4.132  -10.706  44.603 0.0000000000
53736  3.265  -11.728  47.160 0.0000000000
54811  3.511  -11.406  46.509 0.0000000000
55864  3.843  -10.866  46.838 0.0000000000
55872  3.862  -10.971  45.873 0.0000000000
55878  4.182  -10.535  45.302 0.0000000000
58099  5.090  -9.385  45.377 0.0000000000
58073  5.603  -7.873  46.801 0.0000000000
58074  5.345  -7.929  47.390 0.0000000000
59215  5.951  -7.047  47.405 0.0000000000
59228  6.168  -7.218  46.731 0.0000000000
145702  6.509  -4.976  47.313 0.0000000000
56976  4.406  -8.550  50.999 0.0000000000
58038  4.106  -8.030  50.777 0.0000000000
59180  4.514  -7.235  50.881 0.0000000000
134397  4.438  -6.780  50.813 0.0000000000
59185  4.567  -6.822  50.003 0.0000000000
60337  5.512  -4.661  49.063 0.0000000000
61503  5.338  -3.495  48.450 0.0000000000
152595  5.357  -3.397  47.892 0.0000000000
62624  5.002  -3.011  47.146 0.0000000000
63645  3.995  -1.250  46.245 0.0000000000
64696  3.686  -0.265  46.055 0.0000000000
155943  3.616  -0.029  46.457 0.0000000000
128722  3.573  0.174  46.046 0.0000000000
143986  3.356  1.428  46.060 0.0000000000
68986  3.365  2.035  45.975 0.0000000000
68968  3.464  2.456  47.766 0.0000000000
133388  3.367  2.313  46.939 0.0000000000
133883  3.426  2.765  46.391 0.0000000000
141141  3.648  4.088  46.225 0.0000000000
65685  10.888  -1.361  52.115 0.0000000000
137259  15.432  -7.171  48.008 0.0000000000
57002  14.872  -7.398  47.483 0.0000000000
57013  14.153  -7.692  46.771 0.0000000000
57003  13.949  -7.530  47.683 0.0000000000
51591  5.961  -12.544  51.050 0.0000000000
50526  5.625  -13.857  50.277 0.0000000000
51702  3.374  -13.154  43.419 0.0000000000
55901  4.545  -10.527  43.112 0.0000000000
55915  4.220  -11.232  42.706 0.0000000000
54870  4.216  -11.114  42.099 0.0000000000
55913  4.719  -10.225  41.935 0.0000000000
55930  4.529  -10.657  41.639 0.0000000000
54884  4.067  -11.577  41.949 0.0000000000
52752  3.970  -12.273  41.436 0.0000000000
51743  4.123  -12.715  40.951 0.0000000000
53844  5.306  -11.640  39.215 0.0000000000
52802  6.756  -12.597  36.550 0.0000000000
61523  6.326  -3.771  45.426 0.0000000000
125579  6.843  -4.182  44.680 0.0000000000
61521  7.384  -4.898  44.502 0.0000000000
61528  6.971  -4.172  43.739 0.0000000000
61527  7.620  -5.011  43.761 0.0000000000
59272  8.010  -6.826  42.839 0.0000000000
146679  7.305  -4.109  40.845 0.0000000000
61563  8.492  -4.858  39.454 0.0000000000
61547  8.460  -5.003  40.248 0.0000000000
59285  8.532  -6.722  41.009 0.0000000000
58121  8.249  -7.436  41.054 0.0000000000
58130  8.023  -8.019  40.525 0.0000000000
57126  7.713  -8.756  39.800 0.0000000000
55956  7.171  -9.882  38.887 0.0000000000
55971  7.066  -10.483  38.493 0.0000000000
55969  8.269  -9.646  37.674 0.0000000000
55970  7.606  -10.295  37.920 0.0000000000
54922  7.261  -10.906  37.733 0.0000000000
54937  6.975  -11.499  37.437 0.0000000000
53887  6.910  -12.470  36.215 0.0000000000
52810  6.528  -12.952  35.713 0.0000000000
52809  6.580  -12.728  35.292 0.0000000000
52825  6.006  -12.729  34.279 0.0000000000
53916  6.433  -12.159  33.755 0.0000000000
59367  9.541  -6.703  34.238 0.0000000000
58179  9.051  -7.467  32.813 0.0000000000
56031  8.510  -9.092  32.301 0.0000000000
59394  7.724  -6.816  31.959 0.0000000000
57195  8.058  -8.400  31.858 0.0000000000
56032  7.706  -9.294  31.716 0.0000000000
56033  6.774  -9.488  31.152 0.0000000000
74316  5.402  6.278  42.722 0.0000000000
73298  5.223  5.372  42.440 0.0000000000
74332  6.444  6.096  41.491 0.0000000000
73297  5.756  5.235  41.755 0.0000000000
72328  5.441  4.397  41.524 0.0000000000
71203  5.235  3.711  41.152 0.0000000000
70074  4.957  3.007  40.767 0.0000000000
156680  4.897  2.516  40.334 0.0000000000
70084  6.057  3.243  39.776 0.0000000000
69041  5.344  2.453  39.717 0.0000000000
69051  5.022  1.758  39.299 0.0000000000
68011  4.826  1.218  38.961 0.0000000000
66903  4.713  0.198  38.030 0.0000000000
70097  8.473  3.198  37.743 0.0000000000
69061  7.819  2.459  37.871 0.0000000000
68037  8.106  1.364  36.249 0.0000000000
69073  7.761  1.735  37.176 0.0000000000
68026  6.710  1.342  37.540 0.0000000000
68038  6.176  0.846  37.229 0.0000000000
66918  4.898  -0.245  37.136 0.0000000000
66934  4.598  -0.937  36.448 0.0000000000
65825  4.365  -1.610  35.988 0.0000000000
64770  4.247  -2.503  35.071 0.0000000000
64776  4.313  -2.589  34.182 0.0000000000
65843  4.502  -1.640  34.445 0.0000000000
156350  4.339  -2.909  34.152 0.0000000000
61673  4.698  -3.453  33.187 0.0000000000
61687  4.808  -3.752  32.740 0.0000000000
61700  4.613  -3.888  31.865 0.0000000000
66973  4.669  -0.207  31.464 0.0000000000
65865  4.354  -0.863  31.723 0.0000000000
64804  4.121  -2.120  31.436 0.0000000000
62714  4.286  -3.167  31.257 0.0000000000
60539  4.667  -4.522  31.336 0.0000000000
50610  3.302  -14.040  43.292 0.0000000000
52724  3.648  -12.696  42.909 0.0000000000
53834  4.566  -11.717  40.348 0.0000000000
54883  4.378  -11.112  41.373 0.0000000000
54911  5.420  -11.130  39.509 0.0000000000
55837  8.450  -9.323  52.199 0.0000000000
55902  4.272  -10.991  43.153 0.0000000000
55929  4.902  -10.298  41.191 0.0000000000
55983  7.913  -10.410  37.201 0.0000000000
55993  9.117  -9.394  36.061 0.0000000000
56022  9.326  -9.051  33.428 0.0000000000
56023  8.847  -9.581  32.912 0.0000000000
56954  9.033  -7.396  53.280 0.0000000000
56958  6.878  -7.197  53.301 0.0000000000
57094  6.844  -8.798  41.198 0.0000000000
57110  7.262  -8.733  40.607 0.0000000000
57112  5.609  -9.662  41.090 0.0000000000
57137  8.336  -9.006  38.374 0.0000000000
57138  7.732  -9.267  39.002 0.0000000000
57148  8.871  -8.711  37.683 0.0000000000
57186  9.347  -8.268  33.134 0.0000000000
57187  8.812  -8.288  32.470 0.0000000000
58020  6.547  -6.854  53.207 0.0000000000
58034  4.656  -7.984  51.130 0.0000000000
58172  9.515  -7.486  33.627 0.0000000000
59144  8.907  -5.493  53.595 0.0000000000
59156  13.252  -5.112  52.786 0.0000000000
59163  5.049  -7.133  52.158 0.0000000000
59297  8.810  -6.531  40.274 0.0000000000
59320  9.415  -6.775  37.878 0.0000000000
59343  9.673  -6.971  36.183 0.0000000000
59354  9.694  -6.859  35.224 0.0000000000
59381  8.409  -6.102  32.945 0.0000000000
59393  8.465  -6.752  32.567 0.0000000000
60284  12.463  -4.745  53.459 0.0000000000
60286  6.899  -5.574  53.449 0.0000000000
60394  8.484  -6.186  41.536 0.0000000000
60449  9.036  -5.395  37.974 0.0000000000
60459  9.064  -5.212  37.145 0.0000000000
60481  8.912  -5.246  34.597 0.0000000000
60495  8.471  -5.292  33.874 0.0000000000
60509  6.713  -5.022  32.977 0.0000000000
60522  7.122  -5.534  32.520 0.0000000000
61447  10.121  -4.451  53.692 0.0000000000
61451  12.277  -4.150  53.665 0.0000000000
61538  6.747  -3.920  42.685 0.0000000000
61548  8.146  -4.723  40.900 0.0000000000
61565  5.437  -3.179  40.027 0.0000000000
61594  6.117  -3.727  38.220 0.0000000000
61626  5.551  -3.502  36.895 0.0000000000
61637  7.445  -4.601  34.707 0.0000000000
61652  7.603  -4.896  33.942 0.0000000000
61668  6.955  -4.889  33.550 0.0000000000
61670  5.534  -4.254  33.604 0.0000000000
61671  5.137  -4.031  33.050 0.0000000000
61688  4.596  -3.530  32.353 0.0000000000
62563  8.857  -4.181  53.666 0.0000000000
62565  11.705  -3.714  53.715 0.0000000000
62569  8.712  -3.660  53.633 0.0000000000
62570  8.068  -3.655  53.524 0.0000000000
62574  12.894  -3.367  53.667 0.0000000000
62577  6.599  -3.972  53.072 0.0000000000
62631  4.372  -1.996  45.804 0.0000000000
62638  4.071  -1.049  44.797 0.0000000000
62642  4.517  -2.054  42.967 0.0000000000
62649  4.406  -2.093  42.047 0.0000000000
62671  4.898  -2.662  39.813 0.0000000000
62675  5.109  -2.949  38.631 0.0000000000
62681  5.018  -2.947  38.068 0.0000000000
62686  5.193  -3.535  36.293 0.0000000000
62703  4.443  -3.074  33.562 0.0000000000
63561  10.722  -2.918  53.497 0.0000000000
63565  7.992  -3.094  53.481 0.0000000000
63571  6.363  -3.575  52.801 0.0000000000
63743  4.171  -2.588  30.978 0.0000000000
64613  10.321  -2.592  53.308 0.0000000000
64628  12.366  -2.278  53.034 0.0000000000
64742  4.160  -1.656  39.851 0.0000000000
64753  4.087  -1.200  38.428 0.0000000000
64782  4.378  -2.414  33.236 0.0000000000
65834  4.265  -1.936  35.211 0.0000000000
66714  7.620  -0.436  51.850 0.0000000000
66858  3.856  0.761  40.406 0.0000000000
66917  5.376  -0.019  36.704 0.0000000000
66930  8.447  1.255  35.370 0.0000000000
66961  7.394  0.379  33.622 0.0000000000
66971  6.302  0.364  32.403 0.0000000000
67953  3.388  0.898  44.450 0.0000000000
68027  5.020  0.859  38.350 0.0000000000
68072  9.190  1.851  34.139 0.0000000000
68085  8.487  1.551  32.966 0.0000000000
68096  7.447  1.742  31.887 0.0000000000
68099  5.096  1.083  30.707 0.0000000000
69003  3.478  2.032  43.883 0.0000000000
69042  4.489  1.649  40.139 0.0000000000
69052  4.632  1.369  39.482 0.0000000000
69090  9.578  2.494  34.590 0.0000000000
70059  3.937  2.849  42.385 0.0000000000
70066  4.482  2.925  41.562 0.0000000000
70091  6.945  3.192  39.087 0.0000000000
71215  5.591  3.539  40.508 0.0000000000
71221  8.485  4.437  38.270 0.0000000000
71231  9.613  4.215  36.356 0.0000000000
72294  3.937  4.844  45.712 0.0000000000
72311  4.433  4.446  42.767 0.0000000000
72312  4.253  4.765  43.348 0.0000000000
72327  6.840  5.187  40.521 0.0000000000
73282  4.368  5.345  43.719 0.0000000000
125476  12.977  -3.769  53.682 0.0000000000
125793  7.853  -6.445  53.575 0.0000000000
125830  5.799  -8.686  44.081 0.0000000000
126776  4.233  -1.187  31.356 0.0000000000
127377  8.825  -7.144  39.846 0.0000000000
127531  19.086  -5.945  48.003 0.0000000000
127887  11.184  -3.308  53.630 0.0000000000
130211  6.309  -0.188  35.062 0.0000000000
130228  9.263  -9.371  35.187 0.0000000000
131536  4.504  -1.188  32.473 0.0000000000
131773  5.329  -3.166  40.653 0.0000000000
135354  5.687  -0.239  35.892 0.0000000000
136432  9.046  -5.110  36.375 0.0000000000
137577  4.823  -3.466  35.696 0.0000000000
139087  8.261  -7.287  53.432 0.0000000000
139356  4.398  -2.665  36.399 0.0000000000
139843  7.979  0.699  34.824 0.0000000000
141713  8.531  2.007  36.573 0.0000000000
142283  8.226  -6.154  53.629 0.0000000000
142631  8.678  -1.330  52.606 0.0000000000
143165  3.454  0.165  42.722 0.0000000000
144748  4.297  -1.998  40.349 0.0000000000
144872  6.579  -4.117  36.041 0.0000000000
144997  5.619  -4.058  35.001 0.0000000000
145224  9.269  -8.434  37.064 0.0000000000
145312  3.726  -0.634  42.750 0.0000000000
145750  8.424  -4.659  35.979 0.0000000000
146519  7.625  -2.844  53.221 0.0000000000
146732  7.728  -4.330  40.057 0.0000000000
147044  9.381  -9.210  34.287 0.0000000000
148834  9.768  -3.522  53.657 0.0000000000
150620  5.346  -9.682  52.259 0.0000000000
150900  4.610  -3.348  35.138 0.0000000000
151268  9.329  -5.370  53.595 0.0000000000
153441  5.637  -3.452  38.894 0.0000000000
155003  5.161  -5.796  51.376 0.0000000000
156613  9.310  -5.508  36.100 0.0000000000
156873  17.837  -6.058  48.308 0.0000000000
