#!ascii label  , from subject NIHPD_75_135 vox2ras=TkReg
976
67754  19.255  0.248  -48.583 0.2500000000
135227  19.612  0.318  -49.278 0.2500000000
133104  19.653  -0.284  -48.741 0.7500000000
69877  18.746  3.032  -49.931 0.2500000000
70982  19.046  3.233  -50.541 0.3750000000
69869  18.797  2.209  -49.592 0.2500000000
67769  19.088  0.902  -49.155 0.2500000000
67768  19.630  0.927  -49.875 0.7500000000
66623  20.121  -0.232  -49.439 0.8750000000
67767  20.227  0.258  -49.986 0.8750000000
66622  20.859  -0.498  -49.979 0.8750000000
69876  19.053  2.474  -50.165 0.3750000000
68828  19.463  2.021  -50.443 0.3750000000
67786  19.715  1.492  -50.364 0.8750000000
67784  21.282  0.601  -51.097 1.0000000000
67785  20.387  0.952  -50.630 0.8750000000
66638  21.645  -0.251  -50.782 1.0000000000
65616  22.251  -0.797  -50.761 1.0000000000
70983  18.696  3.749  -50.273 0.2500000000
68846  19.527  2.620  -50.828 0.7500000000
69887  20.139  2.729  -51.534 0.8750000000
68827  20.138  1.898  -51.006 0.8750000000
67808  21.731  1.069  -51.700 1.0000000000
68844  21.424  1.665  -51.965 1.0000000000
66652  22.970  -0.210  -51.536 1.0000000000
66654  22.033  0.338  -51.450 1.0000000000
136211  22.408  -0.294  -51.237 1.0000000000
140737  19.494  3.362  -51.265 0.6250000000
69902  20.777  2.873  -52.325 1.0000000000
68845  20.835  2.123  -51.807 1.0000000000
67826  23.208  1.141  -52.519 1.0000000000
67827  22.682  1.412  -52.553 1.0000000000
68865  21.567  2.264  -52.555 1.0000000000
146288  23.465  0.588  -52.180 1.0000000000
67807  22.461  0.856  -52.001 1.0000000000
130226  24.549  0.231  -51.759 1.0000000000
136935  23.480  0.034  -51.760 1.0000000000
75228  18.229  7.554  -52.253 0.2500000000
149711  18.624  4.333  -50.496 0.2500000000
72157  18.951  4.753  -51.491 0.3750000000
70993  18.945  4.058  -50.929 0.5000000000
71007  19.910  4.168  -52.451 1.0000000000
70991  20.036  3.460  -52.012 1.0000000000
71005  21.458  3.108  -53.144 1.0000000000
71006  20.630  3.611  -52.757 1.0000000000
68862  23.634  1.628  -52.899 1.0000000000
69901  22.040  2.594  -53.212 1.0000000000
69899  24.147  2.156  -53.109 1.0000000000
67824  24.425  0.771  -52.214 1.0000000000
69898  24.891  1.937  -52.587 1.0000000000
68843  25.014  1.267  -52.206 1.0000000000
74190  18.255  7.168  -52.014 0.5000000000
152918  18.272  6.476  -51.594 0.3750000000
73147  18.515  5.551  -51.394 0.5000000000
133908  18.658  6.130  -52.139 0.5000000000
72170  19.714  5.017  -52.856 0.8750000000
72169  20.490  4.321  -53.175 1.0000000000
73167  19.878  5.873  -53.501 1.0000000000
69914  22.161  3.090  -53.589 1.0000000000
71016  23.434  3.213  -53.900 1.0000000000
147982  22.994  3.112  -53.905 1.0000000000
71014  24.841  3.414  -53.205 1.0000000000
71004  24.301  2.824  -53.348 1.0000000000
69897  25.632  2.466  -52.299 0.8750000000
74189  18.522  6.927  -52.347 0.5000000000
74201  18.896  7.340  -53.157 0.6250000000
74215  19.769  7.165  -54.165 0.6250000000
73179  19.984  6.544  -53.980 1.0000000000
74188  19.210  5.936  -52.805 0.7500000000
72192  21.259  5.183  -54.372 1.0000000000
129265  24.671  5.348  -53.952 1.0000000000
72189  23.445  4.541  -54.549 1.0000000000
71029  21.776  4.400  -54.246 1.0000000000
72177  24.652  4.246  -53.678 1.0000000000
72178  23.784  3.879  -54.188 1.0000000000
71027  23.054  3.748  -54.336 1.0000000000
73166  25.506  5.115  -53.266 0.8750000000
135316  26.310  3.761  -52.348 0.8750000000
75227  18.522  7.733  -52.787 0.5000000000
75239  19.360  7.668  -53.934 0.8750000000
74225  21.663  7.016  -55.657 1.0000000000
74213  21.012  6.172  -54.807 1.0000000000
74199  24.331  5.951  -54.432 1.0000000000
73185  22.659  6.012  -55.352 1.0000000000
72191  22.084  4.853  -54.632 1.0000000000
74210  24.397  6.825  -54.514 1.0000000000
73165  26.252  5.811  -52.979 1.0000000000
74198  24.885  6.336  -53.924 1.0000000000
74197  25.509  6.004  -53.453 1.0000000000
76360  18.721  8.488  -53.490 0.5000000000
75240  18.954  8.128  -53.654 0.8750000000
141322  19.890  7.870  -54.676 1.0000000000
76388  22.048  8.660  -56.423 1.0000000000
75258  21.802  7.565  -55.949 1.0000000000
74227  20.501  7.623  -55.208 1.0000000000
77370  24.678  9.259  -54.705 1.0000000000
75256  23.683  7.951  -55.335 1.0000000000
77360  26.228  8.763  -53.647 1.0000000000
76368  24.818  8.421  -54.437 1.0000000000
75246  24.254  7.737  -54.796 1.0000000000
75237  26.436  7.409  -53.369 1.0000000000
75245  24.914  7.641  -54.176 1.0000000000
75223  27.122  6.916  -53.037 0.8750000000
80352  21.143  11.994  -56.758 1.0000000000
145157  19.758  11.155  -55.732 0.3750000000
79401  20.717  11.247  -56.533 0.8750000000
143123  22.126  9.974  -56.556 1.0000000000
78378  25.319  9.951  -54.375 1.0000000000
77378  23.941  9.335  -55.391 1.0000000000
80363  20.762  12.836  -56.849 0.8750000000
80362  21.599  12.700  -57.001 1.0000000000
139424  21.927  12.043  -56.808 1.0000000000
79400  21.488  11.298  -56.693 1.0000000000
80351  22.711  12.283  -56.662 1.0000000000
78386  24.499  10.171  -55.050 1.0000000000
134516  24.082  10.875  -55.522 1.0000000000
141748  25.913  10.681  -54.226 1.0000000000
81223  20.791  13.637  -56.984 0.7500000000
144727  22.227  12.687  -56.920 1.0000000000
80340  24.986  12.142  -55.043 1.0000000000
80341  24.305  12.428  -55.548 1.0000000000
79387  24.542  11.585  -55.275 1.0000000000
81212  22.087  13.319  -57.147 1.0000000000
81201  23.220  12.929  -56.496 1.0000000000
80342  23.463  12.317  -56.186 1.0000000000
86015  21.182  19.240  -55.809 0.1250000000
86959  21.543  19.542  -55.245 0.1250000000
140242  21.269  19.009  -57.631 0.2500000000
86973  21.361  19.748  -57.309 0.1250000000
86992  21.993  19.600  -58.584 0.3750000000
87950  21.635  20.359  -57.838 0.2500000000
86991  22.609  19.674  -58.923 0.5000000000
141492  22.154  20.006  -58.812 0.2500000000
87977  22.971  20.991  -59.608 0.3750000000
87941  21.559  20.348  -57.047 0.2500000000
87952  21.805  20.216  -58.574 0.2500000000
144760  22.103  21.050  -58.459 0.2500000000
89024  22.744  21.956  -59.625 0.2500000000
87965  22.390  20.492  -59.060 0.2500000000
89023  22.907  21.660  -59.832 0.2500000000
87978  22.482  21.318  -59.336 0.2500000000
89022  23.583  21.480  -59.961 0.3750000000
89030  23.274  22.009  -60.284 0.2500000000
67755  19.017  0.651  -48.684 0.1250000000
68817  19.159  1.641  -49.799 0.2500000000
65614  23.470  -0.668  -51.251 1.0000000000
75247  23.589  7.082  -55.310 1.0000000000
66603  18.971  0.162  -47.465 0.1250000000
65599  20.325  -0.889  -49.109 0.6250000000
64564  20.724  -1.502  -49.002 0.7500000000
134634  18.662  2.708  -49.609 0.1250000000
64563  21.329  -1.929  -49.190 1.0000000000
68796  18.913  0.936  -48.911 0.1250000000
64574  22.500  -1.345  -50.472 1.0000000000
66637  24.862  -0.850  -50.895 1.0000000000
72149  18.607  4.816  -50.892 0.3750000000
74179  18.210  5.971  -51.179 0.2500000000
69886  25.542  1.803  -52.068 0.8750000000
72167  26.696  4.384  -52.391 0.8750000000
70990  26.572  3.046  -51.972 0.8750000000
73156  27.114  5.701  -52.669 0.8750000000
141171  19.597  11.068  -55.408 0.1250000000
79389  19.551  10.499  -55.262 0.1250000000
126317  18.681  8.765  -53.554 0.3750000000
76369  19.549  8.841  -54.746 0.6250000000
76359  26.139  8.037  -53.616 1.0000000000
74187  26.882  6.287  -52.906 0.8750000000
80353  20.407  11.991  -56.472 0.5000000000
155767  19.986  10.803  -55.934 0.3750000000
77389  20.346  9.811  -55.948 0.8750000000
78376  26.890  10.740  -53.848 1.0000000000
146031  26.431  11.414  -54.226 1.0000000000
81222  21.375  13.448  -57.170 1.0000000000
82194  21.120  14.190  -57.235 0.8750000000
83154  23.170  15.298  -57.021 1.0000000000
82169  24.224  14.044  -55.955 1.0000000000
82157  25.332  13.475  -55.104 1.0000000000
86944  21.413  19.421  -54.080 0.1250000000
86016  20.824  18.653  -55.775 0.1250000000
86030  21.432  18.146  -57.885 0.6250000000
86035  21.814  18.978  -58.159 0.6250000000
86990  23.373  19.634  -58.771 0.5000000000
86971  21.468  19.810  -56.318 0.2500000000
87976  23.950  20.917  -59.509 0.5000000000
87949  21.931  21.004  -57.313 0.2500000000
89016  22.505  21.783  -59.004 0.1250000000
89031  22.937  22.145  -60.055 0.2500000000
89975  23.551  22.301  -60.866 0.2500000000
89029  24.081  21.841  -60.474 0.3750000000
89980  23.545  22.456  -61.621 0.2500000000
66615  19.031  0.240  -48.105 0.1250000000
68809  18.913  1.305  -49.241 0.1250000000
65598  21.108  -1.258  -49.560 0.7500000000
153800  21.604  -1.578  -49.713 1.0000000000
65597  21.739  -1.133  -50.202 1.0000000000
67809  20.954  1.369  -51.398 1.0000000000
66639  20.880  0.194  -50.522 1.0000000000
65615  22.844  -0.889  -50.987 1.0000000000
70992  19.408  4.063  -51.717 0.8750000000
67825  23.800  0.963  -52.466 1.0000000000
68864  22.354  2.051  -52.926 1.0000000000
67805  23.953  0.345  -52.036 1.0000000000
66651  24.207  -0.346  -51.461 1.0000000000
72156  19.363  4.651  -52.124 0.8750000000
71019  21.127  3.804  -53.369 1.0000000000
68861  24.283  1.425  -52.642 1.0000000000
68863  23.031  1.928  -53.131 1.0000000000
69912  23.204  2.633  -53.570 1.0000000000
69911  23.726  2.706  -53.523 1.0000000000
151630  24.871  2.668  -52.882 1.0000000000
73158  19.028  5.332  -52.102 0.6250000000
149067  18.895  6.620  -52.759 0.6250000000
72180  20.484  5.091  -53.695 1.0000000000
73178  20.509  5.951  -54.162 1.0000000000
71028  22.380  4.066  -54.347 1.0000000000
71018  21.833  3.718  -53.838 1.0000000000
72179  21.190  4.405  -53.809 1.0000000000
71015  24.106  3.330  -53.731 1.0000000000
72168  25.658  4.208  -52.825 0.8750000000
147218  26.427  2.035  -51.698 0.8750000000
74214  20.353  6.901  -54.621 1.0000000000
73177  21.717  5.694  -54.961 1.0000000000
130942  24.086  4.608  -54.269 1.0000000000
72190  22.782  4.620  -54.688 1.0000000000
73175  23.169  5.413  -55.030 1.0000000000
73157  26.394  5.061  -52.702 0.8750000000
134393  22.384  7.585  -55.980 1.0000000000
150019  20.829  6.892  -55.173 1.0000000000
74224  22.388  6.811  -55.690 1.0000000000
73186  22.062  6.215  -55.385 1.0000000000
74211  23.757  6.104  -54.953 1.0000000000
73176  22.440  5.429  -55.030 1.0000000000
75238  25.604  7.538  -53.737 1.0000000000
127908  25.614  6.821  -53.568 1.0000000000
76370  19.079  8.748  -54.139 0.6250000000
152334  19.792  8.581  -54.889 0.7500000000
75248  20.207  8.393  -55.263 1.0000000000
75268  21.292  8.168  -56.052 1.0000000000
76390  20.807  8.717  -56.033 1.0000000000
75266  22.373  8.149  -56.188 1.0000000000
77386  22.439  9.303  -56.395 1.0000000000
77379  23.195  9.327  -55.995 1.0000000000
76387  22.735  8.626  -56.148 1.0000000000
77369  25.472  9.075  -54.117 1.0000000000
76378  23.449  8.597  -55.650 1.0000000000
75257  23.011  7.839  -55.838 1.0000000000
79402  20.114  11.268  -56.182 0.7500000000
78399  21.049  10.583  -56.561 1.0000000000
78400  20.368  10.545  -56.185 0.7500000000
77388  20.890  9.347  -56.310 1.0000000000
78397  22.898  10.034  -56.292 1.0000000000
139603  21.361  9.947  -56.530 1.0000000000
78387  23.655  10.096  -55.759 1.0000000000
82193  21.864  14.099  -57.329 0.8750000000
78398  21.809  10.636  -56.644 1.0000000000
79399  22.278  11.403  -56.674 1.0000000000
79388  23.755  11.598  -55.823 1.0000000000
143059  23.336  10.808  -56.108 1.0000000000
142969  22.588  10.723  -56.507 1.0000000000
79386  25.433  11.484  -54.675 1.0000000000
82170  23.352  13.792  -56.554 1.0000000000
79398  23.038  11.515  -56.408 1.0000000000
81200  23.855  13.142  -56.056 1.0000000000
83155  23.074  14.545  -56.907 1.0000000000
82182  22.587  13.960  -57.032 1.0000000000
86011  21.091  19.062  -54.927 0.1250000000
86020  21.026  19.022  -56.719 0.1250000000
86979  21.501  19.688  -58.102 0.2500000000
87964  23.309  20.265  -59.189 0.5000000000
86034  22.392  19.007  -58.540 0.7500000000
149185  19.203  -0.295  -47.857 0.2500000000
66594  19.032  -0.155  -47.083 0.1250000000
66602  19.100  -0.628  -46.907 0.1250000000
65587  19.711  -0.942  -48.271 0.6250000000
65586  20.243  -1.390  -48.566 0.7500000000
64562  22.181  -1.976  -49.774 1.0000000000
79378  19.349  9.998  -54.814 0.5000000000
126318  18.875  9.020  -53.999 0.6250000000
76379  20.410  8.732  -55.635 0.8750000000
134786  19.693  9.382  -55.124 0.7500000000
77380  20.367  9.206  -55.796 0.8750000000
78388  19.908  10.316  -55.642 0.7500000000
77381  19.957  9.603  -55.466 0.8750000000
148014  20.769  10.011  -56.344 1.0000000000
83164  22.388  14.898  -57.289 1.0000000000
83153  24.352  15.591  -56.323 1.0000000000
125559  20.570  18.226  -56.594 0.3750000000
86029  22.222  18.324  -58.175 0.7500000000
86033  23.116  19.082  -58.530 0.7500000000
89035  24.406  22.074  -61.308 0.2500000000
61389  22.213  -5.538  -46.890 0.7500000000
61400  24.352  -5.765  -47.703 0.7500000000
61390  21.458  -5.140  -46.718 0.7500000000
61403  21.525  -4.545  -47.295 0.7500000000
61401  23.595  -5.260  -47.764 0.7500000000
60230  22.861  -5.449  -47.301 0.7500000000
61402  22.827  -4.752  -47.844 0.7500000000
62501  22.077  -4.323  -47.840 0.7500000000
61412  24.322  -5.083  -48.184 0.7500000000
61413  23.562  -4.568  -48.308 0.7500000000
61414  22.735  -3.986  -48.461 0.7500000000
64546  21.192  -2.512  -48.618 0.7500000000
64547  20.580  -2.018  -48.468 0.6250000000
63501  22.234  -3.255  -48.779 0.8750000000
63518  21.816  -2.603  -49.033 0.8750000000
142219  24.916  -4.881  -48.501 0.7500000000
62512  24.307  -4.421  -48.627 0.7500000000
62513  23.596  -3.873  -48.824 0.7500000000
63517  22.445  -2.728  -49.295 0.8750000000
63515  24.726  -3.445  -49.245 0.7500000000
63516  23.765  -3.160  -49.375 0.7500000000
141380  23.592  -2.335  -49.928 0.8750000000
64573  22.985  -1.857  -50.268 0.8750000000
145569  25.086  -2.431  -49.860 0.7500000000
64572  24.134  -1.918  -50.241 0.8750000000
147277  23.397  -1.385  -50.680 0.8750000000
66636  25.801  -1.012  -50.625 0.8750000000
65613  25.120  -1.632  -50.370 0.8750000000
66650  25.271  -0.185  -51.216 0.8750000000
67801  27.982  0.051  -51.140 0.3750000000
67802  27.041  0.251  -50.971 0.6250000000
67803  26.068  0.459  -51.186 0.7500000000
141722  29.127  0.345  -51.852 0.5000000000
68840  28.327  0.787  -51.420 0.5000000000
142875  27.340  1.490  -51.362 0.7500000000
153739  26.594  1.470  -51.441 0.7500000000
68860  29.612  1.215  -52.635 0.1250000000
69883  29.231  2.035  -52.177 0.3750000000
69884  28.607  2.277  -51.745 0.6250000000
69885  27.570  2.447  -51.582 0.6250000000
146510  27.529  3.263  -51.772 0.6250000000
68877  30.557  0.455  -53.749 0.1250000000
69895  30.077  1.373  -53.405 0.1250000000
140123  29.639  3.189  -52.667 0.1250000000
71012  30.420  3.152  -53.795 0.1250000000
71000  29.173  4.046  -52.433 0.6250000000
72165  28.955  4.978  -52.488 0.6250000000
142790  27.357  4.976  -52.416 0.7500000000
71026  30.788  3.601  -54.556 0.1250000000
72164  29.677  4.765  -52.906 0.1250000000
73154  29.219  5.685  -52.764 0.5000000000
73155  28.189  5.576  -52.502 0.6250000000
74185  28.593  6.453  -52.765 0.7500000000
69922  30.727  2.141  -54.669 0.1250000000
73153  29.957  5.510  -53.382 0.5000000000
74195  29.544  6.560  -53.259 0.5000000000
74196  28.810  7.166  -53.046 0.6250000000
75222  28.018  7.123  -52.880 0.7500000000
82195  20.514  14.232  -56.853 0.6250000000
83166  20.543  15.468  -57.002 0.5000000000
134909  21.491  14.884  -57.404 0.7500000000
75244  30.121  8.034  -54.109 0.6250000000
76356  28.704  8.643  -53.451 0.6250000000
77359  27.141  9.120  -53.457 0.8750000000
76375  30.546  8.358  -54.999 0.5000000000
76355  29.459  8.499  -53.727 0.6250000000
76366  29.205  9.402  -53.841 0.6250000000
77358  28.175  9.335  -53.452 0.7500000000
83165  20.993  15.566  -57.428 0.7500000000
153996  26.150  12.010  -54.414 0.8750000000
80330  25.634  12.373  -54.708 0.8750000000
77367  27.503  10.037  -53.542 0.7500000000
79376  27.385  11.471  -54.094 0.8750000000
142901  26.902  12.099  -54.232 0.8750000000
80328  27.253  12.764  -54.450 0.8750000000
81184  26.720  13.428  -54.618 0.8750000000
76386  30.590  8.875  -55.831 0.3750000000
76376  30.321  9.314  -55.111 0.5000000000
77365  29.804  9.789  -54.560 0.5000000000
78374  28.858  10.841  -54.238 0.6250000000
155537  30.531  9.115  -56.366 0.2500000000
77376  30.379  9.657  -56.016 0.3750000000
157554  29.621  10.687  -54.839 0.5000000000
84135  21.164  16.359  -57.603 0.6250000000
84134  21.976  16.546  -57.745 0.7500000000
125516  21.775  15.683  -57.535 0.7500000000
81199  24.639  13.358  -55.499 0.8750000000
82168  25.192  14.213  -55.387 0.7500000000
82155  26.683  14.161  -54.829 0.8750000000
142146  28.317  11.511  -54.303 0.6250000000
79374  28.601  12.179  -54.685 0.7500000000
77377  30.122  10.063  -55.233 0.3750000000
78385  30.015  10.660  -55.910 0.5000000000
81196  28.828  13.543  -55.560 0.7500000000
77385  30.441  9.274  -57.003 0.2500000000
85069  21.306  17.212  -57.795 0.6250000000
83163  22.591  15.882  -57.389 0.8750000000
137763  23.730  15.624  -56.719 0.8750000000
83152  25.030  15.617  -55.903 0.8750000000
85060  24.674  16.970  -56.614 0.7500000000
83147  25.549  15.160  -55.538 0.8750000000
82165  28.088  15.079  -55.626 0.7500000000
80339  28.851  12.848  -55.197 0.5000000000
78408  29.799  11.012  -57.944 0.2500000000
142301  29.773  11.508  -57.142 0.5000000000
79397  29.756  11.519  -56.327 0.5000000000
156105  30.091  9.763  -58.071 0.2500000000
85070  20.567  17.068  -57.267 0.5000000000
85068  22.109  17.449  -57.971 0.6250000000
127023  23.918  17.978  -57.417 0.7500000000
85066  24.620  17.719  -56.954 0.7500000000
85065  25.523  18.069  -56.873 0.7500000000
85058  26.740  17.455  -56.554 0.7500000000
85059  25.955  17.452  -56.472 0.7500000000
143982  25.613  18.693  -57.376 0.7500000000
84126  26.394  16.833  -56.140 0.7500000000
83145  27.769  15.930  -56.024 0.7500000000
84118  27.390  16.798  -56.394 0.7500000000
82179  29.242  14.383  -57.005 0.5000000000
83151  28.968  15.182  -57.057 0.3750000000
83144  28.458  15.574  -56.398 0.6250000000
79409  29.643  11.935  -57.726 0.2500000000
81221  29.433  13.575  -57.114 0.3750000000
137325  29.437  14.051  -57.673 0.3750000000
132059  22.826  18.564  -58.230 0.6250000000
125636  23.009  17.857  -57.727 0.7500000000
86027  24.643  18.544  -57.462 0.7500000000
86026  26.297  18.413  -57.138 0.7500000000
86017  27.393  18.086  -57.264 0.7500000000
85063  28.345  17.315  -57.674 0.6250000000
157202  29.239  15.377  -58.352 0.3750000000
84132  28.908  16.209  -57.732 0.3750000000
153453  29.419  12.043  -59.190 0.1250000000
130474  29.203  13.172  -59.602 0.1250000000
81237  29.258  13.939  -59.290 0.2500000000
86028  23.568  18.574  -57.903 0.6250000000
86977  25.240  19.287  -57.841 0.7500000000
86976  26.324  19.077  -57.731 0.6250000000
86975  27.146  18.975  -57.910 0.7500000000
84138  28.742  16.750  -58.093 0.3750000000
152436  28.148  17.912  -57.928 0.3750000000
85057  27.412  17.563  -56.893 0.7500000000
156310  28.974  15.074  -59.586 0.2500000000
83172  29.082  16.008  -58.433 0.3750000000
84133  28.541  16.642  -57.344 0.6250000000
80383  28.531  12.408  -61.255 0.1250000000
81243  28.660  13.314  -60.984 0.1250000000
125908  29.207  12.104  -59.966 0.1250000000
86989  24.869  19.905  -58.464 0.6250000000
87961  26.294  20.041  -58.814 0.3750000000
86988  25.874  19.769  -58.319 0.3750000000
87000  27.383  19.459  -59.080 0.3750000000
85084  28.247  17.413  -61.158 0.2500000000
85072  28.480  17.523  -58.508 0.3750000000
86986  27.562  18.964  -58.453 0.3750000000
144257  28.445  14.807  -61.249 0.1250000000
129453  28.700  15.974  -60.259 0.3750000000
84140  28.812  16.700  -58.957 0.3750000000
80391  28.017  11.892  -62.084 0.1250000000
83190  28.743  15.149  -60.258 0.1250000000
87984  25.416  21.193  -60.250 0.3750000000
143989  24.010  19.935  -58.726 0.3750000000
87962  25.479  20.405  -58.940 0.3750000000
87982  26.808  20.303  -60.333 0.3750000000
87974  26.349  20.407  -59.482 0.3750000000
86059  27.860  18.872  -61.117 0.3750000000
87005  27.466  19.597  -60.539 0.3750000000
87973  27.121  19.875  -59.698 0.3750000000
85085  27.981  18.090  -61.569 0.3750000000
86042  28.313  18.139  -59.842 0.3750000000
86051  27.963  18.840  -60.211 0.3750000000
141823  27.309  14.432  -63.120 0.1250000000
83199  28.498  15.687  -60.974 0.1250000000
85092  28.183  16.775  -61.645 0.2500000000
143338  27.867  13.520  -62.266 0.1250000000
89033  26.071  21.056  -61.716 0.2500000000
87015  26.771  20.267  -61.908 0.2500000000
87989  26.476  20.695  -61.008 0.3750000000
87983  26.103  20.870  -60.221 0.3750000000
86067  27.375  18.693  -62.893 0.1250000000
128727  27.391  19.545  -61.533 0.3750000000
87010  27.041  20.122  -61.072 0.3750000000
137757  27.718  17.854  -62.492 0.1250000000
86063  27.632  18.770  -62.020 0.2500000000
84171  27.017  16.199  -63.867 0.1250000000
85093  28.021  17.416  -61.853 0.1250000000
89034  25.325  21.612  -61.496 0.3750000000
89027  25.783  21.243  -60.867 0.3750000000
87991  26.222  20.793  -62.611 0.2500000000
86068  26.965  19.343  -63.284 0.1250000000
135949  26.538  19.913  -63.759 0.1250000000
86073  27.042  18.670  -63.593 0.1250000000
130668  26.654  19.140  -64.086 0.1250000000
83220  26.534  15.137  -64.235 0.1250000000
85112  26.476  17.350  -64.754 0.1250000000
88000  25.599  20.572  -64.979 0.1250000000
149741  26.298  18.027  -65.060 0.1250000000
87030  25.671  19.694  -65.497 0.1250000000
84182  25.391  15.935  -65.975 0.1250000000
83228  25.567  14.986  -65.735 0.1250000000
154536  23.493  -1.862  -50.297 0.8750000000
75233  30.191  7.100  -53.904 0.6250000000
78375  27.946  10.831  -53.885 0.8750000000
152386  29.165  12.096  -55.117 0.5000000000
78395  30.251  10.116  -56.834 0.3750000000
138831  22.880  16.809  -57.454 0.8750000000
154202  23.490  16.622  -57.056 0.8750000000
85067  23.777  17.207  -57.074 0.7500000000
84127  24.895  16.248  -56.247 0.8750000000
131964  25.498  16.842  -56.286 0.7500000000
84119  26.900  16.131  -55.815 0.7500000000
83146  26.514  15.406  -55.443 0.7500000000
80350  29.407  12.980  -56.524 0.5000000000
81209  29.148  13.833  -56.208 0.5000000000
81210  28.553  14.226  -55.596 0.7500000000
80361  29.537  12.764  -57.425 0.5000000000
84163  27.557  16.156  -62.924 0.1250000000
87014  27.210  19.476  -62.443 0.2500000000
87029  26.218  18.882  -65.033 0.1250000000
144112  26.000  16.521  -65.212 0.1250000000
70988  29.048  2.990  -52.100 0.5000000000
71001  28.162  3.784  -51.967 0.6250000000
71002  27.112  3.806  -52.048 0.7500000000
148954  30.589  7.432  -54.668 0.3750000000
137810  30.808  8.072  -55.992 0.2500000000
81197  28.225  13.617  -55.050 0.7500000000
85105  27.465  17.059  -63.198 0.1250000000
76396  30.505  8.369  -57.674 0.1250000000
59097  23.098  -7.034  -46.135 0.7500000000
60204  22.240  -6.653  -45.994 0.7500000000
156318  20.828  -5.012  -46.336 0.7500000000
60217  23.720  -6.710  -46.703 0.7500000000
150459  24.948  -6.142  -47.585 0.7500000000
63503  20.691  -2.801  -47.949 0.6250000000
62502  21.333  -3.865  -47.683 0.7500000000
61411  25.122  -5.557  -48.114 0.6250000000
62525  25.099  -4.256  -48.893 0.7500000000
63514  25.607  -3.737  -49.329 0.6250000000
64571  25.793  -2.314  -50.016 0.6250000000
144572  27.002  -1.336  -50.498 0.5000000000
66635  28.132  -1.462  -50.834 0.3750000000
137675  28.839  -0.168  -51.569 0.1250000000
67823  29.620  0.340  -52.382 0.1250000000
68859  30.039  0.316  -53.104 0.1250000000
68876  30.994  0.659  -54.350 0.1250000000
69921  31.370  1.582  -55.467 0.1250000000
71025  31.052  2.804  -55.517 0.1250000000
142956  20.775  14.881  -57.185 0.3750000000
72187  31.110  4.186  -55.382 0.1250000000
72188  30.767  4.757  -54.487 0.1250000000
74223  30.964  6.811  -55.308 0.1250000000
84129  20.176  16.650  -56.452 0.5000000000
77399  29.917  9.335  -58.740 0.1250000000
77394  30.278  9.180  -57.975 0.2500000000
78414  29.581  9.728  -59.411 0.1250000000
79422  29.373  11.310  -59.638 0.1250000000
79428  28.875  11.155  -60.693 0.1250000000
138408  20.493  17.813  -57.141 0.3750000000
79429  28.413  11.527  -61.436 0.1250000000
128941  27.251  12.007  -63.355 0.1250000000
80399  27.497  11.423  -62.944 0.1250000000
152201  26.871  13.560  -63.739 0.1250000000
82238  26.235  13.395  -65.062 0.1250000000
87940  22.048  20.466  -56.290 0.1250000000
155630  25.349  21.570  -63.079 0.2500000000
89044  25.156  21.589  -63.748 0.1250000000
89050  24.640  21.794  -64.424 0.1250000000
145116  25.629  18.973  -65.861 0.1250000000
85113  25.923  17.416  -65.479 0.1250000000
143809  25.603  14.540  -66.092 0.1250000000
131404  25.216  16.635  -66.454 0.1250000000
76357  27.797  8.492  -53.319 0.7500000000
75236  27.445  7.688  -53.184 0.7500000000
81224  20.277  13.511  -56.608 0.3750000000
81185  25.834  13.112  -54.749 0.8750000000
143708  24.145  -1.129  -50.838 0.8750000000
153649  22.929  -1.373  -50.636 0.8750000000
68842  25.904  1.262  -51.598 0.7500000000
72166  27.515  4.344  -52.199 0.6250000000
77368  26.311  9.796  -53.751 0.8750000000
82181  23.792  14.824  -56.486 0.8750000000
83148  24.656  14.917  -55.881 0.8750000000
82156  25.946  13.869  -54.844 0.8750000000
139443  24.819  20.800  -59.384 0.3750000000
89021  24.626  21.264  -59.963 0.3750000000
133705  24.169  22.277  -62.221 0.1250000000
89040  24.907  21.957  -62.055 0.2500000000
129524  22.153  -4.959  -47.326 0.7500000000
60219  21.862  -5.912  -46.354 0.7500000000
60218  22.796  -6.190  -46.669 0.7500000000
60229  23.616  -5.998  -47.256 0.7500000000
60228  24.404  -6.442  -47.203 0.7500000000
61391  20.706  -4.346  -46.750 0.7500000000
62514  21.959  -3.753  -48.263 0.7500000000
63502  21.464  -3.176  -48.346 0.7500000000
64535  20.105  -2.231  -47.745 0.6250000000
63500  22.950  -3.273  -49.115 0.8750000000
62526  24.296  -3.830  -48.984 0.7500000000
64561  22.972  -2.573  -49.678 0.8750000000
64560  24.393  -2.716  -49.670 0.7500000000
138259  25.161  -3.054  -49.489 0.7500000000
65612  26.218  -1.829  -50.258 0.6250000000
66649  26.445  -0.369  -50.808 0.7500000000
66647  28.527  -0.814  -51.226 0.2500000000
66648  27.538  -0.613  -50.871 0.5000000000
68841  26.726  0.983  -51.224 0.7500000000
68839  29.029  1.245  -51.904 0.5000000000
67800  29.562  -0.177  -51.926 0.1250000000
69896  29.643  2.284  -52.674 0.2500000000
70989  28.223  2.999  -51.735 0.6250000000
125373  30.381  2.097  -53.848 0.1250000000
69909  30.947  1.127  -54.817 0.1250000000
70999  30.052  2.684  -53.213 0.1250000000
71013  29.998  3.748  -53.043 0.5000000000
147262  30.359  4.438  -53.689 0.1250000000
73164  30.457  5.330  -53.951 0.1250000000
74194  30.305  6.149  -53.866 0.1250000000
75234  29.418  7.655  -53.480 0.6250000000
154394  29.028  8.180  -53.438 0.6250000000
148856  29.247  10.191  -54.223 0.6250000000
80327  28.083  12.840  -54.673 0.7500000000
130288  27.958  14.375  -55.178 0.7500000000
131165  29.555  11.485  -55.418 0.5000000000
82167  26.166  14.639  -55.101 0.7500000000
78396  29.934  10.858  -56.955 0.3750000000
84120  25.818  16.077  -55.811 0.7500000000
82180  28.787  14.741  -56.261 0.6250000000
151281  27.343  15.495  -55.556 0.7500000000
79385  29.422  12.342  -55.854 0.5000000000
79416  29.565  11.589  -58.653 0.1250000000
128010  29.599  10.674  -59.056 0.1250000000
78407  30.053  10.297  -57.633 0.2500000000
143917  29.851  10.147  -58.475 0.1250000000
86019  26.293  17.915  -56.737 0.7500000000
83162  28.759  15.957  -57.118 0.6250000000
82192  29.339  14.813  -57.878 0.3750000000
83161  29.121  15.609  -57.749 0.3750000000
80369  29.495  12.520  -58.436 0.1250000000
130134  29.398  13.288  -58.838 0.3750000000
86987  26.831  19.519  -58.441 0.3750000000
82212  29.231  14.891  -58.940 0.3750000000
128852  29.337  12.642  -59.296 0.1250000000
81242  28.969  13.665  -60.101 0.1250000000
80382  28.979  12.780  -60.348 0.1250000000
85075  28.538  17.424  -59.431 0.3750000000
86032  28.312  18.054  -59.100 0.3750000000
82225  28.343  13.872  -61.562 0.1250000000
81250  28.099  12.865  -61.927 0.1250000000
82219  28.701  14.226  -60.649 0.1250000000
84147  28.470  16.586  -60.818 0.2500000000
82231  27.951  14.435  -62.228 0.1250000000
83206  28.209  15.430  -61.792 0.1250000000
87975  25.480  20.841  -59.671 0.3750000000
86050  28.175  18.141  -60.709 0.3750000000
82232  27.394  13.580  -62.925 0.1250000000
83207  27.700  15.324  -62.587 0.1250000000
83214  27.152  15.278  -63.421 0.1250000000
140788  26.723  14.363  -63.910 0.1250000000
84155  28.012  16.131  -62.145 0.1250000000
85098  27.843  16.905  -62.373 0.1250000000
81258  27.020  12.723  -63.612 0.1250000000
89039  25.546  21.491  -62.437 0.2500000000
87019  26.726  20.092  -62.921 0.2500000000
86072  27.292  17.959  -63.428 0.1250000000
145338  26.600  16.645  -64.494 0.1250000000
84172  26.296  15.844  -64.665 0.1250000000
87995  26.216  20.573  -63.454 0.1250000000
148204  26.090  20.380  -64.168 0.1250000000
87024  26.189  19.790  -64.598 0.1250000000
86078  26.751  18.187  -64.278 0.1250000000
83221  25.893  14.937  -65.001 0.1250000000
85106  27.003  17.240  -64.017 0.1250000000
89049  25.119  21.350  -64.719 0.1250000000
89043  25.699  20.967  -64.051 0.1250000000
59096  23.895  -7.354  -46.159 0.7500000000
61379  21.008  -5.608  -45.963 0.7500000000
60205  21.539  -6.292  -45.807 0.7500000000
63489  19.907  -2.768  -47.096 0.5000000000
156162  21.029  -3.332  -47.843 0.6250000000
148785  25.973  -3.077  -49.721 0.6250000000
135525  27.023  -2.161  -50.299 0.5000000000
73184  31.138  5.175  -55.729 0.1250000000
72198  31.262  4.311  -56.346 0.1250000000
74208  30.946  5.928  -55.161 0.1250000000
134273  29.222  10.230  -60.209 0.1250000000
81266  26.608  12.804  -64.538 0.1250000000
82245  26.171  14.204  -64.684 0.1250000000
59089  20.940  -6.315  -45.358 0.7500000000
62482  19.920  -4.127  -46.012 0.5000000000
146156  23.391  -7.738  -45.634 0.6250000000
59087  24.041  -7.822  -45.681 0.6250000000
60203  25.114  -7.079  -46.258 0.3750000000
60216  24.501  -7.009  -46.597 0.6250000000
61387  26.335  -5.991  -46.538 0.2500000000
61388  25.804  -6.283  -47.080 0.3750000000
65611  27.785  -2.139  -50.472 0.3750000000
84136  20.558  16.152  -57.082 0.3750000000
85061  20.295  17.493  -56.494 0.2500000000
86021  20.800  18.358  -57.357 0.2500000000
62500  25.928  -5.520  -48.149 0.5000000000
62524  26.033  -4.461  -49.089 0.5000000000
63513  26.482  -3.880  -49.480 0.3750000000
60202  25.646  -6.926  -45.547 0.5000000000
138541  25.028  -7.414  -45.628 0.6250000000
64570  26.589  -2.629  -50.086 0.5000000000
57948  23.386  -8.805  -44.523 0.6250000000
61381  19.476  -4.307  -45.182 0.3750000000
60206  20.297  -5.653  -45.265 0.3750000000
57960  22.866  -8.261  -45.026 0.6250000000
59088  22.537  -7.436  -45.558 0.6250000000
59074  25.610  -7.580  -44.064 0.3750000000
59086  24.564  -7.874  -45.239 0.5000000000
57959  23.812  -8.303  -45.110 0.6250000000
60192  25.993  -7.027  -44.576 0.3750000000
61397  26.786  -5.373  -47.050 0.2500000000
60214  26.137  -6.375  -45.838 0.2500000000
64548  19.871  -1.617  -47.958 0.3750000000
128025  26.571  -5.228  -47.914 0.2500000000
63499  26.796  -4.414  -49.087 0.3750000000
63512  27.260  -3.842  -49.494 0.2500000000
64569  27.437  -2.792  -50.211 0.2500000000
65596  28.192  -2.687  -50.218 0.2500000000
76348  18.471  8.186  -52.951 0.2500000000
66634  28.954  -1.467  -51.068 0.2500000000
78379  19.585  9.906  -55.163 0.3750000000
126313  18.868  9.196  -53.944 0.2500000000
133672  20.067  12.731  -56.392 0.2500000000
152119  18.134  6.965  -51.643 0.1250000000
73138  18.409  5.323  -50.890 0.2500000000
65577  19.366  -1.130  -47.424 0.2500000000
78380  19.376  9.618  -54.757 0.3750000000
62511  25.618  -4.993  -48.607 0.5000000000
61380  20.232  -4.898  -45.826 0.5000000000
60227  25.173  -6.608  -47.041 0.5000000000
61399  25.536  -6.021  -47.604 0.5000000000
65610  28.586  -2.060  -50.585 0.2500000000
62492  19.976  -3.534  -46.541 0.3750000000
63488  20.583  -3.470  -47.342 0.3750000000
64536  19.561  -1.917  -47.199 0.2500000000
59076  21.639  -7.005  -45.382 0.6250000000
64559  26.964  -3.343  -49.898 0.2500000000
59095  24.525  -7.459  -45.956 0.5000000000
60215  25.708  -6.591  -46.424 0.2500000000
61386  27.035  -5.397  -46.131 0.2500000000
61398  26.171  -5.807  -47.457 0.3750000000
62510  26.343  -4.942  -48.618 0.3750000000
59085  25.287  -7.470  -44.914 0.5000000000
60207  19.757  -5.072  -45.028 0.3750000000
57961  21.999  -7.756  -45.001 0.6250000000
59075  24.929  -8.018  -44.425 0.3750000000
57958  24.349  -8.333  -44.685 0.5000000000
62509  27.004  -4.685  -48.392 0.2500000000
64558  27.747  -3.295  -49.900 0.2500000000
74170  17.240  6.055  -49.260 0.1250000000
56904  21.561  -8.711  -44.187 0.5000000000
57947  24.475  -8.567  -43.947 0.2500000000
56893  23.637  -9.481  -43.325 0.3750000000
57938  23.799  -9.074  -43.973 0.5000000000
57949  22.121  -8.502  -44.572 0.5000000000
56895  20.442  -8.926  -43.284 0.3750000000
57951  20.456  -7.574  -44.154 0.5000000000
57950  21.323  -7.927  -44.532 0.5000000000
59077  20.859  -7.050  -44.828 0.3750000000
156009  21.454  -7.429  -44.941 0.5000000000
56885  19.381  -8.919  -42.089 0.1250000000
59078  20.047  -6.701  -44.321 0.2500000000
55764  20.028  -10.595  -41.629 0.1250000000
56884  20.849  -9.757  -43.046 0.3750000000
57937  24.224  -9.053  -43.259 0.2500000000
56883  23.028  -9.945  -43.172 0.3750000000
56894  22.380  -9.809  -43.515 0.5000000000
56874  18.960  -9.123  -40.968 0.1250000000
137513  20.042  -9.352  -42.589 0.3750000000
55782  21.689  -9.962  -43.292 0.3750000000
57928  19.253  -8.025  -42.191 0.1250000000
60183  19.209  -6.001  -43.047 0.1250000000
150693  31.083  7.100  -56.238 0.1250000000
60193  20.335  -6.295  -44.872 0.3750000000
130829  23.974  -8.686  -44.509 0.3750000000
136062  22.744  -8.914  -44.460 0.5000000000
60194  19.684  -5.740  -44.508 0.2500000000
61370  19.277  -4.822  -44.439 0.2500000000
135442  25.479  -8.192  -42.915 0.2500000000
143598  21.348  -9.273  -43.668 0.5000000000
56903  22.173  -9.289  -44.090 0.5000000000
57940  20.068  -8.073  -43.500 0.5000000000
56902  23.041  -9.462  -43.962 0.3750000000
59064  19.768  -7.193  -43.638 0.1250000000
56873  19.200  -9.260  -41.475 0.1250000000
57917  19.143  -8.598  -41.511 0.1250000000
57929  19.152  -8.231  -41.755 0.1250000000
57927  19.706  -8.510  -42.795 0.1250000000
60182  19.465  -6.293  -43.731 0.1250000000
55765  19.162  -10.030  -41.028 0.1250000000
55774  20.441  -10.187  -42.354 0.3750000000
56882  23.729  -9.797  -42.549 0.2500000000
57941  19.496  -7.659  -42.958 0.1250000000
59065  19.351  -6.835  -43.039 0.1250000000
55763  20.930  -10.986  -42.052 0.2500000000
133108  22.734  -10.739  -42.043 0.2500000000
153074  24.047  -9.399  -42.877 0.2500000000
55775  19.650  -9.729  -41.871 0.1250000000
55772  22.316  -10.393  -42.824 0.2500000000
55773  21.339  -10.470  -42.698 0.2500000000
55762  21.866  -10.981  -42.153 0.1250000000
64525  19.350  -2.231  -46.364 0.1250000000
82183  20.012  14.212  -56.393 0.1250000000
83156  20.294  14.945  -56.645 0.1250000000
83157  19.884  15.082  -56.022 0.1250000000
83149  19.748  15.605  -55.646 0.1250000000
138625  20.169  15.761  -56.471 0.1250000000
84117  19.844  16.453  -55.194 0.1250000000
84122  19.861  16.226  -55.719 0.1250000000
85054  20.449  17.918  -55.704 0.1250000000
82184  19.714  14.099  -55.747 0.1250000000
84116  19.976  16.973  -55.020 0.1250000000
85043  20.405  17.847  -53.867 0.1250000000
156074  19.731  12.700  -56.054 0.1250000000
81213  19.825  13.415  -56.215 0.1250000000
126517  17.494  9.693  -51.977 0.1250000000
63471  19.067  -3.079  -44.947 0.1250000000
126316  18.956  9.503  -54.020 0.1250000000
80343  19.624  12.056  -55.821 0.1250000000
141997  19.630  13.992  -55.854 0.1250000000
82171  19.725  14.725  -55.874 0.1250000000
83142  19.992  15.348  -54.502 0.1250000000
84109  20.446  16.363  -53.312 0.1250000000
85982  20.475  18.570  -52.957 0.1250000000
85996  20.460  18.275  -53.874 0.1250000000
80354  19.851  11.980  -56.117 0.1250000000
84121  20.097  17.140  -55.678 0.1250000000
62483  19.418  -3.458  -45.631 0.1250000000
146336  19.161  -3.702  -44.927 0.1250000000
77371  19.143  9.501  -54.327 0.1250000000
65569  19.221  -1.423  -46.514 0.1250000000
63479  19.504  -2.937  -46.274 0.1250000000
154514  19.012  -2.218  -45.781 0.1250000000
131087  19.194  -2.597  -45.583 0.1250000000
135051  20.144  17.142  -54.613 0.1250000000
84110  20.167  15.887  -54.132 0.1250000000
152541  20.279  17.503  -54.410 0.1250000000
83136  20.329  15.377  -54.018 0.1250000000
85979  18.856  17.698  -51.492 0.1250000000
60191  26.729  -6.602  -44.227 0.1250000000
60201  26.361  -6.451  -45.071 0.1250000000
61378  26.696  -5.915  -45.583 0.1250000000
62491  27.401  -4.864  -46.614 0.1250000000
62499  27.184  -4.790  -47.499 0.1250000000
62498  27.591  -4.206  -47.910 0.1250000000
63498  27.445  -4.106  -48.812 0.1250000000
64534  28.488  -3.199  -47.767 0.1250000000
63497  28.021  -3.625  -48.307 0.1250000000
63511  27.903  -3.502  -49.207 0.1250000000
64556  28.858  -2.452  -49.221 0.1250000000
65585  29.414  -1.808  -49.302 0.1250000000
65595  28.822  -2.350  -49.976 0.1250000000
65609  29.244  -1.748  -50.383 0.1250000000
56872  24.225  -9.850  -41.712 0.1250000000
55771  23.074  -10.303  -42.528 0.1250000000
56881  24.585  -9.204  -42.345 0.1250000000
57924  26.052  -8.066  -42.450 0.1250000000
60181  27.165  -6.837  -43.422 0.1250000000
59062  26.786  -7.499  -42.749 0.1250000000
60200  27.072  -6.022  -44.748 0.1250000000
61376  28.165  -5.022  -45.010 0.1250000000
131883  27.936  -4.439  -46.245 0.1250000000
62490  27.791  -4.308  -46.996 0.1250000000
63486  28.849  -3.215  -46.972 0.1250000000
129389  29.780  -1.575  -48.213 0.1250000000
66633  29.611  -1.152  -50.846 0.1250000000
66632  30.287  -0.724  -50.403 0.1250000000
66621  29.874  -1.194  -49.881 0.1250000000
66646  29.343  -0.784  -51.489 0.1250000000
59063  25.892  -7.725  -43.216 0.1250000000
59073  26.358  -7.193  -43.694 0.1250000000
61377  27.403  -5.459  -45.274 0.1250000000
57926  24.885  -8.600  -43.057 0.1250000000
57925  25.397  -8.573  -42.332 0.1250000000
55761  23.494  -10.316  -41.861 0.1250000000
61369  27.840  -5.640  -44.480 0.1250000000
62481  27.691  -4.890  -45.783 0.1250000000
64545  28.526  -2.930  -48.615 0.1250000000
63487  28.186  -3.717  -47.372 0.1250000000
64533  29.012  -2.657  -47.633 0.1250000000
64557  28.354  -2.915  -49.609 0.1250000000
65584  30.103  -1.085  -48.830 0.1250000000
56863  24.706  -9.970  -40.983 0.1250000000
56880  25.402  -9.031  -41.618 0.1250000000
60190  27.511  -6.254  -43.977 0.1250000000
57936  25.212  -8.110  -43.601 0.1250000000
57939  20.849  -8.429  -43.915 0.5000000000
64544  29.186  -2.222  -48.412 0.1250000000
66653  22.606  0.228  -51.662 1.0000000000
67804  25.170  0.620  -51.722 1.0000000000
67806  23.002  0.481  -52.039 1.0000000000
67828  22.052  1.543  -52.311 1.0000000000
69900  23.514  2.194  -53.292 1.0000000000
69910  30.608  1.148  -54.220 0.1250000000
69913  22.664  2.687  -53.510 1.0000000000
71003  25.622  3.271  -52.580 0.8750000000
71017  22.559  3.387  -53.951 1.0000000000
73172  30.971  5.158  -55.020 0.1250000000
73173  30.702  5.667  -54.479 0.1250000000
73174  23.901  5.276  -54.593 1.0000000000
73187  21.394  6.543  -55.290 1.0000000000
74186  27.658  6.367  -52.741 0.8750000000
74200  19.405  6.755  -53.473 0.6250000000
74209  30.648  6.542  -54.528 0.3750000000
74212  23.097  6.355  -55.452 1.0000000000
74226  21.050  7.329  -55.532 1.0000000000
75208  16.824  7.505  -49.712 0.1250000000
75224  26.289  6.557  -53.187 0.8750000000
75235  28.460  7.869  -53.219 0.6250000000
75249  19.409  8.384  -54.370 0.8750000000
75255  30.828  7.577  -55.420 0.2500000000
75259  21.293  7.671  -55.802 1.0000000000
75260  20.764  8.122  -55.701 1.0000000000
75267  21.855  8.122  -56.245 1.0000000000
76358  26.866  8.248  -53.417 1.0000000000
76365  30.003  8.940  -54.313 0.5000000000
76367  25.523  8.248  -53.928 1.0000000000
76377  24.131  8.551  -55.041 1.0000000000
76380  19.965  9.005  -55.287 0.6250000000
76389  21.392  8.705  -56.318 1.0000000000
77366  28.538  10.144  -53.780 0.6250000000
77387  21.679  9.295  -56.503 1.0000000000
78377  25.175  10.658  -54.660 1.0000000000
79375  27.778  12.158  -54.353 0.8750000000
80329  26.412  12.640  -54.488 0.8750000000
80338  29.183  13.131  -55.832 0.5000000000
81183  27.561  13.341  -54.675 0.7500000000
81186  25.095  12.821  -55.076 1.0000000000
81198  27.418  13.974  -54.845 0.7500000000
81211  22.703  13.150  -56.830 1.0000000000
81230  29.432  14.068  -58.436 0.2500000000
81257  27.482  12.807  -62.741 0.1250000000
81273  26.313  13.326  -65.675 0.1250000000
82166  27.211  14.785  -55.122 0.7500000000
82203  29.159  15.514  -58.774 0.3750000000
82218  28.973  14.496  -59.795 0.3750000000
82252  25.615  14.683  -66.502 0.1250000000
83180  28.971  15.756  -59.386 0.3750000000
84125  28.199  16.365  -56.663 0.6250000000
84128  24.029  16.342  -56.710 0.8750000000
84142  28.674  16.645  -59.862 0.2500000000
84154  28.316  16.131  -61.485 0.1250000000
84181  25.762  15.616  -65.312 0.1250000000
85051  20.296  17.647  -54.878 0.1250000000
85056  28.018  17.117  -57.001 0.7500000000
85064  27.860  17.757  -57.402 0.7500000000
85078  28.439  17.404  -60.308 0.2500000000
85119  25.323  17.480  -66.324 0.1250000000
86018  26.889  18.035  -56.946 0.7500000000
86023  28.060  18.306  -58.482 0.3750000000
86024  27.651  18.414  -57.795 0.7500000000
86025  27.006  18.556  -57.406 0.7500000000
86043  27.941  18.763  -59.263 0.3750000000
86079  25.793  18.229  -65.714 0.1250000000
86978  24.095  19.312  -58.211 0.6250000000
87001  26.822  19.889  -59.080 0.3750000000
87963  24.428  20.423  -59.007 0.3750000000
89028  24.971  21.581  -60.694 0.3750000000
89038  25.748  21.192  -63.230 0.1250000000
126168  28.850  12.008  -60.749 0.1250000000
127008  29.494  13.377  -57.983 0.3750000000
129162  20.849  17.738  -57.561 0.3750000000
133405  29.639  12.190  -56.815 0.5000000000
135715  22.914  7.084  -55.756 1.0000000000
138989  27.636  12.194  -62.593 0.1250000000
140947  25.254  17.423  -56.602 0.7500000000
141385  23.312  16.094  -57.062 0.8750000000
142681  19.246  9.222  -54.506 0.6250000000
142973  29.106  11.501  -54.704 0.6250000000
143906  28.216  1.692  -51.494 0.7500000000
144452  25.493  16.790  -65.877 0.1250000000
146030  27.616  19.337  -59.753 0.3750000000
146392  28.251  4.641  -52.297 0.6250000000
150361  26.470  13.618  -64.400 0.1250000000
151986  25.039  7.042  -53.919 1.0000000000
152179  30.635  8.594  -56.633 0.2500000000
153789  30.243  9.745  -57.507 0.2500000000
155525  21.906  -9.636  -43.679 0.5000000000
155639  24.754  10.959  -55.053 1.0000000000
155641  29.192  12.687  -59.791 0.1250000000
155833  27.489  0.745  -51.170 0.5000000000
156712  22.852  0.958  -52.307 1.0000000000
