#!ascii label  , from subject NIHPD_75_135 vox2ras=TkReg
863
10612  37.240  -60.847  -40.512 0.3000000119
14560  31.667  -53.688  -35.349 0.6000000238
15942  32.688  -52.047  -38.321 0.6999999881
16690  32.947  -51.349  -38.678 0.6999999881
10613  36.303  -61.055  -40.178 0.4000000060
12572  34.603  -57.401  -35.788 0.4000000060
11222  37.453  -59.363  -40.078 0.5000000000
10611  38.278  -60.738  -40.595 0.5000000000
15203  31.938  -53.781  -34.358 0.6999999881
154643  31.932  -53.310  -35.975 0.6999999881
15932  33.197  -52.390  -37.828 0.6000000238
15941  33.575  -52.025  -38.521 0.6999999881
17437  33.463  -50.629  -38.933 0.6999999881
11217  35.947  -59.895  -39.372 0.5000000000
11223  36.690  -59.674  -39.858 0.6000000238
13911  33.246  -56.059  -32.863 0.4000000060
11893  36.430  -58.706  -39.386 0.6000000238
13912  31.743  -55.373  -33.377 0.6000000238
14546  32.014  -54.420  -33.515 0.6000000238
136733  37.761  -58.374  -39.822 0.6000000238
149521  32.441  -52.878  -36.322 0.6000000238
15927  33.154  -52.529  -36.839 0.6000000238
139721  34.911  -52.259  -38.275 0.6999999881
15940  34.405  -52.053  -38.583 0.6999999881
16688  35.245  -51.897  -38.779 0.6999999881
16689  34.109  -51.430  -38.935 0.6999999881
18230  33.775  -49.898  -38.956 0.6999999881
17442  35.760  -50.776  -39.498 0.6999999881
17443  34.935  -50.221  -39.422 0.6999999881
157019  34.807  -49.340  -39.352 0.6999999881
133640  36.502  -50.521  -39.629 0.6999999881
11218  35.661  -59.530  -38.957 0.5000000000
12593  35.181  -58.091  -37.511 0.5000000000
11877  34.751  -58.147  -36.574 0.5000000000
13227  34.274  -56.748  -34.088 0.4000000060
11894  35.870  -58.925  -39.093 0.5000000000
13901  33.500  -55.453  -32.608 0.5000000000
13902  32.400  -55.039  -32.799 0.6000000238
12591  37.033  -57.239  -38.882 0.6000000238
148404  36.799  -56.936  -38.078 0.5000000000
13246  36.189  -56.727  -36.559 0.5000000000
15202  32.622  -53.135  -34.080 0.6999999881
15922  33.085  -52.567  -35.794 0.6000000238
140716  32.376  -53.112  -35.204 0.6999999881
16678  34.845  -52.327  -37.669 0.6000000238
15921  33.828  -52.290  -36.356 0.6000000238
16677  35.701  -52.274  -38.106 0.6000000238
15931  34.174  -52.313  -38.075 0.6000000238
16687  36.314  -51.978  -38.733 0.6000000238
16692  35.989  -51.533  -39.195 0.6999999881
18229  34.131  -49.220  -38.967 0.6999999881
17436  37.436  -51.555  -39.021 0.6000000238
18235  35.628  -49.830  -39.584 0.6999999881
19043  35.487  -48.710  -39.515 0.6999999881
125683  36.488  -51.200  -39.425 0.6999999881
13241  34.724  -56.767  -35.286 0.4000000060
11888  35.716  -58.063  -38.324 0.5000000000
12583  35.079  -57.378  -36.722 0.4000000060
13910  34.442  -56.159  -33.524 0.5000000000
14545  32.608  -54.517  -32.749 0.6000000238
13247  35.636  -56.923  -36.712 0.4000000060
15194  32.432  -53.783  -33.364 0.6000000238
13252  36.274  -56.962  -37.403 0.4000000060
149039  35.603  -56.666  -36.078 0.4000000060
135498  35.418  -56.287  -34.796 0.4000000060
15915  33.068  -52.560  -34.748 0.6000000238
16669  35.357  -52.158  -37.206 0.6000000238
16670  34.606  -52.218  -36.843 0.6000000238
16676  36.592  -52.006  -38.291 0.6000000238
20693  35.173  -47.673  -39.002 0.6999999881
149261  36.355  -48.620  -39.789 0.6999999881
18234  37.391  -50.362  -39.691 0.6000000238
141982  36.462  -49.543  -39.779 0.6000000238
13240  35.254  -56.526  -35.468 0.4000000060
13226  34.883  -56.387  -34.654 0.4000000060
142239  32.879  -53.197  -33.122 0.8000000119
13225  36.242  -56.332  -34.516 0.5000000000
16665  33.700  -52.153  -35.353 0.6000000238
17422  35.626  -51.624  -36.508 0.5000000000
16664  34.402  -51.908  -35.930 0.6000000238
19854  34.440  -47.852  -38.357 0.6999999881
18224  38.216  -50.191  -38.043 0.6000000238
142378  37.248  -51.628  -38.506 0.6000000238
19859  35.892  -47.842  -39.502 0.8000000119
144950  35.743  -47.151  -39.202 0.8000000119
17435  37.895  -51.077  -38.742 0.6000000238
17440  37.914  -50.924  -39.272 0.6000000238
13892  33.940  -55.377  -32.455 0.5000000000
13891  34.651  -55.547  -32.525 0.5000000000
13890  35.557  -55.684  -32.376 0.6999999881
13899  35.281  -55.904  -33.351 0.4000000060
139228  33.133  -52.536  -33.756 0.6999999881
16657  33.573  -51.982  -34.365 0.6999999881
17419  35.031  -51.361  -35.559 0.6000000238
16656  34.228  -51.613  -34.942 0.6000000238
17421  36.281  -51.199  -36.702 0.6000000238
20687  35.415  -46.758  -38.747 0.6000000238
17429  37.502  -50.950  -37.831 0.6000000238
19864  36.651  -47.965  -39.867 0.6999999881
20696  36.256  -47.154  -39.542 0.6999999881
19039  39.421  -49.561  -39.411 0.6999999881
141094  38.750  -49.663  -39.884 0.6999999881
130959  37.496  -47.931  -40.136 0.6999999881
14538  34.011  -54.953  -31.920 0.5000000000
14539  33.295  -54.814  -32.272 0.6000000238
15187  32.951  -53.970  -32.470 0.6000000238
13880  34.935  -55.198  -31.803 0.6999999881
13879  35.799  -55.287  -31.604 0.6999999881
13199  36.199  -56.058  -32.988 0.6999999881
21506  35.132  -45.695  -37.706 0.5000000000
151637  36.324  -50.465  -36.114 0.6000000238
17418  35.767  -50.854  -35.844 0.6000000238
21510  36.044  -45.548  -38.821 0.6000000238
22389  35.738  -45.079  -38.095 0.5000000000
18214  37.432  -49.984  -36.973 0.6000000238
137853  36.858  -50.632  -36.853 0.6000000238
19863  37.390  -46.929  -40.081 0.6000000238
21509  36.633  -45.528  -39.360 0.5000000000
22396  36.923  -44.540  -39.251 0.5000000000
155645  38.482  -49.486  -37.732 0.6999999881
19035  39.033  -49.559  -38.447 0.6999999881
19038  40.171  -49.053  -39.641 0.6999999881
134581  39.228  -48.169  -40.332 0.6999999881
138645  38.247  -46.591  -40.366 0.5000000000
19034  39.960  -49.108  -38.933 0.6999999881
19867  40.075  -48.123  -40.323 0.6000000238
150363  33.162  -53.283  -32.382 0.6000000238
14531  33.912  -54.254  -31.473 0.6999999881
15179  33.415  -53.726  -31.839 0.6000000238
14521  35.518  -54.138  -30.702 0.6999999881
15907  33.288  -52.617  -32.817 0.6999999881
16647  34.008  -51.358  -33.964 0.6999999881
16648  33.555  -51.919  -33.399 0.6999999881
17413  34.637  -50.924  -34.498 0.6000000238
22381  35.601  -44.210  -37.513 0.4000000060
17412  35.304  -50.471  -34.968 0.5000000000
23289  37.105  -43.613  -39.254 0.4000000060
19024  37.932  -49.199  -36.973 0.6000000238
21516  38.187  -45.484  -40.373 0.5000000000
134259  37.341  -45.032  -39.794 0.5000000000
20699  39.260  -47.374  -40.492 0.5000000000
21515  39.245  -45.243  -40.826 0.4000000060
19852  39.296  -48.609  -38.006 0.6000000238
19858  40.604  -48.567  -39.317 0.6999999881
19862  40.640  -48.449  -39.818 0.6000000238
20694  41.546  -46.687  -40.127 0.5000000000
14522  34.627  -54.058  -30.946 0.6000000238
15178  33.950  -53.499  -31.285 0.6999999881
15899  33.548  -52.864  -31.860 0.6999999881
15168  35.103  -53.520  -30.535 0.6999999881
15169  34.522  -53.178  -30.774 0.6999999881
15898  33.677  -52.001  -32.432 0.6000000238
16641  33.949  -51.289  -32.982 0.6000000238
18206  35.520  -49.635  -34.509 0.6000000238
17402  34.954  -50.162  -34.010 0.5000000000
18209  35.930  -49.991  -35.400 0.6000000238
19025  37.262  -49.201  -36.260 0.6000000238
148969  36.690  -49.706  -35.979 0.6000000238
149072  38.447  -44.713  -40.482 0.4000000060
22401  38.185  -43.940  -40.345 0.5000000000
23288  37.631  -43.316  -39.854 0.4000000060
19853  38.599  -48.867  -37.449 0.6000000238
23291  39.013  -43.442  -40.915 0.4000000060
19851  40.073  -48.262  -38.501 0.6000000238
20690  41.331  -47.336  -39.636 0.5000000000
155778  34.050  -52.807  -31.215 0.6999999881
15890  33.990  -52.131  -31.551 0.6000000238
15882  35.163  -52.690  -30.298 0.6999999881
16634  34.041  -51.334  -31.995 0.6000000238
152816  35.536  -51.975  -30.054 0.6999999881
17396  34.304  -50.631  -32.519 0.5000000000
19012  36.148  -49.062  -34.957 0.6000000238
19017  36.816  -48.755  -35.544 0.5000000000
19843  37.971  -48.191  -36.643 0.6000000238
137384  39.263  -47.641  -37.622 0.6000000238
155777  41.173  -46.826  -39.097 0.5000000000
17373  34.893  -50.753  -30.572 0.6999999881
17386  34.429  -50.660  -31.516 0.6999999881
18198  34.683  -50.004  -33.035 0.6000000238
18197  35.234  -49.338  -33.493 0.5000000000
19830  36.029  -48.294  -34.249 0.6000000238
19013  35.661  -48.929  -34.164 0.6000000238
19834  36.886  -47.909  -35.330 0.6000000238
20677  37.997  -47.266  -36.504 0.6000000238
21503  40.185  -46.418  -38.204 0.5000000000
12554  38.166  -56.862  -35.059 0.5000000000
13224  37.328  -56.571  -34.303 0.5000000000
13210  38.301  -56.484  -34.047 0.5000000000
13198  37.125  -56.064  -32.901 0.6999999881
13877  37.949  -55.044  -31.820 0.6999999881
146274  37.523  -56.349  -33.551 0.5000000000
13197  38.107  -56.062  -33.035 0.5000000000
13889  36.561  -55.681  -32.126 0.6999999881
13878  37.174  -55.170  -31.678 0.6999999881
14529  36.047  -54.731  -31.074 0.6999999881
9985  37.860  -61.516  -40.630 0.3000000119
137345  32.414  -52.694  -37.305 0.6000000238
17444  34.231  -50.523  -39.225 0.6999999881
19036  34.003  -48.616  -38.434 0.6999999881
13212  35.966  -56.099  -33.762 0.6000000238
16668  36.112  -51.930  -37.434 0.6000000238
19042  37.536  -49.202  -39.998 0.6999999881
20692  35.998  -46.347  -39.179 0.6000000238
19868  38.312  -47.606  -40.322 0.6999999881
21512  37.317  -45.966  -39.979 0.6000000238
19045  39.842  -48.812  -40.144 0.6999999881
22392  36.351  -44.845  -38.747 0.5000000000
144040  36.096  -44.326  -38.194 0.5000000000
146037  40.749  -46.546  -40.755 0.5000000000
17403  34.388  -50.697  -33.517 0.5000000000
16620  34.402  -51.486  -31.096 0.6999999881
19833  37.417  -47.536  -35.896 0.6000000238
151846  38.615  -47.151  -36.982 0.6000000238
134997  36.479  -48.296  -34.887 0.6000000238
18186  34.603  -49.942  -32.052 0.5000000000
13876  38.673  -54.786  -32.014 0.6000000238
15896  41.472  -52.169  -32.739 0.6000000238
16639  41.618  -51.149  -32.922 0.4000000060
15186  39.750  -53.786  -32.088 0.5000000000
14527  38.201  -54.328  -31.484 0.6000000238
14552  31.444  -54.561  -34.297 0.5000000000
16645  42.272  -50.882  -33.691 0.4000000060
14553  31.023  -54.804  -35.032 0.5000000000
15185  40.523  -53.456  -32.409 0.5000000000
17400  42.547  -50.036  -33.986 0.4000000060
149499  31.424  -54.182  -34.903 0.5000000000
15210  31.387  -53.688  -36.281 0.5000000000
15897  40.773  -52.551  -32.305 0.6000000238
14561  31.158  -54.269  -35.660 0.5000000000
15175  39.281  -53.343  -31.633 0.5000000000
146277  37.537  -54.630  -31.408 0.6000000238
18195  42.972  -49.196  -34.128 0.4000000060
132247  44.027  -48.760  -34.823 0.4000000060
16640  40.964  -51.649  -32.311 0.4000000060
15215  30.357  -54.003  -37.404 0.5000000000
138007  40.413  -52.048  -31.900 0.5000000000
14563  30.683  -54.307  -36.648 0.5000000000
15216  30.691  -53.165  -37.794 0.5000000000
15176  38.489  -53.401  -31.177 0.6000000238
15177  37.454  -53.926  -30.939 0.6000000238
14528  36.860  -54.632  -31.190 0.6000000238
15934  31.197  -52.443  -38.074 0.5000000000
15935  30.539  -52.587  -38.019 0.4000000060
15889  39.191  -52.632  -31.308 0.5000000000
15174  39.971  -52.828  -31.861 0.5000000000
15879  38.482  -52.460  -30.720 0.6000000238
15165  37.718  -52.988  -30.533 0.6000000238
15881  36.204  -52.527  -30.036 0.6000000238
14520  36.425  -54.058  -30.699 0.6000000238
17401  41.955  -50.414  -33.350 0.4000000060
18182  42.636  -48.718  -33.570 0.4000000060
142082  31.503  -51.939  -38.262 0.5000000000
16681  29.837  -52.256  -37.859 0.4000000060
15943  31.919  -52.229  -38.178 0.6000000238
134026  29.960  -53.123  -37.929 0.4000000060
129590  39.828  -51.957  -31.453 0.6000000238
148687  38.441  -51.696  -30.404 0.6000000238
142402  37.790  -52.140  -30.144 0.6000000238
130487  36.941  -51.952  -29.858 0.6000000238
19000  43.592  -48.082  -34.089 0.4000000060
16679  31.443  -51.345  -38.250 0.5000000000
17432  30.052  -51.350  -37.627 0.4000000060
139011  29.542  -50.875  -37.134 0.4000000060
17383  40.695  -50.325  -31.874 0.6000000238
17395  41.082  -50.765  -32.334 0.4000000060
16633  39.671  -51.153  -31.187 0.6000000238
16632  40.413  -51.204  -31.755 0.6000000238
16615  39.105  -51.811  -30.945 0.5000000000
16616  38.163  -51.126  -30.079 0.6000000238
140911  38.934  -50.944  -30.616 0.5000000000
131367  36.140  -51.654  -29.828 0.6000000238
19007  44.661  -48.219  -34.665 0.4000000060
18183  41.724  -48.983  -32.667 0.4000000060
17430  32.167  -50.174  -37.978 0.6000000238
17423  30.950  -50.283  -37.118 0.5000000000
18217  30.382  -49.943  -36.444 0.5000000000
17425  28.789  -50.791  -36.945 0.5000000000
156768  40.827  -49.809  -31.916 0.4000000060
18184  41.236  -49.870  -32.407 0.4000000060
141857  40.426  -49.808  -31.563 0.5000000000
141539  39.184  -50.063  -30.583 0.5000000000
148454  38.321  -50.242  -30.058 0.5000000000
16617  36.768  -51.191  -29.726 0.6000000238
16604  36.055  -50.976  -29.775 0.6000000238
16618  35.466  -51.253  -30.038 0.6000000238
19803  42.447  -47.124  -32.779 0.4000000060
19001  42.367  -48.027  -32.969 0.4000000060
19816  43.525  -47.513  -33.873 0.4000000060
18225  33.488  -49.331  -38.417 0.6000000238
19804  41.594  -47.527  -32.003 0.4000000060
19028  31.933  -49.219  -36.493 0.6000000238
18210  30.599  -49.344  -35.955 0.5000000000
18211  29.810  -49.403  -35.968 0.4000000060
143036  40.698  -48.609  -31.513 0.4000000060
135203  39.837  -49.888  -31.069 0.5000000000
125953  37.390  -49.877  -29.697 0.5000000000
17362  36.491  -50.329  -29.683 0.6000000238
17372  35.603  -50.462  -29.993 0.6000000238
20639  42.406  -46.289  -32.623 0.4000000060
151961  33.535  -48.724  -37.868 0.6000000238
18215  32.393  -49.516  -37.340 0.6000000238
19018  32.218  -48.359  -35.946 0.5000000000
19022  28.321  -48.475  -36.077 0.5000000000
19805  40.873  -47.916  -31.376 0.4000000060
18172  40.170  -49.132  -31.243 0.4000000060
156934  39.752  -48.749  -30.756 0.5000000000
18151  38.304  -48.696  -29.813 0.5000000000
18164  35.837  -49.673  -29.838 0.5000000000
20651  43.371  -46.804  -33.625 0.4000000060
19026  33.285  -48.450  -37.140 0.6000000238
19838  30.733  -47.982  -35.434 0.5000000000
139561  39.182  -48.742  -30.306 0.5000000000
18152  37.398  -49.052  -29.647 0.4000000060
146535  36.021  -48.996  -29.733 0.4000000060
18165  35.275  -49.858  -30.383 0.4000000060
18173  35.119  -49.326  -30.800 0.6000000238
142854  34.926  -49.431  -32.578 0.4000000060
21460  42.437  -45.453  -32.514 0.4000000060
20640  41.663  -46.648  -31.918 0.4000000060
19855  33.818  -48.072  -37.691 0.6000000238
20627  41.114  -46.182  -31.171 0.4000000060
125347  34.833  -47.046  -38.218 0.5000000000
19845  33.465  -47.604  -36.729 0.5000000000
19837  32.055  -47.472  -35.541 0.5000000000
20673  30.282  -47.129  -35.372 0.4000000060
19835  33.166  -46.875  -36.035 0.4000000060
18981  38.949  -48.026  -30.043 0.5000000000
18971  37.487  -48.341  -29.555 0.5000000000
19781  37.090  -47.698  -29.477 0.6000000238
18983  35.558  -49.044  -30.183 0.4000000060
18992  35.280  -48.668  -30.905 0.4000000060
135964  35.270  -48.782  -32.620 0.4000000060
19794  35.779  -47.722  -30.113 0.5000000000
20678  34.572  -46.373  -37.374 0.5000000000
20679  33.860  -46.709  -36.657 0.6000000238
21497  34.589  -45.509  -36.884 0.4000000060
19002  35.521  -47.985  -32.682 0.5000000000
19008  35.592  -48.473  -33.478 0.5000000000
20630  36.040  -46.862  -29.901 0.5000000000
19782  36.306  -47.689  -29.686 0.5000000000
19795  35.443  -47.843  -30.929 0.5000000000
19806  35.479  -47.456  -31.861 0.5000000000
21461  41.737  -45.786  -31.812 0.4000000060
20667  37.470  -46.499  -35.806 0.5000000000
19825  35.863  -47.594  -33.535 0.4000000060
20641  35.503  -46.720  -31.368 0.5000000000
140389  35.591  -47.136  -30.611 0.5000000000
22382  35.093  -44.876  -37.222 0.4000000060
21487  36.914  -46.133  -35.021 0.4000000060
20664  36.507  -46.546  -34.415 0.4000000060
20668  36.888  -47.007  -35.174 0.5000000000
19829  36.392  -47.497  -34.492 0.5000000000
19817  35.631  -47.307  -32.731 0.5000000000
19824  36.154  -46.892  -33.838 0.5000000000
20652  35.589  -46.740  -32.312 0.5000000000
21479  35.688  -46.040  -32.705 0.5000000000
20659  36.110  -46.039  -33.629 0.4000000060
15933  32.364  -52.465  -37.971 0.5000000000
17439  32.104  -50.922  -38.411 0.6000000238
15928  31.814  -53.150  -36.838 0.6000000238
18231  33.231  -50.010  -38.638 0.6000000238
149772  35.117  -46.367  -38.140 0.5000000000
17385  34.797  -49.933  -31.107 0.6000000238
18185  34.986  -49.179  -31.675 0.4000000060
15211  31.124  -53.531  -37.227 0.5000000000
15214  31.640  -52.806  -37.725 0.5000000000
16680  30.775  -51.872  -38.093 0.4000000060
17384  40.114  -50.483  -31.392 0.6000000238
137070  31.492  -50.595  -37.861 0.6000000238
17424  30.199  -50.616  -37.082 0.4000000060
18991  41.364  -48.384  -32.020 0.4000000060
18226  32.821  -49.761  -38.126 0.6000000238
134721  31.159  -49.620  -36.429 0.5000000000
18219  28.321  -50.037  -36.557 0.5000000000
154794  27.574  -51.087  -37.138 0.5000000000
18212  28.830  -49.356  -36.113 0.5000000000
156569  32.907  -48.185  -36.450 0.5000000000
19020  30.249  -48.699  -35.636 0.5000000000
19019  31.256  -48.816  -35.777 0.5000000000
18153  36.570  -49.400  -29.637 0.5000000000
19839  29.756  -47.859  -35.515 0.5000000000
19844  34.200  -47.280  -37.493 0.6000000238
138764  35.299  -48.310  -31.778 0.3000000119
5753  40.475  -69.042  -33.167 0.3000000119
150148  40.246  -69.449  -34.699 0.3000000119
5752  41.294  -68.354  -34.000 0.3000000119
6307  40.843  -67.766  -36.219 0.3000000119
5780  40.712  -68.745  -35.502 0.3000000119
5766  41.338  -68.060  -35.312 0.3000000119
6308  39.988  -67.438  -36.327 0.3000000119
6835  40.578  -66.893  -35.894 0.3000000119
6818  43.343  -65.943  -33.867 0.3000000119
6298  42.460  -66.694  -34.862 0.3000000119
6820  41.078  -66.422  -35.288 0.3000000119
6819  42.404  -65.996  -34.870 0.3000000119
8049  42.993  -64.579  -33.588 0.3000000119
7431  42.319  -65.363  -34.133 0.3000000119
7432  41.497  -65.830  -34.558 0.4000000060
7433  40.304  -65.968  -34.223 0.4000000060
7412  38.447  -65.806  -33.118 0.4000000060
6810  37.488  -65.908  -33.218 0.3000000119
154914  41.613  -63.905  -32.612 0.3000000119
8032  40.674  -64.682  -32.896 0.4000000060
8033  39.636  -64.855  -32.619 0.4000000060
7411  39.415  -65.566  -33.203 0.4000000060
147705  42.390  -63.630  -32.856 0.3000000119
144554  37.697  -65.395  -32.646 0.4000000060
9260  43.039  -61.923  -32.355 0.4000000060
9261  42.102  -62.542  -32.182 0.4000000060
8036  36.561  -64.589  -32.341 0.3000000119
8606  41.377  -63.366  -32.184 0.4000000060
8623  40.943  -64.022  -32.413 0.3000000119
8010  39.970  -64.172  -32.103 0.4000000060
153591  41.575  -61.977  -31.825 0.4000000060
8609  38.404  -63.637  -31.525 0.5000000000
8011  38.928  -64.255  -31.914 0.4000000060
11898  38.252  -58.902  -40.132 0.5000000000
9919  42.260  -61.498  -31.883 0.4000000060
8035  37.375  -64.779  -32.175 0.4000000060
145456  39.122  -62.582  -40.007 0.3000000119
9977  40.938  -61.174  -39.827 0.4000000060
144414  36.531  -62.815  -34.906 0.3000000119
13228  32.850  -56.590  -32.950 0.4000000060
13229  31.372  -56.331  -33.656 0.4000000060
12555  37.016  -56.651  -35.240 0.4000000060
12571  37.679  -56.842  -35.822 0.4000000060
13251  36.984  -56.803  -37.312 0.4000000060
9262  40.883  -62.460  -31.725 0.4000000060
8607  40.338  -63.394  -31.822 0.3000000119
8608  39.276  -63.508  -31.604 0.5000000000
131543  37.925  -57.013  -37.584 0.4000000060
12600  37.968  -57.077  -39.118 0.4000000060
9920  41.119  -61.389  -31.696 0.4000000060
10610  39.382  -60.815  -40.545 0.4000000060
8013  37.008  -64.091  -31.750 0.4000000060
11219  41.049  -59.883  -40.162 0.5000000000
8624  36.158  -63.542  -32.409 0.5000000000
10603  40.723  -61.558  -39.264 0.4000000060
9329  39.228  -62.817  -39.289 0.4000000060
132781  36.324  -62.669  -34.113 0.3000000119
9979  39.490  -62.484  -38.630 0.4000000060
13913  31.033  -55.402  -34.418 0.4000000060
13211  36.735  -56.310  -33.639 0.4000000060
136126  40.130  -61.783  -31.591 0.4000000060
9263  39.559  -62.544  -31.502 0.4000000060
12589  38.674  -57.146  -38.392 0.4000000060
11892  39.510  -57.863  -39.697 0.5000000000
131619  39.271  -61.632  -31.533 0.4000000060
145713  38.494  -62.883  -31.379 0.4000000060
11891  40.867  -58.246  -39.454 0.5000000000
9921  40.035  -60.931  -31.644 0.4000000060
9922  39.118  -61.010  -31.662 0.4000000060
9923  38.420  -61.474  -31.619 0.4000000060
148373  37.711  -61.602  -31.781 0.5000000000
9935  36.823  -61.918  -32.648 0.5000000000
147215  39.978  -57.449  -38.104 0.4000000060
11895  41.410  -59.040  -39.762 0.5000000000
11160  40.336  -59.810  -31.867 0.4000000060
9939  36.767  -61.923  -33.633 0.5000000000
11216  41.977  -59.818  -39.442 0.4000000060
9946  36.956  -62.161  -34.600 0.4000000060
147144  38.513  -61.266  -35.705 0.4000000060
9966  38.807  -61.652  -36.735 0.4000000060
9965  39.763  -61.271  -37.391 0.4000000060
12570  38.657  -56.977  -36.091 0.4000000060
13223  39.018  -56.694  -34.805 0.3000000119
152219  38.683  -60.829  -31.840 0.4000000060
10560  37.883  -60.779  -32.716 0.4000000060
12580  40.977  -57.500  -37.621 0.4000000060
16672  28.218  -51.443  -37.222 0.4000000060
11167  40.820  -59.320  -32.111 0.4000000060
11168  39.923  -59.526  -32.262 0.4000000060
10569  37.883  -60.701  -33.670 0.5000000000
10574  38.168  -60.910  -34.689 0.5000000000
12579  42.430  -58.085  -37.906 0.5000000000
11213  42.412  -59.370  -38.540 0.4000000060
11818  40.465  -58.965  -32.768 0.4000000060
142924  42.003  -60.178  -38.750 0.4000000060
10591  39.444  -60.830  -36.378 0.4000000060
10590  40.575  -60.449  -37.154 0.4000000060
145648  38.823  -56.121  -33.558 0.4000000060
12569  40.175  -57.162  -36.619 0.3000000119
10558  39.103  -59.746  -32.599 0.4000000060
10559  38.454  -60.161  -33.149 0.4000000060
146533  40.795  -56.981  -36.277 0.3000000119
11176  39.776  -59.223  -33.116 0.4000000060
11183  40.268  -59.083  -34.298 0.4000000060
10568  38.661  -60.180  -34.182 0.4000000060
10582  39.194  -60.355  -35.327 0.5000000000
11831  41.978  -58.279  -33.832 0.4000000060
11832  41.107  -58.555  -33.585 0.4000000060
11193  40.242  -59.691  -35.608 0.4000000060
10581  40.330  -60.050  -36.284 0.4000000060
11204  42.548  -59.155  -37.776 0.4000000060
13887  38.390  -55.437  -32.394 0.4000000060
11184  39.630  -59.663  -34.709 0.4000000060
6335  35.739  -67.997  -38.728 0.3000000119
8048  43.684  -64.894  -33.794 0.3000000119
8030  43.560  -63.675  -33.271 0.3000000119
9279  43.179  -62.770  -32.867 0.4000000060
149609  41.994  -60.796  -31.694 0.4000000060
147155  41.196  -60.467  -31.683 0.4000000060
11166  41.835  -59.200  -31.928 0.4000000060
13222  40.244  -56.633  -35.335 0.3000000119
151179  42.158  -58.400  -32.925 0.4000000060
13196  39.542  -55.878  -33.648 0.4000000060
13208  40.284  -56.158  -34.551 0.4000000060
12552  41.957  -56.862  -36.577 0.4000000060
11830  42.727  -58.048  -34.068 0.4000000060
11849  41.285  -58.586  -34.539 0.4000000060
11182  41.591  -58.667  -35.383 0.4000000060
11192  42.701  -58.561  -36.663 0.4000000060
11876  42.895  -58.391  -37.453 0.3000000119
12538  43.696  -57.865  -35.467 0.4000000060
11220  39.887  -59.716  -40.381 0.4000000060
151098  39.031  -55.169  -32.503 0.4000000060
5276  40.116  -69.450  -35.499 0.3000000119
5767  40.708  -68.943  -34.403 0.3000000119
6315  40.203  -68.024  -36.644 0.3000000119
5810  35.675  -68.711  -39.093 0.3000000119
6328  36.022  -67.984  -37.907 0.3000000119
6834  41.553  -67.076  -35.866 0.3000000119
128723  43.121  -65.302  -34.088 0.3000000119
140942  41.973  -66.486  -35.335 0.4000000060
6821  39.883  -66.425  -34.850 0.4000000060
7409  41.372  -65.175  -33.672 0.3000000119
8031  41.776  -64.514  -33.166 0.3000000119
7410  40.479  -65.363  -33.510 0.4000000060
9278  44.199  -62.888  -33.104 0.3000000119
148714  43.124  -61.269  -31.947 0.4000000060
9265  37.795  -62.267  -31.497 0.4000000060
9288  36.284  -62.535  -33.164 0.5000000000
9301  37.137  -62.617  -35.602 0.3000000119
9266  37.077  -62.710  -31.675 0.5000000000
11159  41.364  -59.790  -31.724 0.4000000060
11205  41.713  -59.243  -36.645 0.4000000060
15193  41.750  -53.655  -33.285 0.4000000060
14535  41.041  -53.979  -32.957 0.4000000060
15191  43.132  -52.793  -34.064 0.4000000060
16646  42.102  -51.781  -33.318 0.3000000119
15184  41.269  -53.109  -32.756 0.5000000000
14536  40.260  -54.400  -32.721 0.4000000060
14537  39.406  -54.574  -32.322 0.4000000060
15164  46.009  -53.759  -30.669 0.3000000119
15163  46.863  -53.809  -31.126 0.3000000119
17392  46.133  -50.562  -33.516 0.3000000119
17408  46.127  -49.378  -36.446 0.3000000119
18203  45.312  -48.824  -35.854 0.3000000119
18205  43.462  -49.561  -34.813 0.3000000119
127565  46.950  -53.177  -31.235 0.3000000119
16630  46.450  -51.777  -31.964 0.3000000119
16638  46.135  -51.082  -32.502 0.3000000119
149507  44.311  -53.450  -29.674 0.3000000119
15155  45.523  -53.014  -30.348 0.3000000119
18202  45.711  -48.935  -35.707 0.3000000119
18194  44.995  -48.488  -35.181 0.3000000119
15888  46.177  -51.918  -31.111 0.3000000119
17382  45.354  -50.167  -31.776 0.3000000119
18192  45.594  -49.067  -34.372 0.3000000119
17360  44.974  -50.857  -30.249 0.3000000119
17369  45.385  -50.684  -30.962 0.3000000119
18170  45.009  -49.290  -31.994 0.3000000119
17370  45.044  -50.011  -30.862 0.3000000119
18160  44.702  -49.263  -30.721 0.3000000119
16602  44.542  -51.580  -29.679 0.3000000119
153964  45.445  -48.937  -33.666 0.3000000119
136620  45.317  -47.974  -34.190 0.3000000119
19815  44.671  -47.253  -34.505 0.3000000119
137393  44.579  -50.006  -30.023 0.3000000119
157134  45.350  -48.891  -33.154 0.3000000119
19802  45.479  -47.499  -33.896 0.3000000119
18977  44.457  -48.521  -30.442 0.3000000119
18990  44.807  -48.583  -31.678 0.3000000119
127260  45.141  -47.992  -32.804 0.3000000119
151968  45.098  -47.407  -32.436 0.3000000119
20650  44.321  -46.595  -34.346 0.3000000119
19814  45.426  -47.430  -34.611 0.3000000119
20658  45.408  -46.900  -34.660 0.3000000119
21471  43.265  -45.264  -33.363 0.3000000119
22329  42.552  -44.571  -32.488 0.3000000119
22330  41.858  -44.918  -31.712 0.3000000119
15904  43.112  -51.825  -34.345 0.3000000119
15906  41.947  -52.725  -33.184 0.4000000060
18204  44.468  -49.016  -35.561 0.3000000119
18999  44.752  -47.781  -34.410 0.3000000119
14541  43.079  -53.853  -34.185 0.5000000000
15878  46.280  -53.088  -30.776 0.3000000119
134586  45.751  -49.847  -33.628 0.3000000119
17407  46.620  -50.014  -35.962 0.3000000119
17409  45.000  -49.233  -36.482 0.3000000119
17410  44.018  -49.880  -35.662 0.3000000119
16631  45.779  -51.078  -31.613 0.3000000119
146368  45.179  -51.693  -30.222 0.3000000119
18193  45.335  -48.502  -34.281 0.3000000119
19789  44.703  -47.886  -31.353 0.3000000119
20638  45.055  -46.766  -32.181 0.3000000119
18181  45.254  -48.490  -33.034 0.3000000119
18969  43.986  -48.542  -29.508 0.3000000119
152021  42.723  -56.776  -36.829 0.3000000119
13238  43.292  -56.911  -36.961 0.4000000060
13218  44.147  -56.965  -37.017 0.4000000060
13219  43.744  -56.738  -36.666 0.4000000060
13221  41.601  -56.426  -35.821 0.3000000119
152183  43.954  -55.564  -35.837 0.4000000060
130291  45.325  -55.508  -36.175 0.3000000119
137731  42.236  -56.273  -35.963 0.4000000060
13907  43.213  -55.599  -35.562 0.4000000060
133075  45.603  -54.380  -36.041 0.3000000119
13206  42.050  -55.857  -35.320 0.3000000119
13896  42.216  -55.206  -34.588 0.4000000060
14551  43.596  -54.640  -34.949 0.4000000060
14543  41.532  -54.513  -33.611 0.3000000119
14542  42.305  -54.245  -33.863 0.4000000060
155060  43.613  -53.904  -34.527 0.4000000060
13897  41.161  -55.255  -34.062 0.3000000119
13885  40.432  -55.017  -33.356 0.3000000119
13886  39.706  -55.210  -33.004 0.3000000119
13898  40.338  -55.597  -33.843 0.3000000119
13895  42.824  -54.718  -34.543 0.4000000060
13908  42.884  -56.010  -35.869 0.4000000060
146588  43.797  -62.222  -32.679 0.3000000119
11848  43.035  -58.329  -36.114 0.3000000119
9878  45.670  -61.646  -29.864 0.3000000119
9900  45.892  -61.784  -30.941 0.3000000119
9917  45.055  -61.505  -32.081 0.3000000119
11864  43.721  -57.884  -36.932 0.3000000119
11847  43.350  -58.057  -35.577 0.3000000119
9879  44.417  -61.365  -29.188 0.3000000119
157639  44.578  -61.280  -30.696 0.3000000119
9890  44.462  -61.317  -29.970 0.3000000119
143937  43.511  -60.958  -31.512 0.3000000119
10547  42.814  -60.765  -31.645 0.3000000119
12551  43.860  -57.906  -36.674 0.3000000119
9849  43.148  -61.045  -27.500 0.3000000119
9880  43.304  -61.134  -29.370 0.3000000119
9868  42.977  -61.135  -28.347 0.3000000119
9891  43.611  -60.923  -30.591 0.3000000119
10537  43.110  -60.428  -31.174 0.3000000119
9869  41.934  -60.861  -28.069 0.3000000119
9881  42.233  -60.872  -28.794 0.3000000119
10524  42.866  -60.444  -30.572 0.3000000119
9892  42.595  -60.697  -29.705 0.3000000119
10548  42.390  -60.164  -31.429 0.3000000119
11804  42.672  -59.040  -31.575 0.3000000119
133987  42.693  -58.598  -32.227 0.3000000119
9850  42.179  -60.907  -27.457 0.3000000119
10538  42.607  -59.850  -30.966 0.3000000119
11158  42.561  -59.548  -31.476 0.3000000119
12549  44.190  -57.435  -36.434 0.3000000119
10512  41.288  -60.454  -28.361 0.3000000119
10502  41.307  -60.612  -27.521 0.3000000119
130892  41.794  -60.477  -29.153 0.3000000119
10525  42.063  -60.061  -29.934 0.3000000119
11151  42.696  -59.264  -31.047 0.3000000119
12524  43.230  -57.892  -33.862 0.3000000119
135235  44.564  -57.530  -35.568 0.3000000119
12548  45.159  -56.896  -36.271 0.3000000119
11865  43.517  -58.138  -37.298 0.3000000119
10526  41.241  -59.945  -29.012 0.3000000119
11142  42.231  -59.356  -30.332 0.3000000119
12511  43.116  -58.600  -31.476 0.3000000119
151748  42.696  -58.145  -33.035 0.3000000119
9918  43.946  -61.504  -32.156 0.3000000119
9889  45.378  -61.541  -30.457 0.3000000119
9901  45.235  -61.430  -31.236 0.3000000119
5788  40.339  -68.646  -36.227 0.3000000119
7413  36.867  -65.274  -32.727 0.4000000060
7434  39.280  -66.077  -33.820 0.4000000060
8012  37.899  -64.202  -31.735 0.5000000000
8014  36.419  -64.010  -32.071 0.5000000000
8029  44.223  -64.763  -33.303 0.3000000119
8034  38.469  -65.018  -32.396 0.4000000060
8610  36.708  -63.397  -31.785 0.4000000060
9264  38.658  -62.138  -31.424 0.4000000060
9280  36.509  -62.704  -32.241 0.5000000000
9328  39.578  -61.952  -40.209 0.3000000119
9333  38.689  -62.071  -40.463 0.3000000119
9336  37.581  -62.350  -40.526 0.3000000119
9902  44.336  -61.224  -31.401 0.3000000119
9916  45.863  -61.797  -31.705 0.3000000119
9924  37.139  -62.041  -31.895 0.5000000000
9933  38.046  -61.023  -32.001 0.4000000060
9934  37.440  -61.409  -32.295 0.5000000000
9938  37.302  -61.295  -33.157 0.5000000000
9945  37.395  -61.389  -34.154 0.5000000000
9955  37.669  -61.718  -35.148 0.4000000060
9973  40.010  -61.773  -38.413 0.4000000060
9974  39.193  -62.132  -37.738 0.4000000060
9978  40.041  -61.969  -39.752 0.4000000060
9982  40.238  -61.340  -40.265 0.4000000060
9984  39.381  -61.542  -40.431 0.4000000060
9986  36.846  -61.700  -40.530 0.3000000119
10549  40.417  -60.201  -31.726 0.4000000060
10550  39.453  -60.259  -31.854 0.4000000060
10589  41.907  -59.950  -37.960 0.4000000060
10599  40.953  -60.854  -38.296 0.4000000060
10602  41.541  -60.771  -39.337 0.4000000060
10606  41.447  -60.551  -39.845 0.4000000060
10607  40.954  -60.760  -40.153 0.4000000060
10609  40.285  -60.475  -40.397 0.4000000060
11177  39.194  -59.605  -33.641 0.4000000060
11221  39.043  -59.141  -40.311 0.4000000060
11225  38.879  -59.981  -40.490 0.5000000000
11226  37.767  -60.056  -40.438 0.5000000000
11227  36.872  -60.205  -40.159 0.5000000000
11817  41.387  -58.722  -32.658 0.4000000060
11833  40.446  -58.849  -33.599 0.4000000060
11886  42.533  -58.645  -38.150 0.4000000060
11887  41.494  -57.957  -38.580 0.4000000060
11889  35.404  -58.851  -38.350 0.5000000000
11890  42.066  -58.791  -39.039 0.5000000000
11896  40.157  -58.799  -40.123 0.4000000060
11897  38.847  -58.368  -40.041 0.5000000000
11899  36.881  -58.944  -39.736 0.6000000238
11900  36.301  -59.448  -39.551 0.5000000000
11901  38.247  -59.450  -40.324 0.5000000000
12523  43.781  -57.772  -33.409 0.3000000119
12537  43.931  -57.723  -35.011 0.3000000119
12550  43.893  -57.714  -36.397 0.3000000119
12553  39.408  -56.854  -35.624 0.3000000119
12568  43.273  -57.265  -37.243 0.4000000060
12581  39.083  -57.226  -37.210 0.4000000060
12582  37.809  -56.920  -36.680 0.4000000060
12590  37.491  -56.967  -38.298 0.6000000238
12592  35.653  -57.388  -37.506 0.4000000060
12598  39.896  -57.566  -38.956 0.4000000060
12599  38.861  -57.277  -39.278 0.5000000000
12601  36.352  -58.030  -38.924 0.5000000000
12602  38.407  -57.660  -39.630 0.4000000060
12603  36.984  -58.104  -39.413 0.6000000238
13207  41.169  -55.942  -34.834 0.3000000119
13209  39.314  -56.368  -34.273 0.3000000119
13220  43.450  -56.725  -36.627 0.4000000060
13237  45.176  -56.412  -36.261 0.3000000119
13239  36.010  -56.463  -35.599 0.5000000000
13245  36.873  -56.711  -36.221 0.4000000060
13248  35.101  -56.835  -36.050 0.4000000060
13888  37.566  -55.630  -32.278 0.6999999881
13900  34.483  -55.816  -33.098 0.5000000000
13909  34.996  -56.032  -34.031 0.4000000060
13918  44.549  -56.039  -36.314 0.4000000060
13919  44.034  -56.296  -36.530 0.4000000060
14526  38.980  -54.047  -31.763 0.6000000238
14530  35.219  -54.761  -31.167 0.6999999881
14532  33.432  -54.369  -31.936 0.6000000238
14544  40.858  -54.628  -33.310 0.3000000119
14559  44.607  -54.893  -35.694 0.3000000119
14564  30.102  -54.757  -37.158 0.5000000000
15156  45.148  -53.676  -30.206 0.3000000119
15166  36.806  -53.281  -30.374 0.6000000238
15167  35.842  -53.399  -30.348 0.6000000238
15192  42.468  -53.280  -33.628 0.4000000060
15201  43.694  -53.245  -34.470 0.4000000060
15880  37.111  -52.599  -30.128 0.6000000238
15883  34.455  -52.341  -30.823 0.6999999881
15886  47.482  -53.146  -31.839 0.3000000119
15887  46.770  -52.541  -31.500 0.3000000119
15895  47.180  -52.409  -32.293 0.3000000119
15905  42.579  -52.310  -33.687 0.3000000119
15926  33.991  -52.360  -37.296 0.6000000238
16601  45.040  -52.346  -30.052 0.3000000119
16614  45.558  -51.410  -30.720 0.3000000119
16619  34.936  -51.745  -30.425 0.6999999881
16644  46.648  -50.728  -34.623 0.3000000119
16663  35.018  -51.886  -36.425 0.5000000000
16671  29.237  -51.511  -37.386 0.4000000060
16686  36.813  -51.668  -39.116 0.6000000238
16691  32.107  -51.660  -38.391 0.5000000000
16693  35.031  -51.139  -39.295 0.6999999881
17371  37.466  -50.713  -29.778 0.6000000238
17393  45.718  -50.393  -32.598 0.3000000119
17394  41.550  -50.369  -32.859 0.4000000060
17399  46.132  -49.661  -34.959 0.3000000119
17416  45.747  -49.554  -37.360 0.3000000119
17431  30.792  -50.998  -37.763 0.4000000060
17438  32.753  -50.468  -38.530 0.6000000238
17441  37.170  -51.153  -39.407 0.6999999881
18149  44.329  -49.240  -29.757 0.3000000119
18161  39.498  -49.336  -30.685 0.5000000000
18162  38.782  -49.432  -30.191 0.5000000000
18163  38.064  -49.471  -29.833 0.5000000000
18171  40.908  -49.228  -31.900 0.4000000060
18180  45.465  -49.501  -32.958 0.3000000119
18196  42.033  -49.654  -33.280 0.4000000060
18216  31.678  -49.900  -37.193 0.6000000238
18218  29.433  -50.195  -36.514 0.5000000000
18228  38.604  -50.302  -39.129 0.6999999881
18232  39.012  -49.918  -39.640 0.6999999881
18233  38.327  -50.198  -39.608 0.6999999881
18972  36.615  -48.501  -29.591 0.5000000000
18979  40.242  -48.353  -31.006 0.4000000060
18982  35.925  -48.386  -29.857 0.4000000060
19016  37.380  -48.447  -36.068 0.5000000000
19021  29.280  -48.611  -35.745 0.5000000000
19027  32.661  -48.835  -36.770 0.5000000000
19037  33.050  -49.121  -37.596 0.6000000238
19040  40.239  -48.962  -39.930 0.6999999881
19041  39.576  -49.395  -39.871 0.6999999881
19044  40.439  -48.583  -40.068 0.6000000238
19046  38.715  -48.782  -40.184 0.6999999881
19836  32.752  -47.584  -35.990 0.5000000000
19842  38.627  -47.953  -37.145 0.6000000238
19857  40.989  -48.035  -39.583 0.6999999881
19860  34.629  -48.531  -39.013 0.6999999881
19861  41.135  -47.641  -39.938 0.6000000238
19865  41.277  -46.943  -40.407 0.5000000000
19866  40.802  -47.955  -40.165 0.6000000238
20631  35.648  -46.372  -30.508 0.5000000000
20660  35.819  -46.769  -33.145 0.5000000000
20676  38.208  -46.436  -36.553 0.6000000238
20685  39.872  -47.316  -38.110 0.6000000238
20691  40.817  -47.685  -38.940 0.5000000000
20695  36.676  -46.499  -39.676 0.6000000238
20698  40.396  -47.316  -40.530 0.6000000238
21498  34.107  -46.004  -36.558 0.4000000060
21505  35.570  -45.960  -38.493 0.5000000000
21507  41.651  -46.438  -39.712 0.5000000000
22395  37.488  -44.180  -39.746 0.5000000000
23285  36.584  -43.988  -38.666 0.5000000000
125415  36.830  -51.507  -37.626 0.6000000238
129157  42.126  -58.809  -32.215 0.3000000119
130547  38.556  -60.431  -32.291 0.4000000060
131320  36.301  -57.347  -38.214 0.5000000000
132158  38.935  -55.691  -32.972 0.4000000060
132311  44.487  -56.706  -36.730 0.4000000060
133193  35.510  -56.070  -34.162 0.4000000060
134295  43.207  -46.035  -33.398 0.4000000060
135213  31.238  -47.265  -35.368 0.5000000000
135912  34.508  -54.690  -31.407 0.6999999881
136047  35.582  -48.342  -30.322 0.4000000060
140480  45.753  -52.285  -30.557 0.3000000119
141151  32.528  -46.947  -35.649 0.5000000000
141964  45.661  -49.012  -36.527 0.3000000119
142216  46.408  -52.598  -30.970 0.3000000119
142256  42.644  -51.431  -34.019 0.3000000119
143230  40.934  -59.137  -35.480 0.4000000060
143332  35.463  -47.287  -31.182 0.5000000000
143652  27.855  -50.665  -36.936 0.5000000000
146229  42.850  -65.756  -34.468 0.3000000119
146394  36.493  -55.145  -31.497 0.6999999881
146931  44.887  -52.998  -29.953 0.3000000119
147682  36.815  -47.255  -39.876 0.6000000238
148527  41.456  -59.757  -37.110 0.4000000060
148559  39.957  -62.194  -39.175 0.4000000060
148716  45.427  -48.660  -35.175 0.3000000119
149273  37.870  -44.654  -40.128 0.5000000000
150449  37.545  -51.469  -29.890 0.6000000238
150773  36.962  -51.898  -38.797 0.6000000238
150856  43.557  -48.536  -34.282 0.4000000060
151452  44.613  -57.091  -36.664 0.3000000119
152164  38.724  -61.349  -40.576 0.3000000119
152759  37.562  -63.307  -31.502 0.4000000060
153174  34.340  -49.805  -39.220 0.6999999881
153760  39.563  -50.508  -30.967 0.6000000238
154314  37.619  -57.587  -39.424 0.6000000238
154508  44.025  -64.478  -33.521 0.3000000119
154736  42.042  -58.317  -34.668 0.4000000060
155178  39.633  -60.222  -40.475 0.4000000060
155297  43.499  -65.394  -33.875 0.3000000119
155382  31.537  -48.011  -35.517 0.5000000000
155531  43.048  -51.174  -34.578 0.3000000119
156328  38.018  -51.626  -30.077 0.6000000238
156530  42.485  -57.642  -37.317 0.4000000060
