#!ascii label  , from subject NIHPD_75_135 vox2ras=TkReg
2052
126067  37.551  -46.964  -29.400 0.6000000238
19780  38.909  -47.246  -29.870 0.5000000000
21428  36.636  -44.525  -29.156 0.6999999881
151103  35.864  -45.280  -29.923 0.6000000238
22315  35.637  -44.915  -30.450 0.6000000238
23202  35.647  -43.631  -30.844 0.6000000238
20617  37.174  -46.207  -29.266 0.6999999881
21442  36.883  -45.406  -29.177 0.6000000238
129439  36.487  -46.110  -29.522 0.5000000000
20618  35.955  -45.935  -29.874 0.5000000000
21462  35.510  -45.912  -31.219 0.5000000000
22331  35.500  -45.257  -31.075 0.6000000238
23219  35.635  -43.619  -31.843 0.6000000238
20616  38.011  -46.271  -29.266 0.5000000000
139761  38.295  -46.916  -29.524 0.5000000000
128423  36.740  -46.931  -29.514 0.6000000238
22341  35.661  -44.424  -32.413 0.6000000238
18980  39.659  -48.165  -30.506 0.5000000000
19792  40.232  -47.515  -30.705 0.5000000000
24996  36.404  -41.851  -29.666 0.6000000238
25024  35.903  -42.113  -30.840 0.6999999881
146094  37.807  -44.042  -28.724 0.6000000238
141521  36.779  -43.748  -28.980 0.6999999881
24054  36.106  -43.203  -29.609 0.6000000238
24073  35.859  -42.879  -30.296 0.6000000238
24087  35.753  -42.843  -31.310 0.6000000238
21426  38.174  -44.800  -28.932 0.6000000238
21427  37.351  -44.734  -28.918 0.6999999881
20615  38.973  -46.362  -29.626 0.5000000000
22302  39.017  -44.832  -29.271 0.5000000000
23234  35.894  -43.576  -32.801 0.6000000238
20629  39.681  -46.894  -30.166 0.5000000000
23244  36.442  -43.440  -33.689 0.6000000238
20628  40.438  -46.572  -30.630 0.5000000000
23253  36.884  -43.648  -34.438 0.6000000238
152866  37.549  -42.690  -34.985 0.6999999881
23252  37.367  -43.384  -34.976 0.6000000238
24131  37.917  -42.991  -35.520 0.6999999881
23259  37.746  -43.857  -35.580 0.6000000238
23258  38.389  -43.417  -36.125 0.6000000238
23280  39.616  -43.663  -37.369 0.6000000238
23270  38.887  -43.953  -36.737 0.6000000238
24173  41.723  -42.551  -41.487 0.5000000000
26026  40.411  -40.851  -41.801 0.6999999881
24174  40.958  -42.265  -41.574 0.6000000238
26027  39.806  -40.221  -41.833 0.8000000119
25099  38.855  -41.744  -41.050 0.6999999881
25932  36.480  -40.453  -30.251 0.6000000238
25943  36.272  -40.729  -31.114 0.6999999881
23173  37.329  -43.300  -28.680 0.6999999881
134968  36.580  -43.051  -29.074 0.6999999881
24980  36.920  -41.687  -29.131 0.6000000238
24086  35.973  -42.057  -31.759 0.6999999881
25039  36.298  -41.137  -32.072 0.6999999881
22289  38.731  -44.014  -28.940 0.6000000238
23172  38.247  -43.267  -28.603 0.6000000238
23185  40.151  -43.575  -29.606 0.5000000000
23186  39.392  -43.604  -29.173 0.5000000000
25047  36.664  -41.155  -33.031 0.8000000119
24099  36.338  -42.044  -32.767 0.6000000238
21438  40.110  -45.252  -29.986 0.5000000000
137327  39.688  -44.866  -29.592 0.5000000000
25961  37.100  -41.053  -33.700 0.8000000119
24113  36.624  -42.512  -33.597 0.6000000238
19791  40.977  -47.058  -31.280 0.5000000000
25062  37.645  -41.279  -34.681 0.8000000119
148854  37.884  -41.589  -35.148 0.8000000119
24123  37.020  -42.832  -34.374 0.6999999881
25075  38.807  -41.666  -36.386 0.6999999881
25979  38.353  -41.485  -35.738 0.6999999881
25081  39.764  -41.921  -37.527 0.6999999881
25082  39.212  -41.407  -36.991 0.6999999881
145823  38.531  -42.419  -36.078 0.6999999881
25090  40.345  -41.723  -38.347 0.6000000238
24155  39.715  -42.752  -37.396 0.6000000238
24144  39.061  -43.050  -36.715 0.6000000238
25093  41.788  -41.987  -40.267 0.6999999881
24161  41.074  -43.083  -38.821 0.6999999881
23284  40.368  -43.343  -38.021 0.6000000238
25096  42.085  -42.134  -41.128 0.6999999881
24164  42.278  -43.682  -40.491 0.6000000238
25103  40.882  -41.513  -41.691 0.8000000119
25102  41.618  -41.805  -41.523 0.8000000119
144540  42.166  -42.665  -41.215 0.6000000238
26936  40.907  -39.571  -42.372 0.8999999762
26023  37.829  -40.548  -40.768 0.6999999881
26022  38.909  -40.894  -41.292 0.6999999881
26838  36.817  -39.515  -30.074 0.6000000238
128847  36.509  -39.875  -30.948 0.6999999881
27833  36.830  -38.626  -31.360 0.6999999881
25920  36.885  -40.290  -29.529 0.6000000238
27839  36.932  -38.790  -32.186 0.6000000238
153848  38.705  -41.033  -28.437 0.4000000060
24979  38.365  -41.669  -28.467 0.6000000238
135475  37.236  -40.845  -28.994 0.6000000238
25953  36.513  -40.176  -31.825 0.6999999881
24978  39.150  -41.539  -28.573 0.6000000238
26865  36.826  -39.583  -32.467 0.8000000119
24051  40.352  -42.617  -29.526 0.4000000060
24052  39.570  -42.933  -29.118 0.5000000000
24034  38.944  -43.257  -28.832 0.6000000238
26871  37.062  -39.884  -33.237 0.8000000119
23201  40.814  -44.001  -30.309 0.5000000000
128869  37.389  -40.328  -33.917 0.8000000119
22314  40.711  -44.861  -30.460 0.4000000060
25980  38.032  -40.239  -35.303 0.8000000119
21451  41.231  -45.313  -31.085 0.5000000000
25992  38.718  -40.885  -36.407 0.8000000119
26915  39.108  -39.354  -38.360 0.8000000119
26002  39.122  -40.743  -37.174 0.6999999881
139809  38.318  -40.724  -35.735 0.8000000119
131947  40.636  -40.918  -39.281 0.8000000119
26012  39.224  -40.199  -37.925 0.6999999881
144411  40.795  -38.960  -40.265 0.8999999762
26016  40.737  -40.369  -39.695 0.8999999762
26011  39.998  -40.593  -38.688 0.6999999881
26920  41.676  -40.263  -40.994 0.8999999762
25089  41.060  -42.259  -39.084 0.6999999881
26935  41.908  -39.815  -42.169 0.8999999762
26928  41.899  -40.010  -41.938 0.8999999762
27901  37.190  -38.336  -41.048 0.8000000119
26931  36.728  -38.814  -40.485 0.8000000119
26938  38.097  -38.949  -41.470 0.8000000119
26930  37.333  -39.176  -40.933 0.8000000119
27909  39.445  -38.855  -42.109 0.8000000119
26937  39.030  -39.554  -41.765 0.6999999881
26849  37.003  -38.493  -30.450 0.6999999881
28718  37.124  -37.114  -31.022 0.6000000238
26837  37.435  -38.802  -29.458 0.6000000238
128912  37.415  -37.869  -29.847 0.5000000000
129352  37.020  -37.420  -31.962 0.6999999881
26823  38.570  -39.755  -28.480 0.4000000060
26824  37.930  -39.449  -28.758 0.5000000000
133459  37.274  -39.732  -29.249 0.6000000238
136627  37.095  -38.135  -32.561 0.6999999881
139308  39.319  -40.735  -28.518 0.5000000000
26864  37.241  -38.898  -33.159 0.6999999881
25918  41.464  -40.553  -29.629 0.5000000000
24033  39.725  -42.086  -28.992 0.6000000238
25009  41.783  -41.822  -30.566 0.4000000060
24050  41.113  -42.236  -30.005 0.4000000060
27864  37.655  -38.558  -35.774 0.8000000119
27852  37.637  -38.780  -34.952 0.8000000119
24071  41.606  -42.676  -30.740 0.4000000060
155529  38.110  -39.526  -36.168 0.8000000119
26888  37.910  -39.424  -35.598 0.8000000119
25970  37.727  -40.575  -34.652 0.8000000119
22313  41.353  -44.443  -30.979 0.3000000119
27888  39.028  -38.194  -38.699 0.8000000119
27874  38.250  -38.036  -37.847 0.8000000119
26897  38.282  -39.517  -36.697 0.8000000119
26906  38.621  -39.475  -37.522 0.8000000119
28784  40.573  -37.499  -40.308 0.8999999762
27887  39.699  -38.994  -39.249 0.8999999762
27900  41.463  -38.455  -40.943 0.8999999762
27894  41.898  -39.461  -41.444 0.8999999762
28791  41.916  -37.714  -41.553 0.8999999762
27899  42.193  -38.665  -42.233 0.8999999762
28800  37.372  -37.531  -41.390 0.8000000119
27902  36.416  -38.065  -40.505 0.8000000119
27907  42.015  -38.929  -42.474 0.8999999762
27914  41.967  -38.194  -42.831 0.8999999762
27910  38.248  -38.200  -41.708 0.8000000119
28806  40.957  -37.846  -42.861 0.8000000119
147112  37.173  -37.684  -30.523 0.6000000238
29573  37.069  -36.363  -31.704 0.6000000238
29560  38.361  -36.665  -29.177 0.6000000238
27805  39.897  -38.137  -28.373 0.4000000060
151917  39.216  -38.363  -28.460 0.4000000060
27806  38.554  -38.159  -28.679 0.4000000060
27817  37.891  -38.005  -29.160 0.5000000000
28724  37.114  -37.435  -32.895 0.6999999881
26822  39.347  -39.829  -28.441 0.4000000060
148997  37.395  -38.287  -33.732 0.6999999881
25908  40.859  -40.046  -29.076 0.5000000000
26821  40.257  -39.530  -28.591 0.4000000060
128282  37.428  -38.131  -34.421 0.6999999881
26836  41.647  -39.738  -29.382 0.5000000000
29610  37.364  -36.650  -36.048 0.8000000119
28738  37.445  -37.988  -35.236 0.8000000119
145733  38.208  -36.279  -37.846 0.8000000119
27868  37.710  -38.258  -36.515 0.8000000119
28779  39.417  -37.344  -39.248 0.8000000119
150000  40.424  -35.680  -40.148 0.8999999762
27895  40.071  -38.229  -39.763 0.8999999762
29640  41.047  -36.754  -40.752 0.8999999762
28790  42.294  -37.747  -42.498 0.8999999762
28797  42.144  -37.731  -42.742 1.0000000000
137550  37.538  -36.800  -41.666 0.8000000119
28805  41.765  -37.651  -42.954 1.0000000000
28799  38.400  -37.422  -41.924 0.8000000119
29655  40.847  -36.999  -42.985 1.0000000000
28807  39.599  -37.279  -42.522 0.8000000119
29648  38.499  -36.687  -42.149 0.8000000119
29567  37.395  -36.307  -30.661 0.6000000238
31463  37.428  -34.553  -31.671 0.6000000238
30447  38.425  -35.868  -29.440 0.6000000238
153477  37.115  -34.894  -32.251 0.6999999881
28697  40.127  -37.321  -28.366 0.4000000060
28698  39.210  -37.562  -28.515 0.4000000060
29547  38.858  -36.897  -28.726 0.4000000060
27804  40.483  -38.710  -28.484 0.4000000060
152246  36.915  -35.714  -33.627 0.6999999881
26819  41.872  -38.935  -29.081 0.5000000000
28695  41.862  -37.236  -28.454 0.4000000060
29592  37.062  -36.600  -34.205 0.8000000119
28755  37.579  -37.385  -36.613 0.8000000119
140001  37.139  -35.016  -35.076 0.8000000119
30513  38.227  -35.434  -37.726 0.8000000119
28765  37.940  -37.236  -37.486 0.8000000119
29625  39.373  -35.598  -39.166 0.8000000119
29626  38.954  -36.412  -38.761 0.8000000119
29632  39.872  -36.542  -39.703 0.8999999762
29639  42.120  -36.930  -41.858 0.8999999762
30536  41.399  -35.371  -40.958 0.8999999762
30546  42.116  -36.098  -41.956 1.0000000000
29646  42.262  -35.837  -42.724 1.0000000000
30558  41.941  -35.732  -43.135 1.0000000000
29657  38.623  -35.993  -42.458 0.8000000119
28801  36.671  -36.816  -41.163 0.8000000119
30559  41.043  -35.497  -43.347 1.0000000000
131727  40.016  -35.936  -42.901 0.8000000119
30458  38.595  -35.042  -29.655 0.6000000238
29561  37.814  -36.413  -29.809 0.6000000238
31453  37.724  -34.835  -30.809 0.6000000238
30480  36.981  -35.185  -32.771 0.6999999881
140665  37.206  -33.880  -33.040 0.6999999881
29545  40.458  -36.406  -28.445 0.4000000060
142872  39.536  -36.710  -28.542 0.5000000000
29546  38.979  -36.239  -28.883 0.5000000000
32419  37.320  -33.719  -33.808 0.8000000119
28696  41.009  -37.196  -28.362 0.4000000060
29593  37.018  -35.794  -34.651 0.8000000119
29543  43.135  -36.619  -28.935 0.4000000060
29544  42.330  -36.542  -28.606 0.4000000060
31526  37.751  -35.008  -36.741 0.8000000119
127098  37.398  -34.983  -35.953 0.8000000119
134049  38.069  -35.034  -37.338 0.8000000119
30526  38.647  -35.517  -38.358 0.8000000119
32502  40.107  -33.884  -39.497 0.8000000119
30545  42.097  -35.214  -41.853 1.0000000000
32509  41.584  -33.735  -40.925 1.0000000000
31567  42.477  -34.970  -42.611 1.0000000000
32520  40.803  -34.069  -43.697 1.0000000000
30560  38.752  -35.210  -42.678 0.8999999762
30551  37.049  -35.632  -41.714 0.8000000119
30562  37.067  -34.916  -41.958 0.8999999762
31574  39.891  -34.361  -43.339 1.0000000000
32521  39.423  -33.710  -43.308 1.0000000000
31576  37.812  -34.635  -42.417 1.0000000000
132844  41.455  -33.609  -43.910 1.0000000000
137501  42.148  -32.816  -44.284 1.0000000000
33355  41.159  -32.973  -44.002 1.0000000000
34174  40.758  -32.129  -44.190 1.0000000000
35055  43.276  -31.385  -45.129 1.0000000000
35056  42.271  -31.582  -45.011 1.0000000000
31462  38.043  -34.191  -30.909 0.6999999881
32405  37.927  -33.603  -31.495 0.6999999881
32404  38.523  -32.890  -31.335 0.6999999881
32384  39.617  -33.998  -29.688 0.6000000238
139991  38.548  -34.057  -30.420 0.6000000238
32413  37.462  -33.714  -32.308 0.6999999881
29559  39.143  -35.484  -29.125 0.6000000238
30429  41.549  -35.014  -28.856 0.5000000000
33268  37.616  -32.939  -34.074 0.8000000119
30428  42.772  -35.905  -28.903 0.4000000060
31488  37.206  -34.349  -34.474 0.8000000119
32457  37.892  -33.622  -36.008 0.8000000119
32456  38.291  -33.533  -36.742 0.8000000119
32485  38.928  -34.095  -38.223 0.8000000119
31525  38.147  -34.390  -37.116 0.8000000119
32503  39.448  -33.972  -38.796 0.6999999881
31539  39.026  -34.756  -38.666 0.8000000119
32510  40.816  -33.791  -40.224 0.8999999762
33325  40.469  -33.064  -39.567 0.8000000119
31561  41.429  -34.514  -40.910 0.8999999762
33334  41.147  -33.017  -40.273 1.0000000000
34155  41.355  -32.343  -40.544 1.0000000000
146325  42.566  -34.364  -42.426 1.0000000000
34154  41.951  -32.547  -41.315 1.0000000000
150296  41.668  -31.104  -41.738 1.0000000000
32519  42.733  -33.988  -42.696 1.0000000000
35036  42.598  -32.048  -42.686 1.0000000000
33346  42.883  -33.518  -43.054 1.0000000000
35040  43.177  -32.238  -43.859 1.0000000000
34172  43.058  -32.779  -44.296 1.0000000000
32522  38.363  -33.459  -42.823 1.0000000000
32523  37.524  -33.338  -42.384 1.0000000000
132672  43.323  -32.075  -44.567 1.0000000000
33356  39.744  -32.460  -43.687 1.0000000000
34175  39.323  -31.564  -43.606 1.0000000000
131729  39.908  -31.244  -44.059 1.0000000000
35864  43.315  -30.672  -45.484 1.0000000000
35057  40.959  -30.850  -44.889 1.0000000000
32412  37.934  -32.902  -32.091 0.6999999881
32393  40.690  -33.029  -30.056 0.5000000000
33228  39.189  -32.984  -30.674 0.6999999881
33258  37.566  -33.056  -33.071 0.6999999881
32383  40.438  -33.733  -29.574 0.6000000238
30444  42.063  -34.299  -29.350 0.5000000000
31437  41.041  -34.301  -29.154 0.5000000000
33279  37.789  -32.885  -34.797 0.8000000119
32441  37.803  -33.247  -35.399 0.8000000119
32440  38.201  -32.947  -36.070 0.6999999881
33288  38.628  -32.753  -36.667 0.8000000119
149249  39.329  -32.507  -37.745 0.8000000119
32467  38.876  -32.992  -37.320 0.8000000119
33313  39.831  -33.152  -38.894 0.6999999881
142271  39.701  -32.471  -38.368 0.6999999881
35025  40.289  -30.744  -39.670 0.8999999762
145361  39.855  -29.923  -39.263 0.8000000119
35834  39.752  -29.000  -39.705 0.8000000119
37593  39.483  -27.604  -39.291 0.8000000119
35024  40.846  -31.561  -40.108 0.8999999762
34161  41.620  -31.768  -41.130 1.0000000000
35031  40.222  -29.946  -40.187 0.8999999762
35840  40.208  -29.129  -40.665 0.8999999762
36709  39.877  -28.049  -40.309 0.8000000119
35839  40.764  -30.057  -41.138 0.8999999762
35844  41.424  -30.187  -42.088 1.0000000000
35041  42.468  -31.272  -42.929 1.0000000000
33353  42.845  -33.557  -43.796 1.0000000000
35848  43.327  -31.381  -44.125 1.0000000000
36731  43.657  -30.834  -44.839 1.0000000000
156839  39.499  -29.911  -44.256 1.0000000000
36732  43.480  -29.705  -44.654 1.0000000000
35863  43.661  -30.374  -45.494 1.0000000000
35860  40.162  -29.956  -44.839 1.0000000000
36738  43.828  -29.048  -45.228 1.0000000000
36736  44.095  -29.119  -45.982 1.0000000000
36748  43.440  -28.639  -46.562 1.0000000000
33227  40.012  -32.431  -30.573 0.6999999881
34052  40.537  -31.840  -30.845 0.6999999881
33240  39.186  -32.239  -31.169 0.6999999881
34064  39.136  -31.519  -31.699 0.6999999881
34075  38.617  -31.546  -32.397 0.6999999881
33226  40.960  -32.378  -30.504 0.6000000238
34083  38.354  -31.592  -33.229 0.6999999881
32382  41.347  -33.608  -29.647 0.5000000000
34092  38.305  -31.677  -34.101 0.6999999881
31436  42.115  -33.590  -29.849 0.5000000000
149049  38.312  -31.806  -34.833 0.8000000119
34104  38.608  -31.616  -35.511 0.6999999881
34103  39.017  -31.435  -36.332 0.6999999881
34114  38.637  -32.210  -36.157 0.6999999881
132347  39.420  -31.229  -37.134 0.6999999881
34121  39.658  -31.772  -37.855 0.6999999881
34148  40.265  -31.541  -39.153 0.6999999881
144109  39.911  -31.357  -38.419 0.6999999881
36697  39.548  -29.221  -38.782 0.8000000119
153740  39.163  -28.210  -37.884 0.8000000119
130610  39.094  -27.034  -37.797 0.8000000119
37577  39.226  -27.823  -38.344 0.8000000119
154635  39.284  -27.063  -38.580 0.8000000119
38573  39.495  -26.634  -39.145 0.8000000119
36713  40.737  -29.257  -41.513 1.0000000000
37606  40.301  -27.878  -41.178 0.8999999762
38590  40.004  -26.393  -40.350 0.8000000119
37605  40.600  -27.401  -41.716 1.0000000000
38597  40.153  -27.057  -40.844 0.8000000119
35849  42.135  -30.224  -43.029 1.0000000000
135238  41.288  -29.390  -42.257 1.0000000000
36725  42.903  -30.063  -43.882 1.0000000000
37611  42.376  -28.801  -43.698 1.0000000000
37616  43.244  -27.675  -44.576 1.0000000000
36740  39.692  -28.870  -44.779 1.0000000000
36733  39.196  -29.296  -44.071 1.0000000000
37621  44.169  -28.239  -45.672 1.0000000000
38621  44.523  -27.320  -46.713 1.0000000000
37634  44.034  -28.189  -46.770 1.0000000000
36744  41.591  -28.907  -45.957 1.0000000000
141558  44.479  -26.229  -47.506 1.0000000000
34062  40.703  -31.107  -31.196 0.6999999881
34935  39.748  -30.753  -31.704 0.6999999881
34946  39.282  -30.405  -32.529 0.6000000238
34955  38.972  -30.355  -33.389 0.6000000238
143397  38.811  -30.449  -34.159 0.6000000238
34978  38.634  -31.071  -34.711 0.6999999881
35789  39.022  -29.943  -35.875 0.6999999881
34965  38.942  -30.225  -34.914 0.6999999881
34987  39.185  -30.645  -36.518 0.6999999881
128406  39.444  -30.494  -37.274 0.6999999881
36677  39.106  -28.603  -37.417 0.8000000119
35805  39.583  -30.240  -37.944 0.6999999881
129468  39.393  -29.417  -37.916 0.8000000119
39610  39.246  -25.466  -37.717 0.8000000119
154413  39.394  -25.478  -38.407 0.8000000119
39632  40.059  -25.671  -40.308 0.8000000119
156048  40.500  -26.634  -41.450 0.8000000119
39631  40.457  -25.194  -41.021 0.8000000119
134879  42.184  -27.662  -43.655 1.0000000000
38602  41.529  -26.753  -42.923 1.0000000000
39646  40.694  -25.918  -41.639 0.6999999881
38609  42.204  -26.519  -43.649 1.0000000000
39653  41.248  -25.837  -42.459 0.8999999762
38608  42.998  -26.507  -44.408 1.0000000000
135389  43.955  -27.018  -45.255 1.0000000000
39665  43.782  -25.215  -45.191 1.0000000000
154857  38.706  -28.777  -43.502 1.0000000000
38615  44.566  -26.753  -46.120 1.0000000000
39673  44.944  -25.849  -46.889 1.0000000000
37629  42.247  -28.207  -46.470 1.0000000000
37622  40.265  -28.351  -45.349 1.0000000000
37617  38.979  -28.357  -44.015 1.0000000000
38628  43.645  -27.280  -47.196 1.0000000000
36648  39.282  -28.863  -34.152 0.6000000238
131934  39.068  -29.404  -34.963 0.6999999881
127136  39.071  -29.432  -36.410 0.6999999881
36658  39.010  -29.070  -35.768 0.6999999881
129558  39.180  -29.360  -37.082 0.6999999881
129463  38.880  -27.987  -36.688 0.8000000119
131121  38.918  -27.131  -36.877 0.6999999881
39598  39.240  -25.353  -36.964 0.6999999881
41738  39.778  -24.350  -38.652 0.6999999881
40705  39.928  -24.585  -39.419 0.6999999881
40712  40.148  -24.852  -40.186 0.6999999881
40742  40.946  -25.059  -41.852 0.8000000119
40711  40.594  -24.300  -40.720 0.6999999881
39661  41.815  -25.561  -43.140 0.8999999762
39660  42.575  -25.506  -43.904 1.0000000000
40751  42.850  -24.466  -43.896 1.0000000000
40768  44.586  -25.542  -46.353 1.0000000000
38622  41.319  -27.186  -46.219 1.0000000000
39681  43.064  -26.291  -47.347 1.0000000000
35761  40.777  -29.201  -31.940 0.6000000238
34945  39.937  -29.853  -32.179 0.6000000238
127058  39.384  -29.709  -32.991 0.6000000238
147850  39.763  -28.357  -33.354 0.6000000238
35781  39.077  -29.707  -33.995 0.6000000238
37527  39.380  -28.042  -34.236 0.6000000238
138128  39.125  -28.559  -34.997 0.6000000238
129523  38.924  -28.242  -35.823 0.6000000238
38525  39.223  -26.676  -35.123 0.6999999881
132632  39.231  -25.663  -36.280 0.6999999881
40686  39.471  -24.767  -37.324 0.6999999881
40698  39.470  -24.862  -38.145 0.6999999881
41710  40.157  -23.483  -37.531 0.6999999881
41724  40.101  -23.653  -38.395 0.6999999881
41737  40.164  -23.879  -39.184 0.6999999881
44634  48.980  -20.581  -39.571 0.3000000119
41749  41.111  -23.814  -41.274 0.6999999881
130805  40.550  -23.487  -39.649 0.6999999881
45800  49.301  -19.347  -40.446 0.3000000119
40726  41.268  -24.230  -41.958 0.8000000119
35825  36.167  -29.840  -38.857 0.8999999762
40752  42.169  -24.656  -43.213 1.0000000000
35841  37.130  -29.515  -40.503 1.0000000000
36734  38.499  -28.087  -43.256 1.0000000000
35851  37.818  -28.854  -41.999 1.0000000000
40760  44.248  -24.361  -45.799 1.0000000000
39692  43.206  -24.793  -47.780 1.0000000000
39690  44.118  -25.561  -47.832 1.0000000000
38629  42.368  -27.040  -46.758 1.0000000000
37623  39.791  -27.303  -45.242 1.0000000000
131551  41.886  -25.845  -46.881 1.0000000000
36624  41.488  -28.322  -32.048 0.6000000238
36625  40.521  -28.322  -32.558 0.6000000238
37501  41.077  -27.558  -32.570 0.6000000238
36637  40.295  -27.594  -33.117 0.6000000238
37513  40.805  -26.859  -33.128 0.6000000238
38498  40.465  -26.248  -33.698 0.6999999881
39562  40.804  -25.636  -33.801 0.6999999881
134956  39.503  -27.218  -34.310 0.6000000238
39570  39.604  -25.827  -34.878 0.6999999881
156300  47.165  -25.453  -35.969 0.3000000119
39597  46.812  -25.152  -35.680 0.3000000119
155114  39.283  -25.971  -35.566 0.6999999881
40675  39.588  -24.795  -36.356 0.6999999881
41703  40.353  -23.405  -36.637 0.6999999881
43679  47.983  -20.565  -38.366 0.3000000119
44625  48.404  -20.149  -39.038 0.4000000060
45790  48.799  -19.594  -39.691 0.4000000060
155928  48.199  -19.402  -39.124 0.4000000060
34996  35.105  -30.623  -37.578 0.6999999881
131877  34.519  -29.330  -37.436 0.6999999881
133996  48.531  -16.394  -41.525 0.3000000119
45801  48.823  -18.859  -40.097 0.3000000119
42737  41.512  -22.667  -40.365 0.6999999881
133220  35.947  -29.092  -38.699 0.8999999762
48291  48.932  -17.079  -41.627 0.3000000119
47042  48.198  -18.710  -39.532 0.3000000119
41777  41.939  -23.966  -42.581 0.8000000119
35842  36.809  -28.924  -39.927 0.8999999762
48277  47.952  -17.390  -40.391 0.3000000119
47055  47.682  -17.882  -39.730 0.3000000119
131437  42.673  -23.721  -43.284 0.8000000119
41785  43.863  -23.401  -45.276 1.0000000000
37618  38.620  -27.324  -43.866 1.0000000000
41799  44.478  -23.020  -47.576 1.0000000000
38624  39.472  -26.432  -45.157 1.0000000000
38616  39.027  -26.830  -44.636 1.0000000000
40784  44.149  -23.910  -47.986 1.0000000000
38630  41.119  -26.285  -46.309 1.0000000000
40787  41.219  -23.761  -47.259 1.0000000000
40776  40.431  -24.307  -46.688 1.0000000000
41800  40.026  -23.175  -46.958 1.0000000000
38496  41.952  -25.487  -33.264 0.6999999881
39561  41.406  -25.231  -33.698 0.6999999881
38524  47.041  -25.803  -35.582 0.3000000119
39582  46.506  -25.503  -35.062 0.4000000060
39569  40.738  -25.072  -34.241 0.6999999881
136546  40.070  -25.128  -34.830 0.6999999881
39584  40.015  -24.590  -35.476 0.6999999881
40673  46.709  -24.455  -35.910 0.4000000060
40674  40.086  -24.013  -36.074 0.6999999881
41701  46.698  -23.723  -36.184 0.3000000119
41690  46.195  -23.858  -35.539 0.5000000000
41702  40.926  -22.753  -36.309 0.6999999881
42701  40.645  -22.787  -37.241 0.6999999881
42684  46.284  -23.208  -35.821 0.5000000000
42709  40.528  -22.953  -38.154 0.6999999881
130328  47.556  -21.867  -37.531 0.4000000060
43662  45.962  -21.076  -36.145 0.6000000238
43670  46.908  -20.553  -37.155 0.5000000000
43669  47.529  -20.971  -37.693 0.3000000119
42723  40.965  -22.499  -38.840 0.6999999881
49368  45.832  -16.395  -40.638 0.4000000060
45771  46.713  -19.181  -37.711 0.4000000060
42724  40.954  -22.895  -39.659 0.6999999881
35807  33.845  -29.246  -37.164 0.6999999881
127107  46.944  -15.918  -40.695 0.4000000060
44626  47.820  -19.663  -38.550 0.4000000060
45780  47.202  -19.067  -38.229 0.4000000060
34998  33.459  -29.804  -36.907 0.6000000238
49378  47.762  -16.137  -41.003 0.3000000119
48293  47.381  -16.675  -40.529 0.3000000119
47043  47.469  -18.308  -39.203 0.4000000060
45781  46.468  -18.567  -38.094 0.4000000060
150301  41.609  -23.096  -41.109 0.6999999881
42736  42.029  -21.984  -40.345 0.6999999881
35826  35.592  -29.418  -38.216 0.6999999881
48279  46.446  -17.257  -39.764 0.4000000060
47037  46.219  -17.977  -38.629 0.4000000060
42744  42.270  -22.731  -41.700 0.8000000119
47044  46.810  -17.756  -39.294 0.4000000060
41760  42.622  -23.010  -42.551 0.8000000119
36721  37.585  -27.961  -41.714 1.0000000000
156427  43.224  -22.584  -43.633 0.8999999762
42777  43.968  -22.388  -45.999 1.0000000000
39684  39.879  -24.874  -46.090 1.0000000000
41810  40.993  -22.865  -47.482 1.0000000000
41809  42.220  -23.141  -47.751 1.0000000000
41811  43.519  -22.337  -47.897 1.0000000000
40777  39.408  -23.927  -46.366 1.0000000000
39668  38.582  -24.961  -45.158 1.0000000000
41801  38.949  -23.046  -46.449 1.0000000000
40769  38.093  -23.994  -45.498 1.0000000000
39542  43.178  -26.038  -32.841 0.6000000238
138709  43.534  -25.439  -33.258 0.6000000238
40633  43.078  -24.776  -33.505 0.6000000238
40634  42.179  -24.868  -33.571 0.6999999881
39567  45.482  -25.340  -34.133 0.5000000000
40631  44.841  -24.792  -33.994 0.6000000238
39568  41.479  -24.389  -34.200 0.6999999881
40648  45.514  -24.670  -34.514 0.5000000000
41676  44.885  -24.109  -34.360 0.4000000060
40666  41.085  -23.760  -34.995 0.6999999881
40667  40.471  -24.040  -35.418 0.6999999881
41677  44.126  -23.649  -34.238 0.6000000238
134376  41.985  -23.480  -34.545 0.6999999881
131677  45.611  -23.103  -35.278 0.6000000238
41694  41.489  -22.910  -35.394 0.6999999881
42685  46.045  -22.502  -35.779 0.6000000238
150811  45.394  -22.306  -35.396 0.6000000238
42694  41.583  -22.157  -36.044 0.6999999881
42700  41.213  -22.108  -36.933 0.6999999881
42692  46.366  -21.872  -36.234 0.5000000000
145349  45.515  -20.509  -36.201 0.6000000238
44607  43.711  -20.771  -35.797 0.6000000238
43672  41.526  -21.512  -37.580 0.6000000238
49369  45.187  -16.379  -41.092 0.4000000060
44617  47.296  -19.928  -37.791 0.4000000060
44611  46.128  -20.315  -36.629 0.4000000060
44612  45.307  -19.860  -36.505 0.5000000000
44614  43.187  -20.474  -36.249 0.6000000238
43680  41.535  -21.669  -38.680 0.6999999881
49379  45.344  -15.638  -41.138 0.4000000060
45766  45.776  -19.508  -36.930 0.5000000000
49367  46.531  -16.625  -40.332 0.4000000060
49360  45.558  -16.939  -40.373 0.5000000000
45772  45.917  -18.862  -37.490 0.4000000060
47029  45.818  -18.276  -38.108 0.4000000060
128053  41.493  -22.200  -39.598 0.6999999881
37578  35.502  -27.913  -38.618 0.8999999762
36679  34.266  -28.541  -37.597 0.6999999881
48278  47.108  -17.228  -39.965 0.4000000060
47038  45.458  -17.890  -38.702 0.4000000060
128438  42.559  -22.068  -41.577 0.6999999881
42743  42.108  -22.410  -41.007 0.6999999881
48263  46.030  -17.497  -39.267 0.4000000060
37602  36.763  -27.144  -40.559 0.8999999762
42778  43.554  -22.472  -44.756 0.8999999762
37601  37.230  -27.130  -41.387 0.8999999762
39667  38.890  -25.862  -44.807 1.0000000000
38604  37.748  -26.520  -42.707 1.0000000000
42784  43.806  -21.632  -46.669 1.0000000000
38617  38.385  -26.124  -44.052 1.0000000000
42800  41.860  -21.490  -47.779 1.0000000000
150425  38.309  -25.316  -44.538 1.0000000000
38611  37.766  -25.906  -43.324 1.0000000000
43780  40.807  -21.485  -47.537 1.0000000000
43755  38.273  -22.308  -44.574 0.8999999762
43763  38.460  -22.171  -45.293 1.0000000000
42794  38.699  -22.417  -46.273 1.0000000000
40770  37.484  -23.947  -44.987 1.0000000000
39669  37.868  -24.613  -44.799 1.0000000000
42779  37.974  -22.585  -44.911 1.0000000000
42780  37.515  -23.034  -44.779 1.0000000000
41787  37.040  -23.631  -44.588 0.8999999762
42773  37.644  -22.652  -44.096 1.0000000000
41778  36.842  -23.260  -44.131 0.8999999762
40649  43.529  -24.141  -33.871 0.6000000238
40650  42.550  -24.112  -33.920 0.6999999881
42676  44.028  -22.846  -34.559 0.6999999881
41679  42.404  -22.713  -34.889 0.6999999881
42686  44.785  -22.542  -34.990 0.6000000238
42687  43.991  -22.063  -34.924 0.6000000238
41693  42.059  -22.295  -35.442 0.6999999881
149179  43.310  -21.847  -35.108 0.6999999881
43658  42.934  -21.464  -35.497 0.6000000238
43664  42.608  -21.088  -36.076 0.6000000238
43671  42.448  -20.697  -36.776 0.6000000238
50419  44.731  -15.154  -41.321 0.3000000119
43656  44.759  -21.676  -35.370 0.6000000238
44606  44.393  -20.877  -35.702 0.6000000238
152488  41.994  -20.974  -37.312 0.6000000238
49380  44.453  -15.804  -41.645 0.4000000060
48294  44.026  -16.375  -41.860 0.4000000060
45768  43.645  -19.777  -36.599 0.6000000238
44619  42.904  -20.010  -36.994 0.6000000238
145001  43.394  -19.485  -37.208 0.5000000000
44621  41.946  -20.959  -38.101 0.6000000238
47031  44.428  -18.730  -37.699 0.4000000060
44628  42.114  -20.948  -38.984 0.6000000238
132996  44.524  -17.304  -41.177 0.5000000000
47039  44.718  -18.290  -38.477 0.4000000060
47030  45.197  -18.470  -37.882 0.4000000060
43689  42.011  -21.492  -39.639 0.6000000238
132373  45.034  -17.181  -40.502 0.5000000000
43710  42.543  -21.699  -41.063 0.6000000238
48257  44.939  -17.794  -39.376 0.4000000060
47045  44.342  -18.308  -39.210 0.4000000060
37594  36.066  -27.720  -39.300 0.8999999762
129117  43.350  -21.270  -43.869 0.8999999762
133821  43.138  -22.040  -43.030 0.8000000119
151381  36.356  -27.211  -39.862 0.8999999762
38592  36.635  -26.222  -41.142 0.8999999762
38598  36.762  -25.689  -42.011 0.8999999762
38591  37.253  -26.383  -41.970 0.8999999762
43778  42.761  -21.158  -47.590 1.0000000000
144522  39.214  -21.808  -46.642 1.0000000000
39662  37.677  -25.149  -44.035 1.0000000000
40762  37.230  -24.322  -44.452 0.8999999762
42757  36.822  -22.754  -43.258 1.0000000000
41762  35.972  -23.371  -43.845 1.0000000000
41780  35.814  -23.773  -44.106 0.8999999762
42747  36.332  -22.405  -42.323 1.0000000000
42748  35.309  -22.599  -42.565 0.8999999762
42677  43.245  -22.428  -34.751 0.6999999881
51495  45.061  -14.474  -41.007 0.3000000119
50420  44.183  -15.413  -41.611 0.3000000119
49381  43.900  -16.015  -41.806 0.3000000119
44620  42.410  -20.440  -37.574 0.6000000238
48295  43.502  -16.876  -41.944 0.4000000060
47032  43.660  -19.062  -37.737 0.5000000000
45782  43.419  -19.214  -38.603 0.5000000000
152410  42.556  -20.438  -39.187 0.5000000000
48280  44.535  -16.591  -41.556 0.5000000000
47040  44.037  -18.678  -38.410 0.5000000000
45783  42.916  -19.871  -38.926 0.5000000000
48266  44.170  -17.894  -41.231 0.5000000000
139055  43.833  -18.814  -39.157 0.5000000000
43701  42.494  -21.263  -40.440 0.6000000238
48265  44.540  -17.832  -40.225 0.5000000000
43721  43.095  -21.084  -42.069 0.6999999881
47056  43.799  -18.669  -41.307 0.5000000000
129668  43.328  -20.972  -43.140 0.6000000238
147984  43.425  -21.611  -44.466 0.8999999762
43760  43.160  -20.768  -46.478 0.8999999762
42785  43.437  -21.292  -45.535 0.8999999762
44703  41.808  -20.368  -47.080 0.8999999762
43754  38.917  -21.818  -44.661 0.8999999762
43762  39.114  -21.594  -45.604 0.8999999762
44705  40.070  -20.976  -46.679 0.8999999762
44712  41.407  -20.860  -47.485 1.0000000000
40743  36.535  -24.901  -43.425 0.8999999762
39647  37.271  -25.820  -42.634 0.8999999762
40754  36.024  -24.261  -43.876 0.8999999762
42756  37.901  -22.253  -42.978 0.8000000119
42746  37.283  -22.194  -42.238 0.6999999881
40744  36.068  -24.881  -43.046 0.8999999762
42758  35.259  -23.314  -43.433 0.8999999762
41763  35.433  -23.827  -43.838 0.8999999762
50410  44.414  -14.821  -41.244 0.3000000119
50401  43.862  -15.117  -41.225 0.3000000119
50402  43.379  -14.994  -40.358 0.3000000119
49370  43.749  -15.660  -41.611 0.3000000119
49361  43.244  -15.617  -40.800 0.4000000060
44627  42.449  -20.394  -38.446 0.6000000238
47071  43.441  -17.529  -42.381 0.5000000000
45791  43.457  -19.351  -39.647 0.5000000000
43688  42.527  -20.810  -39.779 0.5000000000
45819  43.559  -18.281  -42.388 0.5000000000
136050  44.003  -18.584  -40.151 0.5000000000
44643  43.029  -20.318  -40.795 0.5000000000
45802  43.544  -19.269  -41.781 0.5000000000
152051  42.874  -20.914  -41.249 0.5000000000
44657  43.316  -19.958  -42.094 0.5000000000
45820  43.273  -18.793  -42.840 0.5000000000
148189  43.224  -19.543  -43.345 0.6000000238
126909  42.596  -19.036  -44.251 0.6999999881
44680  42.569  -19.673  -44.995 0.6999999881
126932  43.125  -20.538  -44.821 0.6999999881
134199  41.925  -19.543  -44.492 0.6999999881
44692  41.769  -20.001  -45.290 0.8000000119
44691  42.268  -20.027  -45.715 0.8000000119
39648  36.292  -25.271  -42.325 0.8999999762
43753  39.969  -21.170  -44.824 0.8999999762
134435  40.811  -20.555  -45.518 0.8999999762
43741  38.529  -22.079  -43.771 0.6999999881
40745  35.271  -24.420  -43.327 0.8999999762
41764  34.781  -23.863  -43.436 0.8999999762
43714  35.770  -21.932  -41.718 1.0000000000
50395  42.627  -15.335  -39.677 0.3000000119
49353  42.488  -16.174  -40.188 0.4000000060
129295  42.283  -14.629  -39.004 0.3000000119
49371  43.124  -16.388  -41.500 0.4000000060
141061  41.718  -16.684  -39.586 0.3000000119
48309  43.011  -17.473  -42.528 0.4000000060
48282  42.484  -17.075  -41.337 0.4000000060
48267  42.213  -16.870  -40.507 0.4000000060
45834  43.082  -18.009  -42.853 0.4000000060
47072  42.390  -17.805  -42.229 0.4000000060
47057  42.270  -17.496  -41.572 0.4000000060
47087  42.742  -18.040  -42.820 0.4000000060
148183  42.612  -18.630  -43.323 0.5000000000
43722  41.055  -20.132  -43.575 0.6000000238
44693  41.033  -20.390  -44.573 0.8000000119
43740  39.496  -21.520  -43.771 0.6999999881
42745  38.044  -21.829  -42.044 0.6999999881
42759  34.437  -23.223  -43.048 0.8999999762
41765  34.070  -23.919  -43.153 0.8999999762
44663  35.078  -21.374  -41.630 0.8999999762
43725  34.386  -21.893  -41.944 0.8000000119
145959  34.607  -22.476  -42.372 0.8000000119
44670  34.182  -20.890  -41.915 0.6999999881
45837  34.460  -19.644  -42.227 0.8000000119
134606  41.474  -14.753  -38.632 0.3000000119
50396  41.830  -15.968  -39.246 0.3000000119
48268  41.577  -17.234  -39.880 0.3000000119
48258  41.031  -17.135  -39.261 0.4000000060
48283  41.802  -17.528  -40.643 0.4000000060
47046  41.081  -17.730  -39.757 0.4000000060
45792  41.016  -18.534  -40.770 0.5000000000
47073  42.214  -18.355  -42.754 0.5000000000
45821  41.465  -18.943  -42.344 0.5000000000
45804  40.769  -19.151  -41.209 0.5000000000
136971  40.672  -19.701  -41.877 0.5000000000
44669  41.318  -19.500  -42.889 0.5000000000
43739  40.373  -20.926  -43.901 0.6999999881
43723  40.005  -20.994  -43.022 0.6999999881
137548  38.616  -21.352  -41.743 0.6999999881
137455  37.798  -21.328  -41.268 0.6999999881
43713  36.822  -21.716  -41.512 0.6999999881
44661  36.924  -20.846  -40.945 0.6999999881
133330  35.952  -20.954  -41.271 0.8000000119
147196  35.732  -20.056  -41.443 0.6999999881
136253  41.086  -14.064  -38.420 0.3000000119
51475  40.665  -14.845  -38.470 0.4000000060
50397  41.104  -15.626  -38.651 0.3000000119
49355  40.525  -16.182  -38.691 0.4000000060
48269  40.337  -17.577  -39.213 0.4000000060
47047  40.357  -18.347  -39.823 0.4000000060
129408  39.680  -17.907  -39.320 0.3000000119
45805  39.892  -19.370  -40.491 0.5000000000
44644  40.108  -19.762  -41.065 0.6000000238
47048  39.360  -18.466  -39.663 0.3000000119
44645  39.304  -19.919  -40.668 0.5000000000
45806  39.019  -19.183  -40.102 0.4000000060
43711  40.435  -20.341  -42.429 0.6999999881
44658  39.815  -20.312  -41.435 0.6999999881
44659  38.747  -20.701  -41.039 0.6000000238
43712  39.456  -20.959  -42.006 0.6999999881
43724  38.888  -21.612  -42.722 0.6999999881
44660  37.707  -20.461  -40.716 0.6000000238
48260  39.883  -16.309  -38.737 0.3000000119
48270  39.564  -17.143  -39.035 0.3000000119
48271  38.977  -17.794  -39.405 0.3000000119
49362  39.150  -16.319  -39.057 0.3000000119
135971  38.739  -16.987  -39.412 0.3000000119
147685  38.158  -16.727  -39.935 0.3000000119
47059  38.562  -18.417  -39.859 0.3000000119
48284  38.192  -17.521  -39.931 0.4000000060
44646  38.370  -19.871  -40.439 0.5000000000
45807  38.089  -19.053  -40.209 0.5000000000
47060  37.782  -18.237  -40.273 0.5000000000
45822  37.410  -19.535  -40.575 0.6000000238
135856  36.993  -20.113  -40.804 0.6000000238
53516  41.088  -12.601  -38.352 0.4000000060
141969  39.870  -13.343  -38.540 0.3000000119
51476  39.857  -14.839  -38.565 0.3000000119
52473  39.504  -14.072  -38.692 0.3000000119
50403  39.509  -15.579  -38.790 0.3000000119
51484  38.510  -14.864  -39.528 0.3000000119
50404  38.791  -15.517  -39.277 0.3000000119
50411  38.151  -15.343  -39.918 0.3000000119
49373  37.742  -16.066  -40.390 0.3000000119
138833  37.737  -16.878  -40.362 0.4000000060
49382  37.270  -16.649  -40.982 0.4000000060
139842  36.837  -18.753  -41.009 0.6000000238
47074  37.118  -18.086  -40.869 0.4000000060
48297  36.896  -17.327  -41.331 0.4000000060
135218  36.529  -18.004  -41.559 0.5000000000
45823  36.610  -19.444  -41.080 0.6000000238
44671  33.521  -20.143  -42.415 0.8000000119
53517  40.275  -12.588  -38.463 0.4000000060
53518  39.499  -12.604  -38.784 0.3000000119
144155  39.141  -13.359  -38.953 0.3000000119
52484  38.521  -13.533  -39.676 0.3000000119
51489  38.105  -14.402  -40.108 0.3000000119
50412  37.692  -15.086  -40.709 0.4000000060
50421  37.223  -15.683  -41.414 0.4000000060
49383  36.765  -16.538  -41.814 0.4000000060
48298  36.365  -17.268  -42.070 0.4000000060
47075  36.221  -18.710  -41.624 0.5000000000
49391  36.260  -16.590  -42.576 0.4000000060
45824  35.978  -19.422  -41.554 0.6000000238
47088  35.850  -17.938  -42.279 0.4000000060
136714  35.020  -18.977  -42.378 0.6999999881
47089  35.143  -18.281  -42.670 0.4000000060
48311  35.282  -17.416  -43.095 0.4000000060
47090  34.452  -18.691  -42.760 0.6000000238
47098  34.549  -17.931  -43.230 0.5000000000
45838  33.656  -19.156  -42.777 0.6000000238
45848  32.928  -18.723  -43.299 0.6999999881
55718  40.704  -10.873  -38.559 0.3000000119
54623  39.237  -11.872  -39.097 0.3000000119
53535  38.850  -12.617  -39.386 0.3000000119
52489  38.002  -13.497  -40.621 0.3000000119
51490  37.700  -14.244  -41.035 0.3000000119
140098  37.409  -14.818  -41.418 0.4000000060
50428  37.041  -14.916  -42.062 0.3000000119
154032  36.716  -14.945  -42.691 0.3000000119
50422  36.630  -15.716  -42.414 0.3000000119
50429  36.347  -15.284  -43.170 0.3000000119
48310  35.914  -17.199  -42.682 0.4000000060
49401  36.090  -16.030  -43.127 0.3000000119
50438  35.857  -15.582  -43.719 0.3000000119
49392  35.737  -16.701  -43.175 0.3000000119
50439  35.306  -15.907  -44.125 0.3000000119
48322  34.568  -17.229  -43.725 0.3000000119
49403  34.498  -16.698  -44.185 0.4000000060
48323  33.888  -17.651  -43.743 0.5000000000
47091  33.789  -18.342  -43.264 0.5000000000
55731  39.085  -11.033  -39.368 0.3000000119
54638  38.703  -11.807  -39.764 0.3000000119
53536  38.315  -12.570  -40.296 0.3000000119
53545  37.894  -12.770  -41.165 0.3000000119
52490  37.670  -13.500  -41.484 0.3000000119
51504  36.579  -14.617  -43.182 0.3000000119
51505  36.167  -14.755  -43.867 0.3000000119
50446  35.566  -15.226  -44.409 0.3000000119
49407  34.745  -16.193  -44.475 0.3000000119
48330  33.927  -17.043  -44.264 0.4000000060
47108  33.145  -18.000  -43.749 0.5000000000
48331  33.217  -17.444  -44.237 0.5000000000
157416  32.747  -17.767  -44.129 0.5000000000
137720  39.297  -10.161  -39.385 0.3000000119
143438  38.591  -11.134  -40.051 0.3000000119
141797  38.052  -12.118  -40.978 0.3000000119
53554  37.811  -12.121  -41.651 0.3000000119
53546  37.627  -12.818  -41.931 0.3000000119
146105  37.004  -14.197  -42.653 0.3000000119
52502  36.646  -13.899  -43.562 0.3000000119
134538  36.249  -14.061  -44.303 0.3000000119
49408  34.082  -16.456  -44.753 0.4000000060
49409  33.154  -16.793  -44.925 0.4000000060
143776  32.698  -16.232  -45.717 0.4000000060
48332  32.320  -17.459  -44.620 0.5000000000
136030  32.063  -16.773  -45.400 0.4000000060
125330  40.072  -9.183  -39.120 0.3000000119
56839  39.501  -9.508  -39.389 0.3000000119
54653  38.008  -11.480  -41.249 0.3000000119
54664  37.739  -11.344  -42.100 0.3000000119
53555  37.578  -12.186  -42.418 0.3000000119
52501  37.118  -13.319  -42.977 0.3000000119
52508  36.479  -13.270  -44.385 0.3000000119
51510  35.791  -14.500  -44.705 0.3000000119
51527  35.497  -14.207  -45.527 0.3000000119
51516  35.226  -14.902  -45.181 0.3000000119
50448  34.380  -15.859  -45.179 0.4000000060
49414  33.598  -16.093  -45.439 0.3000000119
57882  39.362  -8.783  -39.627 0.3000000119
56840  38.939  -9.601  -39.847 0.3000000119
57894  38.633  -8.957  -40.360 0.3000000119
55746  38.279  -10.788  -40.737 0.3000000119
55758  37.772  -10.467  -42.052 0.3000000119
54673  37.505  -11.535  -42.984 0.3000000119
55780  37.459  -10.938  -43.455 0.3000000119
53562  37.262  -12.423  -43.227 0.3000000119
52507  36.863  -13.059  -43.632 0.3000000119
54681  37.243  -11.556  -43.897 0.3000000119
52512  36.018  -13.789  -44.987 0.3000000119
57893  38.904  -8.111  -40.116 0.3000000119
56868  38.047  -10.153  -41.351 0.3000000119
147768  38.149  -9.192  -41.333 0.3000000119
148331  37.832  -9.773  -41.933 0.3000000119
56878  37.652  -9.926  -42.637 0.3000000119
53570  36.876  -12.427  -44.131 0.3000000119
53580  36.539  -12.526  -44.996 0.3000000119
152050  36.214  -13.145  -45.226 0.3000000119
59019  38.719  -7.487  -40.634 0.3000000119
59033  38.340  -7.651  -41.301 0.3000000119
57922  37.783  -9.139  -42.323 0.3000000119
57921  38.070  -8.237  -41.920 0.4000000060
128078  37.589  -9.280  -43.205 0.3000000119
56890  37.509  -10.147  -43.506 0.3000000119
55786  37.371  -10.696  -44.124 0.3000000119
131767  37.712  -8.456  -42.918 0.4000000060
59050  37.841  -7.632  -42.694 0.4000000060
140140  37.514  -9.406  -44.047 0.4000000060
59049  38.123  -7.308  -41.900 0.3000000119
154948  37.710  -7.188  -43.288 0.4000000060
134644  41.732  -34.595  -43.674 1.0000000000
32528  42.238  -34.071  -43.761 1.0000000000
31581  40.867  -34.790  -43.550 0.8999999762
44662  35.099  -20.383  -41.639 0.8000000119
45836  35.310  -19.515  -41.881 0.6999999881
23187  36.303  -43.803  -29.383 0.6000000238
23188  35.839  -43.723  -29.983 0.6000000238
20614  39.864  -46.045  -30.102 0.5000000000
21452  40.585  -45.702  -30.562 0.5000000000
127268  37.594  -41.657  -28.661 0.6000000238
26020  41.619  -40.900  -41.522 0.8999999762
25911  38.026  -40.838  -28.495 0.5000000000
23184  40.900  -43.102  -30.193 0.4000000060
24994  40.524  -41.739  -29.399 0.5000000000
23200  41.472  -43.557  -30.868 0.4000000060
27845  37.533  -38.883  -34.099 0.6999999881
26914  39.841  -39.846  -38.981 0.8999999762
156179  37.005  -36.793  -32.504 0.6999999881
25919  40.687  -40.879  -29.258 0.5000000000
24993  41.293  -41.381  -29.835 0.5000000000
29604  37.175  -36.574  -35.123 0.8000000119
27875  37.834  -37.946  -37.157 0.8000000119
29579  36.942  -36.026  -32.653 0.6999999881
26820  41.072  -39.241  -28.835 0.4000000060
31553  39.752  -34.746  -39.407 0.8000000119
30561  37.760  -35.412  -42.218 0.8000000119
30459  37.861  -35.474  -30.201 0.6000000238
141872  41.461  -36.470  -28.441 0.4000000060
27802  42.149  -38.071  -28.723 0.4000000060
31502  37.466  -34.134  -35.439 0.8000000119
31573  42.427  -35.181  -43.195 1.0000000000
132877  41.955  -35.776  -28.641 0.5000000000
30445  40.676  -35.015  -28.812 0.5000000000
32529  40.206  -33.280  -43.689 1.0000000000
32394  39.828  -33.267  -30.082 0.6999999881
34160  42.443  -32.555  -42.197 1.0000000000
32527  42.726  -34.137  -43.415 1.0000000000
35865  42.494  -29.952  -45.760 1.0000000000
36743  43.140  -29.373  -46.203 1.0000000000
35010  39.884  -30.674  -38.690 0.8000000119
137049  39.770  -26.136  -39.729 0.8000000119
37612  41.356  -27.802  -42.703 1.0000000000
36726  41.714  -29.084  -42.906 1.0000000000
38544  39.044  -26.483  -36.149 0.6999999881
40741  41.499  -24.851  -42.549 0.8000000119
40761  43.488  -24.344  -44.715 1.0000000000
41798  44.911  -23.937  -47.307 1.0000000000
41786  43.274  -23.527  -44.167 1.0000000000
37514  40.065  -26.975  -33.672 0.6000000238
42699  47.987  -22.494  -37.968 0.4000000060
35033  36.719  -29.794  -39.746 1.0000000000
36715  37.234  -27.907  -40.911 1.0000000000
42793  39.373  -22.299  -46.900 1.0000000000
42691  46.749  -22.821  -36.408 0.4000000060
132750  46.603  -21.178  -36.674 0.5000000000
43661  47.003  -21.975  -36.859 0.5000000000
49359  45.978  -17.055  -39.974 0.4000000060
41793  38.234  -23.127  -45.916 1.0000000000
45773  45.004  -19.080  -37.066 0.5000000000
43715  35.037  -22.102  -41.899 0.8000000119
150986  43.836  -17.866  -42.032 0.5000000000
44642  43.429  -19.522  -40.624 0.5000000000
150356  43.139  -19.943  -44.194 0.6999999881
45835  41.969  -18.738  -43.188 0.5000000000
44681  41.986  -19.069  -43.775 0.5000000000
45803  41.611  -18.449  -41.793 0.5000000000
128978  36.366  -20.146  -41.135 0.6999999881
47076  35.588  -18.782  -42.091 0.6000000238
51496  37.400  -14.195  -41.835 0.3000000119
22391  40.407  -44.434  -38.139 0.5000000000
23283  41.006  -43.859  -38.664 0.5000000000
24165  41.823  -42.894  -39.819 0.5000000000
20686  39.086  -46.560  -37.334 0.5000000000
21508  41.061  -45.714  -38.821 0.5000000000
21496  37.827  -45.649  -36.078 0.5000000000
21504  39.274  -45.525  -37.368 0.5000000000
22387  40.034  -45.310  -37.947 0.5000000000
21486  37.300  -45.595  -35.418 0.5000000000
138064  36.581  -45.715  -34.388 0.4000000060
149583  37.136  -45.031  -35.088 0.5000000000
21478  36.316  -45.101  -33.844 0.4000000060
21484  36.765  -44.987  -34.550 0.5000000000
139178  35.563  -45.352  -31.975 0.5000000000
22352  36.585  -44.302  -34.140 0.5000000000
32488  34.938  -33.789  -38.256 0.6999999881
32468  34.271  -34.255  -37.819 0.6999999881
31562  35.619  -34.571  -40.115 0.8000000119
31569  36.068  -34.689  -41.029 0.8000000119
144019  35.722  -35.211  -40.520 0.8000000119
153759  36.612  -34.556  -41.611 0.8999999762
33299  35.131  -32.910  -38.035 0.6999999881
134652  36.087  -33.837  -40.712 0.8999999762
33336  36.226  -33.031  -40.370 0.8999999762
32511  36.552  -33.149  -41.189 0.8999999762
33349  37.376  -32.732  -42.205 0.8999999762
153778  35.313  -32.148  -38.039 0.6000000238
134356  35.660  -32.511  -38.695 0.8000000119
33335  36.684  -32.401  -40.796 0.8999999762
33342  37.069  -32.416  -41.622 0.8999999762
153665  38.147  -31.538  -42.544 0.8999999762
133703  39.129  -30.715  -43.597 0.8999999762
132390  43.854  -28.880  -32.086 0.5000000000
35748  42.336  -29.582  -31.566 0.5000000000
36611  41.672  -29.102  -31.665 0.5000000000
34932  42.248  -30.543  -31.439 0.6000000238
34933  41.341  -30.566  -31.345 0.5000000000
34934  40.632  -30.183  -31.575 0.5000000000
154613  41.713  -31.239  -31.198 0.6000000238
34123  34.549  -31.189  -37.167 0.6000000238
34136  35.793  -31.635  -38.553 0.8999999762
133091  36.770  -31.643  -40.402 0.8999999762
33327  35.939  -32.829  -39.519 0.8999999762
34163  37.087  -31.821  -41.068 0.8999999762
34167  37.891  -31.188  -42.202 0.8999999762
35050  38.579  -30.155  -43.044 0.8999999762
125924  43.177  -27.533  -32.234 0.5000000000
37499  42.346  -27.303  -32.290 0.5000000000
155207  43.777  -28.144  -32.204 0.5000000000
36609  43.120  -28.393  -31.945 0.5000000000
36623  42.374  -27.953  -32.028 0.5000000000
36622  44.534  -28.409  -32.490 0.5000000000
35026  36.501  -30.515  -39.470 0.8999999762
131347  35.591  -30.942  -38.115 0.6999999881
34149  36.376  -31.419  -39.491 0.8999999762
34156  37.238  -31.011  -40.889 0.8999999762
126113  37.617  -30.674  -41.678 0.8999999762
35042  38.040  -30.392  -42.363 0.8999999762
38480  44.684  -26.953  -32.867 0.5000000000
37500  41.730  -26.826  -32.608 0.5000000000
37512  45.227  -27.521  -33.061 0.5000000000
37511  45.788  -27.831  -33.391 0.5000000000
156409  36.787  -30.375  -39.922 0.8999999762
35037  37.408  -30.104  -41.087 0.8999999762
35043  37.719  -29.806  -41.843 0.8999999762
39541  44.148  -26.050  -33.067 0.5000000000
38495  44.959  -26.303  -33.325 0.5000000000
39559  44.745  -25.547  -33.586 0.5000000000
136079  45.584  -26.948  -33.435 0.5000000000
38510  46.129  -25.838  -34.416 0.4000000060
37565  33.643  -27.859  -37.722 0.6000000238
157185  32.371  -27.412  -37.757 0.6000000238
37579  34.812  -27.336  -38.449 0.8000000119
37580  33.913  -27.209  -38.162 0.6999999881
38563  32.282  -26.733  -38.225 0.6999999881
38579  31.704  -26.124  -38.815 0.6999999881
39623  31.113  -25.691  -39.360 0.6999999881
38560  35.087  -26.619  -39.047 0.8000000119
156563  35.483  -27.262  -38.927 0.8000000119
38577  33.595  -25.914  -39.078 0.6999999881
38578  32.638  -25.999  -38.883 0.6999999881
39622  32.015  -25.499  -39.445 0.6999999881
39637  32.317  -24.959  -40.190 0.6999999881
40716  31.735  -24.690  -40.899 0.6999999881
38593  35.782  -25.671  -40.691 0.8000000119
39619  34.759  -25.285  -40.356 0.8000000119
38574  36.188  -26.481  -40.173 0.8000000119
40715  32.616  -24.594  -41.058 0.6999999881
39636  33.200  -24.873  -40.337 0.6999999881
40713  34.284  -24.729  -41.301 0.8000000119
39633  36.114  -25.413  -41.625 0.8000000119
40714  33.464  -24.587  -41.203 0.6999999881
40730  33.750  -24.397  -42.095 0.8000000119
41751  32.453  -23.916  -42.346 0.6000000238
40728  35.649  -24.973  -42.436 0.8000000119
40729  34.439  -24.573  -42.307 0.8000000119
41766  32.754  -23.461  -42.698 0.6000000238
42760  32.265  -22.847  -42.637 0.6000000238
43728  31.897  -22.065  -42.620 0.6000000238
41750  33.366  -23.982  -42.676 0.8000000119
145797  33.010  -22.609  -42.571 0.6000000238
156915  32.461  -22.314  -42.528 0.6000000238
40746  34.520  -24.323  -43.085 0.8000000119
44673  31.938  -21.076  -42.660 0.6000000238
149795  33.567  -23.402  -42.832 0.6999999881
128594  33.323  -21.010  -42.243 0.6000000238
45839  32.780  -19.628  -42.856 0.6999999881
44682  31.988  -20.136  -42.929 0.6000000238
44672  32.696  -20.597  -42.547 0.6000000238
43726  33.563  -21.772  -42.172 0.6999999881
142879  35.538  -46.151  -31.935 0.4000000060
137788  35.807  -45.211  -33.027 0.5000000000
22353  36.058  -44.339  -33.344 0.5000000000
22369  37.606  -44.809  -35.668 0.5000000000
22380  38.115  -45.022  -36.304 0.5000000000
137114  38.013  -32.714  -42.670 0.8999999762
38493  46.269  -26.629  -34.093 0.3000000119
38575  35.425  -26.066  -39.756 0.8000000119
21495  38.497  -45.642  -36.716 0.5000000000
154312  36.931  -45.490  -34.887 0.5000000000
32487  35.488  -33.321  -38.906 0.8000000119
34931  43.111  -30.137  -31.689 0.5000000000
38576  34.527  -25.905  -39.384 0.8000000119
39620  33.852  -25.296  -39.803 0.6999999881
39634  35.176  -25.003  -41.589 0.8000000119
40732  32.075  -24.315  -41.713 0.6999999881
30443  42.980  -34.750  -29.495 0.4000000060
31448  44.452  -34.677  -30.540 0.4000000060
131120  42.809  -34.003  -29.918 0.4000000060
31435  43.662  -34.529  -30.110 0.4000000060
31450  42.549  -33.341  -30.418 0.5000000000
127371  44.491  -33.897  -32.109 0.4000000060
129072  44.558  -34.271  -31.242 0.4000000060
33238  42.093  -31.977  -31.016 0.5000000000
32411  43.438  -32.859  -31.777 0.5000000000
32410  43.999  -33.242  -32.298 0.4000000060
32402  43.013  -33.139  -31.123 0.4000000060
31469  45.065  -34.075  -32.858 0.4000000060
31470  44.500  -33.523  -32.751 0.4000000060
31461  43.795  -33.639  -31.459 0.4000000060
31477  45.556  -34.486  -33.383 0.4000000060
142033  43.093  -30.932  -31.699 0.5000000000
33237  42.816  -32.409  -31.341 0.5000000000
31478  44.766  -33.517  -33.350 0.4000000060
32425  45.061  -33.519  -34.005 0.4000000060
31515  46.476  -34.672  -36.093 0.4000000060
31501  46.045  -34.762  -35.374 0.4000000060
139186  45.190  -34.060  -33.734 0.4000000060
30507  46.919  -35.466  -36.474 0.4000000060
34073  43.494  -31.609  -31.990 0.5000000000
34072  44.140  -31.630  -32.513 0.5000000000
33248  43.846  -32.435  -32.363 0.4000000060
31566  50.628  -34.540  -41.610 0.3000000119
32418  44.303  -33.015  -32.948 0.4000000060
30542  50.086  -35.297  -41.361 0.3000000119
32439  45.543  -33.507  -34.596 0.4000000060
29644  49.989  -36.150  -41.995 0.3000000119
30543  49.173  -35.635  -40.347 0.3000000119
30534  48.880  -35.216  -39.662 0.3000000119
31523  47.796  -34.536  -37.836 0.3000000119
32466  47.454  -34.263  -37.246 0.4000000060
153107  46.133  -34.202  -35.532 0.4000000060
149709  45.715  -34.190  -35.031 0.4000000060
30544  48.489  -36.235  -39.824 0.3000000119
31538  48.105  -34.915  -38.491 0.3000000119
31524  47.314  -34.931  -37.437 0.4000000060
34944  43.821  -30.774  -32.123 0.4000000060
145288  44.463  -31.003  -32.597 0.4000000060
33255  45.025  -32.172  -33.468 0.4000000060
34082  44.764  -31.554  -32.995 0.4000000060
32514  50.899  -33.673  -41.488 0.3000000119
32500  50.265  -32.709  -39.683 0.3000000119
31558  50.079  -34.628  -40.788 0.3000000119
31550  49.280  -34.271  -39.439 0.3000000119
32484  48.730  -33.551  -38.270 0.3000000119
33286  47.738  -33.429  -36.951 0.4000000060
32438  46.072  -33.505  -35.215 0.4000000060
31559  49.506  -34.817  -40.181 0.3000000119
31537  48.733  -34.191  -38.721 0.3000000119
128278  48.159  -33.680  -37.669 0.3000000119
34133  49.721  -31.199  -37.994 0.3000000119
34111  48.336  -31.068  -36.165 0.3000000119
34112  47.808  -31.778  -35.900 0.4000000060
34101  47.867  -31.006  -35.650 0.4000000060
152974  47.041  -30.997  -34.851 0.4000000060
137312  45.433  -31.399  -33.488 0.4000000060
133588  50.472  -31.865  -39.538 0.3000000119
33312  49.538  -32.040  -38.157 0.3000000119
154134  48.335  -31.736  -36.481 0.3000000119
33276  46.706  -31.807  -34.868 0.4000000060
33265  45.954  -31.810  -34.136 0.4000000060
33324  49.824  -32.552  -38.957 0.3000000119
33298  48.960  -32.408  -37.677 0.3000000119
33287  47.966  -32.534  -36.547 0.4000000060
33275  47.313  -32.649  -35.897 0.4000000060
33277  46.037  -32.687  -34.709 0.4000000060
32501  49.839  -33.375  -39.538 0.3000000119
156644  48.693  -33.056  -37.841 0.3000000119
127970  47.362  -33.242  -36.372 0.4000000060
125635  46.655  -32.706  -35.356 0.4000000060
36636  45.835  -28.661  -33.340 0.4000000060
35769  46.412  -29.129  -33.827 0.4000000060
35758  45.256  -29.016  -32.810 0.4000000060
35759  44.556  -29.376  -32.414 0.4000000060
35788  47.845  -29.672  -35.358 0.3000000119
35780  46.929  -29.520  -34.400 0.4000000060
34952  46.396  -30.145  -33.899 0.4000000060
34943  44.509  -30.268  -32.457 0.4000000060
34975  48.159  -30.342  -35.794 0.4000000060
34964  46.981  -30.327  -34.582 0.4000000060
34091  46.556  -31.015  -34.329 0.4000000060
34954  45.023  -30.766  -32.937 0.4000000060
40717  30.835  -24.813  -40.742 0.6000000238
42761  31.532  -22.807  -42.627 0.5000000000
41752  31.558  -23.911  -42.132 0.5000000000
132650  31.193  -22.194  -42.700 0.5000000000
43742  31.210  -21.464  -42.803 0.5000000000
139377  31.258  -20.573  -43.047 0.5000000000
44683  31.394  -19.842  -43.313 0.5000000000
45849  31.957  -19.197  -43.393 0.4000000060
54703  36.426  -11.665  -46.572 0.3000000119
54711  36.085  -11.753  -47.546 0.3000000119
56900  37.448  -10.038  -44.292 0.3000000119
55793  37.331  -10.383  -44.989 0.3000000119
54694  36.954  -11.141  -45.591 0.3000000119
54702  36.875  -10.799  -46.678 0.3000000119
54716  36.525  -11.135  -47.597 0.3000000119
53607  35.591  -12.133  -47.942 0.3000000119
54717  35.941  -11.401  -48.401 0.3000000119
57945  37.580  -8.813  -44.652 0.3000000119
56908  37.494  -9.574  -44.838 0.3000000119
55802  37.214  -10.318  -45.969 0.3000000119
56915  37.386  -9.634  -46.306 0.3000000119
55810  37.178  -10.159  -46.783 0.3000000119
55811  36.945  -10.396  -47.558 0.3000000119
55819  36.534  -10.546  -48.475 0.3000000119
55820  35.837  -10.696  -49.056 0.3000000119
55827  35.672  -9.950  -49.412 0.3000000119
57933  37.591  -8.630  -43.798 0.3000000119
59083  37.569  -8.229  -45.243 0.3000000119
57955  37.547  -9.044  -45.591 0.3000000119
148163  37.541  -8.373  -46.021 0.3000000119
57966  37.500  -8.905  -46.633 0.3000000119
57972  37.457  -8.739  -47.677 0.3000000119
56922  37.002  -9.972  -48.201 0.3000000119
56939  36.373  -9.527  -49.435 0.3000000119
60188  37.625  -7.156  -44.137 0.3000000119
126791  37.573  -7.464  -45.011 0.3000000119
59093  37.539  -8.015  -46.852 0.3000000119
59102  37.542  -7.928  -47.979 0.3000000119
56930  37.225  -9.343  -48.411 0.3000000119
57981  37.402  -8.570  -48.713 0.3000000119
130097  37.574  -6.201  -44.306 0.3000000119
60198  37.585  -6.907  -45.613 0.3000000119
141884  37.563  -7.683  -45.858 0.3000000119
127999  37.579  -7.134  -46.504 0.3000000119
60224  37.667  -7.070  -48.218 0.3000000119
61365  37.529  -5.571  -44.797 0.3000000119
61374  37.611  -6.220  -46.258 0.3000000119
133745  37.660  -5.500  -46.617 0.3000000119
61384  37.652  -5.976  -47.072 0.3000000119
150768  37.578  -5.207  -45.667 0.3000000119
62469  37.542  -4.283  -45.040 0.3000000119
30479  45.653  -34.564  -34.065 0.4000000060
30442  43.664  -35.246  -29.579 0.4000000060
31447  45.166  -34.832  -30.882 0.4000000060
31468  45.849  -34.702  -32.638 0.4000000060
31460  45.340  -34.528  -31.805 0.4000000060
30508  46.526  -35.223  -35.692 0.4000000060
30487  46.087  -34.980  -34.346 0.4000000060
29652  50.400  -36.721  -42.800 0.3000000119
29653  49.709  -37.303  -42.298 0.3000000119
29638  48.933  -36.476  -40.652 0.3000000119
156271  48.481  -37.033  -40.265 0.3000000119
30524  47.788  -35.873  -38.425 0.3000000119
30525  47.569  -35.322  -37.875 0.3000000119
30557  50.662  -35.855  -42.690 0.3000000119
33340  50.835  -33.083  -40.907 0.3000000119
34132  50.079  -31.574  -38.680 0.3000000119
33332  50.666  -32.469  -40.282 0.3000000119
155631  46.806  -27.902  -34.295 0.4000000060
36647  46.923  -28.637  -34.357 0.4000000060
35779  47.465  -29.066  -34.879 0.4000000060
140666  49.297  -29.883  -37.147 0.3000000119
34994  49.369  -30.683  -37.376 0.3000000119
37510  46.331  -27.450  -33.871 0.4000000060
146212  30.492  -25.292  -39.930 0.6000000238
60177  37.663  -6.519  -43.462 0.3000000119
61352  37.632  -5.854  -43.573 0.3000000119
137324  37.593  -5.269  -43.986 0.3000000119
155620  37.524  -4.949  -44.731 0.3000000119
63456  37.623  -3.556  -44.400 0.3000000119
31565  51.253  -33.985  -42.365 0.3000000119
32403  42.314  -32.688  -30.796 0.5000000000
33266  45.336  -32.706  -34.062 0.4000000060
136215  50.471  -33.862  -40.839 0.3000000119
35770  45.819  -29.552  -33.323 0.4000000060
59071  37.605  -8.021  -44.401 0.3000000119
56931  36.805  -9.815  -48.889 0.3000000119
129004  37.557  -7.353  -47.348 0.3000000119
60211  37.617  -6.651  -47.201 0.3000000119
147195  37.629  -2.792  -44.653 0.3000000119
29558  43.620  -35.963  -29.225 0.3000000119
30457  44.883  -35.195  -30.348 0.3000000119
26017  37.302  -40.901  -40.100 0.6000000238
26018  36.880  -40.078  -39.946 0.6999999881
26916  36.523  -39.937  -39.315 0.6999999881
23199  42.087  -43.119  -31.525 0.3000000119
24070  42.254  -42.265  -31.338 0.3000000119
27889  35.472  -38.366  -38.746 0.6999999881
28693  43.474  -37.318  -29.064 0.3000000119
26917  35.744  -39.034  -38.611 0.6999999881
142706  36.137  -39.336  -39.182 0.6999999881
29556  45.093  -36.685  -29.671 0.3000000119
30456  45.491  -35.506  -30.497 0.3000000119
26922  36.476  -39.248  -39.855 0.6999999881
29566  45.641  -36.251  -30.152 0.3000000119
30477  47.238  -35.445  -33.162 0.3000000119
30464  46.732  -35.637  -31.540 0.3000000119
30465  45.903  -35.196  -31.177 0.3000000119
30476  47.888  -35.788  -33.773 0.3000000119
30486  46.868  -35.377  -34.263 0.3000000119
30471  46.662  -35.186  -32.469 0.3000000119
24992  41.993  -40.993  -30.329 0.3000000119
26835  42.435  -39.459  -29.597 0.4000000060
28785  35.491  -37.188  -39.732 0.6999999881
28704  44.819  -37.393  -29.469 0.3000000119
27800  43.861  -37.928  -29.250 0.3000000119
132717  35.457  -37.821  -39.209 0.6999999881
26923  35.901  -38.597  -39.410 0.6999999881
29555  45.719  -36.926  -29.963 0.3000000119
29565  46.255  -36.766  -30.352 0.3000000119
30463  47.384  -36.236  -31.618 0.3000000119
31459  46.137  -35.021  -31.898 0.3000000119
29591  48.571  -36.131  -34.282 0.3000000119
25917  42.234  -40.219  -29.960 0.4000000060
29634  35.240  -36.506  -39.434 0.6999999881
26832  44.891  -38.924  -29.865 0.3000000119
27814  44.335  -38.430  -29.507 0.3000000119
28702  46.073  -37.489  -30.055 0.3000000119
27813  45.105  -38.113  -29.571 0.3000000119
29633  35.616  -36.523  -40.133 0.6999999881
29564  46.965  -36.604  -30.973 0.3000000119
27903  36.054  -37.209  -40.478 0.6999999881
30478  46.271  -34.945  -33.481 0.3000000119
30498  47.707  -35.794  -34.728 0.3000000119
30499  46.876  -35.546  -35.246 0.3000000119
136114  35.414  -36.019  -39.835 0.6999999881
27812  45.775  -37.994  -29.832 0.3000000119
30553  36.051  -35.527  -40.904 0.6999999881
27822  47.041  -38.189  -30.721 0.3000000119
28711  46.725  -37.479  -30.486 0.3000000119
29641  36.072  -36.309  -40.718 0.6999999881
128820  47.480  -35.918  -35.642 0.3000000119
27823  46.368  -38.273  -30.278 0.3000000119
30552  36.497  -35.208  -41.440 0.6999999881
142495  46.913  -35.667  -35.937 0.3000000119
36646  47.476  -27.976  -34.971 0.3000000119
24171  38.204  -42.185  -40.463 0.5000000000
26013  36.660  -41.181  -38.810 0.6999999881
25094  37.592  -41.855  -39.966 0.6000000238
25091  36.720  -42.067  -38.753 0.6000000238
25100  38.056  -41.355  -40.585 0.6000000238
149475  34.760  -38.203  -37.623 0.6999999881
28786  35.029  -37.107  -38.868 0.6999999881
25008  42.516  -41.462  -31.062 0.3000000119
155785  34.627  -36.787  -38.238 0.6999999881
25931  42.867  -40.628  -30.696 0.4000000060
30527  34.557  -35.739  -38.305 0.6999999881
26847  43.671  -39.685  -30.262 0.4000000060
26834  43.211  -39.243  -29.746 0.4000000060
31554  35.191  -34.978  -39.271 0.6999999881
26845  45.515  -39.368  -30.411 0.3000000119
25927  46.337  -39.778  -30.970 0.3000000119
29557  44.392  -36.266  -29.462 0.3000000119
30538  35.113  -35.768  -39.161 0.6999999881
138640  36.826  -40.693  -39.438 0.6000000238
26843  46.985  -39.098  -30.870 0.3000000119
26846  44.576  -39.699  -30.437 0.3000000119
134483  41.874  -45.611  -39.698 0.5000000000
22402  41.692  -44.147  -41.460 0.5000000000
22398  41.405  -45.092  -41.295 0.5000000000
23287  41.734  -43.844  -39.507 0.4000000060
20669  33.494  -46.108  -36.006 0.4000000060
20671  31.870  -46.540  -35.384 0.5000000000
23286  42.316  -44.338  -40.936 0.4000000060
22394  42.223  -44.861  -40.217 0.5000000000
23295  40.964  -43.581  -41.548 0.5000000000
20674  29.293  -46.990  -35.579 0.4000000060
19840  28.784  -47.733  -35.777 0.4000000060
20670  32.742  -46.276  -35.586 0.5000000000
24170  38.967  -42.563  -40.966 0.4000000060
20680  28.360  -46.863  -35.978 0.4000000060
19846  27.877  -47.613  -36.208 0.4000000060
151288  29.848  -46.260  -35.452 0.4000000060
21490  32.222  -45.677  -35.365 0.5000000000
132809  31.382  -45.717  -35.287 0.4000000060
21488  33.919  -45.281  -36.063 0.5000000000
23271  35.472  -43.462  -37.124 0.4000000060
24166  37.760  -42.587  -39.992 0.5000000000
24163  36.645  -43.035  -38.708 0.4000000060
23281  36.087  -43.464  -37.913 0.4000000060
24167  37.213  -42.579  -39.421 0.4000000060
19847  26.985  -47.560  -36.521 0.4000000060
22386  25.925  -44.643  -36.558 0.4000000060
128502  29.439  -45.358  -35.688 0.4000000060
135575  26.988  -43.612  -36.817 0.4000000060
154256  31.784  -45.148  -35.273 0.5000000000
21492  30.443  -45.565  -35.378 0.4000000060
23275  27.884  -43.556  -36.785 0.4000000060
143076  32.445  -44.923  -35.311 0.5000000000
25079  28.917  -42.003  -36.945 0.4000000060
24157  28.125  -42.091  -37.195 0.4000000060
22370  34.110  -44.338  -35.914 0.5000000000
23260  34.224  -43.456  -35.871 0.5000000000
127171  29.429  -41.112  -36.853 0.4000000060
26005  28.979  -40.539  -37.228 0.4000000060
23272  34.900  -44.009  -36.616 0.5000000000
24145  34.933  -42.894  -36.435 0.6000000238
24156  35.666  -42.693  -37.243 0.6000000238
25083  36.260  -42.453  -38.002 0.5000000000
21501  25.695  -45.504  -36.487 0.4000000060
143838  26.677  -44.407  -36.681 0.4000000060
21499  28.009  -46.023  -36.234 0.4000000060
150759  27.326  -44.184  -36.704 0.4000000060
135463  31.733  -44.468  -35.276 0.5000000000
22374  30.094  -44.693  -35.548 0.4000000060
130644  27.854  -44.453  -36.604 0.4000000060
22372  32.532  -44.075  -35.297 0.5000000000
24146  29.152  -42.740  -36.504 0.4000000060
24147  28.405  -42.745  -36.853 0.4000000060
23261  33.418  -43.782  -35.492 0.5000000000
25063  34.577  -41.986  -36.095 0.5000000000
25999  29.477  -40.178  -36.925 0.4000000060
25076  35.254  -42.005  -36.693 0.6000000238
26003  36.313  -41.551  -38.115 0.6000000238
136589  26.444  -45.229  -36.648 0.4000000060
157210  29.444  -44.763  -35.765 0.4000000060
22385  27.203  -44.893  -36.653 0.4000000060
22384  28.332  -44.773  -36.349 0.4000000060
23273  29.284  -43.506  -36.147 0.4000000060
23262  32.656  -43.096  -35.313 0.5000000000
24136  30.036  -42.884  -35.897 0.4000000060
133434  29.688  -41.998  -36.381 0.4000000060
24132  34.093  -42.595  -35.755 0.5000000000
25998  30.095  -40.481  -36.483 0.4000000060
144486  36.276  -40.727  -38.265 0.6000000238
26004  35.901  -40.994  -37.558 0.6000000238
25077  34.872  -41.407  -36.379 0.6000000238
20682  26.584  -46.781  -36.575 0.4000000060
130009  27.824  -45.220  -36.469 0.4000000060
142127  29.374  -44.260  -35.894 0.4000000060
22383  28.594  -44.083  -36.356 0.4000000060
23263  31.629  -43.526  -35.307 0.5000000000
23264  30.719  -43.423  -35.500 0.5000000000
135880  31.023  -42.761  -35.490 0.5000000000
151317  30.546  -42.029  -35.828 0.5000000000
25064  33.810  -41.785  -35.645 0.5000000000
24134  32.367  -42.160  -35.315 0.5000000000
25066  32.002  -41.232  -35.416 0.5000000000
25078  30.222  -41.268  -36.229 0.4000000060
25981  34.300  -41.223  -35.953 0.6000000238
25997  30.827  -39.937  -36.147 0.5000000000
26903  30.060  -39.666  -36.627 0.4000000060
150138  35.886  -40.284  -37.807 0.6000000238
26898  35.450  -40.361  -37.122 0.6000000238
25982  33.589  -41.001  -35.611 0.6000000238
25065  32.978  -41.536  -35.383 0.5000000000
25984  31.382  -40.562  -35.727 0.5000000000
25995  34.769  -40.606  -36.391 0.6000000238
26889  33.449  -40.209  -35.727 0.6000000238
140309  32.098  -40.436  -35.537 0.5000000000
26899  34.896  -39.667  -36.753 0.6000000238
26908  35.529  -39.491  -37.673 0.6000000238
147393  33.073  -35.741  -37.253 0.5000000000
139669  33.452  -36.308  -37.328 0.6000000238
29616  32.442  -36.225  -37.001 0.5000000000
28766  34.070  -36.957  -37.571 0.6000000238
28767  33.089  -37.057  -36.867 0.6000000238
28756  32.432  -37.754  -36.470 0.5000000000
28757  31.454  -37.774  -36.557 0.5000000000
25996  34.159  -39.870  -36.124 0.6000000238
26890  32.618  -39.911  -35.650 0.5000000000
26891  31.747  -39.830  -35.755 0.5000000000
26902  31.369  -39.154  -36.086 0.5000000000
27872  30.968  -38.528  -36.474 0.5000000000
29628  33.810  -35.635  -37.629 0.5000000000
30515  33.203  -35.140  -37.380 0.5000000000
31527  34.245  -35.055  -37.991 0.6000000238
29627  34.291  -36.292  -37.897 0.6000000238
125645  32.806  -38.491  -36.206 0.6000000238
27871  31.890  -38.438  -36.206 0.5000000000
27877  34.438  -37.636  -37.610 0.6000000238
27878  33.804  -37.536  -37.103 0.6000000238
22400  39.079  -44.332  -40.892 0.4000000060
23292  38.257  -43.002  -40.389 0.4000000060
25098  39.862  -42.057  -41.400 0.5000000000
24169  40.076  -42.955  -41.456 0.4000000060
131159  34.180  -39.048  -36.517 0.6000000238
21511  41.961  -45.850  -40.281 0.5000000000
21514  40.470  -45.731  -41.062 0.5000000000
20697  41.770  -45.979  -40.550 0.5000000000
22399  40.140  -44.794  -41.272 0.5000000000
21489  33.048  -45.494  -35.536 0.5000000000
21493  28.892  -46.135  -35.807 0.4000000060
24148  27.722  -42.785  -37.000 0.4000000060
25085  28.512  -41.203  -37.274 0.4000000060
22376  28.551  -45.372  -36.106 0.4000000060
23265  30.056  -43.815  -35.706 0.4000000060
21500  27.085  -45.846  -36.584 0.4000000060
148303  33.318  -39.278  -35.969 0.6000000238
133976  26.169  -43.862  -36.648 0.3000000119
23276  26.285  -43.115  -36.782 0.3000000119
24158  27.298  -42.205  -37.184 0.3000000119
25086  27.620  -41.449  -37.352 0.3000000119
25087  26.672  -41.554  -37.207 0.3000000119
18970  38.089  -47.714  -29.571 0.5000000000
19029  27.403  -48.354  -36.415 0.4000000060
19793  39.499  -47.572  -30.256 0.5000000000
20627  41.114  -46.182  -31.171 0.5000000000
20672  30.847  -46.414  -35.295 0.4000000060
20681  27.467  -46.765  -36.381 0.4000000060
21439  39.390  -45.496  -29.602 0.5000000000
21440  38.534  -45.556  -29.252 0.5000000000
21441  37.650  -45.508  -29.073 0.6999999881
21443  36.279  -45.308  -29.526 0.6999999881
21453  35.644  -45.620  -30.462 0.6000000238
21491  31.064  -44.958  -35.323 0.4000000060
21513  41.479  -46.025  -40.868 0.5000000000
22290  37.153  -44.070  -28.842 0.6999999881
22300  40.209  -44.477  -29.842 0.5000000000
22301  39.550  -44.231  -29.392 0.5000000000
22303  35.964  -44.557  -29.747 0.6000000238
22363  37.125  -44.285  -34.937 0.5000000000
22368  38.219  -44.298  -36.193 0.6000000238
22371  33.278  -44.655  -35.505 0.5000000000
22373  30.886  -44.147  -35.393 0.5000000000
22375  28.927  -44.759  -36.009 0.4000000060
22379  38.702  -44.815  -36.769 0.5000000000
22388  39.444  -44.589  -37.364 0.6000000238
22390  41.475  -44.733  -39.132 0.4000000060
22393  42.137  -45.272  -40.758 0.5000000000
22397  42.126  -44.739  -41.153 0.4000000060
22403  40.861  -44.313  -41.476 0.5000000000
23233  36.206  -42.878  -33.038 0.6000000238
23274  28.644  -43.319  -36.553 0.4000000060
23282  27.042  -42.892  -37.003 0.4000000060
23290  39.967  -43.899  -41.325 0.4000000060
23293  42.150  -43.800  -41.290 0.5000000000
23294  41.759  -43.301  -41.503 0.5000000000
24035  37.896  -42.471  -28.508 0.6000000238
24036  37.144  -42.424  -28.811 0.6999999881
24037  36.641  -42.320  -29.230 0.6000000238
24053  36.235  -42.567  -29.623 0.6000000238
24072  36.085  -42.154  -30.149 0.6000000238
24100  35.894  -42.823  -32.278 0.6000000238
24122  37.482  -42.039  -34.687 0.8000000119
24130  37.950  -42.197  -35.366 0.6999999881
24133  33.248  -42.370  -35.420 0.5000000000
24135  31.464  -42.032  -35.492 0.5000000000
24162  40.399  -42.483  -38.130 0.6000000238
24168  42.295  -43.347  -41.108 0.6000000238
24172  42.085  -42.958  -41.370 0.6000000238
24977  39.918  -41.224  -28.854 0.6000000238
24995  36.605  -41.059  -29.620 0.6000000238
25010  36.196  -41.386  -30.394 0.6999999881
25023  36.071  -41.471  -31.236 0.6999999881
25054  37.265  -41.538  -34.155 0.8000000119
25055  37.039  -42.136  -34.081 0.6999999881
25067  31.025  -41.295  -35.742 0.5000000000
25074  39.183  -42.187  -36.816 0.6999999881
25084  35.828  -41.825  -37.388 0.6000000238
25092  42.255  -42.740  -40.763 0.6000000238
25095  37.053  -41.552  -39.431 0.6000000238
25097  41.914  -41.585  -41.058 0.6999999881
25101  41.931  -42.290  -41.370 0.5000000000
25909  40.088  -40.385  -28.703 0.5000000000
25910  38.681  -40.386  -28.453 0.4000000060
25912  37.631  -40.202  -28.792 0.6000000238
25962  36.683  -40.412  -32.676 0.8000000119
25983  32.795  -40.711  -35.482 0.5000000000
25985  30.680  -40.701  -36.043 0.5000000000
25993  38.321  -40.074  -36.100 0.8000000119
25994  35.402  -41.200  -36.864 0.6000000238
26001  39.696  -41.098  -37.838 0.6999999881
26010  40.906  -41.502  -39.296 0.6999999881
26014  36.138  -39.877  -38.519 0.6999999881
26015  41.451  -41.074  -40.359 0.8999999762
26019  41.645  -41.679  -41.438 0.6999999881
26021  39.731  -41.397  -41.461 0.6999999881
26024  36.997  -39.547  -40.417 0.6999999881
26025  41.626  -40.787  -41.845 0.8999999762
26833  44.048  -39.133  -29.795 0.3000000119
26844  46.181  -39.020  -30.444 0.3000000119
26848  42.946  -39.868  -30.190 0.4000000060
26857  36.687  -39.358  -31.619 0.6999999881
26878  37.723  -39.681  -34.600 0.8000000119
26896  38.717  -40.155  -36.942 0.6999999881
26900  33.555  -38.574  -36.421 0.6000000238
26901  32.292  -39.137  -35.866 0.5000000000
26907  38.119  -38.739  -37.167 0.8000000119
26909  34.839  -38.841  -37.217 0.6999999881
26921  40.804  -39.635  -40.085 0.8999999762
26929  38.413  -40.101  -41.305 0.6999999881
27801  43.061  -37.965  -29.090 0.3000000119
27803  41.289  -38.454  -28.608 0.4000000060
27815  43.536  -38.567  -29.440 0.3000000119
27816  42.701  -38.697  -29.286 0.5000000000
27824  45.666  -38.612  -29.994 0.3000000119
27832  36.977  -38.170  -31.856 0.6000000238
27869  34.141  -38.225  -36.975 0.6000000238
27870  33.306  -37.919  -36.631 0.6000000238
27876  35.275  -38.596  -38.016 0.6000000238
27890  35.023  -37.833  -38.335 0.6999999881
27896  36.270  -38.513  -40.054 0.6999999881
27897  35.903  -37.896  -39.928 0.6999999881
27908  41.054  -38.629  -42.646 0.8999999762
28692  44.176  -37.360  -29.284 0.3000000119
28694  42.681  -37.294  -28.756 0.4000000060
28703  45.456  -37.438  -29.715 0.3000000119
28705  38.405  -37.404  -28.896 0.4000000060
28706  37.843  -37.227  -29.488 0.6000000238
28712  37.409  -37.085  -30.193 0.6000000238
28731  37.235  -37.500  -33.786 0.6999999881
28750  37.496  -37.796  -35.961 0.8000000119
28764  38.555  -37.246  -38.331 0.8000000119
28780  34.679  -37.238  -38.130 0.6999999881
28792  36.678  -37.595  -40.915 0.8000000119
28798  39.579  -38.061  -42.347 0.8000000119
29542  43.893  -36.727  -29.205 0.3000000119
29603  47.288  -36.045  -36.402 0.3000000119
29615  37.679  -36.493  -36.953 0.8000000119
29637  49.535  -35.911  -41.085 0.3000000119
29645  49.332  -36.776  -41.440 0.3000000119
29647  42.192  -36.901  -42.634 1.0000000000
29649  37.694  -36.117  -41.936 0.8000000119
29650  36.520  -35.949  -41.240 0.8000000119
29654  41.932  -37.068  -42.959 1.0000000000
29656  39.486  -36.580  -42.619 0.8000000119
30430  41.080  -35.696  -28.562 0.5000000000
30431  40.353  -35.626  -28.628 0.5000000000
30441  44.904  -35.794  -29.890 0.3000000119
30446  39.888  -35.179  -28.901 0.6000000238
30455  46.232  -35.932  -30.714 0.3000000119
30466  37.380  -35.478  -31.160 0.6000000238
30470  47.386  -35.774  -32.242 0.3000000119
30472  37.091  -35.410  -32.023 0.6999999881
30488  37.002  -35.098  -34.275 0.8000000119
30500  46.246  -35.159  -34.987 0.4000000060
30501  37.216  -35.792  -35.554 0.8000000119
30509  37.506  -35.760  -36.417 0.8000000119
30512  47.172  -35.512  -37.267 0.3000000119
30514  37.874  -35.663  -37.179 0.8000000119
30535  48.266  -35.584  -39.104 0.3000000119
30537  35.447  -35.408  -39.918 0.6999999881
30547  41.513  -36.157  -41.090 0.8999999762
30548  35.695  -35.837  -40.366 0.6999999881
31434  44.302  -35.197  -30.001 0.4000000060
31438  40.171  -34.469  -29.212 0.6000000238
31439  39.373  -34.735  -29.390 0.6000000238
31449  43.316  -33.775  -30.620 0.4000000060
31451  38.878  -34.320  -29.901 0.6000000238
31452  38.240  -34.629  -30.286 0.6000000238
31471  37.139  -34.457  -32.579 0.6999999881
31479  37.046  -34.622  -33.508 0.8000000119
31486  45.820  -34.654  -34.733 0.4000000060
31487  45.417  -34.131  -34.407 0.4000000060
31514  46.943  -34.874  -36.880 0.4000000060
31516  37.794  -34.273  -36.346 0.8000000119
31528  33.705  -34.700  -37.558 0.5000000000
31540  38.469  -34.706  -37.887 0.8000000119
31541  35.336  -34.170  -39.144 0.6999999881
31542  34.826  -34.603  -38.493 0.6000000238
31551  48.625  -34.820  -39.096 0.3000000119
31552  40.571  -34.651  -40.178 0.8999999762
31560  42.113  -34.419  -41.697 1.0000000000
31568  36.511  -33.920  -41.455 0.8000000119
31571  51.391  -34.679  -43.103 0.3000000119
31572  50.978  -34.999  -42.522 0.3000000119
31575  38.797  -34.311  -42.871 1.0000000000
31579  42.414  -34.671  -43.518 1.0000000000
31580  41.836  -35.096  -43.509 1.0000000000
32392  41.676  -32.963  -30.245 0.5000000000
32395  39.090  -33.671  -30.237 0.6000000238
32426  44.748  -32.915  -33.520 0.4000000060
32427  37.489  -33.533  -34.678 0.8000000119
32437  46.690  -33.580  -35.884 0.4000000060
32455  47.067  -34.035  -36.583 0.4000000060
32483  49.295  -33.468  -38.850 0.3000000119
32486  38.629  -33.821  -37.586 0.8000000119
32504  35.752  -33.631  -39.836 0.8999999762
32508  49.929  -34.023  -40.155 0.3000000119
32515  42.262  -33.773  -41.727 1.0000000000
32516  36.940  -33.258  -41.886 0.8999999762
33225  41.670  -32.348  -30.669 0.6000000238
33239  41.275  -31.791  -30.877 0.6999999881
33241  38.527  -32.179  -31.850 0.6999999881
33249  43.298  -32.187  -31.774 0.5000000000
33256  44.471  -32.317  -32.961 0.4000000060
33257  37.957  -32.288  -33.602 0.8000000119
33267  38.002  -32.326  -34.462 0.8000000119
33278  38.167  -32.421  -35.331 0.8000000119
33326  36.391  -32.266  -39.968 0.8999999762
33333  41.820  -33.063  -41.046 1.0000000000
33341  42.443  -33.218  -41.956 1.0000000000
33347  38.555  -31.998  -42.995 0.8999999762
33348  37.744  -31.995  -42.255 0.8999999762
33354  42.383  -33.406  -44.055 1.0000000000
34061  42.694  -31.556  -31.462 0.5000000000
34063  39.864  -31.610  -31.153 0.6999999881
34074  39.081  -31.006  -32.210 0.6999999881
34081  46.049  -30.974  -33.801 0.4000000060
34102  47.374  -31.354  -35.309 0.4000000060
34113  39.128  -32.123  -37.020 0.6999999881
34119  49.204  -31.607  -37.493 0.3000000119
34120  48.795  -31.236  -36.840 0.3000000119
34122  35.198  -31.458  -37.746 0.6000000238
34134  40.174  -32.382  -39.021 0.6999999881
34135  39.973  -31.884  -38.549 0.6999999881
34147  40.727  -32.296  -39.729 1.0000000000
34157  36.795  -30.882  -40.101 0.8999999762
34162  37.439  -31.528  -41.628 0.8999999762
34166  43.003  -32.937  -43.491 1.0000000000
34173  42.314  -32.269  -44.611 1.0000000000
34178  43.250  -32.051  -44.734 1.0000000000
34942  45.181  -29.904  -32.831 0.4000000060
34953  45.674  -30.458  -33.359 0.4000000060
34956  38.779  -30.956  -32.901 0.6000000238
34966  38.610  -30.996  -33.751 0.6000000238
34976  47.528  -30.496  -35.195 0.4000000060
34977  38.917  -30.816  -35.657 0.6999999881
34986  48.782  -30.292  -36.554 0.3000000119
34988  33.376  -30.476  -36.754 0.6000000238
34995  39.736  -30.956  -37.860 0.6999999881
34997  34.277  -30.168  -37.101 0.6999999881
35011  36.054  -30.765  -38.743 0.8999999762
35012  35.638  -30.224  -38.145 0.8999999762
35030  40.847  -30.839  -40.646 0.8999999762
35032  37.049  -30.289  -40.370 0.8999999762
35047  43.466  -31.552  -44.822 1.0000000000
35048  40.943  -31.460  -44.587 1.0000000000
35049  39.848  -30.556  -44.304 1.0000000000
35054  43.583  -30.890  -45.189 1.0000000000
35747  43.127  -29.238  -31.768 0.5000000000
35749  41.485  -29.836  -31.505 0.5000000000
35760  43.867  -29.777  -32.016 0.4000000060
35762  39.953  -29.069  -32.690 0.6000000238
35771  39.470  -29.125  -33.418 0.6000000238
35798  39.213  -29.973  -36.771 0.6999999881
35806  35.071  -29.775  -37.650 0.6999999881
35808  33.013  -29.221  -36.984 0.6999999881
35824  39.652  -29.904  -38.518 0.8000000119
35835  36.362  -29.093  -39.257 0.8999999762
35845  37.456  -29.258  -41.245 1.0000000000
35850  38.190  -29.555  -42.546 0.8999999762
35854  39.109  -29.969  -43.744 1.0000000000
35855  38.659  -29.403  -43.288 1.0000000000
35859  41.970  -30.651  -45.349 1.0000000000
36610  42.349  -28.734  -31.744 0.5000000000
36621  45.258  -28.191  -32.944 0.5000000000
36635  46.381  -28.257  -33.816 0.4000000060
36666  38.992  -28.788  -36.536 0.6999999881
36678  35.024  -28.962  -37.824 0.6999999881
36680  33.366  -28.542  -37.331 0.6999999881
36698  35.993  -28.474  -38.922 0.8999999762
36699  35.510  -28.662  -38.365 0.8999999762
36700  34.944  -28.177  -38.072 0.6999999881
36710  36.405  -28.440  -39.483 0.8999999762
36714  40.332  -28.530  -41.109 0.8999999762
36716  36.690  -28.010  -40.095 0.8999999762
36720  40.815  -28.446  -41.913 1.0000000000
36727  38.338  -28.779  -42.827 1.0000000000
36728  38.008  -28.039  -42.488 1.0000000000
36737  43.743  -30.111  -45.450 1.0000000000
36739  40.929  -29.481  -45.447 1.0000000000
36742  43.757  -29.745  -45.746 1.0000000000
36747  43.977  -29.034  -46.296 1.0000000000
37537  39.132  -27.677  -35.056 0.6000000238
37551  38.938  -27.360  -35.942 0.6999999881
37563  39.028  -27.799  -37.510 0.8000000119
37564  34.332  -27.814  -37.977 0.8000000119
37566  32.835  -27.910  -37.524 0.6000000238
37581  33.068  -27.243  -37.914 0.6000000238
37595  35.801  -26.863  -39.463 0.8000000119
37600  39.765  -26.975  -39.953 0.8000000119
37607  37.664  -27.225  -42.196 1.0000000000
37613  38.171  -27.290  -42.945 1.0000000000
37628  44.330  -28.267  -46.345 1.0000000000
37630  40.865  -27.752  -45.806 1.0000000000
37633  44.280  -27.993  -46.665 1.0000000000
37635  43.230  -27.962  -46.826 1.0000000000
38481  43.703  -26.780  -32.582 0.5000000000
38482  42.242  -26.037  -32.852 0.6000000238
38494  45.560  -26.081  -33.791 0.4000000060
38497  41.327  -26.025  -33.256 0.6999999881
38509  46.813  -26.354  -34.892 0.3000000119
38511  40.208  -25.700  -34.255 0.6999999881
38512  39.790  -26.415  -34.279 0.6999999881
38553  39.016  -26.173  -37.155 0.6999999881
38559  39.251  -26.230  -38.267 0.8000000119
38561  34.234  -26.557  -38.703 0.8000000119
38562  33.296  -26.583  -38.453 0.6999999881
38589  40.276  -26.137  -40.940 0.8000000119
38603  40.920  -26.707  -42.151 0.8000000119
38610  38.176  -26.623  -43.356 1.0000000000
38620  44.654  -26.302  -47.248 1.0000000000
38623  40.299  -26.600  -45.704 1.0000000000
38634  44.048  -26.417  -47.552 1.0000000000
39560  42.683  -25.429  -33.199 0.6999999881
39583  45.978  -25.202  -34.654 0.4000000060
39585  39.588  -25.306  -35.540 0.6999999881
39613  39.545  -25.811  -39.007 0.8000000119
39618  39.805  -25.343  -39.599 0.8000000119
39621  32.938  -25.373  -39.571 0.6999999881
39635  33.942  -24.875  -40.532 0.6999999881
39638  31.414  -25.130  -40.083 0.6999999881
39654  37.147  -25.295  -43.334 0.8999999762
39655  36.695  -25.326  -42.763 0.8999999762
39666  43.171  -25.078  -44.412 1.0000000000
39674  40.301  -25.717  -45.962 1.0000000000
39675  39.471  -25.558  -45.495 1.0000000000
39676  38.968  -24.478  -45.775 1.0000000000
39682  42.604  -25.277  -47.414 1.0000000000
39683  40.820  -25.307  -46.470 1.0000000000
39689  44.611  -25.522  -47.610 1.0000000000
39691  43.600  -25.556  -47.714 1.0000000000
40632  44.020  -24.903  -33.615 0.6000000238
40651  40.607  -24.469  -34.829 0.6999999881
40665  46.205  -24.680  -35.167 0.5000000000
40704  40.352  -24.082  -39.939 0.6999999881
40727  40.830  -24.498  -41.385 0.8000000119
40731  32.937  -24.300  -41.945 0.6999999881
40747  34.012  -24.245  -42.799 0.8000000119
40753  36.866  -24.627  -43.903 0.8999999762
40763  36.614  -24.096  -44.262 0.8999999762
40767  44.998  -24.882  -47.144 1.0000000000
40774  44.730  -24.803  -47.622 1.0000000000
40775  41.532  -24.794  -47.009 1.0000000000
40778  38.649  -23.673  -46.023 1.0000000000
40783  44.520  -24.771  -47.882 1.0000000000
40785  43.317  -23.976  -47.865 1.0000000000
40786  42.357  -24.282  -47.534 1.0000000000
41678  43.112  -23.286  -34.296 0.6999999881
41691  45.591  -23.942  -34.871 0.5000000000
41692  44.851  -23.353  -34.683 0.6000000238
41695  40.679  -23.443  -35.779 0.6999999881
41711  39.846  -24.075  -36.943 0.6999999881
41725  39.744  -24.172  -37.832 0.6999999881
41743  40.908  -23.448  -40.413 0.6999999881
41761  41.775  -23.479  -41.868 0.6999999881
41767  31.955  -23.448  -42.533 0.5000000000
41779  36.269  -23.705  -44.252 0.8999999762
41792  44.784  -24.434  -46.813 1.0000000000
41794  37.687  -23.347  -45.243 1.0000000000
41806  44.533  -23.938  -47.760 1.0000000000
41807  44.166  -23.068  -47.932 1.0000000000
41808  43.454  -23.050  -47.958 1.0000000000
42688  42.681  -22.054  -35.205 0.6999999881
42693  42.253  -21.715  -35.780 0.6999999881
42708  41.001  -22.210  -37.908 0.6000000238
42755  42.823  -22.045  -42.295 0.8000000119
42762  30.737  -22.674  -42.645 0.5000000000
42786  38.730  -21.973  -46.034 1.0000000000
42787  38.188  -22.666  -45.516 1.0000000000
42792  44.005  -22.101  -47.438 1.0000000000
42799  42.767  -21.633  -47.786 1.0000000000
42801  40.309  -22.203  -47.404 1.0000000000
43655  45.658  -21.726  -35.741 0.5000000000
43657  43.754  -21.353  -35.397 0.6999999881
43663  43.216  -21.004  -35.770 0.6000000238
43665  41.897  -21.427  -36.613 0.6999999881
43727  32.687  -21.639  -42.417 0.6000000238
43752  42.871  -20.277  -45.680 0.6999999881
43761  39.899  -21.015  -45.945 0.8999999762
43769  43.348  -21.312  -47.246 1.0000000000
43770  40.371  -21.056  -47.186 1.0000000000
43771  39.394  -21.466  -46.361 1.0000000000
43777  43.464  -21.821  -47.688 1.0000000000
43779  42.192  -21.095  -47.693 1.0000000000
43781  39.846  -21.620  -47.176 1.0000000000
44605  45.223  -21.009  -35.811 0.6000000238
44613  44.035  -20.245  -36.042 0.5000000000
44618  46.497  -19.690  -37.226 0.4000000060
44635  42.938  -20.084  -39.807 0.5000000000
44697  42.410  -20.268  -46.412 0.8999999762
44698  41.513  -20.247  -46.216 0.8999999762
44702  42.613  -20.676  -47.126 1.0000000000
44704  40.887  -20.552  -46.942 1.0000000000
44711  42.146  -20.744  -47.492 1.0000000000
45767  44.480  -19.684  -36.487 0.6000000238
45774  44.063  -19.157  -37.017 0.5000000000
45775  42.945  -19.723  -37.900 0.5000000000
45779  47.672  -18.907  -38.862 0.4000000060
45793  40.347  -18.891  -40.427 0.4000000060
45794  39.761  -18.872  -40.058 0.5000000000
47036  46.977  -18.389  -38.683 0.4000000060
47054  48.458  -18.167  -40.234 0.3000000119
47058  41.703  -17.978  -41.250 0.5000000000
47099  32.264  -18.239  -43.954 0.5000000000
48259  40.382  -16.831  -38.872 0.4000000060
48264  45.510  -17.403  -39.645 0.4000000060
48281  44.014  -17.125  -41.969 0.5000000000
48285  37.459  -17.448  -40.599 0.4000000060
48292  48.245  -16.872  -41.002 0.3000000119
48296  42.855  -17.131  -42.055 0.4000000060
49354  41.098  -16.457  -38.916 0.4000000060
49372  38.427  -16.166  -39.636 0.3000000119
49402  35.105  -16.617  -43.759 0.3000000119
50398  40.244  -15.590  -38.571 0.4000000060
50447  35.003  -15.587  -44.845 0.3000000119
51483  39.077  -14.751  -38.989 0.3000000119
51487  44.565  -14.209  -40.854 0.3000000119
52483  38.932  -14.008  -39.097 0.3000000119
52495  37.401  -13.483  -42.253 0.3000000119
54622  39.874  -11.897  -38.637 0.3000000119
54639  38.327  -11.651  -40.518 0.3000000119
55732  38.718  -10.419  -39.965 0.3000000119
55757  37.956  -10.849  -41.501 0.3000000119
55768  37.604  -10.734  -42.793 0.3000000119
55826  36.304  -10.143  -49.117 0.3000000119
56855  38.440  -9.846  -40.581 0.3000000119
56921  37.290  -9.608  -47.385 0.3000000119
59059  37.683  -7.849  -43.550 0.4000000060
59110  37.590  -7.791  -48.994 0.3000000119
60149  38.467  -6.970  -41.179 0.3000000119
62457  37.613  -4.373  -44.127 0.3000000119
63465  37.583  -3.429  -45.305 0.3000000119
125526  40.584  -20.611  -46.320 0.8999999762
125862  42.725  -26.724  -32.506 0.5000000000
126148  44.194  -28.578  -46.393 1.0000000000
126812  48.633  -32.062  -37.040 0.3000000119
127039  38.834  -42.465  -28.633 0.6000000238
127198  44.331  -22.430  -46.995 1.0000000000
127389  38.747  -39.017  -28.504 0.5000000000
127392  38.526  -33.540  -30.818 0.6999999881
127514  39.453  -28.425  -39.004 0.8000000119
128030  43.973  -34.167  -30.780 0.4000000060
128922  44.390  -27.203  -47.203 1.0000000000
129188  38.408  -8.264  -40.911 0.3000000119
129268  37.276  -37.342  -34.720 0.8000000119
129644  39.308  -28.619  -38.233 0.8000000119
129852  36.984  -37.904  -31.178 0.6000000238
130651  37.558  -6.160  -45.251 0.3000000119
131994  35.622  -16.184  -43.589 0.3000000119
132151  35.536  -44.490  -31.294 0.6000000238
132387  38.094  -32.224  -32.683 0.6999999881
132841  41.999  -45.488  -40.969 0.5000000000
132938  42.621  -13.845  -39.003 0.3000000119
133269  36.709  -39.153  -30.876 0.6999999881
133443  37.164  -28.700  -40.658 1.0000000000
133641  41.788  -27.575  -32.275 0.6000000238
133795  38.467  -31.050  -42.892 0.8999999762
134060  39.222  -33.268  -38.144 0.8000000119
134350  37.349  -37.271  -35.527 0.8000000119
134903  43.469  -30.121  -45.709 1.0000000000
135291  42.127  -38.228  -42.633 0.8999999762
135344  30.637  -39.210  -36.439 0.4000000060
136188  38.965  -32.911  -43.234 1.0000000000
136498  50.367  -33.257  -40.207 0.3000000119
136520  42.591  -22.230  -47.890 1.0000000000
136831  42.718  -34.606  -43.085 1.0000000000
136967  41.435  -36.309  -43.099 1.0000000000
137919  44.201  -35.683  -29.592 0.3000000119
137982  39.662  -38.936  -28.421 0.4000000060
137996  41.437  -22.168  -47.719 1.0000000000
138147  37.258  -38.051  -33.226 0.6999999881
138239  39.494  -46.363  -40.708 0.5000000000
138410  36.833  -41.743  -33.560 0.6000000238
138912  37.422  -39.538  -33.796 0.8000000119
139060  31.829  -42.713  -35.321 0.5000000000
139080  39.863  -35.011  -43.143 1.0000000000
139214  38.603  -38.786  -38.044 0.8000000119
139236  40.512  -23.210  -38.990 0.6999999881
139920  40.706  -37.938  -28.377 0.4000000060
140184  47.212  -32.068  -35.438 0.4000000060
140197  47.379  -29.816  -34.855 0.4000000060
140655  42.419  -35.180  -29.040 0.5000000000
140974  37.110  -34.069  -42.078 0.8999999762
141088  37.561  -39.840  -40.842 0.8000000119
141327  37.934  -39.021  -36.321 0.8000000119
142440  41.235  -40.290  -42.163 0.8999999762
142684  35.662  -44.265  -30.426 0.6000000238
143044  38.019  -40.974  -35.204 0.8000000119
143082  33.885  -22.588  -42.508 0.8000000119
143489  39.328  -27.835  -44.651 1.0000000000
143746  43.385  -25.897  -44.717 1.0000000000
143802  43.817  -24.920  -47.937 1.0000000000
144392  38.604  -14.312  -39.460 0.3000000119
144409  44.818  -26.427  -46.784 1.0000000000
144682  44.484  -36.880  -29.413 0.3000000119
144699  34.077  -40.573  -35.901 0.6000000238
144970  43.423  -40.172  -30.600 0.4000000060
145122  33.541  -43.061  -35.519 0.5000000000
145335  37.418  -12.849  -42.566 0.3000000119
145414  39.701  -35.915  -28.672 0.5000000000
145481  35.868  -22.842  -43.186 0.8999999762
145744  40.269  -41.162  -38.635 0.6999999881
145769  44.462  -27.634  -46.080 1.0000000000
146069  44.561  -23.371  -46.663 1.0000000000
146312  44.838  -20.334  -36.070 0.6000000238
146497  44.480  -37.860  -29.372 0.3000000119
146996  44.774  -25.481  -47.404 1.0000000000
147116  44.004  -22.485  -47.760 1.0000000000
147222  34.541  -44.795  -36.512 0.5000000000
147758  39.586  -25.054  -38.886 0.6999999881
147790  44.128  -27.572  -32.464 0.5000000000
147972  34.838  -36.374  -38.668 0.6999999881
148135  38.152  -40.122  -28.526 0.5000000000
148179  37.014  -36.680  -33.283 0.6999999881
148184  39.376  -29.907  -37.402 0.6999999881
148321  37.573  -6.785  -44.863 0.3000000119
148402  37.854  -33.938  -42.512 1.0000000000
148568  48.370  -32.851  -37.290 0.4000000060
148738  37.430  -18.755  -40.544 0.5000000000
148963  42.058  -39.429  -42.194 0.8999999762
149401  41.877  -15.295  -38.950 0.3000000119
149644  44.286  -24.302  -33.983 0.6000000238
149819  42.091  -36.431  -42.939 1.0000000000
149838  37.460  -28.546  -41.312 1.0000000000
149935  43.029  -28.591  -44.361 1.0000000000
151013  48.163  -27.982  -35.814 0.3000000119
151051  36.103  -32.155  -39.222 0.8999999762
151743  41.166  -42.907  -41.564 0.6000000238
151800  49.198  -32.848  -38.281 0.3000000119
151943  37.191  -11.114  -44.665 0.3000000119
152075  36.520  -40.479  -38.871 0.6999999881
152461  37.276  -40.172  -40.407 0.6000000238
153212  37.039  -36.255  -41.531 0.8000000119
153260  45.443  -32.032  -33.784 0.4000000060
153604  36.951  -40.563  -33.325 0.8000000119
153764  37.521  -21.804  -41.711 0.6999999881
153792  37.230  -40.255  -29.112 0.6000000238
153931  49.688  -35.242  -40.739 0.3000000119
154192  50.498  -35.369  -42.024 0.3000000119
154270  34.811  -35.247  -38.636 0.6999999881
154866  44.778  -27.722  -32.739 0.5000000000
155077  43.711  -19.092  -40.428 0.5000000000
155181  38.213  -6.604  -41.734 0.3000000119
155296  38.066  -38.671  -28.856 0.4000000060
155365  39.768  -27.624  -33.707 0.6000000238
155448  41.211  -18.085  -40.386 0.5000000000
155460  33.158  -34.533  -37.331 0.5000000000
155557  37.450  -40.959  -34.214 0.8000000119
155625  44.115  -25.477  -33.370 0.6000000238
155712  47.131  -21.310  -37.172 0.5000000000
155759  33.751  -35.141  -37.610 0.5000000000
155769  37.415  -9.787  -45.523 0.3000000119
155850  27.430  -43.210  -36.897 0.4000000060
155985  39.066  -38.818  -38.547 0.8999999762
155987  41.412  -37.786  -28.450 0.4000000060
156336  43.099  -35.410  -29.239 0.4000000060
156453  44.097  -26.108  -45.470 1.0000000000
156508  41.640  -26.144  -43.032 0.8999999762
156590  39.723  -21.370  -46.848 1.0000000000
156690  48.299  -34.159  -38.209 0.3000000119
156808  34.976  -24.677  -42.625 0.8999999762
156834  42.055  -31.827  -41.897 1.0000000000
157218  37.978  -39.528  -41.264 0.8000000119
157230  39.613  -28.267  -39.585 0.8000000119
157672  37.429  -37.274  -36.044 0.8000000119
