#!ascii label  , from subject NIHPD_75_135 vox2ras=TkReg
1588
25885  31.047  -39.418  -26.779 0.8999999762
133708  31.577  -39.365  -27.634 0.8000000119
24962  31.290  -41.437  -28.327 0.6999999881
141440  31.439  -40.892  -28.905 0.8000000119
25886  30.326  -39.728  -26.122 0.8999999762
27808  31.983  -38.532  -28.015 1.0000000000
26825  31.787  -39.391  -28.500 0.8999999762
25913  31.603  -40.153  -28.767 0.8000000119
128218  31.373  -40.059  -30.278 0.8000000119
25921  31.467  -40.432  -29.527 0.8999999762
24055  31.059  -41.532  -29.946 0.8000000119
25944  30.604  -40.621  -31.405 0.6999999881
25025  30.273  -41.290  -31.553 0.6999999881
27767  30.098  -38.339  -25.783 0.8000000119
26797  30.526  -38.891  -26.187 0.8999999762
27777  30.700  -38.097  -26.221 0.8999999762
28648  29.636  -37.896  -25.574 0.8999999762
157397  28.199  -38.232  -25.354 0.8999999762
27794  31.779  -37.896  -27.353 0.8999999762
27793  32.167  -37.720  -27.927 1.0000000000
129169  31.888  -38.799  -29.825 0.8999999762
27826  31.804  -38.332  -30.498 1.0000000000
26850  31.583  -39.235  -30.409 0.8999999762
26858  31.428  -38.871  -31.052 0.8999999762
25933  31.006  -40.512  -30.779 0.8000000119
25945  30.105  -40.823  -32.091 0.6999999881
29517  31.338  -36.712  -26.530 0.8999999762
28647  30.249  -37.414  -25.799 0.8999999762
141106  29.426  -37.216  -25.511 0.8999999762
28649  28.055  -37.583  -25.442 0.8999999762
28660  31.570  -37.284  -26.879 0.8999999762
28678  32.009  -37.176  -27.494 0.8999999762
27807  32.255  -37.797  -28.739 1.0000000000
27835  31.087  -38.850  -31.711 0.8000000119
26866  30.706  -39.404  -31.976 0.8000000119
133499  29.862  -40.263  -32.663 0.8000000119
26872  29.626  -39.630  -33.181 0.8000000119
25963  29.105  -40.438  -33.345 0.8000000119
143674  28.423  -40.213  -33.924 0.8000000119
29503  29.914  -36.522  -25.584 0.8999999762
131728  27.842  -36.820  -25.569 0.8999999762
28650  27.288  -37.388  -25.680 0.8999999762
144553  31.456  -35.897  -26.519 0.8999999762
30391  27.719  -35.923  -25.665 0.8999999762
29506  27.060  -36.594  -25.873 0.8000000119
28662  26.521  -37.238  -26.042 0.8000000119
29526  31.827  -36.567  -27.011 0.8999999762
29519  26.770  -35.777  -26.043 0.6999999881
29520  26.278  -36.459  -26.286 0.6999999881
29525  32.240  -36.470  -27.683 0.8999999762
29521  25.476  -36.318  -26.707 0.6999999881
29527  24.710  -36.556  -27.041 0.6999999881
29548  32.500  -36.309  -28.501 1.0000000000
30415  24.867  -35.803  -26.825 0.6000000238
28699  32.432  -37.018  -28.870 1.0000000000
29562  32.496  -36.526  -29.398 1.0000000000
28707  32.317  -37.315  -29.539 1.0000000000
28713  31.881  -37.492  -30.932 1.0000000000
27825  32.113  -37.614  -30.202 1.0000000000
28719  31.524  -37.411  -31.747 0.8999999762
133725  31.058  -38.055  -32.193 0.8000000119
27840  30.618  -38.828  -32.402 0.8000000119
27847  30.064  -38.908  -33.046 0.8000000119
27848  29.393  -38.945  -33.607 0.8000000119
26873  28.920  -39.636  -33.763 0.8000000119
27855  27.837  -38.883  -34.550 0.8000000119
130241  28.373  -38.275  -34.473 0.8000000119
29518  30.737  -36.464  -26.044 0.8999999762
29504  29.090  -36.468  -25.444 0.8999999762
30388  30.255  -35.747  -25.685 0.8999999762
30389  29.465  -35.786  -25.485 0.8999999762
30390  28.637  -35.794  -25.476 0.8999999762
139484  28.168  -35.087  -25.515 0.8999999762
146684  26.075  -35.772  -26.418 0.6999999881
30404  32.071  -35.819  -27.210 0.8999999762
30407  26.303  -34.961  -26.271 0.6000000238
30408  25.506  -35.402  -26.569 0.6000000238
30414  32.417  -35.812  -27.863 1.0000000000
31415  24.080  -34.861  -26.720 0.5000000000
30432  32.613  -35.846  -29.136 1.0000000000
32363  23.653  -34.184  -26.783 0.5000000000
30448  32.522  -35.830  -29.979 1.0000000000
29568  32.279  -36.787  -30.337 1.0000000000
152141  32.294  -36.043  -30.789 1.0000000000
29574  31.914  -36.594  -31.379 1.0000000000
28725  31.190  -37.342  -32.321 0.8999999762
27846  30.451  -38.190  -32.884 0.8000000119
29587  30.591  -36.892  -33.141 0.8999999762
28733  30.220  -37.557  -33.335 0.8000000119
130818  29.815  -38.244  -33.464 0.8000000119
145296  30.012  -36.890  -33.768 0.8999999762
28739  29.573  -37.584  -33.906 0.8000000119
29588  29.757  -36.158  -34.163 0.8999999762
28740  28.835  -37.610  -34.417 0.8000000119
28742  26.877  -37.786  -35.154 0.8000000119
134184  27.026  -36.249  -35.387 0.8000000119
29596  26.395  -36.947  -35.466 0.8000000119
31394  29.002  -35.114  -25.405 0.8999999762
147969  30.859  -35.621  -26.040 0.8999999762
31412  30.956  -34.263  -25.811 0.8999999762
139264  27.845  -34.167  -25.560 0.6999999881
30406  27.269  -35.011  -25.817 0.8000000119
137571  31.877  -35.069  -26.809 0.8999999762
31411  31.745  -34.176  -26.405 0.8999999762
31413  26.077  -34.123  -26.223 0.6999999881
135208  25.448  -34.527  -26.451 0.6000000238
30409  24.799  -35.029  -26.632 0.6000000238
32350  26.337  -33.412  -25.985 0.6999999881
32351  25.408  -33.540  -26.305 0.6000000238
31414  24.537  -34.105  -26.598 0.5000000000
139945  32.610  -35.356  -28.462 1.0000000000
128103  24.478  -33.034  -26.565 0.5000000000
32352  23.872  -33.529  -26.774 0.5000000000
142654  32.679  -35.177  -29.348 1.0000000000
30460  32.413  -35.326  -30.706 1.0000000000
30467  32.081  -35.634  -31.415 1.0000000000
29580  31.602  -35.967  -32.085 1.0000000000
29581  31.059  -36.258  -32.796 0.8999999762
146464  32.274  -34.801  -31.326 1.0000000000
30473  31.776  -35.036  -32.114 0.8999999762
155634  31.323  -35.520  -32.638 0.8999999762
146215  30.436  -36.192  -33.524 0.8999999762
30481  30.845  -35.498  -33.240 0.8999999762
30482  30.209  -35.427  -33.895 0.8999999762
29594  28.922  -36.170  -34.642 0.8999999762
29595  28.030  -36.238  -35.077 0.8999999762
31480  30.654  -34.736  -33.575 0.8999999762
30489  29.385  -35.302  -34.503 0.8999999762
30491  27.581  -35.575  -35.292 0.8999999762
30502  28.766  -34.704  -34.938 0.8999999762
143366  29.809  -35.070  -25.494 0.8999999762
141266  28.617  -34.522  -25.433 0.8999999762
141344  29.327  -34.425  -25.405 0.8999999762
31395  26.832  -34.171  -25.902 0.6999999881
30403  32.378  -35.071  -27.595 0.8999999762
149517  32.255  -34.459  -27.059 0.8999999762
33192  25.817  -32.753  -26.056 0.6999999881
150397  25.161  -32.769  -26.287 0.5000000000
31428  32.778  -34.474  -28.732 1.0000000000
32353  23.639  -32.832  -26.961 0.5000000000
140117  32.774  -34.467  -29.725 1.0000000000
32396  32.852  -33.737  -30.294 1.0000000000
31454  32.581  -34.555  -30.561 1.0000000000
31464  32.061  -34.297  -31.833 1.0000000000
32406  32.479  -33.905  -31.197 1.0000000000
154223  32.725  -33.368  -30.854 1.0000000000
31472  31.624  -34.164  -32.492 0.8999999762
31489  30.438  -33.957  -33.905 0.8999999762
30519  27.399  -35.734  -38.033 0.6999999881
30530  26.763  -35.041  -38.116 0.8000000119
30520  26.225  -35.804  -37.745 0.8000000119
142615  25.573  -35.005  -37.587 0.8000000119
32349  31.306  -33.449  -25.849 0.8999999762
33191  30.820  -32.790  -25.474 1.0000000000
32328  29.625  -33.688  -25.363 1.0000000000
137940  29.042  -33.035  -25.296 1.0000000000
140930  28.133  -33.209  -25.418 0.6999999881
32330  27.226  -33.337  -25.675 0.6999999881
31419  32.625  -34.197  -27.758 0.8999999762
32348  31.992  -33.239  -26.365 0.8999999762
33176  26.680  -32.532  -25.731 0.6999999881
33193  24.785  -32.221  -26.429 0.6000000238
32374  32.937  -33.571  -28.423 1.0000000000
31410  32.386  -33.739  -26.943 0.8999999762
33195  23.366  -32.086  -27.236 0.4000000060
32386  32.973  -33.746  -29.333 1.0000000000
33242  32.544  -32.955  -31.397 1.0000000000
32420  31.528  -33.229  -32.847 1.0000000000
137500  32.046  -32.707  -32.230 1.0000000000
142213  24.941  -34.159  -36.527 0.8999999762
129822  29.666  -35.720  -37.780 0.6000000238
150315  28.603  -35.584  -38.094 0.6000000238
30529  27.887  -34.970  -38.287 0.8000000119
31546  26.250  -34.295  -38.076 0.8000000119
30521  24.987  -35.254  -36.945 0.8999999762
31506  25.038  -34.970  -36.454 0.8999999762
33190  31.592  -32.609  -25.879 0.8999999762
141484  27.551  -32.533  -25.480 0.8000000119
153189  27.168  -32.087  -25.528 0.6999999881
33177  25.946  -31.981  -25.854 0.6999999881
34015  25.233  -31.530  -26.174 0.6000000238
34017  23.762  -31.469  -27.051 0.4000000060
32362  32.755  -33.264  -27.550 0.8999999762
32373  33.183  -32.994  -29.046 1.0000000000
33219  33.277  -32.492  -29.709 1.0000000000
33230  32.977  -32.852  -30.505 1.0000000000
34053  32.867  -32.139  -31.064 1.0000000000
33250  32.436  -32.097  -31.802 1.0000000000
33251  31.951  -31.934  -32.447 1.0000000000
32444  26.410  -33.956  -35.696 0.8999999762
129483  25.733  -32.537  -35.954 0.8999999762
32445  25.381  -33.484  -36.067 0.8999999762
32458  24.736  -33.773  -36.860 0.8999999762
137217  31.493  -35.046  -37.476 0.6000000238
140609  30.340  -35.035  -37.740 0.6000000238
31544  28.323  -34.261  -38.365 0.8000000119
31545  27.349  -34.308  -38.343 0.8000000119
31534  25.007  -34.431  -37.091 0.8999999762
33173  30.294  -32.155  -25.223 0.8999999762
133026  29.957  -32.915  -25.267 0.8999999762
33175  28.424  -32.345  -25.262 0.6999999881
33998  30.598  -31.512  -25.197 0.8999999762
33174  29.385  -32.221  -25.152 0.8999999762
129984  26.746  -31.596  -25.579 0.6000000238
32347  32.493  -33.011  -26.859 1.0000000000
133979  32.534  -31.666  -26.517 1.0000000000
34013  31.910  -31.718  -25.892 1.0000000000
152077  26.549  -30.819  -25.562 0.6000000238
34002  25.965  -31.163  -25.797 0.6000000238
139237  24.771  -30.777  -26.425 0.5000000000
33211  33.118  -32.711  -28.172 1.0000000000
33204  32.823  -32.335  -27.225 1.0000000000
33203  33.292  -31.838  -28.002 1.0000000000
33210  33.368  -32.186  -28.884 1.0000000000
34045  33.426  -31.631  -29.652 1.0000000000
156663  33.334  -31.493  -30.257 1.0000000000
34065  33.141  -31.402  -30.808 1.0000000000
34066  32.755  -31.465  -31.459 1.0000000000
34076  32.312  -31.335  -32.097 1.0000000000
34077  31.730  -31.199  -32.676 1.0000000000
33260  31.136  -32.453  -33.314 1.0000000000
34085  30.755  -31.597  -33.565 1.0000000000
34093  30.040  -31.716  -34.136 1.0000000000
135459  29.437  -31.798  -34.517 1.0000000000
33271  29.001  -32.344  -34.833 0.8999999762
32430  29.373  -33.155  -34.685 0.8999999762
33282  26.628  -33.015  -35.643 0.8999999762
152684  24.794  -33.446  -36.596 0.8999999762
32475  24.985  -33.661  -37.330 0.8999999762
31529  32.777  -34.023  -37.180 0.6000000238
31530  31.860  -34.152  -37.313 0.6000000238
31531  30.859  -34.294  -37.614 0.6000000238
30518  29.416  -34.963  -38.113 0.6000000238
32491  27.873  -33.594  -38.410 0.8000000119
34888  31.279  -31.190  -25.379 0.8999999762
34876  29.480  -30.776  -24.922 0.6999999881
139580  27.700  -31.679  -25.323 0.6000000238
34001  27.251  -30.892  -25.359 0.6000000238
151329  32.303  -31.259  -26.125 0.8999999762
34880  25.989  -30.261  -25.775 0.6000000238
149486  25.422  -30.764  -26.068 0.5000000000
34028  32.987  -31.357  -27.215 1.0000000000
34038  33.484  -31.353  -28.750 1.0000000000
136193  33.441  -30.888  -30.195 1.0000000000
34923  33.231  -30.684  -31.032 1.0000000000
34936  32.739  -30.717  -31.698 1.0000000000
35751  32.563  -29.911  -32.146 1.0000000000
34947  32.131  -30.564  -32.420 1.0000000000
34084  31.217  -31.145  -33.150 1.0000000000
34094  29.535  -31.131  -34.363 1.0000000000
34095  28.795  -31.388  -34.816 1.0000000000
34106  27.182  -31.777  -35.489 0.8999999762
126166  26.601  -32.279  -35.658 0.8999999762
33283  24.886  -32.774  -36.399 0.8999999762
33292  24.505  -32.202  -37.081 0.8999999762
32471  32.258  -33.292  -36.965 0.6000000238
32472  31.216  -33.514  -37.319 0.6000000238
32489  29.518  -33.665  -37.973 0.6000000238
33314  29.214  -32.948  -38.004 0.6999999881
132095  27.417  -33.005  -38.447 0.6999999881
148070  26.870  -33.608  -38.378 0.6999999881
32493  25.539  -32.644  -38.103 0.8000000119
33305  24.815  -32.281  -37.547 0.8999999762
32469  33.593  -34.039  -37.350 0.6000000238
33316  27.335  -32.175  -38.440 0.6999999881
32492  26.522  -32.847  -38.418 0.8000000119
144385  25.343  -32.001  -38.115 0.8999999762
135233  28.014  -30.891  -25.160 0.6999999881
34879  26.852  -30.169  -25.452 0.6000000238
34875  31.355  -30.327  -25.345 0.8000000119
134222  29.696  -29.980  -24.903 0.6999999881
34899  33.150  -30.482  -27.180 0.8999999762
156037  32.411  -30.355  -26.049 0.8000000119
34027  33.448  -30.973  -27.928 1.0000000000
35721  33.792  -29.713  -28.666 0.8999999762
34898  33.551  -30.121  -27.913 0.8000000119
137269  33.730  -30.111  -29.566 1.0000000000
126044  33.608  -29.945  -30.623 1.0000000000
35750  33.153  -29.980  -31.474 1.0000000000
36614  33.030  -29.262  -31.954 1.0000000000
35763  31.921  -29.776  -32.763 1.0000000000
34957  30.808  -30.043  -33.429 1.0000000000
34086  30.163  -30.940  -33.914 1.0000000000
34967  29.075  -30.632  -34.545 1.0000000000
34105  27.884  -31.190  -35.243 0.8999999762
34981  26.055  -30.824  -35.955 0.8999999762
34107  26.147  -31.668  -35.848 0.8999999762
34108  24.774  -31.352  -36.602 0.8999999762
32473  30.308  -33.652  -37.653 0.6000000238
33315  28.279  -32.781  -38.287 0.6999999881
33306  24.545  -31.499  -37.301 0.8999999762
128573  34.628  -32.198  -37.390 0.6000000238
32470  33.287  -33.353  -37.039 0.6000000238
144624  28.216  -31.958  -38.208 0.6999999881
33317  26.181  -32.063  -38.413 0.6999999881
34877  28.677  -30.289  -24.974 0.6999999881
34878  27.687  -30.185  -25.202 0.6000000238
156321  31.405  -29.586  -25.386 0.8000000119
134887  30.646  -29.764  -25.119 0.8000000119
35694  29.019  -29.335  -24.942 0.6999999881
34886  32.782  -29.904  -26.440 0.6999999881
34887  32.103  -29.866  -25.727 0.8000000119
34885  33.334  -29.650  -27.209 0.6999999881
35712  33.694  -29.305  -27.897 0.6999999881
36590  34.190  -28.721  -29.601 0.8000000119
35731  34.118  -28.668  -30.385 0.8000000119
35732  33.968  -29.350  -30.036 0.8000000119
35740  33.813  -29.173  -30.670 0.8999999762
127555  33.510  -29.276  -31.265 0.8999999762
36627  32.414  -29.163  -32.559 1.0000000000
35764  31.230  -29.576  -33.265 1.0000000000
34959  29.625  -30.367  -34.196 1.0000000000
35774  28.958  -29.818  -34.511 1.0000000000
35772  30.470  -29.382  -33.718 1.0000000000
34958  30.245  -30.164  -33.770 1.0000000000
34968  28.428  -30.510  -34.889 1.0000000000
152455  27.459  -29.687  -35.393 1.0000000000
34980  26.973  -30.982  -35.589 0.8999999762
127911  26.722  -30.107  -35.723 0.8999999762
157326  25.411  -31.310  -36.194 0.8999999762
34982  25.210  -30.695  -36.382 0.8999999762
33290  32.298  -32.398  -36.740 0.6000000238
33302  31.446  -32.712  -37.010 0.6000000238
144617  29.870  -33.120  -37.703 0.6000000238
33304  28.953  -32.141  -37.929 0.6999999881
34118  24.427  -31.305  -37.021 0.8999999762
33318  24.915  -31.503  -37.814 0.8999999762
34137  27.789  -31.298  -38.287 0.6999999881
34138  26.693  -31.223  -38.464 0.6999999881
34139  25.646  -31.408  -38.314 0.8999999762
35016  25.089  -30.001  -38.076 0.8999999762
35692  30.978  -28.958  -25.298 0.6999999881
35693  29.957  -28.993  -25.080 0.6000000238
134725  29.191  -28.628  -25.084 0.6000000238
35696  27.263  -29.425  -25.349 0.6000000238
35704  32.512  -29.064  -26.073 0.6999999881
36548  30.514  -28.199  -25.307 0.6000000238
35703  33.086  -29.055  -26.711 0.6999999881
36570  33.751  -28.506  -27.736 0.6999999881
36577  34.029  -28.798  -28.652 0.6999999881
36589  34.355  -28.020  -30.019 0.8000000119
36602  33.905  -28.639  -31.097 0.8000000119
36613  33.521  -28.624  -31.792 0.8000000119
36626  32.970  -28.554  -32.449 0.8000000119
36628  31.735  -29.009  -33.078 1.0000000000
156505  29.914  -28.962  -34.096 1.0000000000
35773  29.748  -29.601  -34.102 1.0000000000
35790  28.138  -29.726  -35.013 1.0000000000
36649  29.719  -28.326  -34.390 1.0000000000
36651  28.506  -29.000  -34.814 1.0000000000
36659  27.719  -29.051  -35.273 1.0000000000
36660  27.136  -28.481  -35.634 1.0000000000
35792  26.006  -29.515  -36.125 1.0000000000
135748  25.808  -30.195  -36.148 0.8999999762
146186  30.797  -32.151  -37.117 0.6000000238
35794  24.451  -29.949  -37.043 0.8999999762
131447  33.917  -31.715  -36.829 0.6000000238
34117  31.603  -31.920  -36.796 0.6000000238
34125  30.368  -31.472  -37.237 0.6999999881
35003  24.418  -30.162  -37.238 0.8999999762
34126  29.510  -31.417  -37.596 0.6999999881
35013  27.408  -30.483  -38.348 0.6999999881
35015  25.540  -30.161  -38.306 0.8999999762
143240  28.865  -28.056  -25.245 0.5000000000
36547  31.403  -28.220  -25.525 0.6000000238
36561  32.841  -28.330  -26.436 0.6999999881
36562  32.201  -28.248  -25.885 0.6999999881
143950  33.179  -27.777  -26.762 0.6999999881
37470  34.073  -27.877  -28.257 0.6999999881
37463  33.649  -27.648  -27.396 0.6999999881
37476  34.537  -27.304  -29.614 0.6999999881
37486  34.522  -27.342  -30.475 0.6999999881
36601  34.281  -28.028  -30.838 0.8000000119
36612  34.027  -28.003  -31.608 0.8000000119
37502  34.155  -27.291  -32.136 0.8000000119
37503  33.555  -27.925  -32.321 0.8000000119
37515  33.579  -27.158  -32.884 0.8000000119
37516  32.892  -27.814  -32.970 0.8000000119
155368  31.532  -27.787  -33.818 0.8999999762
37518  30.992  -28.128  -33.882 1.0000000000
37517  32.163  -27.775  -33.498 0.8000000119
37528  31.079  -27.473  -34.229 0.8999999762
37529  30.348  -27.821  -34.330 1.0000000000
37531  28.927  -28.254  -34.787 1.0000000000
126856  28.026  -28.239  -35.224 1.0000000000
36661  26.157  -28.667  -36.106 1.0000000000
127200  25.358  -29.077  -36.495 0.8999999762
35793  25.017  -29.860  -36.575 0.8999999762
35801  24.668  -29.041  -36.952 0.8999999762
35815  24.480  -29.385  -37.271 0.8999999762
34115  33.235  -31.258  -36.651 0.6000000238
155846  31.062  -31.502  -36.921 0.6000000238
35001  29.157  -30.588  -37.666 0.6999999881
35014  26.448  -30.295  -38.464 0.8000000119
35829  25.030  -29.498  -38.134 0.8999999762
34124  33.919  -30.961  -36.812 0.6000000238
35811  29.626  -29.898  -37.499 0.6999999881
35813  27.946  -29.903  -38.166 0.6999999881
35828  25.940  -29.514  -38.458 0.8000000119
35830  24.662  -28.779  -37.720 0.8999999762
35827  27.108  -29.575  -38.429 0.6999999881
143522  25.289  -28.734  -38.350 0.8999999762
37454  31.786  -27.469  -25.797 0.5000000000
37440  30.068  -27.450  -25.392 0.5000000000
37453  32.592  -27.445  -26.321 0.6999999881
140828  31.293  -26.765  -25.791 0.5000000000
37452  33.225  -27.081  -26.878 0.6999999881
37462  34.053  -27.046  -27.954 0.6999999881
148680  33.644  -26.859  -27.383 0.6999999881
37469  34.400  -27.209  -28.751 0.6999999881
38457  34.672  -26.549  -29.228 0.6999999881
38465  35.057  -26.056  -30.535 0.6999999881
38483  34.320  -26.440  -32.685 0.8000000119
38501  32.787  -27.013  -33.663 0.8000000119
38502  31.854  -27.238  -34.053 0.8000000119
38516  30.487  -27.056  -34.718 0.8999999762
37530  29.502  -27.415  -34.912 1.0000000000
153506  27.975  -27.640  -35.417 1.0000000000
37540  27.293  -27.687  -35.704 1.0000000000
38514  32.206  -26.512  -34.434 0.8000000119
38515  31.328  -26.772  -34.584 0.8000000119
37538  28.778  -27.012  -35.361 0.8999999762
125754  26.564  -28.055  -35.949 1.0000000000
134023  27.967  -27.061  -35.641 0.8999999762
37541  26.301  -27.496  -36.201 1.0000000000
36662  25.231  -28.387  -36.620 1.0000000000
36667  24.679  -28.125  -37.134 1.0000000000
36686  24.546  -27.920  -37.600 0.8999999762
35000  30.120  -30.573  -37.328 0.6999999881
37552  24.697  -27.369  -37.445 0.8999999762
34989  32.529  -30.762  -36.664 0.6000000238
147654  30.872  -30.133  -37.058 0.6000000238
36704  24.824  -27.769  -38.116 0.8999999762
131481  30.384  -29.641  -37.304 0.6999999881
35812  28.788  -29.690  -37.802 0.6999999881
36685  28.039  -29.175  -38.194 0.6999999881
140602  26.424  -28.794  -38.517 0.6999999881
36703  25.837  -27.988  -38.535 0.8000000119
130402  27.051  -28.118  -38.533 0.6999999881
37587  25.349  -27.147  -38.570 0.8000000119
37588  24.750  -26.874  -38.224 0.8999999762
37586  26.584  -27.334  -38.725 0.6999999881
38426  32.046  -26.709  -26.114 0.5000000000
38441  33.363  -26.276  -27.079 0.6999999881
38425  32.729  -26.512  -26.586 0.5000000000
39509  34.673  -25.736  -28.898 0.6999999881
38449  34.369  -26.397  -28.419 0.6999999881
38456  34.940  -25.923  -29.721 0.6999999881
39517  35.214  -25.513  -30.905 0.6999999881
38474  35.034  -26.021  -31.321 0.6999999881
39527  35.285  -25.210  -31.624 0.6999999881
39528  34.869  -25.880  -32.130 0.6999999881
39544  34.723  -25.718  -32.817 0.8000000119
38500  33.680  -26.411  -33.494 0.8000000119
38499  34.311  -25.797  -33.404 0.8000000119
38513  33.126  -26.109  -34.260 0.8000000119
39573  31.640  -26.080  -35.067 0.8000000119
39571  33.633  -25.502  -34.421 0.8000000119
128990  31.980  -25.349  -35.629 0.8000000119
38526  30.795  -26.357  -35.167 0.8000000119
38528  29.269  -26.692  -35.405 0.8999999762
38545  27.546  -26.306  -36.142 0.8999999762
38530  26.924  -26.916  -36.074 1.0000000000
39599  31.303  -25.058  -36.136 0.8000000119
39600  30.552  -25.318  -36.147 0.8000000119
37542  25.270  -27.548  -36.759 1.0000000000
38531  25.877  -26.829  -36.580 1.0000000000
35809  32.127  -29.329  -36.933 0.6000000238
38532  25.027  -26.775  -37.216 1.0000000000
36683  29.712  -29.001  -37.575 0.6999999881
36684  28.816  -28.713  -37.929 0.6999999881
37570  24.574  -27.133  -37.892 0.8999999762
145703  24.676  -26.734  -37.741 1.0000000000
36702  28.036  -28.352  -38.283 0.6999999881
37585  27.927  -27.457  -38.554 0.8000000119
38568  25.968  -26.623  -39.019 0.8000000119
147873  34.946  -25.106  -29.431 0.6999999881
40573  34.823  -24.148  -29.232 0.6999999881
39508  35.160  -25.348  -30.225 0.6999999881
40587  35.318  -24.843  -30.779 0.6999999881
40602  35.429  -24.490  -32.229 0.6999999881
39563  34.836  -25.194  -33.286 0.6999999881
40619  35.272  -24.562  -33.040 0.6999999881
129910  34.330  -25.106  -34.118 0.8000000119
127162  33.834  -25.804  -33.955 0.8000000119
39587  32.855  -25.140  -35.314 0.8000000119
40668  34.000  -24.228  -35.363 0.8000000119
40670  32.526  -24.696  -35.919 0.8000000119
39602  29.014  -25.640  -36.245 0.8999999762
138626  28.089  -25.672  -36.406 0.8999999762
40680  30.048  -24.958  -36.591 0.8000000119
40681  28.632  -25.001  -36.790 0.8999999762
39603  27.060  -25.658  -36.581 0.8999999762
145655  31.627  -28.679  -37.233 0.6000000238
40691  27.968  -24.486  -37.344 0.8999999762
40682  27.536  -25.076  -36.910 0.8999999762
38547  25.517  -26.146  -37.004 1.0000000000
36681  32.501  -28.591  -37.215 0.6000000238
38548  24.819  -26.098  -37.637 0.8999999762
142260  28.923  -27.239  -38.514 0.6999999881
39611  24.686  -25.393  -38.137 0.8999999762
38567  27.301  -26.710  -38.958 0.8000000119
38569  24.956  -26.359  -38.713 0.8999999762
38585  24.626  -25.585  -39.011 0.8000000119
40572  35.197  -24.564  -29.996 0.6999999881
139013  35.365  -24.066  -30.563 0.6999999881
41653  35.580  -23.682  -31.934 0.6999999881
40635  34.961  -24.617  -33.686 0.6999999881
141456  35.327  -23.858  -33.619 0.6999999881
40652  34.826  -24.252  -34.286 0.6999999881
40679  30.788  -24.719  -36.606 0.8000000119
143384  29.459  -24.646  -36.967 0.8000000119
40689  30.244  -24.384  -37.085 0.8000000119
41716  29.527  -24.043  -37.623 0.8000000119
39604  26.150  -25.696  -36.867 0.8999999762
36682  30.729  -28.806  -37.373 0.6000000238
40690  28.837  -24.441  -37.298 0.8000000119
41717  28.481  -23.974  -37.772 0.8999999762
40693  25.837  -24.744  -37.565 0.8999999762
39605  25.365  -25.408  -37.466 0.8999999762
145615  32.023  -27.967  -37.477 0.6000000238
37568  30.242  -28.108  -37.669 0.6999999881
144050  25.018  -24.691  -38.056 0.8999999762
38566  28.467  -26.693  -38.855 0.6999999881
39614  24.582  -25.293  -38.672 0.8000000119
38583  26.687  -26.097  -39.383 0.6999999881
39628  25.195  -25.019  -39.690 0.8000000119
41646  35.493  -23.488  -31.096 0.6999999881
126188  35.688  -23.047  -32.481 0.6999999881
41661  35.637  -23.234  -33.185 0.6999999881
40678  31.526  -24.505  -36.607 0.8000000119
40688  31.068  -24.177  -37.129 0.8000000119
41715  30.539  -23.794  -37.654 0.8000000119
41729  29.003  -23.517  -38.299 0.8000000119
40692  26.843  -24.550  -37.447 0.8999999762
136839  26.386  -23.479  -38.430 0.8999999762
37583  30.729  -27.355  -37.950 0.6000000238
41719  25.850  -24.049  -38.045 0.8999999762
145151  30.375  -26.699  -38.481 0.6999999881
38565  29.463  -26.665  -38.711 0.6999999881
41720  24.856  -24.035  -38.655 0.8999999762
39626  27.298  -25.563  -39.773 0.6999999881
39627  26.162  -25.549  -39.720 0.8000000119
140501  24.632  -23.783  -39.552 0.8000000119
39642  26.483  -25.019  -40.178 0.6999999881
40707  24.536  -24.626  -39.217 0.8000000119
40721  25.649  -24.313  -40.335 0.8000000119
128198  35.613  -22.856  -31.636 0.6999999881
42653  35.758  -22.219  -32.194 0.6000000238
37582  31.636  -27.334  -37.827 0.6000000238
132291  28.103  -23.518  -38.273 0.8000000119
41730  27.278  -23.250  -38.587 0.8999999762
145983  30.921  -26.230  -38.813 0.6000000238
42717  25.217  -22.778  -39.501 0.8999999762
38582  27.923  -26.114  -39.324 0.8000000119
41732  24.717  -23.451  -39.322 0.8999999762
40706  24.779  -24.091  -39.903 0.8000000119
39641  27.804  -25.049  -40.332 0.6999999881
151259  25.107  -23.659  -40.384 0.8000000119
41739  24.678  -23.301  -40.097 0.8000000119
38580  30.140  -25.989  -39.172 0.6999999881
42715  28.283  -22.965  -38.870 0.8000000119
146212  30.492  -25.292  -39.930 0.5000000000
39624  29.517  -25.443  -39.819 0.6000000238
39640  28.940  -25.035  -40.430 0.6000000238
39625  28.461  -25.538  -39.792 0.6999999881
40719  28.364  -24.551  -40.932 0.6000000238
40736  27.919  -24.092  -41.296 0.6000000238
41745  25.939  -23.693  -40.849 0.6999999881
130466  25.154  -23.076  -40.744 0.8000000119
156364  24.642  -23.360  -39.732 0.8000000119
41744  27.053  -23.677  -41.309 0.6000000238
144289  27.181  -22.717  -39.102 0.8000000119
42729  26.236  -22.165  -39.633 0.8000000119
39639  29.920  -24.937  -40.571 0.6000000238
42738  25.231  -21.737  -40.989 0.8000000119
42731  24.996  -22.569  -40.481 0.8000000119
42730  25.168  -22.063  -40.305 0.8000000119
41755  26.052  -23.053  -41.303 0.6000000238
43695  27.142  -21.566  -40.016 0.8000000119
43696  25.906  -21.408  -40.435 0.8000000119
40718  29.375  -24.572  -41.120 0.6000000238
40735  28.856  -24.104  -41.627 0.6000000238
138292  28.051  -23.641  -41.723 0.6000000238
43716  25.469  -20.920  -41.536 0.6999999881
44652  25.933  -20.682  -40.970 0.8000000119
125425  27.452  -21.943  -42.498 0.6000000238
43733  25.771  -20.794  -42.149 0.6000000238
133024  25.497  -20.310  -41.923 0.6999999881
129812  28.792  -23.573  -42.069 0.6000000238
42764  28.259  -22.453  -42.502 0.6000000238
44649  29.568  -20.566  -40.590 0.8000000119
43705  26.750  -20.991  -40.512 0.8000000119
145502  30.271  -24.498  -41.319 0.6000000238
43704  27.847  -21.069  -40.416 0.8000000119
41753  30.520  -23.934  -41.997 0.5000000000
151442  26.047  -20.111  -41.382 0.8000000119
41754  29.560  -23.710  -42.085 0.6000000238
45829  25.946  -19.582  -42.217 0.6000000238
41768  31.093  -23.380  -42.434 0.5000000000
41770  29.135  -23.025  -42.471 0.6000000238
142826  28.962  -22.288  -42.731 0.6000000238
43732  26.886  -21.195  -42.645 0.6000000238
42763  29.814  -22.372  -42.773 0.6000000238
43731  28.190  -21.645  -42.849 0.6000000238
43745  27.481  -20.656  -43.120 0.6000000238
44686  26.822  -19.688  -43.218 0.6000000238
44650  28.446  -20.454  -40.742 0.8000000119
44651  27.038  -20.328  -40.906 0.8000000119
45812  29.111  -19.837  -41.061 0.8000000119
45827  28.515  -19.070  -41.559 0.6999999881
45813  27.845  -19.703  -41.278 0.6999999881
41769  30.163  -23.233  -42.458 0.6000000238
45841  26.115  -19.420  -42.605 0.6000000238
45840  26.424  -18.864  -42.674 0.6000000238
45828  26.381  -19.150  -41.998 0.6999999881
43729  30.544  -21.876  -42.856 0.5000000000
45854  26.422  -18.898  -43.160 0.6000000238
146267  29.780  -21.503  -43.116 0.5000000000
43744  28.826  -20.991  -43.292 0.6000000238
44685  28.013  -19.990  -43.538 0.6000000238
43743  30.450  -20.953  -43.178 0.5000000000
45826  29.684  -19.162  -41.301 0.6999999881
47080  27.924  -18.316  -42.119 0.6000000238
47081  27.009  -18.265  -42.479 0.6000000238
47064  27.204  -18.925  -41.915 0.6000000238
48316  26.956  -17.508  -43.486 0.6000000238
48304  27.358  -17.612  -42.801 0.6000000238
44684  29.970  -20.352  -43.539 0.5000000000
145926  29.182  -20.227  -43.617 0.6000000238
143714  28.576  -19.393  -43.972 0.6000000238
45853  27.243  -18.893  -43.729 0.6000000238
47092  26.675  -18.133  -43.335 0.6000000238
45852  29.710  -19.680  -43.895 0.6000000238
45862  29.243  -18.892  -44.373 0.6000000238
45851  30.620  -19.963  -43.513 0.5000000000
45861  30.381  -19.060  -44.128 0.5000000000
45850  31.136  -19.344  -43.668 0.4000000060
126102  31.304  -18.673  -44.022 0.5000000000
47079  29.105  -18.468  -41.782 0.6000000238
48303  28.571  -17.772  -42.331 0.6000000238
45863  28.025  -18.450  -44.258 0.6000000238
47102  26.910  -17.536  -43.927 0.6000000238
144650  28.150  -17.130  -42.884 0.6000000238
47110  28.760  -17.995  -44.650 0.6000000238
48335  28.421  -17.117  -44.857 0.6000000238
140453  29.824  -18.343  -44.626 0.6000000238
48333  30.563  -17.718  -44.969 0.5000000000
47100  31.405  -17.937  -44.530 0.4000000060
48336  27.741  -16.800  -44.486 0.6000000238
49397  27.839  -16.371  -43.988 0.5000000000
49395  29.756  -16.475  -42.966 0.5000000000
48314  29.361  -17.240  -42.523 0.5000000000
47111  27.574  -17.495  -44.382 0.6000000238
50444  28.330  -15.964  -44.419 0.5000000000
48334  29.576  -17.578  -45.020 0.6000000238
48341  30.170  -16.977  -45.507 0.5000000000
48340  31.284  -17.307  -45.217 0.4000000060
48343  28.365  -16.415  -44.955 0.6000000238
49410  28.456  -15.949  -44.876 0.5000000000
153898  29.575  -16.425  -45.582 0.4000000060
48342  29.143  -16.720  -45.281 0.6000000238
49417  29.041  -15.937  -45.454 0.6000000238
50449  28.863  -15.413  -44.886 0.4000000060
49415  31.036  -16.588  -45.805 0.4000000060
49427  30.889  -15.922  -46.241 0.4000000060
51520  29.340  -14.984  -44.669 0.4000000060
49416  30.034  -16.064  -45.904 0.4000000060
50459  29.150  -15.324  -45.391 0.4000000060
49426  31.756  -16.142  -46.032 0.4000000060
50458  29.535  -15.373  -45.837 0.4000000060
50440  31.394  -15.128  -43.452 0.4000000060
50441  30.535  -15.295  -43.661 0.4000000060
51531  29.561  -14.756  -45.390 0.4000000060
50469  31.474  -15.429  -46.590 0.4000000060
49428  30.338  -15.199  -46.342 0.4000000060
51542  30.448  -14.280  -46.556 0.4000000060
50470  29.719  -14.773  -45.954 0.4000000060
140490  31.506  -14.604  -43.812 0.4000000060
51518  31.109  -14.232  -44.447 0.4000000060
51519  30.094  -14.421  -44.848 0.4000000060
51541  30.982  -14.736  -46.793 0.3000000119
51530  30.122  -14.203  -46.000 0.4000000060
142192  30.135  -14.166  -45.590 0.4000000060
52515  31.657  -13.678  -44.628 0.4000000060
52516  30.764  -13.774  -45.296 0.4000000060
134923  25.273  -35.890  -37.234 0.8000000119
151173  24.990  -35.417  -36.684 0.8999999762
31492  25.495  -35.388  -35.936 0.8999999762
156956  25.074  -35.587  -36.447 0.8999999762
30505  25.340  -35.998  -36.059 0.8999999762
134812  31.102  -34.031  -33.263 0.8999999762
152110  31.628  -32.429  -32.779 1.0000000000
30490  28.468  -35.482  -34.966 0.8999999762
31481  29.994  -34.641  -34.175 0.8999999762
31490  29.741  -33.894  -34.428 0.8999999762
33269  30.467  -32.433  -33.897 1.0000000000
30504  27.193  -35.035  -35.433 0.8999999762
31491  29.017  -33.921  -34.892 0.8999999762
31503  28.194  -34.107  -35.227 0.8999999762
32429  30.141  -33.183  -34.204 1.0000000000
31505  26.385  -34.797  -35.645 0.8999999762
32442  28.420  -33.159  -35.136 0.8999999762
49396  28.473  -16.484  -43.368 0.4000000060
50435  28.360  -15.934  -43.965 0.4000000060
50433  30.190  -15.883  -43.353 0.4000000060
49394  30.847  -16.391  -42.713 0.4000000060
26796  31.024  -38.613  -26.600 0.8999999762
27819  32.032  -38.716  -29.037 1.0000000000
25954  30.458  -40.072  -32.000 0.8000000119
137084  28.870  -37.903  -25.418 0.8999999762
28677  32.325  -37.092  -28.186 1.0000000000
26867  30.243  -39.527  -32.560 0.8000000119
138511  31.431  -36.763  -32.189 0.8999999762
28732  30.765  -37.502  -32.756 0.8000000119
27853  29.143  -38.276  -34.032 0.8000000119
28741  27.973  -37.647  -34.823 0.8000000119
31440  32.595  -35.071  -30.065 1.0000000000
143325  29.300  -36.899  -34.318 0.8999999762
137360  27.495  -36.976  -35.159 0.8000000119
30492  26.601  -35.538  -35.550 0.8999999762
30493  25.960  -36.189  -35.724 0.8000000119
31473  31.255  -34.838  -32.911 0.8999999762
30503  27.959  -34.885  -35.255 0.8999999762
31393  30.148  -34.339  -25.508 0.8999999762
32329  28.758  -33.839  -25.387 1.0000000000
155967  25.377  -32.258  -26.140 0.6000000238
33194  24.066  -32.196  -26.800 0.4000000060
34016  24.440  -31.505  -26.620 0.4000000060
32414  32.061  -33.550  -32.007 1.0000000000
32428  30.835  -33.218  -33.606 0.8999999762
29621  25.775  -36.576  -37.460 0.6999999881
31533  25.424  -34.191  -37.622 0.8000000119
34014  31.110  -32.003  -25.459 0.8999999762
32431  25.433  -34.468  -35.984 0.8999999762
29619  29.006  -36.423  -37.743 0.6000000238
31517  24.897  -34.677  -36.741 0.8999999762
34000  28.780  -31.390  -25.051 0.6999999881
34890  24.073  -30.801  -26.864 0.4000000060
31504  27.293  -34.391  -35.441 0.8999999762
33291  24.604  -32.926  -36.849 0.8999999762
152347  24.641  -32.993  -37.141 0.8999999762
31543  29.130  -34.278  -38.235 0.6999999881
32490  28.757  -33.592  -38.281 0.6999999881
133618  30.425  -30.723  -25.052 0.8000000119
34948  31.402  -30.427  -33.023 1.0000000000
33280  28.058  -32.157  -35.231 0.8999999762
33281  27.243  -32.415  -35.470 0.8999999762
32443  27.449  -33.579  -35.418 0.8999999762
33284  24.634  -32.119  -36.773 0.8999999762
34012  32.628  -30.837  -26.443 0.8000000119
35697  26.437  -29.426  -25.640 0.5000000000
34911  33.614  -30.537  -28.692 1.0000000000
134043  25.136  -31.974  -36.255 0.8999999762
34127  28.646  -31.339  -37.921 0.6999999881
34141  24.583  -30.435  -37.549 0.8999999762
35695  28.129  -29.433  -25.131 0.6000000238
35691  31.815  -28.991  -25.601 0.8000000119
35702  33.482  -28.985  -27.290 0.6999999881
36576  34.322  -28.004  -29.145 0.6999999881
137920  31.623  -28.329  -33.472 1.0000000000
35791  26.893  -29.240  -35.682 1.0000000000
35017  24.618  -29.731  -37.576 0.8999999762
36549  29.635  -28.126  -25.231 0.6000000238
36550  27.685  -28.680  -25.308 0.5000000000
36638  32.298  -28.445  -33.006 0.8999999762
37441  29.232  -27.443  -25.363 0.5000000000
38466  34.769  -26.653  -30.081 0.6999999881
37492  34.414  -27.342  -31.312 0.8000000119
141655  31.539  -26.182  -26.108 0.5000000000
38440  33.912  -26.252  -27.695 0.6999999881
38527  29.967  -26.593  -35.264 0.8999999762
39572  32.485  -25.776  -34.907 0.8000000119
39588  31.088  -25.685  -35.644 0.8000000119
38554  24.663  -26.185  -38.245 0.8999999762
135047  32.138  -25.926  -26.403 0.5000000000
39487  33.567  -25.404  -27.463 0.6999999881
39543  35.139  -25.207  -32.540 0.6999999881
40653  34.306  -24.495  -34.754 0.8000000119
39590  29.489  -26.117  -35.752 0.8999999762
38584  25.408  -25.898  -39.309 0.8000000119
131627  35.460  -24.309  -31.375 0.6999999881
132004  35.523  -23.827  -32.760 0.6999999881
40677  32.933  -24.096  -36.258 0.8000000119
40699  24.599  -24.680  -38.658 0.8999999762
41718  27.296  -23.878  -37.942 0.8999999762
132120  35.372  -22.685  -30.819 0.6000000238
40720  27.046  -24.354  -40.769 0.6999999881
42716  26.210  -22.925  -38.975 0.8999999762
136092  25.570  -21.600  -41.604 0.6999999881
42765  27.320  -22.498  -42.174 0.6000000238
42766  26.450  -21.751  -42.177 0.6000000238
44664  25.573  -20.390  -41.603 0.8000000119
43746  26.356  -20.271  -42.724 0.6000000238
45814  26.624  -19.613  -41.537 0.6999999881
43730  29.165  -21.782  -42.963 0.6000000238
136916  26.743  -18.192  -43.642 0.6000000238
146448  29.688  -20.838  -43.389 0.6000000238
48324  27.296  -16.927  -44.048 0.6000000238
50442  29.625  -15.374  -43.975 0.4000000060
51517  31.985  -14.166  -43.959 0.4000000060
52534  30.665  -13.700  -46.471 0.4000000060
20590  28.775  -46.952  -25.938 0.4000000060
133719  27.479  -46.066  -25.148 0.4000000060
142859  26.712  -46.448  -24.873 0.4000000060
21408  29.564  -45.908  -26.538 0.4000000060
128177  28.238  -45.523  -25.442 0.4000000060
137585  26.763  -45.672  -24.931 0.4000000060
22280  30.184  -44.824  -27.311 0.3000000119
21393  29.181  -45.232  -25.985 0.4000000060
22291  30.446  -44.430  -28.026 0.4000000060
22316  30.319  -44.253  -29.678 0.4000000060
128530  30.049  -44.127  -30.495 0.4000000060
23204  29.877  -43.593  -30.934 0.4000000060
134366  27.707  -44.701  -25.248 0.5000000000
22262  26.704  -44.780  -25.060 0.4000000060
147531  29.832  -44.206  -26.571 0.4000000060
22259  29.232  -44.443  -25.953 0.4000000060
23189  30.519  -43.460  -29.377 0.4000000060
23203  30.281  -43.535  -30.191 0.4000000060
24074  30.231  -42.884  -30.720 0.5000000000
24088  29.646  -42.991  -31.466 0.5000000000
24101  29.372  -42.389  -32.137 0.6000000238
24102  28.527  -42.534  -32.904 0.5000000000
24114  27.926  -42.223  -33.496 0.6000000238
25050  27.186  -42.269  -33.885 0.4000000060
23138  28.110  -43.995  -25.418 0.5000000000
23139  27.234  -43.929  -25.220 0.5000000000
22263  25.735  -44.626  -25.173 0.5000000000
22264  24.943  -44.573  -25.450 0.5000000000
144404  29.819  -43.234  -26.307 0.6000000238
157338  28.778  -44.049  -25.668 0.6000000238
23161  30.341  -43.439  -26.979 0.5000000000
24011  30.300  -42.659  -26.661 0.6000000238
23174  30.587  -43.557  -27.890 0.5000000000
153563  30.653  -43.325  -28.660 0.5000000000
136974  30.604  -42.853  -29.892 0.4000000060
147420  30.145  -42.106  -31.345 0.6000000238
25026  29.767  -41.577  -32.105 0.6000000238
25956  28.905  -41.207  -33.203 0.6000000238
25964  28.244  -40.974  -33.756 0.6000000238
25971  27.517  -40.338  -34.302 0.6000000238
25048  28.423  -41.741  -33.335 0.6000000238
25049  27.686  -41.662  -33.822 0.6000000238
25965  27.395  -41.097  -34.144 0.6000000238
25972  26.590  -40.862  -34.516 0.6000000238
138556  27.793  -43.223  -25.344 0.5000000000
135869  26.916  -43.095  -25.286 0.5000000000
149193  26.211  -43.800  -25.262 0.5000000000
23141  24.656  -43.861  -25.713 0.5000000000
23988  29.221  -42.929  -25.758 0.6000000238
128674  30.674  -42.765  -27.401 0.6000000238
126891  30.689  -42.016  -26.988 0.6000000238
24022  31.105  -42.171  -28.682 0.5000000000
24023  31.010  -42.075  -27.809 0.6000000238
24038  30.961  -42.199  -29.529 0.6000000238
24056  30.649  -42.156  -30.389 0.6000000238
25955  29.494  -41.023  -32.704 0.6000000238
136751  26.436  -40.075  -34.765 0.6999999881
137922  26.170  -42.969  -25.396 0.5000000000
23140  25.351  -43.198  -25.570 0.5000000000
24012  29.774  -42.431  -26.087 0.6000000238
24921  29.138  -42.102  -25.635 0.6000000238
23989  28.448  -42.623  -25.441 0.6000000238
23993  24.953  -42.313  -25.898 0.5000000000
24013  24.137  -42.216  -26.359 0.5000000000
24949  29.797  -41.626  -25.957 0.6000000238
24981  31.262  -41.567  -29.159 0.6000000238
26880  27.196  -39.488  -34.632 0.6999999881
24922  28.365  -41.760  -25.358 0.6000000238
23991  26.568  -42.347  -25.371 0.6000000238
23992  25.780  -42.385  -25.558 0.6000000238
24923  26.855  -41.524  -25.302 0.6000000238
138226  26.154  -41.809  -25.485 0.6000000238
24925  25.492  -41.640  -25.756 0.6000000238
24926  24.635  -41.371  -26.266 0.6000000238
25867  29.098  -41.212  -25.518 0.6000000238
24014  23.468  -42.085  -26.928 0.5000000000
24948  30.460  -41.326  -26.504 0.6000000238
24951  23.465  -41.290  -27.331 0.6000000238
157428  26.130  -38.838  -35.146 0.6999999881
141904  28.236  -40.852  -25.246 0.6000000238
24924  26.094  -41.131  -25.538 0.6000000238
127758  28.995  -40.249  -25.364 0.6000000238
155805  28.333  -40.222  -25.206 0.6000000238
139948  27.358  -40.829  -25.225 0.6000000238
136041  25.386  -40.797  -25.938 0.6000000238
24950  23.924  -41.537  -26.746 0.6000000238
25887  29.914  -40.638  -25.896 0.6000000238
25870  24.740  -40.413  -26.476 0.6000000238
25900  30.739  -40.422  -26.641 0.6000000238
136163  31.442  -40.646  -28.126 0.6000000238
139754  26.020  -38.353  -35.315 0.6999999881
28751  25.308  -37.375  -35.969 0.6999999881
25868  26.967  -40.157  -25.285 0.6999999881
25869  26.110  -40.233  -25.648 0.6999999881
29605  25.159  -36.741  -36.459 0.6999999881
26782  28.325  -39.580  -25.197 0.6999999881
25866  29.680  -39.825  -25.672 0.6999999881
26781  29.181  -39.353  -25.408 0.6999999881
151104  27.864  -38.813  -25.258 0.6999999881
26784  26.586  -39.435  -25.525 0.6999999881
137908  25.346  -39.978  -26.183 0.6000000238
26785  25.804  -39.350  -25.936 0.6999999881
27779  25.557  -38.595  -26.316 0.6000000238
25888  24.816  -39.754  -26.600 0.5000000000
143529  24.988  -35.993  -36.799 0.8000000119
27768  29.413  -38.567  -25.502 0.6999999881
27769  28.651  -38.745  -25.314 0.6999999881
133305  27.536  -38.125  -25.476 0.6999999881
27771  26.276  -38.663  -25.827 0.6999999881
26813  24.133  -39.305  -27.425 0.5000000000
142168  26.767  -38.000  -25.755 0.6999999881
27778  26.031  -37.908  -26.206 0.6000000238
28664  25.303  -37.870  -26.712 0.6000000238
41728  29.996  -23.399  -38.256 0.6999999881
41681  34.621  -23.847  -34.982 0.6999999881
40669  33.274  -24.497  -35.633 0.6999999881
40687  31.854  -23.963  -37.066 0.6999999881
41680  35.185  -23.461  -34.449 0.6000000238
41696  34.971  -23.023  -35.277 0.6000000238
41714  31.410  -23.561  -37.610 0.6999999881
41727  30.933  -23.169  -38.219 0.6999999881
42714  29.447  -22.928  -38.855 0.6999999881
42727  28.916  -22.357  -39.405 0.6999999881
147973  35.597  -22.953  -33.867 0.6000000238
41704  34.495  -22.895  -36.043 0.6000000238
41705  33.319  -23.462  -36.592 0.6999999881
42704  32.620  -22.656  -37.859 0.6999999881
127177  35.888  -21.958  -34.181 0.6000000238
42713  30.403  -22.763  -38.797 0.6999999881
42726  29.918  -22.330  -39.362 0.6999999881
43703  28.991  -21.177  -40.330 0.6999999881
147120  35.468  -22.733  -34.596 0.6000000238
42696  34.466  -22.350  -36.574 0.6000000238
42703  33.372  -22.407  -37.577 0.6999999881
41726  31.799  -22.896  -38.077 0.6999999881
42725  30.681  -22.210  -39.243 0.6999999881
43692  30.416  -21.657  -39.752 0.6999999881
43702  29.919  -21.218  -40.219 0.6999999881
131902  35.492  -22.216  -35.174 0.6000000238
43666  35.251  -21.262  -36.517 0.5000000000
42702  34.068  -22.066  -37.302 0.6000000238
43682  32.661  -21.371  -38.874 0.5000000000
43683  31.884  -21.771  -39.011 0.6999999881
44647  31.818  -20.285  -40.059 0.6999999881
45811  30.284  -19.925  -40.788 0.6999999881
50455  33.975  -15.495  -45.909 0.3000000119
50456  33.140  -15.678  -46.132 0.3000000119
21394  28.211  -46.470  -25.501 0.4000000060
19735  26.872  -47.172  -24.865 0.3000000119
20567  26.082  -47.116  -24.668 0.4000000060
20589  29.355  -46.684  -26.443 0.3000000119
146775  25.878  -46.242  -24.777 0.4000000060
21429  30.375  -45.326  -28.120 0.4000000060
21395  25.949  -45.454  -24.914 0.4000000060
22305  30.294  -45.023  -29.586 0.4000000060
22317  30.044  -44.905  -30.414 0.4000000060
22332  29.620  -44.352  -31.190 0.4000000060
23220  29.411  -43.671  -31.540 0.5000000000
24103  27.674  -42.834  -33.440 0.4000000060
21397  24.539  -45.214  -25.446 0.4000000060
25056  26.799  -41.608  -34.247 0.5000000000
22265  24.151  -44.560  -25.802 0.5000000000
25973  25.621  -40.623  -35.008 0.6000000238
23152  23.830  -43.790  -26.170 0.5000000000
23151  24.378  -43.041  -25.980 0.5000000000
131421  23.576  -42.919  -26.540 0.5000000000
26881  25.541  -39.838  -35.273 0.6000000238
24015  22.822  -42.685  -27.320 0.5000000000
24025  22.491  -41.817  -28.101 0.4000000060
142225  25.512  -38.999  -35.474 0.6999999881
25890  24.006  -40.676  -26.998 0.5000000000
28759  25.121  -37.317  -36.542 0.6999999881
25901  23.800  -39.802  -27.606 0.5000000000
28775  25.081  -37.252  -36.763 0.8000000119
29622  25.204  -36.713  -37.089 0.6999999881
26814  23.654  -38.923  -28.020 0.5000000000
27795  24.292  -38.698  -27.406 0.6000000238
39486  34.228  -25.552  -28.135 0.6000000238
140730  34.530  -24.881  -28.650 0.6000000238
42664  35.826  -22.411  -33.138 0.6000000238
43650  35.836  -21.398  -35.110 0.5000000000
44615  35.558  -20.499  -36.664 0.5000000000
44622  34.677  -20.561  -37.856 0.5000000000
44629  34.102  -20.598  -38.399 0.5000000000
44637  32.604  -20.536  -39.459 0.5000000000
45797  32.645  -19.773  -39.884 0.5000000000
47063  31.545  -18.912  -40.900 0.5000000000
52525  35.221  -13.887  -46.423 0.3000000119
153328  34.068  -14.741  -46.882 0.3000000119
50468  32.530  -15.259  -46.693 0.3000000119
25899  31.281  -40.172  -27.415 0.6000000238
126157  31.058  -41.172  -27.370 0.6000000238
27856  26.865  -38.708  -34.948 0.6999999881
29597  25.484  -36.849  -35.908 0.6999999881
41697  34.296  -23.525  -35.670 0.6999999881
43694  28.403  -21.727  -39.931 0.6999999881
45825  30.686  -19.109  -41.102 0.6000000238
50457  32.337  -15.784  -46.271 0.3000000119
30510  25.063  -36.066  -36.631 0.8000000119
28774  25.443  -37.276  -37.212 0.6999999881
41713  33.003  -23.082  -37.237 0.6999999881
21409  28.925  -46.136  -25.924 0.4000000060
131871  29.762  -45.112  -26.641 0.4000000060
21416  30.098  -45.719  -27.314 0.3000000119
144989  30.307  -44.097  -27.340 0.5000000000
22333  29.015  -44.161  -31.940 0.3000000119
24115  26.829  -42.952  -33.924 0.4000000060
136715  23.770  -45.274  -25.822 0.5000000000
26799  24.587  -39.242  -26.954 0.6000000238
42712  31.326  -22.401  -38.757 0.6999999881
43693  29.457  -21.776  -39.858 0.6999999881
152108  34.180  -22.813  -36.451 0.6999999881
42695  34.997  -22.355  -35.901 0.6000000238
41712  33.768  -22.774  -36.867 0.6999999881
42710  33.043  -21.987  -38.222 0.6999999881
43659  35.417  -21.686  -35.846 0.6000000238
43673  34.975  -20.893  -37.235 0.5000000000
43675  33.669  -21.813  -37.860 0.6000000238
42711  32.238  -22.197  -38.490 0.6999999881
44638  31.058  -21.012  -39.944 0.6999999881
44648  30.415  -20.721  -40.368 0.6999999881
44609  35.762  -20.930  -35.888 0.5000000000
43674  34.273  -21.284  -37.747 0.5000000000
43690  31.898  -21.132  -39.484 0.5000000000
45809  32.085  -19.408  -40.417 0.5000000000
45810  31.262  -19.672  -40.620 0.6999999881
44599  36.138  -20.484  -35.088 0.5000000000
143848  34.674  -19.936  -38.283 0.5000000000
45786  33.978  -19.826  -39.026 0.5000000000
45808  32.746  -19.121  -40.207 0.5000000000
136969  25.051  -37.905  -36.576 0.6000000238
27882  25.328  -37.986  -37.078 0.6000000238
28772  27.494  -37.252  -37.672 0.5000000000
27881  25.937  -38.007  -37.364 0.6000000238
28773  26.392  -37.298  -37.565 0.6000000238
27879  29.639  -37.918  -37.193 0.5000000000
28771  28.488  -37.162  -37.616 0.5000000000
29620  26.862  -36.520  -37.773 0.6000000238
142612  24.243  -36.064  -26.938 0.5000000000
28770  30.172  -37.197  -37.200 0.5000000000
137651  29.362  -37.163  -37.477 0.5000000000
29617  31.394  -36.415  -37.010 0.5000000000
151593  24.357  -35.456  -26.773 0.4000000060
134845  23.581  -36.242  -26.888 0.4000000060
31420  23.344  -34.886  -26.768 0.4000000060
131968  29.924  -36.495  -37.493 0.5000000000
29616  32.442  -36.225  -37.001 0.5000000000
29618  30.724  -35.863  -37.409 0.5000000000
146865  22.988  -34.270  -26.920 0.4000000060
30516  32.403  -35.445  -37.263 0.5000000000
30517  31.685  -35.788  -37.206 0.5000000000
32364  23.099  -33.482  -27.067 0.4000000060
34889  25.169  -30.075  -26.194 0.4000000060
139240  24.365  -29.964  -26.696 0.4000000060
38415  29.570  -26.757  -25.546 0.4000000060
38416  28.730  -26.842  -25.529 0.4000000060
36551  26.854  -28.661  -25.536 0.4000000060
36552  26.057  -28.649  -25.892 0.4000000060
39474  29.409  -25.426  -26.231 0.4000000060
37444  26.468  -27.902  -25.794 0.4000000060
35705  25.663  -29.403  -26.012 0.4000000060
148203  26.205  -27.239  -26.009 0.4000000060
35706  24.944  -29.285  -26.423 0.4000000060
152867  28.559  -27.487  -25.388 0.4000000060
38417  27.859  -27.148  -25.574 0.4000000060
37443  27.303  -27.917  -25.502 0.4000000060
39473  30.334  -25.430  -26.273 0.4000000060
38430  28.161  -26.253  -25.812 0.4000000060
38431  27.286  -26.433  -25.926 0.4000000060
38418  26.916  -27.187  -25.769 0.4000000060
38432  26.473  -26.580  -26.110 0.4000000060
142524  25.733  -26.803  -26.360 0.4000000060
36563  25.411  -28.721  -26.244 0.4000000060
39478  26.017  -26.035  -26.505 0.4000000060
142021  25.105  -27.046  -26.634 0.4000000060
36564  24.831  -28.472  -26.608 0.4000000060
39470  32.850  -25.668  -26.850 0.4000000060
40528  29.821  -24.793  -26.638 0.4000000060
39475  28.483  -25.500  -26.217 0.4000000060
39471  32.132  -25.125  -26.749 0.4000000060
39472  31.313  -25.452  -26.385 0.4000000060
40527  30.694  -24.767  -26.652 0.4000000060
40529  28.854  -24.708  -26.714 0.4000000060
40530  27.862  -24.926  -26.647 0.4000000060
39476  27.591  -25.678  -26.242 0.4000000060
39489  26.359  -25.452  -26.701 0.4000000060
148174  25.207  -26.212  -26.882 0.4000000060
39499  34.011  -24.724  -27.979 0.5000000000
132728  33.426  -24.591  -27.607 0.5000000000
40539  32.917  -24.028  -27.573 0.5000000000
40540  32.037  -24.218  -27.179 0.4000000060
40541  31.041  -24.128  -27.055 0.4000000060
40542  30.185  -24.211  -27.022 0.4000000060
146387  29.471  -24.285  -27.011 0.4000000060
40531  27.009  -25.184  -26.673 0.4000000060
41597  31.388  -23.424  -27.536 0.4000000060
134096  29.626  -23.742  -27.388 0.4000000060
40543  28.869  -23.975  -27.297 0.4000000060
41595  33.098  -23.211  -28.088 0.4000000060
150914  31.853  -23.059  -27.800 0.4000000060
41598  30.447  -23.585  -27.434 0.4000000060
41599  29.001  -23.327  -27.773 0.4000000060
43576  32.095  -21.921  -28.781 0.4000000060
43577  31.136  -21.893  -28.842 0.4000000060
42603  30.837  -22.400  -28.387 0.4000000060
43578  30.270  -21.961  -28.873 0.4000000060
42620  34.353  -22.474  -29.404 0.5000000000
42601  32.953  -22.328  -28.568 0.4000000060
43590  31.470  -21.394  -29.348 0.4000000060
43591  30.612  -21.452  -29.374 0.4000000060
133929  29.758  -21.526  -29.451 0.3000000119
41633  35.273  -23.317  -30.316 0.5000000000
133638  32.202  -22.703  -28.153 0.4000000060
42592  31.409  -22.768  -27.984 0.4000000060
42593  30.645  -22.937  -27.870 0.4000000060
150149  29.162  -22.722  -28.302 0.4000000060
42602  31.538  -22.338  -28.419 0.4000000060
149523  30.000  -22.530  -28.362 0.4000000060
42621  33.546  -21.987  -29.133 0.5000000000
43589  32.325  -21.299  -29.432 0.4000000060
44540  31.713  -20.851  -29.859 0.4000000060
43606  30.127  -20.991  -29.913 0.3000000119
42638  35.087  -21.931  -30.596 0.5000000000
43587  34.066  -21.603  -29.721 0.5000000000
43588  33.227  -21.232  -29.627 0.4000000060
44539  32.496  -20.716  -30.010 0.4000000060
130999  31.201  -20.534  -30.269 0.4000000060
44541  30.928  -20.931  -29.834 0.3000000119
44551  29.705  -20.640  -30.553 0.3000000119
44552  28.918  -20.732  -30.700 0.3000000119
43603  35.177  -21.236  -31.098 0.5000000000
42647  35.480  -22.012  -31.356 0.4000000060
44538  33.262  -20.555  -30.275 0.3000000119
44549  31.823  -20.336  -30.399 0.4000000060
45702  31.054  -20.018  -30.841 0.3000000119
44550  30.510  -20.541  -30.416 0.3000000119
44565  29.326  -20.341  -31.124 0.3000000119
133466  34.728  -20.695  -30.972 0.3000000119
43621  35.617  -21.279  -31.975 0.4000000060
43629  35.883  -21.039  -32.849 0.4000000060
125562  35.981  -21.645  -33.306 0.4000000060
131505  36.075  -21.055  -34.445 0.4000000060
125716  33.295  -19.940  -30.814 0.3000000119
44548  32.568  -20.119  -30.596 0.3000000119
44564  30.090  -20.177  -31.085 0.3000000119
140637  27.702  -19.840  -31.912 0.3000000119
142844  27.527  -20.392  -31.262 0.3000000119
44547  34.039  -20.444  -30.666 0.3000000119
127483  29.434  -19.766  -31.761 0.3000000119
44566  28.498  -20.235  -31.408 0.3000000119
45712  27.042  -19.504  -32.379 0.3000000119
44545  35.151  -20.494  -31.599 0.3000000119
44578  35.899  -20.215  -33.228 0.3000000119
44592  36.159  -20.346  -34.147 0.4000000060
44608  36.040  -20.123  -35.968 0.4000000060
45776  35.262  -20.036  -37.504 0.4000000060
44630  33.359  -20.614  -38.949 0.4000000060
45713  26.137  -19.527  -32.235 0.3000000119
45698  34.312  -19.573  -31.651 0.3000000119
45699  33.850  -19.806  -31.187 0.3000000119
44546  34.497  -20.141  -31.279 0.3000000119
44563  34.839  -19.897  -31.734 0.3000000119
136446  35.465  -19.689  -32.626 0.3000000119
45759  36.218  -19.689  -34.639 0.3000000119
44598  36.224  -19.742  -35.357 0.4000000060
47026  36.229  -18.493  -35.704 0.3000000119
45764  36.202  -19.309  -35.942 0.4000000060
47028  36.104  -18.704  -36.666 0.4000000060
149467  35.180  -19.412  -38.059 0.4000000060
45785  34.738  -19.124  -38.718 0.4000000060
45795  34.152  -19.060  -39.355 0.4000000060
45796  33.409  -19.269  -39.723 0.4000000060
44562  35.232  -19.944  -32.055 0.3000000119
48251  36.240  -17.904  -36.224 0.3000000119
155907  36.205  -17.961  -36.917 0.3000000119
45784  35.394  -18.717  -38.154 0.4000000060
150566  35.092  -18.388  -38.725 0.4000000060
47050  33.916  -18.501  -39.819 0.4000000060
48287  33.675  -17.776  -40.376 0.4000000060
48288  32.935  -18.019  -40.699 0.4000000060
47077  31.759  -18.269  -41.195 0.4000000060
47078  31.022  -18.399  -41.415 0.5000000000
48254  36.076  -17.500  -37.431 0.3000000119
48261  35.602  -17.822  -38.279 0.3000000119
48273  35.073  -17.788  -39.105 0.4000000060
130664  34.991  -17.106  -39.588 0.4000000060
48286  34.360  -17.094  -40.229 0.3000000119
150788  33.098  -17.394  -40.942 0.4000000060
154792  32.050  -17.180  -41.672 0.3000000119
48301  31.400  -17.631  -41.683 0.3000000119
48302  30.375  -17.808  -41.890 0.4000000060
48312  31.501  -16.852  -42.121 0.3000000119
48313  30.575  -17.086  -42.318 0.3000000119
49344  36.042  -16.663  -36.280 0.3000000119
128115  35.946  -16.056  -37.678 0.3000000119
48272  35.500  -17.053  -38.836 0.3000000119
49363  35.347  -16.348  -39.284 0.3000000119
49364  34.838  -16.392  -39.996 0.3000000119
50406  34.723  -15.802  -40.402 0.3000000119
49374  34.286  -16.368  -40.647 0.3000000119
49384  33.695  -16.289  -41.237 0.3000000119
139238  32.667  -17.019  -41.420 0.3000000119
49386  32.263  -16.598  -41.928 0.3000000119
50423  33.446  -15.584  -41.903 0.3000000119
50375  35.886  -15.875  -36.764 0.3000000119
49356  35.716  -16.245  -38.505 0.3000000119
50405  35.235  -15.564  -39.711 0.3000000119
50413  34.952  -15.085  -40.467 0.3000000119
50414  34.309  -15.540  -41.132 0.3000000119
50430  32.806  -15.229  -42.644 0.3000000119
50431  32.016  -15.530  -42.883 0.3000000119
51507  33.460  -14.760  -42.433 0.3000000119
51512  32.239  -14.801  -43.325 0.3000000119
51511  32.764  -14.131  -43.471 0.3000000119
40559  33.637  -23.997  -27.956 0.5000000000
40558  34.239  -24.076  -28.471 0.5000000000
27865  25.067  -38.056  -36.283 0.6000000238
152994  25.109  -38.390  -36.650 0.5000000000
26913  25.495  -38.602  -37.072 0.5000000000
26911  27.351  -39.141  -37.537 0.5000000000
26912  26.390  -38.818  -37.414 0.5000000000
28758  30.513  -37.871  -36.817 0.5000000000
135711  28.160  -37.961  -37.543 0.5000000000
28663  25.779  -37.141  -26.523 0.6000000238
28679  25.057  -37.158  -26.981 0.6000000238
137709  24.449  -37.214  -27.227 0.5000000000
29528  24.039  -36.793  -27.161 0.5000000000
29529  23.246  -36.996  -27.100 0.5000000000
132290  22.959  -36.330  -26.788 0.4000000060
30418  22.375  -35.890  -26.762 0.4000000060
31421  22.507  -34.895  -26.894 0.4000000060
128751  22.362  -33.958  -27.222 0.4000000060
34029  23.131  -31.332  -27.499 0.3000000119
143227  23.529  -30.858  -27.275 0.3000000119
34900  23.862  -29.540  -27.168 0.4000000060
38433  24.556  -26.858  -27.140 0.4000000060
35713  24.300  -29.080  -26.876 0.4000000060
40544  28.067  -24.233  -27.182 0.4000000060
39490  25.728  -25.446  -26.965 0.4000000060
40548  24.958  -24.558  -27.748 0.4000000060
40545  27.201  -24.487  -27.135 0.4000000060
41602  26.563  -24.050  -27.602 0.4000000060
41600  28.210  -23.569  -27.710 0.4000000060
42604  29.307  -22.073  -28.918 0.4000000060
131544  28.953  -21.614  -29.620 0.4000000060
41607  28.369  -22.978  -28.251 0.4000000060
42622  28.575  -21.971  -29.250 0.4000000060
43608  28.555  -21.240  -30.220 0.3000000119
44553  28.096  -20.785  -30.747 0.3000000119
44554  27.336  -20.827  -30.679 0.3000000119
28768  31.964  -37.025  -36.712 0.5000000000
153494  22.986  -32.672  -27.313 0.4000000060
38443  23.924  -26.727  -27.736 0.4000000060
39491  24.470  -26.042  -27.493 0.4000000060
41601  27.397  -23.808  -27.643 0.4000000060
41609  26.783  -23.427  -28.145 0.4000000060
146339  27.981  -36.441  -37.854 0.5000000000
38427  30.821  -26.091  -25.956 0.4000000060
137231  35.171  -23.867  -29.909 0.5000000000
156401  35.874  -21.716  -32.677 0.5000000000
45769  35.845  -19.653  -36.727 0.4000000060
47062  32.372  -18.576  -40.688 0.4000000060
47061  33.190  -18.558  -40.273 0.4000000060
27880  27.102  -38.169  -37.590 0.6000000238
132447  28.925  -37.788  -37.458 0.5000000000
37455  25.548  -27.803  -26.270 0.4000000060
37456  24.693  -27.661  -26.836 0.4000000060
39488  32.853  -24.832  -27.198 0.5000000000
40526  31.456  -24.718  -26.764 0.4000000060
40546  26.305  -24.809  -27.133 0.4000000060
38442  25.033  -25.382  -27.363 0.4000000060
41596  32.280  -23.414  -27.670 0.4000000060
42594  29.805  -23.116  -27.827 0.4000000060
41619  34.896  -23.271  -29.592 0.5000000000
41620  34.345  -23.346  -28.916 0.5000000000
41606  33.706  -22.769  -28.699 0.5000000000
132164  33.825  -23.462  -28.391 0.5000000000
43604  34.549  -21.241  -30.419 0.5000000000
42619  35.002  -22.580  -30.077 0.5000000000
43605  33.862  -20.978  -30.091 0.4000000060
136564  35.571  -20.423  -32.357 0.3000000119
45750  36.005  -19.575  -33.849 0.3000000119
144063  35.641  -19.156  -37.466 0.4000000060
45709  34.836  -19.385  -32.202 0.3000000119
48274  34.439  -17.797  -39.747 0.4000000060
48253  36.215  -17.314  -36.657 0.3000000119
47033  35.893  -18.323  -37.514 0.3000000119
48299  33.723  -16.961  -40.769 0.3000000119
48300  32.338  -17.744  -41.198 0.4000000060
49350  36.129  -16.694  -37.125 0.3000000119
129309  35.895  -16.893  -37.992 0.3000000119
135670  35.772  -15.302  -37.481 0.3000000119
142996  35.563  -15.687  -38.942 0.3000000119
135888  35.620  -14.871  -38.996 0.3000000119
130266  32.957  -14.624  -42.969 0.3000000119
40547  25.547  -24.881  -27.346 0.4000000060
24963  22.948  -41.057  -28.009 0.4000000060
25902  23.404  -40.432  -27.806 0.4000000060
25903  22.930  -40.104  -28.575 0.4000000060
25914  22.399  -39.623  -29.301 0.3000000119
143549  23.340  -39.571  -28.313 0.4000000060
26826  22.908  -39.122  -28.981 0.3000000119
146262  25.064  -41.172  -35.363 0.5000000000
132778  23.979  -38.258  -27.732 0.5000000000
27809  23.057  -38.574  -28.681 0.3000000119
25974  24.993  -40.385  -35.587 0.5000000000
25986  24.726  -40.187  -35.983 0.5000000000
139735  24.555  -37.906  -27.271 0.5000000000
28680  23.845  -37.580  -27.521 0.4000000060
26882  24.963  -39.623  -35.795 0.5000000000
148791  24.848  -40.845  -35.824 0.5000000000
26000  24.949  -40.006  -36.334 0.3000000119
138507  24.994  -38.611  -36.336 0.5000000000
26892  24.843  -39.401  -36.144 0.4000000060
26905  25.159  -39.155  -36.581 0.4000000060
157081  26.127  -40.934  -37.112 0.3000000119
149388  25.378  -39.864  -36.845 0.3000000119
126160  26.999  -40.744  -37.401 0.3000000119
129548  26.697  -39.628  -37.444 0.3000000119
26006  28.377  -40.317  -37.429 0.3000000119
26007  27.522  -40.043  -37.516 0.3000000119
26009  25.807  -39.378  -37.167 0.4000000060
27873  30.010  -38.764  -36.831 0.4000000060
26904  28.932  -39.795  -37.303 0.4000000060
26910  28.219  -39.468  -37.499 0.4000000060
125643  22.215  -32.984  -27.545 0.3000000119
35714  23.769  -28.917  -27.429 0.3000000119
36571  24.208  -28.312  -27.147 0.3000000119
36578  23.629  -28.201  -27.723 0.3000000119
37464  24.074  -27.533  -27.441 0.3000000119
37471  23.468  -27.440  -28.054 0.3000000119
39500  24.305  -25.200  -27.781 0.3000000119
41603  25.763  -24.280  -27.624 0.3000000119
146141  25.306  -23.899  -28.025 0.3000000119
41611  24.629  -23.891  -28.246 0.3000000119
40560  24.238  -24.510  -28.092 0.3000000119
151109  23.143  -24.436  -28.680 0.3000000119
42606  27.767  -22.637  -28.722 0.3000000119
41608  27.586  -23.217  -28.208 0.3000000119
41610  25.967  -23.624  -28.066 0.3000000119
42609  25.240  -23.198  -28.502 0.3000000119
42623  27.946  -22.147  -29.254 0.3000000119
42625  26.472  -22.392  -29.145 0.3000000119
42626  25.636  -22.446  -29.079 0.3000000119
43595  26.043  -21.836  -29.620 0.3000000119
136442  25.147  -21.820  -29.564 0.3000000119
43592  28.199  -21.672  -29.727 0.3000000119
43593  27.412  -21.762  -29.709 0.3000000119
43594  26.758  -21.904  -29.583 0.3000000119
141434  25.794  -41.435  -34.731 0.5000000000
151858  28.930  -38.738  -37.345 0.4000000060
31422  21.796  -34.448  -27.248 0.3000000119
40561  23.564  -24.985  -28.326 0.3000000119
42607  26.999  -22.815  -28.666 0.3000000119
129444  23.440  -38.133  -28.094 0.3000000119
28681  23.053  -37.596  -27.656 0.3000000119
29530  22.466  -36.751  -26.810 0.3000000119
140345  23.405  -45.940  -25.791 0.4000000060
21399  22.746  -45.940  -26.315 0.4000000060
21398  23.179  -45.427  -26.214 0.4000000060
21419  20.945  -45.967  -28.233 0.4000000060
21430  21.094  -45.305  -28.377 0.3000000119
22273  23.304  -44.653  -26.367 0.4000000060
21417  22.053  -45.154  -27.320 0.4000000060
22282  21.876  -44.430  -27.682 0.4000000060
23235  28.140  -43.416  -32.938 0.3000000119
23153  23.022  -43.694  -26.777 0.4000000060
22306  21.126  -43.848  -28.940 0.3000000119
23176  21.437  -42.938  -28.881 0.3000000119
23162  22.300  -43.635  -27.495 0.4000000060
24058  20.723  -41.726  -30.564 0.3000000119
151474  20.707  -42.646  -30.152 0.3000000119
24998  21.290  -41.022  -30.065 0.3000000119
23175  22.059  -42.767  -28.135 0.4000000060
24040  21.801  -41.709  -29.011 0.3000000119
24964  22.430  -40.761  -28.798 0.3000000119
20592  21.570  -46.383  -27.068 0.4000000060
21411  22.133  -45.842  -26.930 0.4000000060
25934  21.207  -39.747  -30.411 0.3000000119
139853  24.157  -45.860  -25.398 0.3000000119
25012  20.715  -40.485  -30.979 0.3000000119
20577  27.529  -46.948  -25.169 0.4000000060
20598  29.859  -46.526  -27.078 0.3000000119
21396  25.240  -45.144  -25.184 0.4000000060
21410  22.663  -45.265  -26.711 0.4000000060
21418  21.493  -45.741  -27.643 0.4000000060
21444  30.407  -45.550  -29.049 0.4000000060
22260  28.567  -44.661  -25.584 0.4000000060
22261  27.383  -45.344  -25.116 0.4000000060
22281  22.511  -44.478  -27.033 0.4000000060
22304  30.414  -44.756  -28.867 0.4000000060
23137  28.615  -43.424  -25.551 0.6000000238
23150  29.303  -43.723  -25.901 0.6000000238
23163  21.670  -43.706  -28.219 0.3000000119
23221  28.933  -43.303  -32.201 0.5000000000
23990  27.518  -42.291  -25.289 0.6000000238
24024  23.026  -41.807  -27.515 0.4000000060
24039  30.818  -42.816  -29.067 0.5000000000
24057  21.149  -42.245  -29.671 0.3000000119
24982  21.857  -40.279  -29.628 0.3000000119
24997  31.192  -40.828  -30.161 0.8000000119
25011  30.708  -41.296  -30.800 0.6000000238
25040  29.098  -41.758  -32.740 0.6000000238
25889  24.319  -39.865  -26.987 0.5000000000
26008  26.140  -40.195  -37.245 0.3000000119
26780  29.897  -39.123  -25.729 0.6999999881
26783  27.418  -39.484  -25.248 0.6999999881
26798  25.145  -39.248  -26.452 0.5000000000
26812  31.494  -38.644  -27.152 0.8999999762
26839  31.722  -39.555  -29.484 0.8999999762
26859  31.073  -39.719  -31.221 0.8000000119
26879  28.136  -39.598  -34.263 0.8000000119
27770  27.059  -38.746  -25.470 0.6999999881
27776  31.280  -37.982  -26.734 0.8999999762
27780  24.890  -38.586  -26.855 0.6000000238
27818  32.108  -38.105  -29.650 1.0000000000
27834  31.487  -38.175  -31.365 0.8999999762
27854  28.654  -38.939  -34.124 0.8000000119
27857  25.287  -38.207  -35.787 0.6999999881
28661  30.997  -37.330  -26.335 0.8999999762
28743  25.780  -37.601  -35.599 0.6999999881
28769  30.997  -37.125  -36.862 0.5000000000
29505  28.377  -36.411  -25.495 0.8999999762
29611  25.087  -36.644  -36.719 0.8000000119
30405  31.250  -35.000  -26.220 0.8999999762
30416  23.785  -35.521  -26.791 0.4000000060
30417  23.091  -35.629  -26.736 0.4000000060
30528  28.712  -34.814  -38.301 0.6000000238
31532  29.912  -34.322  -37.884 0.6000000238
32327  30.492  -33.578  -25.506 1.0000000000
32385  33.095  -33.177  -29.782 1.0000000000
32474  25.729  -33.496  -38.024 0.8000000119
33189  32.273  -32.438  -26.410 0.8999999762
33229  33.234  -32.017  -30.349 1.0000000000
33259  31.419  -31.795  -33.005 1.0000000000
33270  29.761  -32.436  -34.399 0.8999999762
33289  33.116  -32.058  -36.659 0.6000000238
33300  33.740  -32.583  -36.936 0.6000000238
33301  32.950  -32.746  -36.811 0.6000000238
33303  30.570  -32.921  -37.390 0.6000000238
33319  24.601  -31.000  -37.557 0.8999999762
33999  29.829  -31.470  -25.032 0.8999999762
34116  32.415  -31.587  -36.642 0.6000000238
34128  24.416  -30.805  -37.236 0.8999999762
34140  25.080  -30.777  -38.056 0.8999999762
34901  23.675  -30.196  -27.221 0.4000000060
34979  27.635  -30.359  -35.307 1.0000000000
34983  24.537  -30.623  -36.818 0.8999999762
34990  31.703  -31.133  -36.748 0.6000000238
34991  24.345  -30.674  -36.957 0.8999999762
34999  30.952  -30.833  -36.952 0.6000000238
35002  28.293  -30.560  -38.017 0.6999999881
35799  32.707  -29.955  -36.769 0.6000000238
35800  31.719  -30.214  -36.809 0.6000000238
35810  31.240  -29.457  -37.094 0.6000000238
35814  24.559  -28.619  -37.327 0.8999999762
36560  33.385  -28.388  -27.010 0.6999999881
36639  31.062  -28.828  -33.558 1.0000000000
36640  30.408  -28.570  -33.986 1.0000000000
36650  29.281  -28.982  -34.402 1.0000000000
36701  28.840  -27.906  -38.209 0.6999999881
37439  30.944  -27.465  -25.511 0.5000000000
37442  28.113  -27.984  -25.306 0.5000000000
37539  28.545  -27.605  -35.211 1.0000000000
37567  31.159  -28.010  -37.526 0.6000000238
37569  29.465  -28.218  -37.858 0.6999999881
37584  29.726  -27.438  -38.168 0.6999999881
38414  30.451  -26.750  -25.623 0.5000000000
38428  29.934  -26.065  -25.837 0.4000000060
38429  29.037  -26.106  -25.785 0.4000000060
38529  28.603  -26.348  -35.825 0.8999999762
38546  26.503  -26.232  -36.480 1.0000000000
38564  31.270  -26.719  -38.318 0.6000000238
38581  29.030  -26.074  -39.270 0.6000000238
39477  26.779  -25.876  -26.333 0.4000000060
39586  33.671  -24.946  -34.934 0.8000000119
39589  30.277  -25.925  -35.679 0.8999999762
39601  29.804  -25.534  -36.175 0.8000000119
40676  33.628  -23.841  -35.970 0.6999999881
40683  26.461  -25.171  -37.097 0.8999999762
40733  31.167  -24.385  -41.526 0.5000000000
40734  29.738  -24.185  -41.670 0.6000000238
41706  32.596  -23.708  -36.863 0.8000000119
41731  25.404  -23.412  -38.799 0.8999999762
41771  28.175  -23.090  -42.143 0.6000000238
42605  28.514  -22.411  -28.778 0.3000000119
42608  26.181  -22.973  -28.593 0.3000000119
42624  27.223  -22.301  -29.210 0.3000000119
42639  34.640  -21.949  -30.020 0.5000000000
42718  24.762  -22.921  -39.919 0.8000000119
42728  27.738  -22.253  -39.475 0.8000000119
42739  25.335  -22.365  -41.155 0.6999999881
42749  27.176  -23.095  -41.758 0.6000000238
42750  26.251  -22.397  -41.718 0.6000000238
43575  32.857  -21.719  -29.055 0.4000000060
43607  29.333  -21.136  -30.089 0.3000000119
43642  36.103  -21.051  -33.684 0.4000000060
43667  34.685  -21.631  -36.979 0.5000000000
43681  33.533  -21.288  -38.365 0.6000000238
43691  31.235  -21.719  -39.390 0.6999999881
43706  25.379  -21.160  -41.010 0.8000000119
44567  26.852  -19.991  -31.718 0.3000000119
44636  33.214  -20.016  -39.436 0.5000000000
44674  25.754  -19.936  -42.321 0.6999999881
44687  26.234  -19.664  -42.837 0.6000000238
45758  36.245  -19.073  -35.131 0.3000000119
45815  25.830  -19.749  -41.816 0.6000000238
47049  34.576  -18.452  -39.264 0.4000000060
47082  26.676  -18.090  -42.891 0.6000000238
47101  27.070  -18.031  -44.072 0.6000000238
47109  30.634  -18.303  -44.520 0.5000000000
48315  27.512  -16.928  -43.480 0.6000000238
49385  32.997  -16.385  -41.663 0.3000000119
49393  31.746  -16.189  -42.489 0.3000000119
49404  27.960  -16.449  -44.381 0.5000000000
50424  32.569  -15.942  -42.263 0.3000000119
50432  31.150  -15.751  -43.080 0.4000000060
50434  29.111  -15.861  -43.636 0.4000000060
50443  28.821  -15.535  -44.310 0.4000000060
51513  30.758  -14.734  -44.042 0.4000000060
51514  30.032  -14.934  -44.238 0.4000000060
52540  30.891  -13.678  -46.933 0.4000000060
125731  27.849  -40.767  -37.446 0.3000000119
126593  34.633  -26.634  -31.773 0.8000000119
128011  30.223  -42.015  -26.418 0.6000000238
128037  33.955  -23.227  -36.278 0.6999999881
128593  32.489  -34.732  -37.333 0.5000000000
129597  34.289  -33.331  -37.442 0.6000000238
132807  27.977  -38.701  -37.549 0.5000000000
133034  21.565  -45.045  -27.863 0.3000000119
134197  27.767  -40.188  -25.160 0.6000000238
134745  34.333  -14.947  -46.397 0.3000000119
135183  34.752  -26.685  -30.925 0.6999999881
135829  28.617  -37.067  -25.448 0.8999999762
136110  25.377  -44.013  -25.425 0.5000000000
136537  28.496  -28.682  -25.146 0.6000000238
136917  30.772  -30.713  -33.474 1.0000000000
137038  32.048  -30.800  -25.778 0.8000000119
137063  32.224  -23.322  -37.468 0.6999999881
138471  26.666  -40.777  -25.357 0.6000000238
139065  30.484  -43.962  -28.746 0.4000000060
139352  30.840  -42.794  -28.240 0.5000000000
140145  27.589  -32.862  -35.376 0.8999999762
141437  29.881  -32.321  -37.567 0.6000000238
141537  24.562  -24.092  -39.090 0.8000000119
141931  24.999  -38.832  -36.017 0.6000000238
142358  28.458  -36.930  -34.766 0.8999999762
143341  25.882  -28.016  -36.304 1.0000000000
143441  30.114  -18.492  -41.554 0.6999999881
144390  25.565  -19.973  -41.997 0.6000000238
145188  30.553  -35.002  -25.785 0.8999999762
145513  32.230  -24.315  -36.508 0.8000000119
145954  31.020  -36.950  -32.646 0.8999999762
146946  29.393  -34.495  -34.595 0.8999999762
147354  28.114  -16.427  -44.643 0.5000000000
147565  27.361  -28.803  -38.406 0.6999999881
147701  25.881  -30.780  -38.423 0.8999999762
148112  27.673  -41.456  -25.250 0.6000000238
148807  29.472  -39.434  -37.018 0.4000000060
149210  33.541  -30.907  -29.374 1.0000000000
149774  31.573  -39.954  -28.079 0.6000000238
150114  26.870  -40.161  -37.447 0.3000000119
150199  31.916  -24.798  -36.178 0.8000000119
150744  33.154  -25.494  -34.770 0.8000000119
152427  29.555  -17.974  -42.001 0.6000000238
152661  26.252  -39.316  -34.997 0.6999999881
152685  34.978  -21.864  -36.377 0.6000000238
152707  35.700  -19.439  -33.227 0.3000000119
152853  27.608  -38.260  -34.785 0.8000000119
152860  33.982  -29.355  -29.309 0.8000000119
153182  29.508  -44.749  -26.283 0.4000000060
153558  32.625  -34.776  -28.127 1.0000000000
153638  32.978  -31.074  -31.253 1.0000000000
154013  23.259  -39.020  -28.599 0.3000000119
154570  30.475  -21.172  -40.103 0.6999999881
154573  31.000  -20.341  -40.395 0.6999999881
155035  33.243  -16.818  -41.207 0.4000000060
155248  26.625  -18.633  -42.455 0.6000000238
155317  26.328  -45.950  -24.833 0.4000000060
155547  33.331  -19.587  -31.213 0.3000000119
155720  31.311  -41.057  -29.545 0.6000000238
155837  27.223  -17.116  -44.211 0.6000000238
155915  30.178  -18.004  -44.793 0.5000000000
156890  30.631  -36.610  -37.192 0.5000000000
156941  25.032  -33.032  -37.626 0.8999999762
157176  29.403  -25.156  -36.554 0.8000000119
