#!ascii label  , from subject NIHPD_75_135 vox2ras=TkReg
681
14555  25.207  -54.490  -35.418 0.6000000238
15860  28.059  -52.897  -28.349 0.6999999881
15159  27.528  -53.504  -28.722 0.6999999881
130447  26.613  -54.833  -31.373 0.8999999762
134441  26.528  -54.532  -32.113 0.8000000119
126977  25.999  -53.932  -33.630 0.8000000119
15197  23.940  -52.944  -35.318 0.6000000238
15213  24.010  -53.362  -35.968 0.6999999881
15930  23.973  -52.800  -36.471 0.6999999881
132521  27.993  -52.777  -27.511 0.6999999881
135191  27.861  -52.466  -26.755 0.6999999881
15871  28.065  -52.956  -29.347 0.6999999881
15885  28.137  -52.697  -30.177 0.6000000238
15180  27.716  -52.863  -30.883 0.6999999881
15171  27.259  -53.782  -30.281 0.6999999881
15181  27.131  -53.590  -31.119 0.8000000119
15901  26.856  -52.678  -32.898 0.8000000119
15188  26.718  -53.625  -32.167 0.8000000119
134196  25.664  -53.323  -33.986 0.8000000119
15196  24.722  -53.174  -34.653 0.6000000238
15916  23.675  -52.295  -35.350 0.6000000238
16675  23.645  -51.909  -36.273 0.6999999881
16685  24.893  -52.028  -37.203 0.6999999881
15859  28.738  -51.704  -27.854 0.5000000000
16606  28.898  -51.589  -29.330 0.4000000060
15884  28.532  -52.165  -29.747 0.6000000238
15891  28.383  -52.047  -30.722 0.5000000000
15892  27.950  -52.209  -31.620 0.6000000238
15893  27.349  -52.898  -31.832 0.8000000119
15909  26.161  -52.264  -33.765 0.6999999881
16651  25.476  -51.876  -34.179 0.6999999881
16658  23.807  -51.800  -35.054 0.5000000000
126971  23.638  -50.895  -36.062 0.6000000238
150830  24.151  -51.235  -36.738 0.6000000238
15929  24.098  -52.220  -36.837 0.6000000238
16684  26.033  -51.799  -37.375 0.5000000000
17346  29.358  -50.400  -28.023 0.5000000000
128205  28.634  -51.251  -27.009 0.6000000238
16561  27.084  -51.546  -25.417 0.6000000238
127192  28.992  -50.994  -27.718 0.5000000000
132687  28.434  -51.490  -31.518 0.5000000000
16642  27.881  -51.000  -33.016 0.6000000238
16649  27.088  -51.243  -33.562 0.6000000238
16650  26.224  -51.546  -33.926 0.6000000238
138078  25.200  -51.158  -34.437 0.5000000000
138095  23.793  -51.135  -35.429 0.5000000000
17428  24.142  -50.193  -36.413 0.6000000238
17427  24.829  -50.298  -36.904 0.5000000000
17426  25.969  -50.239  -37.135 0.5000000000
143652  27.855  -50.665  -36.936 0.5000000000
17433  26.295  -51.055  -37.251 0.5000000000
17333  28.099  -51.173  -26.244 0.5000000000
17334  27.588  -51.157  -25.711 0.5000000000
16605  29.223  -50.950  -29.444 0.5000000000
16621  29.254  -50.737  -30.076 0.4000000060
18175  29.217  -49.243  -31.635 0.3000000119
17387  29.111  -50.170  -31.351 0.4000000060
17398  28.229  -50.079  -33.015 0.3000000119
155504  28.923  -49.004  -32.277 0.3000000119
17404  27.322  -50.291  -33.686 0.5000000000
142148  26.461  -49.875  -34.245 0.5000000000
17406  25.366  -50.204  -34.587 0.5000000000
18207  24.540  -49.717  -35.116 0.5000000000
17420  23.995  -50.283  -35.675 0.6000000238
17434  24.315  -49.388  -36.356 0.6000000238
157109  25.291  -49.633  -36.925 0.5000000000
18221  26.051  -49.198  -36.880 0.5000000000
18220  27.129  -49.869  -36.790 0.5000000000
18125  28.512  -50.405  -26.440 0.5000000000
17347  29.069  -50.407  -27.179 0.5000000000
18154  29.699  -49.841  -29.178 0.5000000000
18166  29.693  -49.499  -29.842 0.4000000060
17374  29.367  -50.157  -30.407 0.5000000000
18174  29.470  -49.403  -30.784 0.4000000060
128797  28.698  -48.366  -32.602 0.3000000119
19004  28.064  -48.386  -33.311 0.3000000119
18200  26.766  -49.127  -34.206 0.4000000060
18201  25.578  -49.189  -34.681 0.5000000000
134616  24.746  -48.924  -35.214 0.4000000060
18227  24.680  -48.902  -36.634 0.5000000000
19849  25.423  -47.706  -36.645 0.5000000000
19031  25.673  -48.373  -36.753 0.5000000000
137255  27.823  -49.186  -36.396 0.5000000000
19022  28.321  -48.475  -36.077 0.4000000060
142151  26.962  -48.990  -36.616 0.5000000000
18116  28.234  -49.516  -25.883 0.5000000000
18135  29.453  -49.649  -27.493 0.5000000000
18143  29.721  -49.635  -28.429 0.5000000000
18974  29.994  -48.743  -29.464 0.4000000060
18993  29.523  -48.593  -31.137 0.4000000060
18994  28.989  -47.683  -32.184 0.3000000119
19009  27.223  -48.389  -33.913 0.4000000060
19010  26.251  -48.320  -34.448 0.4000000060
19011  25.223  -48.249  -34.916 0.4000000060
19014  24.605  -48.289  -35.530 0.5000000000
19841  24.450  -47.682  -36.094 0.5000000000
19023  24.421  -48.367  -36.253 0.6000000238
19848  26.138  -47.604  -36.642 0.4000000060
19030  26.506  -48.340  -36.645 0.5000000000
18953  29.453  -48.747  -27.019 0.4000000060
126740  30.124  -48.017  -29.838 0.4000000060
18964  30.035  -48.714  -28.573 0.4000000060
135406  29.833  -47.904  -30.666 0.4000000060
19807  29.270  -47.048  -31.721 0.4000000060
19003  28.359  -47.502  -32.918 0.4000000060
19819  27.804  -46.858  -33.288 0.4000000060
143460  27.591  -47.602  -33.585 0.4000000060
143484  26.759  -47.586  -34.102 0.4000000060
19828  25.781  -47.373  -34.595 0.4000000060
19831  24.912  -47.471  -35.189 0.5000000000
19832  24.517  -47.562  -35.748 0.5000000000
20684  24.652  -47.133  -36.219 0.6000000238
20688  25.194  -47.137  -36.526 0.5000000000
142494  26.150  -46.091  -36.618 0.4000000060
20683  25.797  -46.932  -36.593 0.4000000060
19759  29.628  -47.827  -26.989 0.4000000060
19783  30.309  -47.409  -29.237 0.4000000060
19769  30.246  -47.795  -28.434 0.4000000060
19784  30.134  -47.119  -30.166 0.4000000060
19808  28.766  -46.914  -32.365 0.4000000060
19826  27.119  -46.910  -33.782 0.4000000060
20663  25.897  -46.436  -34.431 0.4000000060
20665  25.164  -46.658  -34.901 0.4000000060
20666  24.741  -46.758  -35.473 0.5000000000
129810  24.770  -46.336  -36.057 0.4000000060
144331  25.459  -46.366  -36.480 0.6000000238
19770  30.051  -47.271  -27.590 0.4000000060
20619  30.343  -46.437  -29.358 0.4000000060
20620  30.116  -46.320  -30.182 0.4000000060
20642  29.540  -46.428  -31.287 0.4000000060
20643  29.082  -46.309  -31.960 0.4000000060
21473  28.231  -45.550  -32.740 0.4000000060
21480  27.647  -45.574  -33.263 0.5000000000
20661  27.373  -46.227  -33.520 0.4000000060
21482  26.094  -45.568  -34.197 0.3000000119
21483  25.420  -45.100  -34.605 0.3000000119
21485  25.339  -45.870  -34.721 0.4000000060
148677  24.724  -45.944  -35.648 0.4000000060
147742  25.282  -44.856  -36.202 0.4000000060
21502  25.143  -45.869  -36.246 0.5000000000
148484  29.653  -47.147  -26.885 0.4000000060
21463  29.382  -45.695  -31.536 0.4000000060
21472  28.827  -45.574  -32.172 0.4000000060
135668  28.499  -44.773  -32.463 0.3000000119
145563  27.919  -45.008  -33.015 0.3000000119
142269  26.590  -44.902  -33.876 0.3000000119
138382  25.962  -44.843  -34.238 0.3000000119
22357  25.052  -44.594  -34.999 0.3000000119
22377  25.003  -44.596  -35.850 0.4000000060
23277  25.524  -43.998  -36.361 0.4000000060
131863  30.378  -46.088  -28.438 0.3000000119
21445  30.210  -45.672  -29.898 0.3000000119
144110  29.658  -45.134  -31.160 0.3000000119
144201  29.173  -44.939  -31.751 0.3000000119
22342  28.468  -43.978  -32.505 0.3000000119
22343  27.812  -44.264  -33.065 0.3000000119
22354  26.975  -44.254  -33.643 0.4000000060
23246  26.546  -43.641  -33.981 0.4000000060
22355  26.246  -44.286  -34.108 0.3000000119
23247  25.814  -43.729  -34.412 0.3000000119
146075  24.963  -44.139  -35.329 0.3000000119
23266  24.926  -43.938  -35.697 0.4000000060
128677  25.218  -43.301  -36.185 0.4000000060
146799  25.688  -43.371  -36.516 0.4000000060
23245  27.334  -43.560  -33.486 0.4000000060
24124  26.137  -42.304  -34.391 0.4000000060
24116  26.032  -43.091  -34.337 0.4000000060
24125  25.498  -42.729  -34.701 0.3000000119
24138  24.956  -43.141  -35.630 0.4000000060
24137  24.958  -42.465  -35.564 0.4000000060
128544  24.980  -41.859  -36.194 0.4000000060
24150  24.923  -42.610  -35.970 0.4000000060
24149  25.465  -42.590  -36.488 0.4000000060
25057  25.169  -42.093  -35.077 0.5000000000
25068  24.829  -41.687  -35.764 0.4000000060
25080  24.881  -40.936  -36.175 0.4000000060
24159  26.380  -42.329  -36.954 0.3000000119
25088  25.370  -40.582  -36.749 0.3000000119
14548  25.412  -54.023  -34.492 0.6999999881
14533  26.692  -54.161  -31.460 0.8000000119
15911  24.202  -52.444  -34.824 0.6000000238
134457  26.095  -52.865  -33.628 0.6999999881
15910  25.243  -52.537  -34.251 0.6999999881
16674  25.308  -51.086  -37.212 0.6000000238
16622  28.912  -51.398  -30.140 0.4000000060
17397  28.552  -50.747  -32.159 0.4000000060
15900  27.406  -51.784  -32.928 0.6999999881
15908  26.809  -51.928  -33.442 0.6999999881
16652  24.607  -51.855  -34.567 0.6999999881
17356  29.475  -50.401  -28.878 0.5000000000
17405  26.335  -50.732  -34.102 0.5000000000
18199  27.649  -49.304  -33.604 0.4000000060
18208  24.272  -49.229  -35.789 0.6000000238
19033  24.657  -48.359  -36.534 0.5000000000
19850  24.621  -47.787  -36.376 0.6000000238
20654  27.982  -46.190  -33.024 0.3000000119
142433  24.915  -46.109  -35.190 0.4000000060
20597  30.224  -46.405  -27.780 0.4000000060
22356  25.566  -44.381  -34.532 0.3000000119
23248  25.194  -43.792  -34.914 0.3000000119
24160  25.574  -41.546  -36.735 0.3000000119
11767  28.189  -58.392  -27.464 0.6000000238
11766  28.578  -59.116  -27.490 0.6000000238
127051  29.933  -59.563  -28.821 0.6000000238
11145  29.813  -59.053  -29.282 0.6000000238
10492  26.956  -59.882  -26.047 0.5000000000
144879  27.777  -58.266  -26.811 0.6000000238
12483  27.882  -57.271  -28.253 0.6999999881
11753  28.026  -58.984  -26.860 0.6000000238
11787  28.039  -57.866  -29.546 0.6000000238
11786  28.496  -58.339  -29.363 0.6000000238
11811  27.925  -58.317  -30.958 0.6000000238
11785  29.071  -58.707  -29.431 0.6000000238
11796  29.448  -58.591  -30.165 0.6000000238
11795  30.400  -58.554  -30.405 0.6999999881
12452  27.322  -57.747  -26.465 0.6000000238
12470  27.282  -56.914  -26.832 0.6999999881
138275  27.231  -58.798  -26.176 0.5000000000
13159  27.488  -56.750  -27.678 0.6999999881
12469  27.794  -57.570  -27.326 0.6999999881
12492  27.395  -56.861  -29.901 0.6999999881
12502  27.667  -57.610  -30.071 0.6999999881
11798  27.992  -58.153  -30.175 0.5000000000
11810  28.625  -58.463  -31.152 0.6000000238
11823  28.464  -58.554  -32.141 0.6000000238
147363  29.004  -58.475  -31.632 0.6999999881
145464  28.780  -58.711  -33.777 0.6999999881
11821  29.970  -58.159  -32.855 0.6999999881
11837  29.577  -58.390  -33.581 0.6999999881
13228  32.850  -56.590  -32.950 0.4000000060
13242  30.699  -56.177  -34.624 0.5000000000
13243  30.494  -56.696  -35.419 0.6000000238
138222  30.435  -57.409  -35.106 0.6000000238
11853  29.562  -58.489  -34.446 0.6999999881
12436  25.289  -57.637  -25.336 0.5000000000
12435  26.092  -57.799  -25.614 0.5000000000
13151  26.791  -56.292  -26.572 0.6000000238
145771  27.083  -56.303  -27.270 0.6999999881
12453  26.713  -57.125  -26.029 0.5000000000
11754  26.789  -57.994  -25.919 0.6000000238
13169  27.150  -55.969  -28.877 0.6999999881
13168  27.506  -56.589  -28.550 0.6999999881
130187  27.055  -56.470  -30.431 0.6999999881
138031  27.174  -57.701  -31.371 0.6999999881
128840  27.849  -58.448  -31.784 0.6000000238
149579  27.752  -58.584  -32.470 0.6000000238
138464  27.724  -58.868  -34.007 0.6999999881
11854  28.663  -58.911  -34.721 0.6999999881
11867  29.492  -58.685  -35.431 0.6999999881
11852  30.100  -58.020  -35.086 0.6000000238
11878  30.013  -58.358  -36.026 0.6000000238
13838  25.438  -55.551  -25.247 0.5000000000
12437  24.475  -57.301  -25.111 0.4000000060
139009  26.002  -55.802  -25.728 0.5000000000
13141  25.607  -56.351  -25.390 0.5000000000
13152  26.275  -56.360  -25.875 0.5000000000
149638  26.508  -55.198  -26.809 0.6000000238
13845  26.460  -55.693  -26.343 0.6000000238
14514  26.760  -54.833  -29.071 0.6999999881
13859  26.753  -55.342  -28.369 0.6000000238
13868  26.891  -55.441  -29.357 0.6999999881
128301  26.858  -55.674  -30.186 0.6999999881
12503  27.263  -57.304  -30.630 0.6999999881
12529  27.134  -58.030  -32.160 0.6999999881
12514  27.459  -58.198  -31.578 0.6999999881
11824  27.408  -58.392  -32.350 0.6999999881
131137  27.023  -58.604  -33.860 0.6999999881
11869  27.403  -59.043  -35.763 0.8000000119
11868  28.539  -59.022  -35.677 0.6999999881
13921  30.410  -55.965  -36.054 0.5000000000
13249  30.254  -57.339  -36.964 0.6000000238
11879  29.408  -58.744  -36.385 0.6000000238
13143  23.879  -56.285  -24.631 0.4000000060
13846  26.192  -55.155  -26.002 0.6000000238
14496  26.520  -54.738  -26.770 0.6000000238
14504  26.673  -54.652  -28.287 0.6000000238
15160  26.986  -54.297  -29.613 0.6000000238
14523  26.812  -54.388  -30.641 0.6999999881
13872  26.703  -55.205  -30.739 0.6999999881
150766  26.811  -55.989  -30.945 0.6999999881
13185  26.955  -56.875  -31.173 0.6999999881
145465  26.591  -55.958  -32.479 0.8000000119
13200  26.705  -56.820  -32.599 0.8000000119
145842  26.852  -57.740  -32.803 0.6000000238
11856  26.627  -58.521  -34.612 0.6000000238
11882  26.721  -58.410  -36.851 0.8000000119
11881  27.351  -58.756  -36.777 0.6999999881
13924  30.650  -55.013  -35.864 0.5000000000
140150  30.175  -56.366  -36.861 0.6000000238
13254  29.237  -57.009  -37.897 0.6999999881
13925  30.233  -55.330  -36.675 0.6000000238
14483  25.051  -54.742  -24.906 0.5000000000
154396  24.316  -54.954  -24.505 0.4000000060
13817  23.113  -55.239  -23.939 0.4000000060
14489  26.245  -54.479  -25.999 0.5000000000
14482  25.713  -54.809  -25.494 0.5000000000
15130  26.642  -54.168  -26.666 0.6000000238
15147  26.968  -54.009  -28.236 0.6000000238
138366  27.106  -53.971  -28.993 0.6000000238
153357  26.670  -55.511  -31.360 0.8000000119
13881  26.570  -55.361  -31.986 0.8000000119
126976  26.448  -55.595  -33.741 0.6000000238
13914  26.091  -56.517  -35.127 0.6000000238
13244  26.060  -57.401  -35.739 0.6999999881
13250  26.317  -57.323  -37.127 0.6999999881
13256  27.424  -56.828  -38.020 0.6999999881
13253  29.794  -56.793  -37.432 0.6000000238
13930  28.833  -56.238  -37.951 0.6000000238
14566  29.210  -54.644  -37.732 0.6000000238
13929  29.251  -55.525  -37.694 0.6000000238
15828  26.574  -53.055  -25.765 0.5000000000
15121  25.686  -54.159  -25.392 0.5000000000
14474  24.416  -54.250  -24.421 0.5000000000
14462  23.736  -54.710  -24.119 0.5000000000
15128  27.495  -53.207  -26.992 0.5000000000
134164  26.330  -53.807  -25.901 0.5000000000
14547  26.198  -54.732  -33.865 0.6999999881
156846  25.773  -54.847  -34.766 0.6000000238
13915  25.726  -55.466  -35.532 0.6000000238
13923  25.561  -55.565  -36.462 0.6000000238
146049  26.291  -55.930  -37.486 0.6999999881
13927  25.754  -55.428  -37.095 0.6000000238
13931  27.046  -55.834  -37.913 0.6000000238
133333  28.613  -55.396  -37.903 0.6999999881
15217  29.885  -53.874  -37.689 0.4000000060
133095  25.223  -53.144  -24.603 0.5000000000
15100  24.536  -53.365  -24.206 0.5000000000
128447  23.836  -53.085  -23.699 0.5000000000
140227  22.365  -53.743  -23.390 0.5000000000
141115  21.518  -53.848  -23.338 0.5000000000
15212  24.666  -54.179  -36.043 0.6000000238
13933  25.558  -54.690  -37.142 0.6000000238
14568  26.102  -54.419  -37.385 0.4000000060
15218  27.616  -53.988  -37.698 0.5000000000
142885  28.510  -53.539  -37.733 0.4000000060
131348  29.254  -53.786  -37.790 0.4000000060
136721  28.445  -54.485  -37.841 0.5000000000
15827  26.910  -52.299  -25.621 0.6000000238
15818  25.634  -52.560  -24.679 0.5000000000
15819  24.960  -52.605  -24.233 0.5000000000
15806  23.881  -52.296  -23.591 0.5000000000
138633  22.585  -53.069  -23.371 0.5000000000
15103  20.966  -53.082  -23.353 0.5000000000
15104  20.076  -53.320  -23.538 0.4000000060
132101  19.210  -53.500  -23.652 0.5000000000
136027  18.495  -53.658  -23.707 0.4000000060
15106  17.206  -53.965  -23.660 0.4000000060
140347  16.113  -55.273  -23.351 0.4000000060
15938  25.807  -52.727  -37.368 0.6000000238
15937  26.913  -52.446  -37.424 0.4000000060
143177  27.740  -53.060  -37.552 0.4000000060
15936  29.207  -52.982  -37.778 0.4000000060
15817  26.083  -51.901  -24.733 0.5000000000
16549  24.596  -52.022  -23.830 0.4000000060
16538  24.012  -51.391  -23.535 0.4000000060
15808  22.368  -52.321  -23.354 0.5000000000
16540  21.717  -51.685  -23.432 0.4000000060
15810  20.366  -52.466  -23.648 0.5000000000
16541  20.382  -51.669  -23.843 0.4000000060
16552  19.082  -51.951  -24.422 0.5000000000
15811  19.495  -52.677  -23.877 0.5000000000
15829  18.153  -52.094  -24.859 0.3000000119
15114  17.011  -53.283  -24.150 0.3000000119
15115  16.131  -53.226  -24.371 0.3000000119
16683  27.150  -51.534  -37.289 0.4000000060
16547  25.915  -51.226  -24.447 0.5000000000
16537  24.841  -51.280  -23.842 0.5000000000
17323  27.133  -50.665  -25.193 0.4000000060
17312  26.309  -50.468  -24.566 0.4000000060
17313  25.581  -50.043  -24.138 0.4000000060
18097  24.648  -49.888  -23.803 0.4000000060
18936  27.481  -49.799  -25.318 0.4000000060
18104  27.035  -49.184  -24.928 0.4000000060
18105  26.245  -49.434  -24.476 0.4000000060
148348  27.663  -49.079  -25.339 0.4000000060
149550  25.896  -48.712  -24.347 0.4000000060
18913  24.513  -48.888  -24.057 0.4000000060
18107  22.862  -48.829  -24.075 0.4000000060
18924  26.544  -48.570  -24.635 0.4000000060
18944  28.795  -48.721  -26.227 0.3000000119
19722  25.978  -48.001  -24.433 0.4000000060
137792  24.447  -47.994  -24.299 0.4000000060
126121  23.673  -48.450  -24.164 0.4000000060
19748  29.174  -48.107  -26.482 0.4000000060
18926  22.218  -48.543  -24.426 0.4000000060
18938  21.931  -47.990  -24.918 0.4000000060
19749  28.642  -47.812  -25.885 0.3000000119
148063  28.225  -47.184  -25.554 0.4000000060
19721  26.707  -47.787  -24.725 0.4000000060
19723  25.211  -47.531  -24.465 0.4000000060
18937  22.866  -47.973  -24.565 0.4000000060
19736  24.289  -47.116  -24.688 0.3000000119
15140  27.052  -53.847  -27.290 0.5000000000
142793  24.670  -53.765  -36.600 0.6000000238
11135  29.609  -59.694  -28.358 0.6000000238
137617  29.048  -58.533  -32.904 0.6999999881
142292  27.796  -59.069  -34.968 0.6999999881
13229  31.372  -56.331  -33.656 0.5000000000
13920  30.631  -55.636  -35.198 0.5000000000
13230  30.710  -56.903  -34.433 0.5000000000
12574  30.373  -57.653  -36.037 0.6000000238
135009  25.234  -56.957  -25.196 0.5000000000
12515  26.935  -57.298  -31.962 0.6999999881
12594  29.729  -57.697  -37.551 0.6000000238
12542  26.692  -58.139  -33.714 0.6999999881
132880  26.710  -58.809  -35.327 0.8000000119
12586  28.112  -58.487  -37.484 0.6999999881
13839  24.575  -55.584  -24.708 0.4000000060
13903  26.428  -56.449  -34.135 0.6000000238
13231  26.341  -57.618  -34.608 0.6000000238
12597  26.914  -57.507  -37.652 0.6999999881
12596  27.775  -57.729  -37.933 0.6999999881
14563  30.683  -54.307  -36.648 0.5000000000
14561  31.158  -54.269  -35.660 0.5000000000
13255  28.366  -56.984  -38.102 0.6999999881
153797  29.385  -56.292  -37.686 0.6000000238
14554  26.159  -55.583  -34.526 0.6999999881
13922  25.848  -56.439  -36.099 0.6999999881
13926  25.998  -56.391  -36.988 0.6999999881
137625  27.850  -55.224  -37.963 0.6000000238
13928  29.771  -55.701  -37.313 0.6000000238
14565  29.735  -54.721  -37.506 0.6000000238
15111  25.824  -53.307  -25.187 0.5000000000
15101  23.775  -53.892  -23.921 0.4000000060
14562  25.207  -54.669  -36.640 0.6000000238
13932  26.268  -55.210  -37.504 0.6000000238
14469  17.416  -54.757  -23.395 0.3000000119
15219  26.785  -53.318  -37.477 0.5000000000
16682  28.847  -52.222  -37.559 0.4000000060
15809  21.459  -52.433  -23.392 0.5000000000
15812  18.547  -52.854  -24.127 0.4000000060
14475  15.826  -53.932  -23.830 0.4000000060
18923  27.345  -48.356  -25.054 0.4000000060
6319  35.910  -67.287  -36.133 0.3000000119
6840  35.455  -66.101  -35.500 0.3000000119
9956  34.471  -61.168  -35.355 0.4000000060
130053  35.145  -60.013  -37.608 0.4000000060
9968  34.704  -61.680  -36.950 0.4000000060
128146  34.929  -61.680  -37.931 0.4000000060
10575  34.332  -60.112  -34.169 0.4000000060
9940  34.076  -60.746  -33.777 0.4000000060
10570  34.027  -60.159  -33.332 0.4000000060
11169  33.824  -59.573  -32.865 0.5000000000
9936  33.466  -60.669  -32.125 0.5000000000
10551  33.128  -60.308  -31.362 0.5000000000
11194  34.748  -58.926  -36.308 0.4000000060
10583  34.599  -60.215  -35.244 0.5000000000
9947  34.308  -60.960  -34.536 0.5000000000
147077  32.721  -60.715  -30.923 0.5000000000
11206  35.028  -59.032  -37.354 0.5000000000
139847  34.840  -59.876  -36.490 0.5000000000
11214  35.413  -59.707  -38.385 0.5000000000
10600  35.346  -60.795  -38.406 0.4000000060
10605  35.679  -60.292  -39.087 0.4000000060
9975  35.129  -61.837  -38.869 0.4000000060
9983  35.652  -61.717  -39.899 0.4000000060
9335  35.667  -63.395  -40.175 0.3000000119
8092  35.869  -64.722  -39.656 0.4000000060
12556  34.224  -57.717  -34.944 0.4000000060
11834  33.986  -58.654  -34.019 0.4000000060
11835  33.497  -58.234  -33.497 0.4000000060
11866  34.459  -58.415  -35.540 0.4000000060
11185  34.393  -59.210  -34.684 0.4000000060
11819  33.788  -58.888  -33.180 0.4000000060
11170  33.545  -59.101  -32.498 0.5000000000
139272  33.490  -59.729  -32.029 0.5000000000
12572  34.603  -57.401  -35.788 0.4000000060
132974  34.631  -59.321  -35.624 0.4000000060
154094  32.885  -58.448  -32.177 0.5000000000
11805  33.132  -58.900  -31.874 0.5000000000
10540  32.683  -60.041  -30.698 0.5000000000
11152  32.434  -59.319  -30.668 0.6000000238
11153  31.793  -59.076  -30.223 0.6000000238
10527  32.040  -59.860  -30.059 0.6000000238
11836  30.296  -57.975  -33.799 0.6000000238
11808  30.492  -58.055  -31.921 0.6000000238
131245  31.411  -59.513  -29.791 0.5000000000
150591  35.879  -60.669  -39.500 0.4000000060
11784  30.287  -58.907  -29.727 0.5000000000
9987  36.104  -61.886  -40.280 0.4000000060
9337  36.495  -62.669  -40.419 0.4000000060
138325  36.623  -63.605  -40.239 0.4000000060
12539  33.261  -57.645  -33.338 0.4000000060
12540  32.284  -57.395  -32.832 0.5000000000
12541  31.151  -57.410  -33.212 0.5000000000
11806  32.460  -58.417  -31.698 0.5000000000
11807  31.515  -58.150  -31.437 0.6000000238
12528  30.836  -57.804  -32.762 0.6000000238
6327  36.566  -67.906  -37.215 0.3000000119
7451  35.571  -65.361  -34.693 0.3000000119
9318  37.576  -62.994  -36.703 0.3000000119
12573  34.351  -57.151  -34.954 0.4000000060
12557  33.822  -57.321  -33.923 0.4000000060
12558  32.490  -57.012  -33.055 0.4000000060
12559  31.405  -57.063  -33.510 0.5000000000
12560  30.608  -57.465  -34.222 0.5000000000
138144  30.690  -58.235  -31.065 0.6000000238
11154  31.014  -59.003  -29.942 0.5000000000
11178  34.107  -59.427  -33.682 0.4000000060
10541  32.278  -60.652  -30.369 0.5000000000
8666  37.175  -63.915  -37.386 0.3000000119
11851  33.769  -57.971  -34.204 0.4000000060
12525  33.010  -57.928  -32.995 0.5000000000
12526  32.547  -58.027  -32.467 0.5000000000
12512  31.934  -58.049  -32.105 0.6000000238
22364  24.860  -44.844  -35.549 0.3000000119
8658  36.831  -63.496  -36.289 0.3000000119
8674  36.228  -64.210  -39.911 0.4000000060
9326  37.985  -63.442  -37.835 0.3000000119
9338  35.679  -62.451  -40.193 0.4000000060
9903  32.396  -61.325  -30.807 0.5000000000
9980  35.326  -61.919  -39.486 0.4000000060
10539  32.978  -59.518  -31.258 0.5000000000
10604  35.574  -61.156  -39.238 0.4000000060
10608  35.917  -60.986  -39.765 0.4000000060
11121  27.756  -59.703  -26.482 0.6000000238
11161  32.671  -58.934  -31.228 0.5000000000
11224  36.230  -60.295  -39.761 0.4000000060
11776  29.292  -59.139  -28.729 0.6000000238
11777  28.639  -58.608  -28.343 0.6000000238
11778  28.207  -57.846  -28.792 0.6000000238
11793  32.104  -58.659  -30.888 0.6000000238
11794  31.289  -58.567  -30.611 0.6000000238
11797  28.547  -58.428  -30.210 0.6000000238
11809  29.713  -58.381  -31.185 0.6999999881
11820  33.259  -58.467  -32.687 0.5000000000
11822  29.426  -58.352  -32.094 0.6999999881
11838  28.115  -58.709  -33.041 0.6000000238
11839  27.429  -58.589  -33.103 0.6000000238
11840  27.095  -58.295  -33.003 0.6999999881
11850  34.193  -58.370  -34.708 0.4000000060
11855  27.074  -58.944  -34.734 0.8000000119
11870  26.654  -58.698  -36.142 0.8000000119
11880  28.355  -58.915  -36.640 0.6999999881
12454  25.892  -57.030  -25.529 0.5000000000
12491  27.794  -57.188  -29.216 0.6999999881
12513  31.318  -57.912  -32.171 0.6000000238
12527  31.712  -57.666  -32.540 0.6000000238
12561  26.322  -58.293  -35.481 0.8000000119
12575  26.237  -57.983  -36.484 0.6999999881
12584  30.052  -58.199  -36.835 0.6000000238
12585  29.207  -58.492  -37.293 0.6000000238
12587  27.188  -58.231  -37.411 0.6999999881
12588  26.587  -57.954  -37.170 0.8000000119
12595  28.807  -57.829  -37.896 0.6999999881
13160  27.102  -56.070  -28.010 0.6999999881
13176  27.410  -56.516  -29.257 0.6999999881
13177  27.113  -56.126  -29.680 0.6999999881
13191  26.714  -56.265  -31.771 0.8000000119
13213  26.592  -57.244  -33.498 0.6000000238
13257  26.586  -56.668  -37.637 0.6999999881
13830  23.800  -55.465  -24.347 0.4000000060
14463  22.982  -54.406  -23.636 0.4000000060
14470  16.496  -54.526  -23.494 0.4000000060
14505  26.528  -54.981  -27.550 0.6000000238
14567  27.064  -54.781  -37.741 0.5000000000
15102  21.865  -53.079  -23.327 0.5000000000
15105  18.010  -54.192  -23.553 0.4000000060
15107  16.523  -53.747  -23.834 0.4000000060
15112  25.115  -53.830  -24.787 0.5000000000
15113  17.818  -53.443  -23.936 0.4000000060
15129  26.913  -53.530  -26.464 0.5000000000
15141  26.705  -54.418  -27.497 0.6000000238
15146  27.534  -53.413  -27.849 0.6999999881
15170  27.716  -53.256  -30.143 0.6999999881
15195  26.353  -53.459  -33.179 0.8000000119
15204  24.551  -53.687  -35.341 0.6000000238
15220  25.863  -53.619  -37.314 0.4000000060
15221  25.291  -54.011  -37.077 0.6000000238
15807  23.184  -52.697  -23.432 0.5000000000
15820  17.615  -52.760  -24.527 0.3000000119
15839  27.252  -52.779  -26.253 0.6999999881
15849  28.358  -52.092  -27.259 0.5000000000
15870  28.599  -52.163  -28.732 0.4000000060
15923  23.563  -52.545  -35.858 0.6000000238
15939  24.760  -53.064  -37.117 0.6999999881
16536  25.108  -50.610  -23.926 0.4000000060
16542  19.804  -52.037  -23.997 0.4000000060
16548  25.364  -51.826  -24.246 0.4000000060
16551  19.791  -51.441  -24.280 0.5000000000
16562  26.556  -51.298  -24.876 0.5000000000
16576  27.614  -51.915  -26.048 0.6000000238
16594  29.076  -51.188  -28.567 0.5000000000
16635  28.790  -50.912  -31.328 0.4000000060
16636  28.018  -51.599  -32.297 0.6000000238
16666  23.502  -51.764  -35.677 0.5000000000
16673  27.006  -50.724  -37.122 0.5000000000
17311  26.849  -49.904  -24.883 0.4000000060
17322  27.861  -50.453  -25.783 0.5000000000
17363  29.478  -50.276  -29.640 0.5000000000
17375  29.051  -50.794  -30.704 0.4000000060
17414  24.316  -50.601  -34.956 0.5000000000
18106  25.364  -49.219  -24.160 0.4000000060
18124  28.981  -49.590  -26.664 0.5000000000
18187  28.812  -49.751  -32.248 0.3000000119
18188  28.454  -49.156  -32.879 0.3000000119
18213  24.256  -49.034  -36.165 0.6000000238
18222  25.168  -48.988  -36.843 0.5000000000
18223  24.435  -48.821  -36.395 0.5000000000
18925  25.250  -48.387  -24.269 0.4000000060
18927  21.428  -48.765  -24.666 0.4000000060
18973  30.223  -48.150  -29.113 0.4000000060
18984  29.797  -48.702  -30.296 0.4000000060
19015  24.283  -48.347  -35.982 0.5000000000
19032  25.035  -48.366  -36.719 0.5000000000
19724  23.717  -47.724  -24.500 0.4000000060
19734  28.130  -48.539  -25.586 0.4000000060
19735  26.872  -47.172  -24.865 0.4000000060
19796  29.712  -47.147  -31.010 0.4000000060
19818  28.295  -46.734  -32.825 0.4000000060
19827  26.460  -46.913  -34.198 0.4000000060
19856  24.924  -47.789  -36.574 0.5000000000
20567  26.082  -47.116  -24.668 0.4000000060
20568  25.161  -46.688  -24.725 0.3000000119
20576  27.887  -47.738  -25.347 0.4000000060
20606  30.344  -46.905  -28.459 0.4000000060
20632  29.874  -46.564  -30.679 0.4000000060
20653  28.530  -46.210  -32.513 0.4000000060
20662  26.648  -46.270  -33.968 0.4000000060
20675  24.550  -46.892  -35.914 0.5000000000
20689  24.835  -47.315  -36.445 0.6000000238
21454  29.849  -45.814  -30.747 0.3000000119
21481  26.962  -45.573  -33.725 0.4000000060
21494  24.934  -45.409  -35.916 0.4000000060
23254  25.005  -43.587  -35.364 0.3000000119
23278  25.090  -43.993  -36.029 0.4000000060
24117  25.467  -43.248  -34.687 0.3000000119
24126  25.116  -42.985  -35.146 0.3000000119
24151  25.010  -43.372  -35.890 0.4000000060
127727  29.771  -49.010  -27.825 0.5000000000
128297  26.512  -55.195  -32.903 0.8000000119
129264  15.316  -53.523  -24.344 0.3000000119
129531  34.990  -60.822  -37.252 0.4000000060
130337  26.364  -54.217  -32.934 0.8000000119
131198  29.874  -49.302  -29.098 0.4000000060
132531  27.555  -52.246  -32.329 0.6999999881
133204  26.731  -54.959  -29.932 0.6999999881
133449  23.135  -53.495  -23.525 0.5000000000
133696  25.667  -50.691  -24.234 0.5000000000
134331  26.596  -51.917  -25.150 0.5000000000
135648  23.219  -51.876  -23.401 0.5000000000
135800  27.921  -52.253  -37.425 0.4000000060
136601  23.982  -49.858  -36.112 0.6000000238
137594  27.279  -47.595  -25.020 0.4000000060
137634  29.222  -47.421  -26.415 0.4000000060
137711  24.950  -45.396  -35.127 0.4000000060
139916  26.566  -56.201  -33.223 0.6000000238
139978  29.942  -48.242  -27.708 0.4000000060
141232  28.026  -56.095  -38.113 0.6999999881
141622  24.471  -50.712  -23.680 0.4000000060
144441  26.017  -57.154  -36.536 0.6999999881
144606  29.456  -47.810  -31.457 0.4000000060
144868  29.180  -48.457  -31.903 0.3000000119
145091  27.529  -57.968  -30.808 0.6999999881
145379  27.329  -44.923  -33.439 0.5000000000
145516  20.967  -51.970  -23.523 0.4000000060
146124  26.708  -54.034  -37.510 0.5000000000
146590  28.171  -57.915  -28.027 0.6000000238
147043  25.389  -51.127  -24.125 0.5000000000
147304  26.277  -52.515  -25.178 0.5000000000
147762  25.228  -54.874  -36.059 0.6000000238
147851  16.860  -55.396  -23.305 0.3000000119
148370  27.439  -53.649  -29.521 0.6000000238
148504  28.398  -52.358  -27.933 0.6999999881
149595  24.966  -46.704  -36.351 0.6000000238
150244  24.676  -49.539  -36.692 0.5000000000
150429  30.393  -56.846  -36.316 0.6000000238
150517  26.738  -55.643  -27.287 0.6000000238
152443  26.871  -54.368  -28.845 0.6000000238
152811  28.485  -52.818  -37.602 0.4000000060
153226  24.375  -52.683  -23.878 0.5000000000
154318  27.458  -53.384  -30.611 0.6999999881
154473  28.716  -51.329  -30.882 0.4000000060
155133  20.928  -52.484  -23.446 0.5000000000
155340  27.783  -54.641  -37.845 0.6000000238
156480  28.160  -51.801  -26.635 0.6000000238
156536  25.130  -54.300  -36.893 0.6000000238
156709  35.700  -61.291  -39.580 0.4000000060
156916  24.204  -51.301  -34.859 0.6999999881
157049  27.089  -49.655  -33.948 0.5000000000
157088  30.313  -45.889  -27.902 0.4000000060
