#!ascii label  , from subject NIHPD_75_135 vox2ras=TkReg
1444
137364  27.493  -75.382  -32.188 0.5000000000
7366  22.341  -64.912  -29.884 0.6000000238
7983  21.911  -64.558  -29.068 0.6000000238
8000  21.122  -64.469  -28.796 0.6000000238
7984  20.630  -63.620  -28.139 0.6000000238
7968  22.407  -64.149  -28.498 0.6999999881
7969  21.467  -63.849  -28.320 0.6000000238
4283  22.530  -71.684  -32.505 0.5000000000
3932  23.148  -71.615  -35.072 0.6000000238
4297  22.372  -71.533  -34.829 0.6000000238
4725  22.491  -71.803  -33.282 0.5000000000
155045  24.364  -71.347  -35.487 0.5000000000
151428  23.817  -71.549  -35.263 0.4000000060
3926  23.086  -71.928  -34.176 0.5000000000
3920  23.049  -72.247  -33.213 0.6000000238
6254  21.062  -67.239  -28.419 0.5000000000
4282  25.429  -71.471  -32.204 0.4000000060
148986  20.745  -66.725  -28.904 0.5000000000
6772  20.574  -66.623  -28.048 0.5000000000
6266  20.582  -66.501  -29.821 0.6000000238
128516  20.732  -65.708  -30.215 0.6000000238
156943  21.964  -65.066  -30.361 0.6000000238
7365  23.362  -65.077  -30.011 0.6999999881
7385  21.496  -65.008  -29.843 0.6000000238
7980  25.155  -64.956  -29.307 0.6000000238
7981  23.728  -64.728  -29.166 0.6999999881
7965  25.678  -64.542  -28.608 0.6000000238
144627  24.431  -64.771  -29.024 0.6000000238
7967  23.272  -64.317  -28.536 0.6999999881
7949  26.120  -64.048  -28.034 0.6999999881
8586  20.424  -62.862  -28.566 0.6000000238
4704  22.253  -70.920  -32.164 0.5000000000
149059  22.079  -71.443  -33.709 0.6000000238
4714  22.041  -71.041  -33.065 0.5000000000
3937  23.275  -71.263  -35.903 0.6000000238
4306  22.463  -71.281  -35.694 0.6999999881
4290  22.515  -71.765  -33.995 0.6000000238
4305  25.018  -71.162  -35.333 0.4000000060
6277  20.540  -66.798  -30.824 0.5000000000
141032  20.954  -67.307  -30.158 0.5000000000
131518  26.132  -74.159  -31.282 0.5000000000
142680  21.445  -65.580  -31.814 0.6999999881
129722  20.502  -66.170  -30.662 0.6000000238
142774  22.600  -65.561  -31.509 0.6999999881
7400  20.935  -65.613  -31.235 0.6000000238
131189  21.632  -65.310  -30.876 0.6000000238
142574  23.359  -65.430  -30.871 0.6999999881
146295  24.955  -65.311  -30.049 0.6000000238
7383  24.300  -65.449  -30.597 0.6000000238
7979  26.110  -64.892  -29.358 0.6000000238
138005  26.936  -64.722  -29.428 0.6000000238
7964  26.521  -64.424  -28.725 0.6999999881
8557  22.659  -63.132  -27.572 0.6999999881
9231  20.556  -62.298  -29.180 0.5000000000
7951  24.444  -64.118  -27.886 0.6999999881
144468  23.675  -64.027  -27.928 0.6999999881
8573  21.440  -63.003  -28.048 0.6000000238
4743  20.174  -70.683  -34.967 0.5000000000
140981  21.466  -70.420  -33.232 0.5000000000
4715  21.733  -70.245  -32.586 0.5000000000
143722  20.785  -70.993  -37.226 0.6999999881
4742  21.018  -71.007  -34.461 0.6000000238
4313  24.284  -70.841  -36.888 0.5000000000
4331  22.862  -70.696  -37.608 0.6999999881
4332  21.697  -70.840  -37.610 0.6999999881
4307  21.786  -71.297  -35.443 0.6000000238
4298  21.589  -71.362  -34.909 0.6000000238
4304  25.823  -70.638  -35.842 0.4000000060
3930  24.671  -71.058  -36.196 0.4000000060
3936  24.008  -71.214  -36.075 0.5000000000
6293  20.270  -67.091  -32.265 0.5000000000
7424  20.678  -66.069  -32.491 0.5000000000
6811  20.416  -66.521  -32.391 0.5000000000
6802  20.425  -66.573  -31.600 0.5000000000
7422  22.225  -65.843  -32.404 0.6000000238
133665  20.849  -65.754  -31.996 0.5000000000
148753  23.205  -65.918  -32.243 0.6999999881
133890  25.028  -66.006  -32.146 0.6000000238
7399  23.927  -65.797  -31.597 0.6999999881
7396  26.478  -65.697  -31.538 0.6000000238
7397  25.628  -65.784  -31.440 0.6000000238
7398  24.836  -65.747  -31.288 0.6999999881
7997  28.635  -64.590  -30.613 0.6999999881
7382  26.088  -65.532  -30.790 0.6000000238
140401  25.258  -65.546  -30.694 0.6000000238
8584  29.036  -63.662  -29.443 0.6000000238
125755  27.923  -64.776  -30.289 0.6999999881
7999  26.626  -65.186  -30.156 0.6999999881
9217  29.787  -62.219  -28.595 0.6000000238
8569  29.423  -62.894  -28.872 0.6000000238
7978  27.678  -64.504  -29.566 0.6999999881
9875  21.543  -61.890  -28.612 0.6000000238
7963  27.320  -64.231  -28.855 0.6999999881
8556  23.393  -63.454  -27.477 0.6999999881
9219  21.078  -62.412  -28.563 0.6000000238
9882  30.126  -61.532  -28.551 0.6999999881
150298  28.539  -63.194  -28.418 0.6000000238
8570  27.666  -63.663  -28.313 0.8000000119
136443  27.216  -63.435  -27.791 0.6999999881
7950  25.273  -64.126  -27.899 0.6999999881
136681  24.043  -63.683  -27.487 0.6999999881
152429  20.331  -70.322  -34.274 0.6000000238
4802  20.595  -70.776  -38.163 0.6999999881
148904  19.829  -70.804  -37.481 0.6999999881
4764  20.078  -70.872  -35.759 0.6000000238
4330  23.819  -70.607  -37.656 0.5000000000
4801  22.258  -70.483  -38.481 0.6999999881
136957  25.330  -70.787  -36.414 0.4000000060
4312  25.002  -70.779  -37.074 0.5000000000
128046  20.128  -67.740  -32.762 0.5000000000
5761  20.552  -67.894  -32.008 0.5000000000
6300  20.155  -67.017  -32.996 0.5000000000
7445  21.942  -66.127  -33.156 0.6000000238
127017  24.197  -66.349  -33.504 0.6000000238
7444  23.135  -66.171  -33.116 0.6999999881
7423  21.205  -65.834  -32.523 0.6999999881
130138  24.958  -66.253  -33.097 0.6999999881
7420  26.040  -65.969  -32.223 0.6000000238
132152  25.655  -66.130  -32.836 0.6000000238
7421  24.088  -66.145  -32.597 0.6999999881
8018  28.940  -64.841  -31.483 0.6999999881
8019  28.093  -65.039  -31.103 0.6999999881
7395  27.377  -65.473  -31.555 0.6999999881
143042  22.537  -61.491  -27.747 0.6000000238
8595  30.424  -63.397  -30.423 0.6000000238
7996  29.379  -64.345  -30.826 0.6999999881
7381  26.792  -65.447  -30.932 0.6999999881
10529  30.947  -60.594  -29.159 0.6000000238
9894  30.688  -61.428  -29.038 0.6000000238
9228  30.824  -62.072  -29.513 0.6000000238
8583  29.961  -63.122  -29.619 0.6000000238
7976  29.045  -64.180  -30.169 0.6999999881
9874  22.014  -61.835  -28.120 0.6000000238
10515  30.398  -60.924  -28.645 0.6000000238
156812  30.365  -62.533  -29.434 0.6000000238
9185  25.472  -62.471  -26.499 0.6999999881
9186  24.687  -62.783  -26.698 0.6000000238
9205  23.236  -62.743  -27.135 0.6999999881
8558  22.031  -62.709  -27.874 0.6000000238
11144  30.677  -59.600  -29.284 0.5000000000
11134  30.153  -60.210  -28.570 0.6000000238
10516  29.838  -60.914  -28.155 0.8000000119
9201  28.996  -61.855  -27.636 0.8000000119
9203  27.699  -62.449  -27.184 0.8000000119
8541  27.096  -62.969  -27.250 0.8000000119
8554  25.732  -63.576  -27.380 0.6999999881
9204  23.966  -63.134  -27.020 0.6999999881
9218  29.149  -62.407  -28.161 0.8000000119
8552  27.789  -63.054  -27.725 0.8000000119
4783  19.638  -70.651  -36.454 0.6999999881
5303  19.450  -70.113  -35.578 0.6999999881
5304  19.317  -69.113  -35.148 0.6999999881
5270  20.933  -69.617  -33.010 0.6000000238
4817  21.625  -70.090  -39.074 0.6999999881
5781  19.625  -68.359  -34.030 0.6000000238
4800  23.313  -70.363  -38.422 0.6000000238
5772  20.146  -68.590  -33.241 0.5000000000
137802  19.879  -67.604  -33.557 0.5000000000
12456  21.934  -57.802  -26.909 0.6000000238
127214  20.231  -67.021  -33.739 0.5000000000
11758  22.492  -58.294  -26.958 0.5000000000
6828  20.811  -66.633  -33.804 0.5000000000
11757  22.971  -58.953  -26.907 0.6000000238
6846  23.096  -66.463  -34.745 0.6999999881
6827  21.610  -66.377  -33.876 0.6000000238
7443  24.982  -66.406  -33.984 0.6999999881
6826  22.608  -66.336  -33.920 0.6999999881
11128  23.014  -59.641  -27.523 0.6000000238
132949  26.481  -66.082  -33.130 0.6999999881
7442  25.713  -66.289  -33.599 0.6000000238
8041  29.457  -64.943  -32.164 0.6999999881
156593  28.932  -65.145  -32.081 0.6999999881
150031  27.647  -65.641  -32.352 0.6999999881
9856  23.427  -61.327  -26.778 0.6000000238
10506  23.402  -60.309  -26.829 0.6000000238
7995  30.115  -63.987  -30.982 0.6000000238
7394  28.316  -65.329  -32.011 0.6999999881
143448  24.150  -61.491  -26.333 0.6000000238
10507  22.877  -60.775  -27.533 0.6000000238
9243  32.011  -61.894  -30.666 0.6000000238
9244  31.412  -62.160  -30.199 0.6000000238
9854  25.638  -61.651  -26.144 0.6999999881
9187  23.865  -62.256  -26.649 0.6000000238
9873  22.915  -61.587  -27.310 0.6000000238
10528  31.677  -60.633  -29.779 0.6000000238
10505  28.777  -60.307  -27.259 0.6000000238
9852  27.235  -61.379  -26.427 0.6000000238
146165  26.166  -62.210  -26.435 0.6999999881
9206  22.598  -62.238  -27.487 0.6000000238
9872  27.761  -61.834  -26.845 0.8000000119
9870  29.150  -61.048  -27.521 0.6000000238
126003  28.533  -60.877  -27.064 0.6999999881
8542  26.221  -62.928  -26.863 0.8000000119
5318  18.868  -70.157  -38.174 0.6999999881
127206  18.772  -69.594  -37.159 0.6999999881
5310  18.991  -69.143  -36.124 0.6999999881
4830  20.988  -69.588  -39.457 0.6999999881
4818  20.451  -70.225  -39.093 0.6999999881
146354  19.309  -68.486  -35.533 0.6000000238
126575  23.427  -57.118  -25.064 0.6000000238
12440  21.538  -57.359  -25.753 0.6000000238
154711  21.859  -57.667  -26.223 0.6000000238
153470  20.031  -67.390  -35.071 0.6000000238
12438  23.084  -57.894  -25.687 0.5000000000
6860  22.721  -66.488  -35.325 0.6999999881
6848  21.332  -66.666  -34.669 0.6999999881
11739  24.516  -58.246  -25.440 0.4000000060
12455  22.968  -58.449  -26.284 0.5000000000
7460  24.837  -66.441  -34.891 0.6999999881
6845  23.994  -66.457  -35.042 0.8000000119
11755  24.186  -59.006  -25.870 0.5000000000
132031  26.372  -66.304  -33.993 0.6000000238
6825  23.578  -66.407  -34.077 0.6999999881
11122  23.948  -59.797  -26.258 0.6000000238
7441  27.423  -65.905  -33.028 0.6999999881
10474  25.221  -60.223  -25.771 0.6999999881
10494  24.513  -60.297  -25.959 0.6000000238
8015  31.205  -63.752  -31.911 0.6999999881
8040  30.211  -64.622  -32.301 0.6999999881
10473  26.081  -60.089  -25.785 0.5000000000
10495  24.009  -60.731  -26.284 0.6000000238
8611  32.131  -62.664  -31.739 0.6000000238
8612  31.505  -63.151  -31.437 0.6000000238
8016  30.538  -64.156  -31.714 0.6999999881
9855  24.829  -61.062  -25.979 0.6999999881
9269  31.792  -62.496  -30.978 0.6000000238
8594  31.156  -62.970  -30.663 0.6000000238
10491  27.478  -60.542  -26.371 0.5000000000
10493  26.590  -60.811  -26.056 0.6000000238
9904  31.871  -61.349  -30.211 0.6000000238
11127  28.875  -59.734  -27.486 0.6000000238
11120  28.413  -59.693  -26.996 0.5000000000
9853  26.462  -61.605  -26.254 0.6999999881
154814  28.874  -58.715  -28.964 0.6000000238
5813  18.704  -68.574  -39.315 0.6999999881
6340  18.782  -68.213  -38.108 0.6999999881
6330  19.282  -67.950  -37.208 0.6000000238
6312  19.702  -67.839  -35.450 0.6000000238
137311  23.092  -56.504  -24.626 0.4000000060
13145  21.880  -57.067  -25.170 0.5000000000
6320  20.274  -67.367  -35.832 0.6000000238
153360  24.158  -56.800  -24.879 0.5000000000
147945  21.559  -66.653  -37.372 0.6999999881
6875  22.277  -66.448  -36.783 0.6999999881
6849  20.447  -67.024  -34.704 0.6000000238
144672  23.814  -57.816  -25.379 0.5000000000
7469  25.263  -66.378  -35.785 0.6999999881
11738  25.435  -58.432  -25.508 0.4000000060
7456  28.919  -66.045  -34.120 0.6999999881
7457  28.017  -66.254  -34.435 0.6999999881
149944  27.357  -66.369  -34.770 0.6999999881
139613  24.858  -58.940  -25.590 0.6000000238
8053  31.357  -64.245  -33.169 0.6999999881
7438  30.290  -65.273  -33.647 0.6999999881
143591  28.087  -65.997  -33.604 0.6999999881
129434  27.209  -66.206  -33.942 0.6999999881
11737  26.284  -58.611  -25.714 0.5000000000
11112  25.562  -59.331  -25.635 0.5000000000
8038  31.804  -63.306  -32.223 0.6000000238
8039  30.920  -64.245  -32.443 0.6999999881
7416  29.840  -65.081  -32.893 0.6999999881
7417  28.995  -65.374  -32.681 0.6999999881
11111  26.441  -59.342  -25.797 0.5000000000
9267  32.943  -61.261  -31.522 0.5000000000
140714  32.745  -62.115  -32.040 0.6000000238
6354  19.936  -67.726  -39.098 0.6999999881
6890  20.581  -67.161  -37.950 0.6999999881
13129  23.134  -55.928  -24.281 0.4000000060
6905  21.558  -66.756  -38.913 0.6999999881
6329  20.039  -67.508  -37.061 0.6999999881
131494  22.432  -56.280  -24.376 0.4000000060
6889  21.677  -66.542  -38.410 0.6999999881
12423  21.115  -57.026  -25.028 0.6000000238
7482  23.889  -65.907  -37.049 0.8000000119
7495  22.355  -66.106  -37.819 0.6999999881
7468  26.349  -66.437  -36.559 0.6000000238
7481  24.661  -66.059  -36.776 0.6000000238
152451  19.500  -57.181  -25.162 0.6000000238
7467  26.990  -66.483  -35.609 0.6999999881
125703  26.114  -66.413  -35.695 0.6000000238
7455  29.886  -65.813  -34.224 0.6000000238
7437  31.836  -64.172  -33.936 0.6000000238
12444  17.403  -57.664  -25.402 0.5000000000
8626  32.420  -62.810  -32.570 0.6000000238
8052  32.036  -63.567  -33.134 0.6999999881
9282  33.279  -61.522  -32.435 0.5000000000
129187  22.509  -65.892  -38.543 0.6999999881
13116  22.434  -55.658  -23.958 0.4000000060
135239  23.697  -65.466  -37.981 0.8000000119
149699  21.098  -56.567  -24.371 0.5000000000
7480  26.018  -66.249  -37.442 0.8000000119
13117  20.534  -56.161  -23.959 0.4000000060
147199  21.581  -56.055  -24.006 0.4000000060
145578  25.535  -66.199  -36.959 0.6999999881
152612  19.205  -56.851  -24.477 0.4000000060
13131  20.442  -56.731  -24.536 0.5000000000
7453  31.692  -64.612  -34.567 0.6000000238
6842  29.539  -66.229  -34.934 0.6000000238
6843  28.662  -66.393  -35.026 0.6999999881
13118  18.996  -56.268  -23.894 0.4000000060
8051  32.481  -63.562  -34.118 0.6000000238
157345  31.145  -64.830  -33.922 0.6000000238
12427  17.102  -57.567  -24.530 0.4000000060
12425  18.703  -57.270  -24.973 0.6000000238
8634  32.735  -62.911  -33.438 0.6000000238
133562  33.449  -61.734  -33.176 0.5000000000
9941  33.731  -60.950  -33.038 0.5000000000
146975  22.493  -55.043  -23.687 0.4000000060
150941  23.812  -65.100  -38.939 0.8000000119
13819  20.937  -55.475  -23.602 0.4000000060
7491  25.552  -65.850  -38.084 0.6999999881
144516  20.076  -55.530  -23.602 0.4000000060
135077  28.384  -66.698  -35.855 0.6000000238
6857  27.574  -66.652  -36.099 0.6999999881
7454  30.668  -65.459  -34.418 0.6000000238
14467  19.556  -54.957  -23.402 0.4000000060
13119  18.029  -56.277  -23.689 0.4000000060
8633  33.114  -62.941  -34.303 0.6000000238
13134  17.407  -56.962  -23.946 0.4000000060
9290  33.299  -62.302  -33.672 0.4000000060
14464  22.073  -54.517  -23.459 0.4000000060
6888  26.196  -66.196  -38.068 0.6999999881
14465  21.224  -54.672  -23.432 0.4000000060
144495  28.916  -67.004  -36.589 0.6999999881
6872  27.256  -66.779  -36.970 0.6000000238
14466  20.374  -54.820  -23.410 0.4000000060
137112  31.310  -65.137  -34.819 0.6000000238
7466  30.943  -65.647  -35.062 0.6000000238
13822  17.706  -55.554  -23.392 0.4000000060
139077  17.150  -56.207  -23.427 0.3000000119
9295  33.568  -62.316  -34.395 0.4000000060
9947  34.308  -60.960  -34.536 0.4000000060
9302  34.056  -61.915  -35.020 0.4000000060
141811  20.654  -53.991  -23.366 0.4000000060
149456  18.892  -54.380  -23.493 0.4000000060
8068  32.464  -64.269  -35.609 0.6000000238
8061  32.889  -63.608  -35.186 0.6000000238
8645  33.376  -63.387  -36.179 0.6000000238
147656  34.425  -61.813  -36.026 0.4000000060
9968  34.704  -61.680  -36.950 0.5000000000
131691  34.710  -60.922  -36.178 0.4000000060
151965  14.879  -53.270  -24.773 0.3000000119
129531  34.990  -60.822  -37.252 0.4000000060
16539  22.554  -51.415  -23.377 0.4000000060
15821  16.778  -52.712  -24.786 0.3000000119
15843  13.625  -52.643  -26.513 0.4000000060
17305  23.705  -50.440  -23.525 0.4000000060
17308  21.063  -51.152  -23.705 0.4000000060
16564  18.625  -51.367  -25.149 0.3000000119
16563  19.286  -51.220  -24.742 0.3000000119
15832  15.594  -52.454  -25.652 0.3000000119
15822  16.085  -52.693  -25.017 0.3000000119
15834  14.002  -52.996  -25.654 0.3000000119
18098  23.615  -49.408  -23.775 0.4000000060
154038  21.697  -49.783  -23.944 0.4000000060
16550  20.380  -50.975  -24.082 0.4000000060
16565  17.797  -51.534  -25.752 0.3000000119
16566  16.981  -51.818  -26.041 0.3000000119
16598  12.293  -51.621  -30.132 0.4000000060
129601  12.292  -51.068  -31.056 0.3000000119
143701  12.013  -50.699  -31.136 0.3000000119
15841  15.456  -52.037  -26.394 0.3000000119
15850  14.981  -51.816  -26.973 0.3000000119
18108  22.044  -49.258  -24.060 0.4000000060
17315  20.535  -50.241  -24.317 0.4000000060
17324  19.854  -50.017  -24.912 0.3000000119
16577  18.380  -50.828  -25.894 0.3000000119
138932  17.802  -51.003  -26.393 0.3000000119
15861  12.947  -51.787  -28.730 0.3000000119
16579  16.627  -51.549  -26.819 0.3000000119
16626  13.071  -51.224  -31.136 0.3000000119
16580  15.827  -51.656  -26.973 0.3000000119
17390  14.397  -51.081  -31.664 0.4000000060
147614  13.646  -50.486  -31.718 0.3000000119
18190  15.802  -49.751  -32.191 0.3000000119
156801  14.064  -49.900  -31.921 0.3000000119
149685  20.499  -49.516  -24.760 0.4000000060
136279  19.453  -49.831  -25.538 0.4000000060
17335  18.852  -50.000  -26.151 0.3000000119
142338  13.697  -51.496  -29.951 0.4000000060
17336  18.124  -50.439  -26.665 0.3000000119
153274  14.329  -51.483  -29.351 0.3000000119
16608  13.788  -51.428  -30.872 0.4000000060
154218  15.367  -51.386  -30.107 0.4000000060
18191  15.616  -49.273  -32.308 0.3000000119
18110  20.636  -48.854  -25.171 0.4000000060
18940  20.093  -48.835  -25.729 0.4000000060
18126  18.983  -49.345  -26.667 0.4000000060
18127  18.450  -49.736  -27.010 0.4000000060
16585  16.951  -51.181  -27.405 0.3000000119
17358  16.482  -50.880  -28.973 0.3000000119
16607  15.903  -51.187  -29.848 0.3000000119
17364  16.792  -49.997  -30.293 0.3000000119
18167  16.660  -49.676  -31.453 0.5000000000
17377  15.792  -50.797  -31.502 0.4000000060
18177  16.219  -49.596  -32.095 0.4000000060
19822  15.828  -48.153  -32.335 0.3000000119
148572  19.936  -48.495  -26.326 0.4000000060
18946  19.359  -48.726  -26.824 0.4000000060
18137  18.199  -49.406  -27.830 0.3000000119
153592  17.720  -49.034  -29.509 0.3000000119
19773  18.711  -47.819  -29.424 0.3000000119
19785  18.645  -47.312  -30.134 0.3000000119
17349  17.092  -50.627  -28.072 0.3000000119
18144  18.025  -49.028  -28.776 0.3000000119
18156  17.389  -49.131  -30.347 0.3000000119
147361  17.773  -48.364  -30.586 0.3000000119
19797  18.415  -46.840  -30.962 0.3000000119
141780  17.370  -49.533  -29.394 0.3000000119
18986  17.218  -48.747  -31.422 0.3000000119
18996  16.384  -49.049  -32.212 0.3000000119
21475  16.377  -46.157  -32.030 0.3000000119
19737  23.312  -47.188  -24.963 0.3000000119
19738  22.456  -47.360  -25.273 0.3000000119
19740  20.950  -47.691  -26.101 0.3000000119
19760  21.070  -46.812  -27.181 0.3000000119
20600  20.508  -46.559  -28.377 0.3000000119
20621  19.728  -45.755  -29.972 0.3000000119
153223  20.387  -47.973  -26.471 0.3000000119
19761  20.196  -47.392  -27.742 0.3000000119
19772  19.247  -47.757  -28.715 0.3000000119
20608  19.310  -47.193  -29.375 0.3000000119
20622  19.141  -46.496  -30.226 0.3000000119
20644  18.202  -46.311  -31.718 0.3000000119
19810  17.097  -47.665  -32.038 0.3000000119
20645  17.513  -46.561  -32.136 0.3000000119
19005  16.564  -48.322  -32.180 0.3000000119
20655  17.023  -46.337  -32.353 0.3000000119
20579  24.470  -46.383  -24.988 0.3000000119
20581  22.850  -46.619  -25.702 0.3000000119
19751  21.473  -47.040  -26.487 0.3000000119
20599  21.051  -46.401  -27.706 0.3000000119
21431  20.490  -45.737  -29.045 0.3000000119
21455  19.567  -44.951  -30.796 0.3000000119
21464  18.665  -45.491  -31.757 0.3000000119
151160  17.930  -45.085  -32.621 0.3000000119
21466  16.369  -45.040  -31.939 0.3000000119
21446  20.139  -45.094  -29.826 0.3000000119
22334  19.009  -44.458  -32.001 0.3000000119
21474  17.989  -44.384  -32.774 0.3000000119
130950  16.943  -45.351  -32.334 0.3000000119
149085  16.932  -44.297  -32.294 0.3000000119
22293  20.724  -44.688  -29.182 0.3000000119
22318  20.166  -44.233  -30.267 0.3000000119
22319  19.612  -44.099  -31.257 0.3000000119
22292  21.342  -44.524  -28.363 0.3000000119
137931  20.666  -43.886  -29.596 0.3000000119
23191  20.473  -43.345  -30.250 0.3000000119
23206  19.358  -43.331  -32.078 0.3000000119
23222  18.693  -43.275  -32.765 0.3000000119
23237  17.953  -43.328  -32.938 0.3000000119
148809  17.196  -42.294  -32.379 0.3000000119
3137  26.837  -74.876  -31.829 0.5000000000
3529  25.488  -73.753  -31.445 0.5000000000
3911  25.239  -72.473  -31.600 0.4000000060
7982  22.845  -64.623  -29.208 0.6999999881
8572  22.116  -63.500  -27.998 0.6999999881
4295  25.721  -70.807  -34.692 0.4000000060
4276  25.501  -71.731  -31.460 0.5000000000
7363  25.704  -65.276  -30.046 0.6000000238
138400  20.523  -66.547  -33.082 0.5000000000
7998  27.363  -65.177  -30.661 0.6000000238
7471  24.012  -66.290  -36.104 0.8000000119
6861  22.011  -66.597  -35.632 0.6999999881
7459  25.731  -66.401  -34.647 0.6000000238
7439  29.448  -65.576  -33.474 0.6999999881
13133  18.369  -56.847  -24.238 0.4000000060
10561  33.762  -60.209  -32.643 0.5000000000
7452  32.222  -64.164  -34.789 0.6000000238
9948  33.804  -61.570  -33.925 0.4000000060
6856  30.145  -66.497  -35.667 0.6000000238
6854  31.455  -65.552  -35.596 0.6000000238
14468  18.240  -54.947  -23.405 0.3000000119
9303  33.510  -62.804  -35.159 0.4000000060
8644  33.918  -62.596  -36.039 0.4000000060
17306  22.795  -50.637  -23.455 0.4000000060
18939  21.172  -48.164  -25.367 0.3000000119
20580  23.738  -46.500  -25.239 0.3000000119
6885  29.371  -67.318  -37.606 0.5000000000
6900  28.348  -67.325  -38.116 0.5000000000
6902  26.510  -66.417  -38.596 0.6999999881
6912  26.180  -66.188  -39.110 0.6999999881
155871  22.690  -65.796  -39.128 0.6000000238
6886  27.699  -67.047  -37.575 0.6000000238
6903  25.791  -65.779  -38.685 0.6000000238
5825  22.076  -68.500  -39.631 0.6000000238
145770  19.976  -69.509  -39.619 0.6000000238
6368  26.869  -66.936  -39.367 0.6999999881
144804  24.540  -67.196  -40.174 0.6000000238
129481  21.984  -67.867  -39.602 0.6000000238
6378  25.006  -66.414  -40.060 0.6999999881
6915  23.573  -65.900  -39.747 0.6000000238
6374  20.311  -67.989  -39.472 0.6000000238
6884  30.637  -67.092  -37.600 0.5000000000
5833  26.187  -68.180  -40.085 0.6999999881
5835  24.759  -68.129  -40.137 0.6999999881
5347  25.026  -69.071  -40.044 0.6000000238
5338  22.947  -68.956  -39.634 0.6000000238
5824  27.417  -67.587  -39.511 0.6000000238
6377  26.112  -67.141  -40.014 0.6999999881
137990  23.037  -67.973  -39.818 0.6000000238
6367  28.272  -67.869  -39.447 0.6000000238
139471  31.544  -66.571  -37.350 0.5000000000
6870  29.893  -66.975  -36.554 0.5000000000
5832  27.722  -68.252  -39.823 0.6999999881
5346  25.869  -69.180  -40.175 0.6000000238
4816  22.783  -69.978  -38.972 0.6000000238
6867  32.180  -65.989  -37.341 0.5000000000
6868  31.537  -66.109  -36.408 0.5000000000
8668  33.716  -63.953  -38.588 0.5000000000
7479  32.028  -65.441  -36.394 0.5000000000
9327  34.054  -62.917  -37.972 0.4000000060
7985  19.910  -63.435  -28.371 0.4000000060
8001  20.537  -64.341  -28.275 0.4000000060
7386  20.908  -65.126  -29.319 0.5000000000
150980  21.066  -65.394  -30.358 0.5000000000
7387  20.525  -65.084  -28.842 0.5000000000
137909  32.436  -64.755  -36.419 0.5000000000
6793  20.550  -65.731  -29.521 0.5000000000
6766  18.775  -66.315  -26.962 0.6000000238
8661  33.208  -63.977  -37.430 0.4000000060
6765  20.026  -66.419  -27.369 0.5000000000
141036  18.972  -63.522  -28.675 0.5000000000
7367  19.883  -64.185  -27.840 0.5000000000
7986  18.868  -64.134  -28.021 0.5000000000
7368  19.441  -64.821  -27.799 0.5000000000
7369  18.521  -64.648  -27.851 0.5000000000
6783  20.281  -65.223  -28.383 0.5000000000
7350  19.048  -65.261  -27.553 0.5000000000
8067  32.845  -64.087  -36.360 0.5000000000
6773  19.961  -65.689  -27.885 0.5000000000
9981  34.716  -62.652  -39.302 0.4000000060
8660  33.732  -63.208  -37.159 0.4000000060
9976  34.545  -62.472  -38.485 0.4000000060
9906  20.773  -61.824  -30.034 0.5000000000
7987  17.970  -64.137  -28.620 0.5000000000
148077  34.287  -62.433  -36.913 0.4000000060
9885  21.889  -61.251  -28.855 0.5000000000
9905  21.475  -61.150  -30.373 0.5000000000
10552  21.021  -60.774  -32.592 0.5000000000
9926  20.913  -61.420  -31.090 0.5000000000
157484  34.535  -62.258  -37.616 0.4000000060
130734  21.974  -60.745  -29.758 0.5000000000
9925  21.585  -60.667  -31.269 0.5000000000
147327  22.157  -60.129  -30.172 0.5000000000
11162  21.779  -59.840  -31.310 0.5000000000
10562  21.453  -60.199  -32.142 0.5000000000
9942  20.674  -60.749  -33.443 0.4000000060
10530  22.429  -59.524  -29.025 0.5000000000
11171  21.234  -59.612  -32.712 0.6000000238
10571  20.657  -60.209  -33.936 0.6000000238
10517  22.650  -60.084  -28.323 0.5000000000
11146  22.070  -59.022  -29.642 0.5000000000
11799  21.476  -58.997  -31.197 0.5000000000
11812  21.062  -59.054  -32.137 0.6000000238
11841  20.423  -59.179  -34.129 0.6000000238
130817  19.876  -59.547  -35.421 0.6000000238
10592  19.577  -60.601  -36.558 0.5000000000
150445  18.604  -60.560  -37.225 0.5000000000
11209  17.449  -60.022  -36.872 0.5000000000
11137  22.641  -59.157  -28.319 0.5000000000
11138  22.171  -58.673  -28.864 0.5000000000
11788  21.528  -58.647  -30.209 0.5000000000
11800  20.945  -58.310  -30.673 0.6000000238
11842  20.075  -58.729  -33.827 0.6000000238
11187  19.482  -58.886  -35.320 0.6000000238
11196  19.292  -59.352  -36.050 0.6000000238
11883  17.907  -58.811  -36.266 0.5000000000
12532  13.425  -57.246  -32.735 0.5000000000
11212  14.683  -59.734  -35.859 0.5000000000
11123  23.343  -59.559  -26.754 0.5000000000
11768  22.655  -58.715  -27.630 0.5000000000
134761  21.654  -57.942  -28.421 0.6000000238
11780  20.971  -57.662  -29.026 0.6000000238
11790  20.040  -57.500  -29.617 0.6000000238
11826  19.363  -58.116  -32.378 0.6000000238
12530  18.651  -57.574  -31.924 0.6000000238
11843  19.255  -58.325  -33.987 0.6000000238
11827  18.719  -57.858  -33.133 0.6000000238
145691  18.533  -58.471  -35.628 0.6000000238
11872  17.173  -58.076  -35.771 0.5000000000
11885  16.068  -58.855  -35.973 0.5000000000
11873  15.762  -57.907  -35.606 0.5000000000
144062  15.769  -56.782  -35.045 0.5000000000
156462  14.452  -58.253  -35.424 0.5000000000
12565  14.330  -57.252  -34.869 0.5000000000
12471  21.422  -57.651  -27.528 0.6000000238
12493  20.253  -57.384  -28.903 0.6000000238
12504  19.171  -57.386  -29.960 0.6000000238
12505  18.301  -57.116  -30.296 0.6000000238
12516  18.992  -57.548  -30.885 0.6000000238
12531  18.015  -57.326  -32.702 0.6000000238
12518  17.619  -57.011  -31.858 0.6000000238
155664  17.198  -56.884  -33.944 0.5000000000
152214  17.212  -56.997  -33.019 0.5000000000
140855  16.373  -56.875  -35.054 0.5000000000
13202  15.604  -56.429  -32.890 0.5000000000
13194  15.326  -56.482  -31.614 0.6000000238
13233  15.289  -56.633  -34.649 0.5000000000
136266  14.901  -56.492  -33.346 0.5000000000
13189  14.532  -56.832  -31.226 0.5000000000
11802  14.158  -58.072  -30.827 0.5000000000
12485  19.759  -57.297  -28.197 0.6000000238
12495  18.344  -57.112  -29.391 0.6000000238
12506  17.441  -56.751  -30.720 0.6000000238
13186  16.818  -56.587  -31.399 0.6000000238
13188  15.174  -56.658  -30.447 0.6000000238
151332  14.560  -57.298  -30.329 0.5000000000
12474  19.169  -57.303  -27.474 0.6000000238
152579  16.610  -56.487  -30.653 0.6000000238
12507  15.130  -57.069  -29.652 0.6000000238
12498  14.920  -57.606  -29.567 0.5000000000
145565  19.039  -57.373  -25.846 0.6000000238
12459  19.507  -57.339  -26.677 0.6000000238
138527  18.455  -57.357  -26.683 0.6000000238
12486  17.291  -57.069  -27.884 0.6000000238
13179  16.085  -56.574  -29.531 0.6000000238
12497  15.324  -57.494  -28.862 0.5000000000
12475  17.624  -57.296  -27.100 0.6000000238
12460  17.514  -57.493  -26.320 0.6000000238
13171  15.842  -57.054  -28.501 0.6000000238
12461  16.866  -57.767  -26.010 0.6000000238
12462  16.387  -57.892  -26.411 0.5000000000
12445  16.822  -57.986  -25.125 0.4000000060
6916  22.022  -66.554  -39.206 0.6000000238
7505  24.139  -65.210  -39.329 0.6999999881
6855  30.900  -66.124  -35.645 0.5000000000
8669  33.411  -64.697  -38.661 0.5000000000
8077  32.864  -64.664  -37.496 0.5000000000
7351  18.275  -65.170  -27.604 0.6000000238
135468  20.591  -58.436  -31.415 0.6000000238
11801  20.049  -57.820  -30.579 0.6000000238
12562  17.925  -57.781  -35.062 0.6000000238
13232  15.960  -56.581  -34.606 0.5000000000
133503  18.279  -57.231  -27.635 0.6000000238
128291  17.479  -56.861  -28.871 0.6000000238
12487  16.273  -57.235  -27.792 0.6000000238
12488  15.683  -57.649  -27.960 0.6000000238
2415  27.937  -75.746  -31.497 0.4000000060
3120  28.138  -74.831  -29.278 0.5000000000
3495  27.497  -73.413  -28.679 0.5000000000
3121  27.343  -74.412  -29.670 0.4000000060
3127  27.078  -74.603  -30.369 0.4000000060
3499  26.480  -73.232  -29.702 0.4000000060
2758  26.894  -74.712  -31.078 0.4000000060
3848  28.126  -72.133  -27.923 0.5000000000
3482  28.156  -73.421  -28.228 0.5000000000
4258  26.439  -71.614  -29.380 0.5000000000
3879  26.109  -71.941  -29.966 0.5000000000
3518  25.888  -73.405  -30.743 0.4000000060
4669  28.425  -70.474  -28.114 0.5000000000
4670  27.406  -70.440  -28.605 0.5000000000
4682  26.625  -70.613  -29.431 0.5000000000
4692  25.959  -70.883  -30.756 0.5000000000
4269  25.779  -71.740  -30.671 0.4000000060
4693  25.734  -71.198  -31.240 0.4000000060
5194  28.043  -69.699  -28.752 0.5000000000
5207  27.268  -69.772  -29.358 0.5000000000
5221  28.248  -68.952  -30.796 0.5000000000
5208  26.705  -69.893  -30.144 0.5000000000
133248  26.374  -70.193  -30.982 0.5000000000
4703  25.716  -70.999  -31.839 0.4000000060
4345  24.313  -70.363  -38.484 0.5000000000
142385  24.695  -70.596  -37.785 0.4000000060
128387  25.707  -70.720  -37.358 0.4000000060
4311  26.454  -70.842  -37.437 0.4000000060
4303  26.621  -70.491  -36.461 0.4000000060
4762  26.439  -70.376  -35.457 0.4000000060
5231  27.527  -69.325  -31.209 0.5000000000
4741  26.514  -70.330  -34.607 0.4000000060
4288  26.066  -70.702  -33.997 0.4000000060
4724  26.005  -70.771  -33.301 0.4000000060
5249  28.292  -69.343  -32.534 0.4000000060
5232  26.864  -69.746  -31.587 0.5000000000
4713  25.876  -70.830  -32.572 0.4000000060
4702  26.289  -70.369  -31.969 0.4000000060
4329  25.402  -70.722  -37.902 0.4000000060
4781  27.439  -70.457  -36.516 0.4000000060
151123  27.043  -70.269  -35.896 0.4000000060
5248  29.627  -69.142  -32.769 0.4000000060
4740  27.252  -69.960  -34.440 0.4000000060
4723  26.647  -70.245  -33.735 0.4000000060
141031  28.938  -69.289  -32.885 0.4000000060
5250  27.581  -69.642  -32.881 0.4000000060
5269  27.472  -69.814  -33.658 0.4000000060
5251  26.907  -69.873  -32.432 0.4000000060
4815  23.921  -70.013  -38.996 0.5000000000
4344  25.377  -70.639  -38.735 0.4000000060
4328  26.152  -71.083  -38.399 0.4000000060
4327  27.064  -71.227  -38.238 0.4000000060
4780  28.179  -70.436  -36.499 0.4000000060
4761  27.679  -70.166  -35.832 0.4000000060
140650  27.874  -69.925  -35.093 0.4000000060
143900  27.094  -70.070  -35.226 0.4000000060
5286  29.033  -69.622  -34.228 0.4000000060
4739  28.750  -69.913  -34.994 0.4000000060
5287  28.114  -69.747  -34.306 0.4000000060
5337  24.264  -69.298  -39.724 0.5000000000
4353  25.665  -70.499  -39.596 0.5000000000
4836  25.667  -69.805  -40.059 0.6000000238
4351  26.805  -71.228  -39.850 0.5000000000
4326  27.916  -71.089  -37.883 0.4000000060
4779  28.997  -70.501  -36.509 0.4000000060
4778  29.875  -70.638  -36.453 0.4000000060
4758  30.217  -70.289  -35.678 0.4000000060
4824  27.444  -70.998  -39.986 0.4000000060
150103  26.962  -70.038  -40.368 0.5000000000
134497  28.820  -71.229  -39.105 0.4000000060
4325  28.913  -71.251  -38.293 0.4000000060
4823  29.130  -70.784  -39.814 0.5000000000
4348  30.071  -71.388  -39.333 0.4000000060
4340  29.635  -71.407  -38.945 0.4000000060
4324  30.016  -71.435  -38.184 0.4000000060
141358  28.249  -70.138  -40.297 0.6000000238
5345  27.689  -69.361  -40.236 0.6000000238
4831  30.690  -70.808  -40.144 0.5000000000
4347  30.811  -71.449  -39.509 0.4000000060
6353  27.054  -66.868  -38.977 0.5000000000
12473  20.071  -57.308  -27.423 0.5000000000
12424  20.262  -57.100  -25.189 0.5000000000
12457  21.251  -57.474  -26.636 0.5000000000
12441  20.752  -57.283  -25.870 0.5000000000
12472  20.786  -57.415  -27.299 0.5000000000
4243  26.948  -71.338  -28.668 0.5000000000
3865  26.850  -72.959  -29.070 0.5000000000
4310  27.226  -70.817  -37.296 0.4000000060
5268  28.392  -69.515  -33.430 0.4000000060
4342  26.898  -71.353  -39.193 0.4000000060
4760  28.477  -70.154  -35.766 0.4000000060
4759  29.336  -70.215  -35.709 0.4000000060
4825  26.742  -70.715  -40.226 0.5000000000
4796  30.529  -71.151  -37.231 0.4000000060
143619  28.240  -70.666  -40.007 0.5000000000
4833  29.008  -70.283  -40.158 0.6000000238
4339  30.475  -71.658  -38.871 0.5000000000
5343  29.700  -69.725  -40.331 0.5000000000
8667  36.603  -64.677  -38.255 0.3000000119
8075  35.997  -65.148  -38.030 0.3000000119
8084  35.883  -65.102  -39.172 0.3000000119
8671  36.586  -64.624  -39.251 0.3000000119
8670  37.396  -64.173  -38.578 0.3000000119
9317  38.369  -62.526  -37.205 0.3000000119
9325  38.804  -62.933  -38.292 0.3000000119
7476  35.417  -65.900  -38.133 0.3000000119
7477  35.092  -66.213  -38.542 0.4000000060
150848  33.929  -65.747  -39.663 0.4000000060
149338  35.696  -65.471  -37.729 0.3000000119
7489  34.832  -65.804  -39.417 0.4000000060
6883  31.492  -66.902  -38.202 0.4000000060
8659  36.434  -64.366  -37.033 0.3000000119
8094  35.116  -65.069  -39.686 0.3000000119
8087  33.190  -65.234  -38.616 0.4000000060
9334  37.473  -63.227  -40.277 0.3000000119
8675  35.399  -64.262  -39.937 0.3000000119
6347  33.845  -67.291  -40.172 0.4000000060
6363  32.207  -67.886  -40.157 0.4000000060
141355  30.850  -68.084  -39.801 0.4000000060
6365  30.108  -68.015  -39.470 0.4000000060
6880  35.163  -66.585  -38.942 0.4000000060
6337  34.341  -66.610  -39.879 0.4000000060
133486  32.845  -67.162  -40.072 0.4000000060
152544  31.452  -67.391  -39.300 0.4000000060
6350  30.070  -67.672  -39.021 0.4000000060
135458  35.526  -65.370  -36.512 0.3000000119
6881  33.007  -66.084  -39.515 0.4000000060
6898  31.810  -66.947  -38.978 0.4000000060
6351  29.183  -67.556  -38.611 0.4000000060
8076  35.851  -64.790  -36.741 0.3000000119
6882  32.204  -66.378  -38.448 0.4000000060
6338  30.066  -67.447  -38.377 0.4000000060
8643  36.189  -63.970  -35.897 0.3000000119
7490  32.737  -65.688  -38.540 0.4000000060
5819  33.643  -68.945  -40.413 0.4000000060
5828  31.170  -69.300  -40.435 0.4000000060
5812  34.269  -68.208  -40.245 0.4000000060
6362  33.272  -67.971  -40.415 0.4000000060
5820  32.658  -68.743  -40.487 0.4000000060
5830  29.509  -68.933  -40.142 0.4000000060
6853  35.457  -66.745  -36.305 0.3000000119
6336  35.218  -67.298  -39.166 0.4000000060
8060  35.595  -64.490  -34.597 0.3000000119
8066  35.744  -64.520  -35.559 0.3000000119
6366  29.179  -67.789  -39.202 0.4000000060
8059  35.961  -63.574  -34.735 0.3000000119
5342  30.542  -69.953  -40.396 0.4000000060
5340  32.026  -69.490  -40.456 0.4000000060
9332  34.161  -63.325  -39.005 0.3000000119
9331  35.068  -62.729  -39.878 0.3000000119
148861  34.557  -63.532  -39.618 0.3000000119
146003  27.526  -67.350  -39.201 0.4000000060
5823  29.319  -68.279  -39.658 0.4000000060
5341  31.371  -70.209  -40.379 0.4000000060
8085  35.361  -65.498  -38.959 0.3000000119
8673  37.369  -64.015  -39.647 0.3000000119
153923  38.359  -63.274  -39.753 0.3000000119
134633  33.866  -65.319  -39.393 0.4000000060
8086  34.296  -65.078  -39.602 0.4000000060
6346  34.787  -67.591  -39.864 0.4000000060
137871  30.964  -68.587  -40.197 0.4000000060
6364  31.476  -67.727  -39.714 0.4000000060
138875  35.336  -66.171  -36.830 0.3000000119
6348  32.055  -67.223  -39.635 0.4000000060
6345  35.357  -67.987  -39.367 0.4000000060
132068  35.486  -67.332  -38.161 0.3000000119
148448  35.528  -65.051  -35.335 0.3000000119
143545  30.188  -79.285  -28.169 0.3000000119
127534  29.604  -79.639  -28.722 0.3000000119
2041  31.194  -78.056  -27.859 0.3000000119
1392  29.488  -79.818  -27.789 0.3000000119
1702  30.607  -78.462  -28.490 0.3000000119
1715  30.127  -78.875  -29.113 0.3000000119
2390  31.108  -76.991  -27.956 0.3000000119
2381  31.646  -77.598  -27.158 0.3000000119
1701  30.732  -78.900  -27.576 0.3000000119
2740  30.756  -75.967  -28.104 0.3000000119
2042  30.697  -77.500  -28.647 0.3000000119
2058  30.294  -77.938  -29.510 0.3000000119
2749  28.515  -75.658  -29.836 0.3000000119
2724  32.080  -76.572  -26.056 0.3000000119
2014  31.582  -78.033  -26.329 0.3000000119
2731  31.660  -76.444  -27.342 0.3000000119
1680  30.377  -79.162  -26.608 0.3000000119
2392  29.687  -76.082  -29.047 0.3000000119
3114  28.933  -74.709  -28.620 0.3000000119
2742  28.995  -75.525  -29.133 0.3000000119
126595  31.383  -75.361  -27.682 0.3000000119
2391  30.393  -76.431  -28.627 0.3000000119
2732  30.504  -75.171  -28.072 0.3000000119
140451  29.824  -73.868  -27.947 0.3000000119
3107  28.959  -73.805  -28.109 0.3000000119
5714  30.006  -68.727  -29.617 0.4000000060
4668  29.421  -70.378  -28.139 0.4000000060
2382  26.038  -76.942  -27.221 0.3000000119
2384  24.279  -76.229  -26.805 0.3000000119
1380  29.462  -79.626  -27.013 0.3000000119
1371  28.758  -79.900  -27.507 0.3000000119
126002  30.450  -77.367  -25.220 0.3000000119
2003  29.901  -78.035  -25.400 0.3000000119
127978  27.594  -77.686  -26.606 0.3000000119
2018  26.945  -77.726  -27.155 0.3000000119
2030  25.183  -77.172  -27.799 0.3000000119
2711  31.719  -76.343  -25.116 0.3000000119
2002  30.712  -78.077  -25.457 0.3000000119
2369  28.388  -78.203  -26.202 0.3000000119
2028  27.019  -78.610  -27.652 0.3000000119
2029  26.242  -77.741  -27.812 0.3000000119
2368  31.349  -77.798  -25.693 0.3000000119
2016  30.149  -78.758  -25.772 0.3000000119
134826  28.694  -79.191  -26.460 0.3000000119
1691  27.646  -79.438  -27.538 0.3000000119
1682  28.794  -79.652  -26.904 0.3000000119
1690  28.205  -79.785  -27.481 0.3000000119
2400  30.107  -76.868  -29.301 0.3000000119
2356  31.549  -77.069  -25.450 0.3000000119
2741  29.809  -75.461  -28.526 0.3000000119
2725  26.345  -75.958  -26.167 0.3000000119
1393  27.445  -79.703  -28.242 0.3000000119
157120  31.058  -77.448  -25.321 0.3000000119
2359  28.922  -77.480  -25.571 0.3000000119
2004  29.286  -78.635  -25.856 0.3000000119
2017  27.819  -78.744  -26.909 0.3000000119
1703  26.894  -79.199  -28.239 0.3000000119
3847  28.955  -72.265  -27.775 0.3000000119
5262  35.405  -69.802  -33.777 0.3000000119
5769  34.892  -69.213  -33.217 0.3000000119
5770  34.002  -69.082  -33.318 0.3000000119
5771  32.523  -68.923  -33.059 0.4000000060
5246  31.106  -68.823  -32.468 0.4000000060
5759  29.808  -68.762  -32.016 0.3000000119
136412  28.291  -69.139  -31.691 0.3000000119
5280  35.093  -70.453  -34.658 0.3000000119
136153  33.541  -69.570  -33.995 0.4000000060
5264  32.575  -69.416  -33.884 0.4000000060
4736  31.592  -69.918  -34.894 0.4000000060
5266  30.224  -69.324  -33.389 0.3000000119
136228  31.206  -70.404  -35.802 0.4000000060
4737  30.578  -69.918  -34.928 0.4000000060
4738  29.645  -69.922  -34.936 0.3000000119
151587  30.634  -70.682  -36.360 0.3000000119
5243  38.400  -70.605  -32.732 0.3000000119
5259  38.169  -70.662  -33.543 0.3000000119
5755  34.422  -68.845  -32.573 0.4000000060
156466  33.127  -68.547  -31.799 0.4000000060
5757  31.605  -68.566  -31.811 0.3000000119
5745  30.102  -68.545  -31.163 0.3000000119
5729  30.485  -68.547  -30.315 0.3000000119
5260  37.152  -70.652  -33.510 0.3000000119
4733  36.908  -70.890  -34.205 0.3000000119
5279  35.999  -70.556  -34.315 0.3000000119
4734  35.904  -71.207  -35.130 0.3000000119
142909  34.041  -70.201  -34.661 0.3000000119
5282  33.043  -70.043  -34.720 0.4000000060
4753  35.896  -71.453  -36.111 0.3000000119
4754  34.903  -71.389  -36.420 0.3000000119
5281  34.434  -70.878  -35.427 0.3000000119
145937  33.629  -70.582  -35.300 0.4000000060
5302  32.393  -70.156  -35.081 0.4000000060
4774  34.129  -71.311  -37.230 0.3000000119
4775  33.278  -71.226  -37.134 0.4000000060
126830  31.912  -70.766  -36.376 0.4000000060
4812  33.130  -71.231  -38.759 0.3000000119
4321  32.711  -71.500  -37.844 0.4000000060
4776  32.097  -71.212  -37.162 0.4000000060
4795  31.357  -71.374  -37.471 0.4000000060
4820  33.095  -70.624  -39.778 0.3000000119
4337  32.163  -71.635  -38.734 0.4000000060
4813  32.314  -71.228  -39.508 0.3000000119
5200  39.250  -70.333  -29.675 0.3000000119
4264  38.333  -72.066  -30.701 0.3000000119
4266  37.014  -72.218  -31.136 0.3000000119
136067  35.970  -71.176  -30.747 0.3000000119
5242  39.160  -70.273  -32.574 0.3000000119
4699  38.599  -70.732  -31.841 0.3000000119
4701  36.949  -70.940  -31.785 0.3000000119
4690  35.366  -70.555  -30.539 0.3000000119
5257  39.831  -69.718  -33.569 0.3000000119
5229  37.671  -70.790  -32.231 0.3000000119
135483  36.412  -70.226  -32.130 0.3000000119
5230  35.361  -69.475  -31.459 0.3000000119
5726  34.028  -68.779  -31.001 0.3000000119
151824  32.048  -68.608  -30.142 0.3000000119
5713  30.882  -68.830  -29.603 0.3000000119
5205  30.405  -69.254  -29.037 0.3000000119
5191  30.832  -70.054  -28.625 0.3000000119
130294  39.578  -70.027  -34.526 0.3000000119
4793  35.056  -71.112  -37.594 0.3000000119
4794  33.507  -71.312  -37.845 0.3000000119
4810  35.181  -70.347  -38.539 0.3000000119
4811  34.216  -70.963  -38.353 0.3000000119
5327  35.206  -69.415  -39.265 0.3000000119
5333  34.518  -69.203  -39.959 0.3000000119
5335  32.956  -69.706  -40.390 0.3000000119
5189  39.280  -70.502  -28.656 0.3000000119
157588  39.190  -70.590  -30.413 0.3000000119
4688  38.429  -71.386  -31.207 0.3000000119
4274  37.748  -71.948  -31.293 0.3000000119
5216  39.322  -70.148  -31.595 0.3000000119
4700  37.847  -71.266  -31.739 0.3000000119
4655  29.849  -71.098  -27.945 0.3000000119
5700  39.157  -69.010  -27.589 0.3000000119
146213  39.159  -69.207  -29.727 0.3000000119
5725  39.343  -69.909  -30.597 0.3000000119
128202  39.043  -70.731  -31.015 0.3000000119
5241  39.718  -69.579  -32.362 0.3000000119
5705  39.089  -69.374  -28.754 0.3000000119
131807  38.923  -68.526  -29.175 0.3000000119
5724  39.502  -68.791  -30.476 0.3000000119
5215  39.634  -69.338  -31.365 0.3000000119
5193  28.967  -69.691  -28.528 0.3000000119
136963  28.361  -68.958  -29.939 0.3000000119
140687  29.121  -68.745  -31.263 0.3000000119
5247  30.420  -68.970  -32.635 0.3000000119
5285  29.948  -69.595  -34.174 0.4000000060
4322  31.794  -71.662  -38.048 0.4000000060
5811  35.046  -68.500  -39.717 0.3000000119
5261  36.185  -70.152  -33.583 0.3000000119
5263  34.512  -69.666  -33.936 0.3000000119
5245  36.347  -70.011  -32.891 0.3000000119
146454  33.182  -69.096  -33.392 0.4000000060
130089  31.920  -69.158  -33.388 0.4000000060
128773  31.711  -69.481  -34.012 0.4000000060
4756  32.712  -70.923  -36.479 0.4000000060
5258  39.008  -70.400  -33.531 0.3000000119
5244  37.393  -70.619  -32.841 0.3000000119
5742  34.002  -68.660  -31.729 0.3000000119
5754  35.612  -69.429  -32.328 0.3000000119
5743  32.493  -68.472  -31.387 0.4000000060
130052  31.851  -68.448  -30.839 0.3000000119
145440  37.925  -70.892  -34.331 0.3000000119
145112  37.623  -71.227  -35.237 0.3000000119
152753  36.621  -71.241  -34.828 0.3000000119
4755  33.717  -71.088  -36.189 0.4000000060
5328  34.544  -70.161  -39.314 0.3000000119
4689  36.608  -71.418  -31.205 0.3000000119
5217  36.031  -70.383  -31.197 0.3000000119
5218  34.536  -69.330  -30.742 0.3000000119
5326  35.856  -69.591  -38.580 0.3000000119
6782  20.430  -66.018  -28.824 0.4000000060
1391  30.094  -79.471  -27.385 0.3000000119
1681  29.449  -79.299  -26.326 0.3000000119
1683  28.266  -79.535  -26.999 0.3000000119
2015  31.013  -78.517  -25.980 0.3000000119
2027  31.275  -78.495  -26.913 0.3000000119
2380  31.846  -77.316  -26.259 0.3000000119
2757  27.500  -75.201  -30.837 0.4000000060
2762  27.318  -75.176  -31.494 0.5000000000
3106  29.727  -74.543  -28.165 0.3000000119
3115  28.171  -74.076  -28.617 0.5000000000
3122  26.722  -73.951  -29.975 0.4000000060
3128  26.455  -74.083  -30.641 0.4000000060
3483  27.769  -72.797  -28.181 0.5000000000
3496  27.047  -73.693  -29.342 0.5000000000
3507  25.976  -72.703  -30.244 0.5000000000
3864  27.368  -72.071  -28.309 0.5000000000
3878  26.409  -72.447  -29.520 0.5000000000
3901  25.522  -73.227  -31.078 0.5000000000
3902  25.548  -72.543  -30.971 0.5000000000
4227  29.382  -71.658  -27.788 0.3000000119
4228  28.600  -71.444  -27.824 0.3000000119
4229  27.725  -71.277  -28.083 0.5000000000
4265  37.573  -72.548  -30.739 0.3000000119
4268  26.145  -71.202  -30.060 0.5000000000
4275  37.246  -71.601  -31.503 0.3000000119
4291  21.840  -71.430  -34.292 0.6000000238
4314  23.482  -70.898  -36.764 0.5000000000
4315  22.562  -70.976  -36.632 0.6999999881
4316  21.523  -71.141  -36.359 0.6000000238
4323  30.933  -71.665  -38.132 0.4000000060
4338  31.307  -71.768  -38.801 0.5000000000
4341  27.877  -71.292  -38.930 0.4000000060
4343  26.245  -71.072  -39.406 0.5000000000
4346  31.623  -71.558  -39.337 0.4000000060
4349  29.344  -71.117  -39.440 0.4000000060
4350  28.292  -71.044  -39.599 0.4000000060
4352  26.320  -70.925  -39.933 0.5000000000
4656  29.130  -70.973  -27.858 0.4000000060
4711  26.983  -69.964  -33.126 0.4000000060
4712  26.445  -70.344  -32.878 0.4000000060
4726  21.550  -70.974  -33.737 0.6000000238
4735  35.240  -71.176  -35.522 0.3000000119
4757  32.140  -70.455  -35.696 0.4000000060
4763  20.931  -71.173  -35.474 0.6000000238
4777  31.305  -70.935  -36.725 0.3000000119
4782  20.447  -71.018  -36.454 0.6000000238
4784  19.106  -70.039  -36.434 0.6999999881
4797  29.490  -71.014  -37.322 0.4000000060
4798  28.567  -70.836  -37.273 0.4000000060
4799  27.870  -70.716  -37.097 0.4000000060
4803  19.162  -70.380  -37.130 0.6999999881
4814  24.825  -70.263  -39.130 0.5000000000
4819  33.812  -70.672  -39.281 0.3000000119
4821  31.520  -71.094  -39.968 0.4000000060
4822  30.000  -71.051  -39.749 0.5000000000
4826  26.050  -70.433  -40.076 0.5000000000
4827  24.755  -69.875  -39.505 0.5000000000
4828  23.502  -69.545  -39.329 0.6000000238
4829  22.186  -69.517  -39.340 0.6999999881
4832  29.868  -70.491  -40.135 0.6000000238
4834  27.528  -70.432  -40.299 0.5000000000
4835  26.312  -69.994  -40.277 0.5000000000
4837  25.086  -69.665  -39.864 0.6000000238
5192  29.901  -69.781  -28.536 0.3000000119
5204  31.292  -69.428  -29.133 0.3000000119
5206  29.508  -69.139  -29.024 0.4000000060
5222  27.502  -69.325  -30.228 0.5000000000
5265  31.771  -68.852  -32.714 0.4000000060
5267  29.362  -69.406  -33.476 0.4000000060
5278  38.537  -70.750  -35.310 0.3000000119
5283  32.254  -69.772  -34.533 0.4000000060
5284  30.859  -69.555  -34.102 0.4000000060
5288  20.898  -70.329  -33.724 0.6000000238
5289  20.095  -69.459  -33.866 0.6999999881
5290  19.576  -68.991  -34.472 0.6999999881
5301  32.941  -70.573  -35.564 0.4000000060
5317  19.295  -69.944  -39.214 0.6999999881
5329  19.139  -69.101  -39.598 0.6999999881
5334  33.830  -69.928  -39.984 0.3000000119
5336  32.235  -70.448  -40.205 0.3000000119
5339  21.567  -69.049  -39.583 0.6000000238
5344  28.794  -69.529  -40.283 0.6000000238
5715  29.158  -68.795  -29.721 0.3000000119
5727  32.648  -68.569  -30.551 0.3000000119
5728  31.334  -68.568  -30.225 0.3000000119
5730  29.618  -68.595  -30.395 0.3000000119
5731  28.888  -68.748  -30.421 0.3000000119
5741  34.598  -68.957  -31.341 0.3000000119
5744  30.997  -68.477  -31.041 0.3000000119
5756  32.463  -68.633  -32.239 0.3000000119
5758  30.661  -68.642  -31.875 0.3000000119
5760  20.747  -68.680  -32.457 0.5000000000
5768  35.602  -69.482  -33.051 0.3000000119
5782  19.470  -68.312  -34.817 0.6000000238
5790  19.294  -68.275  -36.307 0.6000000238
5796  18.857  -68.659  -37.183 0.6999999881
5802  18.395  -69.060  -38.094 0.6999999881
5821  31.740  -68.658  -40.334 0.4000000060
5822  30.217  -68.483  -39.932 0.4000000060
5826  21.031  -68.435  -39.611 0.6000000238
5827  19.951  -68.766  -39.670 0.6000000238
5829  30.367  -69.119  -40.320 0.4000000060
5831  28.558  -68.662  -39.998 0.4000000060
5834  25.448  -68.433  -40.167 0.6999999881
5836  24.028  -68.586  -39.901 0.6000000238
6252  38.771  -68.230  -28.456 0.3000000119
6264  39.140  -68.395  -29.692 0.3000000119
6285  20.525  -67.268  -31.522 0.5000000000
6321  19.717  -67.786  -36.379 0.6000000238
6339  19.510  -67.662  -38.072 0.6999999881
6349  30.832  -67.694  -39.377 0.4000000060
6352  28.109  -67.440  -38.874 0.4000000060
6355  19.045  -67.946  -38.915 0.6999999881
6356  18.459  -68.528  -38.792 0.6999999881
6369  26.239  -66.582  -39.607 0.6999999881
6370  25.687  -66.435  -39.903 0.6999999881
6371  24.282  -66.372  -40.049 0.6999999881
6372  22.590  -66.886  -39.640 0.6000000238
6373  21.408  -67.487  -39.430 0.6000000238
6375  19.366  -68.305  -39.464 0.6999999881
6376  26.769  -67.462  -39.776 0.6000000238
6379  23.661  -66.998  -40.014 0.6000000238
6771  38.869  -67.655  -29.195 0.3000000119
6841  30.348  -65.976  -34.965 0.6000000238
6844  27.836  -66.478  -35.258 0.6999999881
6847  22.223  -66.472  -34.661 0.6999999881
6858  26.937  -66.585  -36.457 0.6999999881
6859  23.370  -66.411  -35.609 0.6999999881
6862  21.071  -66.893  -35.635 0.6000000238
6866  35.326  -66.769  -37.569 0.3000000119
6869  30.819  -66.643  -36.477 0.5000000000
6871  28.041  -66.926  -36.700 0.6000000238
6873  26.578  -66.509  -37.238 0.8000000119
6874  22.847  -66.393  -36.164 0.6999999881
6876  21.572  -66.730  -36.416 0.6999999881
6877  20.866  -67.064  -36.722 0.6999999881
6887  26.896  -66.674  -37.855 0.6999999881
6897  32.509  -66.630  -39.464 0.4000000060
6899  30.936  -67.316  -38.743 0.4000000060
6901  27.385  -67.007  -38.405 0.6999999881
6904  25.058  -65.335  -38.678 0.6000000238
6906  20.753  -67.229  -38.746 0.6999999881
6907  19.876  -67.551  -38.650 0.6999999881
6913  25.672  -65.841  -39.418 0.6999999881
6914  24.573  -65.672  -39.753 0.6999999881
6917  20.965  -67.327  -39.114 0.6000000238
7340  19.346  -65.919  -27.323 0.5000000000
7364  24.330  -65.074  -29.688 0.6000000238
7384  22.541  -65.202  -30.616 0.6000000238
7401  20.567  -66.010  -31.587 0.5000000000
7415  30.637  -64.717  -33.062 0.6999999881
7418  28.199  -65.665  -32.838 0.6999999881
7419  26.912  -65.813  -32.304 0.6000000238
7440  28.732  -65.740  -33.339 0.6999999881
7446  20.993  -66.165  -33.154 0.6000000238
7458  26.657  -66.389  -34.743 0.6999999881
7464  35.449  -65.619  -35.683 0.3000000119
7465  31.944  -64.832  -35.431 0.6000000238
7470  24.580  -66.371  -35.710 0.6999999881
7478  32.551  -65.304  -37.432 0.5000000000
7483  23.104  -66.011  -37.251 0.6999999881
7492  24.906  -65.620  -37.906 0.8000000119
7493  24.281  -65.228  -38.496 0.8000000119
7494  23.044  -65.573  -38.271 0.6999999881
7502  24.549  -65.088  -38.950 0.8000000119
7503  22.298  -66.131  -38.891 0.6999999881
7504  24.981  -65.306  -39.295 0.6999999881
7506  23.307  -65.410  -39.235 0.6000000238
7948  26.906  -63.895  -28.205 0.6999999881
7966  24.846  -64.536  -28.507 0.6000000238
7970  17.699  -64.902  -28.023 0.6000000238
7977  28.418  -64.307  -29.839 0.6999999881
8017  29.789  -64.511  -31.566 0.6999999881
8093  35.389  -64.837  -39.753 0.3000000119
8543  25.386  -63.102  -26.879 0.6999999881
8553  26.560  -63.500  -27.559 0.8000000119
8555  24.786  -63.544  -27.273 0.6999999881
8571  22.903  -63.808  -27.966 0.6999999881
8574  20.921  -63.087  -28.179 0.6000000238
8585  28.123  -63.960  -29.051 0.6999999881
8596  29.677  -63.814  -30.224 0.6999999881
8613  30.842  -63.596  -31.175 0.6000000238
8672  34.831  -64.359  -39.858 0.3000000119
8676  34.970  -63.673  -39.937 0.3000000119
9184  26.981  -62.246  -26.662 0.8000000119
9202  28.416  -62.412  -27.596 0.8000000119
9207  21.594  -62.372  -28.238 0.6000000238
9229  29.972  -62.581  -29.105 0.6000000238
9230  21.339  -61.667  -29.329 0.6000000238
9245  30.704  -62.733  -29.963 0.6000000238
9268  32.389  -61.994  -31.258 0.6000000238
9283  33.013  -62.250  -32.876 0.6000000238
9330  38.288  -63.602  -38.945 0.3000000119
9837  25.735  -60.865  -25.875 0.6000000238
9851  27.965  -61.104  -26.739 0.6000000238
9871  28.446  -61.610  -27.183 0.6999999881
9883  29.561  -61.676  -28.046 0.8000000119
9884  22.354  -60.977  -28.274 0.6000000238
9893  31.291  -61.380  -29.590 0.6000000238
9949  20.314  -60.802  -34.362 0.4000000060
9956  34.471  -61.168  -35.355 0.4000000060
9969  19.272  -61.325  -37.035 0.5000000000
10490  28.189  -60.364  -26.773 0.6000000238
10504  29.400  -60.175  -27.861 0.6000000238
10531  22.265  -60.426  -29.011 0.5000000000
10542  21.954  -60.364  -30.600 0.5000000000
10563  21.067  -60.170  -33.072 0.5000000000
10576  20.048  -60.127  -35.381 0.6000000238
10593  19.106  -60.500  -36.977 0.5000000000
10594  17.930  -60.956  -37.390 0.5000000000
10595  16.870  -60.934  -37.060 0.5000000000
11113  24.684  -59.614  -25.781 0.5000000000
11136  29.090  -59.411  -28.008 0.6000000238
11155  21.988  -59.498  -30.448 0.5000000000
11163  21.476  -59.543  -31.929 0.6000000238
11179  20.829  -59.660  -33.593 0.6000000238
11186  20.334  -59.739  -34.554 0.6000000238
11195  19.768  -60.000  -36.090 0.6000000238
11197  18.559  -59.009  -36.200 0.6000000238
11198  15.022  -58.667  -35.720 0.5000000000
11207  19.401  -60.027  -36.516 0.5000000000
11208  18.731  -60.057  -36.898 0.5000000000
11210  16.480  -59.871  -36.523 0.5000000000
11215  18.236  -60.062  -36.985 0.5000000000
11740  23.644  -58.439  -25.777 0.4000000060
11756  23.507  -59.027  -26.316 0.6000000238
11769  22.104  -58.075  -27.635 0.5000000000
11779  22.285  -58.468  -28.201 0.5000000000
11789  20.842  -57.912  -29.847 0.6000000238
11813  19.621  -58.032  -31.557 0.6000000238
11825  20.673  -59.040  -33.165 0.6000000238
11857  19.784  -58.740  -34.564 0.6000000238
11858  18.928  -58.252  -34.916 0.6000000238
11859  14.885  -57.662  -35.325 0.5000000000
11860  13.940  -57.994  -35.123 0.5000000000
11871  17.950  -58.407  -35.883 0.6000000238
11884  17.100  -58.971  -36.276 0.5000000000
12426  17.872  -57.376  -24.732 0.5000000000
12439  22.373  -57.465  -25.525 0.6000000238
12442  19.911  -57.307  -25.904 0.5000000000
12443  18.154  -57.455  -25.666 0.6000000238
12458  20.390  -57.346  -26.656 0.5000000000
12476  16.773  -57.418  -26.931 0.6000000238
12477  16.063  -57.795  -27.116 0.6000000238
12484  20.743  -57.418  -28.140 0.6000000238
12494  19.271  -57.256  -28.973 0.6000000238
12496  17.533  -56.787  -29.754 0.6000000238
12517  18.223  -57.165  -31.122 0.6000000238
12519  13.989  -57.012  -32.014 0.5000000000
12543  18.330  -57.776  -34.265 0.6000000238
12544  16.706  -56.736  -34.494 0.5000000000
12563  17.075  -57.221  -35.095 0.5000000000
12564  15.109  -56.952  -35.040 0.5000000000
12576  17.521  -57.865  -35.477 0.5000000000
12577  16.359  -57.514  -35.496 0.5000000000
12578  15.691  -57.198  -35.313 0.5000000000
13130  21.781  -56.650  -24.620 0.4000000060
13132  19.793  -56.467  -24.218 0.4000000060
13142  24.803  -56.425  -24.921 0.5000000000
13144  22.511  -56.847  -24.892 0.5000000000
13170  16.761  -56.619  -29.257 0.6000000238
13178  16.748  -56.526  -30.007 0.6000000238
13180  15.607  -56.883  -29.177 0.6000000238
13187  15.979  -56.492  -30.194 0.6000000238
13192  16.870  -56.746  -32.238 0.5000000000
13193  16.184  -56.525  -31.999 0.6000000238
13201  16.471  -56.613  -32.974 0.5000000000
13203  14.692  -56.585  -32.348 0.5000000000
13214  16.750  -56.670  -33.734 0.5000000000
13215  15.451  -56.465  -33.999 0.5000000000
13216  14.719  -56.609  -34.091 0.5000000000
13234  14.680  -56.830  -34.639 0.5000000000
13818  21.798  -55.270  -23.645 0.4000000060
13820  19.301  -55.604  -23.585 0.4000000060
13821  18.529  -55.646  -23.522 0.4000000060
15116  14.638  -53.745  -24.442 0.3000000119
15122  15.449  -52.962  -24.881 0.3000000119
15131  13.297  -53.216  -25.927 0.4000000060
15830  17.321  -52.201  -25.258 0.3000000119
15831  16.504  -52.300  -25.505 0.3000000119
15833  14.796  -52.884  -25.336 0.3000000119
15840  16.178  -51.937  -26.222 0.3000000119
15842  14.660  -52.418  -26.213 0.3000000119
15853  12.526  -52.200  -28.145 0.3000000119
16578  17.294  -51.335  -26.592 0.3000000119
16586  16.285  -51.382  -27.641 0.3000000119
16589  13.637  -51.562  -28.953 0.3000000119
16596  14.657  -51.454  -30.297 0.4000000060
16597  12.921  -51.632  -29.597 0.4000000060
16609  12.947  -51.490  -30.504 0.4000000060
16623  15.433  -51.240  -30.901 0.4000000060
16624  14.565  -51.302  -31.281 0.4000000060
16625  13.905  -51.244  -31.390 0.3000000119
16627  11.478  -51.099  -30.801 0.3000000119
17307  21.939  -50.856  -23.506 0.4000000060
17314  21.338  -50.312  -23.860 0.4000000060
17316  19.818  -50.744  -24.586 0.3000000119
17325  19.171  -50.580  -25.282 0.3000000119
17337  17.499  -50.811  -27.086 0.3000000119
17348  17.785  -50.136  -27.484 0.4000000060
17357  16.884  -50.262  -29.179 0.3000000119
17365  16.368  -50.687  -30.064 0.3000000119
17376  16.039  -50.239  -31.839 0.4000000060
17378  15.190  -50.940  -31.748 0.4000000060
17379  12.840  -50.678  -31.375 0.3000000119
17388  15.897  -50.001  -32.087 0.4000000060
17389  15.465  -50.339  -32.030 0.3000000119
17391  13.750  -50.940  -31.559 0.3000000119
18097  24.648  -49.888  -23.803 0.4000000060
18099  22.231  -50.036  -23.690 0.4000000060
18109  21.196  -49.562  -24.297 0.4000000060
18117  19.981  -49.363  -25.338 0.4000000060
18118  19.497  -49.214  -26.063 0.4000000060
18136  18.789  -49.036  -27.312 0.4000000060
18145  17.517  -49.808  -28.414 0.3000000119
18155  18.095  -48.509  -29.625 0.3000000119
18168  12.194  -49.992  -31.125 0.3000000119
18176  16.714  -49.137  -31.952 0.3000000119
18178  15.080  -49.912  -32.181 0.3000000119
18179  13.091  -49.892  -31.500 0.3000000119
18189  16.095  -49.441  -32.215 0.3000000119
18945  20.510  -48.315  -25.840 0.4000000060
18955  18.659  -48.717  -28.069 0.3000000119
18965  19.603  -47.813  -27.981 0.3000000119
18966  18.650  -48.321  -28.785 0.3000000119
18985  18.276  -47.938  -30.110 0.3000000119
18995  17.016  -48.545  -31.904 0.3000000119
19006  16.179  -48.816  -32.323 0.3000000119
19739  21.672  -47.511  -25.651 0.3000000119
19750  22.125  -46.991  -25.908 0.3000000119
19752  20.653  -47.389  -26.970 0.3000000119
19771  19.931  -47.204  -28.528 0.3000000119
19798  17.982  -47.671  -30.882 0.3000000119
19799  17.385  -47.987  -31.604 0.3000000119
19809  17.763  -47.153  -31.639 0.3000000119
19820  16.862  -47.324  -32.206 0.3000000119
19821  16.424  -47.912  -32.257 0.3000000119
20578  25.045  -45.844  -25.018 0.3000000119
20591  22.161  -46.472  -26.415 0.3000000119
20607  19.909  -46.522  -29.261 0.3000000119
20633  18.745  -46.178  -31.140 0.3000000119
20656  16.643  -47.027  -32.236 0.3000000119
20657  16.149  -47.266  -32.143 0.3000000119
21465  18.038  -45.652  -32.282 0.3000000119
22335  18.340  -44.881  -32.466 0.3000000119
22344  17.605  -43.989  -32.619 0.3000000119
23190  20.919  -43.187  -29.543 0.3000000119
23205  19.946  -43.348  -31.124 0.3000000119
23223  18.394  -44.087  -32.679 0.3000000119
23224  17.291  -43.197  -32.397 0.3000000119
23236  18.273  -42.072  -33.232 0.3000000119
125589  35.124  -69.094  -32.613 0.4000000060
125939  16.592  -56.830  -28.512 0.6000000238
126197  17.471  -57.226  -34.500 0.5000000000
126742  17.817  -57.316  -33.621 0.5000000000
126802  20.182  -58.554  -32.281 0.6000000238
126914  19.756  -69.801  -34.670 0.6999999881
127544  26.310  -70.519  -30.264 0.5000000000
127573  18.980  -59.721  -36.582 0.6000000238
127831  15.979  -50.961  -30.774 0.3000000119
128253  19.041  -42.240  -32.874 0.3000000119
128739  34.289  -64.299  -39.542 0.3000000119
129313  27.557  -69.483  -32.067 0.4000000060
129343  26.662  -69.249  -40.184 0.6000000238
129758  31.410  -60.025  -29.543 0.6000000238
130387  15.688  -50.479  -31.899 0.4000000060
131074  38.952  -71.272  -30.345 0.3000000119
131205  29.006  -69.028  -32.213 0.4000000060
131485  33.318  -68.569  -31.094 0.4000000060
131597  24.748  -61.979  -26.302 0.6000000238
132729  16.519  -58.172  -35.787 0.5000000000
133141  38.273  -62.764  -40.248 0.3000000119
133462  14.543  -50.617  -31.922 0.3000000119
133488  24.304  -65.569  -37.697 0.8000000119
133838  31.133  -69.176  -33.240 0.4000000060
134560  30.315  -62.069  -29.017 0.6000000238
134699  25.982  -70.704  -31.373 0.4000000060
134780  17.527  -44.791  -32.569 0.3000000119
135495  26.922  -69.633  -30.822 0.5000000000
135518  22.261  -59.880  -29.717 0.5000000000
136178  35.253  -69.847  -30.826 0.3000000119
136231  28.557  -72.926  -27.913 0.5000000000
136349  19.179  -45.692  -30.889 0.3000000119
136937  15.525  -56.682  -29.753 0.6000000238
137221  30.265  -70.522  -28.249 0.3000000119
137337  25.489  -70.104  -39.877 0.5000000000
137519  14.132  -57.339  -31.185 0.5000000000
137565  23.030  -49.984  -23.559 0.4000000060
137669  34.900  -68.978  -31.970 0.3000000119
138264  22.762  -49.491  -23.786 0.4000000060
138953  18.482  -69.302  -39.061 0.6999999881
139002  18.273  -57.119  -28.486 0.6000000238
139040  28.636  -69.183  -29.172 0.5000000000
139142  38.796  -70.561  -34.441 0.3000000119
139545  19.720  -58.460  -33.116 0.6000000238
139873  25.258  -65.796  -39.709 0.6999999881
140304  19.793  -54.172  -23.420 0.4000000060
140580  27.051  -68.394  -39.941 0.6999999881
140681  27.406  -71.254  -39.608 0.4000000060
140725  25.564  -71.200  -32.860 0.4000000060
140950  23.266  -51.145  -23.405 0.4000000060
142990  25.415  -67.411  -40.154 0.6999999881
143035  17.538  -45.635  -32.453 0.3000000119
143137  19.854  -67.558  -34.465 0.6000000238
143509  21.568  -58.266  -29.350 0.6000000238
143521  23.171  -62.049  -27.020 0.6000000238
143616  16.273  -50.498  -31.099 0.3000000119
143742  29.269  -66.667  -35.727 0.6000000238
143888  13.478  -57.123  -33.534 0.5000000000
144099  24.068  -64.444  -28.493 0.6999999881
144285  16.742  -57.359  -35.380 0.5000000000
144315  18.440  -59.483  -36.604 0.5000000000
144336  26.799  -72.190  -28.862 0.5000000000
144413  15.998  -56.412  -31.014 0.6000000238
144667  16.177  -56.467  -33.868 0.5000000000
144783  18.904  -55.118  -23.437 0.4000000060
146057  23.577  -65.252  -38.611 0.6999999881
146063  22.399  -57.967  -26.248 0.6000000238
146155  29.623  -79.195  -29.528 0.3000000119
146317  25.969  -70.581  -36.712 0.4000000060
147416  20.057  -59.207  -34.836 0.6000000238
147480  21.229  -60.886  -31.860 0.5000000000
148098  14.107  -56.750  -33.190 0.5000000000
148560  21.308  -70.543  -38.584 0.6999999881
148689  19.742  -56.010  -23.847 0.4000000060
148702  16.128  -56.705  -28.963 0.6000000238
148973  17.885  -59.409  -36.645 0.5000000000
149269  26.250  -73.497  -30.261 0.4000000060
150256  19.732  -70.520  -38.533 0.6999999881
150372  15.787  -48.914  -32.458 0.3000000119
150661  18.950  -57.256  -28.163 0.6000000238
150705  25.426  -65.471  -39.016 0.6000000238
150851  22.770  -65.945  -39.425 0.6000000238
150947  24.465  -76.696  -27.360 0.3000000119
151083  24.338  -66.445  -34.279 0.6999999881
151291  20.651  -46.931  -27.689 0.3000000119
151350  23.022  -65.442  -38.864 0.6999999881
151405  27.259  -67.876  -39.719 0.6000000238
151541  27.217  -72.693  -28.586 0.5000000000
151554  16.181  -57.047  -35.279 0.5000000000
151594  24.022  -67.812  -40.027 0.6000000238
151687  23.462  -66.228  -36.435 0.8000000119
151947  20.815  -50.660  -23.957 0.4000000060
152089  15.933  -49.272  -32.343 0.3000000119
152274  20.599  -69.106  -39.652 0.6000000238
152878  15.206  -51.428  -29.222 0.3000000119
152919  28.101  -62.094  -27.164 0.8000000119
153476  17.587  -48.192  -31.140 0.3000000119
153648  20.361  -47.040  -28.107 0.3000000119
153706  33.281  -66.617  -39.966 0.4000000060
153750  20.928  -49.163  -24.702 0.4000000060
153946  32.727  -71.217  -37.166 0.4000000060
154327  19.120  -45.173  -31.397 0.3000000119
154628  28.468  -67.177  -37.315 0.6000000238
154851  31.436  -68.152  -40.054 0.4000000060
155261  26.105  -61.242  -26.037 0.6999999881
155475  19.843  -56.886  -24.693 0.5000000000
155566  22.824  -72.248  -32.719 0.5000000000
155699  31.471  -63.831  -32.573 0.6000000238
155816  27.320  -64.923  -29.999 0.6999999881
156468  27.929  -69.328  -29.448 0.5000000000
156901  27.605  -74.102  -29.096 0.4000000060
157133  31.074  -75.675  -27.862 0.3000000119
157243  33.382  -68.727  -32.602 0.4000000060
157310  24.979  -65.193  -38.960 0.6000000238
157351  20.540  -57.579  -29.353 0.6000000238
