#!ascii label  , from subject NIHPD_75_135 vox2ras=TkReg
1739
2766  20.340  -75.317  -31.887 0.6999999881
157257  19.802  -74.927  -32.302 0.8000000119
3521  19.395  -73.779  -31.584 0.8000000119
3522  18.614  -73.158  -31.461 0.6999999881
2426  20.437  -76.452  -33.028 0.6000000238
2779  19.954  -75.627  -32.737 0.6000000238
3533  18.854  -73.449  -32.307 0.6000000238
154303  20.910  -77.007  -33.289 0.6000000238
3512  19.299  -73.440  -30.802 0.8000000119
3894  18.608  -73.010  -30.581 0.6999999881
3895  17.922  -72.749  -30.308 0.6999999881
3896  17.187  -72.696  -30.039 0.6999999881
2778  20.744  -76.061  -32.204 0.6000000238
139542  19.937  -74.549  -31.670 0.6999999881
3904  18.066  -72.820  -31.013 0.6999999881
2085  21.971  -77.374  -33.895 0.6000000238
2090  22.699  -77.249  -34.402 0.6000000238
144240  21.697  -77.545  -35.682 0.6000000238
2113  23.173  -76.264  -37.803 0.6000000238
2104  22.227  -77.307  -36.433 0.6000000238
3868  19.259  -72.752  -28.897 0.8000000119
3869  18.395  -72.514  -28.759 0.8000000119
3870  17.555  -72.370  -28.514 0.6999999881
4249  17.317  -72.019  -27.637 0.6999999881
3871  16.799  -72.373  -28.107 0.6999999881
3511  19.872  -73.529  -30.142 0.8000000119
3882  18.655  -72.832  -29.678 0.6999999881
3884  16.990  -72.592  -29.112 0.6999999881
3520  20.114  -74.056  -30.847 0.6999999881
3893  19.199  -73.175  -30.156 0.8000000119
3883  17.767  -72.598  -29.429 0.6999999881
3140  20.664  -74.827  -31.200 0.6999999881
2425  21.250  -76.650  -32.667 0.6999999881
140592  22.621  -76.958  -33.451 0.6000000238
2436  21.675  -77.095  -33.254 0.6000000238
153449  23.044  -77.207  -36.020 0.6000000238
2097  22.466  -77.429  -35.404 0.6000000238
2462  23.864  -75.802  -38.162 0.6000000238
2850  25.465  -75.761  -39.863 0.6999999881
2842  24.532  -75.638  -39.817 0.6000000238
2123  26.342  -77.975  -39.239 0.5000000000
156790  24.975  -76.727  -40.499 0.6000000238
154651  25.369  -78.886  -38.797 0.5000000000
4247  19.135  -72.318  -28.049 0.8999999762
4248  18.138  -72.113  -27.908 0.8000000119
4234  17.818  -71.596  -27.165 0.6999999881
142819  20.077  -72.950  -28.947 0.6999999881
150831  19.822  -72.610  -28.445 0.8999999762
4235  16.624  -71.985  -27.329 0.6999999881
3131  21.047  -74.343  -30.525 0.8000000119
3501  20.494  -73.353  -29.495 0.8000000119
3139  21.539  -74.912  -30.947 0.8000000119
2764  22.222  -75.488  -31.384 0.6999999881
2765  21.163  -75.542  -31.518 0.6999999881
2776  22.602  -76.099  -32.025 0.8000000119
2423  23.030  -76.402  -32.745 0.8000000119
2445  23.524  -76.821  -34.383 0.6999999881
2089  23.330  -77.082  -35.229 0.6999999881
2457  23.902  -76.257  -37.268 0.6000000238
148685  25.112  -75.449  -39.423 0.6999999881
2125  26.617  -76.559  -39.563 0.6999999881
4246  20.141  -72.209  -27.937 0.8999999762
4233  18.701  -71.722  -27.293 0.8000000119
125431  16.963  -71.498  -26.990 0.6999999881
3500  21.376  -73.069  -29.422 0.8000000119
3867  20.554  -72.572  -28.509 0.8000000119
3509  21.649  -73.642  -30.057 0.6999999881
145110  23.089  -74.070  -31.162 0.6999999881
3508  22.527  -73.662  -30.659 0.6000000238
153564  22.997  -75.570  -31.676 0.8000000119
2435  23.500  -76.518  -33.554 0.8000000119
2450  24.147  -76.594  -35.087 0.6999999881
2824  24.817  -76.161  -35.840 0.8000000119
2451  23.896  -76.697  -36.158 0.6999999881
2823  25.552  -75.663  -36.603 0.8000000119
2830  26.870  -75.826  -38.035 0.6999999881
137738  26.363  -75.563  -38.497 0.6999999881
2456  24.704  -76.017  -36.857 0.6999999881
2469  27.164  -76.755  -38.759 0.6999999881
2849  26.231  -75.949  -39.692 0.6999999881
7472  12.924  -65.361  -34.927 0.6000000238
8069  13.784  -63.217  -34.639 0.6000000238
8071  12.376  -64.279  -34.519 0.6000000238
9311  12.788  -62.372  -34.955 0.6999999881
4232  19.639  -71.724  -27.369 0.8999999762
4217  17.492  -70.996  -26.701 0.6999999881
3891  22.286  -73.051  -30.273 0.6000000238
3903  22.785  -73.199  -31.270 0.6000000238
2763  23.051  -74.931  -31.311 0.6999999881
3149  24.148  -74.633  -31.923 0.6999999881
2775  23.566  -75.187  -31.780 0.6999999881
6248  16.700  -67.286  -27.364 0.6999999881
6249  16.026  -67.624  -27.818 0.6999999881
2786  24.293  -75.537  -32.793 0.8000000119
2774  23.898  -75.503  -32.295 0.8000000119
6768  16.996  -66.369  -27.589 0.6000000238
6256  15.718  -67.159  -28.560 0.6000000238
5718  15.170  -67.765  -29.022 0.6999999881
2444  24.165  -76.279  -34.160 0.6999999881
6784  15.655  -66.366  -29.090 0.5000000000
6267  14.811  -67.390  -29.961 0.6999999881
2812  25.595  -75.663  -35.523 0.8000000119
2813  24.851  -76.005  -34.774 0.8000000119
6774  16.269  -66.274  -28.354 0.5000000000
7372  15.581  -65.776  -29.561 0.5000000000
2822  26.870  -75.751  -37.148 0.6999999881
7388  15.786  -65.065  -29.766 0.5000000000
8003  16.110  -64.356  -30.312 0.6000000238
8004  15.452  -64.916  -30.416 0.5000000000
7402  14.895  -65.251  -30.946 0.6000000238
7403  14.342  -65.346  -31.802 0.6999999881
6829  13.514  -66.054  -33.127 0.6999999881
8043  15.426  -63.952  -31.858 0.5000000000
8044  14.482  -64.517  -32.334 0.6000000238
7447  13.836  -65.092  -32.642 0.6000000238
8056  13.363  -64.329  -33.694 0.6000000238
8021  16.093  -63.869  -31.176 0.6000000238
8055  14.126  -64.079  -33.269 0.6000000238
8637  14.577  -63.345  -34.089 0.6000000238
8042  16.184  -63.554  -31.907 0.5000000000
8054  14.928  -63.890  -32.608 0.5000000000
8642  14.640  -63.033  -34.907 0.6000000238
134008  14.242  -62.686  -35.351 0.6000000238
130689  13.548  -62.591  -35.100 0.6999999881
10587  12.660  -60.479  -35.261 0.6000000238
130982  11.976  -60.869  -35.017 0.6999999881
8636  15.090  -63.447  -33.514 0.6000000238
8641  15.470  -63.127  -34.687 0.6000000238
8649  14.874  -62.746  -35.616 0.6000000238
9323  14.917  -62.074  -36.289 0.6999999881
10598  13.936  -60.787  -35.742 0.5000000000
125495  19.209  -71.167  -26.770 0.8999999762
4260  21.997  -72.389  -29.322 0.6000000238
3866  21.342  -72.462  -28.801 0.6999999881
125429  17.967  -70.540  -26.502 0.8000000119
4649  16.084  -70.167  -26.625 0.6999999881
5177  17.156  -69.580  -26.447 0.6999999881
136998  17.763  -68.974  -26.340 0.8000000119
3519  23.388  -73.566  -31.615 0.6999999881
5697  17.118  -67.802  -26.819 0.8000000119
5702  16.388  -68.085  -27.160 0.6000000238
6247  17.457  -67.010  -26.988 0.6999999881
6767  17.916  -66.286  -27.153 0.6000000238
2800  25.377  -75.504  -34.224 0.8000000119
145368  24.986  -75.009  -32.888 0.8000000119
7352  16.947  -65.514  -28.156 0.5000000000
3178  26.185  -75.376  -34.929 0.8000000119
7371  16.207  -65.443  -28.969 0.5000000000
7370  17.062  -64.771  -28.706 0.5000000000
7988  17.191  -64.273  -29.214 0.6000000238
7989  16.512  -64.623  -29.451 0.6000000238
8002  16.802  -63.774  -30.647 0.6000000238
8020  16.807  -63.492  -31.466 0.6000000238
11874  13.404  -58.587  -35.163 0.5000000000
8628  15.852  -63.475  -32.775 0.5000000000
11200  13.299  -59.295  -35.327 0.5000000000
11201  12.456  -59.589  -35.169 0.6000000238
8640  16.460  -63.083  -34.591 0.6000000238
9307  16.163  -62.946  -36.350 0.6999999881
9321  16.491  -62.536  -36.765 0.6999999881
9324  14.482  -61.477  -36.050 0.6999999881
8635  16.647  -63.104  -33.492 0.6000000238
9971  16.207  -61.746  -36.832 0.6000000238
9298  18.138  -62.867  -35.176 0.6999999881
9320  17.713  -62.497  -37.138 0.6000000238
149881  17.231  -61.842  -37.305 0.5000000000
4245  21.077  -72.002  -28.121 0.6999999881
4231  20.577  -71.536  -27.498 0.6999999881
4659  20.088  -71.084  -26.902 0.6999999881
4647  18.803  -70.352  -26.385 0.8000000119
5176  18.814  -69.170  -26.196 0.6999999881
6241  18.707  -67.541  -26.463 0.6999999881
5696  18.316  -68.279  -26.344 0.6999999881
12545  13.958  -56.990  -34.200 0.5000000000
8587  18.145  -63.527  -29.478 0.5000000000
8588  17.532  -63.892  -29.451 0.6000000238
12567  12.840  -57.938  -34.305 0.5000000000
141036  18.972  -63.522  -28.675 0.5000000000
129923  17.479  -63.395  -30.983 0.6000000238
129292  16.884  -63.228  -32.398 0.6000000238
130889  15.137  -60.502  -36.196 0.5000000000
8597  18.863  -63.038  -29.718 0.5000000000
8598  18.155  -63.205  -30.417 0.6000000238
149426  17.798  -62.945  -32.322 0.6000000238
154813  18.470  -62.695  -32.215 0.6000000238
4230  21.443  -71.173  -27.800 0.6999999881
4658  20.901  -70.783  -27.158 0.6999999881
4646  20.390  -70.313  -26.668 0.6999999881
9297  19.093  -62.391  -34.834 0.5000000000
150195  19.700  -62.806  -29.130 0.5000000000
9970  18.636  -61.974  -37.267 0.5000000000
9272  18.859  -62.748  -30.740 0.5000000000
9286  19.089  -62.407  -32.647 0.5000000000
9293  18.251  -62.673  -34.003 0.5000000000
9306  17.914  -62.897  -36.331 0.5000000000
9950  19.815  -61.546  -34.952 0.5000000000
9957  20.033  -60.756  -35.291 0.5000000000
9270  20.239  -61.846  -31.387 0.5000000000
9937  20.409  -61.364  -32.889 0.5000000000
9959  19.185  -62.083  -36.698 0.5000000000
150328  20.118  -62.309  -29.727 0.5000000000
9285  19.825  -61.976  -32.148 0.5000000000
9296  19.608  -61.964  -34.102 0.5000000000
140084  19.001  -62.535  -31.721 0.5000000000
9284  20.671  -61.389  -32.020 0.5000000000
11815  13.062  -58.665  -31.988 0.6000000238
11816  12.301  -58.527  -32.612 0.6000000238
11814  13.567  -57.794  -31.779 0.5000000000
11157  13.766  -58.865  -31.314 0.6999999881
11165  12.535  -59.388  -32.014 0.6000000238
10564  11.138  -59.745  -32.298 0.6000000238
9928  11.129  -61.143  -31.472 0.6999999881
10543  14.187  -60.313  -30.581 0.6000000238
10544  13.534  -60.379  -31.110 0.6999999881
150762  11.984  -60.033  -31.945 0.6999999881
10554  10.627  -60.381  -31.978 0.6999999881
9910  11.664  -61.793  -30.910 0.8000000119
11148  14.979  -59.238  -29.603 0.5000000000
11792  14.670  -58.253  -29.978 0.5000000000
10545  13.069  -61.063  -31.105 0.8000000119
9908  13.764  -61.087  -30.630 0.6000000238
150916  12.419  -62.763  -29.258 0.6999999881
11770  15.626  -58.367  -27.335 0.5000000000
11791  15.058  -58.310  -29.116 0.5000000000
9233  13.055  -62.369  -29.670 0.6999999881
9250  11.155  -62.322  -30.227 0.6999999881
9896  13.698  -61.772  -29.979 0.6999999881
154030  15.123  -60.013  -29.215 0.6999999881
9210  11.910  -63.318  -27.869 0.6999999881
9221  13.509  -62.534  -28.370 0.6999999881
11139  15.488  -59.923  -27.765 0.6000000238
9895  14.296  -61.565  -29.201 0.8000000119
11761  10.476  -58.732  -26.531 0.6999999881
11745  11.074  -58.848  -25.579 0.8000000119
12427  17.102  -57.567  -24.530 0.4000000060
9190  12.406  -63.054  -26.349 0.6999999881
11759  16.425  -58.206  -25.674 0.5000000000
150557  12.572  -63.115  -27.306 0.6999999881
11760  15.994  -58.542  -26.307 0.6000000238
11129  15.670  -59.432  -26.859 0.6000000238
9232  13.669  -62.204  -29.123 0.6999999881
133476  15.225  -60.823  -27.657 0.8000000119
135170  14.822  -61.481  -27.502 0.8000000119
143976  9.217  -51.851  -23.499 0.5000000000
16555  8.674  -51.810  -24.626 0.5000000000
126190  6.948  -51.867  -23.785 0.5000000000
14507  7.701  -54.719  -29.353 0.5000000000
152785  9.053  -55.363  -28.478 0.6000000238
14506  8.811  -54.521  -28.719 0.6000000238
150073  6.547  -54.744  -29.297 0.6000000238
14486  4.559  -53.213  -26.047 0.6000000238
145479  8.715  -57.266  -28.843 0.6999999881
13860  8.458  -56.172  -29.145 0.6999999881
12479  9.382  -58.112  -28.270 0.6999999881
12480  8.403  -58.000  -28.339 0.6999999881
9171  13.445  -62.123  -25.011 0.6999999881
128041  12.884  -61.282  -23.983 0.6999999881
146761  12.578  -59.382  -24.259 0.8000000119
11721  16.362  -57.911  -24.331 0.5000000000
128200  13.094  -62.596  -25.679 0.6999999881
11742  16.066  -58.829  -25.222 0.6000000238
9208  13.775  -62.500  -27.070 0.8000000119
10496  15.506  -60.356  -26.129 0.6999999881
9857  14.472  -61.837  -25.951 0.8000000119
9188  14.413  -62.019  -27.002 0.8000000119
16532  9.768  -51.530  -22.728 0.5000000000
16544  10.268  -51.575  -23.614 0.6000000238
17319  11.021  -51.046  -25.081 0.5000000000
16568  9.334  -51.451  -25.452 0.6000000238
16569  8.104  -51.517  -25.713 0.6000000238
16557  6.242  -51.644  -24.827 0.6000000238
16570  6.878  -51.553  -25.814 0.5000000000
15151  8.530  -53.956  -29.184 0.5000000000
14515  7.819  -53.859  -29.431 0.5000000000
14498  9.333  -54.357  -28.107 0.6000000238
15153  6.507  -53.534  -28.855 0.6000000238
14510  5.651  -54.306  -28.319 0.6999999881
16572  4.983  -52.184  -26.351 0.6000000238
13849  9.658  -54.965  -27.605 0.6000000238
13848  9.723  -55.948  -27.801 0.6999999881
13162  7.775  -57.473  -28.869 0.6999999881
13862  6.805  -55.981  -29.251 0.6999999881
13863  6.105  -55.752  -28.532 0.8000000119
15135  4.898  -53.411  -26.862 0.6999999881
130663  10.432  -56.578  -27.268 0.6999999881
13154  10.518  -57.549  -27.539 0.6999999881
13153  11.021  -57.325  -26.853 0.6999999881
12463  10.780  -58.232  -27.141 0.8000000119
11726  12.458  -58.736  -24.690 0.8000000119
11744  11.694  -58.410  -25.518 0.8000000119
11722  15.867  -58.550  -24.504 0.5000000000
12429  14.695  -58.163  -23.873 0.6000000238
136275  13.742  -61.002  -24.246 0.8000000119
10460  13.048  -60.234  -23.940 0.8000000119
11114  15.773  -59.521  -25.683 0.6000000238
152966  15.292  -58.686  -24.165 0.6999999881
9823  14.146  -61.615  -24.967 0.8000000119
10475  15.325  -60.213  -25.200 0.6999999881
10459  14.562  -60.719  -24.633 0.6999999881
10509  15.065  -61.194  -26.674 0.8000000119
16530  11.322  -50.690  -22.705 0.4000000060
16543  11.117  -51.135  -23.408 0.5000000000
17328  10.571  -50.639  -26.094 0.4000000060
17329  9.689  -50.864  -26.346 0.5000000000
16582  7.636  -51.253  -26.777 0.5000000000
15150  9.498  -53.214  -29.201 0.5000000000
15876  8.394  -52.727  -29.659 0.6000000238
16599  7.540  -51.453  -28.613 0.6000000238
135408  5.729  -51.822  -26.667 0.6000000238
15143  10.671  -53.249  -27.816 0.6000000238
15867  6.111  -52.981  -28.300 0.6999999881
15855  5.594  -52.266  -27.121 0.6999999881
13847  10.317  -55.270  -26.777 0.6000000238
12447  11.418  -57.975  -26.369 0.8000000119
130107  13.743  -57.845  -24.034 0.6999999881
135967  14.203  -59.421  -24.138 0.6999999881
11102  13.356  -59.274  -24.158 0.8000000119
11743  12.294  -58.188  -25.042 0.8000000119
11723  14.761  -59.082  -24.096 0.6999999881
17309  11.690  -50.684  -23.332 0.4000000060
137582  11.465  -50.136  -22.241 0.4000000060
18068  11.058  -49.575  -21.829 0.4000000060
17327  11.482  -50.319  -25.637 0.5000000000
17318  11.558  -50.852  -24.173 0.4000000060
141400  9.376  -48.241  -21.559 0.5000000000
17340  9.300  -50.352  -27.090 0.5000000000
18148  8.801  -49.807  -28.026 0.5000000000
17341  7.944  -50.828  -27.472 0.5000000000
18146  9.860  -48.755  -28.836 0.5000000000
16590  6.453  -51.721  -27.320 0.6999999881
131445  10.945  -56.200  -26.274 0.6000000238
12446  11.929  -57.760  -25.563 0.8000000119
13123  13.908  -56.316  -23.753 0.6000000238
12430  13.438  -56.980  -24.040 0.6000000238
143330  12.311  -56.039  -24.747 0.6999999881
133965  11.582  -56.060  -25.425 0.6999999881
11725  13.036  -58.304  -24.464 0.6999999881
19680  9.077  -47.428  -21.516 0.3000000119
18120  12.423  -49.708  -25.430 0.4000000060
18112  12.759  -49.858  -24.273 0.3000000119
18086  12.481  -49.483  -22.674 0.4000000060
18087  11.878  -49.491  -22.167 0.4000000060
18884  11.323  -48.548  -21.757 0.4000000060
19679  10.221  -47.713  -21.531 0.5000000000
18121  11.611  -49.543  -26.425 0.4000000060
150509  10.657  -46.740  -21.601 0.3000000119
17339  9.976  -50.098  -26.954 0.4000000060
18158  9.410  -49.457  -29.165 0.5000000000
18131  9.554  -49.633  -27.591 0.4000000060
17366  9.778  -50.101  -29.853 0.6000000238
132523  10.863  -49.070  -27.269 0.4000000060
18169  10.826  -49.366  -30.196 0.4000000060
18961  9.911  -48.676  -28.190 0.5000000000
13147  11.483  -57.066  -25.948 0.6999999881
12431  12.485  -57.623  -24.864 0.6999999881
19696  11.169  -47.541  -21.684 0.4000000060
21346  10.194  -45.919  -21.544 0.3000000119
18129  12.298  -49.212  -26.340 0.3000000119
18960  10.554  -48.170  -28.251 0.4000000060
18975  11.129  -47.992  -29.237 0.4000000060
18967  11.004  -47.831  -28.689 0.4000000060
18100  13.383  -49.321  -23.778 0.3000000119
18085  13.073  -49.083  -22.975 0.3000000119
147979  11.883  -47.858  -21.893 0.4000000060
19695  12.574  -47.615  -22.255 0.3000000119
140441  11.704  -46.875  -21.944 0.3000000119
18111  13.478  -49.294  -24.827 0.3000000119
18949  11.655  -48.858  -27.058 0.3000000119
19766  11.511  -47.647  -28.808 0.3000000119
152301  11.702  -48.303  -27.589 0.3000000119
19787  12.556  -47.445  -29.616 0.3000000119
18899  13.282  -48.256  -22.688 0.3000000119
20543  12.580  -46.635  -22.384 0.3000000119
18915  13.784  -48.641  -23.355 0.3000000119
19694  13.374  -47.301  -22.630 0.3000000119
18957  13.323  -48.181  -27.379 0.3000000119
19764  13.022  -47.640  -28.318 0.3000000119
20612  12.913  -47.196  -29.586 0.3000000119
20527  9.678  -46.750  -21.460 0.3000000119
18930  14.074  -48.840  -24.138 0.3000000119
18914  14.537  -48.170  -23.737 0.3000000119
19775  13.649  -47.133  -28.837 0.3000000119
6794  15.119  -66.455  -29.864 0.6000000238
6804  14.480  -65.918  -31.188 0.6999999881
143412  14.157  -66.310  -31.709 0.6999999881
6812  13.895  -65.901  -32.310 0.6999999881
132738  9.079  -50.010  -27.624 0.4000000060
17359  7.944  -50.782  -28.502 0.6000000238
138243  11.879  -46.046  -22.284 0.3000000119
3150  19.455  -74.783  -32.957 0.6999999881
2777  21.681  -76.180  -31.969 0.8000000119
2841  24.314  -75.484  -39.016 0.6000000238
2461  24.693  -75.589  -37.956 0.6999999881
4648  17.297  -70.315  -26.489 0.6999999881
139093  24.680  -75.631  -33.613 0.8000000119
2455  25.375  -75.527  -37.442 0.6999999881
2811  26.460  -75.469  -36.293 0.8000000119
9960  13.817  -61.454  -35.700 0.6999999881
7389  15.256  -65.592  -30.181 0.5000000000
7448  13.388  -65.039  -33.406 0.6000000238
10588  11.278  -60.302  -34.929 0.6000000238
8646  17.179  -63.030  -35.464 0.6999999881
5698  16.907  -68.720  -26.658 0.8000000119
7342  17.685  -65.616  -27.594 0.5000000000
8614  17.427  -63.216  -31.723 0.6000000238
9170  13.840  -62.162  -25.551 0.8000000119
1150  22.476  -80.193  -32.606 0.4000000060
1140  23.257  -79.758  -32.256 0.4000000060
1164  24.625  -79.728  -34.148 0.3000000119
901  22.977  -80.129  -33.226 0.4000000060
902  22.159  -80.584  -32.962 0.4000000060
1141  22.210  -80.144  -32.121 0.4000000060
1444  26.823  -79.558  -33.345 0.4000000060
1155  26.156  -79.681  -33.011 0.5000000000
1147  25.968  -79.705  -32.327 0.5000000000
1162  26.240  -79.611  -33.682 0.3000000119
1156  25.581  -79.679  -33.284 0.4000000060
131433  24.323  -79.650  -32.393 0.4000000060
1163  25.532  -79.651  -33.927 0.3000000119
128362  24.019  -79.748  -33.039 0.3000000119
1149  23.176  -79.914  -32.776 0.3000000119
132745  26.954  -79.425  -34.117 0.4000000060
152271  28.046  -78.979  -33.599 0.4000000060
1145  27.496  -79.364  -32.886 0.5000000000
142344  27.753  -79.048  -34.196 0.3000000119
1451  26.207  -79.527  -34.369 0.3000000119
1459  25.139  -79.425  -36.568 0.4000000060
1455  26.149  -79.405  -35.170 0.3000000119
1466  25.541  -79.032  -38.100 0.4000000060
1463  24.937  -79.359  -37.486 0.4000000060
1467  24.767  -79.229  -38.330 0.4000000060
1759  28.674  -78.533  -33.637 0.4000000060
129273  28.935  -78.246  -34.150 0.4000000060
1449  28.186  -78.661  -34.839 0.4000000060
2088  29.254  -77.537  -35.053 0.4000000060
2784  29.197  -76.406  -34.042 0.5000000000
1769  27.718  -78.670  -35.590 0.4000000060
2096  28.966  -77.145  -35.712 0.4000000060
1458  26.160  -79.195  -36.224 0.4000000060
1772  26.560  -78.706  -37.147 0.5000000000
2111  27.602  -77.537  -37.058 0.4000000060
1780  26.652  -78.151  -38.573 0.4000000060
2488  24.147  -76.579  -40.537 0.6000000238
1785  24.714  -78.263  -40.068 0.4000000060
2773  27.833  -75.575  -33.049 0.6000000238
2785  28.368  -75.722  -33.987 0.6000000238
2449  28.974  -76.482  -35.628 0.6000000238
135157  28.799  -75.934  -35.379 0.6000000238
2820  27.865  -76.235  -36.616 0.6000000238
137154  27.945  -75.567  -35.522 0.6999999881
2121  27.511  -76.986  -37.774 0.5000000000
2454  27.660  -76.596  -37.152 0.6000000238
2810  27.468  -75.730  -36.376 0.6999999881
3158  26.663  -74.986  -32.844 0.6999999881
3551  26.144  -74.983  -32.972 0.6999999881
131111  27.482  -75.265  -33.514 0.6000000238
143517  27.078  -75.176  -33.856 0.6999999881
2799  25.658  -75.090  -33.215 0.6999999881
150596  24.633  -75.069  -32.592 0.6999999881
3177  27.049  -75.337  -35.441 0.6999999881
3543  24.963  -73.049  -31.684 0.5000000000
3923  24.811  -72.106  -32.432 0.6000000238
3170  24.820  -74.139  -31.958 0.6999999881
3544  24.081  -72.797  -32.134 0.6999999881
3169  26.646  -75.229  -34.291 0.6999999881
3159  24.534  -74.222  -31.943 0.6999999881
154100  24.538  -72.835  -31.792 0.6000000238
3924  24.298  -71.911  -32.954 0.6000000238
127780  23.858  -71.972  -33.432 0.6000000238
125486  22.873  -72.378  -31.921 0.5000000000
150994  16.697  -72.804  -30.520 0.6000000238
3905  17.329  -72.738  -30.945 0.6000000238
3530  24.123  -73.238  -32.087 0.6000000238
3531  23.689  -73.486  -31.843 0.6000000238
3532  23.227  -72.832  -32.224 0.5000000000
155566  22.824  -72.248  -32.719 0.5000000000
3885  16.212  -72.849  -28.608 0.6000000238
145313  16.498  -72.869  -29.758 0.6000000238
3925  23.525  -72.244  -33.080 0.6000000238
3919  23.476  -72.758  -32.487 0.5000000000
4237  14.305  -71.483  -26.668 0.6000000238
135913  15.015  -71.014  -26.648 0.6000000238
3850  14.985  -72.162  -26.928 0.6000000238
3484  15.537  -72.834  -27.743 0.6000000238
3849  16.050  -72.334  -27.490 0.6000000238
4236  15.999  -71.531  -26.822 0.6000000238
4244  21.959  -71.617  -28.633 0.6000000238
4662  14.060  -70.716  -27.100 0.6000000238
131017  15.075  -69.669  -27.255 0.6000000238
5187  15.465  -69.040  -27.447 0.6000000238
4660  15.387  -70.243  -26.756 0.6000000238
5703  15.753  -68.360  -27.613 0.5000000000
5178  16.433  -69.510  -26.660 0.6000000238
5186  16.092  -68.875  -27.017 0.5000000000
3833  13.976  -72.149  -26.650 0.6999999881
4238  13.557  -71.507  -26.913 0.6000000238
4661  14.725  -70.242  -26.971 0.6000000238
5198  14.906  -69.148  -28.024 0.6000000238
5707  15.440  -68.004  -28.310 0.6000000238
4706  13.298  -70.155  -31.988 0.6000000238
4673  14.358  -69.836  -27.822 0.6000000238
5708  14.910  -68.557  -28.817 0.5000000000
4684  13.945  -69.839  -28.845 0.6000000238
5224  14.069  -69.522  -30.649 0.6000000238
5235  13.824  -69.624  -31.656 0.6000000238
4674  13.615  -70.326  -28.097 0.6000000238
147741  14.810  -68.091  -29.583 0.6000000238
136138  14.438  -68.896  -29.824 0.6000000238
134057  14.325  -68.183  -31.134 0.6000000238
5234  14.189  -68.980  -31.399 0.5000000000
5762  13.799  -68.320  -32.698 0.5000000000
6795  14.714  -66.815  -30.434 0.6000000238
6286  14.133  -67.316  -31.623 0.6000000238
5747  14.023  -68.251  -31.918 0.6000000238
154618  13.714  -67.826  -32.993 0.6000000238
6313  13.774  -67.482  -34.375 0.6999999881
5783  13.856  -68.353  -34.697 0.6999999881
6331  14.285  -67.914  -36.135 0.6999999881
6878  14.058  -66.909  -36.893 0.6999999881
138504  13.824  -66.735  -32.402 0.6000000238
6301  13.652  -67.212  -33.290 0.6999999881
6851  13.337  -66.030  -34.746 0.6999999881
6850  13.778  -66.879  -35.137 0.6999999881
6864  13.626  -66.315  -35.895 0.6999999881
7484  13.442  -66.205  -36.777 0.6000000238
6830  13.227  -65.796  -33.906 0.6000000238
4277  22.580  -71.670  -31.559 0.5000000000
138682  22.615  -72.580  -30.915 0.5000000000
129869  22.381  -70.884  -31.312 0.5000000000
4270  22.482  -71.542  -30.550 0.6000000238
5233  21.503  -69.457  -32.131 0.6000000238
4705  22.045  -70.178  -31.778 0.6000000238
156000  22.314  -70.233  -31.102 0.6000000238
4683  22.519  -70.795  -29.951 0.6000000238
4671  22.422  -70.765  -29.076 0.6000000238
5746  21.277  -68.667  -31.679 0.5000000000
5716  22.151  -69.139  -30.122 0.6000000238
5196  21.978  -69.653  -27.922 0.6000000238
5717  21.608  -68.129  -29.976 0.6000000238
130983  21.731  -68.243  -29.104 0.5000000000
131244  22.027  -68.937  -28.588 0.6000000238
5185  21.484  -69.495  -27.160 0.6000000238
6265  21.182  -67.449  -29.254 0.5000000000
5701  21.674  -68.696  -27.618 0.6000000238
6761  18.292  -66.905  -26.730 0.5000000000
152439  19.477  -66.490  -26.991 0.5000000000
151826  19.222  -68.164  -26.259 0.6000000238
145747  20.720  -68.386  -26.577 0.6000000238
2122  26.784  -77.368  -39.118 0.6000000238
2821  27.334  -76.109  -37.278 0.6999999881
143361  22.369  -72.374  -30.037 0.5000000000
6278  14.506  -67.435  -30.761 0.6000000238
129857  13.476  -66.595  -34.119 0.6999999881
4259  22.410  -71.608  -29.554 0.6000000238
5174  20.725  -69.383  -26.568 0.6000000238
156035  19.425  -67.491  -26.478 0.6000000238
1158  23.801  -79.869  -33.622 0.3000000119
1157  24.788  -79.714  -33.459 0.3000000119
1148  24.962  -79.700  -32.870 0.4000000060
1168  25.427  -79.594  -34.684 0.3000000119
1450  27.384  -79.087  -34.818 0.4000000060
1771  27.109  -78.710  -36.352 0.4000000060
2434  29.519  -76.985  -34.029 0.4000000060
127777  28.588  -78.024  -35.567 0.3000000119
2448  29.415  -76.858  -35.180 0.5000000000
2797  29.074  -76.065  -34.731 0.6000000238
2110  27.867  -77.062  -36.883 0.5000000000
151763  26.834  -78.304  -37.854 0.5000000000
156501  27.746  -75.342  -34.244 0.6000000238
157443  25.088  -74.065  -31.900 0.6999999881
132874  14.427  -69.304  -28.855 0.6000000238
6891  13.509  -66.870  -37.442 0.6000000238
5223  21.990  -69.429  -31.191 0.6000000238
148964  20.986  -68.021  -31.370 0.5000000000
5209  22.452  -69.998  -29.582 0.6000000238
5195  22.290  -69.892  -28.745 0.6000000238
5732  21.566  -68.511  -30.866 0.5000000000
142035  22.003  -68.755  -29.411 0.6000000238
6276  21.028  -67.678  -30.795 0.5000000000
155709  21.455  -68.044  -27.626 0.5000000000
6764  20.492  -67.022  -27.315 0.5000000000
1589  18.560  -78.651  -15.113 0.4000000060
1588  18.846  -78.048  -15.623 0.4000000060
1598  18.521  -78.694  -15.970 0.5000000000
990  17.878  -80.514  -13.044 0.5000000000
769  17.941  -82.404  -12.909 0.5000000000
131053  17.908  -80.148  -14.502 0.5000000000
1269  18.050  -79.847  -13.800 0.5000000000
133530  19.298  -77.412  -15.413 0.4000000060
1909  19.637  -76.891  -16.085 0.4000000060
126879  19.093  -77.981  -17.059 0.5000000000
1111  20.301  -80.370  -28.804 0.3000000119
1102  20.375  -80.586  -27.845 0.3000000119
1120  20.282  -80.174  -29.752 0.3000000119
1134  20.680  -80.067  -30.677 0.3000000119
1268  18.314  -79.502  -12.995 0.4000000060
981  18.124  -79.876  -12.232 0.5000000000
982  17.730  -80.865  -12.141 0.5000000000
1566  18.878  -78.827  -12.916 0.4000000060
1579  18.686  -78.647  -14.347 0.4000000060
1578  19.032  -77.972  -14.692 0.3000000119
1573  20.074  -77.859  -13.386 0.3000000119
1943  20.372  -77.764  -18.385 0.4000000060
2271  19.761  -76.768  -15.152 0.3000000119
2283  20.248  -76.620  -16.735 0.4000000060
1921  19.621  -77.246  -16.984 0.5000000000
2270  20.270  -76.326  -15.795 0.3000000119
138641  20.657  -79.649  -28.228 0.3000000119
130320  20.685  -80.873  -27.068 0.3000000119
1425  20.802  -79.755  -30.038 0.3000000119
1424  21.504  -79.609  -30.700 0.3000000119
1133  21.411  -80.163  -31.475 0.3000000119
1556  19.146  -78.814  -12.123 0.3000000119
1262  18.598  -79.183  -12.322 0.4000000060
1565  19.623  -78.505  -12.833 0.3000000119
2262  20.438  -76.264  -14.828 0.3000000119
153464  21.614  -76.948  -17.550 0.4000000060
1942  21.213  -77.279  -18.109 0.4000000060
2258  21.084  -75.830  -14.555 0.3000000119
1692  21.430  -78.261  -27.356 0.4000000060
1693  20.953  -79.086  -27.349 0.4000000060
1373  20.901  -79.472  -26.459 0.4000000060
1088  21.127  -79.980  -25.532 0.4000000060
134961  21.514  -80.249  -24.678 0.4000000060
1084  21.891  -80.708  -23.987 0.5000000000
1720  21.663  -78.801  -29.247 0.3000000119
1395  21.051  -79.233  -28.942 0.3000000119
1409  21.242  -79.332  -29.742 0.3000000119
145384  22.130  -79.798  -31.472 0.3000000119
150559  20.143  -78.665  -11.997 0.3000000119
2281  22.170  -76.072  -16.388 0.3000000119
1920  22.009  -76.726  -16.981 0.3000000119
1604  23.672  -78.885  -17.435 0.4000000060
1613  23.291  -79.429  -18.180 0.4000000060
146655  21.522  -75.827  -13.711 0.3000000119
2636  21.553  -75.708  -16.044 0.3000000119
2261  21.024  -75.804  -15.428 0.3000000119
850  24.324  -80.824  -20.612 0.5000000000
843  24.742  -81.163  -19.857 0.5000000000
2374  22.710  -76.537  -26.231 0.3000000119
2005  22.057  -77.089  -25.972 0.3000000119
130003  22.580  -77.259  -27.361 0.3000000119
2020  21.670  -77.757  -26.537 0.3000000119
1372  21.218  -78.585  -26.575 0.4000000060
1350  22.752  -79.651  -22.457 0.5000000000
1076  22.863  -80.245  -22.051 0.5000000000
2033  21.972  -77.627  -27.357 0.3000000119
1362  21.218  -78.914  -25.751 0.4000000060
1355  21.417  -79.242  -24.845 0.4000000060
1354  21.744  -79.673  -23.894 0.5000000000
1079  22.325  -80.416  -22.749 0.5000000000
1408  22.043  -79.026  -30.157 0.3000000119
1423  22.536  -79.424  -30.939 0.3000000119
1131  24.288  -79.473  -31.516 0.3000000119
152668  25.036  -79.573  -31.870 0.4000000060
1919  22.749  -77.201  -17.007 0.3000000119
1596  24.326  -79.427  -16.749 0.4000000060
2612  21.988  -75.356  -13.099 0.3000000119
154877  21.308  -75.476  -14.943 0.3000000119
1298  24.038  -80.203  -17.294 0.4000000060
2618  21.496  -75.279  -14.450 0.3000000119
805  24.140  -81.135  -17.398 0.4000000060
143635  24.917  -81.543  -18.043 0.5000000000
814  26.698  -81.171  -18.237 0.4000000060
815  25.680  -81.476  -18.043 0.5000000000
2728  24.039  -75.496  -25.509 0.3000000119
849  25.378  -80.797  -20.670 0.5000000000
842  25.764  -81.035  -19.916 0.5000000000
2361  22.502  -76.521  -25.369 0.3000000119
1074  25.235  -80.083  -21.666 0.4000000060
143072  26.375  -80.721  -20.719 0.5000000000
135397  23.731  -76.661  -27.214 0.3000000119
1994  21.913  -77.232  -25.159 0.4000000060
1661  21.962  -77.648  -24.319 0.4000000060
140225  24.285  -79.210  -22.099 0.5000000000
139048  24.895  -80.466  -21.196 0.5000000000
2047  22.531  -77.612  -28.088 0.3000000119
1662  21.527  -78.166  -25.121 0.4000000060
1654  21.712  -78.609  -24.146 0.5000000000
140996  21.991  -78.960  -23.433 0.5000000000
1719  22.547  -78.544  -29.552 0.3000000119
1718  23.573  -78.498  -29.708 0.4000000060
1422  24.224  -79.041  -30.493 0.3000000119
146184  23.456  -79.360  -31.032 0.4000000060
2843  19.703  -75.782  -38.005 0.5000000000
140601  25.282  -79.639  -32.332 0.3000000119
2988  22.884  -74.384  -12.088 0.3000000119
2616  21.762  -74.926  -13.748 0.3000000119
144270  25.437  -79.265  -15.915 0.3000000119
2615  22.121  -74.672  -13.164 0.3000000119
1284  26.267  -80.139  -15.707 0.3000000119
802  26.162  -81.412  -17.231 0.5000000000
1049  28.432  -80.517  -19.027 0.4000000060
133424  28.355  -80.489  -17.764 0.3000000119
2727  24.728  -75.444  -25.732 0.3000000119
1060  28.340  -80.375  -20.178 0.5000000000
143717  23.316  -75.907  -25.649 0.3000000119
139687  26.014  -80.010  -21.888 0.4000000060
1068  27.022  -80.444  -21.342 0.4000000060
1993  22.438  -76.796  -24.500 0.4000000060
1984  22.573  -77.271  -23.713 0.4000000060
143692  24.009  -78.501  -22.403 0.4000000060
1647  24.909  -78.728  -22.330 0.4000000060
134168  23.228  -77.149  -27.649 0.3000000119
2046  23.559  -77.559  -28.384 0.3000000119
1653  22.201  -78.156  -23.530 0.4000000060
1648  23.374  -79.040  -22.346 0.5000000000
1717  24.643  -78.553  -29.623 0.3000000119
127783  25.177  -79.026  -30.165 0.4000000060
1421  25.216  -79.297  -30.735 0.4000000060
136903  19.666  -76.253  -37.153 0.5000000000
1130  25.437  -79.496  -31.255 0.4000000060
1129  26.148  -79.606  -30.923 0.5000000000
130979  20.308  -75.954  -38.452 0.5000000000
3502  15.413  -73.366  -28.578 0.5000000000
1048  29.360  -80.051  -19.587 0.3000000119
1307  29.546  -79.781  -17.458 0.3000000119
138103  15.800  -73.236  -29.581 0.5000000000
3116  14.199  -74.118  -27.767 0.6000000238
2716  26.364  -75.483  -25.602 0.3000000119
2718  24.462  -75.295  -25.032 0.3000000119
2726  25.584  -75.566  -26.003 0.3000000119
2704  23.730  -75.553  -24.915 0.3000000119
2337  23.807  -76.301  -23.454 0.3000000119
1341  27.600  -80.171  -21.782 0.4000000060
1330  29.266  -79.840  -20.361 0.4000000060
3523  17.822  -72.812  -31.632 0.5000000000
3472  11.709  -73.519  -26.792 0.5000000000
1983  23.316  -77.069  -23.252 0.3000000119
1977  24.526  -77.933  -22.551 0.3000000119
1976  25.274  -78.200  -22.462 0.3000000119
1645  26.688  -78.948  -22.317 0.3000000119
126858  18.262  -73.041  -33.043 0.5000000000
2030  25.183  -77.172  -27.799 0.3000000119
146516  24.592  -78.161  -29.055 0.3000000119
3161  19.152  -74.554  -33.896 0.5000000000
1704  26.092  -78.782  -28.774 0.3000000119
2452  19.252  -75.850  -34.858 0.5000000000
1394  26.532  -79.493  -29.011 0.4000000060
2107  19.711  -76.850  -36.246 0.6000000238
1405  26.927  -79.741  -29.111 0.4000000060
1118  26.564  -79.674  -30.007 0.5000000000
2117  20.099  -76.861  -36.876 0.5000000000
1128  27.375  -79.841  -30.237 0.4000000060
125501  26.760  -79.750  -30.495 0.3000000119
1139  25.717  -79.632  -31.720 0.4000000060
2465  20.993  -76.085  -38.428 0.6000000238
2067  29.873  -77.795  -30.381 0.3000000119
1742  29.051  -78.399  -31.124 0.4000000060
1435  27.937  -79.192  -31.995 0.4000000060
1138  26.452  -79.711  -31.546 0.3000000119
2463  22.477  -76.038  -38.428 0.6000000238
2473  20.929  -75.781  -39.066 0.5000000000
2407  29.773  -77.112  -30.046 0.3000000119
143283  29.418  -77.880  -31.093 0.5000000000
1751  29.099  -77.972  -32.189 0.4000000060
1438  28.341  -78.874  -32.926 0.4000000060
129573  22.102  -75.624  -39.776 0.6000000238
2408  28.994  -76.420  -30.375 0.3000000119
2068  29.397  -77.269  -30.955 0.5000000000
2075  29.251  -77.526  -31.868 0.4000000060
1752  28.920  -78.339  -33.026 0.4000000060
138853  28.685  -76.502  -31.294 0.4000000060
155196  29.144  -77.100  -31.782 0.5000000000
2421  29.344  -77.356  -33.340 0.4000000060
2422  29.222  -76.855  -33.296 0.5000000000
3485  14.813  -73.316  -27.511 0.6000000238
3108  13.556  -74.170  -27.157 0.6000000238
2700  27.257  -75.505  -25.117 0.3000000119
2717  25.425  -75.170  -25.182 0.3000000119
2702  24.809  -75.173  -24.352 0.3000000119
2685  24.287  -75.608  -23.755 0.3000000119
3834  13.568  -72.776  -26.623 0.6000000238
3471  12.468  -73.492  -26.643 0.6000000238
2336  24.718  -76.357  -23.042 0.3000000119
125651  25.457  -77.016  -22.663 0.3000000119
3836  12.120  -72.964  -26.748 0.6000000238
2360  27.864  -77.060  -26.079 0.3000000119
1982  24.154  -77.072  -22.870 0.3000000119
126773  25.922  -77.976  -22.437 0.3000000119
3872  11.077  -72.331  -28.050 0.6000000238
2044  25.659  -77.960  -28.433 0.3000000119
139185  11.600  -71.247  -29.416 0.6000000238
150749  10.873  -72.074  -28.800 0.6000000238
3898  10.705  -71.831  -30.048 0.6000000238
137245  10.656  -71.734  -30.802 0.5000000000
1127  28.054  -79.903  -29.443 0.4000000060
1420  28.406  -79.137  -30.977 0.4000000060
2750  27.734  -75.123  -30.074 0.4000000060
153952  28.380  -76.240  -31.841 0.5000000000
151170  27.698  -75.135  -24.532 0.3000000119
3086  27.617  -74.477  -24.280 0.3000000119
129338  26.318  -75.096  -24.995 0.3000000119
2701  25.614  -74.865  -24.250 0.3000000119
2684  24.928  -75.435  -23.442 0.3000000119
2335  25.381  -76.236  -22.758 0.3000000119
130104  26.958  -77.237  -22.068 0.3000000119
3469  14.218  -72.848  -26.761 0.5000000000
2715  27.156  -76.112  -25.884 0.3000000119
133773  12.719  -71.684  -27.244 0.5000000000
3852  12.344  -72.387  -26.983 0.6000000238
2714  28.101  -76.375  -25.407 0.3000000119
131295  26.862  -78.077  -22.273 0.3000000119
4239  11.875  -71.961  -27.618 0.6000000238
2350  29.081  -76.477  -25.102 0.3000000119
4262  11.527  -71.595  -28.577 0.6000000238
1109  28.680  -79.975  -28.408 0.3000000119
1381  28.073  -79.944  -28.040 0.3000000119
4272  11.325  -71.326  -30.243 0.6000000238
4718  11.292  -71.147  -32.829 0.6000000238
4251  12.362  -71.278  -28.037 0.6000000238
4675  12.885  -70.659  -28.497 0.5000000000
4686  12.790  -70.491  -29.485 0.6000000238
4271  12.077  -70.849  -29.902 0.6000000238
4278  12.018  -70.874  -30.839 0.6000000238
4279  11.297  -71.258  -31.249 0.6000000238
4727  11.744  -70.931  -33.329 0.6000000238
134546  11.908  -70.889  -32.578 0.6000000238
144801  11.878  -70.577  -34.754 0.5000000000
4250  13.164  -70.983  -27.566 0.5000000000
125529  13.417  -70.172  -29.063 0.5000000000
4696  12.776  -70.492  -30.458 0.5000000000
4717  12.482  -70.599  -33.134 0.6000000238
5321  12.372  -69.393  -37.776 0.5000000000
6357  12.558  -67.444  -38.008 0.6000000238
138946  12.430  -68.122  -38.142 0.6000000238
5816  11.742  -68.464  -38.196 0.5000000000
138060  11.973  -67.764  -38.157 0.6000000238
6359  10.096  -68.021  -38.111 0.6000000238
4695  13.492  -70.159  -31.059 0.5000000000
5271  13.406  -69.595  -33.447 0.5000000000
147847  13.288  -69.505  -34.472 0.5000000000
5291  12.615  -70.103  -34.643 0.6000000238
5791  13.696  -68.997  -35.389 0.6000000238
5311  13.552  -69.354  -36.224 0.5000000000
5312  12.884  -69.708  -36.510 0.5000000000
5798  14.089  -68.674  -36.590 0.6000000238
130006  13.171  -65.699  -35.962 0.6000000238
5814  13.729  -68.346  -37.840 0.6000000238
7498  10.181  -66.382  -37.736 0.5000000000
8547  9.506  -63.811  -26.486 0.5000000000
4685  13.549  -70.081  -30.004 0.5000000000
4716  13.126  -70.172  -32.869 0.5000000000
154427  13.614  -68.943  -34.628 0.6000000238
9175  9.042  -62.690  -25.528 0.5000000000
9840  8.535  -62.121  -25.074 0.6000000238
9193  9.643  -63.234  -25.915 0.6000000238
8546  10.230  -63.660  -26.400 0.6000000238
9194  8.819  -63.205  -26.099 0.5000000000
157528  10.121  -63.989  -26.915 0.5000000000
8577  10.140  -64.265  -28.154 0.5000000000
8091  8.758  -65.110  -36.885 0.5000000000
7499  9.288  -65.973  -37.457 0.5000000000
10461  12.097  -59.845  -23.945 0.6000000238
11103  11.362  -59.186  -24.425 0.6999999881
10446  11.679  -60.619  -23.523 0.6000000238
11087  11.327  -59.835  -23.601 0.6999999881
9812  10.161  -60.749  -22.842 0.6000000238
131196  9.060  -61.568  -23.314 0.6000000238
9825  11.093  -61.717  -23.704 0.6000000238
130785  10.642  -61.240  -23.278 0.6000000238
130713  12.358  -60.721  -23.729 0.6000000238
9824  11.942  -61.481  -23.755 0.6000000238
9164  10.735  -62.244  -24.199 0.6000000238
9826  9.617  -61.863  -23.885 0.5000000000
9827  8.807  -61.808  -24.228 0.6000000238
150007  12.564  -62.230  -24.565 0.6000000238
9173  11.047  -62.671  -24.802 0.6000000238
9839  9.447  -62.296  -24.742 0.5000000000
9172  11.741  -62.628  -24.838 0.6000000238
9174  10.273  -62.592  -24.813 0.6000000238
9191  11.567  -63.240  -26.024 0.6000000238
9192  10.602  -63.157  -25.620 0.6000000238
8545  11.015  -63.571  -26.580 0.6000000238
8576  10.398  -64.059  -27.663 0.5000000000
127423  9.380  -63.863  -29.878 0.5000000000
8600  8.588  -63.355  -30.828 0.5000000000
8616  7.754  -63.052  -31.608 0.5000000000
11088  10.644  -59.681  -23.237 0.6000000238
11081  9.998  -59.341  -22.689 0.6999999881
147017  12.138  -62.850  -25.439 0.5000000000
8559  11.257  -63.585  -27.505 0.6000000238
140600  10.956  -63.232  -28.938 0.6000000238
9236  9.868  -63.567  -29.430 0.5000000000
9235  10.246  -63.038  -29.527 0.6000000238
9237  8.963  -62.803  -30.551 0.5000000000
9912  9.520  -61.782  -30.901 0.6000000238
9252  8.352  -61.999  -31.163 0.6000000238
14484  11.874  -54.376  -25.729 0.4000000060
155683  8.951  -58.554  -26.007 0.6999999881
12450  7.868  -57.148  -25.288 0.5000000000
12433  8.249  -57.072  -24.365 0.5000000000
13840  12.020  -55.198  -25.149 0.6000000238
13841  11.194  -55.192  -25.846 0.5000000000
12417  8.938  -57.592  -23.953 0.6000000238
154292  9.340  -57.967  -23.581 0.5000000000
14477  13.574  -54.556  -24.475 0.5000000000
11747  9.650  -58.805  -26.387 0.6000000238
12432  8.756  -57.890  -25.079 0.8000000119
11746  10.271  -58.845  -25.819 0.6999999881
11707  10.231  -58.877  -23.758 0.8000000119
139936  9.514  -59.421  -22.033 0.6999999881
141941  10.764  -62.746  -29.664 0.6000000238
137848  10.234  -62.372  -30.203 0.6000000238
13137  7.444  -56.447  -24.449 0.5000000000
14490  10.997  -54.301  -26.407 0.5000000000
12466  7.422  -57.500  -27.019 0.6999999881
12418  8.440  -56.964  -23.400 0.5000000000
15123  14.290  -53.393  -24.979 0.4000000060
15124  13.492  -53.717  -25.193 0.4000000060
13831  14.359  -54.355  -24.165 0.4000000060
13825  14.409  -55.625  -23.632 0.5000000000
13122  14.786  -56.495  -23.457 0.4000000060
13148  7.070  -56.491  -25.488 0.5000000000
13125  7.586  -56.285  -23.423 0.5000000000
15132  12.701  -53.056  -26.530 0.3000000119
15134  11.056  -53.582  -27.011 0.3000000119
135697  6.807  -56.680  -26.507 0.6000000238
14476  15.056  -54.151  -23.928 0.4000000060
14471  15.591  -54.724  -23.550 0.4000000060
12415  15.159  -57.346  -23.578 0.4000000060
13156  6.157  -56.009  -27.015 0.6000000238
13155  6.691  -56.939  -27.615 0.6000000238
13121  15.679  -56.637  -23.411 0.4000000060
13842  5.522  -55.051  -25.832 0.5000000000
13138  6.540  -55.820  -24.802 0.5000000000
16587  15.351  -51.499  -27.901 0.3000000119
15844  12.975  -52.474  -27.245 0.3000000119
15854  11.730  -52.397  -28.507 0.3000000119
15149  10.389  -52.939  -28.821 0.4000000060
13823  16.282  -56.014  -23.288 0.3000000119
12414  15.999  -57.381  -23.709 0.4000000060
13120  16.541  -56.788  -23.565 0.4000000060
15862  12.129  -51.935  -29.242 0.4000000060
156053  5.551  -55.113  -27.458 0.6000000238
13834  5.683  -55.193  -25.046 0.4000000060
15863  11.127  -52.367  -29.330 0.4000000060
17350  16.596  -51.083  -28.130 0.3000000119
16595  16.040  -51.278  -28.618 0.3000000119
13851  5.179  -54.547  -26.319 0.5000000000
15864  10.247  -52.571  -29.578 0.4000000060
15875  9.197  -52.294  -29.906 0.4000000060
16613  8.249  -51.614  -29.380 0.5000000000
16628  10.603  -51.536  -30.337 0.4000000060
16611  9.796  -51.749  -30.108 0.4000000060
18997  14.609  -48.937  -31.973 0.3000000119
19813  13.838  -48.002  -31.262 0.3000000119
18998  13.496  -48.961  -31.454 0.3000000119
18988  12.509  -48.862  -30.823 0.3000000119
19801  12.563  -47.733  -30.161 0.3000000119
17296  10.318  -49.702  -21.685 0.4000000060
19812  14.694  -47.768  -31.675 0.3000000119
1973  28.260  -78.451  -21.759 0.3000000119
1110  27.879  -79.947  -28.686 0.4000000060
16627  11.478  -51.099  -30.801 0.3000000119
9911  10.633  -61.778  -30.888 0.6000000238
18886  8.695  -48.457  -21.558 0.4000000060
13832  13.629  -55.457  -24.039 0.5000000000
17380  11.404  -50.205  -30.831 0.3000000119
1137  27.168  -79.614  -31.853 0.3000000119
1434  28.611  -78.589  -32.088 0.4000000060
136326  12.642  -70.581  -32.302 0.5000000000
1276  18.243  -79.361  -14.596 0.5000000000
154411  17.755  -81.462  -12.725 0.5000000000
1932  19.630  -77.790  -17.814 0.5000000000
1382  20.587  -79.977  -27.210 0.4000000060
1574  19.172  -78.322  -13.699 0.4000000060
1931  20.308  -77.102  -17.635 0.4000000060
156131  21.673  -78.585  -19.026 0.4000000060
1708  21.272  -78.694  -28.267 0.4000000060
1094  20.864  -80.482  -26.376 0.4000000060
1093  21.408  -81.014  -25.654 0.4000000060
1257  18.618  -79.358  -11.524 0.3000000119
1897  20.901  -76.482  -13.942 0.3000000119
2282  21.505  -76.218  -16.615 0.3000000119
1929  22.242  -77.374  -17.748 0.4000000060
137886  22.445  -78.853  -18.753 0.4000000060
2048  21.743  -77.990  -27.982 0.3000000119
1707  22.059  -78.193  -28.723 0.4000000060
1928  23.195  -77.849  -17.321 0.4000000060
1026  24.061  -80.898  -17.227 0.4000000060
1349  23.507  -79.664  -21.972 0.5000000000
2458  19.325  -75.982  -36.426 0.5000000000
1407  23.058  -78.974  -30.353 0.4000000060
2628  21.740  -75.143  -15.238 0.3000000119
1016  24.908  -80.842  -16.241 0.4000000060
137893  24.977  -81.354  -16.492 0.4000000060
803  25.221  -81.598  -17.097 0.5000000000
131379  26.600  -80.800  -19.960 0.5000000000
2339  23.038  -76.057  -24.720 0.3000000119
2031  24.112  -77.106  -27.857 0.3000000119
1706  23.018  -78.029  -28.946 0.3000000119
2059  23.982  -78.042  -29.068 0.3000000119
2466  20.324  -76.322  -37.767 0.6000000238
1014  27.681  -80.255  -16.076 0.3000000119
139879  25.752  -81.015  -16.083 0.4000000060
1346  27.256  -79.727  -22.204 0.3000000119
2801  19.343  -75.608  -34.147 0.5000000000
125479  26.374  -79.539  -29.713 0.4000000060
1305  31.332  -78.623  -18.129 0.3000000119
1643  28.530  -79.073  -21.713 0.3000000119
128110  29.740  -78.413  -30.137 0.4000000060
128713  27.971  -79.735  -30.331 0.4000000060
129591  27.040  -79.745  -31.021 0.4000000060
2401  29.331  -76.252  -29.629 0.3000000119
4261  12.166  -70.967  -28.967 0.6000000238
1403  28.990  -79.715  -29.396 0.3000000119
143327  25.298  -75.465  -23.063 0.3000000119
2333  26.107  -76.316  -22.322 0.3000000119
134840  29.689  -77.183  -25.238 0.3000000119
5803  13.814  -68.944  -37.553 0.6000000238
11727  10.519  -58.833  -24.826 0.6999999881
145410  9.687  -58.425  -23.214 0.6999999881
135885  9.634  -58.610  -25.322 0.6999999881
12449  8.176  -57.963  -26.271 0.6000000238
155041  13.593  -52.286  -27.147 0.3000000119
15852  13.582  -51.883  -27.867 0.3000000119
2092  20.588  -77.385  -34.665 0.5000000000
2437  20.249  -76.945  -33.889 0.5000000000
3542  25.672  -74.387  -31.943 0.6000000238
5774  13.727  -68.974  -33.085 0.4000000060
5773  13.722  -68.160  -33.584 0.5000000000
6894  11.066  -66.248  -37.767 0.5000000000
7473  12.629  -65.099  -35.272 0.5000000000
7486  11.991  -65.395  -36.562 0.5000000000
7497  11.619  -65.847  -37.372 0.5000000000
148287  10.260  -65.822  -37.477 0.5000000000
8088  11.098  -65.111  -36.663 0.5000000000
8070  12.613  -64.274  -34.264 0.5000000000
8081  9.322  -64.497  -36.499 0.4000000060
8072  11.935  -64.080  -34.748 0.5000000000
8079  11.532  -64.604  -35.709 0.5000000000
8663  9.804  -63.981  -35.883 0.5000000000
8665  7.931  -63.581  -35.948 0.5000000000
8652  11.269  -63.748  -35.000 0.6000000238
8662  10.703  -64.306  -35.821 0.5000000000
8654  9.394  -63.042  -35.276 0.5000000000
147939  7.065  -61.740  -32.196 0.5000000000
9312  11.101  -62.797  -34.638 0.6000000238
9316  6.642  -62.758  -34.673 0.5000000000
8638  6.483  -62.631  -33.577 0.5000000000
9313  10.260  -62.502  -34.801 0.6000000238
8655  8.375  -62.986  -35.480 0.6000000238
8656  7.396  -62.968  -35.390 0.5000000000
133583  11.846  -61.942  -34.823 0.6000000238
9963  10.329  -61.562  -34.663 0.6000000238
149970  9.469  -62.081  -34.753 0.6000000238
9944  6.910  -61.222  -33.498 0.6000000238
129885  10.473  -60.628  -34.689 0.6000000238
140997  7.074  -61.084  -32.701 0.5000000000
9931  8.183  -60.924  -31.819 0.5000000000
9951  8.601  -61.632  -34.604 0.6000000238
9964  7.665  -61.751  -34.519 0.6000000238
126591  8.501  -61.341  -22.622 0.5000000000
10437  8.834  -60.721  -21.964 0.5000000000
10436  9.671  -60.213  -22.249 0.5000000000
9929  10.100  -61.060  -31.507 0.6000000238
10577  9.735  -60.155  -34.403 0.6000000238
10556  8.607  -60.179  -32.450 0.6000000238
10579  8.329  -60.285  -33.859 0.6000000238
10567  8.135  -60.033  -33.009 0.6000000238
11175  9.274  -59.248  -33.314 0.6000000238
16610  12.110  -51.444  -30.717 0.3000000119
148384  9.979  -51.035  -22.108 0.3000000119
147631  28.123  -76.010  -32.357 0.4000000060
2483  22.770  -75.787  -40.110 0.5000000000
2470  23.550  -75.596  -39.655 0.5000000000
3148  26.284  -74.626  -31.991 0.4000000060
133289  23.317  -75.680  -38.800 0.4000000060
150486  19.880  -77.034  -34.726 0.4000000060
2105  21.224  -77.420  -36.359 0.4000000060
2099  20.029  -77.257  -35.447 0.4000000060
2115  21.534  -77.032  -37.185 0.4000000060
2114  22.373  -76.711  -37.443 0.4000000060
4295  25.721  -70.807  -34.692 0.4000000060
4296  24.861  -71.349  -33.916 0.4000000060
3160  19.511  -75.372  -33.451 0.4000000060
4289  25.395  -71.153  -33.401 0.4000000060
3931  24.260  -71.609  -34.478 0.4000000060
11203  10.593  -59.656  -34.679 0.5000000000
11188  11.927  -58.913  -34.855 0.5000000000
11180  9.987  -58.887  -33.731 0.5000000000
126626  11.631  -58.462  -34.365 0.5000000000
11844  12.518  -57.901  -33.848 0.5000000000
11174  9.905  -58.834  -33.070 0.5000000000
131495  12.878  -57.872  -32.627 0.5000000000
11694  9.474  -58.656  -22.355 0.4000000060
128179  9.098  -58.051  -21.940 0.4000000060
11845  11.617  -58.226  -33.773 0.5000000000
10566  9.293  -59.455  -32.779 0.5000000000
3918  25.175  -71.831  -32.398 0.4000000060
137086  17.781  -81.550  -13.407 0.4000000060
777  17.982  -82.547  -13.610 0.4000000060
202  16.559  -84.262  -17.756 0.4000000060
991  17.792  -80.747  -13.979 0.4000000060
151996  17.723  -81.720  -14.180 0.4000000060
205  17.191  -84.035  -18.475 0.4000000060
132840  17.814  -83.008  -14.719 0.4000000060
317  18.003  -83.750  -18.964 0.4000000060
318  17.147  -83.633  -18.249 0.4000000060
201  16.758  -83.973  -17.423 0.4000000060
1277  17.921  -80.006  -15.217 0.5000000000
144361  17.742  -80.931  -14.917 0.5000000000
1007  17.583  -81.489  -15.744 0.4000000060
783  17.664  -82.028  -14.912 0.4000000060
315  16.808  -83.792  -16.878 0.4000000060
1286  18.222  -79.316  -15.529 0.5000000000
1018  18.268  -79.383  -16.379 0.5000000000
156141  17.973  -79.884  -15.931 0.5000000000
126861  17.462  -82.501  -15.629 0.4000000060
1019  17.945  -80.256  -16.705 0.4000000060
142637  17.625  -81.059  -16.449 0.4000000060
150180  18.472  -81.997  -19.048 0.4000000060
820  17.873  -81.998  -18.593 0.4000000060
638  17.435  -82.748  -18.253 0.4000000060
481  16.947  -83.436  -17.438 0.4000000060
475  17.115  -83.723  -16.170 0.4000000060
488  17.728  -83.488  -18.727 0.4000000060
1027  18.154  -80.410  -17.725 0.5000000000
1028  17.652  -81.115  -17.290 0.4000000060
794  17.311  -81.956  -16.692 0.4000000060
627  17.095  -83.079  -16.452 0.4000000060
155119  18.840  -80.939  -18.977 0.5000000000
1041  17.921  -81.240  -18.166 0.4000000060
806  17.396  -81.934  -17.818 0.4000000060
632  17.101  -82.649  -17.377 0.4000000060
643  20.208  -82.128  -19.840 0.3000000119
649  20.288  -82.403  -19.990 0.3000000119
834  20.579  -81.785  -19.856 0.4000000060
144792  20.178  -81.462  -19.671 0.3000000119
135493  21.671  -80.848  -19.683 0.4000000060
144604  20.825  -81.185  -19.784 0.4000000060
655  21.484  -82.318  -21.902 0.3000000119
145314  21.407  -82.190  -20.937 0.4000000060
648  20.895  -82.206  -20.229 0.4000000060
129664  21.068  -81.471  -19.932 0.4000000060
647  21.667  -81.800  -20.489 0.4000000060
641  21.354  -81.441  -20.013 0.4000000060
832  22.526  -80.943  -19.625 0.4000000060
1037  23.668  -80.774  -18.033 0.3000000119
819  18.950  -81.558  -19.215 0.3000000119
1051  21.905  -79.950  -19.449 0.3000000119
1320  21.096  -80.197  -19.610 0.4000000060
654  21.941  -81.886  -21.444 0.4000000060
1038  22.734  -80.543  -18.973 0.3000000119
640  22.214  -81.221  -20.086 0.4000000060
141293  23.066  -81.062  -19.552 0.4000000060
138834  23.308  -81.031  -18.969 0.4000000060
1053  19.491  -80.917  -19.327 0.4000000060
1052  20.259  -80.569  -19.541 0.4000000060
152513  21.577  -82.737  -22.685 0.4000000060
1308  23.623  -80.406  -17.964 0.3000000119
658  21.982  -81.775  -22.479 0.4000000060
154544  21.795  -82.083  -22.239 0.4000000060
141600  22.341  -80.992  -22.302 0.4000000060
851  23.254  -81.035  -20.818 0.4000000060
646  22.411  -81.465  -20.731 0.4000000060
1039  19.070  -80.236  -18.879 0.4000000060
1312  19.371  -79.337  -18.691 0.4000000060
1624  21.003  -79.055  -19.357 0.3000000119
1311  20.088  -79.106  -19.108 0.4000000060
1309  22.728  -79.876  -18.872 0.3000000119
859  22.056  -81.633  -23.225 0.4000000060
862  22.184  -81.624  -24.017 0.4000000060
157237  22.168  -81.025  -22.869 0.4000000060
1070  23.904  -80.465  -21.156 0.4000000060
844  23.720  -81.165  -19.970 0.4000000060
1606  18.632  -78.707  -16.840 0.4000000060
151615  20.449  -78.447  -18.880 0.3000000119
150658  18.812  -78.176  -16.357 0.4000000060
1300  18.414  -79.515  -17.302 0.4000000060
1299  19.024  -78.731  -17.836 0.4000000060
1313  18.727  -79.788  -18.199 0.4000000060
1616  19.780  -78.466  -18.513 0.4000000060
126921  23.632  -71.854  -34.343 0.4000000060
653  22.501  -81.323  -21.551 0.4000000060
93  16.836  -84.568  -18.597 0.4000000060
507  21.926  -82.488  -22.955 0.4000000060
618  18.241  -83.089  -13.028 0.5000000000
621  18.189  -83.383  -13.881 0.4000000060
642  20.617  -82.005  -19.982 0.4000000060
792  25.670  -81.357  -16.585 0.4000000060
793  24.794  -81.214  -16.427 0.4000000060
801  27.200  -81.042  -17.442 0.5000000000
804  24.500  -81.280  -16.820 0.4000000060
816  24.556  -81.397  -17.128 0.4000000060
817  24.069  -81.281  -17.907 0.4000000060
818  22.989  -80.355  -18.834 0.3000000119
829  26.214  -81.168  -19.099 0.5000000000
830  25.188  -81.396  -18.953 0.5000000000
831  24.084  -81.314  -18.927 0.5000000000
833  21.758  -80.605  -19.622 0.4000000060
855  23.029  -80.663  -21.544 0.4000000060
888  20.074  -80.465  -30.373 0.3000000119
1006  25.850  -80.626  -15.877 0.3000000119
1015  25.227  -81.004  -16.075 0.4000000060
1017  24.495  -81.061  -16.697 0.4000000060
1025  26.651  -80.960  -16.477 0.4000000060
1034  30.181  -79.644  -19.149 0.3000000119
1035  29.426  -80.058  -18.591 0.3000000119
1036  27.600  -80.832  -18.377 0.4000000060
1040  18.494  -80.660  -18.484 0.5000000000
1050  27.320  -80.773  -19.367 0.5000000000
1061  27.275  -80.562  -20.498 0.5000000000
1067  27.884  -80.327  -21.088 0.4000000060
1069  26.003  -80.464  -21.446 0.4000000060
1073  26.769  -80.176  -21.931 0.4000000060
1075  23.633  -80.097  -21.587 0.5000000000
1080  22.019  -80.304  -23.372 0.5000000000
1083  22.062  -80.988  -23.327 0.4000000060
1117  27.254  -79.861  -29.446 0.4000000060
1119  25.943  -79.463  -30.469 0.4000000060
1132  23.004  -79.616  -31.671 0.3000000119
1142  21.441  -80.617  -32.042 0.3000000119
1146  26.656  -79.672  -32.525 0.5000000000
1285  25.569  -80.308  -15.946 0.4000000060
1287  17.764  -80.581  -15.828 0.5000000000
1293  26.690  -80.357  -15.765 0.3000000119
1294  24.545  -80.414  -16.581 0.4000000060
1306  30.469  -79.410  -18.287 0.3000000119
1310  21.920  -79.309  -19.295 0.3000000119
1321  20.408  -79.738  -19.415 0.4000000060
1322  19.736  -79.943  -19.256 0.4000000060
1340  28.309  -80.003  -21.410 0.4000000060
1344  28.640  -79.562  -21.457 0.3000000119
1345  28.068  -79.719  -21.946 0.3000000119
1347  26.371  -79.627  -22.191 0.3000000119
1348  25.347  -79.507  -22.051 0.4000000060
1353  22.200  -79.643  -23.089 0.5000000000
1396  20.668  -79.753  -29.244 0.3000000119
1404  27.515  -79.839  -28.620 0.4000000060
1406  25.823  -79.343  -30.071 0.4000000060
1419  28.525  -79.564  -30.064 0.3000000119
1442  28.448  -78.623  -34.182 0.4000000060
1443  27.416  -79.303  -33.651 0.4000000060
1454  26.901  -79.121  -35.482 0.4000000060
1456  25.316  -79.521  -35.594 0.4000000060
1462  25.782  -79.125  -37.261 0.4000000060
1575  18.544  -79.054  -13.713 0.4000000060
1595  24.924  -79.898  -16.252 0.3000000119
1597  19.165  -77.581  -16.264 0.4000000060
1605  22.865  -78.307  -18.106 0.4000000060
1614  21.929  -77.972  -18.539 0.4000000060
1615  21.088  -78.098  -18.804 0.4000000060
1644  27.659  -78.945  -22.145 0.3000000119
1646  25.795  -78.879  -22.338 0.3000000119
1649  22.610  -78.807  -22.877 0.5000000000
1652  22.884  -77.867  -23.062 0.4000000060
1673  21.405  -78.178  -25.954 0.3000000119
1705  25.222  -78.337  -29.024 0.3000000119
1716  25.705  -79.017  -29.511 0.4000000060
1730  29.133  -79.077  -30.219 0.4000000060
1758  29.157  -78.088  -33.774 0.4000000060
1763  29.278  -77.810  -34.396 0.4000000060
1764  28.886  -78.177  -34.699 0.4000000060
1768  28.285  -77.435  -36.321 0.4000000060
1770  27.839  -78.125  -36.379 0.5000000000
1775  27.193  -78.139  -37.159 0.5000000000
1776  26.275  -78.720  -37.981 0.4000000060
1781  25.617  -78.263  -39.550 0.5000000000
1899  19.563  -77.696  -14.125 0.3000000119
1930  21.073  -76.591  -17.233 0.4000000060
1971  28.381  -77.792  -21.514 0.3000000119
1974  27.645  -77.975  -21.926 0.3000000119
1975  26.133  -77.146  -22.423 0.3000000119
1978  23.672  -77.768  -22.742 0.4000000060
1981  25.047  -77.407  -22.662 0.3000000119
2006  21.661  -77.645  -25.756 0.4000000060
2019  22.296  -77.157  -26.742 0.3000000119
2032  22.970  -76.779  -26.980 0.3000000119
2043  26.397  -78.462  -28.214 0.3000000119
2045  24.609  -77.721  -28.539 0.3000000119
2081  29.244  -77.587  -32.667 0.4000000060
2084  29.268  -77.840  -33.208 0.4000000060
2086  21.144  -77.360  -33.896 0.6000000238
2091  21.644  -77.531  -34.742 0.6000000238
2093  19.595  -76.426  -34.405 0.5000000000
2098  20.894  -77.523  -35.508 0.4000000060
2100  19.474  -76.510  -35.377 0.5000000000
2103  23.118  -76.847  -36.846 0.6000000238
2106  20.372  -77.292  -36.244 0.5000000000
2112  27.179  -77.621  -38.122 0.5000000000
2116  20.720  -77.068  -37.046 0.5000000000
2126  26.249  -77.320  -39.851 0.5000000000
2127  25.385  -77.398  -40.271 0.6000000238
2269  20.902  -76.140  -16.353 0.3000000119
2338  23.054  -76.448  -23.908 0.3000000119
2358  30.006  -76.565  -24.889 0.3000000119
2414  29.224  -77.231  -32.566 0.5000000000
2424  22.162  -76.630  -32.634 0.8000000119
2433  29.410  -77.557  -33.946 0.4000000060
2442  29.529  -77.213  -34.590 0.4000000060
2443  29.501  -76.622  -34.678 0.5000000000
2460  27.288  -76.336  -38.131 0.6000000238
2464  21.677  -76.352  -38.051 0.6000000238
2471  22.634  -75.619  -39.393 0.5000000000
2472  21.741  -75.808  -39.046 0.6000000238
2480  25.794  -76.451  -40.189 0.6000000238
2481  24.823  -76.119  -40.247 0.6999999881
2482  23.826  -75.952  -40.182 0.6000000238
2484  21.503  -75.768  -39.711 0.5000000000
2489  23.185  -76.426  -40.532 0.5000000000
2611  22.395  -74.913  -12.556 0.3000000119
2686  23.635  -75.810  -24.174 0.3000000119
2703  24.166  -75.422  -24.442 0.3000000119
2742  28.995  -75.525  -29.133 0.3000000119
2756  28.205  -75.762  -30.624 0.4000000060
2772  28.596  -76.249  -33.213 0.4000000060
2787  23.747  -76.023  -32.828 0.8000000119
2788  19.776  -76.137  -33.578 0.4000000060
2798  28.295  -75.560  -34.806 0.6000000238
2809  28.363  -76.015  -36.053 0.6000000238
2831  25.683  -75.342  -38.291 0.6999999881
2832  25.163  -75.358  -38.817 0.6999999881
2839  26.819  -75.932  -39.009 0.6999999881
2840  25.935  -75.473  -39.213 0.6999999881
3102  12.117  -74.081  -26.684 0.5000000000
3129  22.430  -74.621  -30.889 0.6999999881
3130  21.855  -74.296  -30.529 0.8000000119
3138  23.569  -74.338  -31.563 0.6999999881
3141  19.426  -74.206  -32.328 0.8000000119
3147  27.105  -75.072  -32.651 0.5000000000
3168  27.473  -75.305  -34.755 0.6999999881
3470  13.321  -73.462  -26.681 0.6000000238
3486  14.046  -73.545  -26.981 0.6000000238
3510  20.687  -73.822  -30.076 0.8000000119
3835  12.811  -72.848  -26.631 0.6000000238
3851  13.158  -72.207  -26.759 0.6999999881
3853  11.485  -72.800  -27.225 0.6000000238
3880  20.795  -72.940  -28.987 0.8000000119
3881  19.587  -73.113  -29.547 0.8000000119
3886  11.052  -71.676  -29.415 0.6000000238
3892  21.981  -72.925  -29.803 0.6000000238
3912  17.156  -72.715  -31.667 0.6000000238
4216  18.327  -71.113  -26.730 0.6999999881
4218  16.601  -70.779  -26.628 0.6999999881
4219  15.802  -70.752  -26.641 0.6999999881
4284  11.980  -70.886  -31.755 0.6000000238
4285  11.269  -71.210  -32.135 0.6000000238
4645  21.080  -70.087  -26.921 0.6999999881
4657  21.564  -70.310  -27.491 0.6000000238
4672  22.054  -70.577  -28.242 0.6000000238
4694  22.416  -70.041  -30.444 0.6000000238
4707  12.731  -70.548  -31.411 0.5000000000
4744  12.221  -70.607  -33.943 0.6000000238
5175  19.732  -69.781  -26.329 0.6999999881
5179  15.736  -69.585  -26.903 0.6000000238
5197  15.264  -68.607  -28.033 0.6000000238
5210  14.051  -69.610  -29.643 0.6000000238
5252  13.933  -69.024  -32.227 0.5000000000
5253  13.599  -69.629  -32.549 0.6000000238
5272  12.882  -70.118  -33.739 0.6000000238
5305  13.069  -69.642  -35.481 0.5000000000
5313  12.289  -69.807  -37.105 0.5000000000
5319  13.607  -69.322  -36.972 0.6000000238
5320  13.142  -69.431  -37.451 0.6000000238
5330  11.859  -69.075  -38.037 0.5000000000
5694  21.289  -68.785  -26.902 0.6000000238
5695  19.911  -68.773  -26.254 0.6000000238
5706  22.245  -69.346  -29.274 0.6000000238
5733  14.355  -68.814  -30.692 0.6000000238
5761  20.552  -67.894  -32.008 0.5000000000
5784  13.609  -68.926  -33.979 0.6000000238
5797  14.088  -68.319  -35.636 0.6000000238
5804  13.233  -68.938  -37.973 0.6000000238
5805  12.518  -68.727  -38.125 0.6000000238
5815  13.063  -68.232  -38.075 0.6000000238
5817  10.719  -68.656  -38.112 0.6000000238
6238  21.254  -68.117  -27.121 0.6000000238
6239  20.673  -67.596  -26.878 0.6000000238
6240  20.040  -67.858  -26.411 0.6000000238
6242  17.886  -67.607  -26.587 0.6999999881
6246  21.079  -67.485  -27.626 0.5000000000
6253  21.555  -67.979  -28.294 0.5000000000
6255  16.317  -66.927  -27.926 0.6000000238
6268  14.568  -68.165  -30.344 0.6000000238
6294  13.823  -67.610  -32.470 0.6000000238
6322  14.076  -67.679  -35.362 0.6999999881
6332  14.339  -67.737  -36.867 0.6999999881
6341  14.012  -67.614  -37.506 0.6000000238
6342  13.390  -67.564  -37.853 0.6000000238
6358  11.194  -67.799  -38.230 0.6000000238
6759  19.945  -67.065  -26.795 0.5000000000
6760  19.122  -66.923  -26.666 0.5000000000
6803  14.765  -66.101  -30.576 0.6999999881
6863  14.161  -67.206  -36.110 0.6999999881
6892  12.935  -66.885  -37.794 0.6000000238
6893  12.141  -66.572  -37.808 0.6000000238
6908  11.642  -67.098  -38.061 0.6000000238
6909  10.629  -67.017  -38.081 0.5000000000
7341  18.498  -65.720  -27.318 0.5000000000
7461  13.012  -65.171  -34.112 0.6000000238
7485  12.761  -65.577  -36.332 0.5000000000
7496  12.709  -66.188  -37.300 0.6000000238
8022  15.439  -64.458  -31.034 0.5000000000
8023  14.866  -64.587  -31.645 0.6000000238
8045  7.536  -63.768  -32.286 0.5000000000
8062  13.859  -63.567  -34.101 0.6000000238
8063  12.919  -64.180  -34.032 0.6000000238
8073  7.133  -63.739  -35.766 0.5000000000
8078  12.192  -64.896  -35.520 0.5000000000
8080  10.223  -64.795  -36.616 0.5000000000
8082  8.357  -64.297  -36.387 0.5000000000
8089  10.680  -65.516  -37.261 0.5000000000
8090  9.793  -65.242  -37.102 0.5000000000
8544  11.795  -63.375  -26.942 0.6999999881
8560  10.661  -63.848  -27.168 0.6000000238
8561  9.869  -64.248  -27.159 0.5000000000
8575  10.843  -63.688  -28.070 0.5000000000
8589  9.789  -64.400  -28.680 0.5000000000
8599  17.492  -63.620  -30.133 0.6000000238
8601  8.114  -62.496  -31.264 0.6000000238
8627  17.532  -62.891  -33.226 0.6000000238
8629  6.965  -62.655  -32.548 0.5000000000
8630  6.607  -61.799  -33.035 0.5000000000
8639  17.352  -62.907  -34.303 0.6999999881
8647  16.272  -63.078  -35.707 0.6999999881
8648  15.522  -62.965  -35.775 0.6999999881
8650  13.256  -63.275  -34.538 0.6000000238
8651  12.688  -63.257  -34.560 0.6000000238
8653  10.401  -63.424  -35.179 0.6000000238
8657  6.660  -63.280  -35.164 0.5000000000
8664  8.870  -63.704  -35.947 0.5000000000
9162  13.380  -61.696  -24.516 0.6999999881
9163  11.534  -62.222  -24.226 0.6000000238
9189  13.831  -62.365  -26.322 0.8000000119
9209  13.313  -62.762  -27.589 0.8000000119
9220  13.981  -62.337  -27.717 0.8000000119
9222  12.686  -62.970  -28.323 0.6999999881
9223  11.330  -63.406  -28.258 0.6999999881
9224  10.413  -63.670  -28.638 0.5000000000
9234  11.542  -62.774  -29.510 0.6000000238
9246  20.185  -62.060  -30.553 0.5000000000
9247  19.519  -62.533  -30.109 0.5000000000
9248  13.002  -62.025  -30.291 0.6999999881
9249  12.220  -62.317  -30.143 0.6999999881
9251  9.587  -62.618  -30.268 0.5000000000
9271  19.603  -62.310  -31.112 0.5000000000
9273  8.012  -61.462  -31.497 0.5000000000
9274  7.692  -61.820  -31.584 0.6000000238
9287  18.361  -62.660  -32.989 0.5000000000
9291  19.705  -61.926  -33.210 0.5000000000
9292  19.060  -62.397  -33.624 0.5000000000
9294  6.547  -62.016  -33.767 0.5000000000
9299  7.086  -61.860  -34.346 0.6000000238
9300  6.705  -62.234  -34.304 0.5000000000
9304  19.411  -62.062  -35.812 0.5000000000
9305  18.791  -62.594  -36.040 0.5000000000
9308  15.607  -62.764  -36.324 0.6999999881
9309  14.980  -62.497  -36.097 0.6999999881
9310  14.300  -62.144  -35.824 0.6999999881
9314  7.971  -62.344  -35.018 0.6000000238
9315  7.163  -62.370  -34.793 0.6000000238
9319  18.509  -62.521  -36.857 0.5000000000
9322  15.563  -62.303  -36.532 0.6999999881
9802  9.417  -61.043  -22.596 0.5000000000
9811  11.264  -61.135  -23.440 0.6000000238
9838  14.962  -61.005  -25.454 0.6999999881
9886  14.172  -62.039  -28.440 0.6999999881
9907  14.387  -61.036  -30.008 0.6000000238
9909  12.577  -61.682  -30.796 0.8000000119
9913  8.612  -61.531  -31.261 0.6000000238
9926  20.913  -61.420  -31.090 0.5000000000
9927  12.131  -60.982  -31.430 0.8000000119
9930  9.058  -60.949  -31.670 0.6000000238
9932  7.529  -61.199  -31.972 0.5000000000
9943  20.141  -61.390  -33.841 0.5000000000
9952  8.022  -61.033  -34.184 0.6000000238
9953  7.270  -61.332  -34.069 0.6000000238
9954  6.818  -61.705  -33.986 0.6000000238
9958  19.660  -61.294  -36.144 0.5000000000
9961  12.894  -61.406  -35.239 0.6999999881
9962  11.147  -61.180  -34.822 0.6000000238
9972  15.232  -61.438  -36.383 0.6000000238
10447  10.907  -60.502  -23.164 0.6999999881
10448  10.309  -60.114  -22.763 0.6999999881
10476  14.977  -60.176  -24.684 0.6999999881
10508  15.478  -60.377  -27.035 0.6000000238
10518  15.226  -60.404  -28.501 0.8000000119
10519  14.788  -61.336  -28.348 0.8000000119
10532  14.836  -60.791  -29.226 0.6999999881
10533  14.748  -60.149  -29.907 0.6999999881
10553  12.793  -60.279  -31.551 0.6999999881
10555  9.625  -60.225  -32.161 0.6999999881
10557  7.764  -60.601  -32.516 0.5000000000
10565  10.188  -59.506  -32.538 0.5000000000
10572  8.673  -59.740  -33.470 0.6000000238
10573  7.545  -60.609  -33.142 0.6000000238
10578  8.863  -60.621  -34.273 0.6000000238
10580  7.631  -60.742  -33.690 0.6000000238
10584  19.853  -60.531  -35.966 0.5000000000
10585  13.966  -59.929  -35.623 0.5000000000
10586  13.287  -60.153  -35.435 0.6000000238
10596  15.886  -60.739  -36.563 0.5000000000
10597  14.554  -60.688  -35.982 0.5000000000
10601  18.678  -61.219  -37.388 0.5000000000
11099  15.417  -59.411  -24.670 0.6999999881
11100  14.722  -59.769  -24.350 0.6999999881
11101  14.087  -60.124  -24.163 0.6999999881
11115  11.886  -59.032  -24.755 0.8000000119
11147  15.306  -59.322  -28.616 0.5000000000
11156  14.415  -59.252  -30.512 0.5000000000
11164  13.300  -59.586  -31.535 0.6999999881
11172  11.694  -59.132  -32.481 0.6000000238
11173  10.768  -58.852  -32.811 0.5000000000
11181  9.319  -59.328  -33.741 0.6000000238
11189  11.081  -58.914  -34.663 0.5000000000
11190  9.791  -59.352  -34.201 0.6000000238
11191  9.045  -59.785  -34.050 0.6000000238
11199  14.076  -58.884  -35.485 0.5000000000
11202  11.519  -59.555  -34.978 0.5000000000
11211  15.519  -59.726  -36.151 0.5000000000
11708  9.178  -57.778  -22.963 0.5000000000
11724  13.977  -58.713  -24.116 0.6999999881
11728  9.530  -58.229  -24.219 0.6999999881
11741  16.376  -58.346  -24.913 0.5000000000
11781  15.347  -58.291  -28.234 0.5000000000
11828  12.287  -58.049  -33.304 0.5000000000
11829  11.489  -58.421  -33.104 0.6000000238
11846  10.689  -58.471  -33.434 0.5000000000
11861  12.398  -58.388  -34.577 0.5000000000
11862  10.839  -58.542  -34.068 0.5000000000
11863  10.388  -58.953  -34.337 0.5000000000
11875  12.741  -58.786  -35.017 0.5000000000
12416  14.289  -57.211  -23.700 0.6000000238
12428  15.576  -58.046  -23.928 0.5000000000
12448  11.141  -58.525  -26.370 0.8000000119
12464  9.794  -58.570  -27.367 0.6000000238
12465  8.895  -58.631  -26.925 0.6000000238
12478  10.153  -58.027  -27.825 0.6999999881
12481  7.470  -57.654  -28.097 0.6999999881
12533  12.954  -57.559  -33.381 0.5000000000
12546  13.209  -57.494  -34.000 0.5000000000
12566  13.543  -57.584  -34.581 0.5000000000
13126  6.766  -55.797  -23.860 0.5000000000
13135  16.694  -57.361  -23.956 0.4000000060
13136  13.089  -56.132  -24.194 0.5000000000
13146  12.041  -56.911  -25.147 0.6999999881
13149  6.220  -55.779  -25.882 0.5000000000
13161  9.812  -57.217  -28.157 0.6999999881
13163  6.810  -56.831  -28.691 0.6000000238
13164  6.158  -56.200  -27.965 0.8000000119
13172  7.691  -56.659  -29.205 0.6999999881
13824  15.362  -55.668  -23.375 0.4000000060
13833  12.853  -55.272  -24.559 0.6999999881
13835  5.129  -54.608  -24.353 0.4000000060
13843  5.017  -54.472  -25.344 0.4000000060
13850  5.664  -55.299  -26.541 0.5000000000
13861  7.639  -55.716  -29.443 0.5000000000
14485  4.652  -53.809  -25.770 0.5000000000
14491  10.158  -54.123  -27.303 0.6000000238
14492  4.932  -53.986  -26.699 0.5000000000
14497  9.801  -53.580  -28.298 0.6000000238
14499  5.673  -54.930  -28.248 0.6999999881
14500  5.291  -54.205  -27.546 0.6999999881
14508  6.933  -55.163  -29.491 0.6000000238
14509  6.108  -55.118  -29.043 0.6000000238
14516  6.987  -54.259  -29.403 0.6000000238
15117  14.045  -53.919  -24.616 0.4000000060
15125  12.652  -53.711  -25.792 0.4000000060
15133  11.837  -53.598  -26.433 0.3000000119
15136  4.705  -52.831  -26.400 0.6000000238
15142  11.806  -52.856  -27.452 0.3000000119
15144  5.319  -53.535  -27.610 0.6999999881
15148  11.118  -52.718  -28.376 0.4000000060
15152  7.272  -53.366  -29.215 0.6000000238
15154  5.839  -53.584  -28.307 0.6999999881
15161  8.969  -53.118  -29.661 0.4000000060
15162  8.358  -53.413  -29.547 0.5000000000
15836  4.544  -52.577  -25.784 0.6000000238
15845  5.071  -52.822  -27.000 0.6999999881
15851  14.159  -52.121  -27.034 0.3000000119
15856  5.611  -52.890  -27.692 0.6999999881
15865  9.622  -52.715  -29.722 0.4000000060
15866  6.721  -52.721  -28.646 0.6000000238
15872  11.586  -51.789  -30.097 0.3000000119
15873  10.841  -52.071  -30.080 0.3000000119
15874  10.078  -52.217  -30.003 0.4000000060
15877  7.545  -52.410  -29.123 0.6000000238
16531  10.597  -51.190  -22.683 0.5000000000
16553  10.907  -51.308  -24.188 0.5000000000
16554  9.586  -51.717  -24.386 0.6000000238
16556  7.496  -51.759  -24.782 0.5000000000
16567  10.262  -51.460  -24.721 0.5000000000
16571  5.657  -51.660  -25.825 0.5000000000
16581  8.733  -51.057  -26.534 0.5000000000
16583  6.498  -51.525  -26.633 0.6000000238
16588  14.438  -51.540  -28.448 0.3000000119
16591  6.178  -52.355  -27.867 0.6999999881
16600  6.908  -51.862  -28.243 0.6000000238
16612  9.095  -51.292  -29.845 0.4000000060
16629  9.793  -50.970  -30.195 0.4000000060
17295  10.729  -50.472  -22.016 0.4000000060
17300  12.024  -50.141  -22.831 0.4000000060
17301  9.872  -50.274  -21.724 0.3000000119
17317  12.176  -50.315  -23.735 0.3000000119
17326  12.032  -50.322  -24.683 0.4000000060
17338  10.788  -49.851  -26.698 0.4000000060
17342  7.151  -51.264  -27.201 0.5000000000
17351  8.667  -50.172  -27.710 0.4000000060
17352  8.128  -50.462  -27.946 0.5000000000
17353  7.438  -51.143  -27.816 0.5000000000
17367  9.158  -50.309  -29.569 0.5000000000
17368  8.479  -50.553  -29.133 0.5000000000
17381  10.540  -50.445  -30.410 0.6000000238
18101  12.690  -49.737  -23.341 0.3000000119
18128  12.583  -48.643  -26.937 0.3000000119
18130  10.126  -49.308  -27.463 0.4000000060
18138  10.940  -48.371  -27.746 0.4000000060
18139  10.233  -48.628  -27.846 0.4000000060
18140  9.310  -49.434  -27.899 0.5000000000
18147  9.370  -49.233  -28.360 0.5000000000
18157  10.097  -49.384  -29.677 0.4000000060
18159  8.816  -49.772  -28.716 0.5000000000
18885  10.309  -48.836  -21.622 0.4000000060
18900  12.435  -48.672  -22.253 0.4000000060
18958  12.284  -47.974  -27.854 0.3000000119
18959  11.315  -47.876  -28.266 0.3000000119
18968  10.457  -48.225  -28.675 0.4000000060
18976  10.503  -48.580  -29.401 0.5000000000
18987  13.108  -48.128  -30.839 0.3000000119
18989  11.115  -48.592  -29.874 0.4000000060
19765  12.088  -47.587  -28.645 0.3000000119
19776  12.798  -47.269  -29.107 0.3000000119
19777  12.155  -47.489  -29.179 0.3000000119
19778  11.504  -47.669  -29.012 0.4000000060
19788  11.957  -47.731  -29.447 0.3000000119
19800  13.371  -47.425  -30.514 0.3000000119
19811  15.485  -47.502  -31.979 0.3000000119
19823  15.476  -48.464  -32.213 0.3000000119
20611  13.421  -46.915  -29.565 0.3000000119
125320  6.468  -62.686  -34.194 0.5000000000
125720  8.309  -55.100  -29.054 0.6000000238
125724  14.712  -73.939  -28.600 0.6000000238
127303  18.232  -72.992  -32.191 0.5000000000
127324  8.926  -62.111  -30.789 0.5000000000
127462  9.587  -61.099  -34.544 0.6000000238
127709  13.121  -58.161  -34.815 0.5000000000
127883  26.224  -75.520  -37.537 0.6999999881
128409  7.444  -62.304  -31.782 0.5000000000
128856  11.768  -48.262  -29.993 0.4000000060
129405  8.692  -63.812  -26.470 0.5000000000
129947  28.345  -76.698  -36.297 0.5000000000
130367  28.799  -76.673  -32.332 0.5000000000
131371  6.232  -54.276  -28.927 0.6000000238
132279  17.953  -69.836  -26.337 0.8000000119
132631  8.553  -47.882  -21.582 0.4000000060
132721  9.909  -61.402  -23.205 0.5000000000
133226  9.764  -49.019  -27.852 0.4000000060
133622  24.434  -79.761  -21.749 0.5000000000
134379  13.197  -62.802  -26.717 0.6999999881
134641  11.956  -63.043  -34.605 0.6000000238
134787  16.694  -70.080  -26.520 0.6999999881
134822  9.187  -56.459  -28.618 0.6999999881
135336  15.896  -63.231  -33.804 0.6000000238
136204  8.530  -50.609  -27.329 0.4000000060
136287  27.605  -79.587  -31.055 0.4000000060
136330  14.787  -54.885  -23.683 0.4000000060
136437  15.219  -67.126  -29.326 0.6999999881
136645  12.717  -54.439  -25.100 0.6000000238
137633  14.474  -61.886  -27.806 0.8000000119
137906  26.832  -74.825  -24.634 0.3000000119
138743  7.901  -53.197  -29.518 0.5000000000
138980  12.174  -58.135  -34.161 0.5000000000
139148  22.010  -75.839  -40.131 0.6000000238
139374  8.699  -59.580  -33.015 0.6000000238
140294  16.910  -64.045  -29.850 0.6000000238
141467  11.340  -51.592  -30.455 0.3000000119
141495  11.964  -60.131  -35.084 0.6000000238
141809  7.464  -57.157  -26.096 0.6000000238
142052  26.729  -79.345  -34.765 0.3000000119
142097  10.359  -61.816  -23.695 0.6000000238
142332  16.945  -62.972  -36.466 0.6000000238
142545  13.251  -61.567  -30.590 0.6999999881
143221  18.161  -62.964  -31.444 0.6000000238
143466  8.158  -58.212  -27.472 0.6999999881
144635  9.783  -62.809  -25.334 0.6000000238
145260  11.809  -63.134  -28.730 0.6999999881
145746  14.148  -68.307  -37.416 0.6000000238
146964  13.100  -62.640  -28.976 0.6999999881
147273  19.645  -70.569  -26.561 0.6999999881
147481  18.091  -61.770  -37.468 0.5000000000
147587  10.866  -59.257  -23.925 0.6999999881
148060  10.947  -61.987  -34.655 0.6000000238
148127  29.305  -76.382  -35.164 0.6000000238
148664  26.023  -78.587  -38.745 0.4000000060
149129  10.210  -51.172  -25.568 0.4000000060
149166  27.684  -80.645  -16.818 0.3000000119
149172  12.709  -56.858  -24.529 0.6999999881
149240  8.061  -60.263  -33.405 0.6000000238
149441  22.439  -70.716  -30.665 0.6000000238
149534  8.934  -58.393  -27.739 0.6999999881
149626  18.396  -81.388  -18.758 0.4000000060
149750  11.597  -49.195  -30.526 0.3000000119
149952  13.764  -69.922  -29.428 0.6000000238
150289  24.114  -76.013  -33.423 0.6999999881
150864  13.364  -60.855  -35.492 0.6000000238
151167  13.527  -62.000  -35.447 0.6999999881
151194  14.124  -54.953  -23.948 0.5000000000
151228  25.608  -79.678  -32.771 0.5000000000
151408  6.452  -63.131  -34.614 0.5000000000
151565  23.287  -78.383  -22.641 0.4000000060
151599  23.707  -80.876  -18.075 0.3000000119
151754  23.472  -77.409  -16.626 0.3000000119
151830  28.569  -80.095  -20.844 0.4000000060
151957  21.031  -76.629  -37.726 0.4000000060
152083  13.877  -59.709  -31.033 0.6999999881
152085  14.453  -66.656  -31.043 0.6000000238
152192  15.480  -59.042  -27.753 0.5000000000
152207  22.920  -81.229  -20.191 0.4000000060
152558  9.099  -51.752  -22.707 0.5000000000
152619  8.381  -50.163  -28.362 0.6000000238
152766  8.741  -62.446  -35.016 0.6000000238
152799  23.353  -75.859  -32.189 0.8000000119
153385  21.443  -80.620  -25.159 0.4000000060
153670  10.083  -62.202  -24.238 0.6000000238
153795  21.083  -73.534  -29.703 0.6999999881
153836  23.117  -76.938  -33.926 0.6999999881
153839  7.949  -56.650  -23.924 0.5000000000
153872  16.937  -83.577  -16.685 0.4000000060
154149  9.990  -58.586  -24.570 0.8000000119
154281  14.619  -60.217  -24.432 0.6999999881
154494  21.493  -79.661  -19.480 0.3000000119
154609  13.817  -73.153  -26.684 0.6000000238
154952  11.431  -60.484  -31.825 0.6999999881
155128  17.872  -82.589  -14.253 0.4000000060
155149  17.579  -68.267  -26.523 0.8000000119
155172  26.178  -79.418  -29.599 0.4000000060
155223  14.504  -51.739  -27.616 0.3000000119
155491  9.140  -53.883  -28.719 0.5000000000
155789  14.988  -67.604  -29.476 0.6000000238
155855  15.009  -60.558  -24.949 0.6999999881
156541  11.565  -50.670  -24.898 0.4000000060
156618  20.291  -60.307  -34.698 0.5000000000
156734  6.864  -62.812  -35.050 0.5000000000
156900  11.411  -62.931  -25.339 0.6000000238
156994  13.065  -57.531  -24.385 0.6000000238
157106  24.429  -80.130  -21.444 0.5000000000
157285  14.907  -64.219  -32.097 0.6000000238
