#!ascii label  , from subject NIHPD_75_135 vox2ras=TkReg
2071
9179  47.278  -63.016  -27.255 0.2000000030
9846  48.443  -61.703  -26.984 0.2000000030
9198  47.953  -62.480  -28.143 0.2000000030
9834  46.683  -62.400  -26.060 0.2000000030
8566  46.408  -63.229  -29.522 0.1000000015
9818  48.541  -61.390  -25.834 0.3000000119
9863  48.197  -61.590  -28.102 0.2000000030
9200  46.854  -62.667  -28.950 0.1000000015
131402  46.853  -63.338  -27.960 0.2000000030
9864  47.812  -61.680  -28.980 0.1000000015
9866  46.006  -61.692  -29.357 0.1000000015
144065  46.284  -62.185  -30.246 0.1000000015
9879  44.417  -61.365  -29.188 0.1000000015
9878  45.670  -61.646  -29.864 0.1000000015
9889  45.378  -61.541  -30.457 0.1000000015
9880  43.304  -61.134  -29.370 0.2000000030
9890  44.462  -61.317  -29.970 0.1000000015
10483  46.945  -60.545  -27.780 0.1000000015
126780  45.437  -60.458  -26.887 0.1000000015
10500  47.787  -60.998  -28.652 0.2000000030
9847  45.333  -61.203  -28.394 0.1000000015
9865  46.948  -61.605  -29.159 0.1000000015
9868  42.977  -61.135  -28.347 0.1000000015
10512  41.288  -60.454  -28.361 0.2000000030
9869  41.934  -60.861  -28.069 0.2000000030
10513  40.522  -59.839  -28.313 0.1000000015
9881  42.233  -60.872  -28.794 0.2000000030
11132  40.712  -59.277  -28.839 0.2000000030
155140  40.979  -58.753  -29.266 0.1000000015
12489  41.705  -57.649  -29.771 0.1000000015
10484  44.574  -60.822  -27.132 0.1000000015
128342  44.416  -60.359  -26.119 0.1000000015
9867  44.267  -61.220  -28.392 0.1000000015
11133  40.022  -59.140  -28.255 0.2000000030
11774  40.364  -58.501  -28.773 0.2000000030
12490  40.973  -57.060  -29.237 0.2000000030
11783  40.936  -58.006  -29.287 0.2000000030
13175  41.765  -56.669  -29.609 0.1000000015
13174  42.517  -56.271  -29.839 0.2000000030
9848  44.061  -61.056  -27.586 0.1000000015
10485  43.383  -60.872  -26.819 0.1000000015
9849  43.148  -61.045  -27.500 0.1000000015
9850  42.179  -60.907  -27.457 0.2000000030
10488  40.705  -60.348  -26.891 0.2000000030
10503  40.515  -60.213  -27.657 0.3000000119
13165  41.196  -56.116  -29.055 0.3000000119
13867  41.942  -55.744  -29.407 0.2000000030
13173  43.233  -55.953  -30.041 0.2000000030
130260  43.231  -57.145  -30.563 0.2000000030
10514  39.906  -59.644  -27.661 0.3000000119
10502  41.307  -60.612  -27.521 0.2000000030
13166  40.420  -56.474  -28.700 0.3000000119
13856  41.457  -55.223  -28.844 0.3000000119
14501  42.552  -54.209  -28.933 0.3000000119
13855  42.242  -54.929  -29.114 0.3000000119
13865  43.500  -55.178  -29.771 0.2000000030
13183  43.636  -56.560  -30.507 0.2000000030
13182  44.434  -56.534  -30.844 0.2000000030
14493  40.374  -54.227  -27.913 0.4000000060
13858  39.853  -55.919  -28.267 0.3000000119
14503  40.911  -54.706  -28.376 0.3000000119
11775  39.688  -58.282  -28.178 0.2000000030
12482  40.182  -57.488  -28.669 0.2000000030
15158  43.124  -54.038  -29.196 0.3000000119
13864  44.149  -54.937  -29.990 0.2000000030
14512  43.746  -54.296  -29.589 0.2000000030
137419  44.819  -55.882  -30.683 0.2000000030
155830  41.211  -53.423  -27.968 0.3000000119
14502  41.768  -54.310  -28.588 0.3000000119
15157  43.496  -53.487  -29.234 0.2000000030
15164  46.009  -53.759  -30.669 0.2000000030
149507  44.311  -53.450  -29.674 0.2000000030
15163  46.863  -53.809  -31.126 0.1000000015
14511  44.610  -54.336  -30.068 0.2000000030
13874  47.015  -55.258  -31.521 0.2000000030
14519  45.561  -54.582  -30.595 0.2000000030
13875  46.264  -56.018  -31.478 0.2000000030
130093  41.946  -52.670  -28.138 0.3000000119
15858  42.530  -52.467  -28.438 0.3000000119
142240  42.420  -53.104  -28.506 0.3000000119
148037  43.299  -51.316  -28.817 0.2000000030
129129  43.815  -52.846  -29.282 0.3000000119
15869  43.726  -51.999  -29.122 0.2000000030
15145  42.847  -53.557  -28.862 0.3000000119
15868  44.406  -52.535  -29.586 0.1000000015
15155  45.523  -53.014  -30.348 0.1000000015
127565  46.950  -53.177  -31.235 0.1000000015
15878  46.280  -53.088  -30.776 0.1000000015
146368  45.179  -51.693  -30.222 0.1000000015
15173  47.598  -53.856  -31.663 0.1000000015
16593  41.990  -50.986  -28.115 0.3000000119
16592  42.689  -51.178  -28.468 0.2000000030
17354  43.227  -50.468  -28.735 0.2000000030
18141  43.405  -49.522  -28.754 0.2000000030
19767  43.485  -47.947  -29.153 0.1000000015
16603  43.869  -51.005  -29.199 0.1000000015
18150  44.006  -50.007  -29.252 0.1000000015
17361  44.398  -50.686  -29.649 0.1000000015
16602  44.542  -51.580  -29.679 0.1000000015
15888  46.177  -51.918  -31.111 0.1000000015
16630  46.450  -51.777  -31.964 0.1000000015
17355  42.494  -50.495  -28.353 0.2000000030
18969  43.986  -48.542  -29.508 0.1000000015
18977  44.457  -48.521  -30.442 0.1000000015
137393  44.579  -50.006  -30.023 0.1000000015
17370  45.044  -50.011  -30.862 0.1000000015
17360  44.974  -50.857  -30.249 0.1000000015
16631  45.779  -51.078  -31.613 0.1000000015
17369  45.385  -50.684  -30.962 0.1000000015
19789  44.703  -47.886  -31.353 0.1000000015
17382  45.354  -50.167  -31.776 0.1000000015
16638  46.135  -51.082  -32.502 0.1000000015
18978  44.103  -47.712  -30.099 0.1000000015
129929  46.209  -60.975  -28.270 0.1000000015
10526  41.241  -59.945  -29.012 0.1000000015
19571  45.142  -46.831  -13.137 0.5000000000
138113  44.150  -47.921  -12.116 0.5000000000
19560  44.842  -47.498  -12.521 0.5000000000
20392  44.340  -46.721  -12.819 0.5000000000
20405  44.568  -46.341  -13.506 0.5000000000
17183  42.224  -49.939  -11.873 0.2000000030
17182  43.178  -50.186  -12.046 0.2000000030
147568  42.357  -49.037  -11.896 0.3000000119
17948  43.025  -49.298  -12.079 0.3000000119
147962  43.646  -48.268  -12.026 0.5000000000
19548  43.356  -47.625  -11.966 0.5000000000
19562  43.318  -46.942  -12.121 0.5000000000
20393  43.576  -46.509  -12.547 0.5000000000
20394  42.782  -46.367  -12.183 0.5000000000
20406  43.854  -46.109  -13.175 0.5000000000
20419  44.766  -46.138  -14.376 0.5000000000
21234  43.991  -45.932  -13.932 0.5000000000
141191  45.264  -46.177  -15.048 0.5000000000
19609  47.174  -47.063  -16.932 0.5000000000
17949  41.617  -49.203  -11.721 0.3000000119
140320  41.960  -48.347  -11.768 0.3000000119
21224  43.143  -45.823  -12.849 0.5000000000
21235  43.344  -45.593  -13.596 0.5000000000
20440  44.652  -46.039  -15.278 0.5000000000
20439  45.335  -46.174  -15.809 0.5000000000
16454  48.705  -50.970  -15.199 0.4000000060
17238  47.839  -49.726  -15.611 0.5000000000
17996  48.472  -48.634  -16.365 0.5000000000
18814  46.996  -47.518  -17.048 0.5000000000
20454  46.150  -46.625  -17.037 0.5000000000
15726  48.941  -51.901  -15.080 0.4000000060
17184  41.239  -50.041  -11.593 0.3000000119
142191  41.148  -48.540  -11.609 0.4000000060
18745  41.424  -48.051  -11.625 0.4000000060
20384  42.181  -46.871  -11.756 0.5000000000
20395  41.896  -46.020  -11.929 0.5000000000
21225  42.384  -45.512  -12.533 0.5000000000
21226  41.549  -45.124  -12.250 0.5000000000
22118  42.053  -44.798  -12.960 0.5000000000
21236  42.694  -45.209  -13.284 0.5000000000
21247  43.965  -45.842  -14.694 0.5000000000
127445  45.399  -46.341  -16.586 0.6000000238
18791  47.761  -48.062  -16.824 0.5000000000
19610  46.296  -47.081  -17.309 0.5000000000
126512  45.359  -46.702  -17.098 0.5000000000
147539  49.196  -53.840  -15.241 0.4000000060
15735  49.261  -52.896  -15.126 0.4000000060
131703  47.765  -50.784  -15.075 0.5000000000
153947  37.061  -50.988  -7.707 0.1000000015
17912  36.991  -50.045  -8.625 0.1000000015
17913  36.510  -49.417  -8.238 0.1000000015
126666  37.444  -50.171  -9.272 0.1000000015
139546  36.932  -49.444  -9.167 0.1000000015
17918  38.077  -50.265  -9.929 0.1000000015
141540  37.535  -49.422  -9.953 0.1000000015
17919  36.963  -48.780  -9.661 0.1000000015
17185  40.315  -50.147  -11.289 0.2000000030
17186  39.485  -49.796  -11.089 0.1000000015
17950  40.760  -49.315  -11.547 0.3000000119
20385  41.187  -46.748  -11.647 0.5000000000
17951  40.249  -48.569  -11.485 0.4000000060
18746  40.077  -47.830  -11.491 0.4000000060
20386  40.310  -46.181  -11.608 0.4000000060
21212  41.078  -45.774  -11.781 0.5000000000
152950  41.463  -44.511  -12.763 0.5000000000
126241  43.854  -45.962  -15.432 0.5000000000
18792  46.722  -48.215  -16.690 0.5000000000
17997  47.323  -48.906  -16.225 0.5000000000
15736  48.260  -52.752  -14.941 0.4000000060
145227  49.061  -55.508  -15.986 0.5000000000
16347  36.493  -51.657  -4.629 0.1000000015
150326  36.668  -51.561  -6.182 0.1000000015
139568  36.710  -51.014  -6.420 0.1000000015
17136  36.729  -50.669  -7.093 0.1000000015
17144  36.802  -50.320  -7.908 0.1000000015
131226  36.428  -49.830  -7.255 0.1000000015
17905  36.086  -49.002  -7.423 0.1000000015
17131  36.449  -50.211  -6.274 0.1000000015
18714  36.094  -48.494  -8.189 0.1000000015
20380  36.590  -46.027  -10.243 0.2000000030
21204  36.613  -45.266  -10.387 0.2000000030
17172  38.855  -50.275  -10.546 0.1000000015
17933  38.237  -49.676  -10.418 0.1000000015
17953  38.060  -48.961  -10.644 0.1000000015
17934  37.375  -48.485  -10.284 0.1000000015
19539  37.031  -46.806  -10.532 0.2000000030
17952  38.770  -49.391  -10.891 0.2000000030
18732  37.988  -48.107  -10.873 0.1000000015
19552  38.781  -47.604  -11.278 0.2000000030
20388  37.978  -46.267  -11.156 0.2000000030
21203  37.196  -45.768  -10.770 0.2000000030
22083  36.629  -44.460  -10.467 0.2000000030
18748  38.717  -48.552  -11.120 0.2000000030
18747  39.465  -48.176  -11.372 0.2000000030
145752  39.586  -47.503  -11.451 0.3000000119
140622  39.483  -45.871  -11.517 0.3000000119
21214  39.449  -45.063  -11.623 0.4000000060
21213  40.779  -45.141  -11.879 0.5000000000
126229  44.748  -46.513  -16.593 0.5000000000
22119  40.892  -44.542  -12.357 0.4000000060
126223  43.533  -47.876  -16.242 0.5000000000
126416  43.860  -47.190  -16.554 0.5000000000
126418  43.424  -46.642  -16.139 0.5000000000
18794  44.653  -48.550  -16.201 0.5000000000
127979  44.297  -47.814  -16.534 0.5000000000
133107  44.781  -46.896  -16.921 0.5000000000
22140  42.231  -44.695  -13.716 0.5000000000
17239  46.650  -49.909  -15.471 0.5000000000
17999  45.080  -49.342  -15.733 0.5000000000
18793  45.653  -48.417  -16.415 0.5000000000
146406  43.854  -46.243  -16.063 0.5000000000
131631  47.746  -51.940  -14.842 0.5000000000
149927  47.007  -50.574  -15.155 0.5000000000
19611  45.577  -47.149  -17.303 0.5000000000
21267  44.662  -46.207  -16.032 0.6000000238
17998  46.168  -49.141  -15.901 0.5000000000
14394  48.779  -54.643  -15.509 0.4000000060
16327  36.687  -51.034  -3.265 0.1000000015
17106  36.526  -50.706  -4.606 0.1000000015
17862  36.430  -49.905  -4.393 0.1000000015
17857  36.574  -48.987  -2.826 0.1000000015
17126  36.598  -51.032  -5.555 0.1000000015
17878  36.420  -50.127  -5.260 0.1000000015
18695  35.855  -48.644  -6.807 0.1000000015
141944  35.789  -48.201  -7.405 0.1000000015
19529  35.845  -47.189  -8.753 0.1000000015
18728  36.647  -47.818  -9.765 0.1000000015
19540  36.150  -46.639  -9.541 0.2000000030
21190  36.128  -45.589  -9.788 0.2000000030
21215  38.711  -45.576  -11.408 0.3000000119
146344  37.910  -45.277  -11.197 0.3000000119
22082  37.180  -44.041  -10.933 0.2000000030
22103  37.843  -44.371  -11.303 0.2000000030
22100  40.182  -44.683  -11.931 0.4000000060
22982  38.501  -43.736  -11.807 0.3000000119
22120  40.187  -43.956  -12.500 0.4000000060
22101  39.408  -44.244  -11.916 0.4000000060
126226  42.022  -47.249  -15.927 0.5000000000
126502  41.824  -45.946  -15.712 0.5000000000
126410  43.033  -46.191  -15.861 0.5000000000
22132  41.006  -44.055  -12.979 0.5000000000
146646  40.230  -45.821  -15.691 0.5000000000
148488  39.748  -44.984  -15.536 0.5000000000
126468  40.938  -44.991  -15.472 0.5000000000
126450  42.424  -45.942  -15.700 0.6000000238
22131  41.610  -44.339  -13.384 0.5000000000
126237  40.412  -44.429  -15.244 0.5000000000
126232  41.822  -45.423  -15.481 0.6000000238
126238  42.888  -45.763  -15.505 0.5000000000
126236  43.046  -45.488  -14.743 0.5000000000
21268  42.113  -45.141  -14.998 0.5000000000
12339  49.301  -56.929  -17.305 0.4000000060
13046  48.641  -55.978  -16.264 0.4000000060
129658  49.840  -54.351  -15.433 0.4000000060
19478  36.386  -47.569  -2.484 0.1000000015
145510  36.235  -48.635  -3.498 0.1000000015
20331  35.735  -47.143  -3.558 0.1000000015
128789  36.223  -49.471  -4.957 0.1000000015
18673  36.204  -49.123  -4.278 0.1000000015
19487  35.923  -48.380  -4.246 0.1000000015
19488  35.670  -47.791  -4.888 0.1000000015
18674  35.929  -48.731  -5.117 0.1000000015
18678  35.690  -48.119  -5.664 0.1000000015
141879  35.535  -47.403  -5.732 0.1000000015
19496  35.600  -47.344  -7.333 0.1000000015
20347  35.445  -46.273  -7.390 0.1000000015
21175  35.495  -45.552  -8.204 0.2000000030
152510  35.580  -45.098  -8.772 0.2000000030
22068  35.884  -44.402  -9.522 0.2000000030
22067  36.137  -44.806  -9.966 0.2000000030
28581  39.911  -38.095  -18.296 0.2000000030
22983  37.671  -43.531  -11.394 0.2000000030
27687  39.779  -39.044  -18.550 0.2000000030
26715  39.163  -39.283  -17.803 0.2000000030
26711  38.514  -39.606  -16.447 0.2000000030
157386  38.333  -40.180  -16.010 0.2000000030
128086  39.462  -39.746  -18.390 0.2000000030
25777  38.612  -40.399  -17.305 0.2000000030
25778  38.443  -40.321  -16.653 0.2000000030
135973  38.320  -40.862  -16.005 0.2000000030
24798  38.487  -41.436  -15.287 0.3000000119
23869  38.909  -42.126  -14.619 0.4000000060
134748  38.197  -41.397  -17.044 0.2000000030
24809  38.648  -40.760  -17.727 0.3000000119
128568  38.360  -41.675  -15.927 0.3000000119
151071  38.798  -42.146  -15.213 0.3000000119
23015  39.588  -42.905  -14.332 0.5000000000
129196  39.793  -43.386  -12.928 0.4000000060
146645  38.270  -43.508  -15.843 0.5000000000
126245  37.947  -42.739  -16.449 0.4000000060
23023  38.811  -43.080  -15.434 0.4000000060
23882  38.237  -42.190  -16.139 0.4000000060
23874  39.596  -43.141  -15.006 0.4000000060
138609  40.300  -43.620  -14.706 0.5000000000
156158  39.872  -43.203  -14.642 0.5000000000
23009  40.419  -43.595  -13.303 0.5000000000
23029  39.271  -44.006  -15.416 0.5000000000
23022  39.938  -43.736  -15.083 0.5000000000
22148  40.813  -44.139  -14.914 0.5000000000
21269  41.327  -44.714  -15.202 0.5000000000
22146  42.254  -44.843  -14.369 0.5000000000
22141  41.653  -44.322  -14.066 0.5000000000
20325  36.918  -46.311  -1.482 0.1000000015
19474  37.434  -47.118  -1.073 0.1000000015
20326  36.297  -46.691  -2.311 0.1000000015
136706  35.990  -45.948  -2.624 0.1000000015
20328  35.797  -46.541  -3.063 0.1000000015
20329  35.678  -45.809  -3.312 0.1000000015
20332  35.562  -46.411  -3.861 0.1000000015
21153  35.478  -45.608  -4.107 0.1000000015
145668  35.373  -45.790  -5.632 0.1000000015
136329  35.384  -45.013  -5.612 0.1000000015
138839  35.380  -46.117  -6.404 0.1000000015
21159  35.395  -45.070  -7.203 0.2000000030
150728  35.323  -44.217  -6.843 0.2000000030
128592  35.469  -44.691  -8.175 0.2000000030
22952  36.177  -44.038  -9.975 0.2000000030
22984  37.109  -43.258  -10.944 0.2000000030
28576  40.105  -37.288  -17.965 0.1000000015
28577  39.531  -37.884  -17.476 0.2000000030
26710  38.816  -39.029  -16.988 0.2000000030
29434  40.511  -36.633  -17.569 0.1000000015
28574  39.940  -37.094  -17.132 0.1000000015
27679  39.073  -38.266  -16.802 0.1000000015
27672  38.644  -38.702  -16.101 0.1000000015
26705  38.352  -39.546  -15.628 0.1000000015
25772  38.312  -40.463  -15.239 0.1000000015
24792  38.405  -41.204  -14.553 0.2000000030
22998  39.296  -43.524  -12.382 0.3000000119
25765  38.170  -40.354  -14.296 0.1000000015
23863  38.592  -41.771  -13.917 0.3000000119
23853  39.104  -42.875  -12.996 0.2000000030
23013  40.993  -43.968  -14.398 0.5000000000
23014  40.333  -43.479  -14.134 0.5000000000
23008  41.060  -43.909  -13.727 0.5000000000
22147  41.526  -44.503  -14.680 0.5000000000
20322  37.721  -46.264  -0.803 0.1000000015
21132  37.408  -45.453  -1.147 0.1000000015
21984  37.227  -44.602  -1.552 0.1000000015
21133  36.748  -45.375  -1.721 0.1000000015
21995  36.043  -44.734  -2.723 0.1000000015
132587  36.345  -43.970  -2.580 0.1000000015
22006  35.663  -44.971  -3.463 0.1000000015
22913  35.506  -44.009  -4.581 0.1000000015
22905  35.805  -43.647  -3.743 0.1000000015
22021  35.360  -44.234  -5.503 0.1000000015
139507  35.313  -43.796  -6.210 0.2000000030
22034  35.374  -44.104  -7.548 0.2000000030
23819  35.605  -42.985  -8.497 0.2000000030
142830  35.823  -43.645  -9.236 0.2000000030
23829  35.895  -42.558  -9.316 0.2000000030
23828  36.215  -43.215  -9.943 0.2000000030
22967  36.642  -43.656  -10.483 0.2000000030
23838  36.632  -42.868  -10.490 0.2000000030
147839  37.431  -42.895  -11.365 0.2000000030
139716  40.486  -36.493  -16.639 0.1000000015
143895  39.858  -36.967  -16.392 0.1000000015
28563  38.841  -37.992  -15.418 0.1000000015
27656  38.439  -38.763  -15.129 0.1000000015
26696  38.254  -39.586  -14.755 0.1000000015
149845  37.701  -42.131  -12.127 0.1000000015
23844  37.966  -42.839  -11.872 0.2000000030
151704  37.356  -42.290  -11.598 0.2000000030
26683  38.088  -39.573  -13.928 0.1000000015
24783  38.114  -41.029  -13.769 0.1000000015
148262  38.660  -42.237  -13.329 0.2000000030
22999  38.650  -43.044  -12.307 0.2000000030
21982  38.664  -44.044  -0.970 0.1000000015
21983  37.963  -44.687  -1.054 0.1000000015
22878  38.893  -43.430  -1.014 0.1000000015
22881  37.033  -43.801  -2.060 0.1000000015
23760  38.133  -42.875  -1.830 0.1000000015
22893  37.518  -42.930  -2.086 0.1000000015
156522  36.158  -43.505  -3.085 0.1000000015
130358  35.712  -43.069  -4.352 0.1000000015
23804  35.375  -42.932  -6.300 0.1000000015
23813  35.398  -42.699  -7.140 0.1000000015
24717  35.528  -41.983  -6.501 0.1000000015
150973  35.487  -42.576  -7.858 0.1000000015
127384  36.255  -42.509  -10.032 0.2000000030
24749  36.115  -41.854  -9.810 0.2000000030
24758  36.513  -42.025  -10.534 0.2000000030
24765  36.886  -41.782  -11.212 0.1000000015
23845  36.991  -42.525  -11.024 0.2000000030
29413  41.425  -36.138  -15.475 0.1000000015
29415  39.889  -36.835  -14.986 0.1000000015
28545  38.656  -38.095  -14.535 0.1000000015
24764  37.244  -41.488  -11.898 0.2000000030
28531  39.063  -37.621  -13.947 0.1000000015
28532  38.494  -38.230  -13.607 0.1000000015
27643  38.291  -38.837  -14.266 0.1000000015
25751  37.843  -40.255  -13.489 0.1000000015
25752  37.695  -40.956  -13.054 0.1000000015
24773  37.723  -41.606  -12.572 0.2000000030
134694  38.982  -42.585  -1.428 0.1000000015
24664  37.944  -41.712  -2.726 0.1000000015
24665  37.324  -41.714  -3.095 0.1000000015
23793  36.016  -42.215  -4.211 0.1000000015
24706  35.741  -41.548  -5.711 0.1000000015
24729  35.516  -41.929  -7.464 0.1000000015
24741  35.620  -41.990  -8.426 0.2000000030
25700  36.146  -40.302  -9.039 0.1000000015
25701  35.784  -41.069  -8.711 0.1000000015
24740  36.025  -41.083  -9.495 0.2000000030
25713  36.337  -40.421  -9.891 0.1000000015
137694  36.314  -41.230  -10.218 0.2000000030
28515  40.217  -37.263  -12.669 0.1000000015
28516  39.269  -37.550  -12.486 0.1000000015
28503  38.678  -37.838  -11.896 0.1000000015
27623  38.095  -38.413  -12.129 0.1000000015
26656  37.118  -39.282  -10.943 0.1000000015
25727  36.831  -40.129  -11.189 0.1000000015
25728  36.550  -40.642  -10.647 0.1000000015
29414  40.668  -36.425  -15.156 0.1000000015
29396  40.504  -36.727  -14.339 0.1000000015
151041  38.957  -37.717  -13.223 0.1000000015
28517  38.563  -38.021  -12.716 0.1000000015
27633  37.643  -39.166  -12.390 0.1000000015
26672  37.448  -40.140  -12.635 0.1000000015
25735  37.120  -40.560  -11.889 0.1000000015
27632  38.120  -38.701  -12.935 0.1000000015
26671  37.827  -39.459  -13.177 0.1000000015
25743  37.391  -40.957  -12.431 0.1000000015
24663  38.564  -41.876  -2.432 0.1000000015
24677  37.832  -41.324  -3.311 0.1000000015
25643  36.965  -40.857  -4.322 0.1000000015
24705  36.182  -41.055  -5.148 0.1000000015
140588  35.952  -40.592  -6.405 0.1000000015
25690  35.978  -40.343  -8.158 0.1000000015
28480  39.654  -37.491  -9.545 0.1000000015
150443  38.918  -37.580  -9.655 0.1000000015
145081  37.808  -38.200  -8.909 0.1000000015
26623  37.137  -38.762  -9.000 0.1000000015
26624  36.514  -39.485  -8.422 0.1000000015
130523  40.424  -37.314  -11.238 0.1000000015
28491  40.221  -37.353  -10.324 0.1000000015
28481  39.250  -37.481  -10.327 0.1000000015
27586  38.372  -37.882  -9.270 0.1000000015
26644  37.061  -38.993  -10.042 0.1000000015
26645  36.583  -39.585  -9.477 0.1000000015
139447  40.588  -37.293  -11.939 0.1000000015
28501  39.879  -37.381  -11.852 0.1000000015
28492  39.624  -37.405  -11.086 0.1000000015
27601  38.384  -37.870  -10.275 0.1000000015
27612  37.630  -38.527  -10.635 0.1000000015
26657  36.670  -39.802  -10.388 0.1000000015
26588  36.744  -39.981  -5.615 0.1000000015
26599  37.931  -38.936  -6.083 0.1000000015
143664  36.735  -39.362  -6.982 0.1000000015
27557  37.803  -38.594  -6.825 0.1000000015
137046  37.194  -38.836  -7.254 0.1000000015
26613  36.313  -39.764  -7.545 0.1000000015
139348  40.543  -37.490  -9.375 0.1000000015
28463  39.086  -37.621  -8.900 0.1000000015
132550  38.387  -37.947  -8.216 0.1000000015
27573  37.710  -38.383  -7.636 0.1000000015
144987  40.961  -37.331  -10.734 0.1000000015
18744  42.925  -48.424  -11.954 0.4000000060
21248  43.457  -45.554  -14.220 0.5000000000
19549  41.696  -47.563  -11.670 0.4000000060
140889  40.237  -47.132  -11.535 0.4000000060
17143  37.344  -50.808  -8.523 0.1000000015
17920  36.493  -48.664  -9.017 0.1000000015
151699  39.432  -48.985  -11.281 0.2000000030
136750  40.151  -45.407  -11.685 0.4000000060
16328  36.542  -51.115  -3.986 0.1000000015
18694  36.122  -49.312  -6.598 0.1000000015
21191  35.775  -45.023  -9.385 0.2000000030
19544  37.347  -47.705  -10.536 0.2000000030
19543  37.913  -47.233  -10.994 0.2000000030
134986  38.566  -46.833  -11.277 0.2000000030
20387  38.825  -46.265  -11.375 0.3000000119
21216  37.223  -44.878  -10.856 0.2000000030
146627  42.949  -47.022  -16.132 0.5000000000
17093  36.572  -50.435  -3.770 0.1000000015
17859  36.516  -49.570  -3.455 0.1000000015
18677  36.158  -49.434  -5.720 0.1000000015
19491  35.642  -47.919  -6.507 0.1000000015
151862  35.861  -48.706  -6.073 0.1000000015
18722  35.784  -47.702  -8.116 0.1000000015
18721  36.142  -47.889  -8.868 0.1000000015
19528  36.169  -47.392  -9.251 0.1000000015
20365  35.649  -46.408  -8.523 0.1000000015
125648  35.733  -45.728  -9.067 0.2000000030
22102  38.631  -44.707  -11.535 0.3000000119
126516  41.210  -46.393  -15.771 0.5000000000
146601  41.016  -45.573  -15.645 0.5000000000
19481  36.048  -47.834  -3.258 0.1000000015
141608  35.978  -47.175  -2.902 0.1000000015
155458  35.968  -48.161  -3.745 0.1000000015
19485  35.582  -47.070  -4.368 0.1000000015
20338  35.480  -46.943  -6.514 0.1000000015
20336  35.420  -46.592  -5.702 0.1000000015
22939  35.527  -43.860  -8.359 0.2000000030
27688  39.483  -38.571  -17.920 0.2000000030
25780  38.732  -39.817  -17.218 0.2000000030
143019  39.015  -40.148  -17.985 0.2000000030
24805  38.331  -40.895  -16.795 0.2000000030
23862  39.131  -42.514  -13.834 0.4000000060
24808  39.323  -40.694  -18.561 0.2000000030
23875  38.869  -42.511  -15.362 0.4000000060
23868  39.341  -42.703  -14.884 0.5000000000
23010  39.752  -43.154  -13.612 0.5000000000
23892  38.061  -41.912  -17.368 0.5000000000
149974  36.415  -45.934  -2.062 0.1000000015
21155  35.402  -45.365  -4.914 0.1000000015
22014  35.493  -44.827  -4.318 0.1000000015
153606  35.411  -44.689  -4.986 0.1000000015
154872  35.383  -45.712  -6.835 0.1000000015
22027  35.351  -44.618  -6.285 0.2000000030
22927  35.315  -43.503  -6.964 0.2000000030
27671  39.050  -37.935  -16.145 0.1000000015
21125  38.167  -45.473  -0.688 0.1000000015
21968  38.591  -44.841  -0.700 0.1000000015
22895  35.882  -44.183  -3.208 0.1000000015
22933  35.426  -43.287  -7.731 0.2000000030
148492  35.835  -41.703  -9.169 0.2000000030
147555  40.800  -36.283  -15.895 0.1000000015
29428  40.154  -36.648  -15.796 0.1000000015
28562  39.444  -37.281  -15.740 0.1000000015
23854  38.289  -42.343  -12.625 0.2000000030
132286  38.186  -41.648  -13.209 0.1000000015
22880  37.864  -43.709  -1.535 0.1000000015
21966  39.692  -44.326  -0.144 0.1000000015
21981  39.113  -43.952  -0.638 0.1000000015
22879  38.588  -43.175  -1.424 0.1000000015
23759  38.599  -42.424  -1.868 0.1000000015
23773  37.394  -42.223  -2.548 0.1000000015
22894  36.732  -43.019  -2.603 0.1000000015
23783  36.846  -42.274  -2.998 0.1000000015
22904  36.205  -42.773  -3.453 0.1000000015
22919  35.461  -43.278  -5.352 0.1000000015
146930  35.692  -42.545  -4.893 0.1000000015
25668  35.721  -41.241  -6.280 0.1000000015
152824  36.589  -41.339  -10.799 0.2000000030
25736  36.802  -40.988  -11.305 0.1000000015
28530  39.746  -37.148  -14.162 0.1000000015
28544  39.225  -37.440  -14.797 0.1000000015
146076  38.140  -38.947  -13.588 0.1000000015
24678  37.132  -41.284  -3.690 0.1000000015
23792  36.631  -41.885  -3.559 0.1000000015
24691  36.459  -41.401  -4.329 0.1000000015
24692  35.880  -41.825  -4.953 0.1000000015
145134  35.902  -40.948  -5.826 0.1000000015
25677  35.909  -40.469  -7.285 0.1000000015
25691  35.665  -41.146  -7.849 0.1000000015
28502  39.242  -37.547  -11.682 0.1000000015
147093  40.330  -37.075  -13.558 0.1000000015
135480  39.584  -37.395  -13.344 0.1000000015
27611  38.193  -38.159  -11.262 0.1000000015
28493  38.860  -37.646  -11.089 0.1000000015
27624  37.586  -38.816  -11.541 0.1000000015
26663  37.236  -39.661  -11.782 0.1000000015
24676  38.470  -41.504  -3.000 0.1000000015
25642  37.635  -40.920  -3.978 0.1000000015
25656  36.721  -40.476  -4.984 0.1000000015
133865  36.281  -40.493  -5.672 0.1000000015
149834  36.385  -40.101  -6.133 0.1000000015
26601  36.300  -39.951  -6.763 0.1000000015
28462  39.964  -37.606  -8.713 0.1000000015
145214  37.596  -38.357  -8.357 0.1000000015
27602  37.694  -38.324  -9.695 0.1000000015
26587  37.374  -39.504  -5.689 0.1000000015
135640  36.777  -39.627  -6.265 0.1000000015
152941  36.733  -39.191  -7.643 0.1000000015
27572  38.401  -38.232  -7.226 0.1000000015
27556  38.518  -38.570  -6.439 0.1000000015
28461  40.853  -37.687  -8.532 0.1000000015
28479  41.143  -37.390  -9.999 0.1000000015
28450  39.390  -37.737  -8.071 0.1000000015
15674  44.742  -52.527  -10.986 0.1000000015
15673  45.735  -52.620  -11.066 0.1000000015
15687  45.202  -51.826  -11.613 0.1000000015
156713  44.801  -51.272  -11.849 0.1000000015
16412  44.726  -50.572  -12.019 0.1000000015
154913  44.039  -52.379  -11.063 0.1000000015
16400  42.887  -51.796  -11.329 0.1000000015
14987  45.074  -53.227  -10.131 0.2000000030
16414  42.546  -50.944  -11.713 0.1000000015
15672  46.676  -52.937  -10.813 0.2000000030
152641  46.512  -52.197  -11.493 0.1000000015
15671  47.588  -53.122  -10.673 0.2000000030
144788  45.491  -50.885  -11.973 0.1000000015
17181  43.898  -49.458  -12.108 0.1000000015
14984  48.022  -53.865  -9.608 0.2000000030
15685  47.276  -52.302  -11.454 0.2000000030
147668  46.278  -50.846  -12.001 0.2000000030
16411  46.060  -50.224  -12.062 0.2000000030
146705  44.550  -49.867  -12.104 0.3000000119
142273  44.155  -48.646  -12.110 0.3000000119
17180  45.349  -49.853  -12.108 0.3000000119
18742  44.851  -48.374  -12.259 0.3000000119
143207  47.765  -50.604  -12.050 0.2000000030
17179  46.898  -50.203  -12.105 0.2000000030
15683  49.983  -52.548  -11.191 0.2000000030
17947  46.273  -49.497  -12.200 0.2000000030
143784  48.767  -51.639  -11.717 0.2000000030
13652  51.892  -55.736  -10.250 0.1000000015
144654  48.538  -53.226  -10.534 0.2000000030
16409  47.886  -51.526  -11.800 0.2000000030
15684  48.165  -52.411  -11.325 0.2000000030
18757  45.651  -48.104  -12.483 0.3000000119
152321  51.350  -54.977  -9.357 0.1000000015
15669  50.566  -53.355  -10.579 0.1000000015
17178  47.748  -49.812  -12.195 0.2000000030
17946  47.216  -49.300  -12.334 0.2000000030
150269  51.355  -55.935  -9.424 0.1000000015
132498  45.753  -47.420  -12.933 0.4000000060
14982  51.077  -54.181  -9.848 0.2000000030
155302  48.498  -50.889  -11.992 0.2000000030
15682  50.987  -52.433  -11.428 0.2000000030
13666  52.421  -55.361  -11.474 0.1000000015
13665  52.867  -54.796  -12.269 0.2000000030
14981  52.145  -54.632  -10.143 0.1000000015
14980  52.637  -54.229  -11.010 0.1000000015
156831  50.286  -52.027  -11.607 0.2000000030
17193  49.135  -49.075  -12.534 0.2000000030
17194  48.180  -49.172  -12.390 0.2000000030
18756  47.107  -47.953  -12.975 0.4000000060
14991  52.343  -53.896  -10.767 0.1000000015
18764  48.055  -47.960  -13.318 0.4000000060
20404  45.946  -46.874  -13.707 0.4000000060
16407  50.630  -51.354  -11.947 0.3000000119
16421  50.683  -50.200  -12.361 0.3000000119
143936  51.949  -52.594  -11.583 0.2000000030
15693  52.564  -52.302  -12.243 0.4000000060
19569  47.459  -47.394  -13.853 0.4000000060
20418  45.612  -46.416  -14.453 0.4000000060
142889  49.962  -48.950  -12.807 0.3000000119
17203  51.364  -49.152  -14.160 0.4000000060
16420  51.674  -50.764  -12.595 0.3000000119
134558  41.540  -36.607  -19.394 0.1000000015
29438  40.715  -36.799  -18.372 0.1000000015
20403  46.747  -47.062  -13.988 0.4000000060
18763  49.077  -47.881  -13.906 0.4000000060
19579  47.221  -46.939  -14.569 0.5000000000
17969  50.838  -48.600  -15.111 0.4000000060
17192  50.720  -49.292  -12.957 0.3000000119
17970  50.060  -48.086  -14.374 0.4000000060
18776  49.600  -47.726  -14.948 0.4000000060
28579  41.023  -37.011  -19.100 0.1000000015
28584  42.009  -36.627  -19.966 0.1000000015
28580  40.480  -37.540  -18.705 0.1000000015
20417  46.482  -46.651  -14.685 0.4000000060
20437  46.889  -46.557  -16.353 0.5000000000
19593  47.755  -46.919  -16.159 0.5000000000
20438  46.070  -46.286  -16.219 0.5000000000
28586  40.987  -37.821  -19.343 0.1000000015
27693  40.398  -38.406  -18.992 0.1000000015
26724  41.745  -38.901  -19.988 0.1000000015
27699  41.584  -38.096  -19.881 0.1000000015
26719  40.496  -39.326  -19.211 0.1000000015
14974  44.485  -53.606  -9.150 0.1000000015
15688  44.433  -51.869  -11.541 0.1000000015
16413  43.402  -51.082  -11.828 0.1000000015
150247  44.168  -51.195  -11.875 0.1000000015
14988  44.044  -52.944  -10.197 0.1000000015
16415  41.668  -50.825  -11.508 0.1000000015
14973  45.463  -53.887  -9.048 0.1000000015
17961  46.538  -48.601  -12.489 0.3000000119
16408  49.500  -50.766  -12.018 0.2000000030
19570  46.565  -47.429  -13.314 0.4000000060
17959  48.620  -48.509  -12.902 0.3000000119
19578  48.015  -47.069  -15.036 0.4000000060
28585  41.519  -37.259  -19.700 0.1000000015
27692  41.080  -38.701  -19.529 0.1000000015
15675  42.445  -52.395  -10.456 0.1000000015
10408  36.828  -60.679  -18.113 0.1000000015
10409  36.107  -61.100  -18.403 0.1000000015
9092  37.833  -62.441  -18.696 0.1000000015
137473  35.396  -61.083  -18.406 0.1000000015
9745  38.829  -61.033  -18.260 0.1000000015
145211  35.835  -60.537  -17.996 0.1000000015
10410  34.531  -60.971  -18.363 0.1000000015
9780  33.142  -61.716  -19.476 0.1000000015
9766  34.948  -61.576  -18.932 0.1000000015
8393  34.791  -64.834  -11.286 0.1000000015
9064  31.691  -62.059  -16.106 0.1000000015
141205  31.395  -62.194  -17.993 0.1000000015
137476  38.380  -60.245  -17.920 0.1000000015
9748  31.713  -61.583  -17.756 0.1000000015
10412  32.746  -60.769  -17.887 0.1000000015
10389  39.071  -60.265  -17.884 0.1000000015
9781  32.264  -61.653  -19.110 0.1000000015
9077  38.980  -62.095  -18.420 0.1000000015
8377  34.520  -63.798  -10.655 0.1000000015
8408  34.517  -65.290  -12.239 0.1000000015
7782  34.756  -65.804  -12.980 0.1000000015
143648  35.809  -63.452  -8.879 0.1000000015
9001  35.266  -63.288  -9.390 0.1000000015
7757  35.501  -65.335  -11.072 0.1000000015
147876  35.050  -65.860  -13.549 0.1000000015
155742  32.891  -63.357  -14.638 0.1000000015
141374  31.901  -62.895  -15.952 0.1000000015
10390  37.640  -60.198  -17.904 0.1000000015
10391  36.146  -59.786  -17.543 0.1000000015
10392  35.051  -60.518  -17.896 0.1000000015
134470  38.834  -59.623  -17.553 0.1000000015
9743  40.370  -61.785  -18.107 0.1000000015
9076  39.704  -62.436  -18.262 0.1000000015
7769  35.315  -65.885  -12.232 0.1000000015
7781  35.230  -66.179  -13.243 0.1000000015
8359  36.417  -64.010  -8.745 0.1000000015
8360  35.881  -64.366  -9.819 0.1000000015
8376  35.102  -64.053  -10.352 0.1000000015
7780  35.969  -66.389  -12.926 0.1000000015
7799  35.348  -65.372  -13.494 0.1000000015
8435  34.313  -63.738  -13.875 0.1000000015
151514  33.390  -63.447  -14.306 0.1000000015
9054  32.947  -61.904  -14.062 0.1000000015
9063  32.024  -62.343  -15.258 0.1000000015
9716  32.313  -61.675  -14.674 0.1000000015
9721  31.805  -61.320  -16.364 0.1000000015
10376  33.305  -59.948  -16.877 0.1000000015
11047  37.979  -59.554  -17.566 0.1000000015
143026  36.620  -59.180  -17.146 0.1000000015
153917  35.451  -60.057  -17.629 0.1000000015
11050  34.032  -59.840  -17.166 0.1000000015
10394  33.424  -60.309  -17.522 0.1000000015
11046  39.742  -59.882  -17.628 0.1000000015
130378  39.530  -60.650  -18.020 0.1000000015
7779  36.822  -66.127  -13.073 0.1000000015
8349  36.700  -63.757  -7.744 0.1000000015
7756  36.264  -65.764  -10.741 0.1000000015
7182  36.776  -66.577  -11.461 0.1000000015
7188  36.641  -66.404  -12.414 0.1000000015
7798  36.093  -65.680  -13.473 0.1000000015
8422  36.451  -64.607  -13.372 0.1000000015
9052  34.786  -62.955  -13.410 0.1000000015
9711  34.344  -61.974  -13.245 0.1000000015
8358  37.232  -64.724  -8.404 0.1000000015
7748  36.679  -65.060  -9.551 0.1000000015
7755  36.996  -66.222  -10.327 0.1000000015
7181  37.652  -67.076  -10.870 0.1000000015
128087  34.073  -62.663  -13.565 0.1000000015
9712  33.619  -61.949  -13.624 0.1000000015
10360  32.315  -60.790  -14.934 0.1000000015
9720  31.905  -61.409  -15.490 0.1000000015
10999  32.608  -60.197  -15.207 0.1000000015
10366  32.172  -60.583  -15.810 0.1000000015
11036  33.082  -59.798  -16.313 0.1000000015
11014  32.766  -59.924  -15.751 0.1000000015
11648  35.126  -58.698  -16.082 0.1000000015
11035  33.777  -59.536  -16.459 0.1000000015
10377  32.562  -60.199  -16.379 0.1000000015
11032  37.443  -58.905  -17.048 0.1000000015
11049  35.388  -59.608  -17.246 0.1000000015
11034  34.728  -59.355  -16.736 0.1000000015
11030  39.369  -59.032  -17.115 0.1000000015
11029  40.302  -59.191  -17.090 0.1000000015
10387  41.063  -60.654  -17.696 0.1000000015
10388  40.301  -60.772  -17.932 0.1000000015
10375  42.286  -60.335  -17.162 0.1000000015
11044  41.515  -60.148  -17.332 0.1000000015
7778  37.519  -66.095  -12.602 0.1000000015
7797  36.833  -65.135  -13.288 0.1000000015
8348  37.382  -64.344  -7.235 0.1000000015
7740  37.972  -65.283  -7.608 0.1000000015
7747  37.864  -65.842  -8.629 0.1000000015
7170  38.393  -67.090  -8.909 0.1000000015
6609  38.527  -67.793  -10.651 0.1000000015
7187  37.429  -66.728  -11.891 0.1000000015
7186  37.937  -66.723  -12.144 0.1000000015
8406  37.539  -64.909  -12.638 0.1000000015
9051  35.540  -63.308  -13.191 0.1000000015
9044  35.201  -62.122  -12.785 0.1000000015
147357  37.272  -65.625  -9.306 0.1000000015
10349  34.620  -61.144  -12.866 0.1000000015
10356  33.826  -61.076  -13.464 0.1000000015
149454  33.241  -61.333  -13.842 0.1000000015
10357  33.231  -60.746  -13.949 0.1000000015
10990  33.645  -60.182  -13.857 0.1000000015
10998  32.992  -60.270  -14.526 0.1000000015
11633  34.708  -58.610  -15.230 0.1000000015
10997  33.919  -59.187  -15.112 0.1000000015
142957  38.034  -58.419  -16.654 0.1000000015
12342  38.059  -57.878  -16.108 0.1000000015
11630  37.314  -58.226  -16.381 0.1000000015
11631  36.521  -58.078  -15.969 0.1000000015
11013  34.246  -59.089  -15.893 0.1000000015
11646  38.913  -58.327  -16.471 0.1000000015
11033  35.783  -59.063  -16.819 0.1000000015
11629  39.640  -57.979  -16.092 0.1000000015
11645  39.922  -58.520  -16.575 0.1000000015
11028  41.172  -59.383  -16.942 0.1000000015
11026  43.295  -59.900  -16.390 0.1000000015
7728  37.966  -64.986  -5.773 0.1000000015
8325  37.359  -64.261  -6.295 0.1000000015
7163  39.150  -67.297  -7.461 0.1000000015
6591  39.067  -67.879  -8.445 0.1000000015
7733  38.022  -65.031  -6.628 0.1000000015
7746  38.503  -66.389  -7.915 0.1000000015
6599  38.833  -68.122  -9.603 0.1000000015
6617  39.095  -67.816  -11.175 0.1000000015
136408  38.645  -66.411  -11.723 0.1000000015
8392  37.601  -63.381  -11.838 0.1000000015
9027  36.459  -62.687  -12.314 0.1000000015
147617  38.136  -64.067  -11.691 0.1000000015
9692  36.543  -61.723  -11.604 0.1000000015
10348  35.332  -61.086  -12.338 0.1000000015
127662  34.310  -60.283  -13.246 0.1000000015
151462  34.917  -60.307  -12.634 0.1000000015
10986  34.709  -59.563  -13.039 0.1000000015
11598  34.671  -58.960  -13.471 0.1000000015
11613  34.462  -58.841  -14.303 0.1000000015
12324  37.246  -57.654  -15.730 0.1000000015
11632  35.651  -58.141  -15.456 0.1000000015
12323  38.916  -57.528  -15.706 0.1000000015
142455  37.957  -57.345  -15.525 0.1000000015
12322  39.973  -57.551  -15.577 0.1000000015
11627  41.281  -58.271  -15.917 0.1000000015
11644  40.806  -58.704  -16.497 0.1000000015
11643  41.673  -58.910  -16.363 0.1000000015
11027  41.978  -59.617  -16.775 0.1000000015
7754  41.104  -65.925  -10.009 0.1000000015
7745  40.826  -64.856  -9.634 0.1000000015
7712  38.570  -65.774  -5.268 0.1000000015
7727  38.659  -65.818  -6.036 0.1000000015
7159  39.262  -66.798  -6.442 0.1000000015
7162  39.716  -67.576  -7.047 0.1000000015
6088  39.439  -68.451  -9.774 0.1000000015
7179  40.585  -66.840  -10.563 0.1000000015
139162  39.587  -64.431  -10.487 0.1000000015
8390  38.854  -63.984  -10.931 0.1000000015
7739  38.649  -66.042  -6.961 0.1000000015
6100  40.133  -68.248  -10.340 0.1000000015
7185  39.493  -66.775  -11.236 0.1000000015
8391  38.156  -63.048  -10.968 0.1000000015
9013  37.515  -62.262  -11.035 0.1000000015
10340  36.356  -60.716  -11.162 0.1000000015
10985  35.428  -60.221  -12.041 0.1000000015
11592  35.126  -58.847  -12.752 0.1000000015
12307  36.342  -57.227  -14.514 0.1000000015
11612  35.198  -58.149  -14.580 0.1000000015
12306  37.246  -57.035  -14.985 0.1000000015
12325  36.453  -57.598  -15.262 0.1000000015
12305  38.374  -56.812  -14.972 0.1000000015
12304  39.481  -56.968  -15.070 0.1000000015
12321  40.868  -57.697  -15.467 0.1000000015
141547  42.654  -65.915  -6.985 0.1000000015
7150  39.267  -66.439  -5.537 0.1000000015
7158  40.839  -66.663  -6.155 0.1000000015
7168  42.212  -66.639  -8.157 0.1000000015
7178  41.490  -66.981  -9.827 0.1000000015
7142  38.516  -65.945  -4.623 0.1000000015
7141  39.025  -66.245  -4.882 0.1000000015
6584  39.840  -66.950  -6.239 0.1000000015
6589  40.549  -67.343  -6.899 0.1000000015
7169  41.388  -67.589  -8.704 0.1000000015
6608  40.657  -67.687  -10.355 0.1000000015
139334  40.092  -64.332  -9.945 0.1000000015
8374  39.496  -63.516  -9.848 0.1000000015
9012  38.033  -62.181  -10.248 0.1000000015
8375  38.712  -62.821  -10.133 0.1000000015
131477  35.833  -60.186  -11.491 0.1000000015
10978  35.548  -59.250  -11.722 0.1000000015
150878  35.360  -58.105  -12.854 0.1000000015
11597  35.126  -58.282  -13.611 0.1000000015
12285  36.142  -57.073  -13.697 0.1000000015
12303  40.440  -57.149  -14.994 0.1000000015
13029  41.721  -56.892  -14.394 0.1000000015
7139  41.032  -65.993  -5.460 0.1000000015
7738  42.984  -65.225  -7.398 0.1000000015
8355  42.140  -64.838  -8.529 0.1000000015
7743  42.538  -65.639  -8.345 0.1000000015
128670  39.794  -63.068  -9.004 0.1000000015
8999  39.161  -62.558  -9.286 0.1000000015
9000  38.500  -61.998  -9.499 0.1000000015
9666  37.872  -61.431  -9.632 0.1000000015
10332  36.673  -60.334  -10.397 0.1000000015
10977  36.112  -59.785  -10.945 0.1000000015
11588  35.771  -58.280  -11.387 0.1000000015
12271  36.025  -56.899  -12.236 0.1000000015
11589  35.459  -58.268  -12.158 0.1000000015
13017  36.568  -56.444  -13.155 0.1000000015
137092  35.953  -57.090  -12.982 0.1000000015
143071  37.692  -56.071  -13.613 0.1000000015
13034  36.905  -56.642  -14.115 0.1000000015
13015  38.753  -56.015  -13.801 0.1000000015
13033  38.312  -56.340  -14.275 0.1000000015
151799  37.687  -56.540  -14.418 0.1000000015
13031  40.033  -56.612  -14.467 0.1000000015
156984  42.063  -56.540  -13.932 0.1000000015
12282  44.039  -56.923  -13.885 0.1000000015
7157  41.928  -66.025  -6.224 0.1000000015
7732  42.896  -65.350  -6.401 0.1000000015
8347  41.718  -63.900  -8.079 0.1000000015
8980  40.600  -63.223  -8.416 0.1000000015
8981  39.664  -62.241  -8.444 0.1000000015
145089  41.230  -65.466  -4.819 0.1000000015
8356  41.262  -64.345  -8.869 0.1000000015
8982  38.944  -61.852  -8.873 0.1000000015
10322  36.996  -59.896  -9.507 0.1000000015
10967  36.425  -59.312  -10.207 0.1000000015
145080  36.033  -58.925  -10.877 0.1000000015
11580  36.116  -58.231  -10.685 0.1000000015
13718  37.857  -55.587  -12.764 0.1000000015
13016  37.146  -55.882  -12.857 0.1000000015
13014  39.660  -56.120  -13.871 0.1000000015
13013  40.547  -56.285  -13.882 0.1000000015
13000  41.988  -56.027  -13.267 0.1000000015
12997  44.392  -56.036  -12.401 0.1000000015
130377  46.746  -56.387  -11.137 0.1000000015
7709  42.954  -64.798  -4.945 0.1000000015
155056  42.926  -65.118  -5.706 0.1000000015
8337  43.942  -64.176  -6.546 0.1000000015
8951  42.464  -63.220  -7.269 0.1000000015
9633  41.467  -62.149  -7.287 0.1000000015
8965  40.554  -62.222  -7.793 0.1000000015
8345  43.261  -64.266  -7.126 0.1000000015
8964  41.295  -62.961  -7.735 0.1000000015
9651  39.067  -61.343  -8.257 0.1000000015
9652  38.341  -61.253  -8.834 0.1000000015
10321  37.679  -60.603  -9.048 0.1000000015
11572  36.402  -58.440  -9.990 0.1000000015
139656  36.211  -56.760  -10.846 0.1000000015
12985  36.288  -56.442  -11.616 0.1000000015
13643  42.522  -56.284  -8.303 0.1000000015
13657  41.669  -55.504  -9.607 0.1000000015
149712  41.562  -55.375  -10.467 0.1000000015
13672  40.155  -55.113  -11.642 0.1000000015
128190  39.405  -55.100  -11.936 0.1000000015
13693  37.207  -55.596  -12.273 0.1000000015
13001  36.623  -56.127  -12.338 0.1000000015
13642  43.096  -56.348  -8.778 0.1000000015
130296  42.187  -55.575  -10.226 0.1000000015
126077  41.044  -55.204  -11.191 0.1000000015
126763  43.073  -56.607  -7.867 0.1000000015
147603  43.568  -56.653  -8.113 0.1000000015
13655  43.541  -56.091  -9.693 0.1000000015
13670  42.697  -55.598  -11.062 0.1000000015
13689  41.401  -55.609  -12.629 0.1000000015
13717  39.299  -55.672  -13.234 0.1000000015
12938  43.783  -56.416  -7.649 0.1000000015
12947  44.393  -56.410  -7.957 0.1000000015
13654  44.172  -56.123  -9.961 0.1000000015
13715  41.048  -55.940  -13.314 0.1000000015
13667  44.936  -56.151  -10.254 0.1000000015
12999  42.924  -55.922  -12.946 0.1000000015
12944  47.276  -56.724  -7.828 0.1000000015
12984  44.893  -56.017  -11.553 0.1000000015
151920  47.488  -56.605  -9.915 0.1000000015
8930  45.141  -63.129  -4.154 0.1000000015
7724  44.343  -64.054  -5.718 0.1000000015
8336  44.506  -63.405  -6.265 0.1000000015
8949  44.301  -62.594  -6.348 0.1000000015
137178  43.381  -62.174  -6.578 0.1000000015
8950  43.695  -63.356  -6.751 0.1000000015
9619  42.318  -61.952  -6.833 0.1000000015
9634  40.767  -61.335  -7.316 0.1000000015
9635  39.872  -61.398  -7.752 0.1000000015
10296  39.268  -60.563  -7.647 0.1000000015
155655  38.091  -60.689  -8.554 0.1000000015
10960  36.695  -59.048  -9.535 0.1000000015
12258  36.234  -57.600  -10.402 0.1000000015
13661  36.795  -55.190  -11.089 0.1000000015
155163  36.705  -55.824  -11.840 0.1000000015
139668  40.996  -55.165  -10.186 0.1000000015
127801  40.244  -54.971  -10.783 0.1000000015
130673  39.447  -54.912  -11.263 0.1000000015
13692  37.910  -55.219  -12.077 0.1000000015
125528  41.082  -55.212  -9.343 0.1000000015
139076  45.144  -55.204  -7.591 0.1000000015
13616  45.403  -55.951  -7.694 0.1000000015
8918  45.579  -62.400  -3.749 0.1000000015
9616  45.416  -60.998  -5.690 0.1000000015
140044  45.354  -62.035  -5.451 0.1000000015
126769  42.914  -60.866  -6.633 0.1000000015
10284  42.099  -60.069  -6.885 0.1000000015
9618  43.868  -61.122  -6.414 0.1000000015
9620  41.702  -61.150  -6.893 0.1000000015
10285  41.087  -60.436  -7.061 0.1000000015
10295  40.210  -60.602  -7.327 0.1000000015
10297  38.580  -60.139  -7.790 0.1000000015
10959  37.091  -59.151  -8.939 0.1000000015
12252  36.445  -57.707  -9.712 0.1000000015
11571  36.738  -58.411  -9.249 0.1000000015
12962  36.310  -56.905  -9.702 0.1000000015
12963  36.286  -57.064  -10.201 0.1000000015
13658  40.266  -54.881  -9.993 0.1000000015
13660  37.570  -54.527  -10.873 0.1000000015
13631  41.823  -55.472  -8.091 0.1000000015
13673  38.687  -54.984  -11.710 0.1000000015
13618  42.904  -55.782  -7.278 0.1000000015
13630  42.452  -56.112  -7.724 0.1000000015
10272  45.647  -60.301  -5.306 0.1000000015
10281  45.175  -59.992  -6.030 0.1000000015
10283  43.120  -59.687  -6.702 0.1000000015
10932  41.367  -59.536  -7.042 0.1000000015
10933  40.601  -59.921  -7.150 0.1000000015
140826  39.634  -59.293  -7.186 0.1000000015
10944  39.056  -59.720  -7.424 0.1000000015
10945  38.290  -59.489  -7.760 0.1000000015
10953  37.637  -59.285  -8.314 0.1000000015
12949  36.405  -56.833  -8.999 0.1000000015
12251  36.666  -57.693  -9.052 0.1000000015
12961  36.340  -55.477  -10.130 0.1000000015
136084  38.431  -54.346  -10.477 0.1000000015
13644  41.877  -55.724  -8.595 0.1000000015
14315  43.472  -55.274  -7.172 0.1000000015
14341  44.842  -54.329  -8.168 0.1000000015
10930  44.687  -59.282  -6.215 0.1000000015
10917  43.095  -58.591  -6.395 0.1000000015
126028  42.449  -59.088  -6.785 0.1000000015
10931  41.982  -58.520  -6.581 0.1000000015
11545  41.391  -58.837  -6.950 0.1000000015
10942  40.513  -59.228  -7.110 0.1000000015
11557  38.821  -58.922  -7.335 0.1000000015
11564  37.883  -58.708  -7.837 0.1000000015
11565  37.204  -58.423  -8.519 0.1000000015
12246  36.938  -57.678  -8.501 0.1000000015
143226  36.295  -55.413  -9.226 0.1000000015
13647  37.219  -54.309  -10.229 0.1000000015
125882  41.218  -55.081  -8.703 0.1000000015
13645  40.317  -54.685  -9.374 0.1000000015
14957  43.888  -53.975  -8.200 0.1000000015
11554  41.159  -58.361  -6.772 0.1000000015
11555  40.688  -58.683  -6.955 0.1000000015
11556  39.820  -58.779  -6.967 0.1000000015
132113  38.992  -58.433  -7.014 0.1000000015
12244  38.054  -58.076  -7.478 0.1000000015
12245  37.442  -58.027  -8.053 0.1000000015
14329  42.286  -53.946  -7.729 0.1000000015
142627  42.099  -55.193  -7.680 0.1000000015
145207  39.332  -54.343  -10.002 0.1000000015
14958  43.002  -53.670  -8.248 0.1000000015
12228  39.815  -58.045  -6.436 0.1000000015
150662  38.705  -57.867  -6.833 0.1000000015
135281  36.526  -56.203  -8.229 0.1000000015
12940  37.410  -57.203  -7.451 0.1000000015
13634  36.394  -54.709  -9.111 0.1000000015
12948  36.934  -57.178  -8.169 0.1000000015
131624  42.041  -54.432  -7.704 0.1000000015
14317  41.443  -54.373  -8.053 0.1000000015
13619  41.289  -54.857  -8.252 0.1000000015
127068  39.175  -54.111  -9.501 0.1000000015
13646  37.767  -54.083  -9.901 0.1000000015
14975  42.749  -53.163  -8.996 0.1000000015
13632  40.369  -54.437  -8.933 0.1000000015
13633  37.779  -53.894  -9.463 0.1000000015
14319  39.010  -53.842  -9.105 0.1000000015
8456  31.716  -63.297  -16.669 0.1000000015
9069  31.556  -62.057  -17.090 0.1000000015
9730  31.804  -61.293  -17.063 0.1000000015
125915  36.571  -61.465  -18.617 0.1000000015
9747  32.117  -60.968  -17.452 0.1000000015
9746  37.879  -60.931  -18.268 0.1000000015
10393  34.242  -60.371  -17.772 0.1000000015
10395  32.687  -60.379  -17.079 0.1000000015
9767  33.949  -61.473  -18.981 0.1000000015
10411  33.613  -60.812  -18.217 0.1000000015
8394  34.131  -64.123  -11.252 0.1000000015
149169  31.598  -62.613  -16.570 0.1000000015
9769  32.124  -61.291  -18.269 0.1000000015
9053  33.467  -62.734  -13.928 0.1000000015
145692  32.703  -62.701  -14.497 0.1000000015
11048  37.113  -59.684  -17.583 0.1000000015
152788  34.812  -59.918  -17.431 0.1000000015
7768  36.023  -66.261  -11.917 0.1000000015
8434  35.130  -64.163  -13.576 0.1000000015
10358  32.742  -61.070  -14.265 0.1000000015
147328  32.896  -60.057  -16.662 0.1000000015
11031  38.432  -58.942  -17.101 0.1000000015
144034  36.598  -58.622  -16.618 0.1000000015
8407  36.977  -63.813  -12.756 0.1000000015
9028  35.898  -62.678  -12.665 0.1000000015
7171  37.653  -66.591  -9.683 0.1000000015
125770  33.177  -59.722  -15.124 0.1000000015
136358  33.711  -59.590  -14.454 0.1000000015
134193  33.443  -59.488  -15.761 0.1000000015
11647  35.917  -58.470  -16.213 0.1000000015
127391  38.621  -67.122  -11.620 0.1000000015
6102  39.214  -68.266  -10.396 0.1000000015
6610  38.269  -67.199  -11.407 0.1000000015
9693  35.941  -61.837  -12.248 0.1000000015
10989  34.216  -59.522  -13.726 0.1000000015
6590  39.601  -68.119  -7.979 0.1000000015
7767  38.301  -65.380  -11.946 0.1000000015
7766  39.222  -65.355  -11.222 0.1000000015
9014  37.031  -62.615  -11.783 0.1000000015
10341  35.921  -60.950  -11.799 0.1000000015
154509  35.144  -59.618  -12.440 0.1000000015
12326  35.825  -57.702  -14.789 0.1000000015
12320  41.729  -57.810  -15.384 0.1000000015
11626  42.151  -58.433  -15.790 0.1000000015
7744  41.877  -65.593  -9.271 0.1000000015
136348  40.152  -65.448  -10.461 0.1000000015
6597  40.368  -67.928  -7.745 0.1000000015
136006  40.190  -68.325  -8.749 0.1000000015
148500  37.542  -61.612  -10.322 0.1000000015
9679  36.979  -61.363  -10.786 0.1000000015
12308  35.652  -57.617  -14.088 0.1000000015
12302  41.306  -57.300  -14.908 0.1000000015
6596  41.336  -67.348  -7.652 0.1000000015
8357  40.314  -63.852  -9.260 0.1000000015
9667  37.292  -60.872  -9.941 0.1000000015
12286  35.609  -57.606  -13.288 0.1000000015
12272  35.640  -57.587  -12.548 0.1000000015
13032  39.102  -56.451  -14.435 0.1000000015
13030  40.917  -56.778  -14.431 0.1000000015
12284  42.464  -56.933  -14.301 0.1000000015
8346  42.661  -64.554  -7.860 0.1000000015
7737  43.462  -64.790  -6.770 0.1000000015
12262  35.702  -57.656  -11.875 0.1000000015
12261  35.995  -57.386  -11.244 0.1000000015
155422  38.473  -55.697  -13.200 0.1000000015
13011  42.698  -56.454  -13.698 0.1000000015
13010  43.488  -56.398  -13.461 0.1000000015
141331  45.011  -56.310  -12.630 0.1000000015
7725  43.573  -64.735  -5.948 0.1000000015
13716  40.202  -55.778  -13.314 0.1000000015
12983  45.779  -56.238  -10.658 0.1000000015
12998  43.734  -55.978  -12.669 0.1000000015
13686  44.025  -55.872  -11.747 0.1000000015
12972  46.678  -56.494  -9.542 0.1000000015
10310  37.460  -59.815  -8.791 0.1000000015
13671  41.885  -55.455  -11.186 0.1000000015
125965  40.801  -55.336  -12.136 0.1000000015
13690  39.911  -55.368  -12.539 0.1000000015
13691  38.789  -55.335  -12.505 0.1000000015
13675  37.122  -55.330  -11.700 0.1000000015
13656  42.935  -55.812  -9.935 0.1000000015
139683  41.497  -55.417  -11.882 0.1000000015
12939  43.240  -56.439  -7.481 0.1000000015
13641  44.226  -56.591  -8.118 0.1000000015
13688  42.258  -55.593  -12.180 0.1000000015
13687  43.224  -55.716  -11.945 0.1000000015
13669  43.574  -55.835  -10.778 0.1000000015
14314  44.359  -55.635  -7.397 0.1000000015
13653  44.736  -56.412  -8.998 0.1000000015
12973  45.704  -56.421  -9.196 0.1000000015
12957  48.806  -56.811  -8.296 0.1000000015
12958  47.662  -56.811  -8.351 0.1000000015
12974  36.268  -56.221  -10.531 0.1000000015
13659  39.436  -54.701  -10.571 0.1000000015
129400  38.637  -54.668  -11.061 0.1000000015
14327  44.159  -54.766  -7.474 0.1000000015
14316  42.651  -54.845  -7.356 0.1000000015
14328  43.212  -54.378  -7.488 0.1000000015
19592  48.575  -47.349  -15.970 0.4000000060
16434  52.473  -50.871  -14.371 0.3000000119
17221  51.455  -49.395  -15.214 0.3000000119
17994  50.239  -48.620  -15.956 0.3000000119
132336  49.630  -48.202  -16.111 0.4000000060
18813  48.061  -47.384  -16.578 0.4000000060
17236  50.074  -49.224  -16.003 0.3000000119
9119  47.695  -62.081  -20.909 0.1000000015
9783  49.150  -61.192  -20.573 0.1000000015
132360  50.214  -60.140  -19.259 0.2000000030
12352  49.247  -57.346  -17.796 0.3000000119
17240  45.568  -50.140  -15.350 0.4000000060
17190  52.324  -50.629  -13.616 0.3000000119
15036  48.312  -53.676  -15.147 0.4000000060
11060  50.718  -58.347  -18.671 0.2000000030
13741  48.065  -55.347  -15.798 0.4000000060
152956  47.258  -53.271  -14.967 0.4000000060
16468  46.050  -51.009  -15.013 0.4000000060
9129  46.766  -62.592  -20.917 0.1000000015
142552  50.574  -59.158  -18.950 0.3000000119
14395  47.444  -54.437  -15.428 0.4000000060
15737  46.632  -52.472  -14.817 0.4000000060
139431  46.083  -51.956  -14.865 0.4000000060
9790  48.133  -61.405  -21.725 0.1000000015
145946  44.065  -49.383  -15.644 0.5000000000
11065  50.671  -59.028  -19.883 0.2000000030
141544  49.936  -57.860  -18.807 0.3000000119
13057  48.419  -56.535  -16.689 0.3000000119
139803  46.296  -53.277  -14.950 0.4000000060
144740  43.737  -48.548  -15.993 0.4000000060
126483  42.929  -47.592  -16.093 0.4000000060
13749  47.658  -55.999  -16.157 0.4000000060
13742  47.042  -55.291  -15.803 0.4000000060
15738  45.783  -52.738  -14.890 0.4000000060
137895  45.247  -51.971  -14.893 0.4000000060
148647  45.115  -51.017  -15.053 0.5000000000
10435  48.330  -60.987  -22.784 0.2000000030
10426  49.225  -60.983  -21.305 0.2000000030
10420  50.054  -60.354  -20.711 0.2000000030
11663  50.213  -58.126  -19.420 0.2000000030
10418  50.386  -59.992  -20.018 0.2000000030
12340  48.216  -57.086  -17.172 0.3000000119
127474  47.354  -56.592  -16.645 0.3000000119
9798  47.235  -61.376  -22.407 0.1000000015
134914  45.788  -54.545  -15.541 0.4000000060
11657  49.126  -57.627  -18.363 0.3000000119
13750  46.663  -55.936  -16.208 0.4000000060
142864  45.513  -53.654  -15.173 0.4000000060
17241  44.429  -50.379  -15.282 0.5000000000
18000  43.020  -49.340  -15.605 0.5000000000
126224  42.264  -48.020  -15.919 0.4000000060
13743  46.148  -55.245  -15.880 0.4000000060
15739  45.066  -52.899  -15.026 0.4000000060
16469  44.358  -51.528  -15.080 0.5000000000
17242  42.701  -50.323  -15.369 0.5000000000
18796  42.048  -48.847  -15.647 0.4000000060
135163  49.199  -60.707  -22.212 0.2000000030
136057  50.525  -59.462  -20.488 0.2000000030
11668  49.955  -58.390  -20.256 0.2000000030
11664  48.791  -57.999  -19.011 0.4000000060
11669  49.004  -58.130  -19.889 0.2000000030
148593  47.989  -57.879  -18.264 0.3000000119
12341  47.106  -57.187  -17.190 0.3000000119
141950  43.625  -52.133  -15.214 0.5000000000
18001  42.194  -49.728  -15.485 0.5000000000
126227  41.455  -48.052  -15.773 0.4000000060
11665  47.080  -58.089  -18.692 0.4000000060
13751  45.728  -55.849  -16.303 0.4000000060
14397  44.888  -54.392  -15.590 0.4000000060
133436  42.353  -51.126  -15.306 0.5000000000
10425  50.002  -60.145  -21.684 0.2000000030
10434  49.271  -60.416  -23.206 0.2000000030
11673  50.143  -58.847  -21.560 0.2000000030
126471  40.834  -47.288  -15.744 0.4000000060
11675  48.939  -58.219  -20.722 0.2000000030
13058  46.303  -56.570  -16.705 0.3000000119
13752  44.832  -55.752  -16.418 0.4000000060
15037  44.441  -53.482  -15.317 0.4000000060
10445  47.595  -61.153  -23.441 0.2000000030
11683  49.930  -58.827  -22.486 0.2000000030
145330  47.844  -58.296  -20.357 0.3000000119
11670  47.677  -58.265  -19.555 0.4000000060
12363  46.114  -57.816  -18.117 0.3000000119
15740  43.805  -52.906  -15.287 0.5000000000
17243  41.783  -50.492  -15.413 0.5000000000
126240  38.405  -44.275  -15.863 0.4000000060
10444  48.696  -60.830  -23.889 0.2000000030
10424  49.881  -59.922  -22.622 0.2000000030
13059  45.299  -56.460  -16.803 0.4000000060
14409  44.393  -55.067  -16.048 0.4000000060
18002  41.409  -49.618  -15.496 0.5000000000
126231  40.520  -48.088  -15.646 0.4000000060
23891  38.802  -41.260  -18.386 0.4000000060
147747  47.677  -61.589  -25.221 0.2000000030
11080  49.990  -59.286  -22.996 0.2000000030
11684  49.531  -58.455  -21.999 0.2000000030
11685  48.821  -58.187  -21.575 0.2000000030
12355  45.174  -57.546  -18.057 0.4000000060
15038  42.651  -53.448  -15.742 0.5000000000
154417  41.782  -51.135  -15.400 0.5000000000
131750  46.732  -61.782  -25.151 0.2000000030
12354  45.921  -57.243  -17.372 0.3000000119
132067  43.502  -53.535  -15.558 0.5000000000
146884  42.740  -51.927  -15.345 0.5000000000
18797  41.026  -48.810  -15.591 0.5000000000
9833  47.837  -62.059  -26.131 0.2000000030
23902  37.945  -42.629  -17.955 0.4000000060
126488  38.552  -44.973  -15.941 0.4000000060
126235  39.855  -46.541  -15.754 0.4000000060
10443  49.381  -60.282  -24.212 0.2000000030
18798  40.145  -48.755  -15.565 0.4000000060
19594  39.831  -47.478  -15.690 0.4000000060
10453  48.955  -60.811  -24.975 0.2000000030
11692  49.395  -58.413  -22.943 0.2000000030
11693  48.755  -58.094  -22.436 0.2000000030
152634  49.556  -59.396  -24.611 0.2000000030
126434  38.605  -46.275  -16.050 0.4000000060
19612  39.061  -47.016  -15.837 0.4000000060
13753  43.972  -55.638  -16.642 0.3000000119
133656  41.796  -51.771  -15.499 0.5000000000
140281  40.847  -50.347  -15.514 0.5000000000
147451  39.759  -48.154  -15.643 0.4000000060
11677  46.905  -58.342  -20.033 0.4000000060
13064  44.834  -56.901  -17.418 0.4000000060
13763  43.688  -56.139  -17.305 0.3000000119
14410  43.520  -54.935  -16.303 0.4000000060
11666  45.708  -58.021  -18.929 0.4000000060
15039  41.811  -53.329  -15.954 0.5000000000
149252  49.637  -58.950  -24.143 0.2000000030
21283  38.068  -45.446  -16.266 0.4000000060
18003  40.511  -49.507  -15.534 0.5000000000
17244  39.936  -50.163  -15.682 0.5000000000
13754  43.054  -55.514  -17.022 0.4000000060
15050  42.242  -54.067  -16.207 0.5000000000
16471  40.267  -51.131  -15.754 0.5000000000
15051  41.430  -53.911  -16.469 0.5000000000
14411  42.674  -54.760  -16.548 0.5000000000
17995  49.470  -48.562  -16.216 0.4000000060
16467  46.846  -51.461  -14.878 0.4000000060
126393  39.155  -45.655  -15.853 0.4000000060
16482  40.237  -51.921  -15.972 0.5000000000
15025  51.889  -53.659  -14.988 0.3000000119
152262  51.934  -52.617  -15.009 0.3000000119
16452  50.962  -50.979  -15.547 0.2000000030
16465  50.587  -50.046  -15.829 0.2000000030
13738  52.020  -55.973  -15.279 0.2000000030
14392  51.458  -54.886  -15.480 0.3000000119
15034  50.836  -54.068  -15.319 0.3000000119
15035  50.043  -53.496  -15.251 0.3000000119
13044  51.450  -56.679  -16.499 0.2000000030
143212  50.896  -56.141  -16.597 0.2000000030
143183  50.784  -55.473  -16.082 0.2000000030
130877  50.554  -59.407  -18.191 0.2000000030
9165  45.712  -62.725  -26.393 0.1000000015
8538  44.400  -63.734  -27.404 0.1000000015
11716  44.240  -58.594  -24.281 0.1000000015
15014  53.323  -53.419  -12.913 0.1000000015
144684  52.626  -51.535  -14.454 0.2000000030
141155  51.837  -51.079  -15.374 0.2000000030
149907  53.078  -53.579  -14.108 0.2000000030
15722  52.802  -52.222  -14.393 0.2000000030
12990  52.126  -55.862  -12.228 0.1000000015
145833  52.218  -56.030  -14.317 0.1000000015
13714  52.658  -55.275  -13.752 0.2000000030
12276  51.663  -56.657  -13.704 0.1000000015
147430  51.207  -57.522  -13.941 0.1000000015
9819  46.843  -61.352  -24.112 0.1000000015
11733  48.306  -58.776  -25.706 0.1000000015
155108  48.019  -58.229  -24.877 0.1000000015
12406  46.384  -57.747  -23.549 0.1000000015
12395  45.697  -57.598  -22.728 0.1000000015
11107  48.153  -59.436  -26.649 0.1000000015
151130  46.506  -57.978  -24.355 0.1000000015
11701  45.659  -57.861  -24.068 0.1000000015
145741  44.750  -57.398  -22.669 0.1000000015
11715  45.173  -58.387  -24.500 0.1000000015
12408  44.248  -57.422  -23.090 0.1000000015
12397  43.275  -56.866  -22.048 0.1000000015
140897  42.880  -56.936  -22.547 0.1000000015
12398  41.998  -56.804  -22.531 0.1000000015
14373  53.274  -53.881  -13.474 0.2000000030
13005  52.230  -55.976  -13.226 0.1000000015
11676  46.780  -58.191  -20.768 0.1000000015
13065  43.613  -56.597  -18.011 0.3000000119
10465  49.123  -60.279  -26.118 0.1000000015
11711  49.353  -58.932  -24.821 0.1000000015
11699  48.610  -58.054  -23.304 0.1000000015
12386  46.803  -57.965  -21.662 0.1000000015
12377  44.816  -57.768  -20.414 0.2000000030
13072  43.692  -57.043  -18.901 0.3000000119
13765  42.313  -55.646  -17.666 0.3000000119
14423  41.525  -55.111  -17.536 0.3000000119
9180  46.680  -63.241  -27.434 0.1000000015
10466  48.861  -60.981  -26.576 0.1000000015
12394  46.871  -57.783  -22.610 0.1000000015
144691  44.517  -57.464  -21.340 0.1000000015
13082  43.414  -57.111  -19.864 0.2000000030
13785  42.233  -56.226  -19.128 0.3000000119
11118  48.498  -60.116  -27.175 0.1000000015
12396  44.167  -57.156  -22.152 0.1000000015
13090  42.444  -56.440  -20.604 0.2000000030
13786  41.377  -55.803  -19.405 0.3000000119
13096  42.098  -56.224  -21.390 0.1000000015
13097  41.397  -55.837  -21.330 0.2000000030
13787  40.472  -55.395  -19.584 0.4000000060
12409  42.383  -57.360  -23.020 0.1000000015
13105  41.586  -56.141  -22.046 0.1000000015
13810  40.207  -55.723  -21.878 0.3000000119
14972  46.445  -54.204  -8.889 0.1000000015
14970  48.549  -54.803  -8.509 0.1000000015
16472  39.242  -50.762  -16.087 0.4000000060
15052  40.301  -53.066  -16.566 0.4000000060
148434  42.282  -55.149  -17.092 0.3000000119
15065  41.045  -54.411  -17.054 0.4000000060
157303  40.076  -53.537  -16.993 0.4000000060
14425  39.855  -54.338  -17.980 0.4000000060
134702  39.028  -53.805  -18.155 0.4000000060
14435  40.267  -54.978  -18.616 0.4000000060
153027  39.101  -54.527  -19.347 0.5000000000
13799  40.191  -55.435  -20.501 0.3000000119
13800  39.417  -55.109  -20.601 0.5000000000
148442  40.722  -57.208  -23.052 0.2000000030
12399  41.150  -56.666  -22.638 0.1000000015
139184  39.777  -55.417  -21.262 0.4000000060
11704  41.241  -58.656  -23.852 0.1000000015
126805  40.773  -57.960  -23.434 0.1000000015
12400  40.312  -56.674  -22.810 0.2000000030
13106  40.713  -56.083  -22.304 0.2000000030
134460  41.982  -59.887  -24.982 0.1000000015
11718  40.723  -59.093  -24.376 0.1000000015
12411  39.918  -57.427  -23.282 0.2000000030
10458  41.954  -60.448  -25.912 0.1000000015
11109  40.601  -59.852  -25.560 0.1000000015
18005  39.017  -49.174  -15.825 0.4000000060
18799  39.341  -48.644  -15.698 0.3000000119
17245  39.132  -49.844  -15.907 0.4000000060
15756  39.151  -52.216  -16.698 0.4000000060
16483  39.584  -51.662  -16.197 0.4000000060
130987  39.072  -53.276  -17.544 0.4000000060
16485  38.142  -51.236  -16.886 0.4000000060
14436  39.423  -54.468  -18.728 0.4000000060
131850  38.062  -53.668  -19.413 0.4000000060
15075  38.249  -53.436  -18.624 0.4000000060
14449  38.587  -54.239  -19.772 0.5000000000
14453  38.635  -54.518  -20.659 0.4000000060
13108  39.047  -56.070  -22.802 0.3000000119
13811  39.257  -55.561  -22.077 0.4000000060
14456  38.431  -54.553  -21.442 0.4000000060
11736  38.853  -58.423  -25.408 0.2000000030
11720  39.215  -58.515  -24.752 0.2000000030
13115  38.680  -56.586  -23.382 0.2000000030
11110  39.887  -59.508  -25.754 0.1000000015
11097  40.232  -59.375  -24.999 0.2000000030
17246  38.452  -49.413  -16.167 0.4000000060
18818  38.535  -48.637  -16.001 0.4000000060
17255  37.977  -50.518  -16.731 0.4000000060
16505  37.524  -52.074  -18.074 0.4000000060
17262  37.516  -50.862  -17.343 0.4000000060
16515  37.362  -52.374  -18.671 0.4000000060
152441  37.231  -53.069  -20.313 0.4000000060
15076  37.575  -52.988  -19.099 0.4000000060
15090  37.335  -53.351  -21.098 0.3000000119
14458  37.841  -54.332  -22.565 0.4000000060
15089  37.984  -54.003  -21.246 0.4000000060
13815  38.072  -55.995  -23.734 0.3000000119
129225  38.166  -55.543  -23.228 0.3000000119
13807  38.410  -54.937  -22.103 0.4000000060
11751  39.243  -59.006  -26.142 0.2000000030
12451  38.399  -57.441  -26.557 0.2000000030
13127  38.154  -57.119  -24.618 0.2000000030
12413  38.614  -57.270  -23.903 0.2000000030
11119  39.483  -59.356  -26.986 0.2000000030
143937  43.511  -60.958  -31.512 0.1000000015
9891  43.611  -60.923  -30.591 0.1000000015
9892  42.595  -60.697  -29.705 0.1000000015
141548  37.948  -47.926  -16.364 0.4000000060
19613  38.183  -47.032  -16.202 0.3000000119
138733  37.359  -49.500  -17.113 0.4000000060
134579  36.652  -49.399  -18.664 0.4000000060
18017  37.142  -50.112  -17.608 0.4000000060
16516  37.011  -51.632  -18.637 0.4000000060
17273  37.020  -50.815  -18.105 0.4000000060
144484  36.876  -52.376  -20.090 0.4000000060
15786  36.642  -51.492  -19.679 0.4000000060
15797  36.975  -52.803  -21.768 0.4000000060
15793  36.874  -52.605  -20.903 0.3000000119
14481  37.744  -54.136  -25.102 0.3000000119
15110  37.591  -53.648  -24.394 0.3000000119
15099  37.539  -53.901  -23.777 0.3000000119
15096  37.480  -53.713  -23.055 0.3000000119
15093  37.483  -53.638  -22.057 0.3000000119
13157  39.123  -56.422  -27.744 0.2000000030
13158  38.455  -56.589  -26.946 0.2000000030
13836  37.843  -55.434  -25.865 0.3000000119
13837  37.677  -55.008  -25.145 0.2000000030
13816  37.846  -55.183  -23.657 0.3000000119
14461  37.718  -54.439  -23.387 0.3000000119
12468  38.825  -57.323  -27.328 0.2000000030
13139  37.866  -56.648  -25.316 0.2000000030
145531  39.156  -58.108  -27.506 0.2000000030
126248  37.555  -44.266  -17.466 0.3000000119
126398  37.797  -43.936  -18.857 0.3000000119
126444  37.525  -45.147  -17.080 0.3000000119
20455  37.671  -46.145  -16.794 0.4000000060
19626  36.777  -47.813  -18.591 0.3000000119
20463  36.990  -46.969  -18.188 0.4000000060
19627  36.583  -48.322  -19.227 0.4000000060
18828  36.922  -49.271  -17.891 0.4000000060
150435  36.405  -49.767  -19.791 0.4000000060
18038  36.526  -49.924  -19.134 0.4000000060
17294  36.399  -50.425  -21.158 0.3000000119
16523  36.412  -50.930  -20.489 0.4000000060
17290  36.447  -50.497  -19.735 0.4000000060
139129  37.905  -51.643  -25.136 0.3000000119
131138  37.546  -51.239  -24.667 0.2000000030
16534  37.112  -51.281  -23.897 0.2000000030
17299  36.561  -50.511  -22.353 0.2000000030
15798  36.678  -52.005  -21.511 0.3000000119
15794  36.615  -51.786  -20.660 0.3000000119
145031  38.293  -52.876  -25.641 0.3000000119
15816  37.533  -52.807  -24.411 0.3000000119
15805  37.194  -52.317  -23.734 0.2000000030
16535  36.867  -51.814  -22.997 0.2000000030
15801  36.799  -52.175  -22.254 0.2000000030
13852  40.093  -55.040  -28.139 0.2000000030
14487  39.314  -54.184  -27.077 0.3000000119
14488  38.687  -54.178  -26.485 0.3000000119
14480  37.981  -54.588  -25.852 0.3000000119
126511  37.700  -43.475  -17.990 0.3000000119
144013  37.757  -43.611  -16.764 0.3000000119
126535  37.844  -44.598  -16.495 0.3000000119
19663  36.772  -47.612  -20.634 0.3000000119
18912  37.150  -48.701  -23.775 0.2000000030
18898  36.836  -48.672  -22.920 0.2000000030
18067  36.503  -49.259  -21.709 0.2000000030
18874  36.528  -48.652  -21.069 0.2000000030
18103  37.666  -49.602  -24.893 0.2000000030
17303  36.920  -50.289  -23.664 0.2000000030
18096  36.826  -49.455  -23.334 0.2000000030
18084  36.605  -49.443  -22.457 0.2000000030
154974  38.607  -41.882  -18.570 0.2000000030
10487  41.561  -60.631  -26.745 0.1000000015
10472  40.280  -59.968  -26.286 0.1000000015
14494  39.649  -54.568  -27.588 0.3000000119
12467  39.397  -57.391  -28.006 0.2000000030
17237  49.051  -49.355  -15.977 0.3000000119
15725  50.078  -51.901  -15.278 0.3000000119
15027  50.324  -52.674  -15.228 0.3000000119
13056  49.600  -56.377  -16.829 0.2000000030
14985  47.022  -53.677  -9.804 0.1000000015
16418  52.991  -52.095  -13.144 0.2000000030
16451  51.624  -50.155  -15.576 0.2000000030
11686  47.831  -58.188  -21.194 0.1000000015
12364  44.624  -57.579  -18.838 0.3000000119
152027  47.933  -57.924  -22.760 0.1000000015
18817  38.920  -47.829  -15.815 0.3000000119
12376  45.859  -58.175  -20.057 0.3000000119
13764  42.995  -56.111  -17.784 0.2000000030
12369  44.993  -57.872  -19.571 0.2000000030
11712  48.799  -58.515  -24.902 0.1000000015
156461  52.551  -54.427  -14.660 0.2000000030
15026  51.082  -53.084  -15.198 0.3000000119
157172  51.991  -55.285  -15.398 0.1000000015
11702  44.719  -57.914  -23.786 0.1000000015
15721  53.077  -52.562  -14.011 0.2000000030
11106  48.884  -59.610  -26.332 0.1000000015
11734  47.504  -58.986  -25.996 0.1000000015
12405  47.571  -57.866  -23.447 0.1000000015
157045  46.000  -57.727  -22.084 0.1000000015
12407  45.230  -57.595  -23.309 0.1000000015
154211  44.203  -57.246  -22.629 0.1000000015
13095  42.830  -56.644  -21.384 0.1000000015
133192  45.651  -57.898  -21.225 0.2000000030
13073  42.974  -56.472  -18.572 0.3000000119
12378  43.928  -57.322  -20.569 0.2000000030
13083  42.931  -56.696  -19.389 0.3000000119
14434  40.988  -55.243  -18.206 0.4000000060
15066  40.301  -54.104  -17.306 0.4000000060
146139  42.844  -56.783  -20.063 0.3000000119
13797  41.889  -56.155  -20.035 0.3000000119
13798  41.129  -55.717  -20.432 0.3000000119
129995  38.524  -50.838  -16.487 0.4000000060
15068  38.478  -53.097  -17.899 0.4000000060
11719  39.880  -58.769  -24.433 0.2000000030
12412  39.226  -57.783  -23.784 0.2000000030
18012  37.888  -49.776  -16.612 0.4000000060
15766  38.784  -52.673  -17.289 0.4000000060
12434  38.254  -57.567  -25.548 0.2000000030
18819  37.757  -48.878  -16.585 0.4000000060
13829  37.725  -55.493  -24.423 0.3000000119
13128  37.887  -56.317  -24.538 0.2000000030
134447  37.986  -56.753  -26.150 0.2000000030
19614  37.358  -48.122  -17.098 0.4000000060
148178  37.434  -47.158  -17.089 0.4000000060
19621  37.062  -47.663  -17.734 0.4000000060
15120  37.828  -53.277  -25.068 0.3000000119
13853  39.362  -55.403  -27.704 0.2000000030
13844  38.327  -55.105  -26.517 0.2000000030
146633  37.290  -45.687  -17.731 0.4000000060
138199  36.370  -50.080  -20.425 0.4000000060
142143  36.492  -50.700  -21.771 0.2000000030
17320  38.437  -50.410  -25.701 0.2000000030
17321  37.866  -50.193  -25.205 0.2000000030
17310  37.430  -50.434  -24.544 0.2000000030
17304  36.704  -50.896  -23.021 0.2000000030
20462  37.261  -46.418  -17.590 0.3000000119
126435  37.380  -44.808  -18.217 0.2000000030
21310  37.361  -45.317  -18.979 0.3000000119
12337  51.339  -57.475  -16.738 0.1000000015
11023  50.752  -59.034  -16.941 0.1000000015
11655  51.050  -58.094  -17.714 0.1000000015
15681  52.489  -53.126  -11.481 0.1000000015
144405  50.252  -56.925  -17.387 0.1000000015
10407  49.859  -60.501  -18.153 0.1000000015
12351  50.266  -57.376  -17.733 0.1000000015
11043  50.710  -58.960  -17.724 0.1000000015
24818  40.117  -41.230  -19.191 0.1000000015
23901  39.714  -41.762  -19.283 0.1000000015
24829  41.556  -41.369  -19.448 0.1000000015
156211  41.058  -41.527  -19.385 0.1000000015
126252  39.161  -42.391  -19.365 0.1000000015
23900  40.882  -41.908  -19.488 0.1000000015
126564  38.485  -43.139  -19.203 0.1000000015
136248  40.575  -42.458  -19.733 0.1000000015
126251  40.128  -43.241  -20.033 0.1000000015
149822  41.220  -43.808  -20.222 0.2000000030
20483  36.981  -46.553  -19.149 0.2000000030
126247  40.572  -44.306  -20.431 0.2000000030
126474  38.274  -44.528  -19.837 0.2000000030
126249  39.417  -44.903  -20.544 0.2000000030
20467  37.109  -46.167  -18.413 0.2000000030
126501  41.770  -44.566  -20.329 0.2000000030
126250  39.613  -44.538  -20.436 0.2000000030
20481  38.452  -45.132  -20.382 0.2000000030
139429  36.808  -47.169  -19.066 0.2000000030
19638  36.674  -47.691  -19.569 0.2000000030
18851  36.496  -48.416  -20.028 0.2000000030
19678  37.143  -47.131  -21.471 0.1000000015
22171  41.957  -43.823  -20.076 0.2000000030
20482  37.347  -45.790  -19.589 0.2000000030
20505  37.297  -46.247  -20.136 0.2000000030
19662  37.193  -46.700  -20.758 0.1000000015
130789  37.828  -46.023  -20.945 0.1000000015
24817  40.842  -40.973  -19.288 0.1000000015
151552  41.614  -41.952  -19.468 0.1000000015
23912  42.141  -42.328  -19.650 0.1000000015
126230  39.118  -43.865  -20.007 0.2000000030
135926  40.053  -53.056  -27.073 0.2000000030
15127  38.781  -53.262  -26.228 0.2000000030
15126  39.369  -53.546  -26.792 0.2000000030
15138  40.685  -53.425  -27.655 0.2000000030
15847  40.738  -52.578  -27.402 0.2000000030
15838  38.920  -51.734  -26.071 0.2000000030
15848  40.039  -52.147  -26.850 0.2000000030
155721  39.362  -52.126  -26.405 0.2000000030
128505  41.445  -52.205  -27.749 0.2000000030
15825  38.369  -52.075  -25.612 0.2000000030
16573  40.159  -51.332  -26.877 0.1000000015
133948  40.540  -50.724  -27.170 0.2000000030
17330  39.752  -50.651  -26.633 0.2000000030
16575  39.025  -50.960  -26.137 0.2000000030
17344  40.999  -49.965  -27.477 0.1000000015
17345  40.222  -49.944  -26.982 0.1000000015
17331  39.621  -49.888  -26.580 0.1000000015
18132  42.285  -49.293  -28.088 0.1000000015
148022  42.904  -49.010  -28.378 0.1000000015
23054  42.043  -43.240  -19.916 0.1000000015
155110  38.694  -49.716  -25.903 0.1000000015
18134  40.631  -49.179  -27.162 0.1000000015
18123  39.197  -49.410  -26.276 0.1000000015
18133  41.552  -49.074  -27.661 0.1000000015
18952  40.978  -48.370  -27.238 0.1000000015
19757  42.356  -47.745  -28.112 0.1000000015
20604  43.205  -46.536  -29.327 0.1000000015
126244  42.477  -44.355  -20.193 0.1000000015
23070  43.985  -43.266  -20.195 0.1000000015
126491  42.730  -43.723  -20.058 0.1000000015
18922  37.564  -48.796  -24.596 0.1000000015
18115  38.185  -49.645  -25.464 0.1000000015
18122  39.880  -49.239  -26.689 0.1000000015
18933  39.403  -48.515  -26.295 0.1000000015
18951  41.725  -48.100  -27.638 0.1000000015
19768  42.917  -47.291  -28.715 0.1000000015
136475  42.334  -47.033  -28.145 0.1000000015
23051  43.717  -44.034  -20.126 0.1000000015
126411  41.254  -45.056  -20.548 0.1000000015
19733  38.668  -47.436  -25.314 0.1000000015
19719  38.246  -47.200  -24.589 0.1000000015
20588  40.225  -46.253  -26.009 0.1000000015
19732  39.307  -47.311  -25.808 0.1000000015
148767  38.877  -48.023  -25.767 0.1000000015
18921  38.123  -48.143  -25.129 0.1000000015
147409  40.676  -45.640  -26.117 0.1000000015
128074  39.877  -47.703  -26.419 0.1000000015
127270  41.436  -45.036  -27.081 0.1000000015
135045  40.949  -46.159  -26.602 0.1000000015
19758  41.194  -47.565  -27.199 0.1000000015
19746  40.603  -47.035  -26.619 0.1000000015
23159  42.204  -43.547  -27.943 0.1000000015
22288  41.855  -45.146  -27.704 0.1000000015
21415  41.533  -45.838  -27.269 0.1000000015
157147  42.071  -45.846  -27.919 0.1000000015
126242  43.845  -44.813  -20.101 0.1000000015
126646  42.666  -45.067  -20.299 0.1000000015
19720  37.591  -47.868  -24.196 0.1000000015
23987  41.472  -42.912  -26.197 0.1000000015
22271  41.184  -44.572  -26.474 0.1000000015
23160  41.675  -43.229  -27.030 0.1000000015
19709  37.619  -47.277  -23.549 0.1000000015
138674  41.310  -50.814  -27.633 0.1000000015
17343  41.898  -50.058  -27.977 0.1000000015
20595  41.953  -46.515  -27.781 0.1000000015
21425  42.364  -45.382  -28.424 0.1000000015
20566  39.017  -46.649  -25.097 0.1000000015
133987  42.693  -58.598  -32.227 0.1000000015
155461  43.949  -57.961  -32.389 0.1000000015
11166  41.835  -59.200  -31.928 0.1000000015
11168  39.923  -59.526  -32.262 0.1000000015
152219  38.683  -60.829  -31.840 0.1000000015
9935  36.823  -61.918  -32.648 0.1000000015
12511  43.116  -58.600  -31.476 0.1000000015
12510  43.722  -58.173  -31.648 0.1000000015
11167  40.820  -59.320  -32.111 0.1000000015
11160  40.336  -59.810  -31.867 0.1000000015
127612  44.446  -57.825  -31.880 0.1000000015
12499  43.923  -57.371  -31.095 0.1000000015
12501  42.539  -58.304  -30.514 0.1000000015
11150  42.792  -58.884  -31.060 0.1000000015
11804  42.672  -59.040  -31.575 0.1000000015
151748  42.696  -58.145  -33.035 0.1000000015
13184  43.007  -56.623  -30.223 0.1000000015
12500  42.513  -57.226  -30.204 0.1000000015
12522  44.613  -57.707  -32.970 0.1000000015
12508  45.744  -56.872  -31.772 0.1000000015
13884  47.310  -56.015  -32.122 0.1000000015
12534  46.407  -57.123  -33.329 0.1000000015
12521  46.095  -57.106  -32.518 0.1000000015
13195  47.751  -56.296  -32.879 0.1000000015
126881  43.155  -57.858  -30.910 0.1000000015
9939  36.767  -61.923  -33.633 0.1000000015
6087  39.919  -68.495  -9.644 0.1000000015
6101  39.645  -68.224  -10.684 0.1000000015
6598  39.502  -68.362  -9.004 0.1000000015
6607  40.698  -68.061  -9.682 0.1000000015
6616  40.009  -67.775  -10.900 0.1000000015
7161  41.835  -66.641  -7.059 0.1000000015
7180  38.168  -67.443  -10.003 0.1000000015
7195  37.230  -66.457  -12.529 0.1000000015
7708  43.864  -64.427  -5.109 0.1000000015
7726  42.135  -65.416  -5.413 0.1000000015
8314  44.460  -63.867  -4.672 0.1000000015
8423  35.843  -64.564  -13.510 0.1000000015
8450  32.478  -63.350  -15.170 0.1000000015
8919  44.929  -62.858  -3.185 0.1000000015
8929  45.663  -62.292  -4.630 0.1000000015
8935  45.079  -63.156  -5.358 0.1000000015
8948  44.848  -61.850  -5.973 0.1000000015
9043  36.228  -63.584  -12.989 0.1000000015
9178  48.015  -62.491  -27.171 0.2000000030
9181  45.502  -63.348  -27.105 0.1000000015
9199  47.387  -62.726  -28.435 0.2000000030
9216  46.692  -62.362  -29.571 0.1000000015
9617  44.677  -60.927  -6.189 0.1000000015
9729  32.097  -60.742  -16.685 0.1000000015
9744  39.632  -61.444  -18.210 0.1000000015
9763  38.204  -61.849  -18.506 0.1000000015
9768  32.932  -61.243  -18.673 0.1000000015
9933  38.046  -61.023  -32.001 0.1000000015
9934  37.440  -61.409  -32.295 0.1000000015
9938  37.302  -61.295  -33.157 0.1000000015
10282  44.143  -59.986  -6.452 0.1000000015
10308  38.518  -60.704  -8.183 0.1000000015
10309  37.980  -60.126  -8.281 0.1000000015
10419  50.442  -59.436  -21.198 0.2000000030
10433  49.743  -59.765  -23.537 0.2000000030
10442  49.627  -59.739  -24.275 0.2000000030
10452  49.360  -60.131  -25.118 0.1000000015
10454  48.113  -61.236  -24.592 0.2000000030
10469  43.574  -60.548  -26.139 0.1000000015
10471  41.016  -60.311  -26.108 0.1000000015
10480  48.839  -60.423  -26.802 0.1000000015
10481  48.549  -60.936  -27.367 0.2000000030
10482  48.071  -60.445  -27.871 0.2000000030
10489  39.988  -59.953  -27.013 0.2000000030
10501  47.265  -61.171  -28.812 0.1000000015
10915  45.202  -59.438  -5.691 0.1000000015
10943  39.869  -59.884  -7.254 0.1000000015
11012  42.604  -59.224  -16.185 0.1000000015
11045  40.693  -59.968  -17.471 0.1000000015
11067  50.411  -58.835  -20.724 0.2000000030
11073  50.212  -59.354  -22.083 0.2000000030
11085  49.793  -59.286  -23.831 0.2000000030
11086  41.575  -59.264  -24.356 0.1000000015
11091  49.264  -59.524  -25.473 0.1000000015
11096  41.048  -59.642  -24.914 0.1000000015
11098  39.501  -58.982  -25.226 0.2000000030
11108  41.300  -60.066  -25.465 0.1000000015
11126  39.461  -58.927  -27.605 0.3000000119
11628  40.425  -58.108  -16.025 0.1000000015
11642  51.064  -58.394  -16.720 0.1000000015
11656  50.355  -57.683  -18.305 0.2000000030
11658  47.002  -57.720  -17.826 0.3000000119
11671  46.593  -58.268  -19.437 0.4000000060
11674  49.721  -58.470  -21.102 0.2000000030
11691  49.772  -58.833  -23.409 0.2000000030
11698  49.237  -58.487  -23.989 0.2000000030
11700  47.322  -57.975  -24.267 0.1000000015
11705  39.908  -58.194  -23.782 0.2000000030
11706  39.358  -58.278  -24.228 0.2000000030
11713  47.177  -58.327  -25.131 0.1000000015
11714  46.084  -58.329  -24.797 0.1000000015
11732  49.048  -58.995  -25.534 0.1000000015
11752  38.682  -58.226  -26.250 0.2000000030
11765  38.794  -57.968  -26.909 0.2000000030
11803  43.265  -58.160  -32.488 0.1000000015
12237  40.347  -58.381  -6.725 0.1000000015
12338  51.025  -57.405  -17.478 0.1000000015
12353  48.083  -57.541  -17.720 0.3000000119
12370  44.208  -57.492  -19.681 0.2000000030
12387  45.112  -57.489  -22.069 0.1000000015
12388  43.623  -57.042  -21.403 0.1000000015
12393  47.835  -58.016  -22.038 0.1000000015
12410  41.469  -57.329  -23.021 0.1000000015
12422  38.723  -57.918  -24.568 0.2000000030
12509  44.852  -57.132  -31.468 0.1000000015
12520  46.925  -56.695  -32.734 0.1000000015
12937  44.456  -56.176  -7.667 0.1000000015
12968  51.237  -56.383  -9.889 0.1000000015
12991  51.584  -56.402  -12.592 0.1000000015
13009  44.276  -56.385  -13.156 0.1000000015
13012  41.390  -56.423  -13.876 0.1000000015
13045  49.986  -55.826  -16.413 0.2000000030
13055  50.792  -56.727  -17.046 0.2000000030
13060  44.432  -56.273  -16.970 0.3000000119
13071  44.305  -57.077  -18.096 0.3000000119
13089  43.164  -56.893  -20.660 0.3000000119
13091  41.807  -56.030  -20.788 0.2000000030
13098  40.952  -55.771  -21.804 0.1000000015
13104  42.458  -56.549  -22.000 0.1000000015
13107  39.845  -56.108  -22.497 0.2000000030
13114  39.488  -56.683  -23.022 0.2000000030
13140  37.723  -55.843  -25.199 0.2000000030
13150  38.110  -55.946  -26.446 0.2000000030
13167  39.767  -56.731  -28.305 0.3000000119
13181  45.285  -56.372  -31.143 0.2000000030
13190  46.506  -56.595  -32.101 0.1000000015
13617  43.664  -56.079  -7.328 0.1000000015
13629  43.654  -56.587  -7.776 0.1000000015
13640  47.899  -56.611  -7.879 0.1000000015
13662  36.485  -55.909  -11.272 0.1000000015
13668  44.315  -55.982  -10.906 0.1000000015
13674  37.826  -54.864  -11.463 0.1000000015
13684  53.066  -54.668  -13.166 0.2000000030
13685  52.632  -55.336  -12.679 0.1000000015
13730  52.438  -55.141  -14.738 0.2000000030
13739  51.543  -55.859  -15.991 0.2000000030
13740  49.819  -55.098  -15.881 0.2000000030
13774  42.426  -56.062  -18.296 0.3000000119
13775  41.666  -55.701  -18.415 0.4000000060
13776  40.947  -55.449  -18.837 0.4000000060
13788  39.773  -55.190  -19.984 0.4000000060
13805  40.634  -55.591  -21.220 0.3000000119
13806  38.979  -55.065  -21.338 0.4000000060
13812  38.541  -55.520  -22.705 0.3000000119
13813  38.039  -55.007  -22.926 0.3000000119
13854  38.658  -55.701  -27.141 0.2000000030
13857  40.652  -55.571  -28.578 0.3000000119
13866  42.746  -55.457  -29.564 0.2000000030
13869  46.210  -55.180  -31.081 0.2000000030
13870  44.778  -55.153  -30.410 0.2000000030
13871  44.057  -55.722  -30.340 0.2000000030
14344  52.789  -54.523  -11.583 0.1000000015
14345  52.370  -54.969  -10.575 0.1000000015
14351  53.188  -54.172  -12.541 0.2000000030
14384  52.928  -52.939  -14.266 0.2000000030
14385  52.924  -54.389  -14.147 0.2000000030
14386  52.201  -54.522  -15.026 0.2000000030
14393  50.576  -54.796  -15.676 0.3000000119
14396  46.445  -54.007  -15.258 0.4000000060
14398  43.962  -54.300  -15.749 0.4000000060
14399  43.086  -54.201  -15.975 0.4000000060
14408  45.286  -55.149  -15.945 0.4000000060
14412  41.851  -54.606  -16.780 0.5000000000
14424  40.641  -54.738  -17.753 0.3000000119
14437  38.698  -54.079  -18.982 0.4000000060
14447  39.684  -54.934  -19.354 0.5000000000
14448  39.197  -54.772  -19.949 0.5000000000
14473  37.632  -54.550  -24.285 0.3000000119
14495  38.959  -54.841  -27.126 0.3000000119
14513  42.987  -54.679  -29.354 0.3000000119
14517  47.447  -54.544  -31.552 0.2000000030
14518  46.563  -54.508  -31.070 0.2000000030
14983  50.106  -54.148  -9.639 0.1000000015
14992  51.677  -53.400  -10.770 0.2000000030
14994  53.055  -53.802  -11.931 0.1000000015
15024  53.238  -53.136  -13.749 0.2000000030
15040  41.029  -53.191  -16.250 0.4000000060
15053  39.544  -52.996  -16.978 0.4000000060
15067  39.633  -53.693  -17.481 0.4000000060
15082  37.901  -53.747  -20.326 0.5000000000
15083  37.228  -52.824  -19.714 0.4000000060
15119  38.169  -53.719  -25.751 0.3000000119
15137  41.723  -53.439  -28.255 0.3000000119
15139  39.892  -53.815  -27.384 0.2000000030
15156  45.148  -53.676  -30.206 0.2000000030
15670  49.521  -53.302  -10.482 0.2000000030
15680  52.796  -53.610  -11.457 0.1000000015
15686  46.018  -51.620  -11.732 0.1000000015
15689  43.699  -51.840  -11.481 0.1000000015
15692  53.084  -52.972  -12.331 0.1000000015
15694  51.749  -51.763  -12.084 0.4000000060
15709  53.207  -52.678  -13.405 0.2000000030
15710  52.983  -52.062  -13.945 0.2000000030
15723  52.350  -51.799  -14.961 0.2000000030
15724  51.301  -51.991  -15.274 0.3000000119
15741  42.233  -52.650  -15.589 0.5000000000
15742  41.385  -52.559  -15.800 0.5000000000
15743  40.905  -51.846  -15.714 0.5000000000
15755  40.621  -52.499  -16.094 0.4000000060
15757  38.444  -51.962  -17.053 0.4000000060
15767  38.120  -52.395  -17.659 0.4000000060
15775  37.856  -52.752  -18.319 0.4000000060
15785  37.046  -52.312  -19.300 0.4000000060
15826  37.878  -52.439  -25.069 0.3000000119
15837  39.419  -52.773  -26.561 0.2000000030
15846  41.312  -52.960  -27.830 0.2000000030
15857  43.136  -52.775  -28.821 0.3000000119
15886  47.482  -53.146  -31.839 0.1000000015
15887  46.770  -52.541  -31.500 0.1000000015
15895  47.180  -52.409  -32.293 0.1000000015
16410  46.939  -51.340  -11.906 0.2000000030
16419  52.490  -51.410  -12.900 0.4000000060
16422  49.774  -49.650  -12.347 0.3000000119
16450  52.239  -50.873  -14.974 0.3000000119
16453  49.797  -50.990  -15.515 0.3000000119
16466  49.501  -50.098  -15.705 0.3000000119
16470  41.219  -51.130  -15.505 0.5000000000
16484  38.823  -51.461  -16.531 0.4000000060
16498  37.819  -51.672  -17.463 0.4000000060
16526  36.486  -51.209  -21.297 0.3000000119
16529  36.613  -51.339  -22.178 0.2000000030
16559  38.407  -51.283  -25.656 0.2000000030
16560  37.879  -50.870  -25.197 0.2000000030
16574  39.550  -51.494  -26.489 0.2000000030
16584  41.559  -51.507  -27.782 0.1000000015
16601  45.040  -52.346  -30.052 0.1000000015
16614  45.558  -51.410  -30.720 0.1000000015
17177  48.657  -49.949  -12.160 0.2000000030
17191  51.638  -49.850  -13.292 0.3000000119
17202  52.055  -50.026  -14.575 0.3000000119
17204  50.516  -48.619  -13.683 0.4000000060
17235  50.938  -49.266  -15.857 0.3000000119
17254  38.523  -50.192  -16.312 0.4000000060
17282  36.682  -50.744  -18.929 0.4000000060
17332  39.105  -50.176  -26.230 0.1000000015
17393  45.718  -50.393  -32.598 0.1000000015
17958  49.599  -48.431  -13.222 0.3000000119
17960  47.624  -48.595  -12.698 0.4000000060
17962  45.568  -48.920  -12.262 0.3000000119
17980  50.062  -48.081  -15.529 0.4000000060
18004  39.679  -49.346  -15.647 0.4000000060
18016  37.533  -50.158  -17.032 0.4000000060
18028  36.777  -50.045  -18.370 0.4000000060
18095  37.212  -49.545  -24.158 0.1000000015
18142  42.698  -49.800  -28.400 0.1000000015
18149  44.329  -49.240  -29.757 0.1000000015
18743  43.547  -48.800  -12.085 0.5000000000
18790  49.379  -47.699  -15.863 0.4000000060
18795  42.920  -48.363  -15.879 0.4000000060
18812  48.714  -47.954  -16.447 0.4000000060
18815  46.098  -47.592  -17.095 0.5000000000
18816  45.177  -47.750  -16.886 0.5000000000
18827  37.223  -48.818  -17.255 0.4000000060
18837  36.966  -48.378  -17.837 0.4000000060
18838  36.690  -48.696  -18.589 0.4000000060
18883  36.661  -48.629  -22.056 0.2000000030
18897  37.190  -47.946  -23.305 0.2000000030
18934  38.604  -48.920  -25.757 0.1000000015
18935  37.980  -49.013  -25.205 0.2000000030
18943  40.227  -48.476  -26.779 0.1000000015
18950  42.316  -48.566  -28.041 0.1000000015
18962  43.481  -48.727  -28.841 0.1000000015
19477  36.833  -47.302  -1.769 0.1000000015
19484  35.765  -47.746  -3.999 0.1000000015
19513  35.620  -46.993  -8.037 0.1000000015
19550  40.864  -47.771  -11.555 0.4000000060
19551  39.395  -46.771  -11.463 0.3000000119
19559  46.330  -47.882  -12.770 0.3000000119
19561  43.949  -47.187  -12.289 0.5000000000
19568  48.340  -47.538  -14.193 0.4000000060
19577  48.930  -47.418  -15.011 0.4000000060
19637  36.898  -46.969  -19.879 0.2000000030
19747  39.905  -46.971  -26.127 0.1000000015
20321  38.540  -46.179  -0.317 0.1000000015
20334  35.426  -46.268  -4.813 0.1000000015
20383  42.853  -47.068  -11.894 0.5000000000
20416  47.211  -46.694  -15.413 0.5000000000
20461  45.726  -46.906  -17.316 0.5000000000
20575  39.623  -46.630  -25.666 0.1000000015
20596  41.369  -46.744  -27.176 0.1000000015
20605  42.532  -46.326  -28.499 0.1000000015
21142  36.262  -45.332  -2.337 0.1000000015
21143  35.876  -45.355  -2.861 0.1000000015
21249  42.887  -45.117  -14.028 0.5000000000
21406  41.111  -45.379  -26.563 0.1000000015
21407  40.333  -45.486  -25.508 0.1000000015
21994  36.573  -44.633  -2.125 0.1000000015
22047  35.640  -44.456  -8.926 0.2000000030
22278  42.204  -44.529  -28.175 0.1000000015
22279  41.614  -44.235  -27.293 0.1000000015
23149  41.283  -43.693  -26.366 0.1000000015
23772  38.024  -42.252  -2.212 0.1000000015
23799  35.575  -42.350  -5.619 0.1000000015
25655  37.344  -40.389  -4.576 0.1000000015
25678  35.668  -41.212  -6.968 0.1000000015
26600  37.285  -39.096  -6.499 0.1000000015
26612  37.090  -38.758  -8.043 0.1000000015
27683  39.179  -38.596  -17.407 0.2000000030
28575  39.437  -37.539  -16.629 0.1000000015
126225  44.844  -47.226  -17.036 0.5000000000
126228  45.281  -46.948  -17.271 0.5000000000
126246  40.449  -45.115  -20.654 0.2000000030
126570  43.172  -44.562  -20.173 0.1000000015
126757  42.356  -55.909  -9.169 0.1000000015
126931  38.484  -55.953  -23.154 0.3000000119
127919  52.490  -52.756  -14.639 0.2000000030
128813  45.569  -57.443  -33.156 0.1000000015
129157  42.126  -58.809  -32.215 0.1000000015
129327  41.112  -53.912  -28.136 0.4000000060
129429  35.648  -44.329  -3.862 0.1000000015
129667  39.897  -52.402  -16.397 0.4000000060
129835  37.362  -53.199  -23.702 0.3000000119
129902  52.637  -53.726  -14.590 0.2000000030
130330  41.831  -47.284  -27.678 0.1000000015
130543  45.226  -46.478  -13.792 0.4000000060
130547  38.556  -60.431  -32.291 0.1000000015
130699  43.896  -56.392  -8.906 0.1000000015
131222  42.511  -47.637  -11.810 0.4000000060
132314  43.691  -57.130  -22.591 0.1000000015
132856  48.309  -58.103  -24.161 0.1000000015
133072  44.737  -49.167  -12.157 0.3000000119
133288  36.632  -50.104  -22.888 0.2000000030
133604  39.143  -57.196  -23.415 0.2000000030
134183  43.375  -51.080  -15.178 0.5000000000
134817  35.516  -47.025  -5.104 0.1000000015
135011  40.676  -53.732  -16.740 0.4000000060
135173  43.885  -49.196  -29.156 0.1000000015
135262  42.454  -56.487  -19.837 0.3000000119
135603  39.736  -59.583  -26.439 0.2000000030
135705  46.552  -46.435  -15.604 0.5000000000
136676  39.072  -58.644  -26.906 0.2000000030
136680  48.564  -50.184  -15.487 0.5000000000
136773  42.179  -51.858  -28.148 0.3000000119
137119  44.412  -52.506  -15.091 0.4000000060
137180  43.084  -52.784  -15.419 0.5000000000
137408  44.154  -56.594  -17.543 0.3000000119
137768  45.911  -46.292  -15.297 0.5000000000
138324  36.474  -49.098  -19.382 0.4000000060
139084  36.398  -49.605  -21.088 0.3000000119
139280  40.827  -51.618  -27.353 0.2000000030
139483  48.511  -61.558  -20.936 0.1000000015
139566  36.588  -40.932  -4.686 0.1000000015
139731  43.990  -50.390  -12.052 0.1000000015
140023  44.219  -61.755  -6.264 0.1000000015
140253  36.482  -49.995  -21.850 0.2000000030
140480  45.753  -52.285  -30.557 0.1000000015
140708  49.019  -60.765  -25.806 0.1000000015
140805  42.121  -57.388  -14.823 0.1000000015
141810  45.257  -57.477  -32.221 0.1000000015
141889  42.662  -66.023  -7.668 0.1000000015
142145  42.630  -59.875  -16.683 0.1000000015
142216  46.408  -52.598  -30.970 0.1000000015
142387  43.358  -52.418  -10.781 0.1000000015
142664  51.757  -55.351  -9.661 0.1000000015
143113  36.381  -49.258  -20.297 0.4000000060
143883  38.790  -67.225  -8.121 0.1000000015
144271  51.787  -54.249  -10.114 0.1000000015
144602  40.489  -58.569  -23.941 0.2000000030
144628  42.937  -51.935  -28.618 0.3000000119
145021  43.307  -57.370  -23.074 0.1000000015
145307  45.499  -55.542  -30.865 0.2000000030
145452  49.071  -52.481  -11.201 0.2000000030
146606  42.437  -46.472  -15.883 0.5000000000
146616  44.188  -46.696  -16.480 0.5000000000
146813  43.512  -50.116  -15.390 0.5000000000
146866  37.089  -52.831  -22.804 0.2000000030
146931  44.887  -52.998  -29.953 0.1000000015
147462  37.336  -51.427  -17.901 0.4000000060
147866  35.380  -45.386  -6.330 0.1000000015
148397  40.581  -47.832  -26.856 0.1000000015
148462  39.677  -68.431  -10.204 0.1000000015
148585  42.273  -53.725  -28.614 0.3000000119
148982  40.686  -55.574  -12.815 0.1000000015
149300  38.211  -56.693  -23.997 0.2000000030
149570  40.594  -45.608  -11.718 0.4000000060
150036  40.951  -61.275  -17.924 0.1000000015
150621  38.840  -52.473  -26.101 0.2000000030
151498  39.549  -58.342  -6.736 0.1000000015
151778  49.671  -51.795  -11.661 0.2000000030
151954  47.745  -47.613  -16.765 0.5000000000
152122  52.726  -51.417  -13.810 0.2000000030
152163  37.505  -51.956  -24.495 0.2000000030
152745  37.813  -56.132  -25.818 0.2000000030
154367  36.249  -58.728  -10.419 0.1000000015
154408  44.874  -62.663  -5.949 0.1000000015
155187  42.209  -66.528  -8.998 0.1000000015
155263  37.030  -61.974  -11.280 0.1000000015
155358  39.344  -47.881  -26.104 0.1000000015
155366  40.037  -49.367  -11.375 0.2000000030
156136  37.862  -47.276  -24.064 0.1000000015
156393  38.019  -54.299  -21.872 0.4000000060
156689  48.061  -59.902  -27.225 0.1000000015
157004  37.572  -53.279  -19.770 0.4000000060
157167  49.283  -55.929  -16.369 0.5000000000
157483  36.550  -50.016  -22.390 0.2000000030
157518  50.355  -56.256  -16.817 0.2000000030
157649  46.543  -54.709  -15.575 0.4000000060
