#!ascii label  , from subject NIHPD_75_135 vox2ras=TkReg
345
20394  42.782  -46.367  -12.183 0.0000000000
13752  44.832  -55.752  -16.418 0.0000000000
16409  47.886  -51.526  -11.800 0.0000000000
18792  46.722  -48.215  -16.690 0.0000000000
156461  52.551  -54.427  -14.660 0.0000000000
15693  52.564  -52.302  -12.243 0.0000000000
12978  51.620  -56.215  -11.254 0.0000000000
139431  46.083  -51.956  -14.865 0.0000000000
18796  42.048  -48.847  -15.647 0.0000000000
18757  45.651  -48.104  -12.483 0.0000000000
18763  49.077  -47.881  -13.906 0.0000000000
16465  50.587  -50.046  -15.829 0.0000000000
14394  48.779  -54.643  -15.509 0.0000000000
11655  51.050  -58.094  -17.714 0.0000000000
20386  40.310  -46.181  -11.608 0.0000000000
147568  42.357  -49.037  -11.896 0.0000000000
15688  44.433  -51.869  -11.541 0.0000000000
126410  43.033  -46.191  -15.861 0.0000000000
150269  51.355  -55.935  -9.424 0.0000000000
142864  45.513  -53.654  -15.173 0.0000000000
141950  43.625  -52.133  -15.214 0.0000000000
17179  46.898  -50.203  -12.105 0.0000000000
17193  49.135  -49.075  -12.534 0.0000000000
15721  53.077  -52.562  -14.011 0.0000000000
16434  52.473  -50.871  -14.371 0.0000000000
152262  51.934  -52.617  -15.009 0.0000000000
15735  49.261  -52.896  -15.126 0.0000000000
15034  50.836  -54.068  -15.319 0.0000000000
12352  49.247  -57.346  -17.796 0.0000000000
16415  41.668  -50.825  -11.508 0.0000000000
16413  43.402  -51.082  -11.828 0.0000000000
16400  42.887  -51.796  -11.329 0.0000000000
20454  46.150  -46.625  -17.037 0.0000000000
133107  44.781  -46.896  -16.921 0.0000000000
18798  40.145  -48.755  -15.565 0.0000000000
126471  40.834  -47.288  -15.744 0.0000000000
144654  48.538  -53.226  -10.534 0.0000000000
156831  50.286  -52.027  -11.607 0.0000000000
14982  51.077  -54.181  -9.848 0.0000000000
14980  52.637  -54.229  -11.010 0.0000000000
13005  52.230  -55.976  -13.226 0.0000000000
17239  46.650  -49.909  -15.471 0.0000000000
18794  44.653  -48.550  -16.201 0.0000000000
17241  44.429  -50.379  -15.282 0.0000000000
17243  41.783  -50.492  -15.413 0.0000000000
13064  44.834  -56.901  -17.418 0.0000000000
19560  44.842  -47.498  -12.521 0.0000000000
19579  47.221  -46.939  -14.569 0.0000000000
18813  48.061  -47.384  -16.578 0.0000000000
17192  50.720  -49.292  -12.957 0.0000000000
17994  50.239  -48.620  -15.956 0.0000000000
17996  48.472  -48.634  -16.365 0.0000000000
131703  47.765  -50.784  -15.075 0.0000000000
152956  47.258  -53.271  -14.967 0.0000000000
13742  47.042  -55.291  -15.803 0.0000000000
13044  51.450  -56.679  -16.499 0.0000000000
13056  49.600  -56.377  -16.829 0.0000000000
13057  48.419  -56.535  -16.689 0.0000000000
13058  46.303  -56.570  -16.705 0.0000000000
21213  40.779  -45.141  -11.879 0.0000000000
20395  41.896  -46.020  -11.929 0.0000000000
18745  41.424  -48.051  -11.625 0.0000000000
19548  43.356  -47.625  -11.966 0.0000000000
142273  44.155  -48.646  -12.110 0.0000000000
144788  45.491  -50.885  -11.973 0.0000000000
152641  46.512  -52.197  -11.493 0.0000000000
14987  45.074  -53.227  -10.131 0.0000000000
14985  47.022  -53.677  -9.804 0.0000000000
126483  42.929  -47.592  -16.093 0.0000000000
21225  42.384  -45.512  -12.533 0.0000000000
22118  42.053  -44.798  -12.960 0.0000000000
21224  43.143  -45.823  -12.849 0.0000000000
14397  44.888  -54.392  -15.590 0.0000000000
15037  44.441  -53.482  -15.317 0.0000000000
143207  47.765  -50.604  -12.050 0.0000000000
17178  47.748  -49.812  -12.195 0.0000000000
155302  48.498  -50.889  -11.992 0.0000000000
149907  53.078  -53.579  -14.108 0.0000000000
15722  52.802  -52.222  -14.393 0.0000000000
15025  51.889  -53.659  -14.988 0.0000000000
15026  51.082  -53.084  -15.198 0.0000000000
14392  51.458  -54.886  -15.480 0.0000000000
142552  50.574  -59.158  -18.950 0.0000000000
16401  42.018  -51.657  -11.150 0.0000000000
19610  46.296  -47.081  -17.309 0.0000000000
126512  45.359  -46.702  -17.098 0.0000000000
19611  45.577  -47.149  -17.303 0.0000000000
147451  39.759  -48.154  -15.643 0.0000000000
15669  50.566  -53.355  -10.579 0.0000000000
14346  50.616  -54.830  -9.064 0.0000000000
13652  51.892  -55.736  -10.250 0.0000000000
14981  52.145  -54.632  -10.143 0.0000000000
13666  52.421  -55.361  -11.474 0.0000000000
13665  52.867  -54.796  -12.269 0.0000000000
12990  52.126  -55.862  -12.228 0.0000000000
16468  46.050  -51.009  -15.013 0.0000000000
17240  45.568  -50.140  -15.350 0.0000000000
148647  45.115  -51.017  -15.053 0.0000000000
133436  42.353  -51.126  -15.306 0.0000000000
154417  41.782  -51.135  -15.400 0.0000000000
140281  40.847  -50.347  -15.514 0.0000000000
19571  45.142  -46.831  -13.137 0.0000000000
132498  45.753  -47.420  -12.933 0.0000000000
19593  47.755  -46.919  -16.159 0.0000000000
19592  48.575  -47.349  -15.970 0.0000000000
16407  50.630  -51.354  -11.947 0.0000000000
16421  50.683  -50.200  -12.361 0.0000000000
16420  51.674  -50.764  -12.595 0.0000000000
16451  51.624  -50.155  -15.576 0.0000000000
17221  51.455  -49.395  -15.214 0.0000000000
17236  50.074  -49.224  -16.003 0.0000000000
17995  49.470  -48.562  -16.216 0.0000000000
17237  49.051  -49.355  -15.977 0.0000000000
17238  47.839  -49.726  -15.611 0.0000000000
16454  48.705  -50.970  -15.199 0.0000000000
147539  49.196  -53.840  -15.241 0.0000000000
15736  48.260  -52.752  -14.941 0.0000000000
15036  48.312  -53.676  -15.147 0.0000000000
14395  47.444  -54.437  -15.428 0.0000000000
13741  48.065  -55.347  -15.798 0.0000000000
130564  48.411  -62.332  -16.651 0.0000000000
10385  50.026  -60.268  -17.262 0.0000000000
11024  50.084  -60.135  -16.379 0.0000000000
11023  50.752  -59.034  -16.941 0.0000000000
12337  51.339  -57.475  -16.738 0.0000000000
143212  50.896  -56.141  -16.597 0.0000000000
144405  50.252  -56.925  -17.387 0.0000000000
11657  49.126  -57.627  -18.363 0.0000000000
12340  48.216  -57.086  -17.172 0.0000000000
127474  47.354  -56.592  -16.645 0.0000000000
12341  47.106  -57.187  -17.190 0.0000000000
21214  39.449  -45.063  -11.623 0.0000000000
136750  40.151  -45.407  -11.685 0.0000000000
21212  41.078  -45.774  -11.781 0.0000000000
17949  41.617  -49.203  -11.721 0.0000000000
142191  41.148  -48.540  -11.609 0.0000000000
140320  41.960  -48.347  -11.768 0.0000000000
19549  41.696  -47.563  -11.670 0.0000000000
18744  42.925  -48.424  -11.954 0.0000000000
147962  43.646  -48.268  -12.026 0.0000000000
17948  43.025  -49.298  -12.079 0.0000000000
150247  44.168  -51.195  -11.875 0.0000000000
16412  44.726  -50.572  -12.019 0.0000000000
156713  44.801  -51.272  -11.849 0.0000000000
15687  45.202  -51.826  -11.613 0.0000000000
14341  44.842  -54.329  -8.168 0.0000000000
14973  45.463  -53.887  -9.048 0.0000000000
14986  46.054  -53.458  -10.006 0.0000000000
144740  43.737  -48.548  -15.993 0.0000000000
126223  43.533  -47.876  -16.242 0.0000000000
126224  42.264  -48.020  -15.919 0.0000000000
15738  45.783  -52.738  -14.890 0.0000000000
137895  45.247  -51.971  -14.893 0.0000000000
17947  46.273  -49.497  -12.200 0.0000000000
17961  46.538  -48.601  -12.489 0.0000000000
17946  47.216  -49.300  -12.334 0.0000000000
17959  48.620  -48.509  -12.902 0.0000000000
16418  52.991  -52.095  -13.144 0.0000000000
17190  52.324  -50.629  -13.616 0.0000000000
144684  52.626  -51.535  -14.454 0.0000000000
141155  51.837  -51.079  -15.374 0.0000000000
16452  50.962  -50.979  -15.547 0.0000000000
15725  50.078  -51.901  -15.278 0.0000000000
15027  50.324  -52.674  -15.228 0.0000000000
15035  50.043  -53.496  -15.251 0.0000000000
129658  49.840  -54.351  -15.433 0.0000000000
12351  50.266  -57.376  -17.733 0.0000000000
11060  50.718  -58.347  -18.671 0.0000000000
141544  49.936  -57.860  -18.807 0.0000000000
17183  42.224  -49.939  -11.873 0.0000000000
17182  43.178  -50.186  -12.046 0.0000000000
16414  42.546  -50.944  -11.713 0.0000000000
154913  44.039  -52.379  -11.063 0.0000000000
126229  44.748  -46.513  -16.593 0.0000000000
126418  43.424  -46.642  -16.139 0.0000000000
18797  41.026  -48.810  -15.591 0.0000000000
126227  41.455  -48.052  -15.773 0.0000000000
126231  40.520  -48.088  -15.646 0.0000000000
19594  39.831  -47.478  -15.690 0.0000000000
15684  48.165  -52.411  -11.325 0.0000000000
143784  48.767  -51.639  -11.717 0.0000000000
15683  49.983  -52.548  -11.191 0.0000000000
15682  50.987  -52.433  -11.428 0.0000000000
143936  51.949  -52.594  -11.583 0.0000000000
14991  52.343  -53.896  -10.767 0.0000000000
15681  52.489  -53.126  -11.481 0.0000000000
15014  53.323  -53.419  -12.913 0.0000000000
14373  53.274  -53.881  -13.474 0.0000000000
17998  46.168  -49.141  -15.901 0.0000000000
18793  45.653  -48.417  -16.415 0.0000000000
17999  45.080  -49.342  -15.733 0.0000000000
145946  44.065  -49.383  -15.644 0.0000000000
18000  43.020  -49.340  -15.605 0.0000000000
16469  44.358  -51.528  -15.080 0.0000000000
17242  42.701  -50.323  -15.369 0.0000000000
18001  42.194  -49.728  -15.485 0.0000000000
18002  41.409  -49.618  -15.496 0.0000000000
18003  40.511  -49.507  -15.534 0.0000000000
13059  45.299  -56.460  -16.803 0.0000000000
20393  43.576  -46.509  -12.547 0.0000000000
20406  43.854  -46.109  -13.175 0.0000000000
20392  44.340  -46.721  -12.819 0.0000000000
19609  47.174  -47.063  -16.932 0.0000000000
18814  46.996  -47.518  -17.048 0.0000000000
17970  50.060  -48.086  -14.374 0.0000000000
17203  51.364  -49.152  -14.160 0.0000000000
17969  50.838  -48.600  -15.111 0.0000000000
18776  49.600  -47.726  -14.948 0.0000000000
132336  49.630  -48.202  -16.111 0.0000000000
18791  47.761  -48.062  -16.824 0.0000000000
17997  47.323  -48.906  -16.225 0.0000000000
149927  47.007  -50.574  -15.155 0.0000000000
16467  46.846  -51.461  -14.878 0.0000000000
15726  48.941  -51.901  -15.080 0.0000000000
131631  47.746  -51.940  -14.842 0.0000000000
15737  46.632  -52.472  -14.817 0.0000000000
139803  46.296  -53.277  -14.950 0.0000000000
134914  45.788  -54.545  -15.541 0.0000000000
13743  46.148  -55.245  -15.880 0.0000000000
145833  52.218  -56.030  -14.317 0.0000000000
10371  49.469  -61.012  -16.313 0.0000000000
13043  51.702  -56.572  -15.774 0.0000000000
157172  51.991  -55.285  -15.398 0.0000000000
143183  50.784  -55.473  -16.082 0.0000000000
145227  49.061  -55.508  -15.986 0.0000000000
12339  49.301  -56.929  -17.305 0.0000000000
13046  48.641  -55.978  -16.264 0.0000000000
13749  47.658  -55.999  -16.157 0.0000000000
13750  46.663  -55.936  -16.208 0.0000000000
13751  45.728  -55.849  -16.303 0.0000000000
12354  45.921  -57.243  -17.372 0.0000000000
22120  40.187  -43.956  -12.500 0.0000000000
22100  40.182  -44.683  -11.931 0.0000000000
22119  40.892  -44.542  -12.357 0.0000000000
21226  41.549  -45.124  -12.250 0.0000000000
17951  40.249  -48.569  -11.485 0.0000000000
140889  40.237  -47.132  -11.535 0.0000000000
20385  41.187  -46.748  -11.647 0.0000000000
20384  42.181  -46.871  -11.756 0.0000000000
19562  43.318  -46.942  -12.121 0.0000000000
138113  44.150  -47.921  -12.116 0.0000000000
18742  44.851  -48.374  -12.259 0.0000000000
17181  43.898  -49.458  -12.108 0.0000000000
146705  44.550  -49.867  -12.104 0.0000000000
17180  45.349  -49.853  -12.108 0.0000000000
16411  46.060  -50.224  -12.062 0.0000000000
147668  46.278  -50.846  -12.001 0.0000000000
15685  47.276  -52.302  -11.454 0.0000000000
15673  45.735  -52.620  -11.066 0.0000000000
15672  46.676  -52.937  -10.813 0.0000000000
15671  47.588  -53.122  -10.673 0.0000000000
127979  44.297  -47.814  -16.534 0.0000000000
126416  43.860  -47.190  -16.554 0.0000000000
146627  42.949  -47.022  -16.132 0.0000000000
126226  42.022  -47.249  -15.927 0.0000000000
9738  49.164  -61.394  -16.859 0.0000000000
11642  51.064  -58.394  -16.720 0.0000000000
11656  50.355  -57.683  -18.305 0.0000000000
11658  47.002  -57.720  -17.826 0.0000000000
12318  51.479  -57.450  -15.776 0.0000000000
12338  51.025  -57.405  -17.478 0.0000000000
12353  48.083  -57.541  -17.720 0.0000000000
12968  51.237  -56.383  -9.889 0.0000000000
12991  51.584  -56.402  -12.592 0.0000000000
13045  49.986  -55.826  -16.413 0.0000000000
13055  50.792  -56.727  -17.046 0.0000000000
13684  53.066  -54.668  -13.166 0.0000000000
13685  52.632  -55.336  -12.679 0.0000000000
13730  52.438  -55.141  -14.738 0.0000000000
13739  51.543  -55.859  -15.991 0.0000000000
13740  49.819  -55.098  -15.881 0.0000000000
14344  52.789  -54.523  -11.583 0.0000000000
14345  52.370  -54.969  -10.575 0.0000000000
14351  53.188  -54.172  -12.541 0.0000000000
14384  52.928  -52.939  -14.266 0.0000000000
14386  52.201  -54.522  -15.026 0.0000000000
14393  50.576  -54.796  -15.676 0.0000000000
14396  46.445  -54.007  -15.258 0.0000000000
14408  45.286  -55.149  -15.945 0.0000000000
14983  50.106  -54.148  -9.639 0.0000000000
14992  51.677  -53.400  -10.770 0.0000000000
14994  53.055  -53.802  -11.931 0.0000000000
15024  53.238  -53.136  -13.749 0.0000000000
15670  49.521  -53.302  -10.482 0.0000000000
15674  44.742  -52.527  -10.986 0.0000000000
15680  52.796  -53.610  -11.457 0.0000000000
15686  46.018  -51.620  -11.732 0.0000000000
15689  43.699  -51.840  -11.481 0.0000000000
15692  53.084  -52.972  -12.331 0.0000000000
15694  51.749  -51.763  -12.084 0.0000000000
15709  53.207  -52.678  -13.405 0.0000000000
15710  52.983  -52.062  -13.945 0.0000000000
15723  52.350  -51.799  -14.961 0.0000000000
15724  51.301  -51.991  -15.274 0.0000000000
16410  46.939  -51.340  -11.906 0.0000000000
16419  52.490  -51.410  -12.900 0.0000000000
16450  52.239  -50.873  -14.974 0.0000000000
16453  49.797  -50.990  -15.515 0.0000000000
16466  49.501  -50.098  -15.705 0.0000000000
17177  48.657  -49.949  -12.160 0.0000000000
17191  51.638  -49.850  -13.292 0.0000000000
17194  48.180  -49.172  -12.390 0.0000000000
17202  52.055  -50.026  -14.575 0.0000000000
17204  50.516  -48.619  -13.683 0.0000000000
17235  50.938  -49.266  -15.857 0.0000000000
17958  49.599  -48.431  -13.222 0.0000000000
17962  45.568  -48.920  -12.262 0.0000000000
17980  50.062  -48.081  -15.529 0.0000000000
18743  43.547  -48.800  -12.085 0.0000000000
18790  49.379  -47.699  -15.863 0.0000000000
18795  42.920  -48.363  -15.879 0.0000000000
18812  48.714  -47.954  -16.447 0.0000000000
18815  46.098  -47.592  -17.095 0.0000000000
18816  45.177  -47.750  -16.886 0.0000000000
19550  40.864  -47.771  -11.555 0.0000000000
19559  46.330  -47.882  -12.770 0.0000000000
19561  43.949  -47.187  -12.289 0.0000000000
19577  48.930  -47.418  -15.011 0.0000000000
20383  42.853  -47.068  -11.894 0.0000000000
20416  47.211  -46.694  -15.413 0.0000000000
20461  45.726  -46.906  -17.316 0.0000000000
126225  44.844  -47.226  -17.036 0.0000000000
126228  45.281  -46.948  -17.271 0.0000000000
127919  52.490  -52.756  -14.639 0.0000000000
129902  52.637  -53.726  -14.590 0.0000000000
131222  42.511  -47.637  -11.810 0.0000000000
133072  44.737  -49.167  -12.157 0.0000000000
133656  41.796  -51.771  -15.499 0.0000000000
134183  43.375  -51.080  -15.178 0.0000000000
136680  48.564  -50.184  -15.487 0.0000000000
139731  43.990  -50.390  -12.052 0.0000000000
142387  43.358  -52.418  -10.781 0.0000000000
142664  51.757  -55.351  -9.661 0.0000000000
145452  49.071  -52.481  -11.201 0.0000000000
146616  44.188  -46.696  -16.480 0.0000000000
146813  43.512  -50.116  -15.390 0.0000000000
149212  50.905  -56.745  -12.031 0.0000000000
149570  40.594  -45.608  -11.718 0.0000000000
150113  48.659  -61.982  -16.216 0.0000000000
151778  49.671  -51.795  -11.661 0.0000000000
151954  47.745  -47.613  -16.765 0.0000000000
152122  52.726  -51.417  -13.810 0.0000000000
157167  49.283  -55.929  -16.369 0.0000000000
157518  50.355  -56.256  -16.817 0.0000000000
157649  46.543  -54.709  -15.575 0.0000000000
