#!ascii label  , from subject NIHPD_75_135 vox2ras=TkReg
725
53529  22.050  -12.964  -39.077 0.1428571492
145738  20.865  -13.657  -38.795 0.1428571492
132524  21.438  -12.403  -40.361 0.1428571492
53528  22.716  -12.847  -38.769 0.1428571492
148209  22.031  -12.359  -40.074 0.2857142985
53539  21.542  -12.820  -39.685 0.1428571492
54634  23.334  -12.249  -39.117 0.1428571492
55751  22.386  -11.282  -41.421 0.5714285970
54645  23.713  -11.473  -39.772 0.1428571492
55749  24.505  -10.494  -40.457 0.2857142985
56862  25.489  -9.578  -40.884 0.1428571492
55748  25.227  -10.191  -40.383 0.2857142985
59063  25.892  -7.725  -43.216 0.2857142985
57924  26.052  -8.066  -42.450 0.1428571492
57925  25.397  -8.573  -42.332 0.2857142985
60200  27.072  -6.022  -44.748 0.2857142985
60181  27.165  -6.837  -43.422 0.2857142985
61377  27.403  -5.459  -45.274 0.2857142985
61378  26.696  -5.915  -45.583 0.2857142985
62490  27.791  -4.308  -46.996 0.2857142985
64557  28.354  -2.915  -49.609 0.8571428657
63497  28.021  -3.625  -48.307 0.4285714328
131883  27.936  -4.439  -46.245 0.2857142985
66633  29.611  -1.152  -50.846 0.7142857313
65609  29.244  -1.748  -50.383 0.7142857313
65595  28.822  -2.350  -49.976 0.7142857313
63511  27.903  -3.502  -49.207 0.7142857313
67799  30.362  -0.365  -51.811 0.8571428657
66645  30.014  -0.710  -51.301 0.5714285970
66646  29.343  -0.784  -51.489 0.8571428657
68858  30.570  0.053  -53.131 0.4285714328
67822  30.078  -0.184  -52.487 0.7142857313
145634  29.860  -0.400  -51.821 0.8571428657
69921  31.370  1.582  -55.467 0.2857142985
69922  30.727  2.141  -54.669 0.5714285970
68859  30.039  0.316  -53.104 0.8571428657
68877  30.557  0.455  -53.749 0.7142857313
67823  29.620  0.340  -52.382 0.8571428657
69931  31.721  2.291  -56.251 0.1428571492
71025  31.052  2.804  -55.517 0.4285714328
125373  30.381  2.097  -53.848 0.5714285970
69895  30.077  1.373  -53.405 0.8571428657
72205  31.285  4.272  -57.292 0.1428571492
71042  32.036  2.705  -57.174 0.1428571492
71034  31.345  3.289  -56.310 0.1428571492
70999  30.052  2.684  -53.213 0.8571428657
73208  31.108  4.844  -58.799 0.1428571492
72212  31.445  4.165  -58.275 0.1428571492
73200  31.118  5.233  -57.720 0.1428571492
72198  31.262  4.311  -56.346 0.1428571492
73184  31.138  5.175  -55.729 0.4285714328
71026  30.788  3.601  -54.556 0.5714285970
71012  30.420  3.152  -53.795 0.7142857313
140123  29.639  3.189  -52.667 0.8571428657
74236  30.943  6.313  -57.838 0.1428571492
74243  30.621  6.434  -58.775 0.1428571492
74230  31.140  6.180  -56.915 0.1428571492
74222  31.155  6.099  -55.985 0.5714285970
147262  30.359  4.438  -53.689 0.8571428657
71013  29.998  3.748  -53.043 0.8571428657
126988  30.277  6.426  -59.787 0.1428571492
153192  30.409  7.893  -58.378 0.2857142985
75264  31.008  6.961  -57.181 0.1428571492
150693  31.083  7.100  -56.238 0.8571428657
74208  30.946  5.928  -55.161 0.8571428657
72188  30.767  4.757  -54.487 0.7142857313
74194  30.305  6.149  -53.866 0.8571428657
77399  29.917  9.335  -58.740 0.1428571492
76401  29.609  8.722  -59.742 0.1428571492
76396  30.505  8.369  -57.674 0.4285714328
76386  30.590  8.875  -55.831 0.8571428657
137810  30.808  8.072  -55.992 0.8571428657
75233  30.191  7.100  -53.904 0.8571428657
74195  29.544  6.560  -53.259 0.8571428657
77394  30.278  9.180  -57.975 0.4285714328
76375  30.546  8.358  -54.999 0.8571428657
148954  30.589  7.432  -54.668 0.8571428657
75244  30.121  8.034  -54.109 0.8571428657
143917  29.851  10.147  -58.475 0.1428571492
128010  29.599  10.674  -59.056 0.2857142985
156105  30.091  9.763  -58.071 0.5714285970
78395  30.251  10.116  -56.834 0.8571428657
77385  30.441  9.274  -57.003 0.8571428657
77376  30.379  9.657  -56.016 0.8571428657
76376  30.321  9.314  -55.111 0.8571428657
77365  29.804  9.789  -54.560 0.8571428657
76355  29.459  8.499  -53.727 0.8571428657
79416  29.565  11.589  -58.653 0.2857142985
78408  29.799  11.012  -57.944 0.7142857313
78407  30.053  10.297  -57.633 0.5714285970
78396  29.934  10.858  -56.955 0.8571428657
157554  29.621  10.687  -54.839 0.8571428657
78374  28.858  10.841  -54.238 0.8571428657
76366  29.205  9.402  -53.841 0.8571428657
142301  29.773  11.508  -57.142 0.8571428657
79385  29.422  12.342  -55.854 0.8571428657
131165  29.555  11.485  -55.418 0.8571428657
79374  28.601  12.179  -54.685 0.7142857313
142146  28.317  11.511  -54.303 0.7142857313
80361  29.537  12.764  -57.425 0.8571428657
80350  29.407  12.980  -56.524 0.8571428657
152386  29.165  12.096  -55.117 0.8571428657
81196  28.828  13.543  -55.560 0.8571428657
81210  28.553  14.226  -55.596 0.8571428657
80327  28.083  12.840  -54.673 0.7142857313
82192  29.339  14.813  -57.878 0.7142857313
82179  29.242  14.383  -57.005 0.8571428657
83151  28.968  15.182  -57.057 0.8571428657
83144  28.458  15.574  -56.398 0.8571428657
84133  28.541  16.642  -57.344 0.7142857313
80339  28.851  12.848  -55.197 0.8571428657
82180  28.787  14.741  -56.261 0.8571428657
84155  28.012  16.131  -62.145 0.1428571492
83161  29.121  15.609  -57.749 0.8571428657
84132  28.908  16.209  -57.732 0.7142857313
84138  28.742  16.750  -58.093 0.7142857313
83162  28.759  15.957  -57.118 0.8571428657
85105  27.465  17.059  -63.198 0.1428571492
85075  28.538  17.424  -59.431 0.5714285970
86042  28.313  18.139  -59.842 0.5714285970
86051  27.963  18.840  -60.211 0.5714285970
85085  27.981  18.090  -61.569 0.1428571492
86078  26.751  18.187  -64.278 0.1428571492
87005  27.466  19.597  -60.539 0.5714285970
130668  26.654  19.140  -64.086 0.1428571492
87030  25.671  19.694  -65.497 0.1428571492
86063  27.632  18.770  -62.020 0.1428571492
86059  27.860  18.872  -61.117 0.5714285970
87024  26.189  19.790  -64.598 0.1428571492
148204  26.090  20.380  -64.168 0.1428571492
138903  24.842  21.077  -65.646 0.1428571492
89043  25.699  20.967  -64.051 0.1428571492
52466  22.355  -13.846  -37.860 0.1428571492
52467  21.462  -13.903  -38.243 0.1428571492
54646  22.737  -11.960  -39.948 0.2857142985
54633  24.249  -11.850  -38.966 0.1428571492
54644  24.682  -11.289  -39.433 0.2857142985
54655  23.783  -10.894  -40.514 0.2857142985
59043  26.776  -8.097  -41.908 0.2857142985
57916  26.071  -8.543  -41.752 0.2857142985
56880  25.402  -9.031  -41.618 0.1428571492
62491  27.401  -4.864  -46.614 0.2857142985
64545  28.526  -2.930  -48.615 0.4285714328
62498  27.591  -4.206  -47.910 0.5714285970
67821  30.720  -0.148  -52.366 0.2857142985
64558  27.747  -3.295  -49.900 0.7142857313
68876  30.994  0.659  -54.350 0.1428571492
73209  30.741  5.528  -59.468 0.1428571492
74223  30.964  6.811  -55.308 0.8571428657
73153  29.957  5.510  -53.382 0.8571428657
79409  29.643  11.935  -57.726 0.8571428657
137325  29.437  14.051  -57.673 0.8571428657
157202  29.239  15.377  -58.352 0.8571428657
84140  28.812  16.700  -58.957 0.7142857313
85084  28.247  17.413  -61.158 0.2857142985
86073  27.042  18.670  -63.593 0.1428571492
88011  24.647  20.246  -67.010 0.1428571492
51478  20.569  -14.085  -38.296 0.1428571492
54656  22.983  -11.399  -40.612 0.4285714328
56863  24.706  -9.970  -40.983 0.2857142985
55750  23.227  -10.829  -41.253 0.4285714328
59061  27.701  -7.085  -42.720 0.2857142985
60190  27.511  -6.254  -43.977 0.2857142985
59073  26.358  -7.193  -43.694 0.2857142985
59074  25.610  -7.580  -44.064 0.2857142985
60191  26.729  -6.602  -44.227 0.2857142985
72204  31.897  3.364  -57.901 0.1428571492
150220  31.052  5.224  -60.285 0.1428571492
75280  30.293  7.387  -59.092 0.1428571492
139515  30.137  8.417  -58.763 0.2857142985
76407  29.895  7.923  -59.682 0.1428571492
72164  29.677  4.765  -52.906 0.8571428657
78414  29.581  9.728  -59.411 0.1428571492
134273  29.222  10.230  -60.209 0.1428571492
153453  29.419  12.043  -59.190 0.2857142985
78375  27.946  10.831  -53.885 0.8571428657
80369  29.495  12.520  -58.436 0.5714285970
81237  29.258  13.939  -59.290 0.5714285970
82212  29.231  14.891  -58.940 0.5714285970
83172  29.082  16.008  -58.433 0.7142857313
84147  28.470  16.586  -60.818 0.4285714328
83190  28.743  15.149  -60.258 0.2857142985
83199  28.498  15.687  -60.974 0.2857142985
85092  28.183  16.775  -61.645 0.1428571492
85093  28.021  17.416  -61.853 0.1428571492
137757  27.718  17.854  -62.492 0.1428571492
87015  26.771  20.267  -61.908 0.2857142985
86072  27.292  17.959  -63.428 0.1428571492
135949  26.538  19.913  -63.759 0.1428571492
87019  26.726  20.092  -62.921 0.1428571492
87995  26.216  20.573  -63.454 0.1428571492
87029  26.218  18.882  -65.033 0.1428571492
89049  25.119  21.350  -64.719 0.1428571492
89050  24.640  21.794  -64.424 0.1428571492
143822  24.199  21.356  -66.193 0.1428571492
128852  29.337  12.642  -59.296 0.4285714328
130474  29.203  13.172  -59.602 0.4285714328
81242  28.969  13.665  -60.101 0.4285714328
156310  28.974  15.074  -59.586 0.5714285970
129453  28.700  15.974  -60.259 0.5714285970
53538  22.409  -12.535  -39.457 0.1428571492
52476  21.443  -13.317  -38.962 0.1428571492
52477  20.198  -13.547  -38.858 0.1428571492
54657  22.023  -11.947  -40.761 0.4285714328
53547  20.642  -12.582  -40.136 0.2857142985
55760  23.998  -10.396  -41.129 0.1428571492
56871  24.867  -9.494  -41.483 0.1428571492
59062  26.786  -7.499  -42.749 0.2857142985
65610  28.586  -2.060  -50.585 0.7142857313
67800  29.562  -0.177  -51.926 0.8571428657
69909  30.947  1.127  -54.817 0.5714285970
73193  31.196  5.237  -56.632 0.2857142985
71043  31.467  3.548  -57.007 0.1428571492
72187  31.110  4.186  -55.382 0.1428571492
75265  30.807  7.759  -56.949 0.5714285970
73164  30.457  5.330  -53.951 0.8571428657
155537  30.531  9.115  -56.366 0.8571428657
78385  30.015  10.660  -55.910 0.8571428657
77377  30.122  10.063  -55.233 0.8571428657
148856  29.247  10.191  -54.223 0.8571428657
79397  29.756  11.519  -56.327 0.8571428657
81221  29.433  13.575  -57.114 0.8571428657
81209  29.148  13.833  -56.208 0.8571428657
85098  27.843  16.905  -62.373 0.1428571492
86050  28.175  18.141  -60.709 0.5714285970
86032  28.312  18.054  -59.100 0.5714285970
149741  26.298  18.027  -65.060 0.1428571492
128727  27.391  19.545  -61.533 0.4285714328
86068  26.965  19.343  -63.284 0.1428571492
145116  25.629  18.973  -65.861 0.1428571492
86067  27.375  18.693  -62.893 0.1428571492
87014  27.210  19.476  -62.443 0.1428571492
88000  25.599  20.572  -64.979 0.1428571492
57914  27.450  -8.352  -41.423 0.1428571492
130134  29.398  13.288  -58.838 0.5714285970
133108  22.734  -10.739  -42.043 0.4285714328
60192  25.993  -7.027  -44.576 0.5714285970
87991  26.222  20.793  -62.611 0.1428571492
59085  25.287  -7.470  -44.914 0.5714285970
59087  24.041  -7.822  -45.681 0.5714285970
57960  22.866  -8.261  -45.026 0.2857142985
60203  25.114  -7.079  -46.258 0.5714285970
59096  23.895  -7.354  -46.159 0.5714285970
136062  22.744  -8.914  -44.460 0.4285714328
138541  25.028  -7.414  -45.628 0.5714285970
57961  21.999  -7.756  -45.001 0.2857142985
59097  23.098  -7.034  -46.135 0.4285714328
61397  26.786  -5.373  -47.050 0.4285714328
61388  25.804  -6.283  -47.080 0.5714285970
60228  24.404  -6.442  -47.203 0.5714285970
60229  23.616  -5.998  -47.256 0.4285714328
128025  26.571  -5.228  -47.914 0.5714285970
62500  25.928  -5.520  -48.149 0.5714285970
150459  24.948  -6.142  -47.585 0.4285714328
62510  26.343  -4.942  -48.618 0.7142857313
62511  25.618  -4.993  -48.607 0.4285714328
63499  26.796  -4.414  -49.087 0.4285714328
60204  22.240  -6.653  -45.994 0.2857142985
59076  21.639  -7.005  -45.382 0.2857142985
61400  24.352  -5.765  -47.703 0.4285714328
62509  27.004  -4.685  -48.392 0.7142857313
64559  26.964  -3.343  -49.898 0.7142857313
138259  25.161  -3.054  -49.489 0.4285714328
65612  26.218  -1.829  -50.258 0.7142857313
65613  25.120  -1.632  -50.370 0.5714285970
66636  25.801  -1.012  -50.625 0.7142857313
64569  27.437  -2.792  -50.211 0.5714285970
64570  26.589  -2.629  -50.086 0.7142857313
144572  27.002  -1.336  -50.498 0.7142857313
66649  26.445  -0.369  -50.808 0.7142857313
67803  26.068  0.459  -51.186 0.7142857313
66650  25.271  -0.185  -51.216 0.4285714328
68843  25.014  1.267  -52.206 0.4285714328
66634  28.954  -1.467  -51.068 0.5714285970
65611  27.785  -2.139  -50.472 0.5714285970
66647  28.527  -0.814  -51.226 0.5714285970
67802  27.041  0.251  -50.971 0.5714285970
68841  26.726  0.983  -51.224 0.7142857313
153739  26.594  1.470  -51.441 0.7142857313
146510  27.529  3.263  -51.772 0.7142857313
69886  25.542  1.803  -52.068 0.7142857313
69897  25.632  2.466  -52.299 0.5714285970
135316  26.310  3.761  -52.348 0.5714285970
68860  29.612  1.215  -52.635 0.7142857313
68839  29.029  1.245  -51.904 0.5714285970
68840  28.327  0.787  -51.420 0.5714285970
69884  28.607  2.277  -51.745 0.7142857313
142875  27.340  1.490  -51.362 0.7142857313
71001  28.162  3.784  -51.967 0.8571428657
72166  27.515  4.344  -52.199 0.7142857313
72167  26.696  4.384  -52.391 0.7142857313
142790  27.357  4.976  -52.416 0.7142857313
72168  25.658  4.208  -52.825 0.5714285970
73157  26.394  5.061  -52.702 0.7142857313
69883  29.231  2.035  -52.177 0.5714285970
69885  27.570  2.447  -51.582 0.7142857313
71000  29.173  4.046  -52.433 0.8571428657
72165  28.955  4.978  -52.488 0.8571428657
73156  27.114  5.701  -52.669 0.7142857313
73165  26.252  5.811  -52.979 0.5714285970
127908  25.614  6.821  -53.568 0.2857142985
73155  28.189  5.576  -52.502 0.7142857313
76359  26.139  8.037  -53.616 0.7142857313
73154  29.219  5.685  -52.764 0.7142857313
74185  28.593  6.453  -52.765 0.8571428657
74187  26.882  6.287  -52.906 0.8571428657
76356  28.704  8.643  -53.451 0.8571428657
75222  28.018  7.123  -52.880 0.8571428657
75237  26.436  7.409  -53.369 0.5714285970
76357  27.797  8.492  -53.319 0.8571428657
77359  27.141  9.120  -53.457 0.8571428657
77360  26.228  8.763  -53.647 0.7142857313
74196  28.810  7.166  -53.046 0.8571428657
154394  29.028  8.180  -53.438 0.8571428657
77358  28.175  9.335  -53.452 0.8571428657
77367  27.503  10.037  -53.542 0.8571428657
77368  26.311  9.796  -53.751 0.7142857313
81197  28.225  13.617  -55.050 0.7142857313
81184  26.720  13.428  -54.618 0.7142857313
130288  27.958  14.375  -55.178 0.5714285970
81185  25.834  13.112  -54.749 0.7142857313
82155  26.683  14.161  -54.829 0.7142857313
82165  28.088  15.079  -55.626 0.7142857313
151281  27.343  15.495  -55.556 0.8571428657
84119  26.900  16.131  -55.815 0.7142857313
82168  25.192  14.213  -55.387 0.7142857313
131964  25.498  16.842  -56.286 0.7142857313
85059  25.955  17.452  -56.472 0.7142857313
84127  24.895  16.248  -56.247 0.5714285970
84118  27.390  16.798  -56.394 0.7142857313
85058  26.740  17.455  -56.554 0.7142857313
85060  24.674  16.970  -56.614 0.5714285970
86019  26.293  17.915  -56.737 0.4285714328
85065  25.523  18.069  -56.873 0.5714285970
85066  24.620  17.719  -56.954 0.5714285970
85057  27.412  17.563  -56.893 0.5714285970
154202  23.490  16.622  -57.056 0.5714285970
86026  26.297  18.413  -57.138 0.5714285970
143982  25.613  18.693  -57.376 0.5714285970
127023  23.918  17.978  -57.417 0.5714285970
85067  23.777  17.207  -57.074 0.4285714328
138831  22.880  16.809  -57.454 0.5714285970
83163  22.591  15.882  -57.389 0.4285714328
125636  23.009  17.857  -57.727 0.5714285970
86976  26.324  19.077  -57.731 0.5714285970
84134  21.976  16.546  -57.745 0.4285714328
134909  21.491  14.884  -57.404 0.4285714328
85068  22.109  17.449  -57.971 0.5714285970
86030  21.432  18.146  -57.885 0.4285714328
64556  28.858  -2.452  -49.221 0.2857142985
141722  29.127  0.345  -51.852 0.5714285970
86034  22.392  19.007  -58.540 0.2857142985
138408  20.493  17.813  -57.141 0.2857142985
57958  24.349  -8.333  -44.685 0.5714285970
57938  23.799  -9.074  -43.973 0.5714285970
60214  26.137  -6.375  -45.838 0.2857142985
57959  23.812  -8.303  -45.110 0.5714285970
61386  27.035  -5.397  -46.131 0.2857142985
61387  26.335  -5.991  -46.538 0.5714285970
57949  22.121  -8.502  -44.572 0.2857142985
60217  23.720  -6.710  -46.703 0.4285714328
61411  25.122  -5.557  -48.114 0.4285714328
60230  22.861  -5.449  -47.301 0.2857142985
63514  25.607  -3.737  -49.329 0.5714285970
66621  29.874  -1.194  -49.881 0.2857142985
64572  24.134  -1.918  -50.241 0.2857142985
75223  27.122  6.916  -53.037 0.7142857313
142901  26.902  12.099  -54.232 0.7142857313
80328  27.253  12.764  -54.450 0.7142857313
153996  26.150  12.010  -54.414 0.7142857313
84120  25.818  16.077  -55.811 0.7142857313
137763  23.730  15.624  -56.719 0.5714285970
85063  28.345  17.315  -57.674 0.5714285970
86017  27.393  18.086  -57.264 0.5714285970
152436  28.148  17.912  -57.928 0.5714285970
86975  27.146  18.975  -57.910 0.5714285970
86028  23.568  18.574  -57.903 0.2857142985
61412  24.322  -5.083  -48.184 0.4285714328
60201  26.361  -6.451  -45.071 0.2857142985
137675  28.839  -0.168  -51.569 0.7142857313
65596  28.192  -2.687  -50.218 0.5714285970
69896  29.643  2.284  -52.674 0.7142857313
70988  29.048  2.990  -52.100 0.7142857313
75234  29.418  7.655  -53.480 0.7142857313
83145  27.769  15.930  -56.024 0.8571428657
63498  27.445  -4.106  -48.812 0.5714285970
63512  27.260  -3.842  -49.494 0.5714285970
78376  26.890  10.740  -53.848 0.7142857313
66635  28.132  -1.462  -50.834 0.5714285970
60202  25.646  -6.926  -45.547 0.5714285970
59095  24.525  -7.459  -45.956 0.5714285970
59086  24.564  -7.874  -45.239 0.4285714328
146156  23.391  -7.738  -45.634 0.5714285970
57948  23.386  -8.805  -44.523 0.5714285970
59088  22.537  -7.436  -45.558 0.4285714328
60215  25.708  -6.591  -46.424 0.5714285970
60216  24.501  -7.009  -46.597 0.5714285970
60227  25.173  -6.608  -47.041 0.5714285970
56902  23.041  -9.462  -43.962 0.5714285970
61398  26.171  -5.807  -47.457 0.5714285970
61399  25.536  -6.021  -47.604 0.5714285970
61401  23.595  -5.260  -47.764 0.4285714328
62524  26.033  -4.461  -49.089 0.5714285970
62525  25.099  -4.256  -48.893 0.4285714328
63513  26.482  -3.880  -49.480 0.5714285970
148785  25.973  -3.077  -49.721 0.7142857313
64571  25.793  -2.314  -50.016 0.5714285970
145569  25.086  -2.431  -49.860 0.4285714328
64560  24.393  -2.716  -49.670 0.4285714328
63515  24.726  -3.445  -49.245 0.4285714328
135525  27.023  -2.161  -50.299 0.7142857313
66648  27.538  -0.613  -50.871 0.7142857313
68842  25.904  1.262  -51.598 0.7142857313
67801  27.982  0.051  -51.140 0.5714285970
147218  26.427  2.035  -51.698 0.7142857313
70990  26.572  3.046  -51.972 0.7142857313
70989  28.223  2.999  -51.735 0.5714285970
71002  27.112  3.806  -52.048 0.7142857313
71014  24.841  3.414  -53.205 0.2857142985
74197  25.509  6.004  -53.453 0.5714285970
75236  27.445  7.688  -53.184 0.8571428657
82167  26.166  14.639  -55.101 0.7142857313
83146  26.514  15.406  -55.443 0.7142857313
84126  26.394  16.833  -56.140 0.8571428657
86027  24.643  18.544  -57.462 0.7142857313
132059  22.826  18.564  -58.230 0.5714285970
85069  21.306  17.212  -57.795 0.4285714328
61413  23.562  -4.568  -48.308 0.4285714328
129454  21.035  -12.109  -40.924 0.4285714328
61369  27.840  -5.640  -44.480 0.1428571492
61376  28.165  -5.022  -45.010 0.1428571492
63487  28.186  -3.717  -47.372 0.1428571492
64534  28.488  -3.199  -47.767 0.1428571492
62480  28.401  -4.431  -45.603 0.1428571492
61368  28.644  -5.275  -44.228 0.1428571492
64533  29.012  -2.657  -47.633 0.1428571492
63478  28.497  -3.879  -46.377 0.1428571492
66632  30.287  -0.724  -50.403 0.2857142985
67798  31.078  -0.096  -51.479 0.1428571492
79376  27.385  11.471  -54.094 0.5714285970
90003  22.841  22.480  -65.941 0.1428571492
78378  25.319  9.951  -54.375 0.4285714328
89997  22.542  22.524  -64.975 0.1428571492
89044  25.156  21.589  -63.748 0.1428571492
79387  24.542  11.585  -55.275 0.4285714328
80330  25.634  12.373  -54.708 0.5714285970
82157  25.332  13.475  -55.104 0.4285714328
89029  24.081  21.841  -60.474 0.2857142985
139443  24.819  20.800  -59.384 0.2857142985
86988  25.874  19.769  -58.319 0.2857142985
87975  25.480  20.841  -59.671 0.2857142985
79399  22.278  11.403  -56.674 0.1428571492
81199  24.639  13.358  -55.499 0.5714285970
83147  25.549  15.160  -55.538 0.5714285970
87976  23.950  20.917  -59.509 0.2857142985
86987  26.831  19.519  -58.441 0.4285714328
81201  23.220  12.929  -56.496 0.4285714328
82181  23.792  14.824  -56.486 0.5714285970
143989  24.010  19.935  -58.726 0.2857142985
81212  22.087  13.319  -57.147 0.4285714328
82182  22.587  13.960  -57.032 0.2857142985
86033  23.116  19.082  -58.530 0.1428571492
86990  23.373  19.634  -58.771 0.1428571492
82193  21.864  14.099  -57.329 0.1428571492
83164  22.388  14.898  -57.289 0.4285714328
86035  21.814  18.978  -58.159 0.1428571492
86991  22.609  19.674  -58.923 0.1428571492
87977  22.971  20.991  -59.608 0.1428571492
82194  21.120  14.190  -57.235 0.2857142985
140242  21.269  19.009  -57.631 0.2857142985
86016  20.824  18.653  -55.775 0.1428571492
86992  21.993  19.600  -58.584 0.1428571492
141492  22.154  20.006  -58.812 0.1428571492
86973  21.361  19.748  -57.309 0.1428571492
86979  21.501  19.688  -58.102 0.1428571492
86971  21.468  19.810  -56.318 0.1428571492
55763  20.930  -10.986  -42.052 0.4285714328
55774  20.441  -10.187  -42.354 0.2857142985
63477  29.359  -3.356  -46.124 0.1428571492
129389  29.780  -1.575  -48.213 0.1428571492
79386  25.433  11.484  -54.675 0.2857142985
85072  28.480  17.523  -58.508 0.4285714328
87982  26.808  20.303  -60.333 0.2857142985
87984  25.416  21.193  -60.250 0.2857142985
87965  22.390  20.492  -59.060 0.2857142985
55775  19.650  -9.729  -41.871 0.2857142985
57903  26.767  -9.157  -40.791 0.1428571492
56870  26.128  -9.060  -41.115 0.1428571492
60180  27.955  -6.521  -43.273 0.1428571492
67783  30.693  -0.385  -50.945 0.1428571492
65585  29.414  -1.808  -49.302 0.1428571492
81222  21.375  13.448  -57.170 0.1428571492
141748  25.913  10.681  -54.226 0.4285714328
80351  22.711  12.283  -56.662 0.2857142985
83153  24.352  15.591  -56.323 0.5714285970
87000  27.383  19.459  -59.080 0.4285714328
89022  23.583  21.480  -59.961 0.2857142985
89021  24.626  21.264  -59.963 0.2857142985
87983  26.103  20.870  -60.221 0.2857142985
89027  25.783  21.243  -60.867 0.2857142985
89035  24.406  22.074  -61.308 0.2857142985
133705  24.169  22.277  -62.221 0.1428571492
89985  23.267  22.538  -62.469 0.1428571492
87952  21.805  20.216  -58.574 0.2857142985
89984  24.810  21.939  -62.910 0.1428571492
89045  24.403  22.066  -63.769 0.1428571492
89039  25.546  21.491  -62.437 0.1428571492
155630  25.349  21.570  -63.079 0.1428571492
156029  31.421  0.205  -51.945 0.2857142985
87010  27.041  20.122  -61.072 0.4285714328
89033  26.071  21.056  -61.716 0.2857142985
55762  21.866  -10.981  -42.153 0.4285714328
54666  21.463  -11.539  -41.514 0.4285714328
86986  27.562  18.964  -58.453 0.4285714328
87973  27.121  19.875  -59.698 0.2857142985
87989  26.476  20.695  -61.008 0.2857142985
80340  24.986  12.142  -55.043 0.4285714328
82156  25.946  13.869  -54.844 0.5714285970
82169  24.224  14.044  -55.955 0.5714285970
83152  25.030  15.617  -55.903 0.5714285970
87961  26.294  20.041  -58.814 0.2857142985
86029  22.222  18.324  -58.175 0.4285714328
86021  20.800  18.358  -57.357 0.2857142985
146031  26.431  11.414  -54.226 0.5714285970
83148  24.656  14.917  -55.881 0.5714285970
83154  23.170  15.298  -57.021 0.5714285970
86977  25.240  19.287  -57.841 0.2857142985
86989  24.869  19.905  -58.464 0.2857142985
63486  28.849  -3.215  -46.972 0.1428571492
62473  29.059  -4.561  -44.792 0.1428571492
65576  29.628  -2.032  -47.500 0.1428571492
87962  25.479  20.405  -58.940 0.2857142985
87974  26.349  20.407  -59.482 0.2857142985
81200  23.855  13.142  -56.056 0.4285714328
87964  23.309  20.265  -59.189 0.1428571492
82170  23.352  13.792  -56.554 0.4285714328
144727  22.227  12.687  -56.920 0.2857142985
83155  23.074  14.545  -56.907 0.5714285970
55764  20.028  -10.595  -41.629 0.2857142985
150455  30.156  -1.537  -47.465 0.1428571492
78386  24.499  10.171  -55.050 0.2857142985
89034  25.325  21.612  -61.496 0.2857142985
89040  24.907  21.957  -62.055 0.2857142985
142976  23.885  22.321  -63.103 0.1428571492
151630  24.871  2.668  -52.882 0.4285714328
73166  25.506  5.115  -53.266 0.2857142985
89024  22.744  21.956  -59.625 0.1428571492
89030  23.274  22.009  -60.284 0.1428571492
89972  22.909  22.598  -60.082 0.1428571492
87949  21.931  21.004  -57.313 0.1428571492
89964  22.853  22.439  -59.402 0.1428571492
89031  22.937  22.145  -60.055 0.1428571492
144760  22.103  21.050  -58.459 0.1428571492
89006  22.427  21.732  -58.382 0.1428571492
89950  22.846  22.392  -58.597 0.1428571492
153041  22.793  23.103  -60.297 0.1428571492
87978  22.482  21.318  -59.336 0.1428571492
89016  22.505  21.783  -59.004 0.1428571492
157058  23.254  22.631  -57.893 0.1428571492
90903  22.906  23.138  -59.831 0.1428571492
89005  22.766  22.057  -57.826 0.1428571492
90902  23.168  23.092  -59.114 0.1428571492
140093  22.735  23.019  -60.815 0.1428571492
89023  22.907  21.660  -59.832 0.1428571492
89975  23.551  22.301  -60.866 0.1428571492
89976  23.014  22.474  -60.532 0.1428571492
137401  22.971  22.615  -61.214 0.1428571492
62499  27.184  -4.790  -47.499 0.4285714328
56893  23.637  -9.481  -43.325 0.4285714328
57937  24.224  -9.053  -43.259 0.2857142985
56881  24.585  -9.204  -42.345 0.1428571492
57947  24.475  -8.567  -43.947 0.2857142985
57926  24.885  -8.600  -43.057 0.1428571492
59075  24.929  -8.018  -44.425 0.2857142985
56882  23.729  -9.797  -42.549 0.2857142985
56883  23.028  -9.945  -43.172 0.4285714328
135442  25.479  -8.192  -42.915 0.1428571492
130829  23.974  -8.686  -44.509 0.4285714328
80342  23.463  12.317  -56.186 0.2857142985
153074  24.047  -9.399  -42.877 0.2857142985
55772  22.316  -10.393  -42.824 0.2857142985
55773  21.339  -10.470  -42.698 0.2857142985
55782  21.689  -9.962  -43.292 0.2857142985
56894  22.380  -9.809  -43.515 0.2857142985
142219  24.916  -4.881  -48.501 0.2857142985
62526  24.296  -3.830  -48.984 0.2857142985
63516  23.765  -3.160  -49.375 0.2857142985
66637  24.862  -0.850  -50.895 0.1428571492
66651  24.207  -0.346  -51.461 0.1428571492
130226  24.549  0.231  -51.759 0.2857142985
69898  24.891  1.937  -52.587 0.1428571492
129265  24.671  5.348  -53.952 0.1428571492
74198  24.885  6.336  -53.924 0.1428571492
75245  24.914  7.641  -54.176 0.1428571492
74210  24.397  6.825  -54.514 0.1428571492
76368  24.818  8.421  -54.437 0.1428571492
75256  23.683  7.951  -55.335 0.1428571492
143059  23.336  10.808  -56.108 0.1428571492
80341  24.305  12.428  -55.548 0.1428571492
142969  22.588  10.723  -56.507 0.1428571492
79388  23.755  11.598  -55.823 0.1428571492
125516  21.775  15.683  -57.535 0.1428571492
84135  21.164  16.359  -57.603 0.1428571492
142956  20.775  14.881  -57.185 0.1428571492
84129  20.176  16.650  -56.452 0.1428571492
85070  20.567  17.068  -57.267 0.1428571492
54667  20.541  -11.418  -41.340 0.2857142985
55771  23.074  -10.303  -42.528 0.1428571492
77369  25.472  9.075  -54.117 0.2857142985
76378  23.449  8.597  -55.650 0.1428571492
79398  23.038  11.515  -56.408 0.1428571492
54668  19.702  -11.018  -40.903 0.2857142985
62512  24.307  -4.421  -48.627 0.2857142985
62513  23.596  -3.873  -48.824 0.2857142985
67805  23.953  0.345  -52.036 0.1428571492
71004  24.301  2.824  -53.348 0.1428571492
71015  24.106  3.330  -53.731 0.1428571492
72177  24.652  4.246  -53.678 0.1428571492
72189  23.445  4.541  -54.549 0.1428571492
74199  24.331  5.951  -54.432 0.1428571492
74211  23.757  6.104  -54.953 0.1428571492
75247  23.589  7.082  -55.310 0.1428571492
143123  22.126  9.974  -56.556 0.1428571492
83166  20.543  15.468  -57.002 0.1428571492
83165  20.993  15.566  -57.428 0.1428571492
67824  24.425  0.771  -52.214 0.1428571492
75238  25.604  7.538  -53.737 0.1428571492
82195  20.514  14.232  -56.853 0.1428571492
61402  22.827  -4.752  -47.844 0.1428571492
77370  24.678  9.259  -54.705 0.1428571492
134516  24.082  10.875  -55.522 0.1428571492
56884  20.849  -9.757  -43.046 0.2857142985
75246  24.254  7.737  -54.796 0.1428571492
73175  23.169  5.413  -55.030 0.1428571492
154603  18.844  -9.577  -40.473 0.1428571492
143598  21.348  -9.273  -43.668 0.1428571492
68838  31.296  0.149  -52.794 0.1428571492
80382  28.979  12.780  -60.348 0.1428571492
54659  19.392  -11.430  -40.254 0.1428571492
56885  19.381  -8.919  -42.089 0.1428571492
56903  22.173  -9.289  -44.090 0.1428571492
137513  20.042  -9.352  -42.589 0.1428571492
57950  21.323  -7.927  -44.532 0.1428571492
125908  29.207  12.104  -59.966 0.1428571492
81243  28.660  13.314  -60.984 0.1428571492
156009  21.454  -7.429  -44.941 0.1428571492
79422  29.373  11.310  -59.638 0.1428571492
54658  20.167  -11.844  -40.633 0.1428571492
68857  31.201  0.295  -53.745 0.1428571492
60218  22.796  -6.190  -46.669 0.1428571492
54669  19.131  -10.704  -40.417 0.1428571492
55765  19.162  -10.030  -41.028 0.1428571492
56904  21.561  -8.711  -44.187 0.1428571492
55742  24.329  -10.940  -39.985 0.2857142985
57936  25.212  -8.110  -43.601 0.1428571492
57939  20.849  -8.429  -43.915 0.1428571492
64544  29.186  -2.222  -48.412 0.1428571492
67804  25.170  0.620  -51.722 0.2857142985
69910  30.608  1.148  -54.220 0.5714285970
71003  25.622  3.271  -52.580 0.5714285970
73172  30.971  5.158  -55.020 0.7142857313
73173  30.702  5.667  -54.479 0.8571428657
73174  23.901  5.276  -54.593 0.1428571492
74186  27.658  6.367  -52.741 0.8571428657
74209  30.648  6.542  -54.528 0.8571428657
74242  30.898  5.656  -58.510 0.1428571492
75224  26.289  6.557  -53.187 0.7142857313
75235  28.460  7.869  -53.219 0.8571428657
75255  30.828  7.577  -55.420 0.8571428657
75274  30.671  7.322  -57.985 0.5714285970
76358  26.866  8.248  -53.417 0.7142857313
76365  30.003  8.940  -54.313 0.8571428657
76367  25.523  8.248  -53.928 0.1428571492
76377  24.131  8.551  -55.041 0.1428571492
77366  28.538  10.144  -53.780 0.8571428657
78377  25.175  10.658  -54.660 0.4285714328
79375  27.778  12.158  -54.353 0.7142857313
80329  26.412  12.640  -54.488 0.7142857313
80338  29.183  13.131  -55.832 0.8571428657
81183  27.561  13.341  -54.675 0.7142857313
81186  25.095  12.821  -55.076 0.4285714328
81198  27.418  13.974  -54.845 0.5714285970
81211  22.703  13.150  -56.830 0.2857142985
81230  29.432  14.068  -58.436 0.5714285970
82166  27.211  14.785  -55.122 0.7142857313
82203  29.159  15.514  -58.774 0.8571428657
82218  28.973  14.496  -59.795 0.5714285970
83180  28.971  15.756  -59.386 0.7142857313
84125  28.199  16.365  -56.663 0.8571428657
84128  24.029  16.342  -56.710 0.5714285970
84142  28.674  16.645  -59.862 0.4285714328
84154  28.316  16.131  -61.485 0.2857142985
85056  28.018  17.117  -57.001 0.7142857313
85064  27.860  17.757  -57.402 0.5714285970
85078  28.439  17.404  -60.308 0.2857142985
86018  26.889  18.035  -56.946 0.5714285970
86023  28.060  18.306  -58.482 0.5714285970
86024  27.651  18.414  -57.795 0.5714285970
86025  27.006  18.556  -57.406 0.5714285970
86043  27.941  18.763  -59.263 0.5714285970
86079  25.793  18.229  -65.714 0.1428571492
86978  24.095  19.312  -58.211 0.2857142985
87001  26.822  19.889  -59.080 0.2857142985
87963  24.428  20.423  -59.007 0.2857142985
88998  22.255  21.540  -57.826 0.1428571492
89028  24.971  21.581  -60.694 0.2857142985
89038  25.748  21.192  -63.230 0.1428571492
127008  29.494  13.377  -57.983 0.5714285970
129162  20.849  17.738  -57.561 0.2857142985
133405  29.639  12.190  -56.815 0.8571428657
140947  25.254  17.423  -56.602 0.5714285970
141385  23.312  16.094  -57.062 0.5714285970
142672  23.407  23.140  -58.357 0.1428571492
142973  29.106  11.501  -54.704 0.7142857313
143906  28.216  1.692  -51.494 0.7142857313
146030  27.616  19.337  -59.753 0.5714285970
146392  28.251  4.641  -52.297 0.8571428657
151986  25.039  7.042  -53.919 0.1428571492
152179  30.635  8.594  -56.633 0.8571428657
153545  23.686  22.324  -63.850 0.1428571492
153789  30.243  9.745  -57.507 0.5714285970
155525  21.906  -9.636  -43.679 0.1428571492
155639  24.754  10.959  -55.053 0.1428571492
155641  29.192  12.687  -59.791 0.4285714328
155833  27.489  0.745  -51.170 0.5714285970
