#!ascii label  , from subject NIHPD_75_135 vox2ras=TkReg
310
70989  28.223  2.999  -51.735 0.0000000000
61387  26.335  -5.991  -46.538 0.0000000000
76359  26.139  8.037  -53.616 0.0000000000
127023  23.918  17.978  -57.417 0.0000000000
59095  24.525  -7.459  -45.956 0.0000000000
157554  29.621  10.687  -54.839 0.0000000000
81196  28.828  13.543  -55.560 0.0000000000
67803  26.068  0.459  -51.186 0.0000000000
135525  27.023  -2.161  -50.299 0.0000000000
137675  28.839  -0.168  -51.569 0.0000000000
147262  30.359  4.438  -53.689 0.0000000000
68877  30.557  0.455  -53.749 0.0000000000
73156  27.114  5.701  -52.669 0.0000000000
148954  30.589  7.432  -54.668 0.0000000000
83152  25.030  15.617  -55.903 0.0000000000
83162  28.759  15.957  -57.118 0.0000000000
62498  27.591  -4.206  -47.910 0.0000000000
142901  26.902  12.099  -54.232 0.0000000000
81184  26.720  13.428  -54.618 0.0000000000
153739  26.594  1.470  -51.441 0.0000000000
67802  27.041  0.251  -50.971 0.0000000000
68839  29.029  1.245  -51.904 0.0000000000
60203  25.114  -7.079  -46.258 0.0000000000
75223  27.122  6.916  -53.037 0.0000000000
74196  28.810  7.166  -53.046 0.0000000000
154394  29.028  8.180  -53.438 0.0000000000
78396  29.934  10.858  -56.955 0.0000000000
77385  30.441  9.274  -57.003 0.0000000000
125636  23.009  17.857  -57.727 0.0000000000
83154  23.170  15.298  -57.021 0.0000000000
85060  24.674  16.970  -56.614 0.0000000000
86059  27.860  18.872  -61.117 0.0000000000
86042  28.313  18.139  -59.842 0.0000000000
85063  28.345  17.315  -57.674 0.0000000000
84140  28.812  16.700  -58.957 0.0000000000
157202  29.239  15.377  -58.352 0.0000000000
65595  28.822  -2.350  -49.976 0.0000000000
64558  27.747  -3.295  -49.900 0.0000000000
57959  23.812  -8.303  -45.110 0.0000000000
77358  28.175  9.335  -53.452 0.0000000000
78375  27.946  10.831  -53.885 0.0000000000
152386  29.165  12.096  -55.117 0.0000000000
80361  29.537  12.764  -57.425 0.0000000000
65613  25.120  -1.632  -50.370 0.0000000000
66636  25.801  -1.012  -50.625 0.0000000000
66635  28.132  -1.462  -50.834 0.0000000000
66633  29.611  -1.152  -50.846 0.0000000000
71013  29.998  3.748  -53.043 0.0000000000
69896  29.643  2.284  -52.674 0.0000000000
71012  30.420  3.152  -53.795 0.0000000000
70990  26.572  3.046  -51.972 0.0000000000
72168  25.658  4.208  -52.825 0.0000000000
72166  27.515  4.344  -52.199 0.0000000000
73154  29.219  5.685  -52.764 0.0000000000
74194  30.305  6.149  -53.866 0.0000000000
150693  31.083  7.100  -56.238 0.0000000000
76376  30.321  9.314  -55.111 0.0000000000
137810  30.808  8.072  -55.992 0.0000000000
82169  24.224  14.044  -55.955 0.0000000000
86026  26.297  18.413  -57.138 0.0000000000
85058  26.740  17.455  -56.554 0.0000000000
84119  26.900  16.131  -55.815 0.0000000000
82167  26.166  14.639  -55.101 0.0000000000
82180  28.787  14.741  -56.261 0.0000000000
137325  29.437  14.051  -57.673 0.0000000000
62500  25.928  -5.520  -48.149 0.0000000000
148785  25.973  -3.077  -49.721 0.0000000000
67823  29.620  0.340  -52.382 0.0000000000
67799  30.362  -0.365  -51.811 0.0000000000
80330  25.634  12.373  -54.708 0.0000000000
81185  25.834  13.112  -54.749 0.0000000000
69885  27.570  2.447  -51.582 0.0000000000
142875  27.340  1.490  -51.362 0.0000000000
69884  28.607  2.277  -51.745 0.0000000000
56902  23.041  -9.462  -43.962 0.0000000000
57938  23.799  -9.074  -43.973 0.0000000000
60215  25.708  -6.591  -46.424 0.0000000000
75237  26.436  7.409  -53.369 0.0000000000
75236  27.445  7.688  -53.184 0.0000000000
76357  27.797  8.492  -53.319 0.0000000000
78408  29.799  11.012  -57.944 0.0000000000
78407  30.053  10.297  -57.633 0.0000000000
138831  22.880  16.809  -57.454 0.0000000000
154202  23.490  16.622  -57.056 0.0000000000
85066  24.620  17.719  -56.954 0.0000000000
85075  28.538  17.424  -59.431 0.0000000000
129453  28.700  15.974  -60.259 0.0000000000
64557  28.354  -2.915  -49.609 0.0000000000
60228  24.404  -6.442  -47.203 0.0000000000
77368  26.311  9.796  -53.751 0.0000000000
78376  26.890  10.740  -53.848 0.0000000000
80327  28.083  12.840  -54.673 0.0000000000
79374  28.601  12.179  -54.685 0.0000000000
80339  28.851  12.848  -55.197 0.0000000000
79385  29.422  12.342  -55.854 0.0000000000
80350  29.407  12.980  -56.524 0.0000000000
132059  22.826  18.564  -58.230 0.0000000000
66649  26.445  -0.369  -50.808 0.0000000000
67801  27.982  0.051  -51.140 0.0000000000
66648  27.538  -0.613  -50.871 0.0000000000
66647  28.527  -0.814  -51.226 0.0000000000
66634  28.954  -1.467  -51.068 0.0000000000
66646  29.343  -0.784  -51.489 0.0000000000
59087  24.041  -7.822  -45.681 0.0000000000
57958  24.349  -8.333  -44.685 0.0000000000
69897  25.632  2.466  -52.299 0.0000000000
73165  26.252  5.811  -52.979 0.0000000000
73157  26.394  5.061  -52.702 0.0000000000
72167  26.696  4.384  -52.391 0.0000000000
142790  27.357  4.976  -52.416 0.0000000000
72165  28.955  4.978  -52.488 0.0000000000
73155  28.189  5.576  -52.502 0.0000000000
75233  30.191  7.100  -53.904 0.0000000000
74195  29.544  6.560  -53.259 0.0000000000
74223  30.964  6.811  -55.308 0.0000000000
148856  29.247  10.191  -54.223 0.0000000000
76366  29.205  9.402  -53.841 0.0000000000
77365  29.804  9.789  -54.560 0.0000000000
155537  30.531  9.115  -56.366 0.0000000000
75265  30.807  7.759  -56.949 0.0000000000
83153  24.352  15.591  -56.323 0.0000000000
83155  23.074  14.545  -56.907 0.0000000000
82181  23.792  14.824  -56.486 0.0000000000
83148  24.656  14.917  -55.881 0.0000000000
86051  27.963  18.840  -60.211 0.0000000000
87005  27.466  19.597  -60.539 0.0000000000
86975  27.146  18.975  -57.910 0.0000000000
86017  27.393  18.086  -57.264 0.0000000000
84133  28.541  16.642  -57.344 0.0000000000
84118  27.390  16.798  -56.394 0.0000000000
83145  27.769  15.930  -56.024 0.0000000000
83146  26.514  15.406  -55.443 0.0000000000
151281  27.343  15.495  -55.556 0.0000000000
82165  28.088  15.079  -55.626 0.0000000000
83144  28.458  15.574  -56.398 0.0000000000
82212  29.231  14.891  -58.940 0.0000000000
82192  29.339  14.813  -57.878 0.0000000000
81237  29.258  13.939  -59.290 0.0000000000
130134  29.398  13.288  -58.838 0.0000000000
61411  25.122  -5.557  -48.114 0.0000000000
65612  26.218  -1.829  -50.258 0.0000000000
64571  25.793  -2.314  -50.016 0.0000000000
64570  26.589  -2.629  -50.086 0.0000000000
63511  27.903  -3.502  -49.207 0.0000000000
63512  27.260  -3.842  -49.494 0.0000000000
63498  27.445  -4.106  -48.812 0.0000000000
62509  27.004  -4.685  -48.392 0.0000000000
69895  30.077  1.373  -53.405 0.0000000000
68860  29.612  1.215  -52.635 0.0000000000
68859  30.039  0.316  -53.104 0.0000000000
146031  26.431  11.414  -54.226 0.0000000000
153996  26.150  12.010  -54.414 0.0000000000
80328  27.253  12.764  -54.450 0.0000000000
81197  28.225  13.617  -55.050 0.0000000000
68842  25.904  1.262  -51.598 0.0000000000
68841  26.726  0.983  -51.224 0.0000000000
68840  28.327  0.787  -51.420 0.0000000000
141722  29.127  0.345  -51.852 0.0000000000
138541  25.028  -7.414  -45.628 0.0000000000
59085  25.287  -7.470  -44.914 0.0000000000
60202  25.646  -6.926  -45.547 0.0000000000
60192  25.993  -7.027  -44.576 0.0000000000
72188  30.767  4.757  -54.487 0.0000000000
71026  30.788  3.601  -54.556 0.0000000000
74197  25.509  6.004  -53.453 0.0000000000
74187  26.882  6.287  -52.906 0.0000000000
74185  28.593  6.453  -52.765 0.0000000000
75222  28.018  7.123  -52.880 0.0000000000
75234  29.418  7.655  -53.480 0.0000000000
75244  30.121  8.034  -54.109 0.0000000000
78385  30.015  10.660  -55.910 0.0000000000
77377  30.122  10.063  -55.233 0.0000000000
78395  30.251  10.116  -56.834 0.0000000000
156105  30.091  9.763  -58.071 0.0000000000
137763  23.730  15.624  -56.719 0.0000000000
84127  24.895  16.248  -56.247 0.0000000000
86050  28.175  18.141  -60.709 0.0000000000
86032  28.312  18.054  -59.100 0.0000000000
152436  28.148  17.912  -57.928 0.0000000000
84138  28.742  16.750  -58.093 0.0000000000
84132  28.908  16.209  -57.732 0.0000000000
83161  29.121  15.609  -57.749 0.0000000000
83172  29.082  16.008  -58.433 0.0000000000
156310  28.974  15.074  -59.586 0.0000000000
65596  28.192  -2.687  -50.218 0.0000000000
64569  27.437  -2.792  -50.211 0.0000000000
57948  23.386  -8.805  -44.523 0.0000000000
146156  23.391  -7.738  -45.634 0.0000000000
59096  23.895  -7.354  -46.159 0.0000000000
60216  24.501  -7.009  -46.597 0.0000000000
60227  25.173  -6.608  -47.041 0.0000000000
61388  25.804  -6.283  -47.080 0.0000000000
77360  26.228  8.763  -53.647 0.0000000000
77359  27.141  9.120  -53.457 0.0000000000
77367  27.503  10.037  -53.542 0.0000000000
78374  28.858  10.841  -54.238 0.0000000000
79376  27.385  11.471  -54.094 0.0000000000
142146  28.317  11.511  -54.303 0.0000000000
131165  29.555  11.485  -55.418 0.0000000000
79397  29.756  11.519  -56.327 0.0000000000
142301  29.773  11.508  -57.142 0.0000000000
79409  29.643  11.935  -57.726 0.0000000000
85068  22.109  17.449  -57.971 0.0000000000
144572  27.002  -1.336  -50.498 0.0000000000
65611  27.785  -2.139  -50.472 0.0000000000
65610  28.586  -2.060  -50.585 0.0000000000
65609  29.244  -1.748  -50.383 0.0000000000
70988  29.048  2.990  -52.100 0.0000000000
69883  29.231  2.035  -52.177 0.0000000000
140123  29.639  3.189  -52.667 0.0000000000
70999  30.052  2.684  -53.213 0.0000000000
125373  30.381  2.097  -53.848 0.0000000000
69922  30.727  2.141  -54.669 0.0000000000
69909  30.947  1.127  -54.817 0.0000000000
69886  25.542  1.803  -52.068 0.0000000000
147218  26.427  2.035  -51.698 0.0000000000
146510  27.529  3.263  -51.772 0.0000000000
135316  26.310  3.761  -52.348 0.0000000000
71002  27.112  3.806  -52.048 0.0000000000
71001  28.162  3.784  -51.967 0.0000000000
71000  29.173  4.046  -52.433 0.0000000000
72164  29.677  4.765  -52.906 0.0000000000
73153  29.957  5.510  -53.382 0.0000000000
73164  30.457  5.330  -53.951 0.0000000000
74208  30.946  5.928  -55.161 0.0000000000
74222  31.155  6.099  -55.985 0.0000000000
76356  28.704  8.643  -53.451 0.0000000000
76355  29.459  8.499  -53.727 0.0000000000
76375  30.546  8.358  -54.999 0.0000000000
77376  30.379  9.657  -56.016 0.0000000000
76386  30.590  8.875  -55.831 0.0000000000
81199  24.639  13.358  -55.499 0.0000000000
86027  24.643  18.544  -57.462 0.0000000000
86976  26.324  19.077  -57.731 0.0000000000
143982  25.613  18.693  -57.376 0.0000000000
85065  25.523  18.069  -56.873 0.0000000000
85059  25.955  17.452  -56.472 0.0000000000
131964  25.498  16.842  -56.286 0.0000000000
85057  27.412  17.563  -56.893 0.0000000000
84126  26.394  16.833  -56.140 0.0000000000
84120  25.818  16.077  -55.811 0.0000000000
83147  25.549  15.160  -55.538 0.0000000000
82168  25.192  14.213  -55.387 0.0000000000
82156  25.946  13.869  -54.844 0.0000000000
82155  26.683  14.161  -54.829 0.0000000000
130288  27.958  14.375  -55.178 0.0000000000
81210  28.553  14.226  -55.596 0.0000000000
83151  28.968  15.182  -57.057 0.0000000000
82179  29.242  14.383  -57.005 0.0000000000
81209  29.148  13.833  -56.208 0.0000000000
81221  29.433  13.575  -57.114 0.0000000000
80369  29.495  12.520  -58.436 0.0000000000
61399  25.536  -6.021  -47.604 0.0000000000
61398  26.171  -5.807  -47.457 0.0000000000
63514  25.607  -3.737  -49.329 0.0000000000
64559  26.964  -3.343  -49.898 0.0000000000
63513  26.482  -3.880  -49.480 0.0000000000
62524  26.033  -4.461  -49.089 0.0000000000
62510  26.343  -4.942  -48.618 0.0000000000
128025  26.571  -5.228  -47.914 0.0000000000
67800  29.562  -0.177  -51.926 0.0000000000
68858  30.570  0.053  -53.131 0.0000000000
67822  30.078  -0.184  -52.487 0.0000000000
145634  29.860  -0.400  -51.821 0.0000000000
66645  30.014  -0.710  -51.301 0.0000000000
69910  30.608  1.148  -54.220 0.0000000000
71003  25.622  3.271  -52.580 0.0000000000
73172  30.971  5.158  -55.020 0.0000000000
73173  30.702  5.667  -54.479 0.0000000000
74186  27.658  6.367  -52.741 0.0000000000
74209  30.648  6.542  -54.528 0.0000000000
75224  26.289  6.557  -53.187 0.0000000000
75235  28.460  7.869  -53.219 0.0000000000
75255  30.828  7.577  -55.420 0.0000000000
75274  30.671  7.322  -57.985 0.0000000000
76358  26.866  8.248  -53.417 0.0000000000
76365  30.003  8.940  -54.313 0.0000000000
77366  28.538  10.144  -53.780 0.0000000000
79375  27.778  12.158  -54.353 0.0000000000
80329  26.412  12.640  -54.488 0.0000000000
80338  29.183  13.131  -55.832 0.0000000000
81183  27.561  13.341  -54.675 0.0000000000
81198  27.418  13.974  -54.845 0.0000000000
81230  29.432  14.068  -58.436 0.0000000000
82157  25.332  13.475  -55.104 0.0000000000
82166  27.211  14.785  -55.122 0.0000000000
82203  29.159  15.514  -58.774 0.0000000000
82218  28.973  14.496  -59.795 0.0000000000
83180  28.971  15.756  -59.386 0.0000000000
84125  28.199  16.365  -56.663 0.0000000000
84128  24.029  16.342  -56.710 0.0000000000
85056  28.018  17.117  -57.001 0.0000000000
85064  27.860  17.757  -57.402 0.0000000000
86018  26.889  18.035  -56.946 0.0000000000
86023  28.060  18.306  -58.482 0.0000000000
86024  27.651  18.414  -57.795 0.0000000000
86025  27.006  18.556  -57.406 0.0000000000
86043  27.941  18.763  -59.263 0.0000000000
86977  25.240  19.287  -57.841 0.0000000000
127008  29.494  13.377  -57.983 0.0000000000
133405  29.639  12.190  -56.815 0.0000000000
140947  25.254  17.423  -56.602 0.0000000000
141385  23.312  16.094  -57.062 0.0000000000
142973  29.106  11.501  -54.704 0.0000000000
143906  28.216  1.692  -51.494 0.0000000000
146030  27.616  19.337  -59.753 0.0000000000
146392  28.251  4.641  -52.297 0.0000000000
152179  30.635  8.594  -56.633 0.0000000000
153789  30.243  9.745  -57.507 0.0000000000
155833  27.489  0.745  -51.170 0.0000000000
